#Insight Transform File V1.0
#Transform 0
Transform: AffineTransform_float_3_3
Parameters: 1 0.000117154 5.79887e-05 -0.000117868 0.999996 0.00289074 -5.81953e-05 -0.00289073 0.999996 -0.0121313 -0.0923651 0.0369823
FixedParameters: 0 0 0

#Transform 1
Transform: AffineTransform_float_3_3
Parameters: 1 -9.08753e-05 0.000132408 9.02836e-05 0.999996 0.00287246 -0.000132979 -0.00287244 0.999996 -0.00460022 -0.08846 0.0345993
FixedParameters: 0 0 0

#Transform 2
Transform: AffineTransform_float_3_3
Parameters: 1 0.000400963 0.000290391 -0.00040145 0.999997 0.00250281 -0.000288969 -0.00250302 0.999997 -0.0249593 -0.0694709 0.0106519
FixedParameters: 0 0 0

#Transform 3
Transform: AffineTransform_float_3_3
Parameters: 1 0.000343386 0.000331676 -0.000343909 0.999997 0.0021792 -0.000330752 -0.00217941 0.999997 -0.0238714 -0.0663818 0.0156874
FixedParameters: 0 0 0

#Transform 4
Transform: AffineTransform_float_3_3
Parameters: 1 0.000211055 0.000348234 -0.000211634 0.999997 0.00215371 -0.000347897 -0.00215384 0.999997 -0.0193751 -0.0862071 -0.0142209
FixedParameters: 0 0 0

#Transform 5
Transform: AffineTransform_float_3_3
Parameters: 0.999999 0.000776744 0.000431534 -0.000776999 0.999999 0.00133362 -0.000430009 -0.00133388 0.999999 -0.0288521 -0.0573956 0.0457333
FixedParameters: 0 0 0

#Transform 6
Transform: AffineTransform_float_3_3
Parameters: 1 0.000546265 0.000379644 -0.000546597 0.999999 0.00167439 -0.000378374 -0.00167439 0.999999 -0.0235286 -0.0500039 0.0381002
FixedParameters: 0 0 0

#Transform 7
Transform: AffineTransform_float_3_3
Parameters: 1 0.000540317 0.000359641 -0.000540618 0.999999 0.00167532 -0.000358366 -0.00167438 0.999998 -0.0180739 -0.0564794 0.0250375
FixedParameters: 0 0 0

#Transform 8
Transform: AffineTransform_float_3_3
Parameters: 1 0.0005986 0.000225923 -0.000599004 0.999999 0.00167787 -0.000225286 -0.0016768 0.999998 -0.0153228 -0.0695267 -0.0157329
FixedParameters: 0 0 0

#Transform 9
Transform: AffineTransform_float_3_3
Parameters: 1 -0.000112708 0.000103653 0.000112318 0.999997 0.00249412 -0.000104252 -0.00249409 0.999997 0.0054236 -0.0738262 -0.0948554
FixedParameters: 0 0 0

#Transform 10
Transform: AffineTransform_float_3_3
Parameters: 0.999999 -0.00034579 0.000755896 0.000343789 0.999997 0.00232186 -0.000757248 -0.00232134 0.999997 -0.00604357 -0.033479 -0.0740131
FixedParameters: 0 0 0

#Transform 11
Transform: AffineTransform_float_3_3
Parameters: 0.999999 -9.45707e-05 0.000803448 9.28337e-05 0.999998 0.00199501 -0.000803561 -0.00199486 0.999997 -0.019157 -0.0901982 -0.00073368
FixedParameters: 0 0 0

#Transform 12
Transform: AffineTransform_float_3_3
Parameters: 1 -4.92928e-05 0.000500903 4.8685e-05 0.999998 0.00207316 -0.000500844 -0.00207311 0.999997 -0.0122957 -0.127556 0.00646079
FixedParameters: 0 0 0

#Transform 13
Transform: AffineTransform_float_3_3
Parameters: 1 -0.000314585 0.000199973 0.00031422 0.999996 0.0026004 -0.00020081 -0.00260029 0.999996 0.0080383 -0.0675868 -0.0754181
FixedParameters: 0 0 0

#Transform 14
Transform: AffineTransform_float_3_3
Parameters: 1 -0.000251091 -0.000213008 0.000251296 1 0.000480189 0.000212767 -0.000480296 1 0.0184711 0.0463403 -0.148975
FixedParameters: 0 0 0

#Transform 15
Transform: AffineTransform_float_3_3
Parameters: 1 0.000443579 0.000231754 -0.000444012 0.999999 0.000935399 -0.000230924 -0.000935604 0.999999 -0.0167933 0.0560069 -0.0355408
FixedParameters: 0 0 0

#Transform 16
Transform: AffineTransform_float_3_3
Parameters: 1 0.000506702 -0.000341475 -0.000506954 0.999998 -0.00215574 0.000340913 0.00215514 0.999998 -0.0082434 0.101319 0.0967832
FixedParameters: 0 0 0

#Transform 17
Transform: AffineTransform_float_3_3
Parameters: 1 0.000491019 -0.00033923 -0.000490747 1 -0.000407786 0.000339666 0.000408105 1 -0.00604308 -0.0225913 0.121207
FixedParameters: 0 0 0

#Transform 18
Transform: AffineTransform_float_3_3
Parameters: 0.999999 0.000776226 -0.000354365 -0.000775938 0.999999 0.000406062 0.000354995 -0.000405512 1 0.00466239 -0.0200965 0.0720954
FixedParameters: 0 0 0

#Transform 19
Transform: AffineTransform_float_3_3
Parameters: 1 -0.000317881 -2.60169e-05 0.000317893 1 0.000226601 2.58728e-05 -0.000226618 1 0.0148587 -0.0789841 -0.0193685
FixedParameters: 0 0 0

#Transform 20
Transform: AffineTransform_float_3_3
Parameters: 1 -0.000647033 -0.000250956 0.000648228 0.999999 0.00120255 0.000250221 -0.00120289 0.999999 0.00908534 -0.0258218 0.0311289
FixedParameters: 0 0 0

#Transform 21
Transform: AffineTransform_float_3_3
Parameters: 1 -8.31888e-05 -0.000127175 8.31777e-05 1 -4.3784e-05 0.000127182 4.37628e-05 1 0.0153478 0.0749489 -0.102086
FixedParameters: 0 0 0

#Transform 22
Transform: AffineTransform_float_3_3
Parameters: 1 -0.000118503 -0.000187982 0.000118254 1 -0.000663428 0.000188139 0.000663384 1 0.0142026 0.084892 -0.162437
FixedParameters: 0 0 0

#Transform 23
Transform: AffineTransform_float_3_3
Parameters: 1 -0.000146952 -0.000212061 0.000147436 1 0.00103968 0.000211742 -0.00103974 1 0.016239 0.0510584 -0.0577136
FixedParameters: 0 0 0

#Transform 24
Transform: AffineTransform_float_3_3
Parameters: 1 -0.000300235 -9.92406e-05 0.000299746 0.999999 0.00152934 9.88591e-05 -0.00152942 0.999999 0.00994503 0.0367097 -0.038255
FixedParameters: 0 0 0

#Transform 25
Transform: AffineTransform_float_3_3
Parameters: 1 0.000492063 -0.000249279 -0.000491888 0.999999 0.0013647 0.000249774 -0.00136444 0.999999 0.020671 -0.00509615 0.00579793
FixedParameters: 0 0 0

#Transform 26
Transform: AffineTransform_float_3_3
Parameters: 0.999999 0.000442046 -0.000616488 -0.000441625 1 0.000341737 0.00061679 -0.000341192 1 0.0179964 -0.00244696 0.085983
FixedParameters: 0 0 0

#Transform 27
Transform: AffineTransform_float_3_3
Parameters: 1 0.000503557 -0.000297435 -0.00050325 0.999999 0.00136568 0.000297961 -0.00136537 0.999999 0.00687173 -0.0310935 0.0425361
FixedParameters: 0 0 0

#Transform 28
Transform: AffineTransform_float_3_3
Parameters: 1 0.000226649 -0.000157069 -0.000225818 0.999998 0.00223253 0.000158041 -0.00223246 0.999998 0.000938335 -0.0726886 0.0232942
FixedParameters: 0 0 0

#Transform 29
Transform: AffineTransform_float_3_3
Parameters: 1 -6.78708e-05 6.15757e-05 6.77163e-05 0.999998 0.0019426 -6.18642e-05 -0.00194259 0.999998 0.0041794 0.0658571 -0.115652
FixedParameters: 0 0 0

#Transform 30
Transform: AffineTransform_float_3_3
Parameters: 1 -0.00029237 0.000130188 0.000292011 0.999999 0.00153947 -0.000131101 -0.00153939 0.999999 0.0026664 0.0189525 -0.0590717
FixedParameters: 0 0 0

#Transform 31
Transform: AffineTransform_float_3_3
Parameters: 1 -6.34455e-05 -9.11926e-05 6.35309e-05 1 0.000468455 9.11331e-05 -0.000468467 1 0.00992077 0.0625015 -0.155731
FixedParameters: 0 0 0

#Transform 32
Transform: AffineTransform_float_3_3
Parameters: 1 -0.000153419 -0.000227372 0.000153671 1 0.000553918 0.000227202 -0.000553988 1 0.0208997 0.0740386 -0.220459
FixedParameters: 0 0 0

#Transform 33
Transform: AffineTransform_float_3_3
Parameters: 1 -0.000172705 -0.000254098 0.000173108 0.999999 0.000792659 0.000253824 -0.000792747 0.999999 0.0213115 0.0599883 -0.239706
FixedParameters: 0 0 0

#Transform 34
Transform: AffineTransform_float_3_3
Parameters: 1 -0.000309895 -7.11355e-05 0.000310692 0.999999 0.0014448 7.1062e-05 -0.00144486 0.999999 0.0197692 0.0165994 -0.160745
FixedParameters: 0 0 0

#Transform 35
Transform: AffineTransform_float_3_3
Parameters: 1 -0.000243966 -0.000159085 0.000244011 0.999997 0.00236746 0.000158441 -0.00236756 0.999997 0.0172359 0.00302787 -0.113059
FixedParameters: 0 0 0

#Transform 36
Transform: AffineTransform_float_3_3
Parameters: 1 -0.00015776 -0.000116136 0.000158448 0.999997 0.00241905 0.000115333 -0.00241908 0.999997 0.0169413 -0.00533337 -0.165554
FixedParameters: 0 0 0

#Transform 37
Transform: AffineTransform_float_3_3
Parameters: 1 -0.000408541 0.000121219 0.000407766 0.999996 0.00253863 -0.000121945 -0.00253857 0.999997 0.02066 0.0183851 -0.233161
FixedParameters: 0 0 0

#Transform 38
Transform: AffineTransform_float_3_3
Parameters: 1 -0.000530507 5.78603e-05 0.000530964 0.999999 0.00115941 -5.82679e-05 -0.00115936 1 0.017272 0.0385754 -0.11605
FixedParameters: 0 0 0

#Transform 39
Transform: AffineTransform_float_3_3
Parameters: 1 0.00035809 1.38177e-05 -0.000358084 0.999999 0.0013948 -1.28313e-05 -0.00139481 0.999999 -0.00256311 0.0164731 -0.0323408
FixedParameters: 0 0 0

#Transform 40
Transform: AffineTransform_float_3_3
Parameters: 1 -0.000225324 -0.000333398 0.000225911 0.999999 0.000879672 0.000333001 -0.000879822 0.999999 0.0213833 0.0496467 -0.033512
FixedParameters: 0 0 0

#Transform 41
Transform: AffineTransform_float_3_3
Parameters: 1 -0.000344477 -0.000360224 0.000344983 0.999999 0.0007029 0.000359739 -0.000703149 0.999999 0.0213544 0.0528221 -0.0692101
FixedParameters: 0 0 0

#Transform 42
Transform: AffineTransform_float_3_3
Parameters: 1 -0.000228386 -0.000342259 0.000228728 1 0.000499785 0.000342031 -0.000499941 1 0.0258012 0.0662409 -0.0971786
FixedParameters: 0 0 0

#Transform 43
Transform: AffineTransform_float_3_3
Parameters: 1 -0.000296299 -0.000449111 0.00029647 1 0.000191362 0.000448997 -0.000191628 1 0.0276714 0.0651381 -0.108581
FixedParameters: 0 0 0

#Transform 44
Transform: AffineTransform_float_3_3
Parameters: 1 -0.000298257 -0.000449958 0.000298608 1 0.000389439 0.000449726 -0.000389708 1 0.0290704 0.0608666 -0.114702
FixedParameters: 0 0 0

#Transform 45
Transform: AffineTransform_float_3_3
Parameters: 1 -0.000268619 -0.000507035 0.000268687 0.999999 0.000884045 0.00050712 -0.000883416 1 0.0383303 0.050953 -0.102228
FixedParameters: 0 0 0

#Transform 46
Transform: AffineTransform_float_3_3
Parameters: 0.999999 0.000443629 -0.000765275 -0.000443115 1 0.000681898 0.000765007 -0.000682519 1 0.0385612 0.0588117 -0.0880077
FixedParameters: 0 0 0

#Transform 47
Transform: AffineTransform_float_3_3
Parameters: 1 -0.000246278 -0.000518633 0.000247409 1 0.00104975 0.000518102 -0.00105 1 0.0393801 0.0615564 -0.103026
FixedParameters: 0 0 0

#Transform 48
Transform: AffineTransform_float_3_3
Parameters: 0.999999 0.000359693 -0.000760507 -0.000358416 1 0.000815993 0.00076107 -0.000816364 0.999999 0.0362114 0.0626369 -0.0977087
FixedParameters: 0 0 0

#Transform 49
Transform: AffineTransform_float_3_3
Parameters: 0.999999 0.000364544 -0.000773093 -0.000363253 0.999999 0.000822543 0.000773654 -0.000823294 0.999999 0.0379114 0.0698809 -0.0832665
FixedParameters: 0 0 0

#Transform 50
Transform: AffineTransform_float_3_3
Parameters: 0.999999 0.000373789 -0.000769638 -0.000373249 1 0.000684077 0.00076929 -0.000684405 0.999999 0.038026 0.0610811 -0.0973097
FixedParameters: 0 0 0

#Transform 51
Transform: AffineTransform_float_3_3
Parameters: 0.999999 -0.000254011 -0.000835151 0.000255469 0.999999 0.000868881 0.000834719 -0.000868389 0.999999 0.0384207 0.0879604 -0.0621762
FixedParameters: 0 0 0

#Transform 52
Transform: AffineTransform_float_3_3
Parameters: 1 0.000405991 -0.00113771 -0.000406135 1 0.000547865 0.00113786 -0.000547861 0.999999 0.0399183 0.0662556 -0.0054198
FixedParameters: 0 0 0

#Transform 53
Transform: AffineTransform_float_3_3
Parameters: 1 0.000493159 -0.000852685 -0.000492064 0.999999 0.00145289 0.000853829 -0.00145205 0.999998 0.0373086 0.00664375 -0.000116615
FixedParameters: 0 0 0

#Transform 54
Transform: AffineTransform_float_3_3
Parameters: 0.999999 0.000439442 -0.000887211 -0.000438111 0.999998 0.00180032 0.000887629 -0.00179993 0.999998 0.0294118 -0.00444414 0.0162651
FixedParameters: 0 0 0

#Transform 55
Transform: AffineTransform_float_3_3
Parameters: 0.999999 0.000351641 -0.000774018 -0.000350587 0.999998 0.00187405 0.000774186 -0.0018735 0.999998 0.033919 -0.0185276 -0.00526486
FixedParameters: 0 0 0

#Transform 56
Transform: AffineTransform_float_3_3
Parameters: 1 0.000217657 -0.00060291 -0.000216539 0.999998 0.00200313 0.000603467 -0.00200287 0.999998 0.033003 0.0291322 -0.144292
FixedParameters: 0 0 0

#Transform 57
Transform: AffineTransform_float_3_3
Parameters: 1 -0.000315255 -0.000248932 0.000316024 0.999999 0.00146157 0.000247997 -0.00146173 0.999999 0.0299418 0.00343699 -0.0808422
FixedParameters: 0 0 0

#Transform 58
Transform: AffineTransform_float_3_3
Parameters: 1 0.000132824 -0.000599121 -0.000131733 0.999999 0.00134767 0.000598615 -0.00134789 0.999999 0.0168117 0.0499666 -0.0837653
FixedParameters: 0 0 0

#Transform 59
Transform: AffineTransform_float_3_3
Parameters: 1 0.000197742 -0.000467156 -0.000197009 0.999999 0.00134446 0.000466824 -0.00134466 0.999999 0.029384 0.0552006 -0.115282
FixedParameters: 0 0 0

#Transform 60
Transform: AffineTransform_float_3_3
Parameters: 1 -0.000271179 -0.000300573 0.000271349 0.999998 0.00160042 0.000300241 -0.0016006 0.999998 0.0287584 0.0629971 -0.161459
FixedParameters: 0 0 0

#Transform 61
Transform: AffineTransform_float_3_3
Parameters: 1 -0.000177761 -0.000192497 0.000178526 0.999999 0.00176763 0.000191842 -0.00176769 0.999999 0.0208296 0.0567886 -0.192794
FixedParameters: 0 0 0

#Transform 62
Transform: AffineTransform_float_3_3
Parameters: 1 -0.000344824 -0.00025476 0.000345673 0.999999 0.00155259 0.00025369 -0.00155237 0.999998 0.0259234 0.066481 -0.180857
FixedParameters: 0 0 0

#Transform 63
Transform: AffineTransform_float_3_3
Parameters: 1 -0.000371113 -0.000360129 0.000371352 0.999999 0.00143323 0.000359601 -0.00143351 0.999999 0.0271642 0.0311442 -0.142477
FixedParameters: 0 0 0

#Transform 64
Transform: AffineTransform_float_3_3
Parameters: 1 0.000390433 -0.00103225 -0.000388109 0.999997 0.00242359 0.00103354 -0.00242279 0.999996 0.036739 -0.0945384 -0.103997
FixedParameters: 0 0 0

#Transform 65
Transform: AffineTransform_float_3_3
Parameters: 1 -0.000346718 -0.000521254 0.000347018 1 0.000287194 0.000521055 -0.000287556 1 0.0397662 0.140568 -0.176256
FixedParameters: 0 0 0

#Transform 66
Transform: AffineTransform_float_3_3
Parameters: 1 -0.00022616 -0.000616158 0.000226332 1 0.000139467 0.000616095 -0.000139746 1 0.046856 0.0908411 -0.122941
FixedParameters: 0 0 0

#Transform 67
Transform: AffineTransform_float_3_3
Parameters: 0.999999 -0.00015022 -0.000703311 0.000150341 1 8.58699e-05 0.000703285 -8.60813e-05 0.999999 0.0510144 0.0890012 -0.117612
FixedParameters: 0 0 0

#Transform 68
Transform: AffineTransform_float_3_3
Parameters: 0.999999 -0.000239528 -0.000705939 0.000239701 1 0.000122433 0.000705881 -0.000122772 0.999999 0.0499942 0.0659023 -0.119855
FixedParameters: 0 0 0

#Transform 69
Transform: AffineTransform_float_3_3
Parameters: 0.999999 -0.000349393 -0.000824098 0.000349592 1 0.000120527 0.000824014 -0.000121103 0.999999 0.0522335 0.0508584 -0.196014
FixedParameters: 0 0 0

#Transform 70
Transform: AffineTransform_float_3_3
Parameters: 0.999999 -0.000201962 -0.000852357 0.000201639 1 -0.000189758 0.000852434 0.000189414 0.999999 0.0543479 0.0519822 -0.258187
FixedParameters: 0 0 0

#Transform 71
Transform: AffineTransform_float_3_3
Parameters: 0.999999 -0.000242564 -0.000906839 0.000242734 1 -0.000366427 0.000906468 0.000366004 0.999999 0.0581638 0.0548186 -0.290403
FixedParameters: 0 0 0

#Transform 72
Transform: AffineTransform_float_3_3
Parameters: 1 -0.000183509 -0.000961547 0.000181611 1 -0.000978444 0.00096189 0.000977696 1 0.0571982 0.051335 -0.304021
FixedParameters: 0 0 0

#Transform 73
Transform: AffineTransform_float_3_3
Parameters: 0.999999 -0.000127609 -0.000860345 0.000126186 0.999999 -0.00133727 0.000860123 0.00133707 0.999998 0.0560537 0.115682 -0.281798
FixedParameters: 0 0 0

#Transform 74
Transform: AffineTransform_float_3_3
Parameters: 0.999999 -0.000188355 -0.000851253 0.000188022 0.999999 -0.000680213 0.000850957 0.00068043 1 0.0554619 0.101885 -0.289653
FixedParameters: 0 0 0

#Transform 75
Transform: AffineTransform_float_3_3
Parameters: 0.999999 -0.000277048 -0.000914917 0.000275901 0.999998 -0.0015576 0.000914665 0.00155765 0.999999 0.0598167 0.143755 -0.303834
FixedParameters: 0 0 0

#Transform 76
Transform: AffineTransform_float_3_3
Parameters: 0.999999 -0.00027222 -0.000987543 0.000270013 0.999998 -0.0015561 0.000987822 0.0015561 0.999999 0.0669229 0.142969 -0.334115
FixedParameters: 0 0 0

#Transform 77
Transform: AffineTransform_float_3_3
Parameters: 1 -0.000401268 -0.00106293 0.000398987 0.999998 -0.00187867 0.00106332 0.00187785 0.999997 0.0772294 0.145549 -0.347413
FixedParameters: 0 0 0

#Transform 78
Transform: AffineTransform_float_3_3
Parameters: 1 -0.000475226 -0.00105536 0.000472547 0.999998 -0.00208303 0.00105623 0.00208298 0.999997 0.0771521 0.135379 -0.339494
FixedParameters: 0 0 0

#Transform 79
Transform: AffineTransform_float_3_3
Parameters: 1 -0.000510845 -0.00103751 0.000508842 0.999998 -0.0017906 0.00103823 0.00178957 0.999998 0.0759279 0.114706 -0.320819
FixedParameters: 0 0 0

#Transform 80
Transform: AffineTransform_float_3_3
Parameters: 1 -0.000523253 -0.000966751 0.000521615 0.999999 -0.00173299 0.000967451 0.00173202 0.999998 0.0742192 0.116331 -0.315068
FixedParameters: 0 0 0

#Transform 81
Transform: AffineTransform_float_3_3
Parameters: 1 -0.000516338 -0.000979198 0.000514751 0.999998 -0.00166629 0.000979829 0.00166624 0.999998 0.0742474 0.0903808 -0.341299
FixedParameters: 0 0 0

#Transform 82
Transform: AffineTransform_float_3_3
Parameters: 0.999999 -0.000698296 -0.000726864 0.000696768 0.999998 -0.00188104 0.000727529 0.00188008 0.999998 0.0670141 0.0971011 -0.379973
FixedParameters: 0 0 0

#Transform 83
Transform: AffineTransform_float_3_3
Parameters: 0.999998 -0.000733416 -0.00146474 0.000729585 0.999997 -0.00267936 0.00146727 0.00267819 0.999995 0.110439 0.262258 -0.433055
FixedParameters: 0 0 0

#Transform 84
Transform: AffineTransform_float_3_3
Parameters: 0.999999 -0.000808809 -0.00119685 0.00080579 0.999998 -0.00197834 0.00119894 0.00197736 0.999997 0.102172 0.253233 -0.447613
FixedParameters: 0 0 0

#Transform 85
Transform: AffineTransform_float_3_3
Parameters: 0.999998 -0.000979358 -0.00138676 0.000977747 0.999998 -0.00180885 0.00138812 0.00180752 0.999997 0.109128 0.256727 -0.363919
FixedParameters: 0 0 0

#Transform 86
Transform: AffineTransform_float_3_3
Parameters: 1 -0.000347281 -0.00118425 0.000344293 0.999997 -0.00222619 0.00118548 0.00222499 0.999997 0.0678371 0.150447 -0.137149
FixedParameters: 0 0 0

#Transform 87
Transform: AffineTransform_float_3_3
Parameters: 1 -0.000466516 -0.00114466 0.000463708 0.999998 -0.00197718 0.0011454 0.00197707 0.999997 0.0649502 0.124287 -0.139045
FixedParameters: 0 0 0

#Transform 88
Transform: AffineTransform_float_3_3
Parameters: 1 -0.000676088 -0.000996355 0.000672789 0.999996 -0.00299486 0.000998697 0.00299356 0.999995 0.0709199 0.131937 -0.211542
FixedParameters: 0 0 0

#Transform 89
Transform: AffineTransform_float_3_3
Parameters: 0.999999 -0.000784138 -0.00119014 0.000780047 0.999995 -0.00333291 0.00119172 0.00333207 0.999994 0.0842905 0.114054 -0.212589
FixedParameters: 0 0 0

#Transform 90
Transform: AffineTransform_float_3_3
Parameters: 0.999998 -0.00097762 -0.00138247 0.00097402 0.999996 -0.00286673 0.00138532 0.00286635 0.999995 0.0871914 0.112509 -0.141581
FixedParameters: 0 0 0

#Transform 91
Transform: AffineTransform_float_3_3
Parameters: 0.999998 -0.00105765 -0.00156495 0.00105468 0.999998 -0.00175254 0.00156701 0.0017502 0.999997 0.0900379 0.060238 -0.0753657
FixedParameters: 0 0 0

#Transform 92
Transform: AffineTransform_float_3_3
Parameters: 0.999998 -0.00109335 -0.00136355 0.00109207 0.999999 -0.00140021 0.001365 0.00139951 0.999998 0.0791676 0.0606469 -0.083238
FixedParameters: 0 0 0

#Transform 93
Transform: AffineTransform_float_3_3
Parameters: 0.999998 -0.00119841 -0.00159451 0.0011962 0.999998 -0.00147605 0.00159644 0.00147452 0.999997 0.0851459 0.0624615 -0.115474
FixedParameters: 0 0 0

#Transform 94
Transform: AffineTransform_float_3_3
Parameters: 0.999998 -0.00117806 -0.00156362 0.00117593 0.999998 -0.00147677 0.0015655 0.00147537 0.999997 0.0903092 0.0869919 -0.154496
FixedParameters: 0 0 0

#Transform 95
Transform: AffineTransform_float_3_3
Parameters: 0.999997 -0.0013159 -0.00178412 0.00131215 0.999997 -0.00199251 0.00178718 0.00198972 0.999996 0.106238 0.0993423 -0.181777
FixedParameters: 0 0 0

#Transform 96
Transform: AffineTransform_float_3_3
Parameters: 0.999997 -0.00133999 -0.00174337 0.00133686 0.999997 -0.00209878 0.00174627 0.00209695 0.999997 0.106077 0.112419 -0.193756
FixedParameters: 0 0 0

#Transform 97
Transform: AffineTransform_float_3_3
Parameters: 0.999997 -0.001358 -0.0017851 0.00135475 0.999997 -0.00208716 0.00178807 0.00208555 0.999996 0.108591 0.112719 -0.180362
FixedParameters: 0 0 0

#Transform 98
Transform: AffineTransform_float_3_3
Parameters: 0.999997 -0.00136469 -0.00175935 0.00136134 0.999996 -0.00214336 0.00176248 0.00214139 0.999996 0.104391 0.108513 -0.178232
FixedParameters: 0 0 0

#Transform 99
Transform: AffineTransform_float_3_3
Parameters: 0.999997 -0.00138141 -0.00164525 0.00137839 0.999996 -0.00219057 0.00164858 0.00218886 0.999997 0.0984628 0.103807 -0.184944
FixedParameters: 0 0 0

#Transform 100
Transform: AffineTransform_float_3_3
Parameters: 0.999997 -0.00139711 -0.00164062 0.00139379 0.999997 -0.00203832 0.00164415 0.00203603 0.999996 0.0989427 0.100303 -0.171386
FixedParameters: 0 0 0

#Transform 101
Transform: AffineTransform_float_3_3
Parameters: 0.999997 -0.00145883 -0.00159191 0.00145596 0.999997 -0.00195898 0.00159546 0.00195663 0.999997 0.0990694 0.0971772 -0.166512
FixedParameters: 0 0 0

#Transform 102
Transform: AffineTransform_float_3_3
Parameters: 0.999997 -0.00147932 -0.00162255 0.00147596 0.999997 -0.00190426 0.00162518 0.00190178 0.999997 0.103369 0.0918297 -0.164163
FixedParameters: 0 0 0

#Transform 103
Transform: AffineTransform_float_3_3
Parameters: 0.999997 -0.00148958 -0.00163682 0.0014867 0.999998 -0.0017399 0.001639 0.00173734 0.999997 0.105744 0.0778231 -0.166286
FixedParameters: 0 0 0

#Transform 104
Transform: AffineTransform_float_3_3
Parameters: 0.999997 -0.00153057 -0.00170081 0.00152666 0.999997 -0.00197749 0.00170386 0.0019746 0.999996 0.103304 0.084357 -0.157392
FixedParameters: 0 0 0

#Transform 105
Transform: AffineTransform_float_3_3
Parameters: 0.999998 -0.0015377 -0.00171101 0.00153397 0.999997 -0.00190224 0.00171387 0.00189929 0.999996 0.102897 0.0846264 -0.151983
FixedParameters: 0 0 0

#Transform 106
Transform: AffineTransform_float_3_3
Parameters: 0.999998 -0.0014658 -0.00177998 0.00146179 0.999997 -0.0019009 0.00178254 0.0018976 0.999997 0.106299 0.0858243 -0.158801
FixedParameters: 0 0 0

#Transform 107
Transform: AffineTransform_float_3_3
Parameters: 0.999998 -0.00156553 -0.00175399 0.00156126 0.999996 -0.00200652 0.00175728 0.00200387 0.999997 0.109372 0.101755 -0.147831
FixedParameters: 0 0 0

#Transform 108
Transform: AffineTransform_float_3_3
Parameters: 0.999997 -0.00148936 -0.00163842 0.00148566 0.999997 -0.00198892 0.00164134 0.00198635 0.999996 0.0992506 0.098651 -0.152415
FixedParameters: 0 0 0

#Transform 109
Transform: AffineTransform_float_3_3
Parameters: 0.999998 -0.00156696 -0.00159282 0.0015633 0.999996 -0.00202046 0.00159615 0.00201779 0.999996 0.099667 0.0885133 -0.16419
FixedParameters: 0 0 0

#Transform 110
Transform: AffineTransform_float_3_3
Parameters: 0.999998 -0.00158688 -0.00161163 0.00158419 0.999997 -0.00195698 0.0016143 0.0019542 0.999996 0.103267 0.0883006 -0.176583
FixedParameters: 0 0 0

#Transform 111
Transform: AffineTransform_float_3_3
Parameters: 0.999998 -0.0015925 -0.00162337 0.0015891 0.999997 -0.00190371 0.00162644 0.00190086 0.999997 0.105363 0.0959171 -0.184605
FixedParameters: 0 0 0

#Transform 112
Transform: AffineTransform_float_3_3
Parameters: 0.999997 -0.0015162 -0.00167847 0.00151264 0.999997 -0.00190298 0.00168123 0.00190021 0.999996 0.112088 0.0692438 -0.19436
FixedParameters: 0 0 0

#Transform 113
Transform: AffineTransform_float_3_3
Parameters: 0.999998 -0.00155816 -0.00174316 0.00155464 0.999997 -0.00205008 0.00174602 0.00204789 0.999996 0.108033 0.0641246 -0.242848
FixedParameters: 0 0 0

#Transform 114
Transform: AffineTransform_float_3_3
Parameters: 0.999998 -0.00126515 -0.00194118 0.00126268 0.999998 -0.00148102 0.00194278 0.00147893 0.999997 0.111214 0.0258558 -0.242559
FixedParameters: 0 0 0

#Transform 115
Transform: AffineTransform_float_3_3
Parameters: 0.999998 -0.00119549 -0.00169765 0.00119215 0.999997 -0.0019708 0.00170018 0.00196864 0.999997 0.0984324 0.162106 -0.248519
FixedParameters: 0 0 0

#Transform 116
Transform: AffineTransform_float_3_3
Parameters: 0.999996 -0.000886538 -0.00300087 0.000869116 0.999981 -0.00604666 0.00300644 0.00604409 0.999978 0.108742 0.14068 -0.0664715
FixedParameters: 0 0 0

#Transform 117
Transform: AffineTransform_float_3_3
Parameters: 0.999995 0.000206313 -0.00299925 -0.000222128 0.999988 -0.00505927 0.00299838 0.00505994 0.999983 0.0755032 0.105658 -0.055436
FixedParameters: 0 0 0

#Transform 118
Transform: AffineTransform_float_3_3
Parameters: 0.999997 -0.000114252 -0.00254031 0.00010275 0.999989 -0.00462212 0.00254069 0.00462138 0.999986 0.0723168 0.115398 -0.0667282
FixedParameters: 0 0 0

#Transform 119
Transform: AffineTransform_float_3_3
Parameters: 0.999996 -0.000276976 -0.00269552 0.000265449 0.999991 -0.00418966 0.00269776 0.00418891 0.999988 0.0812011 0.104095 -0.0553125
FixedParameters: 0 0 0

#Transform 120
Transform: AffineTransform_float_3_3
Parameters: 0.999997 -0.000854944 -0.0023312 0.000846178 0.999991 -0.00394778 0.00233404 0.00394591 0.99999 0.0943568 0.0787991 -0.0517473
FixedParameters: 0 0 0

#Transform 121
Transform: AffineTransform_float_3_3
Parameters: 0.999997 -0.000912295 -0.00214541 0.000903143 0.999992 -0.00407914 0.00214863 0.00407682 0.99999 0.0898331 0.0972937 -0.0693187
FixedParameters: 0 0 0

#Transform 122
Transform: AffineTransform_float_3_3
Parameters: 0.999997 -0.000924828 -0.00198889 0.000916878 0.999992 -0.00410159 0.00199227 0.0040999 0.99999 0.085872 0.0945723 -0.0588842
FixedParameters: 0 0 0

#Transform 123
Transform: AffineTransform_float_3_3
Parameters: 0.999997 -0.000895467 -0.00201556 0.00088675 0.99999 -0.00437893 0.00202 0.0043769 0.999989 0.091385 0.0960764 -0.0647872
FixedParameters: 0 0 0

#Transform 124
Transform: AffineTransform_float_3_3
Parameters: 0.999997 -0.000900876 -0.00201846 0.000891179 0.999989 -0.00462921 0.0020234 0.00462755 0.999987 0.0955207 0.108976 -0.0674514
FixedParameters: 0 0 0

#Transform 125
Transform: AffineTransform_float_3_3
Parameters: 0.999998 -0.000915612 -0.0019369 0.000906433 0.999989 -0.0045455 0.00194097 0.00454354 0.999988 0.0938564 0.122071 -0.0735042
FixedParameters: 0 0 0

#Transform 126
Transform: AffineTransform_float_3_3
Parameters: 0.999997 -0.000931934 -0.00199596 0.000922175 0.999989 -0.00455622 0.0020002 0.00455409 0.999988 0.0961698 0.146404 -0.073754
FixedParameters: 0 0 0

#Transform 127
Transform: AffineTransform_float_3_3
Parameters: 0.999997 -0.000895106 -0.00202247 0.000886166 0.999989 -0.00463585 0.0020268 0.00463382 0.999987 0.0941228 0.147992 -0.0728021
FixedParameters: 0 0 0

#Transform 128
Transform: AffineTransform_float_3_3
Parameters: 0.999998 -0.000889129 -0.00188555 0.000880624 0.999989 -0.00447964 0.00188928 0.00447788 0.999988 0.0893616 0.144261 -0.0737451
FixedParameters: 0 0 0

#Transform 129
Transform: AffineTransform_float_3_3
Parameters: 0.999997 -0.000941514 -0.00198045 0.000933216 0.99999 -0.00420241 0.00198414 0.00420027 0.999989 0.0982895 0.128553 -0.063918
FixedParameters: 0 0 0

#Transform 130
Transform: AffineTransform_float_3_3
Parameters: 0.999998 -0.000957297 -0.0018879 0.000949186 0.999991 -0.00413721 0.00189215 0.00413517 0.99999 0.100382 0.121209 -0.0617072
FixedParameters: 0 0 0

#Transform 131
Transform: AffineTransform_float_3_3
Parameters: 0.999997 -0.000984217 -0.00195016 0.000976472 0.999991 -0.00412582 0.00195406 0.00412357 0.99999 0.100607 0.109923 -0.0599631
FixedParameters: 0 0 0

#Transform 132
Transform: AffineTransform_float_3_3
Parameters: 0.999998 -0.00109762 -0.00179063 0.00108953 0.999991 -0.00420587 0.00179537 0.00420392 0.999989 0.0965809 0.106306 -0.0561423
FixedParameters: 0 0 0

#Transform 133
Transform: AffineTransform_float_3_3
Parameters: 0.999997 -0.00116312 -0.00183063 0.00115596 0.999991 -0.00408974 0.00183511 0.00408748 0.99999 0.0967156 0.0903739 -0.0536564
FixedParameters: 0 0 0

#Transform 134
Transform: AffineTransform_float_3_3
Parameters: 0.999997 -0.00103737 -0.00191692 0.00102878 0.999991 -0.00420358 0.00192198 0.00420157 0.999989 0.100207 0.103787 -0.0735973
FixedParameters: 0 0 0

#Transform 135
Transform: AffineTransform_float_3_3
Parameters: 0.999997 -0.00101674 -0.00193389 0.00100838 0.99999 -0.00433106 0.00193846 0.00432871 0.999989 0.10109 0.123052 -0.0789026
FixedParameters: 0 0 0

#Transform 136
Transform: AffineTransform_float_3_3
Parameters: 0.999997 -0.00104448 -0.00235029 0.00103048 0.999982 -0.00581935 0.0023562 0.00581703 0.99998 0.100623 0.107213 -0.00914725
FixedParameters: 0 0 0

#Transform 137
Transform: AffineTransform_float_3_3
Parameters: 0.999989 0.000934468 -0.00472095 -0.000978569 0.999955 -0.00943884 0.00471196 0.00944357 0.999945 0.0573705 -0.0108742 0.346049
FixedParameters: 0 0 0

#Transform 138
Transform: AffineTransform_float_3_3
Parameters: 0.999995 0.000876236 -0.00292288 -0.000895141 0.999977 -0.0067456 0.00291682 0.00674827 0.999973 0.0525019 0.126166 0.211322
FixedParameters: 0 0 0

#Transform 139
Transform: AffineTransform_float_3_3
Parameters: 0.999997 0.00029927 -0.0027862 -0.000316908 0.99998 -0.00632397 0.00278408 0.00632416 0.999976 0.0670409 0.151085 0.144721
FixedParameters: 0 0 0

#Transform 140
Transform: AffineTransform_float_3_3
Parameters: 0.999997 0.000254571 -0.00250093 -0.000270665 0.999979 -0.00647285 0.00249903 0.00647395 0.999976 0.0687052 0.147474 0.136593
FixedParameters: 0 0 0

#Transform 141
Transform: AffineTransform_float_3_3
Parameters: 0.999997 -6.70762e-05 -0.0025735 5.05816e-05 0.999978 -0.00659207 0.00257383 0.00659161 0.999975 0.0752755 0.137958 0.119994
FixedParameters: 0 0 0

#Transform 142
Transform: AffineTransform_float_3_3
Parameters: 0.999997 -0.000172812 -0.00249496 0.000157363 0.999979 -0.00647129 0.00249583 0.00647032 0.999976 0.0808119 0.134644 0.0999497
FixedParameters: 0 0 0

#Transform 143
Transform: AffineTransform_float_3_3
Parameters: 0.999997 -0.000183815 -0.0025104 0.000168823 0.99998 -0.00633574 0.00251141 0.00633602 0.999977 0.0875496 0.129631 0.0886215
FixedParameters: 0 0 0

#Transform 144
Transform: AffineTransform_float_3_3
Parameters: 0.999996 -0.000263368 -0.00262824 0.000247971 0.999982 -0.00611989 0.00263015 0.00611971 0.999978 0.0888033 0.124211 0.0638603
FixedParameters: 0 0 0

#Transform 145
Transform: AffineTransform_float_3_3
Parameters: 0.999997 -0.000615996 -0.0024234 0.000601437 0.999981 -0.00611534 0.00242714 0.00611452 0.999979 0.0860796 0.121089 0.0560772
FixedParameters: 0 0 0

#Transform 146
Transform: AffineTransform_float_3_3
Parameters: 0.999997 -0.000509487 -0.00246401 0.00049346 0.999981 -0.00615139 0.00246701 0.00615012 0.999978 0.0907888 0.132578 0.0457785
FixedParameters: 0 0 0

#Transform 147
Transform: AffineTransform_float_3_3
Parameters: 0.999997 -0.000604285 -0.00241926 0.000589576 0.999982 -0.00598291 0.00242323 0.00598121 0.99998 0.102995 0.147635 0.00923285
FixedParameters: 0 0 0

#Transform 148
Transform: AffineTransform_float_3_3
Parameters: 0.999997 -0.000657097 -0.00239505 0.000643338 0.999982 -0.00589717 0.00239819 0.00589528 0.99998 0.099939 0.153751 -0.00977858
FixedParameters: 0 0 0

#Transform 149
Transform: AffineTransform_float_3_3
Parameters: 0.999997 -0.000637781 -0.00239313 0.000624489 0.999985 -0.00542972 0.0023966 0.00542881 0.999983 0.101557 0.158145 -0.0234311
FixedParameters: 0 0 0

#Transform 150
Transform: AffineTransform_float_3_3
Parameters: 0.999997 -0.000712196 -0.00245737 0.000698717 0.999986 -0.00532453 0.00246148 0.00532225 0.999983 0.0951771 0.160306 -0.0185687
FixedParameters: 0 0 0

#Transform 151
Transform: AffineTransform_float_3_3
Parameters: 0.999997 -0.000709039 -0.00250385 0.000694625 0.999985 -0.00541315 0.00250806 0.00541174 0.999982 0.101237 0.144894 -0.008641
FixedParameters: 0 0 0

#Transform 152
Transform: AffineTransform_float_3_3
Parameters: 0.999997 -0.00070399 -0.00249531 0.000690335 0.999987 -0.00528208 0.00249929 0.00528018 0.999983 0.105427 0.141747 -0.00758336
FixedParameters: 0 0 0

#Transform 153
Transform: AffineTransform_float_3_3
Parameters: 0.999997 -0.000716798 -0.00241327 0.000704024 0.999986 -0.00527125 0.0024174 0.00527033 0.999983 0.103377 0.139433 -0.0112234
FixedParameters: 0 0 0

#Transform 154
Transform: AffineTransform_float_3_3
Parameters: 0.999997 -0.000980449 -0.00225142 0.000969302 0.999986 -0.00523049 0.00225603 0.00522865 0.999984 0.0972654 0.131887 -0.0111443
FixedParameters: 0 0 0

#Transform 155
Transform: AffineTransform_float_3_3
Parameters: 0.999997 -0.00103787 -0.00225245 0.0010256 0.999986 -0.00516768 0.00225723 0.00516466 0.999984 0.101073 0.134036 -0.0142463
FixedParameters: 0 0 0

#Transform 156
Transform: AffineTransform_float_3_3
Parameters: 0.999997 -0.000993066 -0.00222951 0.000981103 0.999986 -0.00507985 0.00223506 0.00507796 0.999985 0.100645 0.125347 -0.0217121
FixedParameters: 0 0 0

#Transform 157
Transform: AffineTransform_float_3_3
Parameters: 0.999997 -0.000937169 -0.0024164 0.000925577 0.999986 -0.00506696 0.00242109 0.00506459 0.999984 0.103834 0.129343 -0.0275515
FixedParameters: 0 0 0

#Transform 158
Transform: AffineTransform_float_3_3
Parameters: 0.999997 -0.000852896 -0.00239435 0.000840704 0.999987 -0.00506805 0.00239875 0.00506651 0.999984 0.105193 0.137535 -0.0304958
FixedParameters: 0 0 0

#Transform 159
Transform: AffineTransform_float_3_3
Parameters: 0.999997 -0.000916163 -0.00229993 0.000904847 0.999987 -0.00508473 0.002305 0.00508306 0.999984 0.102148 0.144475 -0.0369479
FixedParameters: 0 0 0

#Transform 160
Transform: AffineTransform_float_3_3
Parameters: 0.999997 -0.000927123 -0.00235163 0.000915884 0.999987 -0.00495276 0.00235655 0.00494962 0.999985 0.102726 0.136075 -0.0227754
FixedParameters: 0 0 0

#Transform 161
Transform: AffineTransform_float_3_3
Parameters: 0.999997 -0.00106269 -0.00223764 0.00105149 0.999987 -0.00495483 0.00224224 0.00495172 0.999985 0.0992594 0.143066 -0.0313334
FixedParameters: 0 0 0

#Transform 162
Transform: AffineTransform_float_3_3
Parameters: 0.999997 -0.0010246 -0.00218862 0.0010134 0.999988 -0.00486651 0.00219324 0.00486457 0.999986 0.100069 0.143926 -0.0426585
FixedParameters: 0 0 0

#Transform 163
Transform: AffineTransform_float_3_3
Parameters: 0.999997 -0.00108818 -0.0022715 0.00107774 0.999988 -0.00482985 0.00227696 0.00482785 0.999986 0.110077 0.130396 -0.0489302
FixedParameters: 0 0 0

#Transform 164
Transform: AffineTransform_float_3_3
Parameters: 0.999998 -0.000993295 -0.00213681 0.000981512 0.999983 -0.00567787 0.00214242 0.00567619 0.999982 0.0961313 0.114449 -0.0125631
FixedParameters: 0 0 0

#Transform 165
Transform: AffineTransform_float_3_3
Parameters: 0.999997 -0.000973256 -0.00213724 0.000961871 0.999986 -0.0051823 0.00214276 0.00517976 0.999984 0.0948693 0.148315 -0.00717559
FixedParameters: 0 0 0

#Transform 166
Transform: AffineTransform_float_3_3
Parameters: 0.999997 -0.000940354 -0.00209057 0.000930741 0.999987 -0.00485531 0.00209517 0.00485299 0.999986 0.102874 0.120494 -0.0167969
FixedParameters: 0 0 0

#Transform 167
Transform: AffineTransform_float_3_3
Parameters: 0.999997 -0.000934527 -0.00215399 0.000924378 0.999988 -0.00483704 0.0021585 0.00483463 0.999986 0.0953597 0.129011 -0.0183303
FixedParameters: 0 0 0

#Transform 168
Transform: AffineTransform_float_3_3
Parameters: 0.999998 -0.00089973 -0.00218022 0.000889643 0.999988 -0.00495668 0.00218406 0.00495439 0.999986 0.0963027 0.130503 -0.019338
FixedParameters: 0 0 0

#Transform 169
Transform: AffineTransform_float_3_3
Parameters: 0.999997 -0.000956538 -0.00215071 0.00094463 0.999986 -0.00527266 0.00215623 0.00527108 0.999984 0.0948137 0.135785 0.0197322
FixedParameters: 0 0 0

#Transform 170
Transform: AffineTransform_float_3_3
Parameters: 0.999997 -0.000808773 -0.00206022 0.000797528 0.999985 -0.00549841 0.00206536 0.00549616 0.999982 0.0938906 0.147207 0.0171282
FixedParameters: 0 0 0

#Transform 171
Transform: AffineTransform_float_3_3
Parameters: 0.999998 -0.000914564 -0.00217754 0.000903344 0.999986 -0.00523173 0.002182 0.00522938 0.999984 0.100933 0.141722 -0.00479653
FixedParameters: 0 0 0

#Transform 172
Transform: AffineTransform_float_3_3
Parameters: 0.999998 -0.000994707 -0.00211717 0.000984399 0.999987 -0.00495756 0.0021225 0.00495497 0.999986 0.105062 0.137497 -0.0194885
FixedParameters: 0 0 0

#Transform 173
Transform: AffineTransform_float_3_3
Parameters: 0.999997 -0.00105748 -0.00207128 0.00104775 0.999988 -0.00479519 0.00207606 0.00479244 0.999987 0.107352 0.135026 -0.0331239
FixedParameters: 0 0 0

#Transform 174
Transform: AffineTransform_float_3_3
Parameters: 0.999998 -0.000917226 -0.00216861 0.000906415 0.999988 -0.00495684 0.00217316 0.00495448 0.999986 0.0985083 0.140125 -0.0292321
FixedParameters: 0 0 0

#Transform 175
Transform: AffineTransform_float_3_3
Parameters: 0.999997 -0.000618806 -0.00236364 0.000606831 0.999988 -0.00483773 0.0023673 0.00483599 0.999985 0.100714 0.134825 -0.0266456
FixedParameters: 0 0 0

#Transform 176
Transform: AffineTransform_float_3_3
Parameters: 0.999997 -0.000618762 -0.00236353 0.000606811 0.999988 -0.00483273 0.00236719 0.00483099 0.999985 0.103571 0.150156 -0.0439778
FixedParameters: 0 0 0

#Transform 177
Transform: AffineTransform_float_3_3
Parameters: 0.999997 -0.000619801 -0.00236605 0.000608133 0.999988 -0.0049537 0.0023693 0.00495197 0.999985 0.103385 0.142282 -0.0410019
FixedParameters: 0 0 0

#Transform 178
Transform: AffineTransform_float_3_3
Parameters: 0.999998 -0.000796425 -0.0022488 0.000785359 0.999987 -0.0049554 0.00225297 0.00495303 0.999986 0.0993774 0.145038 -0.0500125
FixedParameters: 0 0 0

#Transform 179
Transform: AffineTransform_float_3_3
Parameters: 0.999998 -0.000841462 -0.00221393 0.000830171 0.999989 -0.00476619 0.00221798 0.00476407 0.999986 0.101278 0.13113 -0.0453873
FixedParameters: 0 0 0

#Transform 180
Transform: AffineTransform_float_3_3
Parameters: 0.999997 -0.000792786 -0.00240144 0.000780805 0.999988 -0.00482379 0.00240539 0.00482212 0.999986 0.106279 0.121775 -0.0577061
FixedParameters: 0 0 0

#Transform 181
Transform: AffineTransform_float_3_3
Parameters: 0.999996 -0.000756742 -0.00257121 0.00074379 0.999988 -0.00480043 0.00257561 0.00479866 0.999985 0.101988 0.136678 -0.0682589
FixedParameters: 0 0 0

#Transform 182
Transform: AffineTransform_float_3_3
Parameters: 0.999996 -0.000818401 -0.0025303 0.000806129 0.999988 -0.00480104 0.00253391 0.00479905 0.999986 0.106109 0.138633 -0.0803285
FixedParameters: 0 0 0

#Transform 183
Transform: AffineTransform_float_3_3
Parameters: 0.999998 -0.000749447 -0.00227131 0.000738756 0.999989 -0.00462536 0.00227512 0.00462354 0.999986 0.104162 0.13308 -0.0833178
FixedParameters: 0 0 0

#Transform 184
Transform: AffineTransform_float_3_3
Parameters: 0.999997 -0.00091241 -0.00215955 0.000902808 0.999989 -0.00448648 0.0021638 0.00448506 0.999988 0.0964941 0.130797 -0.0890211
FixedParameters: 0 0 0

#Transform 185
Transform: AffineTransform_float_3_3
Parameters: 0.999998 -0.000951261 -0.00213536 0.00094161 0.999989 -0.00454728 0.00214005 0.00454482 0.999988 0.0990954 0.144458 -0.0979859
FixedParameters: 0 0 0

#Transform 186
Transform: AffineTransform_float_3_3
Parameters: 0.999998 -0.000963761 -0.00212707 0.000954184 0.999989 -0.0045474 0.00213188 0.0045449 0.999988 0.10008 0.145432 -0.108371
FixedParameters: 0 0 0

#Transform 187
Transform: AffineTransform_float_3_3
Parameters: 0.999997 -0.00112642 -0.00231505 0.00111613 0.99999 -0.00438641 0.00231962 0.00438375 0.999988 0.104575 0.138266 -0.106189
FixedParameters: 0 0 0

#Transform 188
Transform: AffineTransform_float_3_3
Parameters: 0.999998 -0.00101725 -0.00208691 0.00100737 0.99999 -0.00436695 0.00209156 0.0043643 0.999988 0.09861 0.139223 -0.10305
FixedParameters: 0 0 0

#Transform 189
Transform: AffineTransform_float_3_3
Parameters: 0.999997 -0.000972442 -0.00209393 0.000962797 0.999989 -0.00464936 0.00209902 0.00464728 0.999986 0.0986168 0.136773 -0.0852245
FixedParameters: 0 0 0
