#Insight Transform File V1.0
#Transform 0
Transform: AffineTransform_float_3_3
Parameters: 1 0.000307629 0.000485649 -0.000308059 0.999999 0.00134689 -0.000485381 -0.00134718 0.999999 -0.0316705 -0.100532 0.138221
FixedParameters: 0 0 0

#Transform 1
Transform: AffineTransform_float_3_3
Parameters: 0.999999 0.000403076 0.000626631 -0.000403462 0.999999 0.00098055 -0.000626379 -0.000980121 0.999999 -0.0346671 -0.101775 0.134519
FixedParameters: 0 0 0

#Transform 2
Transform: AffineTransform_float_3_3
Parameters: 1 0.00019442 0.000694782 -0.000194366 0.999999 0.00096252 -0.00069411 -0.00096187 0.999999 -0.0367723 -0.100945 0.128977
FixedParameters: 0 0 0

#Transform 3
Transform: AffineTransform_float_3_3
Parameters: 0.999999 -0.00015598 0.000873808 0.000154837 1 0.00099271 -0.000873294 -0.000992453 0.999999 -0.0314976 -0.0848869 0.120439
FixedParameters: 0 0 0

#Transform 4
Transform: AffineTransform_float_3_3
Parameters: 0.999999 -0.000228148 0.000840788 0.000227532 1 0.000887901 -0.000841754 -0.0008875 1 -0.0314193 -0.0931466 0.105923
FixedParameters: 0 0 0

#Transform 5
Transform: AffineTransform_float_3_3
Parameters: 1 -0.000192082 0.0011987 0.000191316 1 0.000889377 -0.00119877 -0.000889312 0.999999 -0.03971 -0.100402 0.074569
FixedParameters: 0 0 0

#Transform 6
Transform: AffineTransform_float_3_3
Parameters: 1 -0.00022922 0.00111943 0.00022877 0.999999 0.000419212 -0.00111878 -0.000419111 0.999999 -0.0348807 -0.0796827 0.0689353
FixedParameters: 0 0 0

#Transform 7
Transform: AffineTransform_float_3_3
Parameters: 1 -0.00024665 0.00113537 0.00024664 1 0.000602595 -0.0011354 -0.000603347 0.999999 -0.0356173 -0.0724246 0.0591503
FixedParameters: 0 0 0

#Transform 8
Transform: AffineTransform_float_3_3
Parameters: 1 -0.000429258 0.00106344 0.000429277 1 0.00063816 -0.00106371 -0.000638162 0.999999 -0.0288335 -0.0771279 0.0567335
FixedParameters: 0 0 0

#Transform 9
Transform: AffineTransform_float_3_3
Parameters: 1 -0.000454573 0.000938199 0.00045462 1 0.000707979 -0.000938566 -0.00070804 0.999999 -0.0317773 -0.088735 0.0643683
FixedParameters: 0 0 0

#Transform 10
Transform: AffineTransform_float_3_3
Parameters: 1 -0.000440819 0.00097654 0.000440929 1 0.000639363 -0.000976842 -0.000639814 0.999999 -0.0325368 -0.0876207 0.058078
FixedParameters: 0 0 0

#Transform 11
Transform: AffineTransform_float_3_3
Parameters: 1 -0.000530991 0.00108555 0.00053068 1 0.000524417 -0.00108666 -0.000524165 0.999999 -0.0339262 -0.0784035 0.0602805
FixedParameters: 0 0 0

#Transform 12
Transform: AffineTransform_float_3_3
Parameters: 1 -0.000492889 0.000920769 0.000491998 1 0.000777628 -0.00092071 -0.000777654 0.999999 -0.0281438 -0.0889595 0.0603233
FixedParameters: 0 0 0

#Transform 13
Transform: AffineTransform_float_3_3
Parameters: 1 -0.000550738 0.00105546 0.000551006 1 0.000525192 -0.00105576 -0.000524944 0.999999 -0.0253055 -0.0926877 0.0485522
FixedParameters: 0 0 0

#Transform 14
Transform: AffineTransform_float_3_3
Parameters: 0.999999 -0.000559551 0.000427668 0.000560033 0.999999 -0.00115564 -0.000427222 0.00115613 0.999999 -0.0133086 -0.0410157 0.0762648
FixedParameters: 0 0 0

#Transform 15
Transform: AffineTransform_float_3_3
Parameters: 1 0.000398504 0.000136515 -0.000398337 0.999999 -0.000611631 -0.000137003 0.000611522 1 -0.0184807 -0.0325519 0.0557449
FixedParameters: 0 0 0

#Transform 16
Transform: AffineTransform_float_3_3
Parameters: 1 0.000315979 0.000423462 -0.000316625 0.999999 0.000764033 -0.000422979 -0.000764301 0.999999 -0.0131468 -0.0350467 0.00959855
FixedParameters: 0 0 0

#Transform 17
Transform: AffineTransform_float_3_3
Parameters: 1 0.000257093 0.000332058 -0.000257516 1 0.00063737 -0.00033173 -0.000637541 0.999999 -0.00738392 -0.0431264 0.0208621
FixedParameters: 0 0 0

#Transform 18
Transform: AffineTransform_float_3_3
Parameters: 1 -0.000277768 0.000581485 0.000278249 1 0.00079154 -0.000581676 -0.000792528 1 -0.00366337 -0.0266236 -0.00641073
FixedParameters: 0 0 0

#Transform 19
Transform: AffineTransform_float_3_3
Parameters: 1 -0.000257924 0.000526407 0.000258619 0.999999 -0.000659632 -0.000526067 0.000659904 0.999999 -0.00179228 0.0331315 -0.0156683
FixedParameters: 0 0 0

#Transform 20
Transform: AffineTransform_float_3_3
Parameters: 1 0.000178464 0.000212887 -0.00017876 0.999999 0.00069647 -0.000212638 -0.000696546 0.999999 -0.00577013 -0.0323794 0.0065817
FixedParameters: 0 0 0

#Transform 21
Transform: AffineTransform_float_3_3
Parameters: 1 0.000178464 0.000212887 -0.00017876 0.999999 0.00069647 -0.000212638 -0.000696546 0.999999 -0.00528321 -0.0277308 0.00563169
FixedParameters: 0 0 0

#Transform 22
Transform: AffineTransform_float_3_3
Parameters: 1 -0.000281347 -2.92721e-05 0.000281109 0.999999 0.00081158 3.01999e-05 -0.000811628 0.999999 0.00818172 -0.0469522 0.000851027
FixedParameters: 0 0 0

#Transform 23
Transform: AffineTransform_float_3_3
Parameters: 1 0.000178464 0.000212887 -0.00017876 0.999999 0.00069647 -0.000212638 -0.000696546 0.999999 -0.00467546 -0.0417196 -0.00857499
FixedParameters: 0 0 0

#Transform 24
Transform: AffineTransform_float_3_3
Parameters: 1 -0.000349688 -3.2587e-05 0.000348899 0.999999 0.000705048 3.26431e-05 -0.000705088 1 0.0135662 -0.0388696 -0.01236
FixedParameters: 0 0 0

#Transform 25
Transform: AffineTransform_float_3_3
Parameters: 1 -0.000318183 -0.000112867 0.000318365 0.999999 0.000807569 0.000112352 -0.000807641 0.999999 0.0156818 -0.0452305 -0.0179993
FixedParameters: 0 0 0

#Transform 26
Transform: AffineTransform_float_3_3
Parameters: 1 -0.000376442 -7.45338e-05 0.000376556 0.999999 0.000765114 7.39576e-05 -0.00076517 0.999999 0.00938539 -0.0393557 -0.0151432
FixedParameters: 0 0 0

#Transform 27
Transform: AffineTransform_float_3_3
Parameters: 1 -0.000258976 -2.62833e-05 0.000259018 0.999999 0.000800377 2.58687e-05 -0.00080039 0.999999 0.0094607 -0.0461025 -0.0095621
FixedParameters: 0 0 0

#Transform 28
Transform: AffineTransform_float_3_3
Parameters: 1 -0.000378222 1.25918e-05 0.000378201 0.999999 0.000806308 -1.32017e-05 -0.000806298 0.999999 0.00973812 -0.042192 -0.026059
FixedParameters: 0 0 0

#Transform 29
Transform: AffineTransform_float_3_3
Parameters: 1 -0.000252654 -9.71645e-06 0.000253218 0.999999 0.000767983 1.01636e-05 -0.000768003 0.999999 0.00734426 -0.0442004 -0.0144673
FixedParameters: 0 0 0

#Transform 30
Transform: AffineTransform_float_3_3
Parameters: 1 -0.000286477 -4.3852e-05 0.000286552 0.999999 0.000858932 4.33598e-05 -0.000858957 0.999999 0.0144513 -0.0367141 -0.019407
FixedParameters: 0 0 0

#Transform 31
Transform: AffineTransform_float_3_3
Parameters: 1 -0.000345298 -7.60523e-05 0.000345441 0.999999 0.000945996 7.53989e-05 -0.000946048 0.999999 0.0157169 -0.00778557 -0.0678961
FixedParameters: 0 0 0

#Transform 32
Transform: AffineTransform_float_3_3
Parameters: 1 0.000305274 -5.7888e-05 -0.000305273 1 9.33494e-06 5.78937e-05 -9.29959e-06 1 0.000566486 -0.050978 -0.0235982
FixedParameters: 0 0 0

#Transform 33
Transform: AffineTransform_float_3_3
Parameters: 1 -0.00035031 0.000323999 0.00035003 0.999999 0.000405801 -0.000324297 -0.000405971 1 0.00202087 -0.00905099 -0.0634443
FixedParameters: 0 0 0

#Transform 34
Transform: AffineTransform_float_3_3
Parameters: 1 -0.000474157 -2.27808e-05 0.000474199 0.999999 0.000941681 2.18877e-05 -0.000941702 0.999999 0.00926267 -0.0507859 -0.0436609
FixedParameters: 0 0 0

#Transform 35
Transform: AffineTransform_float_3_3
Parameters: 1 -0.000453356 3.99197e-05 0.000453358 1 -2.39875e-05 -3.98979e-05 2.40236e-05 1 0.00459724 -0.010995 -0.0729104
FixedParameters: 0 0 0

#Transform 36
Transform: AffineTransform_float_3_3
Parameters: 1 -0.000522722 2.04315e-06 0.00052274 1 -0.000155092 -1.86655e-06 0.000155491 1 0.00802823 -0.0181869 -0.0744085
FixedParameters: 0 0 0

#Transform 37
Transform: AffineTransform_float_3_3
Parameters: 1 -0.000524156 -2.96055e-05 0.000524155 1 -2.20915e-05 2.96286e-05 2.20604e-05 1 0.0115572 -0.0111739 -0.0649261
FixedParameters: 0 0 0

#Transform 38
Transform: AffineTransform_float_3_3
Parameters: 1 -0.000362727 -0.000111703 0.000362722 1 -2.13799e-05 0.000111719 2.12988e-05 1 0.0162338 0.00218196 -0.0728798
FixedParameters: 0 0 0

#Transform 39
Transform: AffineTransform_float_3_3
Parameters: 1 -0.000531966 -2.32805e-05 0.000531965 1 -2.21742e-05 2.3304e-05 2.21494e-05 1 0.0114112 0.00152546 -0.0765379
FixedParameters: 0 0 0

#Transform 40
Transform: AffineTransform_float_3_3
Parameters: 1 -0.000520041 -6.34079e-05 0.000520038 1 -2.14133e-05 6.34301e-05 2.13473e-05 1 0.0134707 -0.00296146 -0.0877336
FixedParameters: 0 0 0

#Transform 41
Transform: AffineTransform_float_3_3
Parameters: 1 -0.000372577 -0.000151611 0.000372488 1 -0.000294548 0.00015183 0.000294435 1 0.0206624 -0.0113537 -0.0757225
FixedParameters: 0 0 0

#Transform 42
Transform: AffineTransform_float_3_3
Parameters: 1 -0.000160577 -7.52535e-05 0.000160527 1 -0.000331477 7.53599e-05 0.000331453 1 0.00492094 0.00156913 -0.127113
FixedParameters: 0 0 0

#Transform 43
Transform: AffineTransform_float_3_3
Parameters: 1 -0.000258033 -1.72692e-05 0.000258006 0.999999 -0.000762197 1.76626e-05 0.000762188 0.999999 0.00286322 0.00486986 -0.152673
FixedParameters: 0 0 0

#Transform 44
Transform: AffineTransform_float_3_3
Parameters: 1 -0.000317763 3.54233e-05 0.000317796 1 -0.000467858 -3.5126e-05 0.000467881 1 -0.00240291 -0.00383562 -0.145551
FixedParameters: 0 0 0

#Transform 45
Transform: AffineTransform_float_3_3
Parameters: 1 -0.000343997 6.94356e-05 0.000344048 1 -0.000372383 -6.91794e-05 0.000372431 1 -5.03888e-05 -0.00584133 -0.140302
FixedParameters: 0 0 0

#Transform 46
Transform: AffineTransform_float_3_3
Parameters: 1 -0.000416897 0.000106511 0.000416419 1 -0.000327687 -0.000107074 0.000327791 1 -0.00175733 -0.0162128 -0.131362
FixedParameters: 0 0 0

#Transform 47
Transform: AffineTransform_float_3_3
Parameters: 1 -0.000405759 6.57978e-05 0.000405246 1 -0.000274894 -6.64105e-05 0.000274962 1 -0.000692266 -0.0133582 -0.125508
FixedParameters: 0 0 0

#Transform 48
Transform: AffineTransform_float_3_3
Parameters: 1 -0.000348672 9.76196e-05 0.000348764 1 -0.000468968 -9.72925e-05 0.000469036 1 -0.00117624 -0.0410108 -0.185514
FixedParameters: 0 0 0

#Transform 49
Transform: AffineTransform_float_3_3
Parameters: 1 -0.000326142 0.000173961 0.000326611 0.999999 -0.0012269 -0.000173173 0.00122701 0.999999 -0.0133334 -0.00338783 -0.164265
FixedParameters: 0 0 0

#Transform 50
Transform: AffineTransform_float_3_3
Parameters: 1 -0.000207876 0.00011971 0.000207724 0.999999 -0.00147658 -0.000119944 0.00147665 0.999999 -0.01183 0.0695136 -0.107572
FixedParameters: 0 0 0

#Transform 51
Transform: AffineTransform_float_3_3
Parameters: 1 7.80827e-05 0.000191826 -7.77965e-05 0.999999 -0.000745784 -0.000191943 0.000745755 0.999999 -0.0230324 0.0140033 -0.086952
FixedParameters: 0 0 0

#Transform 52
Transform: AffineTransform_float_3_3
Parameters: 1 0.000108428 9.04246e-05 -0.000108319 1 -0.000605772 -9.05559e-05 0.000605753 1 -0.0150809 -0.0137818 -0.0795365
FixedParameters: 0 0 0

#Transform 53
Transform: AffineTransform_float_3_3
Parameters: 1 -0.000361435 0.000350722 0.000362264 1 -0.00112235 -0.000349922 0.00112261 1 -0.0277996 -0.0943709 0.0589024
FixedParameters: 0 0 0

#Transform 54
Transform: AffineTransform_float_3_3
Parameters: 0.999999 -0.00127326 0.00129232 0.00127185 0.999999 0.00097183 -0.00129313 -0.000969487 0.999999 -0.0400191 -0.0916145 -0.00440191
FixedParameters: 0 0 0

#Transform 55
Transform: AffineTransform_float_3_3
Parameters: 0.999998 -0.000961313 0.00128888 0.000962799 0.999999 -0.000994602 -0.00128868 0.000995796 0.999999 -0.0144766 0.0664023 -0.0660254
FixedParameters: 0 0 0

#Transform 56
Transform: AffineTransform_float_3_3
Parameters: 0.999998 -0.00125267 0.001396 0.00125313 0.999999 -0.000671931 -0.00139464 0.000673192 0.999999 -0.0149229 0.0578537 -0.109415
FixedParameters: 0 0 0

#Transform 57
Transform: AffineTransform_float_3_3
Parameters: 0.999998 -0.00121241 0.00145179 0.00121364 0.999999 -0.001097 -0.00145027 0.00109922 0.999998 -0.00943084 0.036813 -0.126474
FixedParameters: 0 0 0

#Transform 58
Transform: AffineTransform_float_3_3
Parameters: 0.999999 -0.00128322 0.00134732 0.00128356 0.999999 -0.000849062 -0.00134628 0.000850695 0.999998 -0.00488103 0.0337913 -0.133428
FixedParameters: 0 0 0

#Transform 59
Transform: AffineTransform_float_3_3
Parameters: 0.999999 -0.00130291 0.00132042 0.0013031 0.999999 -0.000607016 -0.00131916 0.000608221 0.999999 -0.00206092 0.00948539 -0.126333
FixedParameters: 0 0 0

#Transform 60
Transform: AffineTransform_float_3_3
Parameters: 0.999998 -0.00126542 0.00137495 0.00126567 0.999999 -0.000804442 -0.00137407 0.000805701 0.999999 -0.00630612 0.0043939 -0.140135
FixedParameters: 0 0 0

#Transform 61
Transform: AffineTransform_float_3_3
Parameters: 0.999999 -0.00108909 0.00104272 0.00109052 1 -0.000934932 -0.00104153 0.0009363 0.999999 -0.00545025 0.00585191 -0.160511
FixedParameters: 0 0 0

#Transform 62
Transform: AffineTransform_float_3_3
Parameters: 0.999999 -0.00074767 0.000590163 0.000748786 0.999998 -0.00138947 -0.000588946 0.00138997 0.999999 0.00368838 0.0274386 -0.164357
FixedParameters: 0 0 0

#Transform 63
Transform: AffineTransform_float_3_3
Parameters: 1 -0.00085427 0.000665264 0.000855302 0.999999 -0.00118853 -0.000664067 0.00118968 0.999999 0.00153646 0.0382676 -0.176213
FixedParameters: 0 0 0

#Transform 64
Transform: AffineTransform_float_3_3
Parameters: 0.999999 -0.00105365 0.000676293 0.0010547 0.999998 -0.0015599 -0.000674698 0.00156044 0.999998 0.00599218 0.0571046 -0.180249
FixedParameters: 0 0 0

#Transform 65
Transform: AffineTransform_float_3_3
Parameters: 1 -0.000923193 0.000705102 0.000924132 0.999999 -0.00141937 -0.000704175 0.00141979 0.999999 -7.31668e-05 0.0408838 -0.165087
FixedParameters: 0 0 0

#Transform 66
Transform: AffineTransform_float_3_3
Parameters: 1 -0.00087488 0.000801543 0.000876951 0.999998 -0.00161372 -0.000799575 0.00161422 0.999998 -0.00149205 0.0664792 -0.184505
FixedParameters: 0 0 0

#Transform 67
Transform: AffineTransform_float_3_3
Parameters: 1 -0.000827689 0.000734351 0.000829389 0.999998 -0.00152036 -0.000732705 0.00152028 0.999999 0.000392126 0.0590549 -0.181852
FixedParameters: 0 0 0

#Transform 68
Transform: AffineTransform_float_3_3
Parameters: 1 -0.000854136 0.000654961 0.000855183 0.999998 -0.00161087 -0.000653902 0.0016111 0.999998 -0.00108882 0.0383191 -0.187715
FixedParameters: 0 0 0

#Transform 69
Transform: AffineTransform_float_3_3
Parameters: 0.999999 -0.00089158 0.000865235 0.000893311 0.999998 -0.00161491 -0.000864046 0.00161556 0.999998 -0.00367606 0.0442793 -0.177632
FixedParameters: 0 0 0

#Transform 70
Transform: AffineTransform_float_3_3
Parameters: 0.999999 -0.000857065 0.000900152 0.000858521 0.999999 -0.00140853 -0.000899444 0.00140878 0.999999 -0.00456097 0.0291719 -0.171996
FixedParameters: 0 0 0

#Transform 71
Transform: AffineTransform_float_3_3
Parameters: 1 -0.000826722 0.000774724 0.000827615 0.999998 -0.00145919 -0.000772634 0.00145915 0.999999 -0.00119023 0.0290176 -0.17973
FixedParameters: 0 0 0

#Transform 72
Transform: AffineTransform_float_3_3
Parameters: 1 -0.000804725 0.000804401 0.000806259 0.999998 -0.00161429 -0.000803495 0.00161469 0.999998 -0.00159541 0.0438032 -0.181408
FixedParameters: 0 0 0

#Transform 73
Transform: AffineTransform_float_3_3
Parameters: 1 -0.000900058 0.000685226 0.000901203 0.999998 -0.00161117 -0.000684018 0.00161152 0.999998 0.00064271 0.0416103 -0.191011
FixedParameters: 0 0 0

#Transform 74
Transform: AffineTransform_float_3_3
Parameters: 1 -0.000806605 0.000845154 0.000808272 0.999998 -0.00161511 -0.00084424 0.00161558 0.999998 -0.00229877 0.0517074 -0.20102
FixedParameters: 0 0 0

#Transform 75
Transform: AffineTransform_float_3_3
Parameters: 0.999999 -0.000889549 0.00084833 0.000891225 0.999998 -0.00161458 -0.000847149 0.0016152 0.999998 0.00106235 0.0526951 -0.219332
FixedParameters: 0 0 0

#Transform 76
Transform: AffineTransform_float_3_3
Parameters: 0.999999 -0.000915156 0.000939998 0.000916047 0.999998 -0.00149294 -0.000938424 0.00149336 0.999999 -0.000296236 0.0347266 -0.210192
FixedParameters: 0 0 0

#Transform 77
Transform: AffineTransform_float_3_3
Parameters: 0.999999 -0.00081746 0.00095768 0.000819496 0.999998 -0.00161734 -0.000956726 0.00161802 0.999998 0.000163656 0.0360669 -0.210491
FixedParameters: 0 0 0

#Transform 78
Transform: AffineTransform_float_3_3
Parameters: 0.999999 -0.000810946 0.000962185 0.00081303 0.999998 -0.00204858 -0.000960016 0.00204924 0.999997 -0.00532221 0.0511958 -0.214236
FixedParameters: 0 0 0

#Transform 79
Transform: AffineTransform_float_3_3
Parameters: 0.999999 -0.000728589 0.00108914 0.000730256 0.999998 -0.0018843 -0.00108836 0.00188592 0.999997 -0.0051291 0.0477772 -0.203212
FixedParameters: 0 0 0

#Transform 80
Transform: AffineTransform_float_3_3
Parameters: 0.999999 -0.000782949 0.0010057 0.00078504 0.999998 -0.00196266 -0.00100378 0.00196333 0.999997 -0.00623092 0.0503259 -0.201267
FixedParameters: 0 0 0

#Transform 81
Transform: AffineTransform_float_3_3
Parameters: 0.999999 -0.000772967 0.00101973 0.000775276 0.999997 -0.00205174 -0.00101772 0.00205202 0.999998 -0.00633963 0.0589726 -0.207614
FixedParameters: 0 0 0

#Transform 82
Transform: AffineTransform_float_3_3
Parameters: 0.999999 -0.000897806 0.00108303 0.000899493 0.999998 -0.00189709 -0.00108163 0.00189774 0.999998 -0.00665891 0.0439305 -0.199416
FixedParameters: 0 0 0

#Transform 83
Transform: AffineTransform_float_3_3
Parameters: 0.999999 -0.000958693 0.00109044 0.000960681 0.999999 -0.00176305 -0.00108822 0.00176424 0.999998 -0.00422327 0.032032 -0.201845
FixedParameters: 0 0 0

#Transform 84
Transform: AffineTransform_float_3_3
Parameters: 0.999999 -0.000936328 0.0010933 0.000938342 0.999998 -0.00177798 -0.00109114 0.00177873 0.999998 -0.00410092 0.0380946 -0.197513
FixedParameters: 0 0 0

#Transform 85
Transform: AffineTransform_float_3_3
Parameters: 0.999998 -0.00104197 0.00130203 0.00104378 0.999999 -0.0016224 -0.00130065 0.00162383 0.999998 -0.00929707 0.0342484 -0.198903
FixedParameters: 0 0 0

#Transform 86
Transform: AffineTransform_float_3_3
Parameters: 0.999999 -0.000977134 0.00141652 0.000980523 0.999997 -0.00206632 -0.00141447 0.0020678 0.999996 -0.0278353 0.0263605 -0.264677
FixedParameters: 0 0 0

#Transform 87
Transform: AffineTransform_float_3_3
Parameters: 0.999998 -0.00125975 0.0014343 0.00126282 0.999997 -0.00210696 -0.00143184 0.00210838 0.999997 -0.0201451 0.0444687 -0.249343
FixedParameters: 0 0 0

#Transform 88
Transform: AffineTransform_float_3_3
Parameters: 0.999998 -0.00128356 0.00160968 0.00128717 0.999997 -0.00204327 -0.00160728 0.00204522 0.999996 -0.0165509 0.0559138 -0.261131
FixedParameters: 0 0 0

#Transform 89
Transform: AffineTransform_float_3_3
Parameters: 0.999997 -0.00138711 0.00172559 0.00138968 0.999997 -0.00200577 -0.00172316 0.00200836 0.999996 -0.0176699 0.0603742 -0.27703
FixedParameters: 0 0 0

#Transform 90
Transform: AffineTransform_float_3_3
Parameters: 0.999998 -0.00149022 0.00172214 0.00149402 0.999996 -0.00198655 -0.00171907 0.0019891 0.999997 -0.010363 0.0464914 -0.280587
FixedParameters: 0 0 0

#Transform 91
Transform: AffineTransform_float_3_3
Parameters: 0.999998 -0.00152109 0.00161455 0.00152377 0.999998 -0.00176643 -0.00161201 0.00176915 0.999997 -0.0130736 0.037674 -0.275605
FixedParameters: 0 0 0

#Transform 92
Transform: AffineTransform_float_3_3
Parameters: 0.999997 -0.00145182 0.00192623 0.00145491 0.999997 -0.00180489 -0.00192329 0.00180787 0.999997 -0.0168463 0.0502537 -0.276344
FixedParameters: 0 0 0

#Transform 93
Transform: AffineTransform_float_3_3
Parameters: 0.999998 -0.00122336 0.00140476 0.00122697 0.999996 -0.00234324 -0.00140186 0.0023454 0.999996 -0.00206342 0.0407954 -0.257314
FixedParameters: 0 0 0

#Transform 94
Transform: AffineTransform_float_3_3
Parameters: 0.999997 -0.00105809 0.00183857 0.00106395 0.999994 -0.00327323 -0.00183592 0.00327546 0.999993 -0.0234248 0.0682844 -0.277763
FixedParameters: 0 0 0

#Transform 95
Transform: AffineTransform_float_3_3
Parameters: 0.999997 -0.00113225 0.00178013 0.00113637 0.999997 -0.0023757 -0.00177791 0.00237714 0.999996 -0.0181887 0.0549598 -0.2683
FixedParameters: 0 0 0

#Transform 96
Transform: AffineTransform_float_3_3
Parameters: 0.999997 -0.0011782 0.00176765 0.00118205 0.999997 -0.00231036 -0.00176535 0.00231234 0.999996 -0.0171257 0.0545544 -0.28879
FixedParameters: 0 0 0

#Transform 97
Transform: AffineTransform_float_3_3
Parameters: 0.999997 -0.00130613 0.00196065 0.00131076 0.999996 -0.00243691 -0.00195827 0.00243946 0.999995 -0.0154954 0.0535082 -0.305705
FixedParameters: 0 0 0

#Transform 98
Transform: AffineTransform_float_3_3
Parameters: 0.999998 -0.00129777 0.00193414 0.00130313 0.999996 -0.002516 -0.00193074 0.00251936 0.999995 -0.014342 0.0586118 -0.308982
FixedParameters: 0 0 0

#Transform 99
Transform: AffineTransform_float_3_3
Parameters: 0.999998 -0.00127585 0.0019225 0.00128048 0.999996 -0.00234038 -0.00191967 0.0023427 0.999995 -0.0144631 0.0551271 -0.300447
FixedParameters: 0 0 0

#Transform 100
Transform: AffineTransform_float_3_3
Parameters: 0.999997 -0.00123789 0.00179544 0.00124179 0.999997 -0.00229413 -0.00179291 0.00229599 0.999996 -0.0110592 0.0523894 -0.303602
FixedParameters: 0 0 0

#Transform 101
Transform: AffineTransform_float_3_3
Parameters: 0.999998 -0.00135539 0.00183049 0.00135954 0.999997 -0.00210937 -0.00182844 0.00211268 0.999996 -0.0113814 0.0447438 -0.298298
FixedParameters: 0 0 0

#Transform 102
Transform: AffineTransform_float_3_3
Parameters: 0.999997 -0.00143148 0.00201718 0.00143598 0.999997 -0.00206292 -0.00201358 0.00206609 0.999996 -0.0164095 0.0437994 -0.300342
FixedParameters: 0 0 0

#Transform 103
Transform: AffineTransform_float_3_3
Parameters: 0.999997 -0.00144911 0.00198776 0.00145404 0.999997 -0.00212919 -0.00198528 0.00213239 0.999996 -0.0143213 0.0534325 -0.321472
FixedParameters: 0 0 0

#Transform 104
Transform: AffineTransform_float_3_3
Parameters: 0.999997 -0.00148199 0.00201779 0.00148622 0.999997 -0.00213152 -0.00201462 0.00213492 0.999996 -0.0165167 0.055627 -0.326914
FixedParameters: 0 0 0

#Transform 105
Transform: AffineTransform_float_3_3
Parameters: 0.999998 -0.0012917 0.00181857 0.00129535 0.999997 -0.00220714 -0.00181602 0.00220925 0.999996 -0.0113309 0.0408424 -0.302809
FixedParameters: 0 0 0

#Transform 106
Transform: AffineTransform_float_3_3
Parameters: 0.999997 -0.00130129 0.00178653 0.00130518 0.999997 -0.00215594 -0.00178322 0.00215891 0.999996 -0.0108377 0.0537534 -0.297211
FixedParameters: 0 0 0

#Transform 107
Transform: AffineTransform_float_3_3
Parameters: 0.999997 -0.00128767 0.00180673 0.00129122 0.999996 -0.00218947 -0.00180423 0.00219245 0.999996 -0.010503 0.0663089 -0.299301
FixedParameters: 0 0 0

#Transform 108
Transform: AffineTransform_float_3_3
Parameters: 0.999998 -0.00126237 0.00185075 0.00126654 0.999997 -0.00231104 -0.00184806 0.00231313 0.999996 -0.0110893 0.0552978 -0.29556
FixedParameters: 0 0 0

#Transform 109
Transform: AffineTransform_float_3_3
Parameters: 0.999998 -0.00128716 0.00186838 0.00129176 0.999997 -0.00225618 -0.00186488 0.00225839 0.999996 -0.0119021 0.0551497 -0.297813
FixedParameters: 0 0 0

#Transform 110
Transform: AffineTransform_float_3_3
Parameters: 0.999997 -0.00123861 0.00178815 0.00124272 0.999997 -0.0022148 -0.00178495 0.00221794 0.999996 -0.0108761 0.0490302 -0.306571
FixedParameters: 0 0 0

#Transform 111
Transform: AffineTransform_float_3_3
Parameters: 0.999997 -0.00114708 0.0017815 0.0011512 0.999997 -0.00222241 -0.00177868 0.00222521 0.999996 -0.00961378 0.0547179 -0.298373
FixedParameters: 0 0 0

#Transform 112
Transform: AffineTransform_float_3_3
Parameters: 0.999998 -0.00127 0.00195249 0.0012739 0.999997 -0.00211898 -0.00195025 0.00212136 0.999996 -0.012888 0.0559061 -0.292484
FixedParameters: 0 0 0

#Transform 113
Transform: AffineTransform_float_3_3
Parameters: 0.999998 -0.00126754 0.00195515 0.00127121 0.999997 -0.00193171 -0.00195256 0.00193367 0.999996 -0.0189659 0.0410888 -0.293553
FixedParameters: 0 0 0

#Transform 114
Transform: AffineTransform_float_3_3
Parameters: 0.999998 -0.00129946 0.00189774 0.00130287 0.999997 -0.00206163 -0.00189551 0.00206397 0.999996 -0.0140485 0.0413961 -0.305092
FixedParameters: 0 0 0

#Transform 115
Transform: AffineTransform_float_3_3
Parameters: 0.999997 -0.00132735 0.00199161 0.0013312 0.999998 -0.00206328 -0.00198927 0.00206598 0.999996 -0.0145374 0.0513486 -0.325182
FixedParameters: 0 0 0

#Transform 116
Transform: AffineTransform_float_3_3
Parameters: 0.999998 -0.00123582 0.0019342 0.00123943 0.999997 -0.00193285 -0.00193172 0.00193503 0.999996 -0.0184285 0.0624293 -0.338383
FixedParameters: 0 0 0

#Transform 117
Transform: AffineTransform_float_3_3
Parameters: 0.999998 -0.0012318 0.00187685 0.00123465 0.999998 -0.00165421 -0.00187421 0.00165714 0.999997 -0.0166109 0.0419073 -0.32983
FixedParameters: 0 0 0

#Transform 118
Transform: AffineTransform_float_3_3
Parameters: 0.999997 -0.00118518 0.00180634 0.00118853 0.999998 -0.00161316 -0.00180452 0.00161576 0.999997 -0.0105255 0.0535979 -0.337154
FixedParameters: 0 0 0

#Transform 119
Transform: AffineTransform_float_3_3
Parameters: 0.999997 -0.00133255 0.00170264 0.00133554 0.999998 -0.00175168 -0.00170082 0.00175403 0.999997 -0.00913317 0.0489384 -0.340779
FixedParameters: 0 0 0

#Transform 120
Transform: AffineTransform_float_3_3
Parameters: 0.999998 -0.0010453 0.00168111 0.00104849 0.999997 -0.00184781 -0.00168008 0.00184966 0.999997 -0.00501574 0.0408716 -0.347988
FixedParameters: 0 0 0

#Transform 121
Transform: AffineTransform_float_3_3
Parameters: 0.999998 -0.00102568 0.0017119 0.00102926 0.999998 -0.00177057 -0.00171027 0.00177241 0.999997 -0.00986016 0.0510648 -0.374333
FixedParameters: 0 0 0

#Transform 122
Transform: AffineTransform_float_3_3
Parameters: 0.999998 -0.000984988 0.00177509 0.000988407 0.999998 -0.00166116 -0.00177382 0.00166298 0.999997 -0.0115625 0.0420795 -0.362479
FixedParameters: 0 0 0

#Transform 123
Transform: AffineTransform_float_3_3
Parameters: 0.999998 -0.000985052 0.0017748 0.000988519 0.999998 -0.00167516 -0.00177351 0.00167698 0.999997 -0.00858554 0.0440805 -0.371314
FixedParameters: 0 0 0

#Transform 124
Transform: AffineTransform_float_3_3
Parameters: 0.999997 -0.00108073 0.00183527 0.00108427 0.999997 -0.00178764 -0.00183425 0.00178994 0.999997 -0.0106294 0.0435132 -0.388876
FixedParameters: 0 0 0

#Transform 125
Transform: AffineTransform_float_3_3
Parameters: 0.999997 -0.00112692 0.00186866 0.00112927 0.999998 -0.00166092 -0.00186721 0.00166344 0.999997 -0.00963197 0.0405619 -0.389883
FixedParameters: 0 0 0

#Transform 126
Transform: AffineTransform_float_3_3
Parameters: 0.999997 -0.00109245 0.00184717 0.00109591 0.999998 -0.00160774 -0.00184566 0.0016101 0.999997 -0.0107905 0.039731 -0.373543
FixedParameters: 0 0 0

#Transform 127
Transform: AffineTransform_float_3_3
Parameters: 0.999997 -0.00110252 0.0018579 0.00110452 0.999998 -0.0014313 -0.00185621 0.00143278 0.999997 -0.0115182 0.029271 -0.347087
FixedParameters: 0 0 0

#Transform 128
Transform: AffineTransform_float_3_3
Parameters: 0.999998 -0.000984256 0.00177836 0.000987114 0.999999 -0.0015002 -0.00177742 0.00150202 0.999998 -0.015238 0.0564493 -0.377575
FixedParameters: 0 0 0

#Transform 129
Transform: AffineTransform_float_3_3
Parameters: 0.999998 -0.000930262 0.00185883 0.000934314 0.999998 -0.0016093 -0.001857 0.00161106 0.999997 -0.0189726 0.0359805 -0.351879
FixedParameters: 0 0 0

#Transform 130
Transform: AffineTransform_float_3_3
Parameters: 0.999998 -0.000983936 0.00177978 0.000986561 0.999999 -0.00143098 -0.00177896 0.00143228 0.999997 -0.0173054 0.066788 -0.375473
FixedParameters: 0 0 0

#Transform 131
Transform: AffineTransform_float_3_3
Parameters: 0.999998 -0.000984742 0.00177619 0.000987974 0.999998 -0.00160718 -0.00177503 0.001609 0.999997 -0.0154575 0.0646553 -0.389512
FixedParameters: 0 0 0

#Transform 132
Transform: AffineTransform_float_3_3
Parameters: 0.999998 -0.00098451 0.00177722 0.000987564 0.999998 -0.00155619 -0.00177616 0.00155801 0.999998 -0.0131264 0.0413562 -0.395981
FixedParameters: 0 0 0

#Transform 133
Transform: AffineTransform_float_3_3
Parameters: 0.999998 -0.000984742 0.00177619 0.000987974 0.999998 -0.00160718 -0.00177503 0.001609 0.999997 -0.0168723 0.0472616 -0.398587
FixedParameters: 0 0 0

#Transform 134
Transform: AffineTransform_float_3_3
Parameters: 0.999998 -0.000984742 0.00177619 0.000987974 0.999998 -0.00160718 -0.00177503 0.001609 0.999997 -0.00828 0.0269086 -0.389195
FixedParameters: 0 0 0

#Transform 135
Transform: AffineTransform_float_3_3
Parameters: 0.999998 -0.00107168 0.00164429 0.0010745 0.999999 -0.0016041 -0.00164285 0.00160634 0.999997 -0.010546 0.0290494 -0.372507
FixedParameters: 0 0 0

#Transform 136
Transform: AffineTransform_float_3_3
Parameters: 0.999997 -0.00128714 0.00196594 0.00129069 0.999997 -0.00202509 -0.00196386 0.00202756 0.999996 -0.0149515 0.0324083 -0.382731
FixedParameters: 0 0 0

#Transform 137
Transform: AffineTransform_float_3_3
Parameters: 0.999996 -0.00131539 0.002562 0.00132083 0.999998 -0.00192546 -0.00256008 0.00192922 0.999995 -0.0496644 0.0240974 -0.270112
FixedParameters: 0 0 0

#Transform 138
Transform: AffineTransform_float_3_3
Parameters: 0.999997 -0.00144857 0.00207062 0.00145289 0.999997 -0.00210555 -0.00206768 0.00210856 0.999996 -0.0360597 0.0121855 -0.371238
FixedParameters: 0 0 0

#Transform 139
Transform: AffineTransform_float_3_3
Parameters: 0.999998 -0.00127907 0.00186406 0.00128418 0.999996 -0.00268125 -0.00186118 0.00268345 0.999995 -0.029639 0.0319489 -0.364748
FixedParameters: 0 0 0

#Transform 140
Transform: AffineTransform_float_3_3
Parameters: 0.999997 -0.00124566 0.0021538 0.00124918 0.999999 -0.00152109 -0.00215286 0.00152388 0.999997 -0.0306178 0.00963255 -0.316548
FixedParameters: 0 0 0

#Transform 141
Transform: AffineTransform_float_3_3
Parameters: 0.999997 -0.00105033 0.00183009 0.00105172 0.999998 -0.00114764 -0.00182829 0.00114977 0.999998 -0.0243006 -0.0578618 -0.356044
FixedParameters: 0 0 0

#Transform 142
Transform: AffineTransform_float_3_3
Parameters: 0.999998 -0.000981197 0.00179221 0.000983002 0.999999 -0.000820355 -0.00179231 0.000822192 0.999998 -0.0245355 0.0485436 -0.370117
FixedParameters: 0 0 0

#Transform 143
Transform: AffineTransform_float_3_3
Parameters: 0.999998 -0.00108784 0.00161772 0.00109107 0.999998 -0.00176147 -0.00161588 0.0017637 0.999997 -0.0421804 0.0508971 -0.326588
FixedParameters: 0 0 0

#Transform 144
Transform: AffineTransform_float_3_3
Parameters: 0.999998 -0.00102982 0.00170636 0.00103319 0.999998 -0.00171442 -0.00170483 0.00171625 0.999997 -0.0514279 0.00509089 -0.271541
FixedParameters: 0 0 0

#Transform 145
Transform: AffineTransform_float_3_3
Parameters: 0.999999 -0.000816158 0.00165626 0.000819401 0.999997 -0.00198017 -0.00165448 0.00198117 0.999997 -0.0547791 0.00710955 -0.266619
FixedParameters: 0 0 0

#Transform 146
Transform: AffineTransform_float_3_3
Parameters: 0.999999 -0.000768712 0.00163696 0.000770203 0.999999 -0.00147289 -0.00163612 0.00147502 0.999998 -0.0369883 0.0310993 -0.296529
FixedParameters: 0 0 0

#Transform 147
Transform: AffineTransform_float_3_3
Parameters: 0.999998 -0.000982053 0.00178832 0.000983718 0.999999 -0.00101162 -0.00178747 0.00101383 0.999998 -0.0409427 -0.00918477 -0.265905
FixedParameters: 0 0 0

#Transform 148
Transform: AffineTransform_float_3_3
Parameters: 0.999997 -0.0010814 0.00185836 0.00108244 0.999999 -0.000810888 -0.00185777 0.000813208 0.999998 -0.0457523 -0.039095 -0.250949
FixedParameters: 0 0 0

#Transform 149
Transform: AffineTransform_float_3_3
Parameters: 0.999998 -0.00118003 0.00191861 0.00118193 0.999999 -0.0010128 -0.00191739 0.00101471 0.999998 -0.0479176 -0.0367771 -0.250751
FixedParameters: 0 0 0

#Transform 150
Transform: AffineTransform_float_3_3
Parameters: 0.999997 -0.00105603 0.00183459 0.00105815 0.999998 -0.00111568 -0.00183339 0.00111785 0.999998 -0.0447241 -0.0181652 -0.257455
FixedParameters: 0 0 0

#Transform 151
Transform: AffineTransform_float_3_3
Parameters: 0.999998 -0.00105432 0.00182924 0.00105659 0.999999 -0.00129808 -0.00182852 0.00129934 0.999997 -0.0408665 0.00677345 -0.249996
FixedParameters: 0 0 0

#Transform 152
Transform: AffineTransform_float_3_3
Parameters: 0.999998 -0.000984037 0.00177936 0.000986717 0.999998 -0.00145167 -0.00177851 0.00145258 0.999997 -0.0420605 0.0231952 -0.276868
FixedParameters: 0 0 0

#Transform 153
Transform: AffineTransform_float_3_3
Parameters: 0.999997 -0.00106062 0.00183104 0.00106244 0.999999 -0.0013994 -0.00182952 0.00140106 0.999997 -0.0436531 0.0287614 -0.287282
FixedParameters: 0 0 0

#Transform 154
Transform: AffineTransform_float_3_3
Parameters: 0.999997 -0.0011049 0.00186447 0.00110694 0.999999 -0.00121537 -0.0018638 0.00121689 0.999998 -0.0447503 0.0271232 -0.298551
FixedParameters: 0 0 0

#Transform 155
Transform: AffineTransform_float_3_3
Parameters: 0.999998 -0.00120835 0.00193325 0.00121041 0.999999 -0.0011869 -0.00193239 0.00118897 0.999997 -0.0474844 0.0109518 -0.283775
FixedParameters: 0 0 0

#Transform 156
Transform: AffineTransform_float_3_3
Parameters: 0.999998 -0.0012096 0.0019275 0.00121192 0.999998 -0.00147238 -0.00192538 0.00147534 0.999997 -0.0474275 0.0142258 -0.277997
FixedParameters: 0 0 0

#Transform 157
Transform: AffineTransform_float_3_3
Parameters: 0.999998 -0.00118371 0.00147065 0.00118679 0.999997 -0.00189047 -0.00146818 0.00189227 0.999997 -0.0299478 0.00584235 -0.288735
FixedParameters: 0 0 0

#Transform 158
Transform: AffineTransform_float_3_3
Parameters: 0.999998 -0.00100815 0.00127596 0.00101063 0.999997 -0.00213624 -0.00127449 0.00213754 0.999997 -0.030474 0.0115775 -0.289504
FixedParameters: 0 0 0

#Transform 159
Transform: AffineTransform_float_3_3
Parameters: 1 -0.000800885 0.000672904 0.000802218 0.999998 -0.0013991 -0.000671496 0.00140019 0.999999 0.000171226 0.0552343 -0.318122
FixedParameters: 0 0 0

#Transform 160
Transform: AffineTransform_float_3_3
Parameters: 0.999999 -0.000634242 0.000569981 0.000634724 0.999998 -0.00136283 -0.00056995 0.00136319 0.999999 0.00138328 0.0470309 -0.331831
FixedParameters: 0 0 0

#Transform 161
Transform: AffineTransform_float_3_3
Parameters: 0.999999 -0.000650834 0.000671985 0.000650927 0.999999 -0.00106706 -0.000670895 0.00106794 0.999999 -0.00233004 0.0597477 -0.352725
FixedParameters: 0 0 0

#Transform 162
Transform: AffineTransform_float_3_3
Parameters: 0.999999 -0.000610543 0.000680713 0.000611461 1 -0.00104551 -0.000680283 0.00104636 0.999999 -0.0023998 0.0596693 -0.352116
FixedParameters: 0 0 0

#Transform 163
Transform: AffineTransform_float_3_3
Parameters: 1 -0.000697939 0.000900533 0.000698482 0.999999 -0.00106945 -0.000899326 0.00107071 0.999999 -0.00912935 0.0454293 -0.341532
FixedParameters: 0 0 0

#Transform 164
Transform: AffineTransform_float_3_3
Parameters: 1 -0.000672443 0.000881981 0.00067391 0.999999 -0.00114226 -0.000881278 0.00114346 0.999999 -0.0110383 0.0487931 -0.346959
FixedParameters: 0 0 0

#Transform 165
Transform: AffineTransform_float_3_3
Parameters: 1 -0.000609254 0.000860025 0.000610382 1 -0.000974224 -0.000859672 0.000975287 0.999999 -0.0101941 0.0470862 -0.36165
FixedParameters: 0 0 0

#Transform 166
Transform: AffineTransform_float_3_3
Parameters: 1 -0.000609586 0.000810916 0.000610528 0.999999 -0.000934351 -0.000810636 0.00093404 0.999999 -0.0148368 0.0324169 -0.341238
FixedParameters: 0 0 0

#Transform 167
Transform: AffineTransform_float_3_3
Parameters: 1 -0.000596072 0.00102978 0.000597734 1 -0.00107286 -0.00102933 0.0010741 0.999999 -0.020527 0.0278147 -0.291585
FixedParameters: 0 0 0

#Transform 168
Transform: AffineTransform_float_3_3
Parameters: 0.999999 -0.000761116 0.00132975 0.000761527 0.999999 -0.000683897 -0.00132902 0.000684603 0.999999 -0.0299707 -0.0315068 -0.310877
FixedParameters: 0 0 0

#Transform 169
Transform: AffineTransform_float_3_3
Parameters: 0.999999 -0.00127948 0.00122139 0.0012812 0.999997 -0.00192934 -0.00121927 0.00193159 0.999997 -0.0322749 -0.0326196 -0.195942
FixedParameters: 0 0 0

#Transform 170
Transform: AffineTransform_float_3_3
Parameters: 0.999999 0.000290429 0.00135144 -0.000288299 0.999999 -0.00140966 -0.00135117 0.00140936 0.999998 -0.0703467 0.0416199 -0.23155
FixedParameters: 0 0 0

#Transform 171
Transform: AffineTransform_float_3_3
Parameters: 0.999998 -0.000132523 0.00191206 0.000138585 0.999995 -0.0030814 -0.00191105 0.003082 0.999993 -0.0640202 0.116893 -0.19554
FixedParameters: 0 0 0

#Transform 172
Transform: AffineTransform_float_3_3
Parameters: 0.999991 0.000536507 0.00430032 -0.000506898 0.999977 -0.006828 -0.00430373 0.00682557 0.999968 -0.112722 0.120136 -0.207453
FixedParameters: 0 0 0

#Transform 173
Transform: AffineTransform_float_3_3
Parameters: 0.999996 -7.68149e-05 0.00289756 8.96632e-05 0.99999 -0.00443008 -0.00289675 0.00443073 0.999986 -0.0598788 0.0801336 -0.161341
FixedParameters: 0 0 0

#Transform 174
Transform: AffineTransform_float_3_3
Parameters: 0.999997 -6.94797e-05 0.00246845 8.09616e-05 0.99999 -0.00445479 -0.00246798 0.00445482 0.999987 -0.0520316 0.0593405 -0.193862
FixedParameters: 0 0 0

#Transform 175
Transform: AffineTransform_float_3_3
Parameters: 0.999997 -5.76575e-05 0.00244552 6.92763e-05 0.999989 -0.00463399 -0.00244597 0.00463489 0.999986 -0.0453968 0.0356226 -0.192465
FixedParameters: 0 0 0

#Transform 176
Transform: AffineTransform_float_3_3
Parameters: 0.999997 -9.29071e-06 0.00231949 2.08658e-05 0.999989 -0.00474752 -0.00231955 0.00474765 0.999986 -0.0493273 0.0253497 -0.193763
FixedParameters: 0 0 0

#Transform 177
Transform: AffineTransform_float_3_3
Parameters: 0.999998 -0.000188089 0.00195916 0.000197739 0.999988 -0.00489784 -0.00195806 0.00489776 0.999986 -0.049086 0.0329004 -0.210741
FixedParameters: 0 0 0

#Transform 178
Transform: AffineTransform_float_3_3
Parameters: 0.999999 -9.86191e-05 0.0017369 0.000107209 0.999988 -0.00483039 -0.00173639 0.00483083 0.999987 -0.034743 0.0627113 -0.233197
FixedParameters: 0 0 0

#Transform 179
Transform: AffineTransform_float_3_3
Parameters: 0.999999 -3.20968e-05 0.00174555 3.96923e-05 0.99999 -0.00453551 -0.0017457 0.00453479 0.999988 -0.0357422 0.078566 -0.229289
FixedParameters: 0 0 0

#Transform 180
Transform: AffineTransform_float_3_3
Parameters: 0.999998 -1.45094e-05 0.00187568 2.12744e-05 0.999992 -0.00388581 -0.00187513 0.00388594 0.999991 -0.0380333 0.0874019 -0.218807
FixedParameters: 0 0 0

#Transform 181
Transform: AffineTransform_float_3_3
Parameters: 0.999996 0.000450174 0.00272968 -0.000434931 0.999985 -0.00530837 -0.0027324 0.00530738 0.999982 -0.0208433 0.0906915 -0.265784
FixedParameters: 0 0 0

#Transform 182
Transform: AffineTransform_float_3_3
Parameters: 0.999996 0.000141929 0.00295043 -0.000126877 0.999987 -0.00499092 -0.00295062 0.00499117 0.999983 -0.0628067 0.10068 -0.251868
FixedParameters: 0 0 0

#Transform 183
Transform: AffineTransform_float_3_3
Parameters: 0.999996 3.48475e-05 0.00275274 -2.24651e-05 0.99999 -0.00432699 -0.00275263 0.004327 0.999987 -0.0586456 0.0911955 -0.247806
FixedParameters: 0 0 0

#Transform 184
Transform: AffineTransform_float_3_3
Parameters: 0.999997 -0.000136604 0.00262822 0.000148061 0.999991 -0.00419922 -0.00262722 0.00419923 0.999988 -0.0570363 0.0798692 -0.263753
FixedParameters: 0 0 0

#Transform 185
Transform: AffineTransform_float_3_3
Parameters: 0.999996 -0.000237067 0.00271744 0.000247619 0.999993 -0.00384911 -0.00271714 0.00384973 0.999989 -0.0582302 0.050817 -0.253104
FixedParameters: 0 0 0

#Transform 186
Transform: AffineTransform_float_3_3
Parameters: 0.999996 -0.000350635 0.00282874 0.000361222 0.999992 -0.00394844 -0.00282778 0.00394975 0.999988 -0.0607666 0.0335953 -0.256943
FixedParameters: 0 0 0

#Transform 187
Transform: AffineTransform_float_3_3
Parameters: 0.999996 -0.000371293 0.002799 0.000382508 0.999993 -0.0038556 -0.00279766 0.00385701 0.999989 -0.0598323 0.0170335 -0.254839
FixedParameters: 0 0 0

#Transform 188
Transform: AffineTransform_float_3_3
Parameters: 0.999997 -0.000380168 0.00262881 0.000390534 0.999993 -0.00368891 -0.00262723 0.00369023 0.99999 -0.0569669 0.0131679 -0.252868
FixedParameters: 0 0 0

#Transform 189
Transform: AffineTransform_float_3_3
Parameters: 0.999996 -8.73751e-05 0.00276817 9.65985e-05 0.999994 -0.0035985 -0.00276768 0.00359827 0.99999 -0.04848 0.0342316 -0.254434
FixedParameters: 0 0 0
