#Insight Transform File V1.0
#Transform 0
Transform: AffineTransform_float_3_3
Parameters: 1 0.000691597 -0.000939171 -0.000694115 0.999996 -0.00273137 0.000937306 0.00273265 0.999996 0.00442248 0.0518761 0.0039431
FixedParameters: 0 0 0

#Transform 1
Transform: AffineTransform_float_3_3
Parameters: 1 0.000665038 -0.00090956 -0.000666701 0.999997 -0.00232577 0.000908395 0.00232696 0.999997 0.00694341 0.0507823 -0.0126124
FixedParameters: 0 0 0

#Transform 2
Transform: AffineTransform_float_3_3
Parameters: 0.999999 0.000535523 -0.000830526 -0.000536666 0.999998 -0.00189339 0.000829579 0.00189387 0.999998 0.0190157 0.0184596 -0.031518
FixedParameters: 0 0 0

#Transform 3
Transform: AffineTransform_float_3_3
Parameters: 0.999999 -0.000830635 -0.00151699 0.000835912 0.999993 0.00351936 0.00151353 -0.00352054 0.999993 0.0432215 -0.161148 0.140339
FixedParameters: 0 0 0

#Transform 4
Transform: AffineTransform_float_3_3
Parameters: 0.999999 9.37737e-05 -0.000991996 -9.10869e-05 0.999996 0.00267164 0.000991852 -0.00267186 0.999996 0.0113973 -0.0145053 0.0445118
FixedParameters: 0 0 0

#Transform 5
Transform: AffineTransform_float_3_3
Parameters: 1 0.000590311 -0.000922167 -0.000591808 0.999999 -0.00109948 0.000921688 0.00110016 0.999999 0.00468643 0.0844707 0.0672234
FixedParameters: 0 0 0

#Transform 6
Transform: AffineTransform_float_3_3
Parameters: 1 0.000542391 -0.000835052 -0.000542884 0.999998 -0.00144221 0.000834595 0.0014427 0.999999 0.00100848 0.0750084 0.0554709
FixedParameters: 0 0 0

#Transform 7
Transform: AffineTransform_float_3_3
Parameters: 0.999999 0.0004172 -0.000800972 -0.000419061 0.999999 -0.00155306 0.000800473 0.0015528 0.999998 0.0126483 -0.0429457 0.0870009
FixedParameters: 0 0 0

#Transform 8
Transform: AffineTransform_float_3_3
Parameters: 1 0.000306984 -0.000350853 -0.000307695 0.999998 -0.00191682 0.000350485 0.00191703 0.999998 -0.0056868 -0.0372156 0.0981075
FixedParameters: 0 0 0

#Transform 9
Transform: AffineTransform_float_3_3
Parameters: 0.999999 0.000304661 -0.000675483 -0.000305212 1 -0.00105856 0.000674276 0.00105899 0.999999 0.00167829 -0.0750924 0.107553
FixedParameters: 0 0 0

#Transform 10
Transform: AffineTransform_float_3_3
Parameters: 1 0.000208838 -0.000651502 -0.000209958 0.999999 -0.000859493 0.000651142 0.000859766 0.999999 0.000260865 -0.0845952 0.111274
FixedParameters: 0 0 0

#Transform 11
Transform: AffineTransform_float_3_3
Parameters: 1 0.000183847 -0.000641481 -0.000183893 1 -0.000463464 0.000642147 0.000463685 0.999999 0.0045327 -0.0842055 0.0963216
FixedParameters: 0 0 0

#Transform 12
Transform: AffineTransform_float_3_3
Parameters: 1 0.000361476 -0.000512684 -0.000361568 1 -9.01709e-05 0.000512619 9.05416e-05 1 -0.000679981 -0.0492953 0.0820796
FixedParameters: 0 0 0

#Transform 13
Transform: AffineTransform_float_3_3
Parameters: 0.999999 0.000501803 -0.000544867 -0.000501692 1 -0.000401357 0.0005453 0.00040189 1 0.00171461 -0.0279048 0.055849
FixedParameters: 0 0 0

#Transform 14
Transform: AffineTransform_float_3_3
Parameters: 1 -0.000365899 -0.000227872 0.000365505 0.999999 -0.000865126 0.000228505 0.00086496 0.999999 0.0138125 0.0509952 0.0102827
FixedParameters: 0 0 0

#Transform 15
Transform: AffineTransform_float_3_3
Parameters: 1 -0.000354763 -0.000210708 0.000354407 0.999999 -0.000843549 0.000211306 0.000843399 0.999999 0.0152763 0.0552363 0.0170164
FixedParameters: 0 0 0

#Transform 16
Transform: AffineTransform_float_3_3
Parameters: 1 -0.000329588 -0.000170748 0.000329352 0.999999 -0.000691506 0.000171203 0.000691393 0.999999 0.0154938 0.0516125 0.004493
FixedParameters: 0 0 0

#Transform 17
Transform: AffineTransform_float_3_3
Parameters: 1 -0.000342203 2.55548e-05 0.000342243 0.999999 -0.000785572 -2.50171e-05 0.000785589 0.999999 0.0166681 0.0478424 -0.00333629
FixedParameters: 0 0 0

#Transform 18
Transform: AffineTransform_float_3_3
Parameters: 1 -0.000481234 -0.000181099 0.000480983 0.999999 -0.000690359 0.000181763 0.000690185 0.999999 0.0149343 0.0476463 -0.00101349
FixedParameters: 0 0 0

#Transform 19
Transform: AffineTransform_float_3_3
Parameters: 1 -0.000466618 -0.000243844 0.000466713 1 0.000195072 0.000243662 -0.0001953 1 0.021116 -0.0185044 0.0351557
FixedParameters: 0 0 0

#Transform 20
Transform: AffineTransform_float_3_3
Parameters: 1 -0.00036313 -0.000143194 0.000363266 1 0.000475403 0.000142849 -0.000475507 1 0.0125026 -0.0269331 0.029541
FixedParameters: 0 0 0

#Transform 21
Transform: AffineTransform_float_3_3
Parameters: 1 -0.000370318 -6.81722e-05 0.000370342 1 0.000178802 6.80398e-05 -0.000178853 1 0.0120269 -0.0319234 0.0364443
FixedParameters: 0 0 0

#Transform 22
Transform: AffineTransform_float_3_3
Parameters: 1 -0.000248697 7.74921e-05 0.000248614 1 0.000534059 -7.77577e-05 -0.00053402 1 0.0147593 -0.0423546 0.00606542
FixedParameters: 0 0 0

#Transform 23
Transform: AffineTransform_float_3_3
Parameters: 1 -0.00026588 9.369e-05 0.000265743 0.999999 0.000729874 -9.4078e-05 -0.000729824 0.999999 0.0143543 -0.0422949 0.00132816
FixedParameters: 0 0 0

#Transform 24
Transform: AffineTransform_float_3_3
Parameters: 1 -0.000242124 7.94979e-05 0.000241999 0.999999 0.000785035 -7.9878e-05 -0.000784997 0.999999 0.0149381 -0.0388245 0.00531522
FixedParameters: 0 0 0

#Transform 25
Transform: AffineTransform_float_3_3
Parameters: 1 -0.000236854 0.000192064 0.000236534 0.999999 0.000832637 -0.000192458 -0.000832546 0.999999 0.0146137 -0.0364766 -0.0154425
FixedParameters: 0 0 0

#Transform 26
Transform: AffineTransform_float_3_3
Parameters: 1 -0.000384091 -8.88763e-05 0.000383407 0.999999 0.000851477 8.87714e-05 -0.000851563 0.999999 0.0227089 -0.0307652 -0.00718927
FixedParameters: 0 0 0

#Transform 27
Transform: AffineTransform_float_3_3
Parameters: 1 -0.000336794 -9.2444e-05 0.00033665 1 -0.00100318 9.31069e-05 0.00100312 1 0.0195308 0.0515163 0.000899742
FixedParameters: 0 0 0

#Transform 28
Transform: AffineTransform_float_3_3
Parameters: 1 -0.000206861 1.31111e-05 0.000206885 0.999999 -0.0009282 -1.2727e-05 0.000928206 0.999999 0.0112109 0.0676439 -0.000247401
FixedParameters: 0 0 0

#Transform 29
Transform: AffineTransform_float_3_3
Parameters: 1 -0.000205049 1.91965e-05 0.000205073 1 -0.000640271 -1.89339e-05 0.000640279 1 0.0180365 0.0549862 0.0074982
FixedParameters: 0 0 0

#Transform 30
Transform: AffineTransform_float_3_3
Parameters: 1 -0.000205024 1.9281e-05 0.000205048 1 -0.000636272 -1.90201e-05 0.00063628 1 0.0120381 0.0488546 0.0017969
FixedParameters: 0 0 0

#Transform 31
Transform: AffineTransform_float_3_3
Parameters: 1 1.28456e-05 -8.80435e-05 -1.27097e-05 0.999999 0.00077199 8.80633e-05 -0.000771988 0.999999 0.0136897 -0.0268963 0.0287311
FixedParameters: 0 0 0

#Transform 32
Transform: AffineTransform_float_3_3
Parameters: 1 -0.000123821 -0.000295756 0.000123482 0.999999 0.000838255 0.000296097 -0.000838345 0.999999 0.0155653 -0.0453193 0.0344842
FixedParameters: 0 0 0

#Transform 33
Transform: AffineTransform_float_3_3
Parameters: 1 1.29156e-05 -8.78086e-05 -1.27781e-05 0.999999 0.000782988 8.78287e-05 -0.000782986 0.999999 0.0205628 -0.0577234 0.0142691
FixedParameters: 0 0 0

#Transform 34
Transform: AffineTransform_float_3_3
Parameters: 1 -0.000378996 -0.000209721 0.000378414 1 0.00060292 0.000209813 -0.000603096 1 0.0134251 -0.0628973 0.0392099
FixedParameters: 0 0 0

#Transform 35
Transform: AffineTransform_float_3_3
Parameters: 1 -0.000266437 -0.000348699 0.000265891 0.999999 -0.000782165 0.000349115 0.00078198 0.999999 0.02171 0.0196555 -0.0102742
FixedParameters: 0 0 0

#Transform 36
Transform: AffineTransform_float_3_3
Parameters: 1 -0.000203401 -0.000439603 0.000202374 0.999999 -0.00121673 0.000440084 0.00121655 0.999999 0.0228312 0.0349443 0.00260908
FixedParameters: 0 0 0

#Transform 37
Transform: AffineTransform_float_3_3
Parameters: 1 0.00032323 -0.000610265 -0.000324061 1 -0.00116511 0.000610334 0.00116549 0.999999 0.0194413 0.0480712 -0.0117945
FixedParameters: 0 0 0

#Transform 38
Transform: AffineTransform_float_3_3
Parameters: 1 0.000392715 -0.000463091 -0.000393089 0.999999 -0.00102337 0.000463096 0.00102332 1 0.017834 0.0597531 -0.0301987
FixedParameters: 0 0 0

#Transform 39
Transform: AffineTransform_float_3_3
Parameters: 1 0.000355181 -0.000354028 -0.000355761 0.999999 -0.000819764 0.000353446 0.000820015 0.999999 0.0180513 0.0447074 -0.0354431
FixedParameters: 0 0 0

#Transform 40
Transform: AffineTransform_float_3_3
Parameters: 1 0.000380382 -0.000366796 -0.000380876 0.999999 -0.000673599 0.000366284 0.000673878 0.999999 0.0182723 0.0412463 -0.0295321
FixedParameters: 0 0 0

#Transform 41
Transform: AffineTransform_float_3_3
Parameters: 1 2.93239e-06 -0.000121134 -3.12078e-06 0.999999 -0.000777626 0.000121129 0.000777626 0.999999 0.0216877 0.0326956 -0.0225255
FixedParameters: 0 0 0

#Transform 42
Transform: AffineTransform_float_3_3
Parameters: 0.999999 0.000667943 -0.000539142 -0.000667985 1 -3.83464e-05 0.00053909 3.90666e-05 1 0.0228042 -0.0399523 -0.0111727
FixedParameters: 0 0 0

#Transform 43
Transform: AffineTransform_float_3_3
Parameters: 0.999999 0.000562057 -0.000700589 -0.000562366 1 -0.000220249 0.000700341 0.000221037 0.999999 0.0295931 -0.043419 -0.00997551
FixedParameters: 0 0 0

#Transform 44
Transform: AffineTransform_float_3_3
Parameters: 1 0.000519487 -0.000453418 -0.000519929 0.999999 -0.000487483 0.000452911 0.000487954 1 0.0246581 0.0113692 -0.0397124
FixedParameters: 0 0 0

#Transform 45
Transform: AffineTransform_float_3_3
Parameters: 1 0.000454765 -0.000412362 -0.000455214 0.999999 -0.000545015 0.000411866 0.00054539 1 0.0242968 0.00761189 -0.0468476
FixedParameters: 0 0 0

#Transform 46
Transform: AffineTransform_float_3_3
Parameters: 1 0.000426177 -0.000455862 -0.000426676 1 -0.0005469 0.000455396 0.000547289 0.999999 0.03286 0.010972 -0.0386763
FixedParameters: 0 0 0

#Transform 47
Transform: AffineTransform_float_3_3
Parameters: 1 0.000452874 -0.000418562 -0.000452984 1 -0.000829398 0.000418623 0.000828845 0.999999 0.0258839 0.0296786 -0.0215393
FixedParameters: 0 0 0

#Transform 48
Transform: AffineTransform_float_3_3
Parameters: 1 -0.000118811 -4.01326e-05 0.000118751 0.999999 -0.000742583 4.0309e-05 0.000742573 0.999999 0.0189602 0.0378586 -0.0387789
FixedParameters: 0 0 0

#Transform 49
Transform: AffineTransform_float_3_3
Parameters: 1 -0.000225358 3.15179e-05 0.000225401 0.999999 -0.000681413 -3.12108e-05 0.000681427 1 0.026525 0.0372101 -0.0460333
FixedParameters: 0 0 0

#Transform 50
Transform: AffineTransform_float_3_3
Parameters: 1 -0.000207367 1.81191e-05 0.000207394 0.999999 -0.000743259 -1.78108e-05 0.000743266 0.999999 0.0250845 0.0361933 -0.045327
FixedParameters: 0 0 0

#Transform 51
Transform: AffineTransform_float_3_3
Parameters: 1 -0.00028398 7.62359e-05 0.000284064 1 -0.000437225 -7.59731e-05 0.000437666 0.999999 0.0251397 0.0150861 -0.0544494
FixedParameters: 0 0 0

#Transform 52
Transform: AffineTransform_float_3_3
Parameters: 1 -0.000306734 -0.000214043 0.000306445 0.999999 -0.000672731 0.000214456 0.000672599 1 0.0314784 0.0085851 -0.0309508
FixedParameters: 0 0 0

#Transform 53
Transform: AffineTransform_float_3_3
Parameters: 1 -0.000274267 -0.000114661 0.000274241 1 -0.000111886 0.000114723 0.000111823 1 0.0288068 -0.0416863 -0.0118631
FixedParameters: 0 0 0

#Transform 54
Transform: AffineTransform_float_3_3
Parameters: 1 -0.000425679 -0.000383497 0.000426292 1 -0.000289366 0.000383194 0.000289056 1 0.034402 -0.0374949 0.0139071
FixedParameters: 0 0 0

#Transform 55
Transform: AffineTransform_float_3_3
Parameters: 1 -0.000524559 9.17414e-05 0.000525546 0.999999 -0.0008308 -9.14176e-05 0.000830913 0.999999 0.0317983 0.0451968 0.0179695
FixedParameters: 0 0 0

#Transform 56
Transform: AffineTransform_float_3_3
Parameters: 1 -0.000621016 -0.000169766 0.000620827 0.999998 -0.00152193 0.000170259 0.00152175 0.999999 0.0433027 0.103788 -0.00646858
FixedParameters: 0 0 0

#Transform 57
Transform: AffineTransform_float_3_3
Parameters: 1 -0.000645261 -0.000202065 0.000645143 0.999999 -0.00110502 0.000202094 0.00110479 1 0.0492011 0.104824 -0.0263318
FixedParameters: 0 0 0

#Transform 58
Transform: AffineTransform_float_3_3
Parameters: 1 -0.000616276 -0.000153608 0.000616895 0.999999 -0.000702099 0.000153925 0.000701927 0.999999 0.0527263 0.0907489 -0.0402593
FixedParameters: 0 0 0

#Transform 59
Transform: AffineTransform_float_3_3
Parameters: 0.999999 -0.000828652 -1.91154e-05 0.000828651 1 -0.000477806 1.99218e-05 0.000478171 0.999999 0.0507727 0.0748276 -0.0522699
FixedParameters: 0 0 0

#Transform 60
Transform: AffineTransform_float_3_3
Parameters: 0.999999 -0.000838083 -0.000148118 0.000837411 1 -0.000475105 0.000148093 0.000475268 0.999999 0.0536227 0.0615035 -0.0492055
FixedParameters: 0 0 0

#Transform 61
Transform: AffineTransform_float_3_3
Parameters: 0.999999 -0.000832498 -2.49629e-05 0.000831942 1 -0.000477665 2.49368e-05 0.000478035 0.999999 0.052674 0.0599685 -0.0475614
FixedParameters: 0 0 0

#Transform 62
Transform: AffineTransform_float_3_3
Parameters: 0.999999 -0.00084866 -0.000152945 0.000848576 0.999999 -0.00027359 0.000153409 0.00027333 1 0.0593551 0.0402768 -0.0488968
FixedParameters: 0 0 0

#Transform 63
Transform: AffineTransform_float_3_3
Parameters: 0.999999 -0.000724583 -0.000316586 0.000725092 1 -0.000541337 0.000316836 0.000541292 0.999999 0.0648802 0.057921 -0.0674786
FixedParameters: 0 0 0

#Transform 64
Transform: AffineTransform_float_3_3
Parameters: 1 -0.000652635 -0.000133635 0.000652507 0.999999 -0.000476241 0.000134257 0.000476066 1 0.049887 0.0520789 -0.108019
FixedParameters: 0 0 0

#Transform 65
Transform: AffineTransform_float_3_3
Parameters: 1 -0.00051977 -0.000201652 0.000519485 0.999999 -0.000706699 0.000202387 0.000706489 0.999999 0.0455259 0.0706104 -0.0660924
FixedParameters: 0 0 0

#Transform 66
Transform: AffineTransform_float_3_3
Parameters: 1 -0.000572873 -0.000424477 0.000573103 0.999999 -0.000720288 0.000424765 0.000720736 1 0.0462504 0.0878773 -0.070901
FixedParameters: 0 0 0

#Transform 67
Transform: AffineTransform_float_3_3
Parameters: 1 -0.000359847 -0.000205273 0.000359651 1 -0.000476544 0.000205615 0.000476396 1 0.0421185 0.0739515 -0.0848763
FixedParameters: 0 0 0

#Transform 68
Transform: AffineTransform_float_3_3
Parameters: 1 -0.000546512 -0.000283725 0.000545246 0.999999 -0.00133798 0.000284338 0.00133769 0.999999 0.0323055 0.0676758 -0.0245613
FixedParameters: 0 0 0

#Transform 69
Transform: AffineTransform_float_3_3
Parameters: 1 -0.000527898 -0.000248281 0.000527012 0.999999 -0.000678676 0.000248161 0.000678428 0.999999 0.0318566 0.0165692 -0.0553953
FixedParameters: 0 0 0

#Transform 70
Transform: AffineTransform_float_3_3
Parameters: 0.999999 -0.000774283 2.17162e-05 0.000775138 0.999999 -0.000478681 -2.15232e-05 0.000478731 1 0.0277753 0.0193949 -0.0577124
FixedParameters: 0 0 0

#Transform 71
Transform: AffineTransform_float_3_3
Parameters: 1 -0.000672349 0.000102949 0.000672399 0.999999 -0.000243955 -0.000102621 0.000244093 1 0.0394082 0.0366714 -0.0744904
FixedParameters: 0 0 0

#Transform 72
Transform: AffineTransform_float_3_3
Parameters: 1 -0.000690461 0.000109917 0.000689968 0.999999 -0.000249988 -0.000110407 0.000250154 1 0.0390439 0.0308061 -0.076964
FixedParameters: 0 0 0

#Transform 73
Transform: AffineTransform_float_3_3
Parameters: 0.999999 -0.000758273 4.91203e-06 0.000758276 0.999999 -0.000248388 -4.53534e-06 0.000248395 1 0.0435083 0.0265502 -0.0779865
FixedParameters: 0 0 0

#Transform 74
Transform: AffineTransform_float_3_3
Parameters: 0.999999 -0.00103246 -3.19677e-05 0.00103328 0.999999 -0.000266911 3.19704e-05 0.000266861 1 0.0451557 0.0319795 -0.0715743
FixedParameters: 0 0 0

#Transform 75
Transform: AffineTransform_float_3_3
Parameters: 1 -0.000998653 -4.99797e-05 0.000998051 1 -0.000632608 5.041e-05 0.000632002 0.999999 0.0458984 0.030758 -0.084311
FixedParameters: 0 0 0

#Transform 76
Transform: AffineTransform_float_3_3
Parameters: 1 -0.00118589 -0.00028554 0.00118573 0.999999 -0.000810266 0.000286091 0.000810017 1 0.0522161 0.0393481 -0.0499009
FixedParameters: 0 0 0

#Transform 77
Transform: AffineTransform_float_3_3
Parameters: 0.999999 -0.000771286 -0.000415651 0.000770254 0.999998 -0.00166283 0.000416843 0.00166353 0.999998 0.0368788 0.0767946 -0.0615893
FixedParameters: 0 0 0

#Transform 78
Transform: AffineTransform_float_3_3
Parameters: 1 -0.00052952 -9.41663e-05 0.000529518 0.999998 -0.00197918 9.48528e-05 0.00197911 0.999998 0.0308055 0.0857085 -0.0572097
FixedParameters: 0 0 0

#Transform 79
Transform: AffineTransform_float_3_3
Parameters: 1 -0.000501471 -3.90937e-05 0.000500832 0.999998 -0.00167243 3.99217e-05 0.0016724 0.999998 0.0292565 0.0620589 -0.0392295
FixedParameters: 0 0 0

#Transform 80
Transform: AffineTransform_float_3_3
Parameters: 1 -0.000521772 -9.04952e-05 0.000520995 0.999999 -0.00172425 9.14323e-05 0.00172417 0.999999 0.0379243 0.0678832 -0.0426972
FixedParameters: 0 0 0

#Transform 81
Transform: AffineTransform_float_3_3
Parameters: 1 -0.000654356 -3.81033e-05 0.000653747 0.999999 -0.00163932 3.94253e-05 0.0016406 0.999999 0.0335521 0.0679431 -0.0542899
FixedParameters: 0 0 0

#Transform 82
Transform: AffineTransform_float_3_3
Parameters: 1 -0.000550265 -7.07681e-05 0.000550383 0.999999 -0.00178249 7.13205e-05 0.00178244 0.999999 0.0362878 0.0734819 -0.0657545
FixedParameters: 0 0 0

#Transform 83
Transform: AffineTransform_float_3_3
Parameters: 1 -0.00050723 7.16723e-05 0.000508386 0.999999 -0.00170716 -7.05235e-05 0.00170633 0.999998 0.0338208 0.0648515 -0.0693757
FixedParameters: 0 0 0

#Transform 84
Transform: AffineTransform_float_3_3
Parameters: 1 -0.000670857 4.1236e-05 0.000671369 0.999999 -0.00172903 -4.03247e-05 0.00172912 0.999999 0.0363088 0.0741437 -0.080401
FixedParameters: 0 0 0

#Transform 85
Transform: AffineTransform_float_3_3
Parameters: 1 -0.0004762 -4.85132e-05 0.000476369 0.999998 -0.00171794 4.8764e-05 0.00171884 0.999999 0.0365854 0.0752303 -0.0616522
FixedParameters: 0 0 0

#Transform 86
Transform: AffineTransform_float_3_3
Parameters: 1 -0.000386836 -4.30211e-05 0.000386748 0.999999 -0.00149102 4.4162e-05 0.00149099 0.999999 0.0320655 0.0740741 -0.0674762
FixedParameters: 0 0 0

#Transform 87
Transform: AffineTransform_float_3_3
Parameters: 1 -0.000463227 2.30646e-05 0.000462795 0.999998 -0.00162796 -2.24053e-05 0.00162799 0.999998 0.0329778 0.0845303 -0.0731834
FixedParameters: 0 0 0

#Transform 88
Transform: AffineTransform_float_3_3
Parameters: 1 -0.000504579 -4.658e-05 0.000503956 0.999999 -0.0014315 4.71899e-05 0.00143186 0.999998 0.0337347 0.0872399 -0.0792464
FixedParameters: 0 0 0

#Transform 89
Transform: AffineTransform_float_3_3
Parameters: 1 -0.000491628 -7.43224e-05 0.000491448 0.999999 -0.00176778 7.60351e-05 0.00176771 0.999999 0.0357571 0.0972923 -0.0880122
FixedParameters: 0 0 0

#Transform 90
Transform: AffineTransform_float_3_3
Parameters: 1 -0.000448388 3.45372e-05 0.000448542 0.999998 -0.00164029 -3.30786e-05 0.00164032 0.999998 0.029884 0.0816008 -0.0941706
FixedParameters: 0 0 0

#Transform 91
Transform: AffineTransform_float_3_3
Parameters: 1 -0.000503093 -5.234e-05 0.000502463 0.999999 -0.00133537 5.28489e-05 0.00133572 0.999999 0.0343459 0.07123 -0.110562
FixedParameters: 0 0 0

#Transform 92
Transform: AffineTransform_float_3_3
Parameters: 1 -0.000531857 -0.000258203 0.000530833 1 -0.00103483 0.000258469 0.00103497 0.999999 0.0367483 0.0614205 -0.162692
FixedParameters: 0 0 0

#Transform 93
Transform: AffineTransform_float_3_3
Parameters: 0.999999 -0.000344216 -0.000739027 0.000343541 1 -0.00105057 0.000739188 0.00105008 0.999999 0.0597947 0.056286 -0.158775
FixedParameters: 0 0 0

#Transform 94
Transform: AffineTransform_float_3_3
Parameters: 0.999999 -0.000535213 -0.00073345 0.00053418 0.999999 -0.00130268 0.000734281 0.00130191 0.999999 0.0597922 0.0758199 -0.228182
FixedParameters: 0 0 0

#Transform 95
Transform: AffineTransform_float_3_3
Parameters: 1 -0.000576893 -0.000324679 0.000576343 0.999999 -0.000856373 0.000325677 0.000856916 1 0.0476981 0.0433605 -0.13001
FixedParameters: 0 0 0

#Transform 96
Transform: AffineTransform_float_3_3
Parameters: 1 -0.000567657 -0.000311776 0.000566553 1 -0.000959184 0.000312016 0.000958845 1 0.0477664 0.0777453 -0.162358
FixedParameters: 0 0 0

#Transform 97
Transform: AffineTransform_float_3_3
Parameters: 0.999999 -0.000699486 -0.000413622 0.000699589 1 -0.000936278 0.00041437 0.000935716 1 0.0544288 0.0790061 -0.152665
FixedParameters: 0 0 0

#Transform 98
Transform: AffineTransform_float_3_3
Parameters: 1 -0.000620927 -0.00027882 0.000620106 1 -0.000517743 0.000278641 0.000517809 0.999999 0.0511999 0.0817122 -0.139324
FixedParameters: 0 0 0

#Transform 99
Transform: AffineTransform_float_3_3
Parameters: 1 -0.000660948 -0.000260905 0.000661537 0.999999 -0.000470552 0.000260978 0.000470224 1 0.0483727 0.077221 -0.137436
FixedParameters: 0 0 0

#Transform 100
Transform: AffineTransform_float_3_3
Parameters: 0.999999 -0.000731535 -0.000220185 0.000731354 0.999999 -0.000410956 0.000220786 0.000410633 1 0.0478338 0.0696513 -0.125866
FixedParameters: 0 0 0

#Transform 101
Transform: AffineTransform_float_3_3
Parameters: 1 -0.000642922 -0.00023553 0.00064277 0.999999 -0.000322156 0.000235944 0.000321853 1 0.0480324 0.0647222 -0.11669
FixedParameters: 0 0 0

#Transform 102
Transform: AffineTransform_float_3_3
Parameters: 0.999999 -0.00074903 -0.000470334 0.000749189 0.999999 -0.000725309 0.000470883 0.000725539 1 0.0526074 0.040702 -0.112189
FixedParameters: 0 0 0

#Transform 103
Transform: AffineTransform_float_3_3
Parameters: 0.999999 -0.000549007 -0.000646911 0.000547961 0.999997 -0.00216815 0.000648178 0.00216839 0.999998 0.0477152 0.0844981 -0.0739752
FixedParameters: 0 0 0

#Transform 104
Transform: AffineTransform_float_3_3
Parameters: 1 -0.000218602 -0.000577508 0.000217461 0.999998 -0.00175339 0.000577723 0.00175408 0.999998 0.04993 0.108972 -0.109071
FixedParameters: 0 0 0

#Transform 105
Transform: AffineTransform_float_3_3
Parameters: 0.999999 -0.000492478 -0.000704031 0.000491393 0.999999 -0.00139355 0.00070484 0.00139288 0.999999 0.0571531 0.0965411 -0.116525
FixedParameters: 0 0 0

#Transform 106
Transform: AffineTransform_float_3_3
Parameters: 0.999999 -0.00051384 -0.000539227 0.000512472 0.999999 -0.00130685 0.000540555 0.0013063 0.999999 0.0541381 0.096744 -0.143651
FixedParameters: 0 0 0

#Transform 107
Transform: AffineTransform_float_3_3
Parameters: 0.999999 -0.000609426 -0.000530767 0.000609193 1 -0.00104641 0.000531481 0.00104578 1 0.0575012 0.0949203 -0.15232
FixedParameters: 0 0 0

#Transform 108
Transform: AffineTransform_float_3_3
Parameters: 0.999999 -0.000664427 -0.000460516 0.000663452 1 -0.00112186 0.000462007 0.00112165 0.999999 0.0570834 0.0753695 -0.153608
FixedParameters: 0 0 0

#Transform 109
Transform: AffineTransform_float_3_3
Parameters: 0.999999 -0.000585111 -0.000678473 0.000583894 0.999999 -0.00113951 0.000678408 0.00113875 0.999999 0.0638193 0.0964178 -0.166713
FixedParameters: 0 0 0

#Transform 110
Transform: AffineTransform_float_3_3
Parameters: 0.999999 -0.000725879 -0.000553644 0.000724171 1 -0.00110058 0.000554406 0.00110019 0.999999 0.0621411 0.0994518 -0.186342
FixedParameters: 0 0 0

#Transform 111
Transform: AffineTransform_float_3_3
Parameters: 0.999999 -0.000726868 -0.00055247 0.000725961 1 -0.000841079 0.000553718 0.00084159 0.999999 0.0621592 0.093146 -0.19164
FixedParameters: 0 0 0

#Transform 112
Transform: AffineTransform_float_3_3
Parameters: 0.999999 -0.000688071 -0.000491341 0.000686908 0.999999 -0.000632217 0.000491386 0.000632474 1 0.0607096 0.076112 -0.195885
FixedParameters: 0 0 0

#Transform 113
Transform: AffineTransform_float_3_3
Parameters: 0.999999 -0.000758616 -0.000466073 0.000757997 0.999999 -0.00066379 0.000467079 0.000663082 0.999999 0.0600763 0.0927536 -0.224836
FixedParameters: 0 0 0

#Transform 114
Transform: AffineTransform_float_3_3
Parameters: 0.999999 -0.000722408 -0.000546418 0.000720886 0.999999 -0.000912249 0.000546924 0.000912789 0.999999 0.0622614 0.0936532 -0.230957
FixedParameters: 0 0 0

#Transform 115
Transform: AffineTransform_float_3_3
Parameters: 0.999999 -0.00068503 -0.00048963 0.000684158 0.999999 -0.000913634 0.000490906 0.000914278 0.999999 0.0614566 0.10554 -0.23304
FixedParameters: 0 0 0

#Transform 116
Transform: AffineTransform_float_3_3
Parameters: 0.999999 -0.000686893 -0.000490284 0.000686228 1 -0.000702561 0.000491274 0.000703201 1 0.0614156 0.0995256 -0.226621
FixedParameters: 0 0 0

#Transform 117
Transform: AffineTransform_float_3_3
Parameters: 0.999999 -0.000695013 -0.000502441 0.000694349 1 -0.000684258 0.000503417 0.000684874 1 0.061653 0.0957015 -0.240203
FixedParameters: 0 0 0

#Transform 118
Transform: AffineTransform_float_3_3
Parameters: 0.999999 -0.000732525 -0.000556398 0.000731551 0.999999 -0.000383018 0.000556123 0.000382218 1 0.0628232 0.0932989 -0.253534
FixedParameters: 0 0 0

#Transform 119
Transform: AffineTransform_float_3_3
Parameters: 0.999999 -0.000668568 -0.000460425 0.000668097 0.999999 -0.000511396 0.000461108 0.00051078 1 0.0610001 0.0933752 -0.26486
FixedParameters: 0 0 0

#Transform 120
Transform: AffineTransform_float_3_3
Parameters: 0.999999 -0.000716483 -0.00053347 0.00071592 0.999999 -0.000527614 0.000534226 0.000526849 0.999999 0.0649719 0.103377 -0.276301
FixedParameters: 0 0 0

#Transform 121
Transform: AffineTransform_float_3_3
Parameters: 0.999999 -0.000650575 -0.000302681 0.000650227 0.999999 -0.00057578 0.00030343 0.000575386 1 0.057424 0.103252 -0.270457
FixedParameters: 0 0 0

#Transform 122
Transform: AffineTransform_float_3_3
Parameters: 0.999999 -0.000692139 -0.000494526 0.000691802 0.999999 -0.000341515 0.000494998 0.00034083 1 0.0643422 0.100539 -0.27846
FixedParameters: 0 0 0

#Transform 123
Transform: AffineTransform_float_3_3
Parameters: 0.999999 -0.000671894 -0.000463843 0.000671566 0.999999 -0.000353269 0.000464317 0.000352646 1 0.0615375 0.101965 -0.295025
FixedParameters: 0 0 0

#Transform 124
Transform: AffineTransform_float_3_3
Parameters: 0.999999 -0.000715625 -0.000530058 0.000715284 0.999999 -0.000321641 0.000530517 0.000320882 1 0.0658324 0.100055 -0.286749
FixedParameters: 0 0 0

#Transform 125
Transform: AffineTransform_float_3_3
Parameters: 0.999999 -0.000725414 -0.000548101 0.0007242 1 -0.000629131 0.000548203 0.000629665 1 0.0674713 0.105289 -0.253539
FixedParameters: 0 0 0

#Transform 126
Transform: AffineTransform_float_3_3
Parameters: 0.999999 -0.00070955 -0.000422313 0.000708744 0.999999 -0.000304898 0.00042191 0.000304314 1 0.0595733 0.0928911 -0.236314
FixedParameters: 0 0 0

#Transform 127
Transform: AffineTransform_float_3_3
Parameters: 0.999999 -0.000706456 -0.000425273 0.000706452 0.999999 -0.000341859 0.000424372 0.00034129 1 0.0619032 0.0998394 -0.248733
FixedParameters: 0 0 0

#Transform 128
Transform: AffineTransform_float_3_3
Parameters: 0.999999 -0.000664727 -0.0004529 0.000663862 0.999999 -0.000349539 0.000452528 0.000348952 1 0.0609592 0.0985178 -0.260562
FixedParameters: 0 0 0

#Transform 129
Transform: AffineTransform_float_3_3
Parameters: 0.999999 -0.000784926 -0.000477549 0.000784764 1 -0.000187591 0.000477857 0.000187238 0.999999 0.0666103 0.0803679 -0.251733
FixedParameters: 0 0 0

#Transform 130
Transform: AffineTransform_float_3_3
Parameters: 0.999999 -0.000711526 -0.000417621 0.000711305 0.999999 -0.000264971 0.000417997 0.000264376 1 0.0644386 0.0986838 -0.275055
FixedParameters: 0 0 0

#Transform 131
Transform: AffineTransform_float_3_3
Parameters: 0.999999 -0.000782619 -0.00044442 0.000782493 0.999999 -0.000141973 0.000444642 0.000141277 1 0.0642037 0.0903787 -0.283392
FixedParameters: 0 0 0

#Transform 132
Transform: AffineTransform_float_3_3
Parameters: 0.999999 -0.000650646 -0.000288439 0.000650697 1 8.70816e-05 0.000288325 -8.74569e-05 1 0.0598556 0.0889821 -0.27407
FixedParameters: 0 0 0

#Transform 133
Transform: AffineTransform_float_3_3
Parameters: 0.999999 -0.000706553 -0.000416219 0.000706567 1 1.70374e-05 0.000416194 -1.76255e-05 1 0.0647246 0.0863714 -0.267024
FixedParameters: 0 0 0

#Transform 134
Transform: AffineTransform_float_3_3
Parameters: 0.999999 -0.00065077 -0.000302028 0.000650579 0.999999 -0.000315731 0.000302439 0.000315338 1 0.0573487 0.0930817 -0.266843
FixedParameters: 0 0 0

#Transform 135
Transform: AffineTransform_float_3_3
Parameters: 0.999999 -0.000779141 -0.000251859 0.000778985 1 -0.000344301 0.00025241 0.000344305 0.999999 0.0602527 0.0938649 -0.272573
FixedParameters: 0 0 0

#Transform 136
Transform: AffineTransform_float_3_3
Parameters: 0.999999 -0.000789907 -0.000228283 0.000789745 0.999999 -0.000354421 0.000228842 0.00035406 1 0.058691 0.0927967 -0.275074
FixedParameters: 0 0 0

#Transform 137
Transform: AffineTransform_float_3_3
Parameters: 0.999999 -0.000840944 -0.000264868 0.000840716 0.999999 -0.000431379 0.000265593 0.000430933 1 0.0623072 0.0890394 -0.282702
FixedParameters: 0 0 0

#Transform 138
Transform: AffineTransform_float_3_3
Parameters: 0.999999 -0.000850907 -0.00032676 0.000851064 0.999999 -0.000198996 0.000325714 0.000198472 1 0.0640057 0.0938445 -0.286514
FixedParameters: 0 0 0

#Transform 139
Transform: AffineTransform_float_3_3
Parameters: 0.999999 -0.000859778 -0.000313461 0.000859859 1 0.000101551 0.0003133 -0.000101693 0.999999 0.0652849 0.0800243 -0.273372
FixedParameters: 0 0 0

#Transform 140
Transform: AffineTransform_float_3_3
Parameters: 0.999999 -0.000914514 -0.000275889 0.000914623 1 0.000167126 0.000275597 -0.000167233 0.999999 0.06827 0.0812006 -0.26914
FixedParameters: 0 0 0

#Transform 141
Transform: AffineTransform_float_3_3
Parameters: 1 -0.00102736 -0.00040258 0.00102744 0.999999 0.000128369 0.000402343 -0.000128799 0.999999 0.074228 0.0797551 -0.272242
FixedParameters: 0 0 0

#Transform 142
Transform: AffineTransform_float_3_3
Parameters: 1 -0.00109976 -0.000304835 0.00109973 0.999999 -2.02171e-05 0.000304906 1.99434e-05 0.999999 0.0712705 0.0835892 -0.265273
FixedParameters: 0 0 0

#Transform 143
Transform: AffineTransform_float_3_3
Parameters: 1 -0.000963523 -0.000442153 0.000963439 1 -6.62451e-05 0.000442307 6.57898e-05 0.999999 0.0759994 0.100316 -0.274588
FixedParameters: 0 0 0

#Transform 144
Transform: AffineTransform_float_3_3
Parameters: 0.999999 -0.000895858 -0.000447138 0.000895755 0.999999 -0.000115249 0.000447343 0.000114448 1 0.0729245 0.102499 -0.279429
FixedParameters: 0 0 0

#Transform 145
Transform: AffineTransform_float_3_3
Parameters: 0.999999 -0.000924596 -0.00043657 0.000924624 0.999999 3.17372e-05 0.000436511 -3.25445e-05 1 0.0761248 0.0975295 -0.276039
FixedParameters: 0 0 0

#Transform 146
Transform: AffineTransform_float_3_3
Parameters: 1 -0.00109764 -0.000346449 0.00109764 0.999999 4.76279e-05 0.000346371 -4.79916e-05 0.999999 0.0722489 0.0815523 -0.267705
FixedParameters: 0 0 0

#Transform 147
Transform: AffineTransform_float_3_3
Parameters: 1 -0.000896461 -0.000501627 0.000896423 1 -1.24091e-05 0.000501676 1.19065e-05 0.999999 0.0777023 0.0867878 -0.275867
FixedParameters: 0 0 0

#Transform 148
Transform: AffineTransform_float_3_3
Parameters: 1 -0.00101008 -0.000421758 0.00101023 0.999999 -0.000767783 0.000422784 0.000767864 1 0.0750816 0.104007 -0.29425
FixedParameters: 0 0 0

#Transform 149
Transform: AffineTransform_float_3_3
Parameters: 1 -0.00094968 -0.000262392 0.000949825 1 -0.000221025 0.000261454 0.000220956 0.999999 0.0644974 0.0833146 -0.277694
FixedParameters: 0 0 0

#Transform 150
Transform: AffineTransform_float_3_3
Parameters: 1 -0.00106933 -0.000348138 0.00106997 0.999999 -0.000237566 0.000348124 0.000237235 0.999999 0.0724404 0.0780799 -0.285673
FixedParameters: 0 0 0

#Transform 151
Transform: AffineTransform_float_3_3
Parameters: 1 -0.00114398 -0.000315115 0.00114396 0.999999 3.55691e-05 0.000315045 -3.62903e-05 1 0.0712718 0.0809556 -0.29792
FixedParameters: 0 0 0

#Transform 152
Transform: AffineTransform_float_3_3
Parameters: 1 -0.00102115 -0.000201248 0.00102126 0.999999 0.000355293 0.000200549 -0.000355306 0.999999 0.0695566 0.079955 -0.300168
FixedParameters: 0 0 0

#Transform 153
Transform: AffineTransform_float_3_3
Parameters: 1 -0.00104865 -0.000383262 0.00104931 0.999999 0.000199423 0.000383691 -0.000200242 1 0.0738494 0.0786582 -0.307009
FixedParameters: 0 0 0

#Transform 154
Transform: AffineTransform_float_3_3
Parameters: 1 -0.00102216 -0.000398527 0.00102206 0.999999 0.000285591 0.000399339 -0.000286438 1 0.0747195 0.0883095 -0.308761
FixedParameters: 0 0 0

#Transform 155
Transform: AffineTransform_float_3_3
Parameters: 1 -0.00101322 -0.000290553 0.00101332 0.999999 0.000244336 0.00029007 -0.000244925 1 0.0719383 0.0853002 -0.306069
FixedParameters: 0 0 0

#Transform 156
Transform: AffineTransform_float_3_3
Parameters: 1 -0.00108393 -0.000361913 0.0010842 0.999999 0.000416943 0.000361036 -0.00041733 0.999999 0.0734364 0.0903168 -0.322341
FixedParameters: 0 0 0

#Transform 157
Transform: AffineTransform_float_3_3
Parameters: 1 -0.00108442 -0.000363994 0.00108388 0.999999 0.000465296 0.000363545 -0.000466102 1 0.073403 0.0819115 -0.329846
FixedParameters: 0 0 0

#Transform 158
Transform: AffineTransform_float_3_3
Parameters: 1 -0.00115579 -0.000311517 0.00115612 0.999999 0.00054884 0.000310287 -0.000548245 1 0.0763206 0.0880809 -0.334749
FixedParameters: 0 0 0

#Transform 159
Transform: AffineTransform_float_3_3
Parameters: 1 -0.00109138 -0.00028386 0.00109158 0.999999 0.00042471 0.000282945 -0.000425329 1 0.0712566 0.0780385 -0.330651
FixedParameters: 0 0 0

#Transform 160
Transform: AffineTransform_float_3_3
Parameters: 1 -0.00109868 -0.000263268 0.00109873 0.999999 0.000141972 0.000262983 -0.000142153 0.999999 0.0708284 0.0875891 -0.334444
FixedParameters: 0 0 0

#Transform 161
Transform: AffineTransform_float_3_3
Parameters: 0.999999 -0.00116286 -0.000438069 0.00116308 0.999999 0.000273374 0.000437471 -0.000273078 1 0.0790575 0.0883774 -0.33947
FixedParameters: 0 0 0

#Transform 162
Transform: AffineTransform_float_3_3
Parameters: 1 -0.00116908 -0.000260775 0.00116979 0.999999 0.000359397 0.000260796 -0.000359625 0.999999 0.0740854 0.0917898 -0.353447
FixedParameters: 0 0 0

#Transform 163
Transform: AffineTransform_float_3_3
Parameters: 0.999999 -0.00119204 -0.000292505 0.00119148 0.999999 0.000500658 0.000291899 -0.000500057 1 0.0755895 0.0864126 -0.333178
FixedParameters: 0 0 0

#Transform 164
Transform: AffineTransform_float_3_3
Parameters: 0.999999 -0.0012227 -0.000389312 0.00122217 0.999999 0.00041577 0.000388882 -0.000415424 1 0.0766359 0.0743392 -0.326893
FixedParameters: 0 0 0

#Transform 165
Transform: AffineTransform_float_3_3
Parameters: 0.999999 -0.00124091 -7.89973e-05 0.00124113 1 -0.000551028 7.89952e-05 0.00055126 1 0.0748672 0.016935 -0.291286
FixedParameters: 0 0 0

#Transform 166
Transform: AffineTransform_float_3_3
Parameters: 1 -0.000897469 -0.000728367 0.000895806 0.999996 -0.00254458 0.000730434 0.00254426 0.999997 0.085203 0.216369 -0.343556
FixedParameters: 0 0 0

#Transform 167
Transform: AffineTransform_float_3_3
Parameters: 1 -0.000532493 -0.000260197 0.000531398 0.999999 -0.00113051 0.000260551 0.00113025 1 0.0464743 0.186298 -0.310712
FixedParameters: 0 0 0

#Transform 168
Transform: AffineTransform_float_3_3
Parameters: 1 -0.000574321 -0.000210393 0.000573671 1 -0.000242078 0.000209835 0.000241852 1 0.0510959 0.132366 -0.303368
FixedParameters: 0 0 0

#Transform 169
Transform: AffineTransform_float_3_3
Parameters: 0.999999 -0.000998028 8.11333e-05 0.000997998 0.999999 0.000291393 -8.17002e-05 -0.000290833 0.999999 0.0596328 0.103825 -0.316446
FixedParameters: 0 0 0

#Transform 170
Transform: AffineTransform_float_3_3
Parameters: 0.999999 -0.000986612 7.90884e-05 0.000985713 0.999999 0.000514406 -7.95396e-05 -0.00051387 0.999999 0.0599145 0.0640831 -0.318951
FixedParameters: 0 0 0

#Transform 171
Transform: AffineTransform_float_3_3
Parameters: 1 -0.00105738 3.17744e-05 0.00105649 0.999999 0.000889203 -3.31054e-05 -0.000889152 1 0.0641286 0.0629643 -0.315338
FixedParameters: 0 0 0

#Transform 172
Transform: AffineTransform_float_3_3
Parameters: 1 -0.00112731 -1.03151e-05 0.00112706 0.999999 0.000961213 9.54713e-06 -0.00096087 1 0.0664691 0.0384791 -0.312342
FixedParameters: 0 0 0

#Transform 173
Transform: AffineTransform_float_3_3
Parameters: 0.999999 -0.000940568 -3.12293e-05 0.000941201 1 0.000515915 3.10845e-05 -0.000516509 1 0.0580948 0.0507732 -0.29774
FixedParameters: 0 0 0

#Transform 174
Transform: AffineTransform_float_3_3
Parameters: 0.999999 -0.000995507 1.77816e-05 0.000995496 0.999999 0.000312972 -1.84047e-05 -0.000312936 1 0.0594968 0.0718455 -0.310965
FixedParameters: 0 0 0

#Transform 175
Transform: AffineTransform_float_3_3
Parameters: 0.999999 -0.000904863 2.80133e-05 0.000904827 0.999999 0.000619261 -2.91339e-05 -0.000619209 1 0.0578 0.083718 -0.332396
FixedParameters: 0 0 0

#Transform 176
Transform: AffineTransform_float_3_3
Parameters: 1 -0.000958575 6.57516e-05 0.000958489 1 0.000721094 -6.71309e-05 -0.000721487 0.999999 0.0592246 0.107733 -0.350365
FixedParameters: 0 0 0

#Transform 177
Transform: AffineTransform_float_3_3
Parameters: 0.999999 -0.000883208 2.32508e-05 0.000882367 0.999999 0.00100331 -2.44861e-05 -0.00100328 1 0.0544321 0.103794 -0.354114
FixedParameters: 0 0 0

#Transform 178
Transform: AffineTransform_float_3_3
Parameters: 0.999999 -0.000854247 1.61993e-05 0.000854787 0.999998 0.00148839 -1.79199e-05 -0.00148837 0.999999 0.0537762 0.113194 -0.383191
FixedParameters: 0 0 0

#Transform 179
Transform: AffineTransform_float_3_3
Parameters: 0.999999 -0.00100543 5.03712e-05 0.00100507 0.999998 0.00152619 -5.20921e-05 -0.00152703 0.999999 0.0576972 0.101969 -0.386354
FixedParameters: 0 0 0

#Transform 180
Transform: AffineTransform_float_3_3
Parameters: 0.999999 -0.000984577 0.000105491 0.000984034 0.999998 0.00164966 -0.000107376 -0.00165 0.999998 0.0587397 0.0730218 -0.395461
FixedParameters: 0 0 0

#Transform 181
Transform: AffineTransform_float_3_3
Parameters: 1 -0.000972655 0.000169789 0.000971886 0.999998 0.00151854 -0.000171381 -0.00151916 0.999999 0.0577311 0.075098 -0.403808
FixedParameters: 0 0 0

#Transform 182
Transform: AffineTransform_float_3_3
Parameters: 1 -0.00101126 0.000120115 0.00101147 0.999998 0.00153381 -0.000122406 -0.0015345 0.999999 0.0600294 0.0816322 -0.40412
FixedParameters: 0 0 0

#Transform 183
Transform: AffineTransform_float_3_3
Parameters: 1 -0.00100278 0.000118304 0.00100214 0.999998 0.00168728 -0.000120315 -0.00168707 0.999999 0.0599499 0.0577138 -0.394743
FixedParameters: 0 0 0

#Transform 184
Transform: AffineTransform_float_3_3
Parameters: 1 -0.00110814 0.000190896 0.00110719 0.999997 0.00183752 -0.000193594 -0.00183712 0.999999 0.0600393 0.0653178 -0.39844
FixedParameters: 0 0 0

#Transform 185
Transform: AffineTransform_float_3_3
Parameters: 1 -0.000937267 0.000138469 0.000937093 0.999998 0.00172347 -0.000139492 -0.00172325 0.999999 0.0559188 0.0754928 -0.40818
FixedParameters: 0 0 0

#Transform 186
Transform: AffineTransform_float_3_3
Parameters: 1 -0.00114253 0.000144917 0.00114233 0.999998 0.00177336 -0.000146747 -0.00177267 0.999998 0.0627609 0.0813506 -0.406494
FixedParameters: 0 0 0

#Transform 187
Transform: AffineTransform_float_3_3
Parameters: 1 -0.001051 4.27599e-05 0.00105115 0.999997 0.00185416 -4.44501e-05 -0.00185412 0.999999 0.0631293 0.0926497 -0.42041
FixedParameters: 0 0 0

#Transform 188
Transform: AffineTransform_float_3_3
Parameters: 1 -0.00103765 0.000236299 0.0010371 0.999998 0.00181614 -0.000237859 -0.00181569 0.999999 0.0596319 0.0993941 -0.424479
FixedParameters: 0 0 0

#Transform 189
Transform: AffineTransform_float_3_3
Parameters: 0.999999 -0.00108931 0.000624623 0.00108832 0.999999 0.000997965 -0.000624586 -0.000997568 0.999999 0.0599505 0.0937015 -0.426556
FixedParameters: 0 0 0
