#Insight Transform File V1.0
#Transform 0
Transform: AffineTransform_float_3_3
Parameters: 0.999999 0.00150889 -0.0010042 -0.0015076 0.999998 0.000845914 0.00100607 -0.000844712 0.999999 -0.0206378 0.00360509 -0.0387357
FixedParameters: 0 0 0

#Transform 1
Transform: AffineTransform_float_3_3
Parameters: 0.999999 0.0012386 -0.000800516 -0.00123775 0.999999 0.00121531 0.000801866 -0.00121433 0.999999 -0.0235769 0.0289081 -0.054514
FixedParameters: 0 0 0

#Transform 2
Transform: AffineTransform_float_3_3
Parameters: 0.999999 0.00114392 -0.000854688 -0.00114235 0.999998 0.00152452 0.000856527 -0.00152404 0.999999 -0.0219546 0.00458073 -0.0536077
FixedParameters: 0 0 0

#Transform 3
Transform: AffineTransform_float_3_3
Parameters: 0.999999 0.00106186 -0.000934333 -0.00106079 0.999999 0.000817274 0.000935297 -0.000816236 0.999999 -0.0184937 -0.0186699 -0.00536651
FixedParameters: 0 0 0

#Transform 4
Transform: AffineTransform_float_3_3
Parameters: 0.999999 0.00113954 -0.000968181 -0.00113907 0.999999 0.000484152 0.000968513 -0.000482892 0.999999 -0.0178704 0.00552663 -0.00120268
FixedParameters: 0 0 0

#Transform 5
Transform: AffineTransform_float_3_3
Parameters: 0.999999 0.00117927 -0.000943148 -0.00117917 0.999999 0.000298629 0.000943081 -0.000297351 0.999999 -0.0186212 0.0191732 -0.00289322
FixedParameters: 0 0 0

#Transform 6
Transform: AffineTransform_float_3_3
Parameters: 0.999999 0.00118424 -0.000929544 -0.00118508 0.999999 -0.000753794 0.000928691 0.000755175 0.999999 -0.016432 0.00330572 0.0185005
FixedParameters: 0 0 0

#Transform 7
Transform: AffineTransform_float_3_3
Parameters: 0.999999 0.00103406 -0.000963664 -0.00103465 1 -0.000333466 0.000963055 0.000334575 0.999999 -0.0188914 0.0261291 0.0163585
FixedParameters: 0 0 0

#Transform 8
Transform: AffineTransform_float_3_3
Parameters: 1 0.000955222 -0.000611117 -0.000954961 1 0.000172788 0.000611529 -0.000172504 1 -0.0259794 0.0274598 0.0139748
FixedParameters: 0 0 0

#Transform 9
Transform: AffineTransform_float_3_3
Parameters: 0.999999 0.000811434 -0.000561627 -0.000811415 0.999999 1.74906e-05 0.000561655 -1.65792e-05 1 -0.0064673 0.00481434 0.0360136
FixedParameters: 0 0 0

#Transform 10
Transform: AffineTransform_float_3_3
Parameters: 1 0.000560432 -0.000192995 -0.000560449 1 -0.00104637 0.000192639 0.00104664 1 -0.0287419 0.0430959 -0.00266589
FixedParameters: 0 0 0

#Transform 11
Transform: AffineTransform_float_3_3
Parameters: 1 0.000590718 -0.000143783 -0.000590432 0.999999 -0.000788292 0.000143704 0.000788525 0.999999 -0.0219409 0.00312023 0.025477
FixedParameters: 0 0 0

#Transform 12
Transform: AffineTransform_float_3_3
Parameters: 0.999999 0.0005028 -0.000518514 -0.000502998 1 -0.000937869 0.000517099 0.000937487 0.999999 -0.000358709 5.96714e-05 0.0143827
FixedParameters: 0 0 0

#Transform 13
Transform: AffineTransform_float_3_3
Parameters: 1 0.000171058 -0.000179129 -0.000171536 0.999999 -0.00112618 0.000178789 0.00112536 0.999999 -0.0175296 0.0449922 -0.0137678
FixedParameters: 0 0 0

#Transform 14
Transform: AffineTransform_float_3_3
Parameters: 1 0.000270615 -0.00028428 -0.000271445 0.999999 -0.00124035 0.000283571 0.0012405 0.999999 -0.00755596 0.0180252 0.0193314
FixedParameters: 0 0 0

#Transform 15
Transform: AffineTransform_float_3_3
Parameters: 1 -8.93181e-05 -0.000479284 8.94819e-05 1 0.000170787 0.000479253 -0.000170873 1 -0.00434168 -0.01981 0.0442153
FixedParameters: 0 0 0

#Transform 16
Transform: AffineTransform_float_3_3
Parameters: 1 -3.83838e-05 -0.000501231 3.84493e-05 1 6.52815e-05 0.000501226 -6.532e-05 1 -0.00423154 -0.0234991 0.0418565
FixedParameters: 0 0 0

#Transform 17
Transform: AffineTransform_float_3_3
Parameters: 1 0.000337503 -0.000496113 -0.000337445 1 5.89803e-05 0.000496153 -5.86454e-05 1 -0.00410897 -0.0125566 0.0347646
FixedParameters: 0 0 0

#Transform 18
Transform: AffineTransform_float_3_3
Parameters: 1 -0.000291621 0.000133886 0.00029171 1 0.00111415 -0.000133719 -0.00111401 1 -0.0158556 0.0238714 -0.0232233
FixedParameters: 0 0 0

#Transform 19
Transform: AffineTransform_float_3_3
Parameters: 1 6.28688e-05 -8.57232e-05 -6.27118e-05 0.999999 0.000915436 8.58382e-05 -0.000915425 0.999999 -0.0147647 -0.00388692 -0.00383812
FixedParameters: 0 0 0

#Transform 20
Transform: AffineTransform_float_3_3
Parameters: 1 0.000218959 -0.00051667 -0.0002194 0.999999 0.000332616 0.000517347 -0.000332834 1 0.0106869 -0.0204574 0.0140283
FixedParameters: 0 0 0

#Transform 21
Transform: AffineTransform_float_3_3
Parameters: 1 -0.000275898 0.000467299 0.000275892 0.999999 0.000914499 -0.000468322 -0.000914258 0.999999 -0.0153457 0.0148919 -0.0196061
FixedParameters: 0 0 0

#Transform 22
Transform: AffineTransform_float_3_3
Parameters: 1 -0.000188328 0.000349319 0.000188072 1 0.000366234 -0.000349456 -0.000366102 1 -0.00436862 -0.0122807 0.028168
FixedParameters: 0 0 0

#Transform 23
Transform: AffineTransform_float_3_3
Parameters: 0.999999 -0.000403018 0.000636419 0.000402758 1 0.000810902 -0.000637544 -0.000811291 0.999999 -0.0117583 0.0135422 -0.0198715
FixedParameters: 0 0 0

#Transform 24
Transform: AffineTransform_float_3_3
Parameters: 1 -0.000335356 0.000494552 0.00033468 0.999999 0.000748224 -0.000495041 -0.000748354 1 -0.0198518 -0.0186397 0.019005
FixedParameters: 0 0 0

#Transform 25
Transform: AffineTransform_float_3_3
Parameters: 1 -0.00036648 0.000512271 0.00036605 0.999999 0.000481349 -0.000512611 -0.000481435 1 -0.00502417 -0.0257116 0.0128893
FixedParameters: 0 0 0

#Transform 26
Transform: AffineTransform_float_3_3
Parameters: 1 -0.000539121 0.000661924 0.000539641 1 0.000672785 -0.000662234 -0.000672908 0.999999 -0.00981142 0.0105074 -0.0140517
FixedParameters: 0 0 0

#Transform 27
Transform: AffineTransform_float_3_3
Parameters: 0.999999 -0.00076941 0.000604256 0.000769784 1 -0.000372871 -0.000603636 0.000372915 1 0.0026389 0.00295121 0.00755698
FixedParameters: 0 0 0

#Transform 28
Transform: AffineTransform_float_3_3
Parameters: 1 -0.000836948 0.000705895 0.000836118 1 0.000623046 -0.000706855 -0.000622747 0.999999 0.00505138 0.00279918 -0.0257182
FixedParameters: 0 0 0

#Transform 29
Transform: AffineTransform_float_3_3
Parameters: 0.999999 -0.000940664 0.00078554 0.000940089 1 0.000397589 -0.000786205 -0.000396994 0.999999 0.00110396 0.0168605 -0.00551114
FixedParameters: 0 0 0

#Transform 30
Transform: AffineTransform_float_3_3
Parameters: 0.999999 -0.000774974 0.000564809 0.000774923 1 0.000432489 -0.000564581 -0.000432436 1 0.00947945 0.00572276 -0.0088912
FixedParameters: 0 0 0

#Transform 31
Transform: AffineTransform_float_3_3
Parameters: 1 -0.000770174 0.000730508 0.000769814 1 0.000631384 -0.000730546 -0.000631079 0.999999 -0.00101107 -0.000429796 -0.00589653
FixedParameters: 0 0 0

#Transform 32
Transform: AffineTransform_float_3_3
Parameters: 1 -0.000674085 0.000715007 0.000673406 1 0.000509313 -0.000715611 -0.000509232 0.999999 0.00281256 -0.00158796 0.00243444
FixedParameters: 0 0 0

#Transform 33
Transform: AffineTransform_float_3_3
Parameters: 0.999999 -0.000758577 0.000609848 0.000757623 1 0.000719666 -0.000610893 -0.000719627 0.999999 -0.00641742 0.012583 -0.0118904
FixedParameters: 0 0 0

#Transform 34
Transform: AffineTransform_float_3_3
Parameters: 0.999999 -0.00080882 0.000482265 0.000809176 1 -0.000448074 -0.000481494 0.000447968 1 0.00270911 -0.0161954 0.0364611
FixedParameters: 0 0 0

#Transform 35
Transform: AffineTransform_float_3_3
Parameters: 1 -0.000677973 0.000756455 0.000677562 1 0.000346938 -0.00075683 -0.000347258 1 -0.00285219 0.0242717 -0.00935424
FixedParameters: 0 0 0

#Transform 36
Transform: AffineTransform_float_3_3
Parameters: 1 -0.000847299 0.000691514 0.000847041 1 0.000593269 -0.000691585 -0.000592917 0.999999 0.00391343 0.0242996 -0.0228802
FixedParameters: 0 0 0

#Transform 37
Transform: AffineTransform_float_3_3
Parameters: 1 -0.000814298 0.00063254 0.000814425 1 -6.05472e-05 -0.000632359 6.06939e-05 1 0.00804471 -0.00220063 0.0228448
FixedParameters: 0 0 0

#Transform 38
Transform: AffineTransform_float_3_3
Parameters: 0.999999 -0.00101156 0.000729414 0.00101111 0.999999 0.000697007 -0.000729889 -0.000696352 0.999999 0.0101052 0.00867486 -0.0274263
FixedParameters: 0 0 0

#Transform 39
Transform: AffineTransform_float_3_3
Parameters: 1 -0.000891432 0.000739201 0.000890789 0.999999 0.000815627 -0.00073972 -0.000815129 0.999999 0.00273196 0.00550322 -0.015559
FixedParameters: 0 0 0

#Transform 40
Transform: AffineTransform_float_3_3
Parameters: 1 -0.000895825 0.00050305 0.000895407 1 0.000463865 -0.000503799 -0.000463846 1 0.0106241 -0.0115779 0.0194123
FixedParameters: 0 0 0

#Transform 41
Transform: AffineTransform_float_3_3
Parameters: 1 -0.000888049 0.000701429 0.000888393 0.999999 0.00076105 -0.000702364 -0.000760641 0.999999 0.00369949 0.00972077 -0.0150134
FixedParameters: 0 0 0

#Transform 42
Transform: AffineTransform_float_3_3
Parameters: 1 -0.000957258 0.000678826 0.000956697 0.999999 0.000874412 -0.000679552 -0.000874394 1 0.00399399 0.00194441 -0.0111923
FixedParameters: 0 0 0

#Transform 43
Transform: AffineTransform_float_3_3
Parameters: 1 -0.00104757 0.000298667 0.00104764 1 -3.74877e-05 -0.000298506 3.72299e-05 1 0.0158571 -0.0123332 0.0437526
FixedParameters: 0 0 0

#Transform 44
Transform: AffineTransform_float_3_3
Parameters: 1 -0.000906793 0.000709766 0.00090632 0.999999 0.000774217 -0.000710223 -0.000774212 1 -0.000537656 0.0123298 -0.00717001
FixedParameters: 0 0 0

#Transform 45
Transform: AffineTransform_float_3_3
Parameters: 1 -0.000904121 0.000503615 0.000903397 0.999999 0.000767721 -0.00050492 -0.000767693 0.999999 0.00301591 0.00123389 0.013885
FixedParameters: 0 0 0

#Transform 46
Transform: AffineTransform_float_3_3
Parameters: 1 -0.00103547 0.000568302 0.00103584 1 0.000171001 -0.000567722 -0.000170644 1 0.0113165 -0.00407453 0.0332318
FixedParameters: 0 0 0

#Transform 47
Transform: AffineTransform_float_3_3
Parameters: 0.999999 -0.00103959 0.000735386 0.00103893 0.999999 0.000487447 -0.000736316 -0.000486801 0.999999 0.00657091 0.0106771 -0.00346808
FixedParameters: 0 0 0

#Transform 48
Transform: AffineTransform_float_3_3
Parameters: 0.999999 -0.00112008 0.000780026 0.00111949 0.999999 0.000740388 -0.000780749 -0.00073946 0.999999 0.00459657 -0.00223359 -0.00230503
FixedParameters: 0 0 0

#Transform 49
Transform: AffineTransform_float_3_3
Parameters: 1 -0.00109875 0.000381159 0.00109873 0.999999 -0.000583482 -0.000380647 0.000583372 1 0.0189628 -0.00395633 0.0340966
FixedParameters: 0 0 0

#Transform 50
Transform: AffineTransform_float_3_3
Parameters: 0.999999 -0.00119627 0.000618529 0.00119553 0.999999 0.000640247 -0.000619978 -0.000639649 0.999999 0.00625571 0.0163 -0.0104853
FixedParameters: 0 0 0

#Transform 51
Transform: AffineTransform_float_3_3
Parameters: 1 -0.00104489 0.000377361 0.00104593 0.999999 -0.00101748 -0.000376615 0.00101865 0.999999 0.0270639 0.000555653 0.0430219
FixedParameters: 0 0 0

#Transform 52
Transform: AffineTransform_float_3_3
Parameters: 1 -0.00106948 0.000603885 0.00107007 0.999999 -0.000919065 -0.00060277 0.000920292 1 0.00544761 0.0547105 -0.0175096
FixedParameters: 0 0 0

#Transform 53
Transform: AffineTransform_float_3_3
Parameters: 1 -0.000946836 0.000714251 0.000947914 0.999999 -0.00111372 -0.000712991 0.00111501 0.999999 0.0137883 0.0528264 -0.010537
FixedParameters: 0 0 0

#Transform 54
Transform: AffineTransform_float_3_3
Parameters: 0.999999 -0.000872518 0.000516626 0.000873385 0.999999 -0.00153309 -0.000514792 0.00153304 0.999999 0.0132672 0.0505388 -0.0158568
FixedParameters: 0 0 0

#Transform 55
Transform: AffineTransform_float_3_3
Parameters: 0.999999 -0.000863868 0.000412829 0.00086411 0.999998 -0.00184111 -0.000411424 0.00184169 0.999998 0.031607 0.044021 -0.00552416
FixedParameters: 0 0 0

#Transform 56
Transform: AffineTransform_float_3_3
Parameters: 0.999999 -0.000744473 0.000444328 0.000745214 0.999998 -0.0016413 -0.000442725 0.00164101 0.999998 0.0172199 0.0574483 -0.0197788
FixedParameters: 0 0 0

#Transform 57
Transform: AffineTransform_float_3_3
Parameters: 0.999999 -0.000649138 0.000402742 0.000649945 0.999998 -0.00195394 -0.000401128 0.00195439 0.999998 0.0167729 0.0590698 -0.0345547
FixedParameters: 0 0 0

#Transform 58
Transform: AffineTransform_float_3_3
Parameters: 1 -0.000681269 0.00036846 0.000681502 0.999998 -0.00215442 -0.000367254 0.0021539 0.999997 0.028685 0.0393898 -0.00377005
FixedParameters: 0 0 0

#Transform 59
Transform: AffineTransform_float_3_3
Parameters: 0.999999 -0.000806377 0.000653792 0.000807323 0.999999 -0.00121142 -0.000652724 0.00121241 0.999999 0.0136099 0.0274784 -0.0242198
FixedParameters: 0 0 0

#Transform 60
Transform: AffineTransform_float_3_3
Parameters: 1 -0.000853158 0.000736532 0.000853667 0.999999 -0.00104091 -0.000736458 0.00104204 0.999999 0.0123262 0.0289284 -0.023819
FixedParameters: 0 0 0

#Transform 61
Transform: AffineTransform_float_3_3
Parameters: 0.999999 -0.000744818 0.000597005 0.00074585 0.999998 -0.0013996 -0.000595807 0.00140042 0.999999 0.0296982 0.0325698 -0.0276797
FixedParameters: 0 0 0

#Transform 62
Transform: AffineTransform_float_3_3
Parameters: 0.999999 -0.000739401 0.00116129 0.000740377 0.999999 -0.000592185 -0.00116117 0.000592495 0.999999 7.59643e-05 0.039585 -0.0483256
FixedParameters: 0 0 0

#Transform 63
Transform: AffineTransform_float_3_3
Parameters: 1 -0.000906105 0.000792926 0.000906347 0.999999 -0.00138352 -0.000791558 0.00138397 0.999999 0.0212959 0.0260745 -0.00975238
FixedParameters: 0 0 0

#Transform 64
Transform: AffineTransform_float_3_3
Parameters: 0.999999 -0.000940669 0.00105908 0.000941352 0.999999 -0.000510671 -0.00105887 0.000511255 0.999999 0.0147132 0.0375393 -0.0508862
FixedParameters: 0 0 0

#Transform 65
Transform: AffineTransform_float_3_3
Parameters: 0.999999 -0.00103394 0.00118011 0.00103438 0.999999 -0.000138324 -0.00117973 0.00013942 0.999999 0.0107864 0.0172065 -0.0381649
FixedParameters: 0 0 0

#Transform 66
Transform: AffineTransform_float_3_3
Parameters: 0.999999 -0.00113488 0.00107107 0.00113623 0.999999 -0.000868807 -0.00106994 0.000871175 0.999999 0.0164857 0.00540156 0.00819558
FixedParameters: 0 0 0

#Transform 67
Transform: AffineTransform_float_3_3
Parameters: 0.999998 -0.0012576 0.00113323 0.00125803 0.999999 -0.000137026 -0.00113278 0.000138531 0.999999 0.0152837 0.0145918 -0.0344898
FixedParameters: 0 0 0

#Transform 68
Transform: AffineTransform_float_3_3
Parameters: 0.999998 -0.00129355 0.00107843 0.00129438 0.999999 -0.000605341 -0.00107758 0.000605837 0.999999 0.0180499 0.027104 -0.00883313
FixedParameters: 0 0 0

#Transform 69
Transform: AffineTransform_float_3_3
Parameters: 0.999999 -0.00113378 0.000799557 0.00113452 0.999999 -0.000756416 -0.00079861 0.000757282 0.999999 0.0243281 0.0347485 -0.0253088
FixedParameters: 0 0 0

#Transform 70
Transform: AffineTransform_float_3_3
Parameters: 0.999999 -0.00104004 0.00105303 0.00104018 0.999999 -0.000254599 -0.00105325 0.000255381 1 0.00386255 0.0279787 -0.0251623
FixedParameters: 0 0 0

#Transform 71
Transform: AffineTransform_float_3_3
Parameters: 0.999999 -0.000644078 0.00109381 0.000645627 1 -0.000941888 -0.00109345 0.000943236 0.999999 -0.0177208 0.0282365 -0.00371842
FixedParameters: 0 0 0

#Transform 72
Transform: AffineTransform_float_3_3
Parameters: 0.999999 -0.00055634 0.000787302 0.000558556 0.999998 -0.00189309 -0.000786115 0.00189389 0.999998 0.00380858 0.00877143 0.0463288
FixedParameters: 0 0 0

#Transform 73
Transform: AffineTransform_float_3_3
Parameters: 1 -0.000563953 0.00109672 0.000566147 0.999998 -0.00191236 -0.00109578 0.00191348 0.999997 0.00253931 0.0590221 -0.0205464
FixedParameters: 0 0 0

#Transform 74
Transform: AffineTransform_float_3_3
Parameters: 0.999999 -0.000546547 0.00122209 0.000548157 0.999999 -0.00145046 -0.00122171 0.00145123 0.999999 -0.00539171 0.0593798 -0.0332086
FixedParameters: 0 0 0

#Transform 75
Transform: AffineTransform_float_3_3
Parameters: 0.999999 -0.000691273 0.00115012 0.000692739 0.999999 -0.00145772 -0.00114923 0.00145786 0.999998 -0.00433289 0.0490461 -0.00725541
FixedParameters: 0 0 0

#Transform 76
Transform: AffineTransform_float_3_3
Parameters: 0.999999 -0.000776941 0.00101155 0.000778996 0.999998 -0.00152905 -0.00101082 0.00152915 0.999998 0.00552817 0.0171891 0.019268
FixedParameters: 0 0 0

#Transform 77
Transform: AffineTransform_float_3_3
Parameters: 0.999999 -0.000847159 0.00120507 0.000848363 1 -0.000711411 -0.00120471 0.000713391 0.999999 -0.0057758 0.0612082 -0.0314875
FixedParameters: 0 0 0

#Transform 78
Transform: AffineTransform_float_3_3
Parameters: 0.999999 -0.000848762 0.00122207 0.000849358 0.999999 -0.00100997 -0.00122154 0.00101194 0.999998 -0.00297912 0.0374601 -0.0272319
FixedParameters: 0 0 0

#Transform 79
Transform: AffineTransform_float_3_3
Parameters: 0.999999 -0.00106897 0.0012229 0.00107154 0.999998 -0.00173544 -0.00122172 0.00173652 0.999998 0.00725117 0.0476143 -0.013574
FixedParameters: 0 0 0

#Transform 80
Transform: AffineTransform_float_3_3
Parameters: 0.999997 -0.00136467 0.00184178 0.00137231 0.99999 -0.00414781 -0.00183583 0.00415014 0.999989 -0.0151912 0.00764166 0.0779433
FixedParameters: 0 0 0

#Transform 81
Transform: AffineTransform_float_3_3
Parameters: 0.999994 -0.00254609 0.00214829 0.00254937 0.999995 -0.00164685 -0.00214412 0.00165208 0.999997 0.00894835 0.0151354 -0.0499123
FixedParameters: 0 0 0

#Transform 82
Transform: AffineTransform_float_3_3
Parameters: 0.999993 -0.00271274 0.00240783 0.00271551 0.999995 -0.00132617 -0.00240473 0.00133264 0.999996 0.00590399 0.081819 -0.0940246
FixedParameters: 0 0 0

#Transform 83
Transform: AffineTransform_float_3_3
Parameters: 0.999993 -0.0028913 0.00269255 0.00289513 0.999995 -0.00134656 -0.00268879 0.00135508 0.999996 0.00306466 0.0868591 -0.117469
FixedParameters: 0 0 0

#Transform 84
Transform: AffineTransform_float_3_3
Parameters: 0.999992 -0.00297583 0.00297614 0.00297926 0.999995 -0.00128344 -0.00297193 0.00129324 0.999995 -0.00608876 0.088436 -0.113173
FixedParameters: 0 0 0

#Transform 85
Transform: AffineTransform_float_3_3
Parameters: 0.999991 -0.0031427 0.00282438 0.00314855 0.999993 -0.00212564 -0.00281704 0.00213486 0.999993 0.0197349 0.0718493 -0.0888028
FixedParameters: 0 0 0

#Transform 86
Transform: AffineTransform_float_3_3
Parameters: 0.99999 -0.00362579 0.00264372 0.00363031 0.999992 -0.00182709 -0.00263681 0.0018364 0.999995 0.0335786 0.0854157 -0.11462
FixedParameters: 0 0 0

#Transform 87
Transform: AffineTransform_float_3_3
Parameters: 0.999991 -0.0032997 0.00258287 0.00330465 0.999993 -0.00159711 -0.00257765 0.00160572 0.999996 0.0271226 0.0680701 -0.100917
FixedParameters: 0 0 0

#Transform 88
Transform: AffineTransform_float_3_3
Parameters: 0.999991 -0.00322714 0.00277151 0.00323384 0.999993 -0.00235091 -0.00276457 0.00236012 0.999994 0.0329751 0.0570208 -0.0720776
FixedParameters: 0 0 0

#Transform 89
Transform: AffineTransform_float_3_3
Parameters: 0.999989 -0.00354661 0.00295206 0.00355211 0.999992 -0.00178886 -0.0029457 0.00179948 0.999994 0.0332781 0.0646102 -0.0868523
FixedParameters: 0 0 0

#Transform 90
Transform: AffineTransform_float_3_3
Parameters: 0.999988 -0.00368577 0.00307568 0.00369155 0.999991 -0.00182899 -0.00306928 0.00183993 0.999993 0.0213517 0.0564494 -0.0912759
FixedParameters: 0 0 0

#Transform 91
Transform: AffineTransform_float_3_3
Parameters: 0.999989 -0.00361289 0.0030796 0.00361894 0.999991 -0.00209947 -0.00307192 0.00211083 0.999993 0.0221347 0.0616387 -0.092858
FixedParameters: 0 0 0

#Transform 92
Transform: AffineTransform_float_3_3
Parameters: 0.99999 -0.00334132 0.00291939 0.00334736 0.999993 -0.00191115 -0.00291303 0.00192123 0.999993 0.0287333 0.0579364 -0.0904959
FixedParameters: 0 0 0

#Transform 93
Transform: AffineTransform_float_3_3
Parameters: 0.999989 -0.00313527 0.00337896 0.00314254 0.999993 -0.00230223 -0.00337245 0.00231245 0.999992 0.0106364 0.103301 -0.143146
FixedParameters: 0 0 0

#Transform 94
Transform: AffineTransform_float_3_3
Parameters: 0.999988 -0.00330662 0.00362185 0.00331546 0.999991 -0.00254279 -0.00361327 0.00255526 0.99999 0.0169731 0.0667643 -0.104371
FixedParameters: 0 0 0

#Transform 95
Transform: AffineTransform_float_3_3
Parameters: 0.999986 -0.00377488 0.00379896 0.00378157 0.999992 -0.00159295 -0.00379247 0.00160772 0.999992 0.0197971 0.0984556 -0.123773
FixedParameters: 0 0 0

#Transform 96
Transform: AffineTransform_float_3_3
Parameters: 0.999986 -0.00381966 0.00375592 0.00382575 0.999991 -0.0015923 -0.00375006 0.00160614 0.999991 0.0192286 0.0860114 -0.120689
FixedParameters: 0 0 0

#Transform 97
Transform: AffineTransform_float_3_3
Parameters: 0.999986 -0.00369579 0.00360783 0.00370395 0.999991 -0.00234648 -0.00359903 0.00235946 0.999991 0.0223595 0.0747879 -0.110725
FixedParameters: 0 0 0

#Transform 98
Transform: AffineTransform_float_3_3
Parameters: 0.999987 -0.00331602 0.00379581 0.00332079 0.999994 -0.00139054 -0.00379093 0.00140319 0.999992 0.0195277 0.0548719 -0.105581
FixedParameters: 0 0 0

#Transform 99
Transform: AffineTransform_float_3_3
Parameters: 0.999988 -0.00341163 0.00357101 0.00341297 0.999994 -0.000648335 -0.00356879 0.000659929 0.999993 0.00573898 0.0529936 -0.0881283
FixedParameters: 0 0 0

#Transform 100
Transform: AffineTransform_float_3_3
Parameters: 0.999988 -0.00334002 0.00343902 0.00334351 0.999994 -0.00117067 -0.00343523 0.00118209 0.999994 0.0170249 0.00991727 -0.0307655
FixedParameters: 0 0 0

#Transform 101
Transform: AffineTransform_float_3_3
Parameters: 0.999986 -0.00365915 0.00371806 0.00366397 0.999993 -0.00119291 -0.00371454 0.00120626 0.999993 0.0233469 0.0321344 -0.0683011
FixedParameters: 0 0 0

#Transform 102
Transform: AffineTransform_float_3_3
Parameters: 0.999982 -0.00426574 0.00409271 0.00426767 0.999991 -0.000318699 -0.00409191 0.000335539 0.999992 0.00926224 0.0518451 -0.0789515
FixedParameters: 0 0 0

#Transform 103
Transform: AffineTransform_float_3_3
Parameters: 0.999984 -0.00414866 0.0040782 0.00415395 0.999991 -0.00120523 -0.00407257 0.00122211 0.999991 0.0207605 0.0281466 -0.0464759
FixedParameters: 0 0 0

#Transform 104
Transform: AffineTransform_float_3_3
Parameters: 0.999984 -0.00403454 0.00384273 0.00403765 0.999991 -0.000834453 -0.00384015 0.000849899 0.999992 0.0249269 0.0401408 -0.0734523
FixedParameters: 0 0 0

#Transform 105
Transform: AffineTransform_float_3_3
Parameters: 0.999982 -0.00447887 0.00407589 0.00447896 0.99999 -0.000199567 -0.00407543 0.000217591 0.999992 0.0243998 0.0540555 -0.0826414
FixedParameters: 0 0 0

#Transform 106
Transform: AffineTransform_float_3_3
Parameters: 0.999983 -0.00424624 0.00398804 0.00425091 0.99999 -0.00111291 -0.00398434 0.00112975 0.999992 0.0184843 0.0437988 -0.068825
FixedParameters: 0 0 0

#Transform 107
Transform: AffineTransform_float_3_3
Parameters: 0.999986 -0.00382678 0.00374745 0.00383171 0.999992 -0.00137219 -0.0037424 0.00138608 0.999992 0.0279193 0.034157 -0.0711683
FixedParameters: 0 0 0

#Transform 108
Transform: AffineTransform_float_3_3
Parameters: 0.999983 -0.00428907 0.0038057 0.00429094 0.999991 -0.000478228 -0.00380311 0.000495075 0.999992 0.0207999 0.0691496 -0.0977716
FixedParameters: 0 0 0

#Transform 109
Transform: AffineTransform_float_3_3
Parameters: 0.999985 -0.00396338 0.00378818 0.00396545 0.999992 -0.000642202 -0.00378639 0.000656731 0.999993 0.0319057 0.0426347 -0.0801665
FixedParameters: 0 0 0

#Transform 110
Transform: AffineTransform_float_3_3
Parameters: 0.999984 -0.00413902 0.00387203 0.00413937 0.999991 -0.000247537 -0.00387153 0.000263756 0.999993 0.0357006 0.0353652 -0.0920744
FixedParameters: 0 0 0

#Transform 111
Transform: AffineTransform_float_3_3
Parameters: 0.999982 -0.00433378 0.00401771 0.00433688 0.99999 -0.00071046 -0.00401466 0.000727555 0.999992 0.0347967 0.0192125 -0.0705939
FixedParameters: 0 0 0

#Transform 112
Transform: AffineTransform_float_3_3
Parameters: 0.999983 -0.00437925 0.00401392 0.00438056 0.99999 -0.000175411 -0.00401342 0.000193016 0.999992 0.0375965 0.0300513 -0.0929366
FixedParameters: 0 0 0

#Transform 113
Transform: AffineTransform_float_3_3
Parameters: 0.999982 -0.00442919 0.00404922 0.00442983 0.99999 -0.000259157 -0.0040483 0.000277425 0.999992 0.0411948 0.0237977 -0.076899
FixedParameters: 0 0 0

#Transform 114
Transform: AffineTransform_float_3_3
Parameters: 0.999985 -0.00401154 0.00365077 0.00401442 0.999992 -0.000919281 -0.00364623 0.000933541 0.999993 0.0426139 0.0255896 -0.0707401
FixedParameters: 0 0 0

#Transform 115
Transform: AffineTransform_float_3_3
Parameters: 0.999983 -0.00452823 0.00385353 0.0045298 0.999989 -0.000290491 -0.00385279 0.000308237 0.999993 0.0358133 0.0565506 -0.0884292
FixedParameters: 0 0 0

#Transform 116
Transform: AffineTransform_float_3_3
Parameters: 0.999989 -0.00335836 0.00307277 0.00337277 0.999983 -0.00465884 -0.00305738 0.00466883 0.999984 0.0210352 0.0440334 -0.0754324
FixedParameters: 0 0 0

#Transform 117
Transform: AffineTransform_float_3_3
Parameters: 0.999993 -0.00274971 0.00262085 0.00275498 0.999994 -0.00206386 -0.00261479 0.00207111 0.999995 0.0237724 0.0455929 -0.101049
FixedParameters: 0 0 0

#Transform 118
Transform: AffineTransform_float_3_3
Parameters: 0.999992 -0.00303305 0.00274023 0.00303682 0.999994 -0.00157347 -0.002735 0.00158211 0.999995 0.0284233 0.0788584 -0.116866
FixedParameters: 0 0 0

#Transform 119
Transform: AffineTransform_float_3_3
Parameters: 0.999988 -0.00367196 0.00314177 0.00367642 0.999992 -0.00131093 -0.0031367 0.00132289 0.999995 0.0451806 0.0905913 -0.123956
FixedParameters: 0 0 0

#Transform 120
Transform: AffineTransform_float_3_3
Parameters: 0.999988 -0.00373093 0.00325244 0.00373317 0.999992 -0.000817597 -0.00324993 0.000829938 0.999994 0.0479612 0.0677413 -0.113192
FixedParameters: 0 0 0

#Transform 121
Transform: AffineTransform_float_3_3
Parameters: 0.999985 -0.00397696 0.00382423 0.00397941 0.999992 -0.00079687 -0.00382067 0.0008118 0.999992 0.0423183 0.0487193 -0.116158
FixedParameters: 0 0 0

#Transform 122
Transform: AffineTransform_float_3_3
Parameters: 0.999983 -0.0043789 0.00410556 0.00438467 0.999989 -0.00143632 -0.00409983 0.00145425 0.99999 0.0543855 0.015835 -0.0746687
FixedParameters: 0 0 0

#Transform 123
Transform: AffineTransform_float_3_3
Parameters: 0.999982 -0.00440656 0.00428347 0.00440937 0.99999 -0.000767856 -0.00428008 0.00078737 0.999991 0.0495728 0.0416224 -0.103691
FixedParameters: 0 0 0

#Transform 124
Transform: AffineTransform_float_3_3
Parameters: 0.99998 -0.00462069 0.00434142 0.00462337 0.999989 -0.000573567 -0.004339 0.000593733 0.99999 0.0463506 0.0371824 -0.113073
FixedParameters: 0 0 0

#Transform 125
Transform: AffineTransform_float_3_3
Parameters: 0.999978 -0.00496311 0.00448546 0.00496796 0.999987 -0.00106523 -0.00447965 0.00108785 0.99999 0.0587075 0.0374684 -0.0927329
FixedParameters: 0 0 0

#Transform 126
Transform: AffineTransform_float_3_3
Parameters: 0.999976 -0.00524484 0.00444597 0.0052482 0.999986 -0.000749964 -0.00444238 0.000773442 0.99999 0.0662726 0.0605755 -0.125278
FixedParameters: 0 0 0

#Transform 127
Transform: AffineTransform_float_3_3
Parameters: 0.999976 -0.00523147 0.00461796 0.00523437 0.999986 -0.000548214 -0.00461469 0.000572155 0.999989 0.0532649 0.0739378 -0.126586
FixedParameters: 0 0 0

#Transform 128
Transform: AffineTransform_float_3_3
Parameters: 0.999977 -0.0052278 0.00440135 0.0052322 0.999986 -0.0010977 -0.0043953 0.00111956 0.99999 0.0576277 0.0678023 -0.110345
FixedParameters: 0 0 0

#Transform 129
Transform: AffineTransform_float_3_3
Parameters: 0.999981 -0.00473208 0.00404081 0.00473785 0.999988 -0.00147843 -0.00403355 0.00149779 0.99999 0.0520292 0.0461705 -0.0910195
FixedParameters: 0 0 0

#Transform 130
Transform: AffineTransform_float_3_3
Parameters: 0.999979 -0.00494685 0.00409208 0.00494909 0.999988 -0.00065064 -0.00408936 0.000671604 0.999991 0.0424622 0.0947166 -0.126532
FixedParameters: 0 0 0

#Transform 131
Transform: AffineTransform_float_3_3
Parameters: 0.99998 -0.00484896 0.00424113 0.00485143 0.999988 -0.000512084 -0.00423812 0.000533359 0.99999 0.0508243 0.0693497 -0.128286
FixedParameters: 0 0 0

#Transform 132
Transform: AffineTransform_float_3_3
Parameters: 0.999979 -0.00513434 0.00395321 0.00513843 0.999986 -0.000869172 -0.0039493 0.000889743 0.999992 0.0645709 0.0422914 -0.0990789
FixedParameters: 0 0 0

#Transform 133
Transform: AffineTransform_float_3_3
Parameters: 0.999977 -0.00527034 0.00443453 0.0052702 0.999986 -4.61674e-05 -0.00443401 6.96083e-05 0.999991 0.0521223 0.0602861 -0.130483
FixedParameters: 0 0 0

#Transform 134
Transform: AffineTransform_float_3_3
Parameters: 0.999976 -0.00545714 0.00425044 0.00545729 0.999985 -0.000162266 -0.00424938 0.000184445 0.999991 0.0614979 0.0415716 -0.110326
FixedParameters: 0 0 0

#Transform 135
Transform: AffineTransform_float_3_3
Parameters: 0.999978 -0.00500485 0.00435791 0.00500636 0.999987 -0.000269991 -0.00435758 0.000291942 0.999991 0.0543988 0.00137111 -0.0752929
FixedParameters: 0 0 0

#Transform 136
Transform: AffineTransform_float_3_3
Parameters: 0.999974 -0.00544371 0.00477595 0.00544281 0.999985 0.000198065 -0.00477754 -0.000171544 0.999989 0.0537099 0.0510321 -0.119547
FixedParameters: 0 0 0

#Transform 137
Transform: AffineTransform_float_3_3
Parameters: 0.999971 -0.00568549 0.00491741 0.00568433 0.999983 0.000288906 -0.00491908 -0.000260633 0.999988 0.0515469 0.0424138 -0.122733
FixedParameters: 0 0 0

#Transform 138
Transform: AffineTransform_float_3_3
Parameters: 0.999972 -0.00562717 0.00488912 0.0056266 0.999984 0.000171063 -0.0048903 -0.000143283 0.999988 0.0533039 0.0472458 -0.120966
FixedParameters: 0 0 0

#Transform 139
Transform: AffineTransform_float_3_3
Parameters: 0.999972 -0.00575049 0.00474773 0.00575078 0.999983 -2.85843e-05 -0.00474838 5.62808e-05 0.999989 0.0520498 0.046513 -0.105112
FixedParameters: 0 0 0

#Transform 140
Transform: AffineTransform_float_3_3
Parameters: 0.999973 -0.00568853 0.00468415 0.00568837 0.999983 3.12315e-05 -0.00468334 -3.83043e-06 0.999989 0.0518825 0.0710664 -0.123997
FixedParameters: 0 0 0

#Transform 141
Transform: AffineTransform_float_3_3
Parameters: 0.999973 -0.00546535 0.0047939 0.00546514 0.999985 0.000118152 -0.00479458 -9.21157e-05 0.999989 0.0440892 0.0707038 -0.127556
FixedParameters: 0 0 0

#Transform 142
Transform: AffineTransform_float_3_3
Parameters: 0.999976 -0.0054036 0.00421188 0.00540719 0.999985 -0.000844604 -0.00420701 0.000866996 0.999991 0.0685921 0.0341507 -0.117854
FixedParameters: 0 0 0

#Transform 143
Transform: AffineTransform_float_3_3
Parameters: 0.999974 -0.00556711 0.00447021 0.00556818 0.999984 -0.000152453 -0.00446972 0.000177541 0.99999 0.0544664 0.0708385 -0.138183
FixedParameters: 0 0 0

#Transform 144
Transform: AffineTransform_float_3_3
Parameters: 0.999973 -0.00587522 0.00457296 0.0058765 0.999982 -0.000204178 -0.00457233 0.000230979 0.999989 0.0493387 0.0814678 -0.131695
FixedParameters: 0 0 0

#Transform 145
Transform: AffineTransform_float_3_3
Parameters: 0.999976 -0.00553306 0.00436886 0.00553658 0.999984 -0.000777993 -0.00436436 0.000801871 0.99999 0.0664617 0.0233437 -0.0571314
FixedParameters: 0 0 0

#Transform 146
Transform: AffineTransform_float_3_3
Parameters: 0.999968 -0.00631302 0.00478895 0.00631291 0.99998 0.000119731 -0.00478935 -8.95439e-05 0.999988 0.046393 0.0635114 -0.0832129
FixedParameters: 0 0 0

#Transform 147
Transform: AffineTransform_float_3_3
Parameters: 0.999969 -0.0062267 0.00483602 0.00622415 0.999981 0.000426482 -0.00483943 -0.000396044 0.999989 0.0318063 0.0402789 -0.0733602
FixedParameters: 0 0 0

#Transform 148
Transform: AffineTransform_float_3_3
Parameters: 0.999969 -0.00625768 0.00464018 0.00625871 0.999981 -6.71178e-05 -0.00463918 9.61911e-05 0.999989 0.0258541 0.0664156 -0.0890636
FixedParameters: 0 0 0

#Transform 149
Transform: AffineTransform_float_3_3
Parameters: 0.999973 -0.00573315 0.00459886 0.0057318 0.999984 0.000242764 -0.00460089 -0.000217237 0.999989 0.0275073 0.0177015 -0.0646214
FixedParameters: 0 0 0

#Transform 150
Transform: AffineTransform_float_3_3
Parameters: 0.999976 -0.00553185 0.00429179 0.0055299 0.999985 0.000489605 -0.00429415 -0.000465561 0.99999 0.0346545 0.015383 -0.0629737
FixedParameters: 0 0 0

#Transform 151
Transform: AffineTransform_float_3_3
Parameters: 0.999978 -0.00546707 0.0038331 0.00546266 0.999984 0.00127138 -0.00384043 -0.00125036 0.999992 0.0329517 0.0183187 -0.0457116
FixedParameters: 0 0 0

#Transform 152
Transform: AffineTransform_float_3_3
Parameters: 0.999973 -0.00573794 0.00441618 0.00573581 0.999983 0.000502169 -0.00441873 -0.00047716 0.99999 0.0341431 -0.00428896 -0.0248762
FixedParameters: 0 0 0

#Transform 153
Transform: AffineTransform_float_3_3
Parameters: 0.999973 -0.005974 0.00429466 0.00597303 0.999982 0.000311659 -0.00429596 -0.00028604 0.999991 0.0543623 0.00714934 -0.0354459
FixedParameters: 0 0 0

#Transform 154
Transform: AffineTransform_float_3_3
Parameters: 0.999968 -0.00648915 0.00460647 0.0064852 0.999978 0.0010197 -0.00461307 -0.000990165 0.999989 0.0463426 0.0411768 -0.0609228
FixedParameters: 0 0 0

#Transform 155
Transform: AffineTransform_float_3_3
Parameters: 0.999963 -0.00688605 0.00502532 0.00688321 0.999976 0.000566251 -0.00502899 -0.000531539 0.999987 0.044635 0.0288733 -0.0522964
FixedParameters: 0 0 0

#Transform 156
Transform: AffineTransform_float_3_3
Parameters: 0.999966 -0.00668063 0.00478819 0.00667808 0.999978 0.00054557 -0.00479156 -0.000513862 0.999988 0.0485374 0.0327151 -0.0569279
FixedParameters: 0 0 0

#Transform 157
Transform: AffineTransform_float_3_3
Parameters: 0.999959 -0.0074225 0.00520803 0.00741943 0.999972 0.000589078 -0.0052122 -0.000550212 0.999986 0.0449085 0.0359004 -0.0597007
FixedParameters: 0 0 0

#Transform 158
Transform: AffineTransform_float_3_3
Parameters: 0.999962 -0.00698822 0.0050633 0.00698573 0.999975 0.000482606 -0.00506668 -0.000447283 0.999987 0.0577813 0.0302426 -0.0659721
FixedParameters: 0 0 0

#Transform 159
Transform: AffineTransform_float_3_3
Parameters: 0.999959 -0.00738412 0.00533653 0.00738107 0.999972 0.000597775 -0.00534072 -0.000558333 0.999985 0.0503174 0.0389639 -0.0737687
FixedParameters: 0 0 0

#Transform 160
Transform: AffineTransform_float_3_3
Parameters: 0.999959 -0.00733408 0.00516721 0.00733288 0.999973 0.000307866 -0.00516895 -0.000269772 0.999986 0.0667705 0.0284094 -0.0592056
FixedParameters: 0 0 0

#Transform 161
Transform: AffineTransform_float_3_3
Parameters: 0.999956 -0.00759315 0.00545684 0.00758925 0.999971 0.000665995 -0.00546209 -0.000625144 0.999985 0.0588653 0.0403574 -0.0748241
FixedParameters: 0 0 0

#Transform 162
Transform: AffineTransform_float_3_3
Parameters: 0.999958 -0.00732245 0.0053937 0.00732127 0.999973 0.000264475 -0.00539553 -0.000225054 0.999985 0.0708428 0.028114 -0.0613551
FixedParameters: 0 0 0

#Transform 163
Transform: AffineTransform_float_3_3
Parameters: 0.999957 -0.00753315 0.00548898 0.00752898 0.999971 0.000786614 -0.0054943 -0.000744923 0.999984 0.06418 0.0439913 -0.0825218
FixedParameters: 0 0 0

#Transform 164
Transform: AffineTransform_float_3_3
Parameters: 0.999954 -0.00777294 0.00549304 0.00776954 0.99997 0.000615951 -0.00549765 -0.000572997 0.999984 0.0707859 0.035755 -0.0724691
FixedParameters: 0 0 0

#Transform 165
Transform: AffineTransform_float_3_3
Parameters: 0.999959 -0.00756006 0.00501395 0.00756052 0.999971 -0.000196008 -0.00501188 0.000233843 0.999987 0.0505769 0.0280706 -0.0290381
FixedParameters: 0 0 0

#Transform 166
Transform: AffineTransform_float_3_3
Parameters: 0.999969 -0.00620272 0.00486746 0.00621434 0.999978 -0.00226052 -0.00485285 0.00229125 0.999985 0.0242235 0.0170226 -0.027144
FixedParameters: 0 0 0

#Transform 167
Transform: AffineTransform_float_3_3
Parameters: 0.999974 -0.00553407 0.00469257 0.00553993 0.999984 -0.00127497 -0.00468537 0.00130039 0.999988 0.0298752 -0.00037597 -0.0203615
FixedParameters: 0 0 0

#Transform 168
Transform: AffineTransform_float_3_3
Parameters: 0.999962 -0.00693725 0.00522036 0.00694108 0.999976 -0.000714437 -0.0052151 0.000750318 0.999986 0.0544763 0.0766127 -0.0736299
FixedParameters: 0 0 0

#Transform 169
Transform: AffineTransform_float_3_3
Parameters: 0.999955 -0.0076989 0.00557864 0.00770164 0.99997 -0.00052406 -0.00557453 0.000567229 0.999984 0.0602489 0.0965354 -0.0974839
FixedParameters: 0 0 0

#Transform 170
Transform: AffineTransform_float_3_3
Parameters: 0.999954 -0.0077384 0.00547603 0.0077423 0.99997 -0.000579769 -0.00547159 0.000622236 0.999985 0.070675 0.0915032 -0.112598
FixedParameters: 0 0 0

#Transform 171
Transform: AffineTransform_float_3_3
Parameters: 0.999953 -0.00782071 0.00575966 0.00782517 0.999969 -0.000729536 -0.00575372 0.000774537 0.999983 0.0662688 0.0576018 -0.0825971
FixedParameters: 0 0 0

#Transform 172
Transform: AffineTransform_float_3_3
Parameters: 0.999955 -0.00754915 0.00575427 0.00755222 0.999972 -0.000479556 -0.00575012 0.000522848 0.999983 0.0645609 0.0308126 -0.061266
FixedParameters: 0 0 0

#Transform 173
Transform: AffineTransform_float_3_3
Parameters: 0.999952 -0.00784491 0.00584566 0.00784538 0.999969 -9.69411e-05 -0.00584443 0.000143503 0.999983 0.0623514 0.0520056 -0.0834987
FixedParameters: 0 0 0

#Transform 174
Transform: AffineTransform_float_3_3
Parameters: 0.999958 -0.00735326 0.00545076 0.00735536 0.999973 -0.000346126 -0.00544735 0.000385938 0.999986 0.0604504 0.0314545 -0.0660976
FixedParameters: 0 0 0

#Transform 175
Transform: AffineTransform_float_3_3
Parameters: 0.999961 -0.00722732 0.00493844 0.00722524 0.999973 0.000399458 -0.00494162 -0.000364 0.999988 0.071387 -0.00656778 -0.0207408
FixedParameters: 0 0 0

#Transform 176
Transform: AffineTransform_float_3_3
Parameters: 0.999968 -0.00666967 0.00442318 0.00666846 0.999978 0.000352787 -0.00442502 -0.00032343 0.99999 0.0691524 -0.00960629 0.0185411
FixedParameters: 0 0 0

#Transform 177
Transform: AffineTransform_float_3_3
Parameters: 0.999969 -0.00643447 0.00451047 0.00642964 0.999979 0.00108914 -0.00451658 -0.00105992 0.999989 0.0610116 -0.0193109 0.010968
FixedParameters: 0 0 0

#Transform 178
Transform: AffineTransform_float_3_3
Parameters: 0.999961 -0.00708803 0.00515243 0.00707846 0.999973 0.00184936 -0.0051654 -0.00181369 0.999985 0.0587449 0.0167592 -0.0357125
FixedParameters: 0 0 0

#Transform 179
Transform: AffineTransform_float_3_3
Parameters: 0.999958 -0.00753043 0.00526787 0.00752321 0.999971 0.00140779 -0.00527893 -0.00136779 0.999985 0.0653656 0.00535454 -0.0170473
FixedParameters: 0 0 0

#Transform 180
Transform: AffineTransform_float_3_3
Parameters: 0.999961 -0.00725231 0.00506933 0.00725236 0.999974 8.49619e-05 -0.00506959 -4.83795e-05 0.999987 0.0679837 -0.0386555 0.0437593
FixedParameters: 0 0 0

#Transform 181
Transform: AffineTransform_float_3_3
Parameters: 0.999954 -0.00784659 0.00551932 0.00783978 0.999969 0.0011114 -0.0055283 -0.00106784 0.999983 0.0636183 0.0244015 -0.0242588
FixedParameters: 0 0 0

#Transform 182
Transform: AffineTransform_float_3_3
Parameters: 0.999949 -0.00824081 0.00582111 0.00823698 0.999966 0.000608908 -0.00582647 -0.000561226 0.999983 0.0670289 0.0269068 -0.036759
FixedParameters: 0 0 0

#Transform 183
Transform: AffineTransform_float_3_3
Parameters: 0.999948 -0.00832939 0.00598307 0.00832597 0.999965 0.000622435 -0.00598775 -0.000572307 0.999981 0.0641802 0.00506564 -0.02995
FixedParameters: 0 0 0

#Transform 184
Transform: AffineTransform_float_3_3
Parameters: 0.999954 -0.00776391 0.00565748 0.00776256 0.99997 0.000337458 -0.00565936 -0.000293531 0.999983 0.0704137 -0.0387928 0.00265547
FixedParameters: 0 0 0

#Transform 185
Transform: AffineTransform_float_3_3
Parameters: 0.999948 -0.00827293 0.0058992 0.00826439 0.999965 0.00139661 -0.00590993 -0.00134714 0.999982 0.06489 0.000511645 -0.0323549
FixedParameters: 0 0 0

#Transform 186
Transform: AffineTransform_float_3_3
Parameters: 0.999947 -0.00832376 0.00601114 0.00831489 0.999964 0.0015198 -0.00602356 -0.00147051 0.999981 0.0602758 -0.00660806 -0.0190947
FixedParameters: 0 0 0

#Transform 187
Transform: AffineTransform_float_3_3
Parameters: 0.999957 -0.0076599 0.00527716 0.00765661 0.99997 0.000721963 -0.00528172 -0.000681201 0.999985 0.0742286 -0.0272191 -0.00128553
FixedParameters: 0 0 0

#Transform 188
Transform: AffineTransform_float_3_3
Parameters: 0.999957 -0.00759809 0.00537364 0.00759131 0.99997 0.0012723 -0.00538221 -0.00123132 0.999985 0.0646924 -0.00108152 -0.0347283
FixedParameters: 0 0 0

#Transform 189
Transform: AffineTransform_float_3_3
Parameters: 0.999958 -0.00746937 0.0052716 0.00746043 0.999971 0.00170969 -0.00528447 -0.00167054 0.999985 0.0643668 -0.00503777 -0.0301679
FixedParameters: 0 0 0
