#Insight Transform File V1.0
#Transform 0
Transform: AffineTransform_float_3_3
Parameters: 1 -0.000470808 -8.97942e-05 0.000470236 0.999999 0.00180433 8.83738e-05 -0.00180445 0.999999 -0.00105789 -0.0492568 0.0233221
FixedParameters: 0 0 0

#Transform 1
Transform: AffineTransform_float_3_3
Parameters: 1 -0.000408475 -0.000250403 0.000408486 0.999999 0.00186423 0.000249193 -0.00186389 0.999998 0.00412717 -0.0489365 0.00417123
FixedParameters: 0 0 0

#Transform 2
Transform: AffineTransform_float_3_3
Parameters: 1 -0.000293268 -0.00031467 0.000293902 0.999998 0.00175763 0.00031482 -0.00175703 0.999999 0.00650985 -0.0321927 -6.88332e-05
FixedParameters: 0 0 0

#Transform 3
Transform: AffineTransform_float_3_3
Parameters: 1 -0.000202153 2.89473e-05 0.000202498 0.999999 0.00183674 -2.89798e-05 -0.00183671 0.999999 -0.0029124 -0.0441131 0.0213221
FixedParameters: 0 0 0

#Transform 4
Transform: AffineTransform_float_3_3
Parameters: 1 -0.000377839 -0.000216177 0.000378625 0.999998 0.00183215 0.000214615 -0.00183231 0.999999 0.00282114 -0.0382661 0.0161986
FixedParameters: 0 0 0

#Transform 5
Transform: AffineTransform_float_3_3
Parameters: 1 -0.000407822 -0.000170305 0.000407994 0.999999 0.00179447 0.000170005 -0.00179462 0.999999 0.00521931 -0.0261278 0.0234506
FixedParameters: 0 0 0

#Transform 6
Transform: AffineTransform_float_3_3
Parameters: 1 -9.53345e-05 0.000391499 9.45638e-05 0.999998 0.00159737 -0.000391039 -0.00159786 0.999999 -0.00844624 -0.0191255 0.0281297
FixedParameters: 0 0 0

#Transform 7
Transform: AffineTransform_float_3_3
Parameters: 1 -0.000381268 0.000118954 0.000381343 0.999999 0.00172824 -0.000119491 -0.00172894 0.999998 -0.0125046 -0.0256349 0.0260501
FixedParameters: 0 0 0

#Transform 8
Transform: AffineTransform_float_3_3
Parameters: 1 -0.000394558 0.000360165 0.000393841 0.999999 0.00167009 -0.000360701 -0.0016706 0.999998 -0.0135093 -0.024502 0.0417447
FixedParameters: 0 0 0

#Transform 9
Transform: AffineTransform_float_3_3
Parameters: 0.999999 -0.000739068 0.00102508 0.000738045 1 0.000738626 -0.00102522 -0.000737901 0.999999 -0.0233366 -0.013255 0.0327885
FixedParameters: 0 0 0

#Transform 10
Transform: AffineTransform_float_3_3
Parameters: 1 -0.000464001 0.000388763 0.000463406 0.999999 0.00134731 -0.000389214 -0.00134693 0.999999 -0.0109144 -0.0299787 0.00881626
FixedParameters: 0 0 0

#Transform 11
Transform: AffineTransform_float_3_3
Parameters: 1 -0.00032689 0.000350467 0.000327209 0.999999 0.00145932 -0.000351076 -0.00145903 0.999999 -0.00918247 -0.0256424 -0.00132281
FixedParameters: 0 0 0

#Transform 12
Transform: AffineTransform_float_3_3
Parameters: 1 -0.00050951 0.000287218 0.000509223 0.999999 0.00128713 -0.00028773 -0.00128682 0.999999 -0.0104055 -0.0327385 0.000510049
FixedParameters: 0 0 0

#Transform 13
Transform: AffineTransform_float_3_3
Parameters: 1 -0.000365116 -0.000259892 0.000365304 0.999998 0.00208574 0.000258646 -0.00208597 0.999998 0.00744903 -0.0392565 -0.0189175
FixedParameters: 0 0 0

#Transform 14
Transform: AffineTransform_float_3_3
Parameters: 1 -0.000230023 -9.1803e-05 0.000229968 0.999998 0.00208704 9.20075e-05 -0.0020871 0.999998 -0.00218003 -0.025212 0.000512443
FixedParameters: 0 0 0

#Transform 15
Transform: AffineTransform_float_3_3
Parameters: 1 -0.000517146 -0.000192508 0.000516874 0.999998 0.00161403 0.000191205 -0.00161427 0.999998 0.00550428 -0.0274699 -0.0270134
FixedParameters: 0 0 0

#Transform 16
Transform: AffineTransform_float_3_3
Parameters: 1 0.000254739 -0.00104585 -0.000253633 0.999998 0.00160115 0.00104658 -0.0016005 0.999999 0.0226877 -0.0555108 -0.000850714
FixedParameters: 0 0 0

#Transform 17
Transform: AffineTransform_float_3_3
Parameters: 0.999999 0.000193972 -0.000843557 -0.000193216 0.999999 0.00123018 0.000843477 -0.00123049 0.999999 0.0122653 -0.0215632 -0.0205446
FixedParameters: 0 0 0

#Transform 18
Transform: AffineTransform_float_3_3
Parameters: 1 -0.000307782 -0.000611776 0.000307929 1 0.000119886 0.000611702 -0.000120263 1 0.00618541 -0.0282828 0.0248295
FixedParameters: 0 0 0

#Transform 19
Transform: AffineTransform_float_3_3
Parameters: 1 -0.000196021 -0.000470388 0.000196029 0.999999 0.000992428 0.000470382 -0.000991841 1 -0.00345647 -0.0295049 0.00782304
FixedParameters: 0 0 0

#Transform 20
Transform: AffineTransform_float_3_3
Parameters: 1 -0.000468519 -0.000233371 0.000468962 1 0.00101209 0.000232369 -0.00101172 1 -0.000983818 -0.0129938 -0.0122468
FixedParameters: 0 0 0

#Transform 21
Transform: AffineTransform_float_3_3
Parameters: 1 -0.000526808 -0.000262569 0.000527668 0.999999 0.000772589 0.000262641 -0.000772845 0.999999 -0.00358534 0.00935325 -0.0176131
FixedParameters: 0 0 0

#Transform 22
Transform: AffineTransform_float_3_3
Parameters: 1 0.00028285 9.049e-06 -0.000282849 1 -6.45164e-05 -9.08549e-06 6.45112e-05 1 0.000956469 0.0379289 0.022287
FixedParameters: 0 0 0

#Transform 23
Transform: AffineTransform_float_3_3
Parameters: 1 0.000254842 0.000536276 -0.00025436 1 -0.000449259 -0.000536505 0.000448986 1 -0.00447958 0.0269304 -0.0137397
FixedParameters: 0 0 0

#Transform 24
Transform: AffineTransform_float_3_3
Parameters: 0.999999 0.000579666 0.000538507 -0.000580684 0.999999 0.000522158 -0.000538787 -0.000522804 0.999999 -0.0156881 0.00622849 -0.0253579
FixedParameters: 0 0 0

#Transform 25
Transform: AffineTransform_float_3_3
Parameters: 1 -0.000136773 -0.000530733 0.000137688 0.999999 0.000896724 0.000530416 -0.00089606 1 0.0159802 -0.0176945 -0.0131212
FixedParameters: 0 0 0

#Transform 26
Transform: AffineTransform_float_3_3
Parameters: 1 -8.94367e-05 -0.000549889 9.03542e-05 0.999999 0.000867615 0.000549663 -0.000866904 1 0.00454752 -0.0175728 0.00415708
FixedParameters: 0 0 0

#Transform 27
Transform: AffineTransform_float_3_3
Parameters: 1 -0.000429675 -0.000540683 0.000429569 1 -9.79353e-05 0.000540767 9.74707e-05 1 0.00135204 -0.00704357 0.0411994
FixedParameters: 0 0 0

#Transform 28
Transform: AffineTransform_float_3_3
Parameters: 1 0.000406603 -0.000294409 -0.000406696 1 -0.000158238 0.00029428 0.000158478 1 0.00965147 0.000576194 0.0536941
FixedParameters: 0 0 0

#Transform 29
Transform: AffineTransform_float_3_3
Parameters: 1 0.000311487 -0.000215712 -0.000311538 1 -0.000118984 0.000215638 0.000119118 1 0.0119354 -0.0024056 0.057134
FixedParameters: 0 0 0

#Transform 30
Transform: AffineTransform_float_3_3
Parameters: 1 -0.000245656 7.56644e-05 0.000245667 1 -7.41569e-05 -7.5628e-05 7.4194e-05 1 -0.0103452 -0.0039405 0.0492645
FixedParameters: 0 0 0

#Transform 31
Transform: AffineTransform_float_3_3
Parameters: 1 -0.000229453 0.00010501 0.000229463 1 -4.78106e-05 -0.000104988 4.78588e-05 1 -0.0104461 0.00141207 0.0539828
FixedParameters: 0 0 0

#Transform 32
Transform: AffineTransform_float_3_3
Parameters: 1 -4.86882e-06 -1.79012e-05 4.87227e-06 1 9.62903e-05 1.79002e-05 -9.62905e-05 1 -0.0108653 -0.0022031 0.0554519
FixedParameters: 0 0 0

#Transform 33
Transform: AffineTransform_float_3_3
Parameters: 1 0.000467204 1.00107e-05 -0.000467205 1 7.54972e-05 -9.94011e-06 -7.55065e-05 1 0.00954435 -0.00504528 0.0532143
FixedParameters: 0 0 0

#Transform 34
Transform: AffineTransform_float_3_3
Parameters: 0.999999 0.00078777 -0.00012345 -0.000787689 0.999999 0.000326591 0.000123965 -0.000326396 1 0.00815739 0.0127472 0.0352241
FixedParameters: 0 0 0

#Transform 35
Transform: AffineTransform_float_3_3
Parameters: 1 0.00053695 -8.40916e-05 -0.000536955 1 -2.87196e-05 8.40607e-05 2.88099e-05 1 -0.000528177 0.00235863 0.0536427
FixedParameters: 0 0 0

#Transform 36
Transform: AffineTransform_float_3_3
Parameters: 1 0.000691278 -8.68623e-05 -0.000691294 1 -9.15672e-05 8.67356e-05 9.16872e-05 1 -0.000955691 0.00196114 0.0534403
FixedParameters: 0 0 0

#Transform 37
Transform: AffineTransform_float_3_3
Parameters: 1 0.000560009 -0.000141097 -0.000560092 1 -0.000295018 0.000140766 0.000295176 1 -0.00511905 -0.00281706 0.0515971
FixedParameters: 0 0 0

#Transform 38
Transform: AffineTransform_float_3_3
Parameters: 1 0.000594619 6.25147e-05 -0.000594595 1 -0.000193357 -6.27446e-05 0.000193282 1 -0.00405763 -0.00473897 0.0619406
FixedParameters: 0 0 0

#Transform 39
Transform: AffineTransform_float_3_3
Parameters: 1 0.000568125 -0.000104052 -0.0005682 1 -0.000362424 0.00010364 0.000362542 1 -0.00100194 -0.00298083 0.0664521
FixedParameters: 0 0 0

#Transform 40
Transform: AffineTransform_float_3_3
Parameters: 1 0.000647459 -1.84783e-05 -0.000647008 1 -9.46001e-05 1.92426e-05 9.46454e-05 1 -0.0032192 0.000232139 0.0607666
FixedParameters: 0 0 0

#Transform 41
Transform: AffineTransform_float_3_3
Parameters: 0.999999 0.000868468 2.91609e-05 -0.000868495 1 4.54152e-06 -2.91184e-05 -4.00748e-06 1 -0.00446504 0.00148741 0.0583529
FixedParameters: 0 0 0

#Transform 42
Transform: AffineTransform_float_3_3
Parameters: 1 0.000599017 -1.04223e-06 -0.000599907 0.999999 -0.000679086 6.81772e-07 0.000679049 1 -0.00812621 0.0170986 0.0433435
FixedParameters: 0 0 0

#Transform 43
Transform: AffineTransform_float_3_3
Parameters: 1 0.000551179 4.14557e-05 -0.000550702 1 -0.000270505 -4.0867e-05 0.00027048 1 -0.00641402 0.00690227 0.0514865
FixedParameters: 0 0 0

#Transform 44
Transform: AffineTransform_float_3_3
Parameters: 0.999999 0.000708486 0.000111527 -0.000708426 0.999999 -0.000271441 -0.000111912 0.000271283 1 -0.00800422 -7.9574e-05 0.0520164
FixedParameters: 0 0 0

#Transform 45
Transform: AffineTransform_float_3_3
Parameters: 1 0.000597393 0.000105885 -0.000596901 1 -0.000301755 -0.000105323 0.000302234 1 -0.0113216 0.00114953 0.0520735
FixedParameters: 0 0 0

#Transform 46
Transform: AffineTransform_float_3_3
Parameters: 0.999999 0.000706843 0.000115115 -0.000706319 0.999999 -0.000299374 -0.000114651 0.000299233 1 -0.00437415 -0.00041796 0.0501186
FixedParameters: 0 0 0

#Transform 47
Transform: AffineTransform_float_3_3
Parameters: 0.999999 0.000706293 0.000115139 -0.000706256 0.999999 -0.000159235 -0.000115364 0.000159072 1 0.000740309 -0.00664117 0.0603243
FixedParameters: 0 0 0

#Transform 48
Transform: AffineTransform_float_3_3
Parameters: 0.999999 0.000940851 0.000184968 -0.000940817 0.999999 -0.000163804 -0.000185241 0.00016404 1 -0.0122438 -0.000747625 0.0569768
FixedParameters: 0 0 0

#Transform 49
Transform: AffineTransform_float_3_3
Parameters: 0.999999 0.000920126 0.000194084 -0.000920063 1 -0.00022995 -0.000194472 0.000230177 1 -0.0124639 0.00286519 0.0551404
FixedParameters: 0 0 0

#Transform 50
Transform: AffineTransform_float_3_3
Parameters: 0.999999 0.00091551 0.000202246 -0.000915522 0.999999 2.97132e-05 -0.000202191 -3.00834e-05 1 -0.0130903 -0.00192286 0.0633234
FixedParameters: 0 0 0

#Transform 51
Transform: AffineTransform_float_3_3
Parameters: 1 0.000430911 -0.000470794 -0.000430449 0.999998 0.0019206 0.000471839 -0.00192025 0.999998 0.0178778 -0.0357535 -0.000314803
FixedParameters: 0 0 0

#Transform 52
Transform: AffineTransform_float_3_3
Parameters: 1 0.000645213 0.000283016 -0.000644886 1 0.000945412 -0.000282303 -0.000945153 1 -0.0133183 0.00648703 0.00653279
FixedParameters: 0 0 0

#Transform 53
Transform: AffineTransform_float_3_3
Parameters: 1 0.000654299 0.000307079 -0.000654436 0.999999 0.000872537 -0.000307348 -0.000872112 1 -0.0126827 0.00527567 0.0185473
FixedParameters: 0 0 0

#Transform 54
Transform: AffineTransform_float_3_3
Parameters: 1 0.000480947 0.000489191 -0.000481021 0.999999 0.000948405 -0.000488803 -0.000948026 1 -0.0105948 0.00513305 0.0255503
FixedParameters: 0 0 0

#Transform 55
Transform: AffineTransform_float_3_3
Parameters: 0.999999 0.000759596 0.000590518 -0.000759556 0.999999 -3.43593e-05 -0.00059057 3.34622e-05 1 -0.0209376 0.00542289 0.0546147
FixedParameters: 0 0 0

#Transform 56
Transform: AffineTransform_float_3_3
Parameters: 1 0.000442343 0.000488317 -0.000442494 1 0.000154927 -0.000488179 -0.000155359 1 -0.00931284 0.00619249 0.0583126
FixedParameters: 0 0 0

#Transform 57
Transform: AffineTransform_float_3_3
Parameters: 0.999999 3.52813e-07 0.000969026 -7.54239e-07 1 0.000207133 -0.000969026 -0.000207134 0.999999 -0.02708 0.0329345 0.0231869
FixedParameters: 0 0 0

#Transform 58
Transform: AffineTransform_float_3_3
Parameters: 0.999999 0.000585324 0.000486595 -0.000585526 1 0.000180374 -0.000486349 -0.000180359 0.999999 -0.0148066 0.0349463 0.0232078
FixedParameters: 0 0 0

#Transform 59
Transform: AffineTransform_float_3_3
Parameters: 1 0.000451568 0.000538346 -0.000451554 1 -1.36168e-05 -0.000538358 1.31306e-05 1 -0.0136611 -0.0031059 0.0610974
FixedParameters: 0 0 0

#Transform 60
Transform: AffineTransform_float_3_3
Parameters: 0.999999 0.000484487 0.000516139 -0.000484378 1 -0.000106183 -0.000516241 0.000105683 1 -0.0136364 0.00119775 0.0560142
FixedParameters: 0 0 0

#Transform 61
Transform: AffineTransform_float_3_3
Parameters: 0.999999 0.000706401 0.000596388 -0.000706484 0.999999 6.91147e-05 -0.000596289 -6.99573e-05 1 -0.012717 0.0348319 0.0246863
FixedParameters: 0 0 0

#Transform 62
Transform: AffineTransform_float_3_3
Parameters: 0.999999 0.00066474 0.000768514 -0.00066489 0.999999 0.00065302 -0.00076817 -0.000653193 1 -0.0223157 0.0109294 0.0260344
FixedParameters: 0 0 0

#Transform 63
Transform: AffineTransform_float_3_3
Parameters: 0.999999 0.000582244 0.000409681 -0.000581733 1 -6.95289e-05 -0.000408875 6.90734e-05 1 -0.017331 0.00837702 0.0635374
FixedParameters: 0 0 0

#Transform 64
Transform: AffineTransform_float_3_3
Parameters: 0.999999 0.000718144 0.000501466 -0.000718205 0.999999 6.0557e-05 -0.000501379 -6.12772e-05 1 -0.0258986 0.0587364 0.0293012
FixedParameters: 0 0 0

#Transform 65
Transform: AffineTransform_float_3_3
Parameters: 1 0.00102205 0.000547924 -0.00102209 0.999999 3.8995e-05 -0.000547755 -4.01147e-05 1 -0.0277261 0.0488482 0.033855
FixedParameters: 0 0 0

#Transform 66
Transform: AffineTransform_float_3_3
Parameters: 1 0.000969934 0.000715554 -0.000970976 0.999999 0.00103127 -0.000714892 -0.00103264 0.999999 -0.0309072 0.00142067 0.0211636
FixedParameters: 0 0 0

#Transform 67
Transform: AffineTransform_float_3_3
Parameters: 1 0.0010621 0.000596902 -0.00106219 0.999999 0.000384746 -0.000597372 -0.000384602 1 -0.0198541 0.00356323 0.0548773
FixedParameters: 0 0 0

#Transform 68
Transform: AffineTransform_float_3_3
Parameters: 1 0.000942501 0.000539862 -0.000943439 0.999999 0.000424678 -0.000539825 -0.000425133 0.999999 -0.0186671 0.00111365 0.0513197
FixedParameters: 0 0 0

#Transform 69
Transform: AffineTransform_float_3_3
Parameters: 1 0.00101778 0.000700322 -0.00101852 0.999999 0.00083695 -0.000699957 -0.000838358 1 -0.0215489 0.00154579 0.0271705
FixedParameters: 0 0 0

#Transform 70
Transform: AffineTransform_float_3_3
Parameters: 0.999999 0.000908907 0.000935128 -0.00090773 0.999999 -0.000661383 -0.000936276 0.000661078 0.999999 -0.0367971 0.0510903 0.00617265
FixedParameters: 0 0 0

#Transform 71
Transform: AffineTransform_float_3_3
Parameters: 0.999999 0.000763334 0.00111687 -0.000763097 1 -0.000122084 -0.00111704 0.000121189 1 -0.031874 0.0500611 -0.00248913
FixedParameters: 0 0 0

#Transform 72
Transform: AffineTransform_float_3_3
Parameters: 0.999999 0.000934916 0.000886083 -0.000935011 0.999999 0.000521583 -0.000885509 -0.000521806 0.999999 -0.0265682 0.00918467 0.0270529
FixedParameters: 0 0 0

#Transform 73
Transform: AffineTransform_float_3_3
Parameters: 1 0.000889757 0.000797013 -0.000889747 0.999999 0.000529822 -0.000796506 -0.000530391 1 -0.0246678 0.00768459 0.0317387
FixedParameters: 0 0 0

#Transform 74
Transform: AffineTransform_float_3_3
Parameters: 1 0.000973182 0.000615705 -0.000973248 1 0.000754682 -0.000614654 -0.000755256 1 -0.0318838 0.048201 -0.0691731
FixedParameters: 0 0 0

#Transform 75
Transform: AffineTransform_float_3_3
Parameters: 0.999999 0.00106726 0.00108768 -0.00106709 0.999999 -0.000106003 -0.00108785 0.000105076 0.999999 -0.0421929 0.0370117 -0.0403496
FixedParameters: 0 0 0

#Transform 76
Transform: AffineTransform_float_3_3
Parameters: 0.999999 0.00104466 0.00111226 -0.00104468 0.999999 0.000383506 -0.00111186 -0.000384396 0.999999 -0.0411648 0.0303105 -0.00966345
FixedParameters: 0 0 0

#Transform 77
Transform: AffineTransform_float_3_3
Parameters: 0.999999 0.00122645 0.000897048 -0.00122722 0.999999 0.000635564 -0.000896775 -0.000636352 0.999999 -0.0353531 0.0127283 -0.00459667
FixedParameters: 0 0 0

#Transform 78
Transform: AffineTransform_float_3_3
Parameters: 0.999999 0.000970314 0.00101075 -0.000970099 1 -0.000136657 -0.00101096 0.000136091 0.999999 -0.0403124 0.0400554 -0.00513288
FixedParameters: 0 0 0

#Transform 79
Transform: AffineTransform_float_3_3
Parameters: 0.999999 0.000992653 0.00101075 -0.000993052 0.999999 0.000381835 -0.00101128 -0.00038243 0.999999 -0.0391595 0.0284654 0.00649127
FixedParameters: 0 0 0

#Transform 80
Transform: AffineTransform_float_3_3
Parameters: 0.999999 0.00102942 0.000931865 -0.00103044 0.999999 0.000761744 -0.000931618 -0.000762835 0.999999 -0.036772 0.0141592 0.0155144
FixedParameters: 0 0 0

#Transform 81
Transform: AffineTransform_float_3_3
Parameters: 0.999999 0.000964564 0.000923467 -0.000965121 0.999999 0.000764685 -0.000922426 -0.000765617 0.999999 -0.0352118 0.0215355 0.0231913
FixedParameters: 0 0 0

#Transform 82
Transform: AffineTransform_float_3_3
Parameters: 0.999999 0.000970924 0.000935935 -0.0009715 0.999999 0.000764398 -0.000934886 -0.000765366 0.999999 -0.0391027 0.0365349 0.004044
FixedParameters: 0 0 0

#Transform 83
Transform: AffineTransform_float_3_3
Parameters: 0.999999 0.00101202 0.00101077 -0.00101244 0.999999 0.000831417 -0.00101083 -0.000832012 0.999999 -0.0400253 0.0199599 0.0234299
FixedParameters: 0 0 0

#Transform 84
Transform: AffineTransform_float_3_3
Parameters: 0.999999 0.00103023 0.0010633 -0.00103074 0.999999 0.000630388 -0.0010624 -0.000631145 0.999999 -0.0406063 0.0311148 0.0205958
FixedParameters: 0 0 0

#Transform 85
Transform: AffineTransform_float_3_3
Parameters: 0.999999 0.000983649 0.00101073 -0.000983598 0.999999 0.000172256 -0.00101172 -0.000173417 1 -0.0286665 0.0416604 0.00662025
FixedParameters: 0 0 0

#Transform 86
Transform: AffineTransform_float_3_3
Parameters: 0.999999 0.000928052 0.00114758 -0.000928077 0.999999 -4.41377e-06 -0.00114757 3.09385e-06 0.999999 -0.0401316 0.0483914 0.00702262
FixedParameters: 0 0 0

#Transform 87
Transform: AffineTransform_float_3_3
Parameters: 0.999998 0.00111941 0.0012405 -0.00112003 0.999999 0.000596514 -0.0012396 -0.000598442 0.999999 -0.0417961 0.018272 -0.00128539
FixedParameters: 0 0 0

#Transform 88
Transform: AffineTransform_float_3_3
Parameters: 0.999998 0.00111447 0.00121734 -0.00111461 0.999999 0.000758334 -0.00121661 -0.000759349 0.999999 -0.0407653 0.0172554 -0.00810539
FixedParameters: 0 0 0

#Transform 89
Transform: AffineTransform_float_3_3
Parameters: 0.999999 0.00120641 0.00142394 -0.00120687 0.999999 0.000438581 -0.00142327 -0.000439773 0.999999 -0.0444344 0.0257009 -0.00609066
FixedParameters: 0 0 0

#Transform 90
Transform: AffineTransform_float_3_3
Parameters: 0.999999 0.00125675 0.00125294 -0.00125722 0.999999 0.000874377 -0.0012516 -0.000876052 0.999999 -0.04362 0.00903701 -0.00585851
FixedParameters: 0 0 0

#Transform 91
Transform: AffineTransform_float_3_3
Parameters: 0.999998 0.00109778 0.00117816 -0.00109804 0.999999 0.000836166 -0.00117729 -0.000837055 0.999999 -0.0450462 0.0103456 0.00859658
FixedParameters: 0 0 0

#Transform 92
Transform: AffineTransform_float_3_3
Parameters: 0.999999 0.00108327 0.00114344 -0.00108364 1 0.000911285 -0.00114241 -0.000912289 0.999999 -0.042483 0.0143964 0.00538793
FixedParameters: 0 0 0

#Transform 93
Transform: AffineTransform_float_3_3
Parameters: 0.999999 0.00106313 0.00117545 -0.00106244 0.999999 6.03699e-05 -0.00117573 -6.14351e-05 0.999999 -0.0424363 0.0325599 0.00167358
FixedParameters: 0 0 0

#Transform 94
Transform: AffineTransform_float_3_3
Parameters: 0.999998 0.00111928 0.00124585 -0.00111977 0.999999 0.00053025 -0.00124506 -0.000531605 0.999999 -0.0374373 0.0378277 -0.0490321
FixedParameters: 0 0 0

#Transform 95
Transform: AffineTransform_float_3_3
Parameters: 0.999999 0.00103656 0.00113981 -0.00103628 0.999999 -0.000134437 -0.00114007 0.000132884 0.999999 -0.0423307 0.0685623 -0.0468816
FixedParameters: 0 0 0

#Transform 96
Transform: AffineTransform_float_3_3
Parameters: 0.999998 0.00106029 0.00123327 -0.00105952 0.999999 -0.000697278 -0.00123424 0.000696019 0.999998 -0.050178 0.0700682 -0.0386823
FixedParameters: 0 0 0

#Transform 97
Transform: AffineTransform_float_3_3
Parameters: 0.999999 0.00116642 0.00142374 -0.00116507 0.999999 -0.000499281 -0.00142487 0.00049758 0.999999 -0.0501544 0.0598389 -0.0375336
FixedParameters: 0 0 0

#Transform 98
Transform: AffineTransform_float_3_3
Parameters: 0.999998 0.0012267 0.00152081 -0.001226 0.999999 -0.00025182 -0.00152139 0.000249709 0.999999 -0.0526586 0.0522804 -0.0398556
FixedParameters: 0 0 0

#Transform 99
Transform: AffineTransform_float_3_3
Parameters: 0.999998 0.0012599 0.00159468 -0.00125885 0.999999 -0.000360658 -0.00159552 0.000358846 0.999999 -0.055415 0.0503667 -0.0332539
FixedParameters: 0 0 0

#Transform 100
Transform: AffineTransform_float_3_3
Parameters: 0.999998 0.00128187 0.00163563 -0.00128086 0.999999 -0.000337652 -0.00163643 0.000335664 0.999998 -0.0540719 0.0516776 -0.0397511
FixedParameters: 0 0 0

#Transform 101
Transform: AffineTransform_float_3_3
Parameters: 0.999998 0.00129448 0.00165789 -0.00129355 0.999999 -0.000309209 -0.00165862 0.000307122 0.999998 -0.0547327 0.047002 -0.0476872
FixedParameters: 0 0 0

#Transform 102
Transform: AffineTransform_float_3_3
Parameters: 0.999997 0.00116731 0.00178355 -0.00116703 0.999999 -0.000105236 -0.00178372 0.000103277 0.999998 -0.0565982 0.039885 -0.031503
FixedParameters: 0 0 0

#Transform 103
Transform: AffineTransform_float_3_3
Parameters: 0.999998 0.00125102 0.00190773 -0.00125184 0.999999 0.000185764 -0.00190721 -0.000188108 0.999999 -0.0545407 0.0337226 -0.0429892
FixedParameters: 0 0 0

#Transform 104
Transform: AffineTransform_float_3_3
Parameters: 0.999997 0.00119752 0.00202497 -0.0011986 0.999999 0.000240245 -0.00202434 -0.000242666 0.999998 -0.0589404 0.0376817 -0.0424203
FixedParameters: 0 0 0

#Transform 105
Transform: AffineTransform_float_3_3
Parameters: 0.999997 0.00105062 0.00184868 -0.00105124 0.999999 0.000148542 -0.00184833 -0.000150807 0.999998 -0.0538385 0.0435607 -0.0355166
FixedParameters: 0 0 0

#Transform 106
Transform: AffineTransform_float_3_3
Parameters: 0.999997 0.00113218 0.00180313 -0.00113214 0.999999 -3.03535e-05 -0.00180316 2.78908e-05 0.999998 -0.0480724 0.0483793 -0.0483043
FixedParameters: 0 0 0

#Transform 107
Transform: AffineTransform_float_3_3
Parameters: 0.999998 0.00116565 0.00125754 -0.00116725 0.999998 0.00147547 -0.00125645 -0.00147611 0.999998 -0.0509096 0.00373381 -0.0635842
FixedParameters: 0 0 0

#Transform 108
Transform: AffineTransform_float_3_3
Parameters: 1 0.000576115 0.000960677 -0.000577565 0.999999 0.0014248 -0.000960898 -0.00142504 0.999999 -0.0421358 0.0234045 -0.0383588
FixedParameters: 0 0 0

#Transform 109
Transform: AffineTransform_float_3_3
Parameters: 0.999998 0.000951049 0.0013741 -0.000953341 0.999999 0.00129258 -0.00137347 -0.00129375 0.999998 -0.0481013 0.0310764 -0.049913
FixedParameters: 0 0 0

#Transform 110
Transform: AffineTransform_float_3_3
Parameters: 0.999998 0.000936405 0.00130029 -0.000937849 0.999999 0.00086024 -0.00129914 -0.000860432 0.999999 -0.0449503 0.0289062 -0.0518735
FixedParameters: 0 0 0

#Transform 111
Transform: AffineTransform_float_3_3
Parameters: 0.999998 0.00101586 0.00144806 -0.00101645 0.999999 0.000793815 -0.00144741 -0.00079506 0.999999 -0.0531373 0.0288186 -0.0405888
FixedParameters: 0 0 0

#Transform 112
Transform: AffineTransform_float_3_3
Parameters: 0.999999 0.00104445 0.00152799 -0.00104599 0.999999 0.000903376 -0.00152782 -0.000904308 0.999998 -0.0551145 0.0231231 -0.0501456
FixedParameters: 0 0 0

#Transform 113
Transform: AffineTransform_float_3_3
Parameters: 0.999999 0.000987308 0.00148337 -0.000989056 0.999999 0.00117706 -0.00148193 -0.0011791 0.999998 -0.0506206 0.0168504 -0.0437799
FixedParameters: 0 0 0

#Transform 114
Transform: AffineTransform_float_3_3
Parameters: 0.999998 0.000857494 0.00134341 -0.000858927 0.999999 0.000838011 -0.00134247 -0.000838657 0.999999 -0.0556148 0.0542889 -0.02062
FixedParameters: 0 0 0

#Transform 115
Transform: AffineTransform_float_3_3
Parameters: 1 0.000878499 0.000615093 -0.000879246 0.999996 0.00240674 -0.000613285 -0.00240772 0.999997 -0.0289343 -0.0214276 -0.0252591
FixedParameters: 0 0 0

#Transform 116
Transform: AffineTransform_float_3_3
Parameters: 0.999999 0.00108417 0.00116306 -0.00108453 0.999999 0.000699025 -0.00116328 -0.000700096 0.999998 -0.0479716 0.0441407 -0.068989
FixedParameters: 0 0 0

#Transform 117
Transform: AffineTransform_float_3_3
Parameters: 0.999999 0.00117576 0.00136339 -0.00117618 0.999999 0.000445995 -0.00136273 -0.000446957 0.999999 -0.0520701 0.0502876 -0.0811666
FixedParameters: 0 0 0

#Transform 118
Transform: AffineTransform_float_3_3
Parameters: 0.999998 0.00111905 0.00125295 -0.00111975 0.999999 0.000439364 -0.00125328 -0.000441342 0.999999 -0.046672 0.0447694 -0.0608666
FixedParameters: 0 0 0

#Transform 119
Transform: AffineTransform_float_3_3
Parameters: 0.999999 0.00117962 0.00140072 -0.00117908 0.999999 8.84872e-05 -0.00140089 -8.95476e-05 0.999999 -0.0484308 0.0378218 -0.0462307
FixedParameters: 0 0 0

#Transform 120
Transform: AffineTransform_float_3_3
Parameters: 0.999999 0.00115598 0.00135446 -0.0011554 0.999999 8.91662e-05 -0.00135456 -9.08633e-05 0.999999 -0.0481711 0.0465816 -0.0582189
FixedParameters: 0 0 0

#Transform 121
Transform: AffineTransform_float_3_3
Parameters: 0.999999 0.00123593 0.00139311 -0.00123564 0.999999 0.000182015 -0.00139304 -0.000183214 0.999999 -0.0482943 0.0461471 -0.0693808
FixedParameters: 0 0 0

#Transform 122
Transform: AffineTransform_float_3_3
Parameters: 0.999998 0.00110973 0.00125293 -0.00110946 0.999999 0.000222401 -0.00125284 -0.000223747 0.999999 -0.0462199 0.0406093 -0.0664311
FixedParameters: 0 0 0

#Transform 123
Transform: AffineTransform_float_3_3
Parameters: 0.999999 0.00117852 0.00141936 -0.00117816 0.999999 -0.000161733 -0.00141967 0.000160593 0.999999 -0.0499105 0.0478714 -0.0719388
FixedParameters: 0 0 0

#Transform 124
Transform: AffineTransform_float_3_3
Parameters: 0.999998 0.00141925 0.00135613 -0.00141795 0.999999 -0.000349803 -0.00135617 0.000348181 0.999999 -0.048178 0.0484384 -0.0877555
FixedParameters: 0 0 0

#Transform 125
Transform: AffineTransform_float_3_3
Parameters: 0.999998 0.00152059 0.00120094 -0.00151999 0.999999 -0.000300508 -0.00120174 0.000299645 0.999999 -0.0461809 0.0478964 -0.0854143
FixedParameters: 0 0 0

#Transform 126
Transform: AffineTransform_float_3_3
Parameters: 0.999998 0.00139415 0.00129832 -0.00139361 0.999999 -0.000243564 -0.00129893 0.000242149 0.999999 -0.0494276 0.0379913 -0.0813895
FixedParameters: 0 0 0

#Transform 127
Transform: AffineTransform_float_3_3
Parameters: 0.999998 0.00138543 0.00127786 -0.00138501 0.999999 -0.000202123 -0.00127835 0.000200787 1 -0.0523906 0.0513708 -0.094413
FixedParameters: 0 0 0

#Transform 128
Transform: AffineTransform_float_3_3
Parameters: 0.999998 0.00138872 0.00127789 -0.0013885 0.999999 -0.000125202 -0.00127817 0.000123858 1 -0.0483454 0.0342537 -0.0946569
FixedParameters: 0 0 0

#Transform 129
Transform: AffineTransform_float_3_3
Parameters: 0.999998 0.00138199 0.00149837 -0.00138144 0.999999 -0.000216064 -0.00149889 0.000214128 0.999999 -0.0545354 0.0475919 -0.0841179
FixedParameters: 0 0 0

#Transform 130
Transform: AffineTransform_float_3_3
Parameters: 0.999998 0.00142198 0.00136148 -0.00142113 0.999999 -0.00034995 -0.0013624 0.000348283 0.999999 -0.0506112 0.0367405 -0.0887835
FixedParameters: 0 0 0

#Transform 131
Transform: AffineTransform_float_3_3
Parameters: 0.999998 0.00130967 0.0015325 -0.00130871 0.999999 -0.000344897 -0.00153333 0.000343088 0.999999 -0.0557596 0.0521276 -0.0819001
FixedParameters: 0 0 0

#Transform 132
Transform: AffineTransform_float_3_3
Parameters: 0.999998 0.00131778 0.00136036 -0.00131742 0.999999 -0.000169053 -0.00136074 0.000167673 0.999999 -0.0517225 0.040906 -0.0730251
FixedParameters: 0 0 0

#Transform 133
Transform: AffineTransform_float_3_3
Parameters: 0.999998 0.00147835 0.0013351 -0.0014778 0.999999 -0.000240397 -0.00133573 0.000238655 0.999999 -0.0501589 0.0438607 -0.0779442
FixedParameters: 0 0 0

#Transform 134
Transform: AffineTransform_float_3_3
Parameters: 0.999998 0.00137826 0.00127496 -0.00137837 0.999999 7.39409e-06 -0.00127487 -8.70365e-06 1 -0.0537991 0.034092 -0.0897623
FixedParameters: 0 0 0

#Transform 135
Transform: AffineTransform_float_3_3
Parameters: 0.999999 0.00129082 0.0013317 -0.00129104 0.999999 4.43736e-05 -0.00133151 -4.56067e-05 0.999999 -0.0520262 0.024194 -0.122219
FixedParameters: 0 0 0

#Transform 136
Transform: AffineTransform_float_3_3
Parameters: 0.999998 0.00140677 0.00130287 -0.00140686 0.999999 -1.91836e-06 -0.0013028 4.57573e-07 0.999999 -0.0520027 0.039445 -0.0990518
FixedParameters: 0 0 0

#Transform 137
Transform: AffineTransform_float_3_3
Parameters: 0.999999 0.00122656 0.00129787 -0.00122686 0.999999 7.73282e-05 -0.00129761 -7.83072e-05 0.999999 -0.0497111 0.0414146 -0.0893783
FixedParameters: 0 0 0

#Transform 138
Transform: AffineTransform_float_3_3
Parameters: 0.999998 0.00132451 0.00141577 -0.00132419 0.999999 -0.000149359 -0.0014161 0.000147814 0.999999 -0.0520521 0.0468202 -0.0979366
FixedParameters: 0 0 0

#Transform 139
Transform: AffineTransform_float_3_3
Parameters: 0.999998 0.00150712 0.00132644 -0.00150689 0.999999 -0.00012059 -0.00132673 0.000118796 0.999999 -0.048465 0.0390208 -0.110458
FixedParameters: 0 0 0

#Transform 140
Transform: AffineTransform_float_3_3
Parameters: 0.999998 0.00147976 0.00119482 -0.00147974 0.999999 -5.12211e-05 -0.0011949 4.98898e-05 1 -0.0505514 0.0391469 -0.109412
FixedParameters: 0 0 0

#Transform 141
Transform: AffineTransform_float_3_3
Parameters: 0.999998 0.00149372 0.001489 -0.00149373 0.999999 -3.91983e-05 -0.00148901 3.75396e-05 0.999999 -0.0588193 0.0447645 -0.0968324
FixedParameters: 0 0 0

#Transform 142
Transform: AffineTransform_float_3_3
Parameters: 0.999998 0.00152726 0.00139228 -0.00152696 0.999999 0.000169556 -0.00139211 -0.00017098 0.999999 -0.0539883 0.0235155 -0.117287
FixedParameters: 0 0 0

#Transform 143
Transform: AffineTransform_float_3_3
Parameters: 0.999998 0.0015394 0.00139172 -0.00154 0.999999 0.000170965 -0.00139109 -0.000172461 0.999999 -0.0556504 0.0246907 -0.117999
FixedParameters: 0 0 0

#Transform 144
Transform: AffineTransform_float_3_3
Parameters: 0.999998 0.00143909 0.00120658 -0.0014395 0.999999 0.00014539 -0.00120601 -0.000147467 0.999999 -0.0524676 0.0278042 -0.104954
FixedParameters: 0 0 0

#Transform 145
Transform: AffineTransform_float_3_3
Parameters: 0.999998 0.00134317 0.00147879 -0.00134336 0.999999 3.29351e-05 -0.00147863 -3.47028e-05 0.999999 -0.0539247 0.0333228 -0.0908893
FixedParameters: 0 0 0

#Transform 146
Transform: AffineTransform_float_3_3
Parameters: 0.999998 0.00154468 0.00143052 -0.00154511 0.999998 0.000117864 -0.00143008 -0.000120079 0.999999 -0.0553385 0.0284265 -0.107223
FixedParameters: 0 0 0

#Transform 147
Transform: AffineTransform_float_3_3
Parameters: 0.999998 0.00153678 0.001388 -0.00153689 0.999999 -5.07281e-06 -0.00138791 3.59626e-06 0.999999 -0.0496984 0.0256788 -0.115245
FixedParameters: 0 0 0

#Transform 148
Transform: AffineTransform_float_3_3
Parameters: 0.999998 0.00148852 0.00133288 -0.00148922 0.999999 -0.000106777 -0.00133267 0.000104974 0.999999 -0.0515168 0.0392698 -0.0953332
FixedParameters: 0 0 0

#Transform 149
Transform: AffineTransform_float_3_3
Parameters: 0.999998 0.00148022 0.00133744 -0.00148096 0.999999 -9.23895e-05 -0.00133719 9.05956e-05 0.999999 -0.049464 0.0271867 -0.0949938
FixedParameters: 0 0 0

#Transform 150
Transform: AffineTransform_float_3_3
Parameters: 0.999998 0.00133876 0.00138258 -0.00133858 0.999999 -0.000101953 -0.00138278 0.000100456 0.999999 -0.0560871 0.0426935 -0.122139
FixedParameters: 0 0 0

#Transform 151
Transform: AffineTransform_float_3_3
Parameters: 0.999999 0.00138232 0.0011086 -0.0013815 0.999999 -8.31138e-06 -0.00110889 7.26529e-06 0.999999 -0.0462164 0.0331718 -0.107872
FixedParameters: 0 0 0

#Transform 152
Transform: AffineTransform_float_3_3
Parameters: 0.999999 0.00143748 0.0011638 -0.00143804 0.999999 -0.000194674 -0.0011638 0.000194079 0.999999 -0.0496934 0.0301737 -0.113455
FixedParameters: 0 0 0

#Transform 153
Transform: AffineTransform_float_3_3
Parameters: 0.999998 0.00150528 0.00132376 -0.00150503 0.999999 -0.000131515 -0.00132408 0.000129735 0.999999 -0.0532564 0.0450375 -0.0925895
FixedParameters: 0 0 0

#Transform 154
Transform: AffineTransform_float_3_3
Parameters: 0.999997 0.0016314 0.00139121 -0.00163046 0.999999 -0.000359892 -0.00139233 0.000356747 0.999999 -0.0508225 0.0430502 -0.0812257
FixedParameters: 0 0 0

#Transform 155
Transform: AffineTransform_float_3_3
Parameters: 0.999998 0.0016789 0.00146167 -0.00167845 0.999998 -0.000194753 -0.00146213 0.000192634 0.999999 -0.052012 0.0349886 -0.0892107
FixedParameters: 0 0 0

#Transform 156
Transform: AffineTransform_float_3_3
Parameters: 0.999998 0.00153612 0.00144149 -0.00153567 0.999998 -0.000190031 -0.001442 0.000187807 0.999999 -0.0523239 0.0543205 -0.0866998
FixedParameters: 0 0 0

#Transform 157
Transform: AffineTransform_float_3_3
Parameters: 0.999997 0.00165399 0.00135367 -0.001653 0.999998 -0.000565697 -0.00135412 0.000563406 0.999999 -0.056459 0.0691214 -0.0827413
FixedParameters: 0 0 0

#Transform 158
Transform: AffineTransform_float_3_3
Parameters: 0.999998 0.00172975 0.00145857 -0.00172875 0.999999 -0.000524787 -0.00145887 0.000521704 0.999999 -0.0570696 0.0620212 -0.0639556
FixedParameters: 0 0 0

#Transform 159
Transform: AffineTransform_float_3_3
Parameters: 0.999998 0.00156408 0.00159312 -0.00156331 0.999998 -0.000408604 -0.00159289 0.00040581 0.999999 -0.0564905 0.0626424 -0.0724351
FixedParameters: 0 0 0

#Transform 160
Transform: AffineTransform_float_3_3
Parameters: 0.999998 0.00131398 0.00154272 -0.00131662 0.999998 0.0015427 -0.00154092 -0.00154446 0.999997 -0.0575144 0.0130596 -0.0542259
FixedParameters: 0 0 0

#Transform 161
Transform: AffineTransform_float_3_3
Parameters: 0.999998 0.00155717 0.00173179 -0.00155732 0.999998 0.000517965 -0.00173099 -0.000520264 0.999999 -0.0578493 0.0434264 -0.0530345
FixedParameters: 0 0 0

#Transform 162
Transform: AffineTransform_float_3_3
Parameters: 0.999997 0.00147018 0.00196521 -0.00146992 0.999999 0.000126444 -0.0019652 -0.000129168 0.999998 -0.0664417 0.0477085 -0.0783151
FixedParameters: 0 0 0

#Transform 163
Transform: AffineTransform_float_3_3
Parameters: 0.999997 0.00159691 0.0018301 -0.00159665 0.999998 -0.000108553 -0.00183036 0.000105724 0.999999 -0.0621412 0.0533369 -0.0823048
FixedParameters: 0 0 0

#Transform 164
Transform: AffineTransform_float_3_3
Parameters: 0.999997 0.00175179 0.00197157 -0.00175128 0.999998 6.14237e-05 -0.00197163 -6.52765e-05 0.999998 -0.0655485 0.0483723 -0.0732958
FixedParameters: 0 0 0

#Transform 165
Transform: AffineTransform_float_3_3
Parameters: 0.999997 0.00157133 0.00184331 -0.00157109 0.999999 -0.000102382 -0.00184354 9.96041e-05 0.999999 -0.0625299 0.0463791 -0.0854369
FixedParameters: 0 0 0

#Transform 166
Transform: AffineTransform_float_3_3
Parameters: 0.999996 0.00164805 0.00202199 -0.00164797 0.999998 -5.29765e-05 -0.00202207 4.93269e-05 0.999998 -0.0672218 0.0558621 -0.0750476
FixedParameters: 0 0 0

#Transform 167
Transform: AffineTransform_float_3_3
Parameters: 0.999997 0.00156023 0.00185018 -0.00156018 0.999999 -4.88288e-05 -0.00185024 4.60704e-05 0.999999 -0.0599301 0.0535556 -0.0718092
FixedParameters: 0 0 0

#Transform 168
Transform: AffineTransform_float_3_3
Parameters: 0.999997 0.0016557 0.00179957 -0.00165537 0.999998 -0.00013025 -0.00179991 0.000127306 0.999999 -0.0567536 0.0545073 -0.0794619
FixedParameters: 0 0 0

#Transform 169
Transform: AffineTransform_float_3_3
Parameters: 0.999998 0.00141274 0.00156995 -0.00141252 0.999999 -0.000382685 -0.0015705 0.000380415 0.999999 -0.0519424 0.0530358 -0.0987835
FixedParameters: 0 0 0

#Transform 170
Transform: AffineTransform_float_3_3
Parameters: 0.999998 0.00141021 0.00168931 -0.0014094 0.999999 -0.000532751 -0.00169019 0.000530153 0.999998 -0.0589536 0.0623969 -0.0881398
FixedParameters: 0 0 0

#Transform 171
Transform: AffineTransform_float_3_3
Parameters: 0.999997 0.00154464 0.00155737 -0.00154397 0.999999 -0.000541046 -0.00155848 0.000538985 0.999998 -0.0556843 0.0619754 -0.075493
FixedParameters: 0 0 0

#Transform 172
Transform: AffineTransform_float_3_3
Parameters: 0.999997 0.00158313 0.00155035 -0.00158266 0.999998 -0.00047674 -0.0015513 0.000474581 0.999998 -0.05089 0.0522473 -0.0917205
FixedParameters: 0 0 0

#Transform 173
Transform: AffineTransform_float_3_3
Parameters: 0.999998 0.00172037 0.00155756 -0.00171988 0.999998 -0.000483009 -0.00155857 0.0004804 0.999998 -0.0540507 0.0563617 -0.0947639
FixedParameters: 0 0 0

#Transform 174
Transform: AffineTransform_float_3_3
Parameters: 0.999997 0.00154132 0.0015006 -0.00154071 0.999999 -0.000542867 -0.00150171 0.000540991 0.999998 -0.0511713 0.0530701 -0.0879231
FixedParameters: 0 0 0

#Transform 175
Transform: AffineTransform_float_3_3
Parameters: 0.999998 0.0016776 0.00151428 -0.00167594 0.999999 -0.000731233 -0.00151528 0.000728925 0.999999 -0.0534464 0.0639423 -0.0868038
FixedParameters: 0 0 0

#Transform 176
Transform: AffineTransform_float_3_3
Parameters: 0.999998 0.00144628 0.00165882 -0.00144573 0.999999 -0.000721001 -0.00165985 0.00071752 0.999998 -0.0577852 0.0636119 -0.0935988
FixedParameters: 0 0 0

#Transform 177
Transform: AffineTransform_float_3_3
Parameters: 0.999998 0.00157535 0.001602 -0.00157519 0.999998 -0.000356098 -0.00160251 0.000353216 0.999999 -0.0554618 0.0471083 -0.10251
FixedParameters: 0 0 0

#Transform 178
Transform: AffineTransform_float_3_3
Parameters: 0.999998 0.00160095 0.00159182 -0.00159956 0.999998 -0.000477537 -0.00159315 0.00047523 0.999998 -0.0535996 0.0596861 -0.0890558
FixedParameters: 0 0 0

#Transform 179
Transform: AffineTransform_float_3_3
Parameters: 0.999997 0.00162603 0.0014587 -0.00162565 0.999998 -0.000478642 -0.00145969 0.000476648 0.999998 -0.0500225 0.0532542 -0.0834636
FixedParameters: 0 0 0

#Transform 180
Transform: AffineTransform_float_3_3
Parameters: 0.999998 0.00171585 0.0014127 -0.0017146 0.999998 -0.00048266 -0.00141416 0.000480601 0.999999 -0.050465 0.0569522 -0.0932044
FixedParameters: 0 0 0

#Transform 181
Transform: AffineTransform_float_3_3
Parameters: 0.999997 0.00162336 0.00146007 -0.00162298 0.999998 -0.000478521 -0.00146106 0.00047653 0.999998 -0.056428 0.0666615 -0.0750174
FixedParameters: 0 0 0

#Transform 182
Transform: AffineTransform_float_3_3
Parameters: 0.999997 0.00160558 0.00146918 -0.00160519 0.999998 -0.000477716 -0.00147016 0.000475748 0.999998 -0.0555661 0.0565125 -0.0716158
FixedParameters: 0 0 0

#Transform 183
Transform: AffineTransform_float_3_3
Parameters: 0.999998 0.0015272 0.00163187 -0.0015253 0.999998 -0.000473959 -0.00163227 0.000471203 0.999998 -0.0578275 0.0567457 -0.0691438
FixedParameters: 0 0 0

#Transform 184
Transform: AffineTransform_float_3_3
Parameters: 0.999998 0.00175074 0.00150717 -0.00175025 0.999999 -0.000484762 -0.00150823 0.000481425 0.999998 -0.0526666 0.0617391 -0.0945472
FixedParameters: 0 0 0

#Transform 185
Transform: AffineTransform_float_3_3
Parameters: 0.999998 0.0017359 0.00145185 -0.00173548 0.999999 -0.000484046 -0.0014529 0.000480945 0.999999 -0.0513197 0.0558785 -0.0929483
FixedParameters: 0 0 0

#Transform 186
Transform: AffineTransform_float_3_3
Parameters: 0.999997 0.00165582 0.00143895 -0.00165485 0.999998 -0.000678957 -0.00144067 0.000676356 0.999999 -0.0567546 0.0483931 -0.0993479
FixedParameters: 0 0 0

#Transform 187
Transform: AffineTransform_float_3_3
Parameters: 0.999997 0.00161219 0.00146176 -0.00161122 0.999999 -0.000658372 -0.00146337 0.000655013 0.999999 -0.0595542 0.0627577 -0.101701
FixedParameters: 0 0 0

#Transform 188
Transform: AffineTransform_float_3_3
Parameters: 0.999997 0.00158868 0.00147785 -0.0015874 0.999998 -0.000476911 -0.00147925 0.000475004 0.999998 -0.0524866 0.0433806 -0.100074
FixedParameters: 0 0 0

#Transform 189
Transform: AffineTransform_float_3_3
Parameters: 0.999998 0.00163902 0.00160319 -0.00163842 0.999998 -0.000353982 -0.00160284 0.000350916 0.999999 -0.056236 0.046223 -0.083645
FixedParameters: 0 0 0
