#Insight Transform File V1.0
#Transform 0
Transform: AffineTransform_float_3_3
Parameters: 1 -0.000127764 0.00101518 0.000128023 1 -0.000126357 -0.00101506 0.000126616 0.999999 -0.0203355 -0.0449403 -0.0132447
FixedParameters: 0 0 0

#Transform 1
Transform: AffineTransform_float_3_3
Parameters: 0.999999 -7.86864e-05 0.000983584 7.9542e-05 1 -0.000434888 -0.000983515 0.000435044 0.999999 -0.0259715 -0.0318161 -0.00905921
FixedParameters: 0 0 0

#Transform 2
Transform: AffineTransform_float_3_3
Parameters: 0.999999 0.000212827 0.000832334 -0.000212827 1 -0.000534269 -0.000832108 0.000533876 0.999999 -0.0206931 -0.0296948 -0.00496839
FixedParameters: 0 0 0

#Transform 3
Transform: AffineTransform_float_3_3
Parameters: 0.999999 -6.34705e-05 0.000834083 6.34338e-05 0.999999 -0.000495621 -0.000833601 0.000495104 0.999999 -0.0273536 -0.0183661 -0.0136089
FixedParameters: 0 0 0

#Transform 4
Transform: AffineTransform_float_3_3
Parameters: 1 -0.000132041 0.00101097 0.000132917 1 -0.000432452 -0.00101077 0.00043272 0.999999 -0.0264383 -0.0134912 -0.0168688
FixedParameters: 0 0 0

#Transform 5
Transform: AffineTransform_float_3_3
Parameters: 1 0.000276388 0.000468586 -0.000277165 0.999999 0.000828945 -0.000468127 -0.000829204 0.999999 -0.009779 -0.0172428 -0.0348171
FixedParameters: 0 0 0

#Transform 6
Transform: AffineTransform_float_3_3
Parameters: 0.999999 -0.000193103 0.000713408 0.00019362 0.999999 -0.00068031 -0.000714031 0.000680565 0.999999 -0.019517 -0.00434297 -0.00349848
FixedParameters: 0 0 0

#Transform 7
Transform: AffineTransform_float_3_3
Parameters: 0.999999 -0.000233542 0.000738022 0.000233776 0.999999 -0.000761565 -0.000737212 0.000761871 0.999999 -0.0204961 -0.00151298 0.00172629
FixedParameters: 0 0 0

#Transform 8
Transform: AffineTransform_float_3_3
Parameters: 1 0.000190879 0.000367637 -0.000190923 1 5.99415e-05 -0.000367614 -6.00818e-05 1 -0.00600858 0.000797609 -0.0649034
FixedParameters: 0 0 0

#Transform 9
Transform: AffineTransform_float_3_3
Parameters: 1 -6.81309e-05 0.000972924 6.94309e-05 1 -0.000685203 -0.000972813 0.000686147 0.999999 -0.0251936 0.0118088 -0.0155035
FixedParameters: 0 0 0

#Transform 10
Transform: AffineTransform_float_3_3
Parameters: 1 -6.51274e-05 0.000669276 6.62106e-05 1 -0.000835809 -0.000669237 0.000836707 1 -0.0180523 0.0053141 0.00457825
FixedParameters: 0 0 0

#Transform 11
Transform: AffineTransform_float_3_3
Parameters: 0.999999 -4.18388e-05 0.000957037 4.24421e-05 1 -0.000798549 -0.000956587 0.000799401 0.999999 -0.0299428 0.00711053 -0.00481148
FixedParameters: 0 0 0

#Transform 12
Transform: AffineTransform_float_3_3
Parameters: 1 -0.000282585 0.000639021 0.000282655 1 -3.45643e-05 -0.000639036 3.43408e-05 1 -0.0162957 -0.0397381 -0.0422505
FixedParameters: 0 0 0

#Transform 13
Transform: AffineTransform_float_3_3
Parameters: 1 0.000174469 0.000342776 -0.000174453 1 -2.34294e-05 -0.000342784 2.33098e-05 1 -0.00555897 -0.00243569 -0.0619255
FixedParameters: 0 0 0

#Transform 14
Transform: AffineTransform_float_3_3
Parameters: 1 0.000180108 0.000342672 -0.00018018 1 0.000105443 -0.000342634 -0.000105567 1 -0.0056792 0.0019913 -0.0592596
FixedParameters: 0 0 0

#Transform 15
Transform: AffineTransform_float_3_3
Parameters: 1 1.26048e-05 0.00042653 -1.26261e-05 1 2.48842e-05 -0.000426529 -2.48949e-05 1 -0.00881298 0.00165496 -0.0549363
FixedParameters: 0 0 0

#Transform 16
Transform: AffineTransform_float_3_3
Parameters: 1 -0.000256519 0.000561909 0.000256605 1 -7.7074e-05 -0.00056187 7.73623e-05 1 -0.0211449 -0.0392535 -0.0351587
FixedParameters: 0 0 0

#Transform 17
Transform: AffineTransform_float_3_3
Parameters: 1 -0.000256199 0.000562313 0.000256281 1 -4.98534e-05 -0.000562323 4.95569e-05 1 -0.0211264 -0.0376649 -0.0419861
FixedParameters: 0 0 0

#Transform 18
Transform: AffineTransform_float_3_3
Parameters: 1 0.00039634 0.000228928 -0.00039632 1 -4.43668e-05 -0.000228963 4.41854e-05 1 0.00376382 0.00544543 -0.0604592
FixedParameters: 0 0 0

#Transform 19
Transform: AffineTransform_float_3_3
Parameters: 1 -4.78048e-05 0.000650318 4.75108e-05 1 -0.000834664 -0.000650742 0.000835476 1 -0.0178938 0.0159136 0.013358
FixedParameters: 0 0 0

#Transform 20
Transform: AffineTransform_float_3_3
Parameters: 1 -0.000103292 0.000545209 0.000103963 1 -0.000615438 -0.000545082 0.000615551 0.999999 -0.015817 0.0173417 0.0239106
FixedParameters: 0 0 0

#Transform 21
Transform: AffineTransform_float_3_3
Parameters: 1 0.00013771 0.000343491 -0.000137117 0.999999 -0.000863599 -0.000343729 0.000863505 0.999999 -0.00875708 0.00538606 0.0110265
FixedParameters: 0 0 0

#Transform 22
Transform: AffineTransform_float_3_3
Parameters: 1 0.00018695 0.000432411 -0.000186273 0.999999 -0.000781633 -0.000432703 0.000781471 0.999999 -0.010795 0.0249798 0.00725003
FixedParameters: 0 0 0

#Transform 23
Transform: AffineTransform_float_3_3
Parameters: 1 -0.000130186 0.00057383 0.000130294 0.999999 -0.000869485 -0.00057315 0.000869596 0.999999 -0.0209221 0.0168831 -0.00738255
FixedParameters: 0 0 0

#Transform 24
Transform: AffineTransform_float_3_3
Parameters: 1 -0.000375697 -0.000161015 0.000375658 1 -0.000120787 0.000161105 0.000120666 1 -0.00234685 -0.0350173 -0.0262733
FixedParameters: 0 0 0

#Transform 25
Transform: AffineTransform_float_3_3
Parameters: 0.999999 0.000459986 0.000603578 -0.000460729 1 -0.0001221 -0.000603236 0.000121505 1 -0.0131502 0.0148985 -0.0168134
FixedParameters: 0 0 0

#Transform 26
Transform: AffineTransform_float_3_3
Parameters: 0.999999 0.000594588 0.000444454 -0.000594598 1 1.09924e-05 -0.00044444 -1.1521e-05 1 -0.00758945 0.00642356 -0.0344149
FixedParameters: 0 0 0

#Transform 27
Transform: AffineTransform_float_3_3
Parameters: 1 0.000368753 -0.000364437 -0.000369186 0.999999 0.000626109 0.000365353 -0.000625878 0.999999 0.0050131 -0.0135526 -0.0349463
FixedParameters: 0 0 0

#Transform 28
Transform: AffineTransform_float_3_3
Parameters: 1 0.00041818 -0.000234206 -0.000418067 1 0.000241682 0.000234408 -0.000241486 1 0.00966875 -0.00760014 -0.0350552
FixedParameters: 0 0 0

#Transform 29
Transform: AffineTransform_float_3_3
Parameters: 1 0.000409412 -0.000234093 -0.000409391 1 4.38722e-05 0.000234129 -4.36806e-05 1 0.00991831 -0.00255754 -0.0407511
FixedParameters: 0 0 0

#Transform 30
Transform: AffineTransform_float_3_3
Parameters: 1 0.000206795 -0.00063477 -0.000206669 1 9.9494e-05 0.000634811 -9.92315e-05 1 0.0127906 -0.00111882 -0.0356617
FixedParameters: 0 0 0

#Transform 31
Transform: AffineTransform_float_3_3
Parameters: 1 0.0001898 -0.000134364 -0.000189942 1 -0.000528985 0.000134163 0.000529036 1 0.00529811 -0.0186133 -0.0168118
FixedParameters: 0 0 0

#Transform 32
Transform: AffineTransform_float_3_3
Parameters: 1 0.000406489 -0.000234055 -0.000406499 1 -2.20643e-05 0.000234037 2.22546e-05 1 0.0100452 0.00872287 -0.0437617
FixedParameters: 0 0 0

#Transform 33
Transform: AffineTransform_float_3_3
Parameters: 1 0.000478762 -9.42913e-05 -0.000478763 1 -6.14442e-06 9.42853e-05 6.2347e-06 1 0.00685864 0.00565918 -0.0490121
FixedParameters: 0 0 0

#Transform 34
Transform: AffineTransform_float_3_3
Parameters: 1 0.000413884 -0.000234151 -0.000413817 1 0.000144775 0.000234271 -0.000144581 1 0.00973254 -0.00282092 -0.036557
FixedParameters: 0 0 0

#Transform 35
Transform: AffineTransform_float_3_3
Parameters: 1 0.000317889 -0.000457005 -0.000318278 1 0.000547193 0.000457807 -0.000546941 1 0.00630052 -0.0056143 -0.0231418
FixedParameters: 0 0 0

#Transform 36
Transform: AffineTransform_float_3_3
Parameters: 1 0.000431786 -0.000175237 -0.000431832 1 -0.000130246 0.000175125 0.000130397 1 0.00593198 0.0309 0.0163154
FixedParameters: 0 0 0

#Transform 37
Transform: AffineTransform_float_3_3
Parameters: 1 0.000248718 -0.000606748 -0.000248718 0.999999 0.000710473 0.00060752 -0.000710795 1 0.0179956 -0.0154177 -0.0198548
FixedParameters: 0 0 0

#Transform 38
Transform: AffineTransform_float_3_3
Parameters: 1 0.000318245 -0.00045701 -0.000318627 1 0.000555186 0.000457817 -0.000554933 1 0.0069556 -0.0102821 -0.0319309
FixedParameters: 0 0 0

#Transform 39
Transform: AffineTransform_float_3_3
Parameters: 1 0.000311613 -0.000456913 -0.000312131 1 0.000406328 0.00045762 -0.000406081 1 0.00643038 -0.00528092 -0.0290949
FixedParameters: 0 0 0

#Transform 40
Transform: AffineTransform_float_3_3
Parameters: 1 0.000290061 -0.000521214 -0.000290693 0.999999 0.000657662 0.000521127 -0.000658003 1 0.00901641 -0.0147759 -0.0237244
FixedParameters: 0 0 0

#Transform 41
Transform: AffineTransform_float_3_3
Parameters: 1 3.32689e-05 -0.000681752 -3.24884e-05 1 0.000572456 0.000681789 -0.000572412 0.999999 0.00850775 -0.0290314 -0.0214377
FixedParameters: 0 0 0

#Transform 42
Transform: AffineTransform_float_3_3
Parameters: 1 0.000486794 -0.000124826 -0.000487118 0.999999 0.000525987 0.000124451 -0.000525886 1 0.00653646 -0.0168296 -0.0253476
FixedParameters: 0 0 0

#Transform 43
Transform: AffineTransform_float_3_3
Parameters: 0.999999 0.000152994 -0.000767706 -0.000153677 0.999999 0.000413185 0.000767365 -0.000413594 1 0.0152635 -0.0292173 -0.00704972
FixedParameters: 0 0 0

#Transform 44
Transform: AffineTransform_float_3_3
Parameters: 0.999999 0.000204363 -0.000667084 -0.000204677 0.999999 0.000411056 0.000667671 -0.000411406 1 0.0110733 -0.0148802 -0.0206966
FixedParameters: 0 0 0

#Transform 45
Transform: AffineTransform_float_3_3
Parameters: 0.999999 0.000284935 -0.0006499 -0.000284378 0.999999 0.000407607 0.000650097 -0.000407822 1 0.0118064 -0.0167999 -0.013909
FixedParameters: 0 0 0

#Transform 46
Transform: AffineTransform_float_3_3
Parameters: 1 0.000551978 -0.000297574 -0.000551701 0.999999 0.000465012 0.000298087 -0.000464683 1 0.00616184 -0.0178892 -0.0160497
FixedParameters: 0 0 0

#Transform 47
Transform: AffineTransform_float_3_3
Parameters: 1 0.000366816 -0.000370688 -0.00036722 0.999999 0.000654217 0.000371622 -0.000653984 0.999999 0.00400185 -0.0262199 -0.0147303
FixedParameters: 0 0 0

#Transform 48
Transform: AffineTransform_float_3_3
Parameters: 1 0.000399532 -0.000306563 -0.000399587 0.999999 0.000652842 0.000306198 -0.000652618 0.999999 0.00272756 -0.0274698 -0.0143895
FixedParameters: 0 0 0

#Transform 49
Transform: AffineTransform_float_3_3
Parameters: 1 0.000423558 0.000279731 -0.000423292 1 -0.000475957 -0.000280134 0.00047572 1 -0.00740527 0.0155155 0.0443591
FixedParameters: 0 0 0

#Transform 50
Transform: AffineTransform_float_3_3
Parameters: 0.999999 0.000709023 0.00034013 -0.000709167 1 0.000172818 -0.00033985 -0.000172715 0.999999 -0.00803307 0.00284307 0.049854
FixedParameters: 0 0 0

#Transform 51
Transform: AffineTransform_float_3_3
Parameters: 1 0.000457739 -0.000132556 -0.00045775 1 -3.8272e-05 0.000132521 3.83933e-05 1 0.00402109 0.0387659 0.0359675
FixedParameters: 0 0 0

#Transform 52
Transform: AffineTransform_float_3_3
Parameters: 1 0.000488659 -4.2468e-05 -0.000488691 1 -0.000380918 4.20957e-05 0.000380959 1 0.00129884 0.00685837 0.0480088
FixedParameters: 0 0 0

#Transform 53
Transform: AffineTransform_float_3_3
Parameters: 1 0.000344443 -0.000354234 -0.000344467 1 -3.34343e-05 0.000354211 3.36783e-05 1 0.00386457 0.0349071 0.0284113
FixedParameters: 0 0 0

#Transform 54
Transform: AffineTransform_float_3_3
Parameters: 1 0.000339902 2.55084e-05 -0.000339901 1 -3.29889e-05 -2.55308e-05 3.29715e-05 1 -0.000820251 -0.00526819 0.0397801
FixedParameters: 0 0 0

#Transform 55
Transform: AffineTransform_float_3_3
Parameters: 1 0.000495511 -4.7024e-05 -0.000495527 1 -0.000174021 4.68515e-05 0.000174067 1 0.00184884 -0.00773125 0.0385886
FixedParameters: 0 0 0

#Transform 56
Transform: AffineTransform_float_3_3
Parameters: 1 0.000432259 -0.000182411 -0.000432273 1 -3.71796e-05 0.000182379 3.73373e-05 1 0.00548855 0.0303827 0.0303629
FixedParameters: 0 0 0

#Transform 57
Transform: AffineTransform_float_3_3
Parameters: 1 0.000530869 -5.99247e-05 -0.000531232 0.999999 0.000771317 5.98571e-05 -0.000771274 0.999999 0.00372184 -0.0100619 0.00342982
FixedParameters: 0 0 0

#Transform 58
Transform: AffineTransform_float_3_3
Parameters: 1 0.000262738 -0.000577325 -0.000262832 0.999999 0.000688654 0.000578141 -0.000688389 0.999999 0.00781682 -0.00956908 -0.00813453
FixedParameters: 0 0 0

#Transform 59
Transform: AffineTransform_float_3_3
Parameters: 1 0.000613963 0.000111107 -0.000614112 0.999999 0.000673645 -0.00011028 -0.000673781 1 -0.000674848 -0.00911652 0.00987198
FixedParameters: 0 0 0

#Transform 60
Transform: AffineTransform_float_3_3
Parameters: 1 0.000364845 -0.000511563 -0.000364546 0.999999 0.000737321 0.000511214 -0.000736969 0.999999 0.00169202 -0.0194351 -0.0117893
FixedParameters: 0 0 0

#Transform 61
Transform: AffineTransform_float_3_3
Parameters: 1 0.000271884 -0.000582894 -0.000272118 1 0.000954499 0.000582892 -0.000954242 1 0.003962 -0.0177745 -0.0106996
FixedParameters: 0 0 0

#Transform 62
Transform: AffineTransform_float_3_3
Parameters: 1 -0.000106988 -0.000223221 0.000107628 0.999999 0.00143988 0.000222824 -0.00143993 0.999999 0.00773861 -0.025324 -0.0597978
FixedParameters: 0 0 0

#Transform 63
Transform: AffineTransform_float_3_3
Parameters: 1 0.000202954 -0.000220184 -0.000202404 0.999999 0.00125111 0.000220603 -0.00125102 0.999999 -0.00349443 0.00236181 -0.0595385
FixedParameters: 0 0 0

#Transform 64
Transform: AffineTransform_float_3_3
Parameters: 1 0.000321376 3.82932e-06 -0.000321843 0.999999 0.00126706 -3.98914e-06 -0.00126708 0.999999 -0.0124988 -0.00221153 -0.0676365
FixedParameters: 0 0 0

#Transform 65
Transform: AffineTransform_float_3_3
Parameters: 1 0.00021139 -6.41651e-05 -0.000211232 0.999999 0.00124185 6.46019e-05 -0.00124182 0.999999 -0.011278 -0.00779994 -0.0638006
FixedParameters: 0 0 0

#Transform 66
Transform: AffineTransform_float_3_3
Parameters: 1 0.000232949 6.35083e-06 -0.000232966 1 0.00116988 -5.89378e-06 -0.00116988 1 -0.0129239 0.000731813 -0.067139
FixedParameters: 0 0 0

#Transform 67
Transform: AffineTransform_float_3_3
Parameters: 1 0.000261003 -0.00011686 -0.000261187 1 0.00116854 0.000116495 -0.0011685 1 -0.00965406 0.000598388 -0.0667359
FixedParameters: 0 0 0

#Transform 68
Transform: AffineTransform_float_3_3
Parameters: 1 0.000222461 -0.000118417 -0.000222135 0.999999 0.00138046 0.000118943 -0.0013804 0.999999 -0.00907421 -0.0118353 -0.0814613
FixedParameters: 0 0 0

#Transform 69
Transform: AffineTransform_float_3_3
Parameters: 1 0.000424614 -0.000300141 -0.000423363 0.999996 0.00284991 0.000301319 -0.00284968 0.999996 0.000999848 -0.0194381 -0.18633
FixedParameters: 0 0 0

#Transform 70
Transform: AffineTransform_float_3_3
Parameters: 1 0.000327848 -1.65349e-05 -0.00032779 0.999999 0.00182332 1.75543e-05 -0.00182331 0.999999 -0.0130896 0.0223182 -0.19823
FixedParameters: 0 0 0

#Transform 71
Transform: AffineTransform_float_3_3
Parameters: 1 0.00071904 0.000197076 -0.000719419 0.999997 0.00206138 -0.000195628 -0.00206164 0.999998 -0.0323682 0.0156168 -0.168251
FixedParameters: 0 0 0

#Transform 72
Transform: AffineTransform_float_3_3
Parameters: 0.999999 0.000789879 0.000158986 -0.000790071 0.999998 0.00196815 -0.000157392 -0.00196838 0.999998 -0.0327313 0.00543629 -0.171829
FixedParameters: 0 0 0

#Transform 73
Transform: AffineTransform_float_3_3
Parameters: 0.999999 0.000692244 0.000197243 -0.000692816 0.999998 0.00145096 -0.000195321 -0.00145123 0.999999 -0.0305917 0.0167036 -0.181708
FixedParameters: 0 0 0

#Transform 74
Transform: AffineTransform_float_3_3
Parameters: 0.999999 0.000744308 0.000303275 -0.000745616 0.999998 0.00140461 -0.000302156 -0.00140508 0.999999 -0.0344631 0.0222677 -0.166026
FixedParameters: 0 0 0

#Transform 75
Transform: AffineTransform_float_3_3
Parameters: 0.999999 0.000751745 0.000343416 -0.000752505 0.999999 0.00110702 -0.000341839 -0.00110754 1 -0.0360596 0.0239243 -0.160865
FixedParameters: 0 0 0

#Transform 76
Transform: AffineTransform_float_3_3
Parameters: 0.999999 0.000740207 0.000308648 -0.000740977 0.999999 0.00124866 -0.000306886 -0.00124912 0.999999 -0.0431759 0.0196588 -0.159756
FixedParameters: 0 0 0

#Transform 77
Transform: AffineTransform_float_3_3
Parameters: 0.999999 0.000747996 0.00032024 -0.000749306 0.999999 0.00129213 -0.000319245 -0.00129205 0.999999 -0.0436275 0.0240813 -0.157274
FixedParameters: 0 0 0

#Transform 78
Transform: AffineTransform_float_3_3
Parameters: 0.999999 0.000736794 0.000301522 -0.000738006 0.999999 0.0012538 -0.000300647 -0.00125426 0.999999 -0.0332511 0.0190069 -0.139591
FixedParameters: 0 0 0

#Transform 79
Transform: AffineTransform_float_3_3
Parameters: 0.999999 0.000749162 0.000326484 -0.000750458 0.999999 0.00124604 -0.000325556 -0.00124596 0.999999 -0.0367767 0.0388906 -0.141281
FixedParameters: 0 0 0

#Transform 80
Transform: AffineTransform_float_3_3
Parameters: 0.999999 0.000751264 0.000331815 -0.000752537 0.999999 0.00123114 -0.000330938 -0.00123166 0.999999 -0.033859 0.0183668 -0.138464
FixedParameters: 0 0 0

#Transform 81
Transform: AffineTransform_float_3_3
Parameters: 0.999999 0.000726348 0.000292641 -0.000727459 0.999999 0.00111913 -0.000291988 -0.00111958 1 -0.0351511 0.0299791 -0.13627
FixedParameters: 0 0 0

#Transform 82
Transform: AffineTransform_float_3_3
Parameters: 0.999999 0.000724663 0.000289075 -0.000725313 0.999999 0.00112223 -0.000287536 -0.00112265 1 -0.0323458 0.0352964 -0.1372
FixedParameters: 0 0 0

#Transform 83
Transform: AffineTransform_float_3_3
Parameters: 0.999999 0.000718362 0.000255172 -0.000719518 0.999999 0.00137272 -0.000254173 -0.00137311 0.999999 -0.0378692 0.0235301 -0.148652
FixedParameters: 0 0 0

#Transform 84
Transform: AffineTransform_float_3_3
Parameters: 0.999999 0.000720578 0.00028106 -0.000721665 0.999999 0.00112239 -0.000280416 -0.00112281 1 -0.032139 0.0274846 -0.140921
FixedParameters: 0 0 0

#Transform 85
Transform: AffineTransform_float_3_3
Parameters: 0.999999 0.000864169 0.000259808 -0.000863922 0.999999 0.00123619 -0.000258213 -0.0012366 0.999999 -0.0356778 0.0230786 -0.143552
FixedParameters: 0 0 0

#Transform 86
Transform: AffineTransform_float_3_3
Parameters: 0.999999 0.000794511 0.000307296 -0.00079431 0.999999 0.00111917 -0.000306059 -0.00111962 1 -0.0387489 0.0163302 -0.147537
FixedParameters: 0 0 0

#Transform 87
Transform: AffineTransform_float_3_3
Parameters: 0.999999 0.000804702 0.00023609 -0.00080519 1 0.000977325 -0.00023457 -0.000977119 1 -0.0320888 0.0327098 -0.148535
FixedParameters: 0 0 0

#Transform 88
Transform: AffineTransform_float_3_3
Parameters: 1 0.000977861 0.000493248 -0.000978522 0.999999 0.001111 -0.000492414 -0.00111195 0.999999 -0.0406638 0.0198509 -0.150121
FixedParameters: 0 0 0

#Transform 89
Transform: AffineTransform_float_3_3
Parameters: 0.999999 0.000790945 0.000419131 -0.000791884 0.999999 0.00111931 -0.000417447 -0.00111997 1 -0.0348655 0.0271685 -0.153147
FixedParameters: 0 0 0

#Transform 90
Transform: AffineTransform_float_3_3
Parameters: 0.999999 0.000859498 0.000553641 -0.000859845 0.999999 0.0011163 -0.000552262 -0.00111722 0.999999 -0.0376325 0.0101678 -0.153611
FixedParameters: 0 0 0

#Transform 91
Transform: AffineTransform_float_3_3
Parameters: 0.999999 0.000812952 0.000280664 -0.000813345 1 0.000696906 -0.000279618 -0.000697361 1 -0.0319718 0.0128682 -0.146766
FixedParameters: 0 0 0

#Transform 92
Transform: AffineTransform_float_3_3
Parameters: 0.999999 0.000803017 0.000320994 -0.00080288 0.999999 0.000462146 -0.000321592 -0.000462644 1 -0.0342851 0.0190649 -0.156809
FixedParameters: 0 0 0

#Transform 93
Transform: AffineTransform_float_3_3
Parameters: 0.999999 0.00080713 0.000358997 -0.000808116 1 0.000652307 -0.000358866 -0.000651513 1 -0.0346335 0.0249723 -0.161607
FixedParameters: 0 0 0

#Transform 94
Transform: AffineTransform_float_3_3
Parameters: 0.999999 0.000827232 0.000318155 -0.000827668 1 0.000738913 -0.000316949 -0.000740249 1 -0.033631 0.0225265 -0.161767
FixedParameters: 0 0 0

#Transform 95
Transform: AffineTransform_float_3_3
Parameters: 0.999999 0.000822801 0.00030836 -0.000822339 0.999999 0.000651259 -0.000307707 -0.000651142 0.999999 -0.0337123 0.0249966 -0.161455
FixedParameters: 0 0 0

#Transform 96
Transform: AffineTransform_float_3_3
Parameters: 0.999999 0.000930417 0.000246608 -0.000931183 1 0.000646015 -0.000246274 -0.00064672 0.999999 -0.0317514 0.0271509 -0.156301
FixedParameters: 0 0 0

#Transform 97
Transform: AffineTransform_float_3_3
Parameters: 0.999999 0.00103061 -8.11306e-05 -0.0010309 0.999999 0.000777937 8.18308e-05 -0.0007786 1 -0.0317607 0.0239213 -0.154908
FixedParameters: 0 0 0

#Transform 98
Transform: AffineTransform_float_3_3
Parameters: 1 0.0010433 -0.000106177 -0.00104358 0.999999 0.000949745 0.000107306 -0.000948958 1 -0.0308903 0.0189361 -0.156466
FixedParameters: 0 0 0

#Transform 99
Transform: AffineTransform_float_3_3
Parameters: 1 0.00104402 -0.000210049 -0.00104374 1 0.000641036 0.000211493 -0.000640821 0.999999 -0.0281486 0.027232 -0.154454
FixedParameters: 0 0 0

#Transform 100
Transform: AffineTransform_float_3_3
Parameters: 1 0.00108506 -6.14721e-05 -0.00108408 1 0.000639256 6.25108e-05 -0.000639308 0.999999 -0.036859 0.0341377 -0.141629
FixedParameters: 0 0 0

#Transform 101
Transform: AffineTransform_float_3_3
Parameters: 1 0.00110504 -6.96653e-05 -0.0011049 0.999999 0.000727634 7.13446e-05 -0.000728288 1 -0.0347863 0.0316436 -0.141844
FixedParameters: 0 0 0

#Transform 102
Transform: AffineTransform_float_3_3
Parameters: 1 0.00107616 -5.69245e-05 -0.00107608 1 0.000639608 5.84068e-05 -0.000639709 0.999999 -0.0342553 0.0311321 -0.163827
FixedParameters: 0 0 0

#Transform 103
Transform: AffineTransform_float_3_3
Parameters: 1 0.00109698 -7.05883e-05 -0.0010969 1 0.000505563 7.18032e-05 -0.000505633 1 -0.0346687 0.0291354 -0.157337
FixedParameters: 0 0 0

#Transform 104
Transform: AffineTransform_float_3_3
Parameters: 0.999999 0.000852707 -0.00101611 -0.000858513 0.999982 -0.0059779 0.0010101 0.0059791 0.999982 0.0120235 0.0497542 0.177536
FixedParameters: 0 0 0

#Transform 105
Transform: AffineTransform_float_3_3
Parameters: 0.999999 0.000346588 -0.000802298 -0.000350663 0.999989 -0.00478924 0.000800507 0.00478937 0.999989 0.0196821 0.0069396 0.239927
FixedParameters: 0 0 0

#Transform 106
Transform: AffineTransform_float_3_3
Parameters: 1 0.000661975 -0.000498332 -0.000664066 0.99999 -0.004408 0.000496199 0.00440795 0.99999 -0.00376546 -0.0114058 0.200609
FixedParameters: 0 0 0

#Transform 107
Transform: AffineTransform_float_3_3
Parameters: 0.999999 0.000762644 -0.000525306 -0.000765111 0.99999 -0.00454153 0.000521904 0.00454163 0.999989 -0.00158789 -0.00345457 0.177963
FixedParameters: 0 0 0

#Transform 108
Transform: AffineTransform_float_3_3
Parameters: 1 0.000868837 -0.000558927 -0.000871161 0.999989 -0.00454915 0.000555523 0.00454944 0.999989 0.00939895 -0.00449154 0.176856
FixedParameters: 0 0 0

#Transform 109
Transform: AffineTransform_float_3_3
Parameters: 1 0.000798683 -0.00059012 -0.000800708 0.99999 -0.00439554 0.000586278 0.00439662 0.99999 0.00429837 -0.0029671 0.186435
FixedParameters: 0 0 0

#Transform 110
Transform: AffineTransform_float_3_3
Parameters: 1 0.000907982 -0.000402333 -0.000909159 0.999991 -0.00430079 0.000398264 0.0043014 0.99999 -0.000832053 0.00952645 0.177465
FixedParameters: 0 0 0

#Transform 111
Transform: AffineTransform_float_3_3
Parameters: 1 0.000921067 -0.000548362 -0.000923114 0.99999 -0.00438526 0.000544874 0.00438558 0.99999 -5.05948e-05 0.00890105 0.172805
FixedParameters: 0 0 0

#Transform 112
Transform: AffineTransform_float_3_3
Parameters: 0.999999 0.00119056 -0.000702959 -0.00119352 0.999991 -0.00407867 0.000697921 0.00407966 0.999991 0.00597721 0.0123455 0.154855
FixedParameters: 0 0 0

#Transform 113
Transform: AffineTransform_float_3_3
Parameters: 0.999998 0.00131698 -0.000747572 -0.00131953 0.999993 -0.00358305 0.00074297 0.00358352 0.999993 0.0093368 0.00757083 0.116468
FixedParameters: 0 0 0

#Transform 114
Transform: AffineTransform_float_3_3
Parameters: 0.999998 0.00133497 -0.000711123 -0.00133731 0.999993 -0.00360107 0.000706379 0.00360205 0.999993 0.00576219 0.0113772 0.115523
FixedParameters: 0 0 0

#Transform 115
Transform: AffineTransform_float_3_3
Parameters: 0.999998 0.00122872 -0.000911975 -0.00123169 0.999993 -0.00365725 0.000907368 0.00365803 0.999992 0.00559238 0.0149254 0.12924
FixedParameters: 0 0 0

#Transform 116
Transform: AffineTransform_float_3_3
Parameters: 0.999998 0.00129906 -0.000875505 -0.00130213 0.999992 -0.0038655 0.000869753 0.00386632 0.999992 0.00913632 0.0166451 0.113677
FixedParameters: 0 0 0

#Transform 117
Transform: AffineTransform_float_3_3
Parameters: 0.999998 0.00127412 -0.000938169 -0.00127754 0.999992 -0.00377392 0.000932858 0.00377566 0.999992 0.0103282 0.0218615 0.113662
FixedParameters: 0 0 0

#Transform 118
Transform: AffineTransform_float_3_3
Parameters: 0.999998 0.00129454 -0.000948721 -0.00129804 0.999992 -0.0037748 0.000943253 0.00377661 0.999992 0.00769255 0.0219193 0.128384
FixedParameters: 0 0 0

#Transform 119
Transform: AffineTransform_float_3_3
Parameters: 0.999998 0.00122862 -0.000911993 -0.00123157 0.999992 -0.00366004 0.000907346 0.00366024 0.999993 0.0069773 0.0179282 0.125519
FixedParameters: 0 0 0

#Transform 120
Transform: AffineTransform_float_3_3
Parameters: 0.999998 0.0012963 -0.000952419 -0.00129957 0.999992 -0.00389438 0.000947499 0.00389541 0.999992 0.00768318 0.0281946 0.108539
FixedParameters: 0 0 0

#Transform 121
Transform: AffineTransform_float_3_3
Parameters: 0.999998 0.00122049 -0.000912032 -0.0012238 0.999992 -0.00384008 0.000906949 0.00384085 0.999992 0.0100666 0.0280812 0.107725
FixedParameters: 0 0 0

#Transform 122
Transform: AffineTransform_float_3_3
Parameters: 0.999998 0.00121918 -0.000912034 -0.00122255 0.999992 -0.00386906 0.00090689 0.00386982 0.999992 0.00660487 0.024094 0.0911468
FixedParameters: 0 0 0

#Transform 123
Transform: AffineTransform_float_3_3
Parameters: 0.999999 0.00131496 -0.00095923 -0.00131854 0.999992 -0.00377568 0.000953694 0.00377755 0.999992 0.0105311 0.0330397 0.0822245
FixedParameters: 0 0 0

#Transform 124
Transform: AffineTransform_float_3_3
Parameters: 0.999998 0.00129631 -0.000949639 -0.00130071 0.999992 -0.00377492 0.000944608 0.00377669 0.999992 0.00051774 0.0177403 0.0664592
FixedParameters: 0 0 0

#Transform 125
Transform: AffineTransform_float_3_3
Parameters: 0.999999 0.00132338 -0.000957777 -0.00132645 0.999993 -0.0035302 0.000952902 0.00353128 0.999993 0.00141642 0.0225954 0.0538474
FixedParameters: 0 0 0

#Transform 126
Transform: AffineTransform_float_3_3
Parameters: 0.999998 0.00130451 -0.000952844 -0.00130885 0.999992 -0.00373123 0.000947866 0.00373302 0.999993 0.000928121 0.0307986 0.0604516
FixedParameters: 0 0 0

#Transform 127
Transform: AffineTransform_float_3_3
Parameters: 0.999998 0.00122321 -0.000912019 -0.00122645 0.999992 -0.00377873 0.000907082 0.00378032 0.999992 0.00748489 0.0225817 0.0589031
FixedParameters: 0 0 0

#Transform 128
Transform: AffineTransform_float_3_3
Parameters: 0.999998 0.00128835 -0.00094875 -0.00129162 0.999992 -0.00391306 0.000943844 0.00391406 0.999991 0.0079664 0.0353697 0.0617552
FixedParameters: 0 0 0

#Transform 129
Transform: AffineTransform_float_3_3
Parameters: 0.999999 0.00127137 -0.00103495 -0.00127457 0.999993 -0.00354995 0.00103128 0.00355114 0.999993 0.0130317 0.0255285 0.0607089
FixedParameters: 0 0 0

#Transform 130
Transform: AffineTransform_float_3_3
Parameters: 0.999998 0.00122266 -0.000912038 -0.00122589 0.999992 -0.00379151 0.000907039 0.00379251 0.999993 0.00607778 0.0311814 0.0616425
FixedParameters: 0 0 0

#Transform 131
Transform: AffineTransform_float_3_3
Parameters: 0.999998 0.00129013 -0.000949206 -0.00129338 0.999992 -0.00389312 0.000944338 0.00389413 0.999992 0.0074533 0.0315672 0.0661387
FixedParameters: 0 0 0

#Transform 132
Transform: AffineTransform_float_3_3
Parameters: 0.999999 0.0012908 -0.000945459 -0.00129418 0.999992 -0.00371959 0.000940251 0.00372138 0.999993 0.00682358 0.0392579 0.0732088
FixedParameters: 0 0 0

#Transform 133
Transform: AffineTransform_float_3_3
Parameters: 0.999999 0.00132145 -0.00104831 -0.00132514 0.999992 -0.00373568 0.00104368 0.00373723 0.999993 0.0109466 0.0303651 0.0660896
FixedParameters: 0 0 0

#Transform 134
Transform: AffineTransform_float_3_3
Parameters: 0.999999 0.00125202 -0.00106549 -0.00125572 0.999993 -0.00345363 0.00106132 0.00345565 0.999993 0.0049268 0.0333767 0.0329049
FixedParameters: 0 0 0

#Transform 135
Transform: AffineTransform_float_3_3
Parameters: 0.999998 0.00109002 -0.00123543 -0.0010934 0.999995 -0.00303002 0.00123193 0.0030315 0.999995 0.0286507 0.0398414 -0.0443776
FixedParameters: 0 0 0

#Transform 136
Transform: AffineTransform_float_3_3
Parameters: 0.999999 0.00126441 -0.000516906 -0.00126556 0.999999 -0.00116412 0.00051617 0.00116462 1 0.00136906 0.0501268 -0.0862186
FixedParameters: 0 0 0

#Transform 137
Transform: AffineTransform_float_3_3
Parameters: 0.999999 0.00138017 -0.000500406 -0.00138013 0.999998 -0.000900861 0.000499762 0.000901473 0.999999 -0.00203232 0.0262404 -0.0905228
FixedParameters: 0 0 0

#Transform 138
Transform: AffineTransform_float_3_3
Parameters: 0.999998 0.00132624 -0.000885896 -0.00132646 0.999999 -0.000400913 0.000885788 0.000402474 0.999999 0.00698516 0.0166014 -0.126495
FixedParameters: 0 0 0

#Transform 139
Transform: AffineTransform_float_3_3
Parameters: 0.999999 0.00125114 -0.000863781 -0.00125209 0.999999 -0.00110036 0.000862781 0.00110176 0.999999 0.000483837 0.0281987 -0.142969
FixedParameters: 0 0 0

#Transform 140
Transform: AffineTransform_float_3_3
Parameters: 0.999998 0.00139609 -0.000823951 -0.0013971 0.999999 -0.000932891 0.000822285 0.000933591 0.999999 0.00522394 0.0305145 -0.115127
FixedParameters: 0 0 0

#Transform 141
Transform: AffineTransform_float_3_3
Parameters: 0.999998 0.00133808 -0.000911303 -0.00133935 0.999998 -0.00122702 0.000909737 0.00122811 0.999999 0.00693756 0.0246181 -0.106312
FixedParameters: 0 0 0

#Transform 142
Transform: AffineTransform_float_3_3
Parameters: 0.999998 0.00132025 -0.000911424 -0.00132175 0.999998 -0.00162404 0.000909723 0.0016243 0.999998 0.00767205 0.0303552 -0.122313
FixedParameters: 0 0 0

#Transform 143
Transform: AffineTransform_float_3_3
Parameters: 0.999999 0.00141761 -0.000959766 -0.00141916 0.999998 -0.00155736 0.00095806 0.00155852 0.999998 0.00938532 0.0225642 -0.119557
FixedParameters: 0 0 0

#Transform 144
Transform: AffineTransform_float_3_3
Parameters: 0.999999 0.00130627 -0.00106535 -0.00130819 0.999997 -0.00197452 0.00106238 0.00197659 0.999997 0.0104313 0.0407167 -0.0920491
FixedParameters: 0 0 0

#Transform 145
Transform: AffineTransform_float_3_3
Parameters: 0.999999 0.00138822 -0.000953994 -0.00139054 0.999997 -0.00195209 0.000951209 0.00195399 0.999998 0.00801265 0.0389528 -0.0938485
FixedParameters: 0 0 0

#Transform 146
Transform: AffineTransform_float_3_3
Parameters: 0.999998 0.00124286 -0.0010112 -0.00124497 0.999997 -0.00220423 0.00100777 0.00220464 0.999997 0.00886891 0.0443752 -0.0956949
FixedParameters: 0 0 0

#Transform 147
Transform: AffineTransform_float_3_3
Parameters: 0.999998 0.00131525 -0.000865359 -0.00131727 0.999997 -0.00226367 0.000862823 0.0022644 0.999997 0.00574264 0.0392466 -0.103962
FixedParameters: 0 0 0

#Transform 148
Transform: AffineTransform_float_3_3
Parameters: 0.999998 0.00129414 -0.000911587 -0.00129626 0.999997 -0.00220369 0.000909302 0.00220451 0.999997 0.00875038 0.0455709 -0.0886641
FixedParameters: 0 0 0

#Transform 149
Transform: AffineTransform_float_3_3
Parameters: 0.999998 0.00130095 -0.000911543 -0.00130329 0.999997 -0.00205144 0.000908754 0.00205306 0.999997 0.00885785 0.0374182 -0.0873443
FixedParameters: 0 0 0

#Transform 150
Transform: AffineTransform_float_3_3
Parameters: 0.999998 0.00123102 -0.0010361 -0.00123319 0.999997 -0.00218269 0.00103277 0.00218314 0.999997 0.0115244 0.0452274 -0.0884106
FixedParameters: 0 0 0

#Transform 151
Transform: AffineTransform_float_3_3
Parameters: 0.999999 0.00109803 -0.00129838 -0.00110126 0.999997 -0.00213652 0.00129584 0.00213808 0.999996 0.0187396 0.0444677 -0.0877391
FixedParameters: 0 0 0

#Transform 152
Transform: AffineTransform_float_3_3
Parameters: 0.999999 0.00106311 -0.00133132 -0.00106619 0.999996 -0.00253237 0.00132843 0.00253397 0.999996 0.0171873 0.0447239 -0.106352
FixedParameters: 0 0 0

#Transform 153
Transform: AffineTransform_float_3_3
Parameters: 0.999999 0.00103207 -0.0013767 -0.00103585 0.999996 -0.00270123 0.00137353 0.00270284 0.999996 0.0234775 0.04643 -0.103721
FixedParameters: 0 0 0

#Transform 154
Transform: AffineTransform_float_3_3
Parameters: 0.999998 0.00113888 -0.00110481 -0.0011428 0.999993 -0.00344054 0.00110134 0.00344183 0.999994 0.0225407 0.069856 -0.125991
FixedParameters: 0 0 0

#Transform 155
Transform: AffineTransform_float_3_3
Parameters: 0.999999 0.00106235 -0.00127715 -0.00106632 0.999994 -0.00316497 0.00127362 0.00316647 0.999994 0.0225411 0.0522194 -0.121257
FixedParameters: 0 0 0

#Transform 156
Transform: AffineTransform_float_3_3
Parameters: 0.999999 0.0010817 -0.00124249 -0.00108491 0.999994 -0.00313274 0.0012398 0.00313424 0.999994 0.0153789 0.0556219 -0.113293
FixedParameters: 0 0 0

#Transform 157
Transform: AffineTransform_float_3_3
Parameters: 0.999998 0.00107766 -0.00124431 -0.00108151 0.999994 -0.00320166 0.00124052 0.00320313 0.999994 0.0214161 0.059687 -0.108239
FixedParameters: 0 0 0

#Transform 158
Transform: AffineTransform_float_3_3
Parameters: 0.999999 0.0010536 -0.00129671 -0.00105761 0.999994 -0.00313557 0.0012933 0.00313709 0.999994 0.0161657 0.063266 -0.102803
FixedParameters: 0 0 0

#Transform 159
Transform: AffineTransform_float_3_3
Parameters: 0.999999 0.00105762 -0.00130027 -0.00106132 0.999995 -0.00300661 0.00129711 0.00300815 0.999995 0.021912 0.0581068 -0.10212
FixedParameters: 0 0 0

#Transform 160
Transform: AffineTransform_float_3_3
Parameters: 0.999998 0.00110591 -0.0015223 -0.00111111 0.999994 -0.00306653 0.00151868 0.0030681 0.999994 0.0223281 0.0594712 -0.101401
FixedParameters: 0 0 0

#Transform 161
Transform: AffineTransform_float_3_3
Parameters: 0.999999 0.000979484 -0.00143894 -0.000984413 0.999994 -0.00315222 0.00143592 0.00315325 0.999994 0.0194057 0.0642083 -0.0971761
FixedParameters: 0 0 0

#Transform 162
Transform: AffineTransform_float_3_3
Parameters: 0.999998 0.000839258 -0.0017065 -0.000845182 0.999994 -0.00319893 0.00170376 0.00320085 0.999994 0.0250289 0.074342 -0.0795569
FixedParameters: 0 0 0

#Transform 163
Transform: AffineTransform_float_3_3
Parameters: 0.999998 0.00117817 -0.00150258 -0.00118273 0.999995 -0.00303776 0.0014995 0.00304011 0.999994 0.0211495 0.0689486 -0.0809872
FixedParameters: 0 0 0

#Transform 164
Transform: AffineTransform_float_3_3
Parameters: 0.999999 0.000886092 -0.00159624 -0.000891976 0.999993 -0.00341952 0.00159279 0.0034206 0.999993 0.0236534 0.0677991 -0.108321
FixedParameters: 0 0 0

#Transform 165
Transform: AffineTransform_float_3_3
Parameters: 0.999999 0.000943793 -0.00150292 -0.00094841 0.999994 -0.00321074 0.00149957 0.00321182 0.999994 0.0212899 0.0698466 -0.105576
FixedParameters: 0 0 0

#Transform 166
Transform: AffineTransform_float_3_3
Parameters: 0.999999 0.00101877 -0.00136248 -0.00102325 0.999994 -0.0031551 0.00135925 0.00315667 0.999994 0.0178345 0.0608734 -0.103923
FixedParameters: 0 0 0

#Transform 167
Transform: AffineTransform_float_3_3
Parameters: 0.999999 0.00103296 -0.00133493 -0.00103727 0.999994 -0.00315571 0.0013316 0.00315725 0.999994 0.022952 0.0556424 -0.114047
FixedParameters: 0 0 0

#Transform 168
Transform: AffineTransform_float_3_3
Parameters: 0.999998 0.0011136 -0.00146655 -0.00111823 0.999995 -0.00315933 0.00146354 0.00316002 0.999994 0.0216225 0.0536814 -0.117222
FixedParameters: 0 0 0

#Transform 169
Transform: AffineTransform_float_3_3
Parameters: 0.999999 0.000929086 -0.00153671 -0.000933738 0.999994 -0.00315106 0.00153356 0.00315216 0.999994 0.0244037 0.0587085 -0.156808
FixedParameters: 0 0 0

#Transform 170
Transform: AffineTransform_float_3_3
Parameters: 0.999999 0.000634599 -0.0010737 -0.000637271 0.999996 -0.00271976 0.00107169 0.00272068 0.999996 0.0136236 0.0702527 -0.221298
FixedParameters: 0 0 0

#Transform 171
Transform: AffineTransform_float_3_3
Parameters: 0.999999 0.000427652 -0.00114194 -0.00042958 1 -0.0014483 0.00114111 0.00144853 0.999998 0.0131517 0.0835374 -0.193534
FixedParameters: 0 0 0

#Transform 172
Transform: AffineTransform_float_3_3
Parameters: 0.999999 0.000558051 -0.000442574 -0.00055907 0.999998 -0.00221533 0.00044168 0.00221506 0.999997 -0.00494704 0.0713108 -0.193963
FixedParameters: 0 0 0

#Transform 173
Transform: AffineTransform_float_3_3
Parameters: 0.999999 0.000760123 -0.000398883 -0.000762022 0.999997 -0.00240295 0.000397188 0.00240356 0.999997 -0.00497916 0.0648726 -0.214302
FixedParameters: 0 0 0

#Transform 174
Transform: AffineTransform_float_3_3
Parameters: 0.999999 0.000665794 -0.00031951 -0.000666343 0.999997 -0.00227964 0.000317983 0.00228011 0.999998 -0.00954013 0.0648364 -0.20956
FixedParameters: 0 0 0

#Transform 175
Transform: AffineTransform_float_3_3
Parameters: 0.999999 0.000676423 -0.000553568 -0.000677247 0.999996 -0.00239306 0.00055135 0.00239331 0.999997 -0.001692 0.0639831 -0.209436
FixedParameters: 0 0 0

#Transform 176
Transform: AffineTransform_float_3_3
Parameters: 1 0.000880107 -0.000341026 -0.000880557 0.999997 -0.00199473 0.000339199 0.00199537 0.999998 -0.00856623 0.0569459 -0.2104
FixedParameters: 0 0 0

#Transform 177
Transform: AffineTransform_float_3_3
Parameters: 1 0.000937015 -0.000527725 -0.000938177 0.999998 -0.00199765 0.000525646 0.00199787 0.999998 -0.0146946 0.0600698 -0.215709
FixedParameters: 0 0 0

#Transform 178
Transform: AffineTransform_float_3_3
Parameters: 1 0.000801255 -0.000560186 -0.000802575 0.999997 -0.00199134 0.000558677 0.00199228 0.999998 -0.00372656 0.0717471 -0.216541
FixedParameters: 0 0 0

#Transform 179
Transform: AffineTransform_float_3_3
Parameters: 1 0.000782459 -0.00051307 -0.000783667 0.999997 -0.00212484 0.000511375 0.00212429 0.999998 -0.00974393 0.0889872 -0.208195
FixedParameters: 0 0 0

#Transform 180
Transform: AffineTransform_float_3_3
Parameters: 1 0.000759816 -0.000604055 -0.00076112 0.999997 -0.00223718 0.000603208 0.00223735 0.999997 -0.0133678 0.0727334 -0.212677
FixedParameters: 0 0 0

#Transform 181
Transform: AffineTransform_float_3_3
Parameters: 1 0.000878152 -0.000677339 -0.000878566 0.999998 -0.00199506 0.000675935 0.00199554 0.999998 -0.00169142 0.073568 -0.220484
FixedParameters: 0 0 0

#Transform 182
Transform: AffineTransform_float_3_3
Parameters: 1 0.000855008 -0.000709281 -0.000856892 0.999998 -0.00199412 0.000707535 0.00199457 0.999998 -0.00332253 0.0792301 -0.215029
FixedParameters: 0 0 0

#Transform 183
Transform: AffineTransform_float_3_3
Parameters: 1 0.00078221 -0.000536704 -0.000782484 0.999998 -0.00193241 0.000534911 0.00193333 0.999998 -0.00633727 0.0804794 -0.205205
FixedParameters: 0 0 0

#Transform 184
Transform: AffineTransform_float_3_3
Parameters: 1 0.000736231 -0.000618849 -0.000737769 0.999999 -0.00163961 0.000617302 0.00163973 0.999998 -0.007106 0.0727852 -0.206411
FixedParameters: 0 0 0

#Transform 185
Transform: AffineTransform_float_3_3
Parameters: 0.999999 0.000724765 -0.000597872 -0.000725063 0.999998 -0.00216154 0.000596751 0.0021617 0.999997 -0.0051853 0.0733117 -0.197185
FixedParameters: 0 0 0

#Transform 186
Transform: AffineTransform_float_3_3
Parameters: 0.999999 0.000779541 -0.000504082 -0.000780639 0.999997 -0.00199038 0.000502573 0.00199121 0.999998 -0.0114911 0.0680549 -0.201259
FixedParameters: 0 0 0

#Transform 187
Transform: AffineTransform_float_3_3
Parameters: 0.999999 0.000667138 -0.000607031 -0.000667751 0.999998 -0.00198548 0.000605524 0.00198637 0.999998 -0.00163921 0.0628786 -0.194739
FixedParameters: 0 0 0

#Transform 188
Transform: AffineTransform_float_3_3
Parameters: 1 0.000617085 -0.00088819 -0.000618809 0.999998 -0.00198344 0.00088697 0.00198461 0.999997 0.000579998 0.0678721 -0.191376
FixedParameters: 0 0 0

#Transform 189
Transform: AffineTransform_float_3_3
Parameters: 1 0.000687475 -0.000867521 -0.000689123 0.999998 -0.0020069 0.000865972 0.00200736 0.999997 -0.00140882 0.0654277 -0.202411
FixedParameters: 0 0 0
