#Insight Transform File V1.0
#Transform 0
Transform: AffineTransform_float_3_3
Parameters: 1 -0.00102768 -0.000145811 0.00102847 0.999987 0.00492539 0.000140795 -0.00492589 0.999988 0.0663297 -0.0418941 -0.240171
FixedParameters: 0 0 0

#Transform 1
Transform: AffineTransform_float_3_3
Parameters: 0.999999 -0.000814745 -0.000114124 0.000815407 0.999991 0.00436722 0.000110813 -0.00436707 0.999991 0.056683 0.0544096 -0.295622
FixedParameters: 0 0 0

#Transform 2
Transform: AffineTransform_float_3_3
Parameters: 1 -0.000492994 6.35578e-05 0.000493156 0.999992 0.00381069 -6.53169e-05 -0.00381069 0.999993 0.0399827 0.0400283 -0.266744
FixedParameters: 0 0 0

#Transform 3
Transform: AffineTransform_float_3_3
Parameters: 0.999999 -0.000823841 0.000423667 0.000822381 0.999993 0.00368457 -0.000426012 -0.00368399 0.999993 0.0319676 -0.039298 -0.200938
FixedParameters: 0 0 0

#Transform 4
Transform: AffineTransform_float_3_3
Parameters: 0.999999 -0.000701661 0.000571305 0.000699668 0.999994 0.00349985 -0.000573865 -0.00349998 0.999994 0.0254317 -0.0619405 -0.179735
FixedParameters: 0 0 0

#Transform 5
Transform: AffineTransform_float_3_3
Parameters: 1 -0.000951843 0.000424455 0.000950198 0.999995 0.00307397 -0.000427312 -0.00307278 0.999995 0.0345612 -0.0752485 -0.191738
FixedParameters: 0 0 0

#Transform 6
Transform: AffineTransform_float_3_3
Parameters: 1 -0.00043575 -0.000291839 0.000437889 0.99998 0.00629099 0.000288579 -0.00629137 0.99998 0.0322709 -0.0590925 -0.0215608
FixedParameters: 0 0 0

#Transform 7
Transform: AffineTransform_float_3_3
Parameters: 0.999999 0.000595657 0.00130745 -0.000604216 0.999977 0.0066965 -0.00130333 -0.0066978 0.999976 -0.0397595 0.00160217 -0.108199
FixedParameters: 0 0 0

#Transform 8
Transform: AffineTransform_float_3_3
Parameters: 0.999999 0.000611498 0.000820561 -0.0006136 0.999997 0.00210557 -0.000819915 -0.00210561 0.999998 -0.0365775 0.0969899 -0.126154
FixedParameters: 0 0 0

#Transform 9
Transform: AffineTransform_float_3_3
Parameters: 0.999999 0.000600429 0.000834105 -0.000600805 0.999999 0.000742227 -0.000833715 -0.00074232 0.999999 -0.037364 0.0734959 -0.127961
FixedParameters: 0 0 0

#Transform 10
Transform: AffineTransform_float_3_3
Parameters: 0.999999 0.000717968 0.000226532 -0.00071739 0.999998 -0.00173228 -0.000227716 0.00173191 0.999999 -0.0360434 0.0609299 -0.0367675
FixedParameters: 0 0 0

#Transform 11
Transform: AffineTransform_float_3_3
Parameters: 1 0.00045249 0.000406387 -0.000452546 1 6.91039e-05 -0.000406325 -6.94717e-05 1 -0.0389182 -0.101264 -0.0594916
FixedParameters: 0 0 0

#Transform 12
Transform: AffineTransform_float_3_3
Parameters: 0.999999 0.000637943 0.00038112 -0.000638925 0.999999 0.000621317 -0.000381187 -0.000621782 0.999999 -0.036754 -0.047021 0.0141841
FixedParameters: 0 0 0

#Transform 13
Transform: AffineTransform_float_3_3
Parameters: 0.999999 0.000667545 0.000722054 -0.000667196 0.999999 -0.000242104 -0.000722376 0.00024114 0.999999 -0.0312251 0.0515577 -0.0882745
FixedParameters: 0 0 0

#Transform 14
Transform: AffineTransform_float_3_3
Parameters: 0.999999 0.000713508 0.000520891 -0.000715012 0.999998 0.00191703 -0.000519585 -0.00191772 0.999998 -0.0344826 -0.0385795 -0.0273666
FixedParameters: 0 0 0

#Transform 15
Transform: AffineTransform_float_3_3
Parameters: 1 0.000557097 0.000253585 -0.000557871 0.999998 0.00172629 -0.000251655 -0.00172521 0.999998 -0.028996 -0.0866643 0.0257716
FixedParameters: 0 0 0

#Transform 16
Transform: AffineTransform_float_3_3
Parameters: 1 0.000529182 0.000391014 -0.000529674 0.999998 0.0019098 -0.000389564 -0.00191018 0.999998 -0.0289262 -0.0161512 0.0121247
FixedParameters: 0 0 0

#Transform 17
Transform: AffineTransform_float_3_3
Parameters: 1 0.000466473 0.000533408 -0.000467849 0.999999 0.00175062 -0.000533205 -0.00175106 0.999999 -0.033337 -0.0381624 0.0302725
FixedParameters: 0 0 0

#Transform 18
Transform: AffineTransform_float_3_3
Parameters: 0.999999 0.000322195 0.000753093 -0.00032331 0.999998 0.00169863 -0.00075167 -0.00169823 0.999998 -0.0215504 -0.0521414 0.0139068
FixedParameters: 0 0 0

#Transform 19
Transform: AffineTransform_float_3_3
Parameters: 0.999999 0.000731884 -0.000125084 -0.000730942 0.999998 0.00179293 0.000126274 -0.00179269 0.999999 -0.00243623 -0.0529704 0.0460224
FixedParameters: 0 0 0

#Transform 20
Transform: AffineTransform_float_3_3
Parameters: 1 -0.000347296 -0.000242515 0.000348142 0.999998 0.00160137 0.000241369 -0.00160154 0.999998 0.0262845 -0.020478 0.0175217
FixedParameters: 0 0 0

#Transform 21
Transform: AffineTransform_float_3_3
Parameters: 1 -0.000244432 -0.000140636 0.000245109 0.999998 0.00190937 0.000139636 -0.00190944 0.999998 0.0231338 0.00864276 0.00232127
FixedParameters: 0 0 0

#Transform 22
Transform: AffineTransform_float_3_3
Parameters: 1 -0.000566918 0.000328165 0.000567084 0.999999 0.000522279 -0.000327897 -0.000521929 1 -0.0111332 -0.00310136 0.0881199
FixedParameters: 0 0 0

#Transform 23
Transform: AffineTransform_float_3_3
Parameters: 1 -0.00038656 -6.47976e-05 0.000386552 1 -6.1448e-05 6.48451e-05 6.13979e-05 1 0.0255375 0.0923184 0.0295135
FixedParameters: 0 0 0

#Transform 24
Transform: AffineTransform_float_3_3
Parameters: 0.999999 0.0004506 0.000686442 -0.000452099 0.999998 0.00182047 -0.000685372 -0.00182106 0.999998 -0.0347186 0.00611246 0.0584367
FixedParameters: 0 0 0

#Transform 25
Transform: AffineTransform_float_3_3
Parameters: 1 0.000215436 -0.000312544 -0.000214281 0.999998 0.00232236 0.000312583 -0.0023222 0.999997 -0.00309253 -0.0388456 0.091712
FixedParameters: 0 0 0

#Transform 26
Transform: AffineTransform_float_3_3
Parameters: 1 0.00035477 -0.000360208 -0.000354074 0.999995 0.0030754 0.000361011 -0.00307512 0.999995 0.0101301 -0.020122 0.0782062
FixedParameters: 0 0 0

#Transform 27
Transform: AffineTransform_float_3_3
Parameters: 1 0.000249367 0.000241921 -0.00024961 0.999996 0.00301063 -0.00024109 -0.00301071 0.999996 -0.0188007 0.0123338 0.0666057
FixedParameters: 0 0 0

#Transform 28
Transform: AffineTransform_float_3_3
Parameters: 1 0.000146439 0.00029189 -0.000147776 0.999996 0.00277736 -0.000291203 -0.00277744 0.999996 -0.0235488 -0.0172497 0.0792817
FixedParameters: 0 0 0

#Transform 29
Transform: AffineTransform_float_3_3
Parameters: 1 0.000188282 0.000263756 -0.000188565 0.999997 0.00269862 -0.000263378 -0.00269868 0.999997 -0.0209952 -0.0283064 0.0917043
FixedParameters: 0 0 0

#Transform 30
Transform: AffineTransform_float_3_3
Parameters: 1 -0.000237431 4.09262e-05 0.000236533 0.999997 0.00219208 -4.15231e-05 -0.00219209 0.999997 0.00244758 -0.0771269 0.113894
FixedParameters: 0 0 0

#Transform 31
Transform: AffineTransform_float_3_3
Parameters: 1 2.49664e-05 0.000212027 -2.58915e-05 0.999996 0.00284725 -0.000212013 -0.00284726 0.999996 -0.0142531 -0.0407229 0.103432
FixedParameters: 0 0 0

#Transform 32
Transform: AffineTransform_float_3_3
Parameters: 1 0.000259602 0.000228429 -0.000259759 0.999996 0.00284481 -0.00022759 -0.00284489 0.999996 -0.0182976 0.0141931 0.0734556
FixedParameters: 0 0 0

#Transform 33
Transform: AffineTransform_float_3_3
Parameters: 1 0.000286861 0.000201907 -0.000288211 0.999996 0.0026121 -0.000201363 -0.00261219 0.999996 -0.017192 -0.0209793 0.07088
FixedParameters: 0 0 0

#Transform 34
Transform: AffineTransform_float_3_3
Parameters: 1 0.000123719 0.000311652 -0.000125255 0.999995 0.00292014 -0.000311056 -0.00292021 0.999995 -0.0133657 0.00232275 0.0774789
FixedParameters: 0 0 0

#Transform 35
Transform: AffineTransform_float_3_3
Parameters: 1 0.000205218 0.000322136 -0.000205963 0.999995 0.00292744 -0.00032157 -0.00292753 0.999995 -0.0205575 0.0112491 0.0749491
FixedParameters: 0 0 0

#Transform 36
Transform: AffineTransform_float_3_3
Parameters: 1 -0.000205213 0.000349499 0.000203995 0.999996 0.00287124 -0.000349944 -0.00287112 0.999996 -0.0113355 -0.0411509 0.0669628
FixedParameters: 0 0 0

#Transform 37
Transform: AffineTransform_float_3_3
Parameters: 1 0.000160756 0.000296957 -0.000162228 0.999995 0.00307717 -0.000296127 -0.00307726 0.999995 -0.0133587 -0.00622267 0.0996473
FixedParameters: 0 0 0

#Transform 38
Transform: AffineTransform_float_3_3
Parameters: 1 0.000283213 0.000225068 -0.000284752 0.999995 0.0030777 -0.000224344 -0.0030778 0.999995 -0.0208808 -0.0205561 0.0562449
FixedParameters: 0 0 0

#Transform 39
Transform: AffineTransform_float_3_3
Parameters: 1 0.000303083 0.000215928 -0.000303733 0.999995 0.00313375 -0.000215558 -0.00313382 0.999995 -0.0107436 -0.015964 0.0769117
FixedParameters: 0 0 0

#Transform 40
Transform: AffineTransform_float_3_3
Parameters: 1 0.000203011 0.000272151 -0.000203473 0.999995 0.00307737 -0.000271571 -0.00307744 0.999995 -0.0129695 -0.0253212 0.0788921
FixedParameters: 0 0 0

#Transform 41
Transform: AffineTransform_float_3_3
Parameters: 1 0.000541721 7.75781e-05 -0.000542016 0.999995 0.0031728 -7.65314e-05 -0.0031728 0.999995 -0.00868517 -0.0188165 0.0758734
FixedParameters: 0 0 0

#Transform 42
Transform: AffineTransform_float_3_3
Parameters: 1 0.000204115 0.000274605 -0.00020463 0.999995 0.00314631 -0.00027399 -0.00314639 0.999995 -0.0137044 -0.037932 0.096215
FixedParameters: 0 0 0

#Transform 43
Transform: AffineTransform_float_3_3
Parameters: 1 0.000521347 9.04441e-05 -0.000521216 0.999995 0.0031927 -8.86471e-05 -0.00319273 0.999995 -0.0025695 -0.0158523 0.0710124
FixedParameters: 0 0 0

#Transform 44
Transform: AffineTransform_float_3_3
Parameters: 1 0.000241214 0.000339926 -0.000242245 0.999994 0.00340557 -0.000338984 -0.0034057 0.999994 -0.0191156 -0.011153 0.0920932
FixedParameters: 0 0 0

#Transform 45
Transform: AffineTransform_float_3_3
Parameters: 1 0.000546166 7.53323e-05 -0.000546425 0.999995 0.00318056 -7.4218e-05 -0.00318008 0.999994 -0.00285422 -0.015313 0.0939265
FixedParameters: 0 0 0

#Transform 46
Transform: AffineTransform_float_3_3
Parameters: 1 0.000211057 0.000289956 -0.000211847 0.999993 0.00357798 -0.000289147 -0.00357806 0.999993 -0.0118341 0.00348504 0.0719341
FixedParameters: 0 0 0

#Transform 47
Transform: AffineTransform_float_3_3
Parameters: 1 0.000205475 0.000277628 -0.000206056 0.999994 0.00323125 -0.00027697 -0.00323132 0.999994 -0.0145343 -0.0541397 0.112517
FixedParameters: 0 0 0

#Transform 48
Transform: AffineTransform_float_3_3
Parameters: 1 0.000558131 9.20282e-05 -0.000558471 0.999993 0.00370243 -9.03513e-05 -0.00370245 0.999993 -0.00792137 0.0111744 0.0744166
FixedParameters: 0 0 0

#Transform 49
Transform: AffineTransform_float_3_3
Parameters: 1 0.000293508 0.000245352 -0.000294459 0.999993 0.00366126 -0.000244797 -0.00366135 0.999994 -0.0114343 -0.0195228 0.0933118
FixedParameters: 0 0 0

#Transform 50
Transform: AffineTransform_float_3_3
Parameters: 1 0.000291528 0.000430038 -0.000292618 0.999992 0.00392393 -0.000429023 -0.00392411 0.999992 -0.013996 -0.00251565 0.0820494
FixedParameters: 0 0 0

#Transform 51
Transform: AffineTransform_float_3_3
Parameters: 1 2.9133e-05 0.000271922 -3.08307e-05 0.999991 0.00428915 -0.00027196 -0.00428916 0.999991 0.0133404 -0.0222104 0.119097
FixedParameters: 0 0 0

#Transform 52
Transform: AffineTransform_float_3_3
Parameters: 0.999999 -0.000201202 0.000996128 0.000196681 0.999991 0.00421447 -0.000996534 -0.00421407 0.99999 0.0138295 -0.0348512 0.123127
FixedParameters: 0 0 0

#Transform 53
Transform: AffineTransform_float_3_3
Parameters: 1 -0.000478475 0.00117203 0.000473783 0.99999 0.00447015 -0.00117388 -0.00447039 0.999989 0.0179992 -0.0225671 0.0982511
FixedParameters: 0 0 0

#Transform 54
Transform: AffineTransform_float_3_3
Parameters: 0.999998 -0.000929938 0.00154861 0.000920999 0.999984 0.00554282 -0.00155321 -0.00554139 0.999984 0.0257347 -0.0761426 -0.0230599
FixedParameters: 0 0 0

#Transform 55
Transform: AffineTransform_float_3_3
Parameters: 0.999999 -0.00118221 0.0013272 0.00117468 0.999983 0.00583437 -0.00133393 -0.00583313 0.999982 0.0325202 -0.0061497 -0.00917166
FixedParameters: 0 0 0

#Transform 56
Transform: AffineTransform_float_3_3
Parameters: 0.999995 -0.00311766 0.00115053 0.00310728 0.999954 0.00906797 -0.00117921 -0.00906451 0.999958 0.0375989 0.0705909 0.0779476
FixedParameters: 0 0 0

#Transform 57
Transform: AffineTransform_float_3_3
Parameters: 0.999997 -0.00161112 0.00145227 0.00160416 0.999988 0.00449572 -0.00145983 -0.00449295 0.999988 0.0142474 0.070742 0.0305869
FixedParameters: 0 0 0

#Transform 58
Transform: AffineTransform_float_3_3
Parameters: 0.999997 -0.00171154 0.00186576 0.00170762 0.999996 0.00237396 -0.00186987 -0.00237075 0.999995 0.0159166 0.0461228 0.0545799
FixedParameters: 0 0 0

#Transform 59
Transform: AffineTransform_float_3_3
Parameters: 0.999996 -0.00185755 0.00212915 0.00185503 0.999997 0.00159553 -0.0021319 -0.00159126 0.999997 0.0232713 -0.000967535 0.0576558
FixedParameters: 0 0 0

#Transform 60
Transform: AffineTransform_float_3_3
Parameters: 0.999996 -0.00196772 0.00166628 0.00196762 0.999997 0.000424191 -0.00166767 -0.000421212 0.999999 0.0311135 -0.0260639 0.139201
FixedParameters: 0 0 0

#Transform 61
Transform: AffineTransform_float_3_3
Parameters: 0.999997 -0.00198166 0.00144802 0.00198092 0.999998 0.000427188 -0.00144887 -0.000424099 0.999999 0.0300622 -0.0575499 0.128707
FixedParameters: 0 0 0

#Transform 62
Transform: AffineTransform_float_3_3
Parameters: 0.999998 -0.00175891 0.00111573 0.0017577 0.999998 0.00125439 -0.0011176 -0.00125228 0.999999 0.0345005 -0.100154 0.16096
FixedParameters: 0 0 0

#Transform 63
Transform: AffineTransform_float_3_3
Parameters: 0.999997 -0.00173063 0.00175602 0.00172775 0.999997 0.00165393 -0.00175888 -0.00165014 0.999997 0.0168247 0.00927029 0.0975565
FixedParameters: 0 0 0

#Transform 64
Transform: AffineTransform_float_3_3
Parameters: 0.999997 -0.00175195 0.00174191 0.00175021 0.999997 0.0010226 -0.00174435 -0.00101923 0.999998 0.0186177 0.0257562 0.110649
FixedParameters: 0 0 0

#Transform 65
Transform: AffineTransform_float_3_3
Parameters: 0.999998 -0.00178738 0.00136935 0.00178608 0.999998 0.00083965 -0.00137065 -0.000837427 0.999998 0.0333865 0.00583557 0.138326
FixedParameters: 0 0 0

#Transform 66
Transform: AffineTransform_float_3_3
Parameters: 0.999998 -0.00180963 0.00133033 0.00180983 0.999999 0.000432085 -0.00133156 -0.000429886 0.999999 0.0368308 -0.0100477 0.125617
FixedParameters: 0 0 0

#Transform 67
Transform: AffineTransform_float_3_3
Parameters: 0.999997 -0.00172963 0.00135686 0.00172843 0.999998 0.000828298 -0.00135808 -0.000826757 0.999999 0.0342942 0.019431 0.141355
FixedParameters: 0 0 0

#Transform 68
Transform: AffineTransform_float_3_3
Parameters: 0.999997 -0.00148021 0.00157282 0.00147819 0.999999 0.00081599 -0.00157445 -0.00081359 0.999999 0.0235398 0.0290197 0.124817
FixedParameters: 0 0 0

#Transform 69
Transform: AffineTransform_float_3_3
Parameters: 0.999997 -0.00166233 0.00154383 0.00166235 0.999999 0.000611681 -0.00154473 -0.000609667 0.999998 0.0310079 -0.000918029 0.116468
FixedParameters: 0 0 0

#Transform 70
Transform: AffineTransform_float_3_3
Parameters: 0.999998 -0.00159392 0.0010683 0.00159298 0.999999 0.000437522 -0.00106971 -0.000435867 0.999999 0.0313811 -0.0127454 0.164652
FixedParameters: 0 0 0

#Transform 71
Transform: AffineTransform_float_3_3
Parameters: 0.999998 -0.00160273 0.00117332 0.00160307 0.999999 0.000434156 -0.00117437 -0.000432135 0.999999 0.0381517 0.00462473 0.138211
FixedParameters: 0 0 0

#Transform 72
Transform: AffineTransform_float_3_3
Parameters: 0.999998 -0.00154725 0.00140285 0.00154656 0.999999 0.000425409 -0.00140332 -0.000422843 0.999998 0.0263749 -0.00766415 0.12492
FixedParameters: 0 0 0

#Transform 73
Transform: AffineTransform_float_3_3
Parameters: 0.999998 -0.00155676 0.00115194 0.00155595 0.999999 0.000569148 -0.00115286 -0.000567336 0.999999 0.0344956 -0.0221527 0.153508
FixedParameters: 0 0 0

#Transform 74
Transform: AffineTransform_float_3_3
Parameters: 0.999999 -0.00156679 0.00100009 0.00156695 0.999999 0.000169176 -0.000999773 -0.000167816 1 0.040576 -0.0166081 0.155746
FixedParameters: 0 0 0

#Transform 75
Transform: AffineTransform_float_3_3
Parameters: 0.999999 -0.00144321 0.00118036 0.00144313 0.999999 0.000247976 -0.00118022 -0.000246343 0.999999 0.0259239 0.011593 0.157475
FixedParameters: 0 0 0

#Transform 76
Transform: AffineTransform_float_3_3
Parameters: 0.999998 -0.00177345 0.0010165 0.00177351 0.999999 -2.11793e-05 -0.0010164 2.35138e-05 0.999999 0.0328384 -0.0305474 0.148965
FixedParameters: 0 0 0

#Transform 77
Transform: AffineTransform_float_3_3
Parameters: 0.999999 -0.00152759 0.00105588 0.00152689 0.999999 0.000329711 -0.0010569 -0.000328236 0.999999 0.0248408 0.0158695 0.154824
FixedParameters: 0 0 0

#Transform 78
Transform: AffineTransform_float_3_3
Parameters: 0.999998 -0.00145564 0.00120927 0.00145528 0.999999 0.00034454 -0.00120945 -0.000343276 0.999999 0.0206673 0.0209497 0.147482
FixedParameters: 0 0 0

#Transform 79
Transform: AffineTransform_float_3_3
Parameters: 0.999998 -0.00156623 0.00107417 0.00156575 0.999999 0.000223694 -0.00107489 -0.000222081 0.999999 0.0315273 -0.0261155 0.146635
FixedParameters: 0 0 0

#Transform 80
Transform: AffineTransform_float_3_3
Parameters: 0.999999 -0.00152724 0.00105666 0.00152649 0.999999 0.000352694 -0.00105775 -0.000351218 0.999999 0.0234552 0.0114781 0.160842
FixedParameters: 0 0 0

#Transform 81
Transform: AffineTransform_float_3_3
Parameters: 0.999998 -0.00169802 0.00114463 0.0016979 0.999999 4.95073e-05 -0.00114481 -4.73722e-05 0.999999 0.0286744 -0.00804862 0.1575
FixedParameters: 0 0 0

#Transform 82
Transform: AffineTransform_float_3_3
Parameters: 0.999998 -0.00169493 0.00115146 0.00169434 0.999999 0.000252361 -0.00115232 -0.00025021 0.999999 0.0232513 -0.0112487 0.14555
FixedParameters: 0 0 0

#Transform 83
Transform: AffineTransform_float_3_3
Parameters: 0.999999 -0.00150131 0.000967967 0.00150083 0.999999 0.000241165 -0.000968702 -0.00024001 1 0.0281482 -0.0216548 0.172185
FixedParameters: 0 0 0

#Transform 84
Transform: AffineTransform_float_3_3
Parameters: 0.999998 -0.00164581 0.00111052 0.00164587 0.999999 -2.63112e-05 -0.00111045 2.82143e-05 0.999999 0.0317547 -0.00859027 0.145809
FixedParameters: 0 0 0

#Transform 85
Transform: AffineTransform_float_3_3
Parameters: 0.999998 -0.00150796 0.00117885 0.00150787 0.999999 0.000242418 -0.00117877 -0.000241119 1 0.0225236 0.00586365 0.151356
FixedParameters: 0 0 0

#Transform 86
Transform: AffineTransform_float_3_3
Parameters: 0.999998 -0.0014092 0.000790745 0.00140859 0.999999 0.000386115 -0.000791838 -0.000384761 0.999999 0.0345611 -0.019554 0.172563
FixedParameters: 0 0 0

#Transform 87
Transform: AffineTransform_float_3_3
Parameters: 0.999998 -0.00149934 0.00114608 0.00149934 0.999999 0.000220102 -0.00114589 -0.000218439 0.999999 0.028452 -0.00397917 0.152576
FixedParameters: 0 0 0

#Transform 88
Transform: AffineTransform_float_3_3
Parameters: 0.999999 -0.00145222 0.00101749 0.00145208 0.999999 0.000473069 -0.00101942 -0.000472313 1 0.0269135 -0.00244423 0.157548
FixedParameters: 0 0 0

#Transform 89
Transform: AffineTransform_float_3_3
Parameters: 0.999999 -0.00156291 0.000893176 0.00156296 0.999999 -2.06813e-05 -0.000893091 2.22023e-05 0.999999 0.0344152 -0.0173967 0.163465
FixedParameters: 0 0 0

#Transform 90
Transform: AffineTransform_float_3_3
Parameters: 0.999998 -0.0015439 0.00106325 0.00154331 0.999999 0.00027671 -0.00106411 -0.000275178 0.999999 0.0273971 0.0040926 0.145584
FixedParameters: 0 0 0

#Transform 91
Transform: AffineTransform_float_3_3
Parameters: 0.999999 -0.00153471 0.000860667 0.00153423 0.999999 0.000287142 -0.000861528 -0.00028577 0.999999 0.0306279 -0.024416 0.170233
FixedParameters: 0 0 0

#Transform 92
Transform: AffineTransform_float_3_3
Parameters: 0.999998 -0.00169918 0.00114208 0.00169924 0.999999 -2.64381e-05 -0.001142 2.85669e-05 0.999999 0.0271505 0.00724489 0.144442
FixedParameters: 0 0 0

#Transform 93
Transform: AffineTransform_float_3_3
Parameters: 0.999998 -0.00144962 0.00124063 0.00144938 0.999999 0.000291336 -0.00124066 -0.000289995 0.999999 0.0219313 0.0263925 0.153241
FixedParameters: 0 0 0

#Transform 94
Transform: AffineTransform_float_3_3
Parameters: 0.999999 -0.001507 0.00104351 0.00150632 0.999999 0.000324767 -0.00104449 -0.000323373 0.999999 0.0233135 -0.0136598 0.180403
FixedParameters: 0 0 0

#Transform 95
Transform: AffineTransform_float_3_3
Parameters: 0.999998 -0.00164926 0.00110774 0.00164906 0.999999 -0.000139243 -0.00110815 0.000141167 0.999999 0.021641 5.2437e-05 0.149692
FixedParameters: 0 0 0

#Transform 96
Transform: AffineTransform_float_3_3
Parameters: 0.999999 -0.00136402 0.000653952 0.00136403 0.999999 -9.29246e-06 -0.000653932 1.02003e-05 1 0.0303754 -0.0395456 0.193927
FixedParameters: 0 0 0

#Transform 97
Transform: AffineTransform_float_3_3
Parameters: 0.999998 -0.00183308 0.000609256 0.00183326 0.999998 0.000287713 -0.000609431 -0.000286771 1 0.0306449 0.031954 0.163363
FixedParameters: 0 0 0

#Transform 98
Transform: AffineTransform_float_3_3
Parameters: 0.999999 -0.00128414 0.000282355 0.00128379 0.999999 0.000604426 -0.000283913 -0.000604575 1 0.0218359 0.0142218 0.19856
FixedParameters: 0 0 0

#Transform 99
Transform: AffineTransform_float_3_3
Parameters: 0.999999 -0.00119764 0.00032607 0.00119746 0.999999 0.00109903 -0.00032781 -0.00109779 0.999999 0.0153878 0.0037941 0.204871
FixedParameters: 0 0 0

#Transform 100
Transform: AffineTransform_float_3_3
Parameters: 0.999999 -0.00119317 0.000652802 0.00119226 0.999999 0.00113866 -0.000654697 -0.00113799 1 0.0154051 -0.00452336 0.196099
FixedParameters: 0 0 0

#Transform 101
Transform: AffineTransform_float_3_3
Parameters: 0.999998 -0.00139484 0.000787494 0.00139397 0.999999 0.000910915 -0.00078922 -0.00091049 0.999999 0.0177407 0.00642039 0.170974
FixedParameters: 0 0 0

#Transform 102
Transform: AffineTransform_float_3_3
Parameters: 0.999998 -0.00140301 0.000769804 0.0014024 0.999999 0.000389721 -0.000770903 -0.000388436 1 0.027672 -0.0275847 0.178758
FixedParameters: 0 0 0

#Transform 103
Transform: AffineTransform_float_3_3
Parameters: 0.999999 -0.00121225 0.000660816 0.00121162 0.999999 0.000475228 -0.000661973 -0.000474501 1 0.0182304 0.0130829 0.195051
FixedParameters: 0 0 0

#Transform 104
Transform: AffineTransform_float_3_3
Parameters: 0.999999 -0.00134297 0.000524525 0.00134268 0.999999 0.000268941 -0.000525253 -0.000268407 1 0.0326703 -0.0210153 0.193507
FixedParameters: 0 0 0

#Transform 105
Transform: AffineTransform_float_3_3
Parameters: 0.999998 -0.00140104 0.000774078 0.00140024 0.999999 0.00051563 -0.000775527 -0.000514336 0.999999 0.0225581 -0.00234083 0.169177
FixedParameters: 0 0 0

#Transform 106
Transform: AffineTransform_float_3_3
Parameters: 1 -0.0010658 0.000503987 0.00106493 0.999999 0.000515129 -0.000503723 -0.000514986 1 0.0352974 -0.0208435 0.205847
FixedParameters: 0 0 0

#Transform 107
Transform: AffineTransform_float_3_3
Parameters: 0.999999 -0.00125438 0.000683487 0.0012538 0.999999 0.000424138 -0.000684556 -0.000423298 1 0.0254095 -0.00258275 0.190806
FixedParameters: 0 0 0

#Transform 108
Transform: AffineTransform_float_3_3
Parameters: 0.999999 -0.00121335 0.000658428 0.00121281 0.999999 0.000405279 -0.000659417 -0.000404557 1 0.0222208 0.00605745 0.177769
FixedParameters: 0 0 0

#Transform 109
Transform: AffineTransform_float_3_3
Parameters: 0.999999 -0.00122021 0.000672067 0.00121937 0.999999 0.000626086 -0.0006736 -0.000625321 0.999999 0.0189557 -0.0081805 0.200546
FixedParameters: 0 0 0

#Transform 110
Transform: AffineTransform_float_3_3
Parameters: 0.999999 -0.00128361 0.000693738 0.00128324 0.999999 0.000262174 -0.000694417 -0.000261268 1 0.0236223 0.00893604 0.177077
FixedParameters: 0 0 0

#Transform 111
Transform: AffineTransform_float_3_3
Parameters: 0.999999 -0.0012011 0.000654103 0.00120048 0.999999 0.000472266 -0.000655243 -0.000471569 1 0.0195345 0.0121854 0.190924
FixedParameters: 0 0 0

#Transform 112
Transform: AffineTransform_float_3_3
Parameters: 0.999999 -0.00138795 0.000473313 0.00138751 0.999999 0.000458572 -0.000474592 -0.000458132 1 0.0265337 -0.0178507 0.189184
FixedParameters: 0 0 0

#Transform 113
Transform: AffineTransform_float_3_3
Parameters: 0.999999 -0.00140371 0.000997961 0.00140312 0.999999 0.000549677 -0.000998656 -0.000548649 0.999999 0.0224562 -0.00972375 0.127271
FixedParameters: 0 0 0

#Transform 114
Transform: AffineTransform_float_3_3
Parameters: 0.999997 -0.00194599 0.00140373 0.0019426 0.999995 0.00235362 -0.00140787 -0.00235139 0.999997 0.0448463 -0.0740306 0.00304222
FixedParameters: 0 0 0

#Transform 115
Transform: AffineTransform_float_3_3
Parameters: 0.999997 -0.00197478 0.00149418 0.00197298 0.999997 0.00178348 -0.00149751 -0.00178028 0.999997 0.022612 0.00753052 0.0645871
FixedParameters: 0 0 0

#Transform 116
Transform: AffineTransform_float_3_3
Parameters: 0.999997 -0.00196364 0.00185431 0.00196294 0.999998 0.000447416 -0.00185443 -0.000444647 0.999998 0.020866 0.0634739 0.110004
FixedParameters: 0 0 0

#Transform 117
Transform: AffineTransform_float_3_3
Parameters: 0.999996 -0.00200326 0.0016203 0.00200296 0.999998 0.000240969 -0.00162045 -0.000237609 0.999999 0.029359 0.00599615 0.158137
FixedParameters: 0 0 0

#Transform 118
Transform: AffineTransform_float_3_3
Parameters: 0.999996 -0.00200217 0.00162277 0.00200162 0.999998 0.000314916 -0.00162321 -0.00031155 0.999998 0.0288969 -1.63706e-05 0.177935
FixedParameters: 0 0 0

#Transform 119
Transform: AffineTransform_float_3_3
Parameters: 0.999997 -0.00238478 0.000181954 0.00238402 0.999991 0.00342701 -0.000190359 -0.00342719 0.999994 0.0152891 -0.0731098 0.213878
FixedParameters: 0 0 0

#Transform 120
Transform: AffineTransform_float_3_3
Parameters: 0.999995 -0.0026132 0.00144 0.00259845 0.999946 0.0101012 -0.00146593 -0.0100969 0.999948 0.00869271 0.0805978 0.0779042
FixedParameters: 0 0 0

#Transform 121
Transform: AffineTransform_float_3_3
Parameters: 0.999998 -0.00120401 0.00204832 0.00119221 0.999983 0.00565597 -0.00205465 -0.00565298 0.999982 0.00151736 -0.023569 -0.00452323
FixedParameters: 0 0 0

#Transform 122
Transform: AffineTransform_float_3_3
Parameters: 0.999997 -0.00182615 0.00167323 0.00183263 0.999991 -0.00392964 -0.00166542 0.00393226 0.999991 0.00917167 0.0280357 -0.00481379
FixedParameters: 0 0 0

#Transform 123
Transform: AffineTransform_float_3_3
Parameters: 0.999998 -0.00181107 0.0013073 0.00181755 0.999986 -0.00497964 -0.00129811 0.00498145 0.999987 0.0264131 0.0113673 0.0146933
FixedParameters: 0 0 0

#Transform 124
Transform: AffineTransform_float_3_3
Parameters: 0.999997 -0.00205673 0.00119572 0.00206293 0.999984 -0.00532904 -0.00118491 0.00533159 0.999985 0.0292064 -0.0435204 0.0507392
FixedParameters: 0 0 0

#Transform 125
Transform: AffineTransform_float_3_3
Parameters: 0.999998 -0.00183373 0.00128923 0.0018401 0.999985 -0.00517477 -0.00128 0.00517659 0.999986 0.0287676 0.0190108 0.0767361
FixedParameters: 0 0 0

#Transform 126
Transform: AffineTransform_float_3_3
Parameters: 0.999998 -0.00175697 0.00102185 0.00176206 0.999985 -0.00519919 -0.00101302 0.00519988 0.999986 0.0326775 0.039532 0.0833687
FixedParameters: 0 0 0

#Transform 127
Transform: AffineTransform_float_3_3
Parameters: 0.999998 -0.00177408 0.00106335 0.00177879 0.999988 -0.00446732 -0.00105508 0.00446903 0.99999 0.0196564 -0.0279713 0.138912
FixedParameters: 0 0 0

#Transform 128
Transform: AffineTransform_float_3_3
Parameters: 0.999998 -0.00177674 0.00105751 0.00178134 0.999988 -0.00464147 -0.00104946 0.00464367 0.999989 0.0359431 0.0465471 0.138232
FixedParameters: 0 0 0

#Transform 129
Transform: AffineTransform_float_3_3
Parameters: 0.999999 -0.00148376 0.00104599 0.0014887 0.999987 -0.00498548 -0.0010383 0.00498697 0.999986 0.0217395 0.028948 0.136564
FixedParameters: 0 0 0

#Transform 130
Transform: AffineTransform_float_3_3
Parameters: 0.999998 -0.00172413 0.00101719 0.00172886 0.999987 -0.00484919 -0.00100894 0.00485113 0.999988 0.0356841 0.00837155 0.141271
FixedParameters: 0 0 0

#Transform 131
Transform: AffineTransform_float_3_3
Parameters: 0.999998 -0.00154879 0.00118859 0.00155513 0.999986 -0.00498687 -0.00118027 0.00498846 0.999987 0.0296949 0.0384375 0.154554
FixedParameters: 0 0 0

#Transform 132
Transform: AffineTransform_float_3_3
Parameters: 0.999998 -0.0016016 0.00105404 0.0016068 0.999986 -0.00491836 -0.00104679 0.0049197 0.999988 0.0350084 0.00154755 0.185093
FixedParameters: 0 0 0

#Transform 133
Transform: AffineTransform_float_3_3
Parameters: 0.999998 -0.00150912 0.00107467 0.00151414 0.999986 -0.00510483 -0.00106729 0.00510601 0.999987 0.0347263 -0.00781829 0.202368
FixedParameters: 0 0 0

#Transform 134
Transform: AffineTransform_float_3_3
Parameters: 0.999998 -0.00157451 0.00102721 0.0015806 0.999984 -0.00540983 -0.00101873 0.00541191 0.999985 0.0339841 -0.0398066 0.194555
FixedParameters: 0 0 0

#Transform 135
Transform: AffineTransform_float_3_3
Parameters: 0.999998 -0.00167786 0.00104121 0.00168303 0.999986 -0.00494887 -0.00103308 0.0049508 0.999987 0.031333 -0.0697171 0.247609
FixedParameters: 0 0 0

#Transform 136
Transform: AffineTransform_float_3_3
Parameters: 0.999998 -0.00165373 0.00126275 0.00165957 0.999987 -0.00472033 -0.00125509 0.00472244 0.999988 0.0330043 0.0552986 0.161487
FixedParameters: 0 0 0

#Transform 137
Transform: AffineTransform_float_3_3
Parameters: 0.999998 -0.00167781 0.00112113 0.00168368 0.999988 -0.00471538 -0.00111289 0.00471756 0.999988 0.0340331 0.0217818 0.181343
FixedParameters: 0 0 0

#Transform 138
Transform: AffineTransform_float_3_3
Parameters: 0.999998 -0.00142073 0.00132643 0.00142703 0.999987 -0.00479926 -0.00131938 0.00480178 0.999988 0.0335491 0.0526732 0.160033
FixedParameters: 0 0 0

#Transform 139
Transform: AffineTransform_float_3_3
Parameters: 0.999998 -0.00151401 0.00138539 0.00152016 0.999988 -0.00472497 -0.00137854 0.00472707 0.999988 0.0333209 0.0146033 0.201796
FixedParameters: 0 0 0

#Transform 140
Transform: AffineTransform_float_3_3
Parameters: 0.999997 -0.00156874 0.00140157 0.00157575 0.999986 -0.00511181 -0.0013939 0.00511413 0.999986 0.0297218 0.0351223 0.192304
FixedParameters: 0 0 0

#Transform 141
Transform: AffineTransform_float_3_3
Parameters: 0.999998 -0.0018037 0.0013289 0.0018099 0.999985 -0.00527253 -0.00131908 0.00527575 0.999985 0.0390407 -0.0228766 0.179507
FixedParameters: 0 0 0

#Transform 142
Transform: AffineTransform_float_3_3
Parameters: 0.999997 -0.00156843 0.00140224 0.0015754 0.999986 -0.00509182 -0.00139464 0.00509414 0.999986 0.0313773 0.00570552 0.200994
FixedParameters: 0 0 0

#Transform 143
Transform: AffineTransform_float_3_3
Parameters: 0.999997 -0.00157171 0.00139489 0.00157927 0.999985 -0.00530966 -0.0013866 0.00531197 0.999985 0.029988 -0.00778672 0.213891
FixedParameters: 0 0 0

#Transform 144
Transform: AffineTransform_float_3_3
Parameters: 0.999998 -0.0017412 0.00149504 0.00174941 0.999984 -0.00534044 -0.0014857 0.00534271 0.999984 0.03401 -0.00505009 0.182403
FixedParameters: 0 0 0

#Transform 145
Transform: AffineTransform_float_3_3
Parameters: 0.999998 -0.00169407 0.00148632 0.0017011 0.999986 -0.00488198 -0.00147811 0.00488446 0.999987 0.0319768 -0.0011745 0.214542
FixedParameters: 0 0 0

#Transform 146
Transform: AffineTransform_float_3_3
Parameters: 0.999997 -0.00184432 0.00156128 0.0018523 0.999984 -0.00523303 -0.00155209 0.00523627 0.999985 0.0324772 0.0114403 0.19599
FixedParameters: 0 0 0

#Transform 147
Transform: AffineTransform_float_3_3
Parameters: 0.999997 -0.00157084 0.00139681 0.00157827 0.999985 -0.0052527 -0.00138871 0.00525502 0.999985 0.0314222 0.0211835 0.18949
FixedParameters: 0 0 0

#Transform 148
Transform: AffineTransform_float_3_3
Parameters: 0.999997 -0.00157168 0.00139496 0.00157923 0.999985 -0.00530766 -0.00138667 0.00530997 0.999985 0.0342053 -0.00211101 0.219529
FixedParameters: 0 0 0

#Transform 149
Transform: AffineTransform_float_3_3
Parameters: 0.999997 -0.00157317 0.00139154 0.00158054 0.999985 -0.0054086 -0.00138382 0.00541093 0.999985 0.0334002 0.0261201 0.197474
FixedParameters: 0 0 0

#Transform 150
Transform: AffineTransform_float_3_3
Parameters: 0.999997 -0.00156916 0.00140063 0.00157624 0.999985 -0.00513978 -0.00139287 0.0051421 0.999985 0.0312251 0.00171019 0.219758
FixedParameters: 0 0 0

#Transform 151
Transform: AffineTransform_float_3_3
Parameters: 0.999998 -0.00179901 0.00102172 0.00180369 0.999989 -0.00445374 -0.00101461 0.00445589 0.999989 0.0318247 -0.0424352 0.207049
FixedParameters: 0 0 0

#Transform 152
Transform: AffineTransform_float_3_3
Parameters: 0.999996 -0.00257143 0.00066101 0.00257366 0.999992 -0.00285925 -0.000653419 0.00286119 0.999995 0.0504769 0.00274172 0.244145
FixedParameters: 0 0 0

#Transform 153
Transform: AffineTransform_float_3_3
Parameters: 0.999997 -0.00194718 0.00152588 0.00195288 0.999993 -0.00336237 -0.00151938 0.00336535 0.999993 0.0257604 0.0609873 0.213248
FixedParameters: 0 0 0

#Transform 154
Transform: AffineTransform_float_3_3
Parameters: 0.999997 -0.00204268 0.00174931 0.00204898 0.999992 -0.00350236 -0.00174198 0.00350518 0.999992 0.0227371 0.0275262 0.213169
FixedParameters: 0 0 0

#Transform 155
Transform: AffineTransform_float_3_3
Parameters: 0.999997 -0.00193289 0.0016309 0.00193913 0.999991 -0.00370838 -0.00162354 0.00371171 0.999992 0.028731 -0.0101889 0.213533
FixedParameters: 0 0 0

#Transform 156
Transform: AffineTransform_float_3_3
Parameters: 0.999997 -0.00202025 0.00145279 0.00202531 0.999991 -0.00375216 -0.00144458 0.00375554 0.999991 0.0304168 -0.0295391 0.235148
FixedParameters: 0 0 0

#Transform 157
Transform: AffineTransform_float_3_3
Parameters: 0.999997 -0.00201145 0.00145054 0.00201713 0.999991 -0.00368093 -0.00144322 0.00368382 0.999992 0.0314927 -0.00877303 0.215514
FixedParameters: 0 0 0

#Transform 158
Transform: AffineTransform_float_3_3
Parameters: 0.999997 -0.00196151 0.00142111 0.00196746 0.999992 -0.00367283 -0.00141333 0.00367544 0.999993 0.0322759 -0.00374854 0.238181
FixedParameters: 0 0 0

#Transform 159
Transform: AffineTransform_float_3_3
Parameters: 0.999997 -0.0020047 0.00144137 0.0020098 0.99999 -0.00380284 -0.0014331 0.00380564 0.999992 0.0335504 -0.0239476 0.236211
FixedParameters: 0 0 0

#Transform 160
Transform: AffineTransform_float_3_3
Parameters: 0.999998 -0.00186308 0.00134936 0.00186803 0.999991 -0.00398043 -0.00134154 0.00398249 0.999991 0.0356144 0.0235451 0.213806
FixedParameters: 0 0 0

#Transform 161
Transform: AffineTransform_float_3_3
Parameters: 0.999997 -0.00197726 0.00141278 0.00198388 0.999989 -0.00409155 -0.00140412 0.0040942 0.99999 0.0330198 0.0168251 0.226231
FixedParameters: 0 0 0

#Transform 162
Transform: AffineTransform_float_3_3
Parameters: 0.999998 -0.00191744 0.00103798 0.00192353 0.999985 -0.00521272 -0.00102786 0.00521519 0.999986 0.046181 0.044448 0.201966
FixedParameters: 0 0 0

#Transform 163
Transform: AffineTransform_float_3_3
Parameters: 0.999997 -0.00204447 0.00123168 0.00205001 0.999987 -0.0046097 -0.00122213 0.00461183 0.999988 0.0359369 0.0246578 0.216087
FixedParameters: 0 0 0

#Transform 164
Transform: AffineTransform_float_3_3
Parameters: 0.999998 -0.00212972 0.000736376 0.00213191 0.999991 -0.00344778 -0.000729245 0.00344936 0.999994 0.0382313 -0.0355044 0.257807
FixedParameters: 0 0 0

#Transform 165
Transform: AffineTransform_float_3_3
Parameters: 0.999998 -0.00182265 0.000990744 0.00182608 0.999993 -0.00332694 -0.000984841 0.00332807 0.999994 0.0288932 0.0709158 0.21659
FixedParameters: 0 0 0

#Transform 166
Transform: AffineTransform_float_3_3
Parameters: 0.999998 -0.0019668 0.00113033 0.00197107 0.999992 -0.0035162 -0.00112357 0.00351819 0.999993 0.0259731 0.0235429 0.226567
FixedParameters: 0 0 0

#Transform 167
Transform: AffineTransform_float_3_3
Parameters: 0.999997 -0.0019561 0.000871393 0.00195927 0.999993 -0.00318208 -0.000865637 0.00318392 0.999995 0.0393963 -0.0351256 0.265861
FixedParameters: 0 0 0

#Transform 168
Transform: AffineTransform_float_3_3
Parameters: 0.999997 -0.00199492 0.000994365 0.00199787 0.999993 -0.00310746 -0.000988152 0.00310983 0.999995 0.0267273 0.0070034 0.262103
FixedParameters: 0 0 0

#Transform 169
Transform: AffineTransform_float_3_3
Parameters: 0.999997 -0.00208333 0.000821017 0.00208647 0.999993 -0.00330054 -0.000813958 0.00330287 0.999994 0.0406226 -0.0454974 0.260815
FixedParameters: 0 0 0

#Transform 170
Transform: AffineTransform_float_3_3
Parameters: 0.999998 -0.00205787 0.000970486 0.00206016 0.999994 -0.00287985 -0.000964796 0.00288137 0.999995 0.0307241 -0.00760284 0.25627
FixedParameters: 0 0 0

#Transform 171
Transform: AffineTransform_float_3_3
Parameters: 0.999997 -0.00198466 0.000883116 0.00198765 0.999993 -0.00303287 -0.000877771 0.00303481 0.999995 0.0335499 -0.0164684 0.271563
FixedParameters: 0 0 0

#Transform 172
Transform: AffineTransform_float_3_3
Parameters: 0.999997 -0.00216563 0.00110201 0.00216902 0.999992 -0.00343471 -0.00109507 0.00343705 0.999994 0.0324722 0.0115154 0.228356
FixedParameters: 0 0 0

#Transform 173
Transform: AffineTransform_float_3_3
Parameters: 0.999998 -0.00211323 0.000724765 0.00211547 0.999993 -0.00318894 -0.000717992 0.00318955 0.999995 0.0334415 -0.0586617 0.296175
FixedParameters: 0 0 0

#Transform 174
Transform: AffineTransform_float_3_3
Parameters: 0.999998 -0.00188108 0.000893668 0.00188445 0.999993 -0.00319639 -0.000888303 0.00319867 0.999994 0.0281636 0.072696 0.250848
FixedParameters: 0 0 0

#Transform 175
Transform: AffineTransform_float_3_3
Parameters: 0.999998 -0.00203839 0.000938376 0.00204144 0.999994 -0.00292414 -0.000933123 0.00292552 0.999995 0.0306899 0.0202271 0.244962
FixedParameters: 0 0 0

#Transform 176
Transform: AffineTransform_float_3_3
Parameters: 0.999998 -0.00186905 0.000919892 0.00187109 0.999995 -0.00238667 -0.000915374 0.00238846 0.999997 0.0260475 0.00650464 0.280129
FixedParameters: 0 0 0

#Transform 177
Transform: AffineTransform_float_3_3
Parameters: 0.999998 -0.00173003 0.000856595 0.00173267 0.999994 -0.00313048 -0.000851091 0.00313182 0.999995 0.0184207 0.00253458 0.268059
FixedParameters: 0 0 0

#Transform 178
Transform: AffineTransform_float_3_3
Parameters: 0.999998 -0.00173842 0.000742756 0.00174034 0.999993 -0.00340297 -0.000737115 0.00340444 0.999994 0.0193717 -0.0406277 0.273499
FixedParameters: 0 0 0

#Transform 179
Transform: AffineTransform_float_3_3
Parameters: 0.999998 -0.00153767 0.000665946 0.00154031 0.999991 -0.0038679 -0.000659476 0.00386833 0.999992 0.0192136 0.00955349 0.263623
FixedParameters: 0 0 0

#Transform 180
Transform: AffineTransform_float_3_3
Parameters: 0.999999 -0.00149938 0.000455751 0.00150107 0.999991 -0.00375393 -0.000450392 0.00375459 0.999993 0.0204532 -0.0603672 0.303845
FixedParameters: 0 0 0

#Transform 181
Transform: AffineTransform_float_3_3
Parameters: 0.999998 -0.00150657 0.000644316 0.00150937 0.999991 -0.00407385 -0.000637498 0.00407417 0.999991 0.0201106 0.0203309 0.261092
FixedParameters: 0 0 0

#Transform 182
Transform: AffineTransform_float_3_3
Parameters: 0.999999 -0.00152742 0.000377145 0.00152857 0.999991 -0.00380284 -0.000371427 0.00380328 0.999993 0.0230019 -0.0248488 0.294691
FixedParameters: 0 0 0

#Transform 183
Transform: AffineTransform_float_3_3
Parameters: 0.999998 -0.00153013 0.000650346 0.00153272 0.999989 -0.00425934 -0.000643621 0.00426061 0.999991 0.0200982 0.0256756 0.249471
FixedParameters: 0 0 0

#Transform 184
Transform: AffineTransform_float_3_3
Parameters: 0.999998 -0.00152728 0.000656412 0.00153018 0.999991 -0.0040799 -0.000649406 0.00408029 0.999991 0.018834 0.00431562 0.28438
FixedParameters: 0 0 0

#Transform 185
Transform: AffineTransform_float_3_3
Parameters: 0.999998 -0.00148599 0.000627283 0.0014888 0.99999 -0.00418326 -0.000620299 0.00418439 0.999991 0.021073 0.0286324 0.246389
FixedParameters: 0 0 0

#Transform 186
Transform: AffineTransform_float_3_3
Parameters: 0.999998 -0.00158835 0.000427573 0.00159003 0.999992 -0.00347727 -0.000421532 0.00347789 0.999994 0.0220794 -0.0190197 0.2867
FixedParameters: 0 0 0

#Transform 187
Transform: AffineTransform_float_3_3
Parameters: 1 -0.00124384 9.87507e-05 0.00124477 0.999992 -0.00384942 -9.38316e-05 0.00384943 0.999992 0.0214268 -0.0530122 0.301696
FixedParameters: 0 0 0

#Transform 188
Transform: AffineTransform_float_3_3
Parameters: 0.999999 -0.00126328 0.000338542 0.00126432 0.999993 -0.00342672 -0.000334892 0.00342684 0.999994 0.0195395 0.0158332 0.283567
FixedParameters: 0 0 0

#Transform 189
Transform: AffineTransform_float_3_3
Parameters: 0.999999 -0.00126176 0.00022689 0.00126249 0.99999 -0.004121 -0.000221557 0.00412172 0.999992 0.0221382 0.0318756 0.258807
FixedParameters: 0 0 0
