#Insight Transform File V1.0
#Transform 0
Transform: AffineTransform_float_3_3
Parameters: 0.999998 -0.00212902 0.000861163 0.0021309 0.999996 -0.00198162 -0.000857581 0.00198327 0.999998 0.0213862 0.0569519 -0.0812792
FixedParameters: 0 0 0

#Transform 1
Transform: AffineTransform_float_3_3
Parameters: 0.999998 -0.00137417 0.000900323 0.00137256 0.999998 0.00181682 -0.000902802 -0.00181528 0.999998 0.0155688 -0.0283891 -0.0271752
FixedParameters: 0 0 0

#Transform 2
Transform: AffineTransform_float_3_3
Parameters: 0.999999 -0.00121475 0.000957478 0.00121302 0.999998 0.00146887 -0.000959361 -0.00146746 0.999998 -0.00227145 0.0999069 0.00173289
FixedParameters: 0 0 0

#Transform 3
Transform: AffineTransform_float_3_3
Parameters: 0.999998 -0.00123569 0.00104405 0.00123422 0.999998 0.00146628 -0.00104513 -0.00146464 0.999998 -0.00339646 0.0528292 -0.00801922
FixedParameters: 0 0 0

#Transform 4
Transform: AffineTransform_float_3_3
Parameters: 0.999998 -0.00157802 0.000619012 0.00157661 0.999997 0.00180054 -0.000621643 -0.00179908 0.999998 0.0301664 -0.00502407 -0.0277322
FixedParameters: 0 0 0

#Transform 5
Transform: AffineTransform_float_3_3
Parameters: 0.999999 -0.000797709 1.46844e-05 0.000797408 0.999999 0.00149439 -1.57013e-05 -0.00149394 0.999998 0.00470046 0.0371664 0.0471441
FixedParameters: 0 0 0

#Transform 6
Transform: AffineTransform_float_3_3
Parameters: 1 -0.000475966 0.000513098 0.00047601 1 0.000452265 -0.000512668 -0.000451799 1 -0.00837279 0.0936381 0.0302711
FixedParameters: 0 0 0

#Transform 7
Transform: AffineTransform_float_3_3
Parameters: 0.999999 -0.000699633 0.000775063 0.000698595 0.999999 0.00137164 -0.000775293 -0.0013706 0.999999 -0.0096633 0.0059728 -0.0228218
FixedParameters: 0 0 0

#Transform 8
Transform: AffineTransform_float_3_3
Parameters: 0.999999 -0.000529057 0.000674533 0.000528641 0.999999 0.00137223 -0.000675664 -0.0013715 0.999999 -0.0141577 0.0134379 0.024207
FixedParameters: 0 0 0

#Transform 9
Transform: AffineTransform_float_3_3
Parameters: 0.999999 -0.000455343 0.000603445 0.000455017 1 0.000746545 -0.000603304 -0.000746893 0.999999 -0.0133695 0.0795581 -0.0285474
FixedParameters: 0 0 0

#Transform 10
Transform: AffineTransform_float_3_3
Parameters: 0.999999 -0.000475697 0.00059232 0.000476799 1 0.000223348 -0.00059218 -0.000222774 1 -0.0108482 0.067645 0.0250301
FixedParameters: 0 0 0

#Transform 11
Transform: AffineTransform_float_3_3
Parameters: 1 -0.000342146 0.000506486 0.000342077 1 6.79453e-05 -0.000506532 -6.75987e-05 1 -0.00717683 0.0840273 0.00559892
FixedParameters: 0 0 0

#Transform 12
Transform: AffineTransform_float_3_3
Parameters: 0.999999 -0.000582783 0.000490046 0.000582523 1 0.000264724 -0.000490354 -0.000264153 1 -0.0109467 0.0442351 0.0366833
FixedParameters: 0 0 0

#Transform 13
Transform: AffineTransform_float_3_3
Parameters: 1 -0.00023812 0.000463857 0.000238173 1 0.000492006 -0.000463231 -0.000491808 1 -0.0117307 0.0812786 -0.00890499
FixedParameters: 0 0 0

#Transform 14
Transform: AffineTransform_float_3_3
Parameters: 0.999999 -0.000505386 0.000632716 0.000505024 1 0.000740371 -0.000632643 -0.000740628 0.999999 -0.0136671 0.00886641 0.0288522
FixedParameters: 0 0 0

#Transform 15
Transform: AffineTransform_float_3_3
Parameters: 1 0.000157324 0.000233347 -0.000156728 1 0.000560585 -0.000233678 -0.000560627 1 -0.017122 0.107818 0.0129174
FixedParameters: 0 0 0

#Transform 16
Transform: AffineTransform_float_3_3
Parameters: 1 0.00055332 -1.51328e-05 -0.000553313 1 0.000240662 1.53991e-05 -0.000240646 1 -0.0105855 0.0738802 0.0394418
FixedParameters: 0 0 0

#Transform 17
Transform: AffineTransform_float_3_3
Parameters: 1 0.000193678 -2.46672e-05 -0.000193682 1 -6.93511e-05 2.46404e-05 6.93607e-05 1 -0.0177996 -0.0206475 0.0685525
FixedParameters: 0 0 0

#Transform 18
Transform: AffineTransform_float_3_3
Parameters: 1 5.56958e-05 -4.54248e-06 -5.56941e-05 1 0.000191393 4.5638e-06 -0.000191393 1 -0.0155529 0.0800788 0.0518051
FixedParameters: 0 0 0

#Transform 19
Transform: AffineTransform_float_3_3
Parameters: 1 0.000488758 -6.09365e-05 -0.000489206 1 0.000311147 6.04116e-05 -0.000310584 0.999999 -0.00986482 0.086118 0.0333693
FixedParameters: 0 0 0

#Transform 20
Transform: AffineTransform_float_3_3
Parameters: 1 -0.000390567 -0.000122021 0.000390373 1 -0.00108215 0.000122833 0.00108205 1 0.0139078 0.00543701 0.0228992
FixedParameters: 0 0 0

#Transform 21
Transform: AffineTransform_float_3_3
Parameters: 1 0.00044462 -0.000347597 -0.000444368 1 0.000361424 0.000347918 -0.000361115 1 0.00507261 0.0698313 0.0477888
FixedParameters: 0 0 0

#Transform 22
Transform: AffineTransform_float_3_3
Parameters: 1 0.000576956 -0.000131551 -0.000576799 0.999999 0.00059373 0.000132236 -0.000593577 1 -0.00550715 0.0945285 0.0384797
FixedParameters: 0 0 0

#Transform 23
Transform: AffineTransform_float_3_3
Parameters: 1 0.000381016 2.33756e-05 -0.000380953 0.999999 0.00171325 -2.21357e-05 -0.00171326 0.999999 0.000332955 0.0132533 0.0420159
FixedParameters: 0 0 0

#Transform 24
Transform: AffineTransform_float_3_3
Parameters: 1 -0.000230854 0.000342405 0.00023075 1 0.000992081 -0.000342042 -0.00099282 0.999999 -0.0101776 0.0705173 0.0717156
FixedParameters: 0 0 0

#Transform 25
Transform: AffineTransform_float_3_3
Parameters: 1 -0.000198939 0.000492518 0.000198746 0.999998 0.00165522 -0.000492857 -0.00165501 0.999998 -0.0132741 0.0207665 0.0232574
FixedParameters: 0 0 0

#Transform 26
Transform: AffineTransform_float_3_3
Parameters: 1 0.000538093 3.2873e-05 -0.000538093 1 0.00109686 -3.17253e-05 -0.00109689 1 -0.00303961 0.0390398 0.043794
FixedParameters: 0 0 0

#Transform 27
Transform: AffineTransform_float_3_3
Parameters: 1 0.000121152 4.62973e-05 -0.000121182 1 0.000320618 -4.62196e-05 -0.00032063 1 -0.00432433 0.0151072 0.108506
FixedParameters: 0 0 0

#Transform 28
Transform: AffineTransform_float_3_3
Parameters: 1 -0.000386051 8.19254e-05 0.00038605 1 2.46688e-06 -8.19273e-05 -2.40362e-06 1 0.00994904 0.00815329 0.123493
FixedParameters: 0 0 0

#Transform 29
Transform: AffineTransform_float_3_3
Parameters: 1 -0.000530684 0.000455981 0.000530941 1 -0.00028237 -0.000455681 0.000282854 1 0.022851 0.00378953 0.0981927
FixedParameters: 0 0 0

#Transform 30
Transform: AffineTransform_float_3_3
Parameters: 0.999999 -0.00124134 0.000553999 0.00124089 0.999999 0.000403314 -0.000555007 -0.000402813 1 0.0228199 -0.0142736 0.0906694
FixedParameters: 0 0 0

#Transform 31
Transform: AffineTransform_float_3_3
Parameters: 1 -0.000818579 0.000626409 0.000818007 0.999999 0.000858995 -0.000626961 -0.000858868 0.999999 0.0195639 0.142744 -0.0240168
FixedParameters: 0 0 0

#Transform 32
Transform: AffineTransform_float_3_3
Parameters: 1 -0.000873109 0.000650751 0.00087304 1 0.000440783 -0.000650667 -0.000440545 1 0.0157694 0.0944054 0.0325457
FixedParameters: 0 0 0

#Transform 33
Transform: AffineTransform_float_3_3
Parameters: 1 -0.0009296 0.000427553 0.000930097 1 -0.000586326 -0.000426469 0.000586244 1 0.0247098 0.0626513 0.0757863
FixedParameters: 0 0 0

#Transform 34
Transform: AffineTransform_float_3_3
Parameters: 1 -0.000986408 0.000326052 0.000986277 0.999998 -0.00136002 -0.000325089 0.00136071 0.999999 0.0240063 0.0207362 0.0886043
FixedParameters: 0 0 0

#Transform 35
Transform: AffineTransform_float_3_3
Parameters: 1 -0.00099447 0.00030882 0.000995529 0.999998 -0.00186164 -0.000307376 0.00186233 0.999998 0.0367361 -0.0214986 0.0604882
FixedParameters: 0 0 0

#Transform 36
Transform: AffineTransform_float_3_3
Parameters: 1 -0.00110089 0.000381923 0.00110204 0.999998 -0.00163563 -0.000380587 0.00163567 0.999998 0.0334358 0.00562498 0.0788281
FixedParameters: 0 0 0

#Transform 37
Transform: AffineTransform_float_3_3
Parameters: 1 -0.000948328 0.000264203 0.000948638 0.999997 -0.00225318 -0.000261714 0.00225372 0.999998 0.0394988 0.0189013 0.0511663
FixedParameters: 0 0 0

#Transform 38
Transform: AffineTransform_float_3_3
Parameters: 1 -0.00105382 0.000205494 0.00105425 0.999996 -0.00234046 -0.000203713 0.00234099 0.999997 0.0378539 0.0426318 0.0829563
FixedParameters: 0 0 0

#Transform 39
Transform: AffineTransform_float_3_3
Parameters: 0.999999 -0.000913646 0.000244302 0.000913929 0.999997 -0.00223706 -0.000242032 0.00223756 0.999998 0.0312327 0.0737803 0.0342949
FixedParameters: 0 0 0

#Transform 40
Transform: AffineTransform_float_3_3
Parameters: 0.999999 -0.000818654 0.000196102 0.000818579 0.999997 -0.00204985 -0.000194531 0.00205022 0.999998 0.0385542 0.0703048 0.0658776
FixedParameters: 0 0 0

#Transform 41
Transform: AffineTransform_float_3_3
Parameters: 0.999999 -0.000983321 0.000200908 0.000982955 0.999997 -0.00231273 -0.000199007 0.00231368 0.999997 0.0400547 0.0498916 0.0727443
FixedParameters: 0 0 0

#Transform 42
Transform: AffineTransform_float_3_3
Parameters: 0.999999 -0.000914821 0.000167519 0.00091443 0.999996 -0.00256909 -0.000165539 0.00256859 0.999997 0.0390597 0.0659183 0.0644572
FixedParameters: 0 0 0

#Transform 43
Transform: AffineTransform_float_3_3
Parameters: 0.999999 -0.000912469 0.000155795 0.000913235 0.999997 -0.00230107 -0.00015392 0.00230144 0.999998 0.0362203 0.0543182 0.0936295
FixedParameters: 0 0 0

#Transform 44
Transform: AffineTransform_float_3_3
Parameters: 1 -0.00117486 -1.75891e-07 0.00117526 0.999996 -0.00264463 2.69708e-06 0.00264476 0.999997 0.0467012 0.0123953 0.084518
FixedParameters: 0 0 0

#Transform 45
Transform: AffineTransform_float_3_3
Parameters: 1 -0.00106893 0.000180809 0.00106921 0.999997 -0.00223229 -0.000179189 0.00223277 0.999998 0.0411464 0.0526829 0.0866912
FixedParameters: 0 0 0

#Transform 46
Transform: AffineTransform_float_3_3
Parameters: 1 -0.00104042 0.000227337 0.00104106 0.999997 -0.00243094 -0.000225471 0.00243063 0.999997 0.0435244 0.00931088 0.0966733
FixedParameters: 0 0 0

#Transform 47
Transform: AffineTransform_float_3_3
Parameters: 1 -0.00100163 0.000293549 0.00100245 0.999997 -0.00230632 -0.00029208 0.00230701 0.999998 0.0398366 0.053937 0.0748965
FixedParameters: 0 0 0

#Transform 48
Transform: AffineTransform_float_3_3
Parameters: 1 -0.00105546 0.000202038 0.00105642 0.999996 -0.00244138 -0.000199175 0.00244188 0.999997 0.0433728 -0.00220045 0.104473
FixedParameters: 0 0 0

#Transform 49
Transform: AffineTransform_float_3_3
Parameters: 0.999999 -0.00100384 0.000288681 0.00100486 0.999997 -0.00244766 -0.00028699 0.00244746 0.999997 0.0415146 0.0647935 0.0700305
FixedParameters: 0 0 0

#Transform 50
Transform: AffineTransform_float_3_3
Parameters: 0.999999 -0.00118746 0.000292758 0.00118759 0.999996 -0.00248176 -0.000289549 0.00248164 0.999997 0.0417261 0.0351743 0.10505
FixedParameters: 0 0 0

#Transform 51
Transform: AffineTransform_float_3_3
Parameters: 1 -0.00100396 0.000288526 0.00100491 0.999997 -0.00245266 -0.000286793 0.00245246 0.999997 0.0447068 0.0592965 0.0821043
FixedParameters: 0 0 0

#Transform 52
Transform: AffineTransform_float_3_3
Parameters: 1 -0.0010495 0.0002104 0.00105016 0.999996 -0.00267394 -0.000207972 0.00267448 0.999997 0.044097 0.0261382 0.106363
FixedParameters: 0 0 0

#Transform 53
Transform: AffineTransform_float_3_3
Parameters: 0.999999 -0.00100444 0.000287413 0.00100547 0.999997 -0.00248463 -0.000285645 0.00248443 0.999997 0.0422879 0.0721447 0.0949933
FixedParameters: 0 0 0

#Transform 54
Transform: AffineTransform_float_3_3
Parameters: 1 -0.00103939 0.000227537 0.00104016 0.999996 -0.00265094 -0.000225178 0.00265199 0.999996 0.0442244 0.0200761 0.0724908
FixedParameters: 0 0 0

#Transform 55
Transform: AffineTransform_float_3_3
Parameters: 1 -0.0011202 9.23105e-05 0.00112021 0.999996 -0.00255608 -8.97776e-05 0.00255551 0.999997 0.0452423 0.0213541 0.120561
FixedParameters: 0 0 0

#Transform 56
Transform: AffineTransform_float_3_3
Parameters: 1 -0.00111733 0.00035151 0.00111866 0.999996 -0.00255398 -0.000348992 0.00255399 0.999997 0.0423277 0.0572936 0.0823297
FixedParameters: 0 0 0

#Transform 57
Transform: AffineTransform_float_3_3
Parameters: 1 -0.00100308 0.000290465 0.00100394 0.999996 -0.00239626 -0.000288808 0.00239694 0.999997 0.0440557 0.0535679 0.109758
FixedParameters: 0 0 0

#Transform 58
Transform: AffineTransform_float_3_3
Parameters: 0.999999 -0.00134119 0.000502347 0.00134195 0.999996 -0.00214706 -0.000499239 0.00214759 0.999997 0.056757 0.020894 0.03731
FixedParameters: 0 0 0

#Transform 59
Transform: AffineTransform_float_3_3
Parameters: 0.999999 -0.00137393 0.000422473 0.00137477 0.999997 -0.00204872 -0.000418634 0.00204904 0.999998 0.0441368 0.0499254 0.0527114
FixedParameters: 0 0 0

#Transform 60
Transform: AffineTransform_float_3_3
Parameters: 0.999999 -0.00127 0.000475976 0.0012703 0.999998 -0.00178111 -0.000474104 0.00178151 0.999999 0.0438136 0.0801708 0.067446
FixedParameters: 0 0 0

#Transform 61
Transform: AffineTransform_float_3_3
Parameters: 0.999999 -0.00131631 0.000499123 0.0013168 0.999998 -0.00188118 -0.000496822 0.00188169 0.999998 0.0413478 0.0460734 0.0888986
FixedParameters: 0 0 0

#Transform 62
Transform: AffineTransform_float_3_3
Parameters: 0.999999 -0.00138762 0.000307406 0.00138749 0.999997 -0.00204459 -0.000304385 0.00204463 0.999998 0.042312 0.00320704 0.115442
FixedParameters: 0 0 0

#Transform 63
Transform: AffineTransform_float_3_3
Parameters: 0.999999 -0.00136832 0.000383744 0.00136899 0.999997 -0.00165822 -0.000382332 0.00165849 0.999998 0.0425495 0.0392337 0.106151
FixedParameters: 0 0 0

#Transform 64
Transform: AffineTransform_float_3_3
Parameters: 0.999999 -0.00132031 0.000495287 0.00132092 0.999997 -0.00202409 -0.000492594 0.00202458 0.999998 0.039502 0.00494922 0.113532
FixedParameters: 0 0 0

#Transform 65
Transform: AffineTransform_float_3_3
Parameters: 0.999999 -0.00130561 0.000489121 0.00130614 0.999997 -0.00196508 -0.000486641 0.00196555 0.999998 0.0376638 0.0218752 0.102437
FixedParameters: 0 0 0

#Transform 66
Transform: AffineTransform_float_3_3
Parameters: 0.999999 -0.00129735 0.000202995 0.00129796 0.999997 -0.00174088 -0.000200737 0.00174148 0.999999 0.046355 0.0378714 0.118195
FixedParameters: 0 0 0

#Transform 67
Transform: AffineTransform_float_3_3
Parameters: 0.999999 -0.00141199 0.000386834 0.00141315 0.999996 -0.00218396 -0.000383824 0.00218427 0.999997 0.04423 0.0153724 0.0991556
FixedParameters: 0 0 0

#Transform 68
Transform: AffineTransform_float_3_3
Parameters: 0.999999 -0.00122203 0.000595861 0.00122329 0.999998 -0.00179501 -0.000593263 0.00179563 0.999999 0.0410029 0.0643658 0.0957945
FixedParameters: 0 0 0

#Transform 69
Transform: AffineTransform_float_3_3
Parameters: 0.999999 -0.00127293 0.000305074 0.00127389 0.999997 -0.00170974 -0.00030298 0.00171059 0.999999 0.0441779 0.0235936 0.118548
FixedParameters: 0 0 0

#Transform 70
Transform: AffineTransform_float_3_3
Parameters: 0.999999 -0.00121206 0.000586404 0.0012134 0.999998 -0.00190293 -0.000583581 0.00190352 0.999998 0.0414251 0.0638987 0.0844101
FixedParameters: 0 0 0

#Transform 71
Transform: AffineTransform_float_3_3
Parameters: 0.999999 -0.00126595 0.000477659 0.00126661 0.999997 -0.00168716 -0.000475145 0.00168754 0.999998 0.0405645 0.0282435 0.125851
FixedParameters: 0 0 0

#Transform 72
Transform: AffineTransform_float_3_3
Parameters: 0.999999 -0.00123688 0.000566215 0.00123727 0.999998 -0.00163564 -0.000564787 0.00163623 0.999998 0.0405105 0.0587843 0.104967
FixedParameters: 0 0 0

#Transform 73
Transform: AffineTransform_float_3_3
Parameters: 0.999999 -0.00133298 0.000517569 0.00133326 0.999997 -0.00168439 -0.000515698 0.00168496 0.999998 0.0383817 0.0100789 0.134848
FixedParameters: 0 0 0

#Transform 74
Transform: AffineTransform_float_3_3
Parameters: 0.999999 -0.00135672 0.000513746 0.00135751 0.999997 -0.0020974 -0.000510673 0.00209847 0.999997 0.0434626 0.0320791 0.0977908
FixedParameters: 0 0 0

#Transform 75
Transform: AffineTransform_float_3_3
Parameters: 0.999999 -0.00145854 0.000594333 0.00145908 0.999998 -0.00163326 -0.000592227 0.00163331 0.999998 0.0480708 -0.0170698 0.143856
FixedParameters: 0 0 0

#Transform 76
Transform: AffineTransform_float_3_3
Parameters: 0.999999 -0.00175809 0.000481582 0.00175907 0.999997 -0.00162461 -0.00047897 0.00162513 0.999998 0.0604921 0.0634577 0.109504
FixedParameters: 0 0 0

#Transform 77
Transform: AffineTransform_float_3_3
Parameters: 0.999998 -0.00155582 0.00039304 0.00155681 0.999997 -0.00194458 -0.000390147 0.00194502 0.999998 0.0462813 0.04518 0.151555
FixedParameters: 0 0 0

#Transform 78
Transform: AffineTransform_float_3_3
Parameters: 0.999998 -0.00153599 0.00069598 0.00153709 0.999997 -0.00177272 -0.000693159 0.00177366 0.999997 0.0435027 0.0494585 0.104497
FixedParameters: 0 0 0

#Transform 79
Transform: AffineTransform_float_3_3
Parameters: 0.999998 -0.00140067 0.000872018 0.00140133 0.999999 -0.000631941 -0.000871153 0.000632654 0.999999 0.0385335 0.0369281 0.138705
FixedParameters: 0 0 0

#Transform 80
Transform: AffineTransform_float_3_3
Parameters: 0.999998 -0.00132219 0.000967415 0.00132387 0.999998 -0.00135962 -0.000965575 0.00136134 0.999998 0.0456824 0.0513187 0.101421
FixedParameters: 0 0 0

#Transform 81
Transform: AffineTransform_float_3_3
Parameters: 0.999999 -0.0012774 0.00079183 0.00127691 0.999998 -0.000878101 -0.000790805 0.000879258 0.999999 0.0397869 0.0348036 0.15123
FixedParameters: 0 0 0

#Transform 82
Transform: AffineTransform_float_3_3
Parameters: 0.999999 -0.00123169 0.000786081 0.00123261 0.999999 -0.0011909 -0.000784905 0.001192 0.999999 0.0402899 0.0352984 0.181502
FixedParameters: 0 0 0

#Transform 83
Transform: AffineTransform_float_3_3
Parameters: 0.999999 -0.00152256 0.00088844 0.00152395 0.999998 -0.00160408 -0.000886179 0.0016051 0.999998 0.0520715 -0.0104542 0.140482
FixedParameters: 0 0 0

#Transform 84
Transform: AffineTransform_float_3_3
Parameters: 0.999998 -0.00131239 0.000975854 0.00131233 0.999999 -0.000895203 -0.000974762 0.000896023 0.999999 0.045225 0.0369861 0.127711
FixedParameters: 0 0 0

#Transform 85
Transform: AffineTransform_float_3_3
Parameters: 0.999998 -0.00147332 0.000867015 0.00147482 0.999998 -0.00166625 -0.000864761 0.00166712 0.999998 0.0534352 0.00377251 0.131545
FixedParameters: 0 0 0

#Transform 86
Transform: AffineTransform_float_3_3
Parameters: 0.999998 -0.0012286 0.00105339 0.00123054 0.999998 -0.00174746 -0.00105037 0.00174918 0.999998 0.0510515 0.0612196 0.0987409
FixedParameters: 0 0 0

#Transform 87
Transform: AffineTransform_float_3_3
Parameters: 0.999998 -0.00122892 0.00105267 0.0012304 0.999998 -0.00176845 -0.00105046 0.0017702 0.999998 0.0399289 0.0459059 0.137985
FixedParameters: 0 0 0

#Transform 88
Transform: AffineTransform_float_3_3
Parameters: 0.999998 -0.00128908 0.00107393 0.00129139 0.999997 -0.00210353 -0.00107072 0.0021041 0.999997 0.0526444 0.0347496 0.102667
FixedParameters: 0 0 0

#Transform 89
Transform: AffineTransform_float_3_3
Parameters: 0.999999 -0.00130009 0.0010956 0.00130159 0.999998 -0.00175239 -0.00109318 0.00175392 0.999998 0.0417185 0.0645799 0.112299
FixedParameters: 0 0 0

#Transform 90
Transform: AffineTransform_float_3_3
Parameters: 0.999998 -0.00145374 0.000895331 0.00145465 0.999997 -0.00176563 -0.000892347 0.00176651 0.999998 0.0536561 0.0185359 0.127373
FixedParameters: 0 0 0

#Transform 91
Transform: AffineTransform_float_3_3
Parameters: 0.999999 -0.00112191 0.000992739 0.00112342 0.999997 -0.00168495 -0.000990239 0.00168583 0.999998 0.0454337 0.0565327 0.106657
FixedParameters: 0 0 0

#Transform 92
Transform: AffineTransform_float_3_3
Parameters: 0.999998 -0.00133186 0.000909337 0.00133352 0.999998 -0.00167914 -0.00090752 0.00167988 0.999998 0.0451287 0.0164498 0.137691
FixedParameters: 0 0 0

#Transform 93
Transform: AffineTransform_float_3_3
Parameters: 0.999998 -0.00121126 0.00104348 0.00121315 0.999998 -0.00173842 -0.00104055 0.00174008 0.999998 0.0453126 0.0369569 0.117529
FixedParameters: 0 0 0

#Transform 94
Transform: AffineTransform_float_3_3
Parameters: 0.999999 -0.00130329 0.000836991 0.00130375 0.999999 -0.0010493 -0.000834645 0.0010506 0.999999 0.0421242 0.0386675 0.152461
FixedParameters: 0 0 0

#Transform 95
Transform: AffineTransform_float_3_3
Parameters: 0.999998 -0.00125861 0.00107387 0.00126132 0.999998 -0.00168575 -0.00107145 0.00168626 0.999998 0.0519724 0.00352524 0.104773
FixedParameters: 0 0 0

#Transform 96
Transform: AffineTransform_float_3_3
Parameters: 0.999998 -0.00142749 0.000798542 0.00142853 0.999998 -0.00124699 -0.000796739 0.00124843 0.999999 0.0546859 -0.00996486 0.145762
FixedParameters: 0 0 0

#Transform 97
Transform: AffineTransform_float_3_3
Parameters: 0.999999 -0.00101052 0.00121347 0.00101199 0.999999 -0.000812643 -0.00121269 0.000815118 0.999999 0.0420591 0.111739 0.0951198
FixedParameters: 0 0 0

#Transform 98
Transform: AffineTransform_float_3_3
Parameters: 0.999998 -0.00107278 0.00123176 0.00107346 0.999998 -0.000839383 -0.00123034 0.000840658 0.999998 0.0383094 0.0556878 0.11056
FixedParameters: 0 0 0

#Transform 99
Transform: AffineTransform_float_3_3
Parameters: 0.999999 -0.00115898 0.00105073 0.00116033 0.999999 -0.000854375 -0.00104965 0.000855081 0.999999 0.0469321 0.0336077 0.125964
FixedParameters: 0 0 0

#Transform 100
Transform: AffineTransform_float_3_3
Parameters: 0.999999 -0.00108268 0.00101697 0.00108334 0.999999 -0.00058967 -0.00101659 0.000590537 0.999999 0.0401644 0.038197 0.135351
FixedParameters: 0 0 0

#Transform 101
Transform: AffineTransform_float_3_3
Parameters: 0.999998 -0.00116904 0.00105743 0.00116948 0.999999 -0.000837172 -0.0010559 0.0008374 0.999999 0.0483272 0.00132834 0.124765
FixedParameters: 0 0 0

#Transform 102
Transform: AffineTransform_float_3_3
Parameters: 0.999998 -0.00122108 0.00109929 0.00122184 0.999999 -0.000581317 -0.00109874 0.000583148 0.999999 0.0423408 0.0306025 0.14193
FixedParameters: 0 0 0

#Transform 103
Transform: AffineTransform_float_3_3
Parameters: 0.999999 -0.00112928 0.00103448 0.00112961 0.999999 -0.000822893 -0.00103298 0.000824342 0.999999 0.0543762 0.0100319 0.120984
FixedParameters: 0 0 0

#Transform 104
Transform: AffineTransform_float_3_3
Parameters: 0.999999 -0.00103148 0.0009927 0.00103235 0.999999 -0.000450624 -0.000991807 0.000451314 1 0.0410008 0.0441761 0.146764
FixedParameters: 0 0 0

#Transform 105
Transform: AffineTransform_float_3_3
Parameters: 0.999998 -0.00119337 0.00107611 0.00119442 0.999998 -0.000737862 -0.00107525 0.000739095 0.999999 0.0472686 0.0138022 0.116565
FixedParameters: 0 0 0

#Transform 106
Transform: AffineTransform_float_3_3
Parameters: 0.999998 -0.00130078 0.00095244 0.00130152 0.999999 -0.000388786 -0.000951433 0.000390387 0.999999 0.0551192 0.0327185 0.135017
FixedParameters: 0 0 0

#Transform 107
Transform: AffineTransform_float_3_3
Parameters: 0.999999 -0.000912068 0.0011447 0.000912737 0.999999 -0.000303825 -0.00114418 0.000304556 0.999999 0.0459546 0.0985673 0.106014
FixedParameters: 0 0 0

#Transform 108
Transform: AffineTransform_float_3_3
Parameters: 0.999998 -0.00107678 0.0011729 0.00107657 0.999999 -0.000507067 -0.0011722 0.000508224 0.999999 0.0463208 0.0460158 0.119941
FixedParameters: 0 0 0

#Transform 109
Transform: AffineTransform_float_3_3
Parameters: 0.999999 -0.00098871 0.00116899 0.000988729 1 -0.000226528 -0.00116941 0.000227986 0.999999 0.0384173 0.0551938 0.142105
FixedParameters: 0 0 0

#Transform 110
Transform: AffineTransform_float_3_3
Parameters: 0.999998 -0.00104926 0.00122645 0.00104964 0.999999 -0.000371275 -0.00122657 0.000372514 0.999999 0.0429707 0.026059 0.128632
FixedParameters: 0 0 0

#Transform 111
Transform: AffineTransform_float_3_3
Parameters: 0.999999 -0.0010185 0.00110725 0.00101838 1 -0.000179854 -0.00110774 0.000181256 0.999999 0.0365062 0.0290717 0.149704
FixedParameters: 0 0 0

#Transform 112
Transform: AffineTransform_float_3_3
Parameters: 0.999999 -0.00102963 0.000994382 0.0010304 1 -0.000386928 -0.000993591 0.000388099 0.999999 0.0378844 0.00123484 0.163245
FixedParameters: 0 0 0

#Transform 113
Transform: AffineTransform_float_3_3
Parameters: 0.999999 -0.000800995 0.00125161 0.000801508 0.999999 -0.000558658 -0.00125025 0.000559273 0.999999 0.0368834 0.0442948 0.152004
FixedParameters: 0 0 0

#Transform 114
Transform: AffineTransform_float_3_3
Parameters: 0.999999 -0.000853505 0.00113568 0.000854165 0.999999 -0.000302541 -0.0011352 0.000303122 0.999999 0.0295201 0.0413267 0.180469
FixedParameters: 0 0 0

#Transform 115
Transform: AffineTransform_float_3_3
Parameters: 0.999999 -0.000806944 0.00127374 0.000808174 0.999999 -0.000692404 -0.00127352 0.000693125 0.999999 0.0352166 0.0249994 0.178443
FixedParameters: 0 0 0

#Transform 116
Transform: AffineTransform_float_3_3
Parameters: 0.999999 -0.000666151 0.00113126 0.000667074 1 -0.000634177 -0.00113129 0.000634831 0.999999 0.0233564 0.064692 0.204749
FixedParameters: 0 0 0

#Transform 117
Transform: AffineTransform_float_3_3
Parameters: 0.999999 -0.00100472 0.00109998 0.0010061 0.999999 -0.00123134 -0.00109793 0.00123219 0.999999 0.035718 0.0191243 0.208224
FixedParameters: 0 0 0

#Transform 118
Transform: AffineTransform_float_3_3
Parameters: 0.999999 -0.000827978 0.00122769 0.00082903 0.999999 -0.000994236 -0.00122643 0.000995777 0.999999 0.0267759 0.0605253 0.204798
FixedParameters: 0 0 0

#Transform 119
Transform: AffineTransform_float_3_3
Parameters: 0.999999 -0.00112789 0.00100846 0.00112977 0.999999 -0.00140443 -0.00100705 0.00140587 0.999998 0.0358858 0.00561106 0.193297
FixedParameters: 0 0 0

#Transform 120
Transform: AffineTransform_float_3_3
Parameters: 0.999999 -0.00090639 0.00127715 0.000907267 0.999999 -0.00106005 -0.00127651 0.00106102 0.999999 0.0299472 0.0772125 0.193968
FixedParameters: 0 0 0

#Transform 121
Transform: AffineTransform_float_3_3
Parameters: 0.999999 -0.00084544 0.00122177 0.000847069 0.999999 -0.00120831 -0.00122015 0.00120901 0.999999 0.0290092 0.0414657 0.18607
FixedParameters: 0 0 0

#Transform 122
Transform: AffineTransform_float_3_3
Parameters: 0.999999 -0.000864258 0.00123697 0.000865959 0.999999 -0.00122251 -0.00123527 0.00122329 0.999999 0.0252286 0.0491112 0.212337
FixedParameters: 0 0 0

#Transform 123
Transform: AffineTransform_float_3_3
Parameters: 0.999999 -0.000924238 0.00115707 0.000925844 0.999999 -0.00125599 -0.00115514 0.00125724 0.999998 0.0284682 0.0268566 0.195906
FixedParameters: 0 0 0

#Transform 124
Transform: AffineTransform_float_3_3
Parameters: 0.999998 -0.000868454 0.00131807 0.000870441 0.999999 -0.0014484 -0.00131683 0.00144934 0.999998 0.0260217 0.0374098 0.194662
FixedParameters: 0 0 0

#Transform 125
Transform: AffineTransform_float_3_3
Parameters: 0.999998 -0.000841912 0.0013771 0.000843879 0.999998 -0.0013876 -0.00137607 0.0013881 0.999998 0.024044 0.0337023 0.215896
FixedParameters: 0 0 0

#Transform 126
Transform: AffineTransform_float_3_3
Parameters: 0.999998 -0.00084659 0.0013564 0.000848693 0.999998 -0.00192847 -0.0013548 0.00192941 0.999997 0.0314064 -0.0021001 0.200635
FixedParameters: 0 0 0

#Transform 127
Transform: AffineTransform_float_3_3
Parameters: 0.999999 -0.000974704 0.00145745 0.000976742 0.999999 -0.00135123 -0.00145606 0.00135272 0.999998 0.0254688 0.0778109 0.197717
FixedParameters: 0 0 0

#Transform 128
Transform: AffineTransform_float_3_3
Parameters: 0.999999 -0.00115268 0.00102644 0.00115452 0.999998 -0.00175862 -0.00102369 0.00175964 0.999999 0.0360125 0.0314798 0.196654
FixedParameters: 0 0 0

#Transform 129
Transform: AffineTransform_float_3_3
Parameters: 0.999999 -0.000929601 0.00103658 0.000931307 0.999999 -0.00145089 -0.00103427 0.00145194 0.999998 0.0359424 0.0928074 0.198272
FixedParameters: 0 0 0

#Transform 130
Transform: AffineTransform_float_3_3
Parameters: 0.999999 -0.00124616 0.000940991 0.0012478 0.999997 -0.00229973 -0.000938291 0.00230125 0.999997 0.0418819 0.0160222 0.206251
FixedParameters: 0 0 0

#Transform 131
Transform: AffineTransform_float_3_3
Parameters: 0.999999 -0.000836095 0.00126046 0.000837832 0.999998 -0.00193035 -0.0012589 0.00193111 0.999997 0.0313752 0.0808133 0.186681
FixedParameters: 0 0 0

#Transform 132
Transform: AffineTransform_float_3_3
Parameters: 0.999999 -0.000957272 0.000964678 0.000958644 0.999998 -0.00166184 -0.000962777 0.00166234 0.999998 0.0270691 0.0589462 0.230774
FixedParameters: 0 0 0

#Transform 133
Transform: AffineTransform_float_3_3
Parameters: 0.999999 -0.000902415 0.0012475 0.000905293 0.999997 -0.00206381 -0.00124594 0.00206474 0.999997 0.0345059 0.0391714 0.18271
FixedParameters: 0 0 0

#Transform 134
Transform: AffineTransform_float_3_3
Parameters: 0.999996 -0.00152049 0.0023405 0.00151904 0.999998 0.000573129 -0.00234196 -0.000569201 0.999997 0.0535677 -0.0625088 -0.0501851
FixedParameters: 0 0 0

#Transform 135
Transform: AffineTransform_float_3_3
Parameters: 0.999997 -0.00136155 0.00211274 0.00136128 0.999999 4.65137e-05 -0.00211297 -4.39576e-05 0.999998 0.0465452 0.108222 0.00642834
FixedParameters: 0 0 0

#Transform 136
Transform: AffineTransform_float_3_3
Parameters: 0.999998 -0.00110856 0.00172223 0.00110881 1 -0.000475271 -0.00172156 0.000477722 0.999998 0.037686 0.108369 0.0946209
FixedParameters: 0 0 0

#Transform 137
Transform: AffineTransform_float_3_3
Parameters: 0.999998 -0.001215 0.00153467 0.00121671 0.999998 -0.00132773 -0.00153362 0.00132878 0.999998 0.0321224 0.0557825 0.15587
FixedParameters: 0 0 0

#Transform 138
Transform: AffineTransform_float_3_3
Parameters: 0.999998 -0.00123669 0.00148875 0.00123961 0.999996 -0.00237135 -0.00148627 0.00237372 0.999996 0.0263346 0.0325811 0.199447
FixedParameters: 0 0 0

#Transform 139
Transform: AffineTransform_float_3_3
Parameters: 0.999998 -0.00137065 0.00125475 0.00137469 0.999993 -0.00338471 -0.0012498 0.00338687 0.999994 0.029991 0.0233245 0.230188
FixedParameters: 0 0 0

#Transform 140
Transform: AffineTransform_float_3_3
Parameters: 0.999998 -0.00126529 0.00142748 0.00127055 0.999992 -0.00384054 -0.00142254 0.00384238 0.999992 0.025937 0.0121006 0.257647
FixedParameters: 0 0 0

#Transform 141
Transform: AffineTransform_float_3_3
Parameters: 0.999998 -0.00153509 0.00120354 0.00153889 0.999993 -0.00360449 -0.00119766 0.0036074 0.999993 0.0368999 0.01245 0.201581
FixedParameters: 0 0 0

#Transform 142
Transform: AffineTransform_float_3_3
Parameters: 0.999999 -0.00145528 0.00112328 0.00145772 0.999997 -0.00208854 -0.00111935 0.00209009 0.999997 0.0271513 0.0391048 0.227252
FixedParameters: 0 0 0

#Transform 143
Transform: AffineTransform_float_3_3
Parameters: 0.999998 -0.00128866 0.0010562 0.00129057 0.999998 -0.00172649 -0.00105303 0.00172835 0.999998 0.020227 0.0727733 0.246787
FixedParameters: 0 0 0

#Transform 144
Transform: AffineTransform_float_3_3
Parameters: 0.999999 -0.00141286 0.00119863 0.00141441 0.999998 -0.00161751 -0.00119617 0.00161918 0.999997 0.0203881 0.0721865 0.221485
FixedParameters: 0 0 0

#Transform 145
Transform: AffineTransform_float_3_3
Parameters: 0.999999 -0.0014479 0.00114048 0.00144899 0.999998 -0.00150459 -0.00113827 0.00150569 0.999998 0.0226516 0.0410581 0.243394
FixedParameters: 0 0 0

#Transform 146
Transform: AffineTransform_float_3_3
Parameters: 0.999998 -0.00128824 0.00110496 0.00128976 0.999998 -0.00112946 -0.00110384 0.001131 0.999999 0.0244632 0.0952229 0.24517
FixedParameters: 0 0 0

#Transform 147
Transform: AffineTransform_float_3_3
Parameters: 0.999998 -0.00139022 0.00124087 0.00139113 0.999998 -0.0011333 -0.00123896 0.00113541 0.999999 0.0224499 0.0588537 0.221493
FixedParameters: 0 0 0

#Transform 148
Transform: AffineTransform_float_3_3
Parameters: 0.999998 -0.00136794 0.000962677 0.00136913 0.999998 -0.00112724 -0.000961381 0.00112856 0.999999 0.0316222 0.0333432 0.260304
FixedParameters: 0 0 0

#Transform 149
Transform: AffineTransform_float_3_3
Parameters: 0.999999 -0.00118636 0.00100574 0.00118679 0.999999 -0.000467654 -0.00100549 0.000469186 0.999999 0.0267801 0.0807079 0.247795
FixedParameters: 0 0 0

#Transform 150
Transform: AffineTransform_float_3_3
Parameters: 0.999998 -0.00131603 0.00106384 0.00131698 0.999999 -0.000900422 -0.00106326 0.00090191 1 0.0250113 0.0303821 0.246706
FixedParameters: 0 0 0

#Transform 151
Transform: AffineTransform_float_3_3
Parameters: 0.999999 -0.00114481 0.00096495 0.00114592 0.999999 -0.000841245 -0.000963888 0.000842601 0.999999 0.0238804 0.0686423 0.277418
FixedParameters: 0 0 0

#Transform 152
Transform: AffineTransform_float_3_3
Parameters: 0.999999 -0.00120731 0.000993076 0.00120759 0.999999 -0.00104729 -0.000991797 0.00104882 0.999999 0.0213713 0.0537902 0.299404
FixedParameters: 0 0 0

#Transform 153
Transform: AffineTransform_float_3_3
Parameters: 0.999998 -0.00108689 0.00114656 0.00108818 0.999998 -0.00136159 -0.00114488 0.00136274 0.999999 0.0160197 0.0221033 0.298993
FixedParameters: 0 0 0

#Transform 154
Transform: AffineTransform_float_3_3
Parameters: 0.999999 -0.00119351 0.000972958 0.00119514 0.999999 -0.00132302 -0.000971556 0.00132451 0.999999 0.0236131 0.0259573 0.296435
FixedParameters: 0 0 0

#Transform 155
Transform: AffineTransform_float_3_3
Parameters: 0.999998 -0.00124377 0.00102102 0.00124463 0.999999 -0.000900664 -0.00102058 0.000901016 0.999999 0.0250156 0.0671502 0.244841
FixedParameters: 0 0 0

#Transform 156
Transform: AffineTransform_float_3_3
Parameters: 0.999998 -0.00123279 0.00108073 0.00123377 0.999999 -0.000902454 -0.00108029 0.000903807 1 0.0257101 0.0525718 0.280826
FixedParameters: 0 0 0

#Transform 157
Transform: AffineTransform_float_3_3
Parameters: 0.999999 -0.00121452 0.00100369 0.00121535 0.999999 -0.000900584 -0.0010033 0.000900834 0.999999 0.0257946 0.0619772 0.250878
FixedParameters: 0 0 0

#Transform 158
Transform: AffineTransform_float_3_3
Parameters: 0.999999 -0.00106207 0.000925972 0.00106269 0.999999 -0.000610187 -0.000925541 0.0006113 0.999999 0.0200165 0.075889 0.260958
FixedParameters: 0 0 0

#Transform 159
Transform: AffineTransform_float_3_3
Parameters: 0.999999 -0.00119299 0.00070317 0.00119364 0.999999 -0.000830473 -0.000702053 0.000831296 0.999999 0.0267556 0.0389307 0.272634
FixedParameters: 0 0 0

#Transform 160
Transform: AffineTransform_float_3_3
Parameters: 0.999999 -0.00106539 0.000918645 0.00106639 0.999999 -0.000824029 -0.000917754 0.000825132 0.999999 0.0185197 0.0645597 0.246037
FixedParameters: 0 0 0

#Transform 161
Transform: AffineTransform_float_3_3
Parameters: 0.999999 -0.00100174 0.000888121 0.0010024 0.999999 -0.000658969 -0.000887666 0.000659894 0.999999 0.0145393 0.053211 0.275309
FixedParameters: 0 0 0

#Transform 162
Transform: AffineTransform_float_3_3
Parameters: 0.999999 -0.00106258 0.000924842 0.00106326 0.999999 -0.000643162 -0.00092434 0.000644274 0.999999 0.0103688 0.0522157 0.259266
FixedParameters: 0 0 0

#Transform 163
Transform: AffineTransform_float_3_3
Parameters: 0.999999 -0.00106514 0.000919195 0.00106609 0.999999 -0.000807782 -0.000918371 0.000808404 0.999999 0.0135597 0.0359431 0.280757
FixedParameters: 0 0 0

#Transform 164
Transform: AffineTransform_float_3_3
Parameters: 0.999999 -0.00106494 0.00091964 0.00106587 0.999999 -0.000794791 -0.000918844 0.000795414 0.999999 0.0176093 0.0441385 0.256602
FixedParameters: 0 0 0

#Transform 165
Transform: AffineTransform_float_3_3
Parameters: 0.999999 -0.000971714 0.000867687 0.000972427 0.999999 -0.000719571 -0.000867186 0.000719922 0.999999 0.0117896 0.0519397 0.290094
FixedParameters: 0 0 0

#Transform 166
Transform: AffineTransform_float_3_3
Parameters: 0.999999 -0.00110784 0.000846411 0.00110882 0.999998 -0.000896616 -0.000845322 0.000897155 0.999999 0.010586 0.0318525 0.260951
FixedParameters: 0 0 0

#Transform 167
Transform: AffineTransform_float_3_3
Parameters: 0.999999 -0.00106076 0.000928882 0.00106122 0.999999 -0.000525249 -0.000928633 0.000526366 0.999999 0.0108064 0.0649669 0.257813
FixedParameters: 0 0 0

#Transform 168
Transform: AffineTransform_float_3_3
Parameters: 0.999999 -0.000992579 0.000872211 0.000992753 0.999999 -0.000899507 -0.000870816 0.00089987 0.999999 0.0126097 0.0468902 0.280365
FixedParameters: 0 0 0

#Transform 169
Transform: AffineTransform_float_3_3
Parameters: 0.999999 -0.00106558 0.000918236 0.00106658 0.999998 -0.000835761 -0.000917352 0.000836382 0.999999 0.0120298 0.0740586 0.260787
FixedParameters: 0 0 0

#Transform 170
Transform: AffineTransform_float_3_3
Parameters: 0.999999 -0.000940122 0.000855515 0.000940585 1 -0.000569851 -0.00085531 0.000570606 0.999999 0.0136913 0.0692872 0.276391
FixedParameters: 0 0 0

#Transform 171
Transform: AffineTransform_float_3_3
Parameters: 0.999999 -0.00106533 0.000820067 0.00106626 0.999998 -0.000896448 -0.000819054 0.000896859 0.999999 0.012089 0.0461137 0.284481
FixedParameters: 0 0 0

#Transform 172
Transform: AffineTransform_float_3_3
Parameters: 0.999999 -0.0010207 0.000894437 0.00102157 0.999999 -0.000771937 -0.000893726 0.000772909 0.999999 0.0122908 0.0686458 0.260898
FixedParameters: 0 0 0

#Transform 173
Transform: AffineTransform_float_3_3
Parameters: 1 -0.000956382 0.000750879 0.000957191 0.999999 -0.00089595 -0.000750063 0.00089605 0.999999 0.0139218 0.0348347 0.287407
FixedParameters: 0 0 0

#Transform 174
Transform: AffineTransform_float_3_3
Parameters: 1 -0.000812764 0.000770498 0.000813467 0.999999 -0.000789274 -0.000770081 0.000789673 0.999999 0.0161153 0.0546431 0.259877
FixedParameters: 0 0 0

#Transform 175
Transform: AffineTransform_float_3_3
Parameters: 0.999999 -0.000894119 0.000931937 0.000894078 0.999999 -0.000726142 -0.000931028 0.00072644 0.999999 0.0114475 0.0375699 0.285775
FixedParameters: 0 0 0

#Transform 176
Transform: AffineTransform_float_3_3
Parameters: 0.999999 -0.000994328 0.000759422 0.000995153 0.999999 -0.000895591 -0.000758538 0.000895765 0.999999 0.021685 0.0273236 0.259631
FixedParameters: 0 0 0

#Transform 177
Transform: AffineTransform_float_3_3
Parameters: 1 -0.000857174 0.000795315 0.000857113 0.999999 -0.000823405 -0.000794263 0.000823881 0.999999 0.0149986 0.0611047 0.292785
FixedParameters: 0 0 0

#Transform 178
Transform: AffineTransform_float_3_3
Parameters: 1 -0.000786483 0.000884255 0.000787217 1 -0.000704591 -0.000884013 0.000705129 0.999999 0.0140296 0.0517802 0.271493
FixedParameters: 0 0 0

#Transform 179
Transform: AffineTransform_float_3_3
Parameters: 1 -0.000869613 0.000803993 0.000870376 0.999999 -0.000793454 -0.000803479 0.000793998 0.999999 0.0138401 0.0401007 0.301788
FixedParameters: 0 0 0

#Transform 180
Transform: AffineTransform_float_3_3
Parameters: 1 -0.00079812 0.000761869 0.00079795 1 -0.000788242 -0.000760969 0.000788571 0.999999 0.0132933 0.0650751 0.30428
FixedParameters: 0 0 0

#Transform 181
Transform: AffineTransform_float_3_3
Parameters: 1 -0.000916368 0.000722739 0.000917066 0.999999 -0.000837886 -0.000722069 0.000838357 0.999999 0.014138 0.0124967 0.283407
FixedParameters: 0 0 0

#Transform 182
Transform: AffineTransform_float_3_3
Parameters: 1 -0.000851059 0.000818474 0.000851377 1 -0.000210589 -0.000818153 0.000210624 1 0.0155796 0.0807376 0.292037
FixedParameters: 0 0 0

#Transform 183
Transform: AffineTransform_float_3_3
Parameters: 1 -0.000953202 0.000744411 0.000954172 0.999999 -0.000654861 -0.000743168 0.000655403 0.999999 0.0148042 0.0497369 0.283706
FixedParameters: 0 0 0

#Transform 184
Transform: AffineTransform_float_3_3
Parameters: 1 -0.000872366 0.000829243 0.000872782 1 -0.000252882 -0.000828808 0.000253452 1 0.0151899 0.0736705 0.273242
FixedParameters: 0 0 0

#Transform 185
Transform: AffineTransform_float_3_3
Parameters: 1 -0.00084335 0.000721447 0.000843508 1 -0.000463826 -0.000721531 0.000464189 1 0.0155233 0.0343214 0.300557
FixedParameters: 0 0 0

#Transform 186
Transform: AffineTransform_float_3_3
Parameters: 0.999999 -0.000946995 0.00087892 0.000947214 1 -0.000126213 -0.000878687 0.000127002 0.999999 0.0131675 0.0544558 0.260128
FixedParameters: 0 0 0

#Transform 187
Transform: AffineTransform_float_3_3
Parameters: 0.999999 -0.00167037 0.000555814 0.00166949 0.999999 0.000496877 -0.000556087 -0.000496345 1 0.0424618 0.0291127 0.274171
FixedParameters: 0 0 0

#Transform 188
Transform: AffineTransform_float_3_3
Parameters: 0.999999 -0.000994996 0.00104692 0.000994865 1 0.000304163 -0.00104667 -0.000302978 0.999999 0.0158508 0.0842927 0.289934
FixedParameters: 0 0 0

#Transform 189
Transform: AffineTransform_float_3_3
Parameters: 0.999998 -0.00129362 0.00146055 0.00129447 0.999999 -0.000481185 -0.00146024 0.000482271 0.999999 0.0285536 0.0623373 0.282029
FixedParameters: 0 0 0
