#Insight Transform File V1.0
#Transform 0
Transform: AffineTransform_float_3_3
Parameters: 0.999999 -0.00094109 0.000211886 0.000941756 0.999997 -0.00249811 -0.000210409 0.00249774 0.999997 0.00493539 0.00374864 -0.0386475
FixedParameters: 0 0 0

#Transform 1
Transform: AffineTransform_float_3_3
Parameters: 0.999999 -0.00083631 0.000388871 0.00083737 0.999997 -0.00240445 -0.000386665 0.00240515 0.999997 0.00516631 -0.00626062 0.0094424
FixedParameters: 0 0 0

#Transform 2
Transform: AffineTransform_float_3_3
Parameters: 0.999999 -0.000838706 0.000383652 0.000839923 0.999997 -0.00255578 -0.00038122 0.00255559 0.999997 -0.00274151 0.000967024 0.0203478
FixedParameters: 0 0 0

#Transform 3
Transform: AffineTransform_float_3_3
Parameters: 0.999999 -0.000815573 0.00013628 0.000816551 0.999996 -0.00291489 -0.000133922 0.00291432 0.999996 0.00377725 -0.031432 -0.0141528
FixedParameters: 0 0 0

#Transform 4
Transform: AffineTransform_float_3_3
Parameters: 1 -0.000633756 0.000265274 0.000634261 0.999997 -0.00247564 -0.000263953 0.00247602 0.999997 0.00219209 0.0163185 -0.00074769
FixedParameters: 0 0 0

#Transform 5
Transform: AffineTransform_float_3_3
Parameters: 1 -0.000572046 0.000230447 0.00057236 0.999997 -0.00243343 -0.000229481 0.00243374 0.999997 -0.000356077 0.030882 -0.0387781
FixedParameters: 0 0 0

#Transform 6
Transform: AffineTransform_float_3_3
Parameters: 1 -0.000668204 -1.82221e-05 0.000668679 0.999997 -0.00226808 1.97881e-05 0.00226811 0.999998 0.00256746 0.0214369 -0.00580501
FixedParameters: 0 0 0

#Transform 7
Transform: AffineTransform_float_3_3
Parameters: 1 -0.000728625 5.0133e-05 0.000728811 0.999997 -0.00203528 -4.94602e-05 0.00203543 0.999998 0.00410986 -0.0278515 -0.00607515
FixedParameters: 0 0 0

#Transform 8
Transform: AffineTransform_float_3_3
Parameters: 1 -0.000650438 0.00011623 0.000650399 0.999998 -0.00162383 -0.000114979 0.00162448 0.999998 -0.00169418 0.0304196 -0.00613189
FixedParameters: 0 0 0

#Transform 9
Transform: AffineTransform_float_3_3
Parameters: 1 -0.000472656 0.000141585 0.000472673 0.999998 -0.00161138 -0.000140955 0.00161154 0.999998 -0.00272272 0.0454276 -0.0154526
FixedParameters: 0 0 0

#Transform 10
Transform: AffineTransform_float_3_3
Parameters: 1 -0.000521876 0.000241638 0.000522167 0.999998 -0.00150997 -0.000240955 0.00151025 0.999999 -0.00538167 -0.00121047 0.00115448
FixedParameters: 0 0 0

#Transform 11
Transform: AffineTransform_float_3_3
Parameters: 1 -0.000623298 0.000159363 0.000623319 0.999999 -0.00144238 -0.000158458 0.0014426 0.999999 -0.0031839 -0.0447551 0.0170642
FixedParameters: 0 0 0

#Transform 12
Transform: AffineTransform_float_3_3
Parameters: 1 -0.000544078 0.000257603 0.000544385 0.999999 -0.00144711 -0.000256921 0.00144741 0.999999 -0.00588638 -0.00759613 0.025267
FixedParameters: 0 0 0

#Transform 13
Transform: AffineTransform_float_3_3
Parameters: 0.999999 -0.000662642 0.000335353 0.000663062 0.999999 -0.0012797 -0.000334549 0.00128017 0.999999 -0.00370501 -0.0505381 0.00340856
FixedParameters: 0 0 0

#Transform 14
Transform: AffineTransform_float_3_3
Parameters: 1 -0.000633147 -7.70953e-05 0.000633138 1 -6.19965e-05 7.71737e-05 6.18988e-05 1 0.00743343 -0.0233634 0.0617241
FixedParameters: 0 0 0

#Transform 15
Transform: AffineTransform_float_3_3
Parameters: 1 -0.000637346 2.65941e-05 0.000636979 0.999999 -0.00134447 -2.57737e-05 0.00134453 0.999999 -0.00232053 0.0088872 -0.018084
FixedParameters: 0 0 0

#Transform 16
Transform: AffineTransform_float_3_3
Parameters: 1 -0.000440284 -0.000129605 0.000440563 1 -0.000271462 0.000128476 0.000271402 1 0.00978832 -0.053937 0.00320631
FixedParameters: 0 0 0

#Transform 17
Transform: AffineTransform_float_3_3
Parameters: 1 -0.000481994 0.000228284 0.000482139 0.999999 -0.001278 -0.000227945 0.00127825 0.999999 -0.00854616 0.0337008 -0.0255504
FixedParameters: 0 0 0

#Transform 18
Transform: AffineTransform_float_3_3
Parameters: 0.999999 -0.000634067 -0.000357794 0.000634006 1 -8.52649e-05 0.000357902 8.48111e-05 1 0.010618 -0.0282892 0.0438506
FixedParameters: 0 0 0

#Transform 19
Transform: AffineTransform_float_3_3
Parameters: 0.999999 -0.000698008 0.000179578 0.000697934 1 -0.00101453 -0.000179054 0.0010148 1 -0.00982058 0.0193181 -0.0206898
FixedParameters: 0 0 0

#Transform 20
Transform: AffineTransform_float_3_3
Parameters: 1 0.000529524 -0.000355134 -0.0005296 1 -0.000917096 0.000354984 0.000916575 0.999999 0.00561509 0.00886827 -0.00496463
FixedParameters: 0 0 0

#Transform 21
Transform: AffineTransform_float_3_3
Parameters: 1 -0.000230802 -0.000119399 0.000230665 1 -0.000572459 0.000119663 0.000572404 1 0.013578 -0.0570793 0.00555653
FixedParameters: 0 0 0

#Transform 22
Transform: AffineTransform_float_3_3
Parameters: 1 0.000264633 -0.00016253 -0.000264677 1 -0.000132657 0.00016246 0.000132743 1 -0.00959773 -0.0548129 -0.0183353
FixedParameters: 0 0 0

#Transform 23
Transform: AffineTransform_float_3_3
Parameters: 1 -0.000395719 -0.000200591 0.000395155 0.999999 0.000732021 0.000200519 -0.000732212 0.999999 0.00726928 -0.0549934 0.0433882
FixedParameters: 0 0 0

#Transform 24
Transform: AffineTransform_float_3_3
Parameters: 1 -0.000370274 -0.000164344 0.000370097 1 -0.000537591 0.000164742 0.00053747 1 0.0101804 -0.0481651 0.0256187
FixedParameters: 0 0 0

#Transform 25
Transform: AffineTransform_float_3_3
Parameters: 1 0.000209232 0.00021401 -0.000209624 0.999999 0.000914665 -0.000213627 -0.000914755 0.999999 -0.0162765 -0.0252317 0.0244354
FixedParameters: 0 0 0

#Transform 26
Transform: AffineTransform_float_3_3
Parameters: 1 -0.00028981 -6.40927e-05 0.000289805 1 -4.00361e-05 6.41159e-05 3.99989e-05 1 0.00830039 -0.0743184 0.00254619
FixedParameters: 0 0 0

#Transform 27
Transform: AffineTransform_float_3_3
Parameters: 1 0.000551337 -0.000308297 -0.000551098 1 0.000388325 0.000308725 -0.000387985 1 0.00518483 0.0461501 0.0201531
FixedParameters: 0 0 0

#Transform 28
Transform: AffineTransform_float_3_3
Parameters: 1 -0.000370731 9.82542e-05 0.000370567 0.999999 0.00083226 -9.88711e-05 -0.000832187 0.999999 0.00117413 -0.0343533 0.0170406
FixedParameters: 0 0 0

#Transform 29
Transform: AffineTransform_float_3_3
Parameters: 1 7.69396e-05 7.43258e-06 -7.68863e-05 1 0.00117337 -7.28483e-06 -0.00117337 1 -0.0205381 0.00892154 -0.00317358
FixedParameters: 0 0 0

#Transform 30
Transform: AffineTransform_float_3_3
Parameters: 1 -0.0003555 0.000257607 0.000355022 1 0.00106361 -0.000258396 -0.00106343 1 0.00541697 -0.0573092 0.00580489
FixedParameters: 0 0 0

#Transform 31
Transform: AffineTransform_float_3_3
Parameters: 1 -0.000244056 -0.000159509 0.000244716 0.999997 0.00250347 0.000159554 -0.0025036 0.999997 0.0097975 -0.0236979 0.0366812
FixedParameters: 0 0 0

#Transform 32
Transform: AffineTransform_float_3_3
Parameters: 0.999999 -0.00028792 -0.000709538 0.000290526 0.999995 0.00286397 0.000708734 -0.00286493 0.999996 0.00615962 0.0396631 0.0232539
FixedParameters: 0 0 0

#Transform 33
Transform: AffineTransform_float_3_3
Parameters: 0.999999 -0.000635736 -0.000204335 0.000636653 0.999995 0.00310379 0.000202957 -0.00310415 0.999995 0.0120951 -0.00435344 0.031186
FixedParameters: 0 0 0

#Transform 34
Transform: AffineTransform_float_3_3
Parameters: 1 -0.000647239 -0.00012916 0.000647597 0.999997 0.00218813 0.000127636 -0.00218747 0.999998 0.00140021 0.019387 0.0096491
FixedParameters: 0 0 0

#Transform 35
Transform: AffineTransform_float_3_3
Parameters: 1 -0.000583014 -0.000121007 0.000583341 0.999998 0.00212406 0.000119864 -0.00212377 0.999997 0.00117141 0.00298209 0.0133515
FixedParameters: 0 0 0

#Transform 36
Transform: AffineTransform_float_3_3
Parameters: 0.999999 -0.00166592 -0.00022891 0.00166764 0.999983 0.00570948 0.000219883 -0.00570965 0.999984 0.0153623 0.0380071 0.00713044
FixedParameters: 0 0 0

#Transform 37
Transform: AffineTransform_float_3_3
Parameters: 0.999999 -0.000855034 0.000120768 0.000855017 0.999986 0.00508455 -0.000125433 -0.00508448 0.999987 0.0312005 0.0111505 -0.0919914
FixedParameters: 0 0 0

#Transform 38
Transform: AffineTransform_float_3_3
Parameters: 1 -0.000988081 0.000624907 0.000986388 0.999995 0.00273872 -0.000627831 -0.00273755 0.999996 0.00105818 -0.0501364 -0.121843
FixedParameters: 0 0 0

#Transform 39
Transform: AffineTransform_float_3_3
Parameters: 0.999999 -0.000401806 0.000840793 0.000398204 0.999993 0.00389212 -0.000842095 -0.00389147 0.999992 -0.017425 -0.0556065 -0.262049
FixedParameters: 0 0 0

#Transform 40
Transform: AffineTransform_float_3_3
Parameters: 1 -0.000141967 0.000689238 0.000139236 0.999993 0.00369986 -0.000689295 -0.00369967 0.999993 -0.0157945 0.0418185 -0.198191
FixedParameters: 0 0 0

#Transform 41
Transform: AffineTransform_float_3_3
Parameters: 0.999999 -0.000346101 0.000771871 0.000343828 0.999997 0.00249253 -0.000773336 -0.00249199 0.999996 -0.0157413 0.0518048 -0.180564
FixedParameters: 0 0 0

#Transform 42
Transform: AffineTransform_float_3_3
Parameters: 0.999999 -0.000372192 0.000867227 0.000370756 0.999998 0.00199028 -0.000867558 -0.00198965 0.999997 -0.0260314 0.0279162 -0.145089
FixedParameters: 0 0 0

#Transform 43
Transform: AffineTransform_float_3_3
Parameters: 0.999999 -0.000362813 0.00089198 0.000361706 0.999998 0.00141308 -0.000892716 -0.00141291 0.999999 -0.0246656 0.013065 -0.153399
FixedParameters: 0 0 0

#Transform 44
Transform: AffineTransform_float_3_3
Parameters: 0.999999 -0.000493292 0.00077923 0.00049148 0.999998 0.00217012 -0.000781119 -0.00217021 0.999997 -0.014551 -0.0493549 -0.122796
FixedParameters: 0 0 0

#Transform 45
Transform: AffineTransform_float_3_3
Parameters: 1 0.000212851 0.000646302 -0.000214632 0.999998 0.00215463 -0.000645947 -0.002154 0.999998 -0.0313762 0.0155828 -0.126491
FixedParameters: 0 0 0

#Transform 46
Transform: AffineTransform_float_3_3
Parameters: 0.999999 -0.000398559 0.000633761 0.000396612 0.999997 0.00255686 -0.000634212 -0.00255727 0.999996 -0.0115338 -0.0418345 -0.105133
FixedParameters: 0 0 0

#Transform 47
Transform: AffineTransform_float_3_3
Parameters: 1 0.000105157 0.000606661 -0.000107608 0.999996 0.00301808 -0.00060669 -0.00301817 0.999996 -0.0286448 0.00334351 -0.116896
FixedParameters: 0 0 0

#Transform 48
Transform: AffineTransform_float_3_3
Parameters: 1 0.000186397 0.000291298 -0.000187692 0.999996 0.00258957 -0.000290427 -0.00258968 0.999996 -0.0196219 -0.0365578 -0.102383
FixedParameters: 0 0 0

#Transform 49
Transform: AffineTransform_float_3_3
Parameters: 1 0.000347952 0.000562497 -0.000348907 0.999997 0.00262627 -0.000561813 -0.00262659 0.999997 -0.0304719 0.00704564 -0.123033
FixedParameters: 0 0 0

#Transform 50
Transform: AffineTransform_float_3_3
Parameters: 1 0.000341405 0.000273683 -0.000342251 0.999997 0.00270073 -0.000273335 -0.00270085 0.999997 -0.0151668 -0.0173199 -0.116128
FixedParameters: 0 0 0

#Transform 51
Transform: AffineTransform_float_3_3
Parameters: 1 0.000368613 0.000254461 -0.000369331 0.999997 0.00265493 -0.000254 -0.00265506 0.999997 -0.0192031 0.0188841 -0.136745
FixedParameters: 0 0 0

#Transform 52
Transform: AffineTransform_float_3_3
Parameters: 1 0.000460919 0.000212242 -0.000461513 0.999995 0.00289509 -0.00021107 -0.00289523 0.999996 -0.0199153 0.000146312 -0.103151
FixedParameters: 0 0 0

#Transform 53
Transform: AffineTransform_float_3_3
Parameters: 1 0.000577466 0.000145847 -0.000578455 0.999997 0.00263434 -0.000143793 -0.00263448 0.999997 -0.0155382 -0.00266437 -0.120714
FixedParameters: 0 0 0

#Transform 54
Transform: AffineTransform_float_3_3
Parameters: 1 0.000528875 0.000216515 -0.00052945 0.999996 0.00279474 -0.000215056 -0.00279491 0.999996 -0.0209073 0.00646507 -0.0871739
FixedParameters: 0 0 0

#Transform 55
Transform: AffineTransform_float_3_3
Parameters: 1 0.000407548 0.000169744 -0.000407345 0.999996 0.00277641 -0.00016812 -0.00277651 0.999996 -0.0172504 -0.0388638 -0.0822641
FixedParameters: 0 0 0

#Transform 56
Transform: AffineTransform_float_3_3
Parameters: 1 0.000590254 0.000171591 -0.000591123 0.999995 0.00311058 -0.000170308 -0.0031107 0.999995 -0.0196981 0.0113502 -0.0821074
FixedParameters: 0 0 0

#Transform 57
Transform: AffineTransform_float_3_3
Parameters: 1 0.000528184 0.00018833 -0.000528648 0.999995 0.00311101 -0.000186573 -0.00311115 0.999995 -0.0178616 -0.0207548 -0.0572787
FixedParameters: 0 0 0

#Transform 58
Transform: AffineTransform_float_3_3
Parameters: 1 0.000515156 0.000187867 -0.000515617 0.999995 0.00311124 -0.000186191 -0.00311138 0.999995 -0.0178752 -0.00515699 -0.0861475
FixedParameters: 0 0 0

#Transform 59
Transform: AffineTransform_float_3_3
Parameters: 0.999999 0.000671793 0.000311043 -0.000673567 0.999994 0.00317226 -0.000309167 -0.0031726 0.999995 -0.0253748 -0.00576337 -0.0501372
FixedParameters: 0 0 0

#Transform 60
Transform: AffineTransform_float_3_3
Parameters: 1 0.000492843 0.0001883 -0.000493265 0.999996 0.00298506 -0.000186894 -0.00298606 0.999995 -0.012102 -0.0242171 -0.0557047
FixedParameters: 0 0 0

#Transform 61
Transform: AffineTransform_float_3_3
Parameters: 1 0.000597844 0.000184516 -0.000598282 0.999995 0.00311 -0.000182328 -0.00311016 0.999995 -0.0206521 -0.00646153 -0.0613159
FixedParameters: 0 0 0

#Transform 62
Transform: AffineTransform_float_3_3
Parameters: 1 0.000476828 0.000144321 -0.00047702 0.999995 0.00311344 -0.000142883 -0.00311351 0.999995 -0.00843479 -0.0333614 -0.0473735
FixedParameters: 0 0 0

#Transform 63
Transform: AffineTransform_float_3_3
Parameters: 1 0.000545375 0.000197015 -0.000545944 0.999994 0.00324352 -0.000195007 -0.00324367 0.999994 -0.0174794 0.0103513 -0.0625129
FixedParameters: 0 0 0

#Transform 64
Transform: AffineTransform_float_3_3
Parameters: 1 0.00054927 0.000101797 -0.000550052 0.999995 0.00311376 -9.93979e-05 -0.00311384 0.999995 -0.00666714 -0.0269805 -0.052947
FixedParameters: 0 0 0

#Transform 65
Transform: AffineTransform_float_3_3
Parameters: 1 0.000594369 0.000181754 -0.000595344 0.999994 0.00348918 -0.000179996 -0.00348883 0.999993 -0.015055 0.010815 -0.0625725
FixedParameters: 0 0 0

#Transform 66
Transform: AffineTransform_float_3_3
Parameters: 1 0.000490626 0.000136221 -0.000490767 0.999995 0.0031135 -0.000134697 -0.00311357 0.999995 -0.0108524 -0.048885 -0.0497071
FixedParameters: 0 0 0

#Transform 67
Transform: AffineTransform_float_3_3
Parameters: 1 0.000656456 0.000114966 -0.000656968 0.999994 0.00340877 -0.000112913 -0.00340883 0.999994 -0.00963721 0.0185492 -0.0567619
FixedParameters: 0 0 0

#Transform 68
Transform: AffineTransform_float_3_3
Parameters: 1 0.000471844 0.000183893 -0.000472364 0.999992 0.00392173 -0.000181819 -0.00392184 0.999993 -0.0104987 -0.0150108 -0.0722785
FixedParameters: 0 0 0

#Transform 69
Transform: AffineTransform_float_3_3
Parameters: 1 0.000308903 -0.00010312 -0.000308924 0.999988 0.00484933 0.00010451 -0.00484924 0.999988 -0.00240179 -0.0788193 -0.00687579
FixedParameters: 0 0 0

#Transform 70
Transform: AffineTransform_float_3_3
Parameters: 1 0.000328715 0.000304301 -0.000329949 0.999988 0.0047314 -0.000302053 -0.00473156 0.999989 -0.0120764 0.0472134 -0.0342716
FixedParameters: 0 0 0

#Transform 71
Transform: AffineTransform_float_3_3
Parameters: 0.999999 0.000660785 0.000500384 -0.000662369 0.99999 0.00436459 -0.000497319 -0.00436512 0.999991 -0.024569 0.0278117 -0.00931
FixedParameters: 0 0 0

#Transform 72
Transform: AffineTransform_float_3_3
Parameters: 1 0.000567402 0.000141794 -0.000567603 0.999991 0.00422791 -0.000138658 -0.004228 0.999991 -0.0161329 -0.00906505 0.0329199
FixedParameters: 0 0 0

#Transform 73
Transform: AffineTransform_float_3_3
Parameters: 0.999999 0.000695838 0.000362201 -0.000697061 0.999991 0.00435297 -0.000358341 -0.00435337 0.999991 -0.0203387 -0.03576 0.0524903
FixedParameters: 0 0 0

#Transform 74
Transform: AffineTransform_float_3_3
Parameters: 1 0.000508808 0.000171481 -0.000509228 0.999992 0.00412572 -0.000168943 -0.00412583 0.999992 -0.0177306 -0.0542099 0.0541841
FixedParameters: 0 0 0

#Transform 75
Transform: AffineTransform_float_3_3
Parameters: 1 0.000440661 2.72216e-05 -0.00044081 0.999993 0.00384934 -2.4957e-05 -0.00385021 0.999992 -0.0171889 -0.0883696 0.0574055
FixedParameters: 0 0 0

#Transform 76
Transform: AffineTransform_float_3_3
Parameters: 1 0.000639739 0.000265633 -0.000641514 0.99999 0.00426128 -0.000262696 -0.00426153 0.999991 -0.0160103 -0.0111372 0.0457696
FixedParameters: 0 0 0

#Transform 77
Transform: AffineTransform_float_3_3
Parameters: 1 0.00048412 0.000165193 -0.000484458 0.999994 0.00366774 -0.000163207 -0.00366735 0.999993 -0.0149535 -0.022249 0.0206392
FixedParameters: 0 0 0

#Transform 78
Transform: AffineTransform_float_3_3
Parameters: 1 0.000633664 0.000388717 -0.000635023 0.999991 0.00413487 -0.000385641 -0.00413527 0.999992 -0.0191288 0.0237557 0.0205744
FixedParameters: 0 0 0

#Transform 79
Transform: AffineTransform_float_3_3
Parameters: 1 0.000483425 0.000163654 -0.00048376 0.999994 0.00362503 -0.000161745 -0.00362513 0.999994 -0.0146795 -0.0112829 0.0260277
FixedParameters: 0 0 0

#Transform 80
Transform: AffineTransform_float_3_3
Parameters: 1 0.000403104 0.000320428 -0.000404746 0.999992 0.00399803 -0.000318828 -0.00399822 0.999992 -0.019066 0.0323509 0.0121987
FixedParameters: 0 0 0

#Transform 81
Transform: AffineTransform_float_3_3
Parameters: 1 0.000558791 0.000122778 -0.000559703 0.999993 0.0036983 -0.000119731 -0.00369841 0.999993 -0.0129314 -0.0104237 0.0122021
FixedParameters: 0 0 0

#Transform 82
Transform: AffineTransform_float_3_3
Parameters: 1 0.000501918 0.000249712 -0.00050299 0.999992 0.00399693 -0.000247325 -0.00399711 0.999992 -0.0178995 0.00517549 0.0278066
FixedParameters: 0 0 0

#Transform 83
Transform: AffineTransform_float_3_3
Parameters: 1 0.000507142 0.000237837 -0.000508575 0.999993 0.00387917 -0.000236387 -0.00387933 0.999993 -0.0185966 -0.0188877 0.0224408
FixedParameters: 0 0 0

#Transform 84
Transform: AffineTransform_float_3_3
Parameters: 1 0.000517972 0.000271902 -0.00051841 0.999991 0.00407994 -0.000269811 -0.00408013 0.999991 -0.0190284 -0.0220204 0.0355914
FixedParameters: 0 0 0

#Transform 85
Transform: AffineTransform_float_3_3
Parameters: 1 0.000432213 7.15829e-05 -0.000432759 0.999993 0.00377227 -6.94095e-05 -0.0037723 0.999993 -0.0148576 -0.0456896 0.0455884
FixedParameters: 0 0 0

#Transform 86
Transform: AffineTransform_float_3_3
Parameters: 1 0.000512131 0.000169173 -0.000512529 0.999992 0.00411775 -0.000166616 -0.00411785 0.999992 -0.0182345 -0.0166057 0.0135966
FixedParameters: 0 0 0

#Transform 87
Transform: AffineTransform_float_3_3
Parameters: 1 0.000388607 0.000404087 -0.0003905 0.999988 0.00489298 -0.000402543 -0.00489319 0.999988 -0.0200592 -0.0462564 -0.00942742
FixedParameters: 0 0 0

#Transform 88
Transform: AffineTransform_float_3_3
Parameters: 1 0.000436966 0.000312068 -0.000438364 0.99999 0.00461125 -0.000311127 -0.0046114 0.99999 -0.0198093 0.0281717 0.0239281
FixedParameters: 0 0 0

#Transform 89
Transform: AffineTransform_float_3_3
Parameters: 1 0.000557677 0.000258636 -0.000558916 0.99999 0.00432594 -0.000255468 -0.00432616 0.99999 -0.0190671 0.021254 0.000922706
FixedParameters: 0 0 0

#Transform 90
Transform: AffineTransform_float_3_3
Parameters: 1 0.000505241 0.000180545 -0.00050579 0.99999 0.00427957 -0.00017788 -0.00427969 0.999991 -0.0188729 -0.0559174 0.0300136
FixedParameters: 0 0 0

#Transform 91
Transform: AffineTransform_float_3_3
Parameters: 1 0.000528512 0.000186139 -0.000528266 0.999989 0.00470333 -0.000183404 -0.00470343 0.999989 -0.0179617 0.0256782 0.0042248
FixedParameters: 0 0 0

#Transform 92
Transform: AffineTransform_float_3_3
Parameters: 1 0.000607029 0.00021138 -0.000608354 0.99999 0.00445792 -0.000208517 -0.00445809 0.99999 -0.0270981 0.0313054 0.0253771
FixedParameters: 0 0 0

#Transform 93
Transform: AffineTransform_float_3_3
Parameters: 1 0.000639563 0.000268365 -0.000641412 0.999989 0.00462547 -0.000265028 -0.00462572 0.999989 -0.0320012 -0.00938282 0.0454841
FixedParameters: 0 0 0

#Transform 94
Transform: AffineTransform_float_3_3
Parameters: 1 0.000571057 0.000149867 -0.000571321 0.99999 0.00445273 -0.000146475 -0.00445283 0.99999 -0.0261293 -0.0640987 -0.00831527
FixedParameters: 0 0 0

#Transform 95
Transform: AffineTransform_float_3_3
Parameters: 1 -0.000422226 0.000598784 0.000417915 0.999967 0.00801497 -0.000601405 -0.00801456 0.999967 0.01909 0.0187349 -0.325799
FixedParameters: 0 0 0

#Transform 96
Transform: AffineTransform_float_3_3
Parameters: 0.999997 -0.00219901 0.00159503 0.00218378 0.99995 0.00980213 -0.00161585 -0.00979917 0.999951 0.0409253 0.145903 -0.676042
FixedParameters: 0 0 0

#Transform 97
Transform: AffineTransform_float_3_3
Parameters: 0.999999 -0.000522035 -0.000144814 0.000524244 0.999925 0.0122426 0.000138065 -0.0122431 0.999925 0.0485345 0.0371771 -0.694462
FixedParameters: 0 0 0

#Transform 98
Transform: AffineTransform_float_3_3
Parameters: 1 -0.000350033 -0.000341299 0.000352809 0.99998 0.00630237 0.000339105 -0.00630273 0.99998 0.0369226 0.0668321 -0.402815
FixedParameters: 0 0 0

#Transform 99
Transform: AffineTransform_float_3_3
Parameters: 0.999999 0.000804974 0.000360104 -0.00080705 0.999979 0.00634678 -0.000354631 -0.00634717 0.99998 -0.0232876 0.0957177 -0.370122
FixedParameters: 0 0 0

#Transform 100
Transform: AffineTransform_float_3_3
Parameters: 0.999999 0.00100583 0.000333217 -0.0010073 0.999984 0.00543072 -0.000326878 -0.00543121 0.999985 -0.0317255 0.0715738 -0.34779
FixedParameters: 0 0 0

#Transform 101
Transform: AffineTransform_float_3_3
Parameters: 1 0.00108938 0.000268137 -0.00109073 0.999984 0.00542971 -0.000261722 -0.00543008 0.999985 -0.0224996 -0.020068 -0.293545
FixedParameters: 0 0 0

#Transform 102
Transform: AffineTransform_float_3_3
Parameters: 0.999999 0.00129472 5.22234e-05 -0.00129431 0.999987 0.00493215 -4.56458e-05 -0.00493245 0.999987 -0.0269783 0.0229136 -0.234983
FixedParameters: 0 0 0

#Transform 103
Transform: AffineTransform_float_3_3
Parameters: 0.999998 0.00164274 -0.000182484 -0.00164195 0.999988 0.00473555 0.000190628 -0.00473598 0.999988 -0.0400255 0.069438 -0.270229
FixedParameters: 0 0 0

#Transform 104
Transform: AffineTransform_float_3_3
Parameters: 0.999998 0.0019535 -0.000359104 -0.00195238 0.999992 0.00349212 0.000365528 -0.00349175 0.999994 -0.0406153 0.0307697 -0.211974
FixedParameters: 0 0 0

#Transform 105
Transform: AffineTransform_float_3_3
Parameters: 0.999999 0.00165481 -0.000484426 -0.00165302 0.999994 0.00282366 0.000489712 -0.0028228 0.999996 -0.0243993 -0.0154634 -0.203698
FixedParameters: 0 0 0

#Transform 106
Transform: AffineTransform_float_3_3
Parameters: 0.999998 0.00167043 -0.000372086 -0.00166961 0.999997 0.00177514 0.000374884 -0.00177419 0.999998 -0.0278424 0.0549129 -0.191406
FixedParameters: 0 0 0

#Transform 107
Transform: AffineTransform_float_3_3
Parameters: 0.999999 0.00150682 -0.000444966 -0.00150629 0.999999 0.00106186 0.000447296 -0.00106088 0.999999 -0.0191681 -0.00139459 -0.219476
FixedParameters: 0 0 0

#Transform 108
Transform: AffineTransform_float_3_3
Parameters: 0.999999 0.00150998 -0.000431757 -0.00150963 0.999996 0.00200533 0.000435158 -0.00200483 0.999998 -0.02088 0.0246181 -0.199278
FixedParameters: 0 0 0

#Transform 109
Transform: AffineTransform_float_3_3
Parameters: 0.999998 0.00155808 -0.000359389 -0.00155836 0.999999 0.000904748 0.000360479 -0.000903975 1 -0.0229965 0.0811215 -0.203218
FixedParameters: 0 0 0

#Transform 110
Transform: AffineTransform_float_3_3
Parameters: 0.999998 0.00161149 -0.000481509 -0.00161042 0.999999 0.000657784 0.000482245 -0.000657447 0.999999 -0.0238318 0.0272558 -0.202044
FixedParameters: 0 0 0

#Transform 111
Transform: AffineTransform_float_3_3
Parameters: 0.999998 0.00171286 -0.000840037 -0.00171251 0.999998 0.000511574 0.000840913 -0.000510425 1 -0.0182278 -0.0232815 -0.180413
FixedParameters: 0 0 0

#Transform 112
Transform: AffineTransform_float_3_3
Parameters: 0.999998 0.00187447 -0.000706951 -0.00187297 0.999998 0.00111637 0.000708889 -0.00111491 0.999999 -0.0209391 0.0354141 -0.191095
FixedParameters: 0 0 0

#Transform 113
Transform: AffineTransform_float_3_3
Parameters: 0.999998 0.00187686 -0.000853166 -0.00187604 0.999997 0.000782742 0.000855227 -0.000781267 0.999999 -0.0237565 0.0163159 -0.188317
FixedParameters: 0 0 0

#Transform 114
Transform: AffineTransform_float_3_3
Parameters: 0.999998 0.00190113 -0.0007894 -0.00190057 0.999998 0.000664635 0.000791081 -0.000662879 0.999999 -0.0195947 0.0297682 -0.190031
FixedParameters: 0 0 0

#Transform 115
Transform: AffineTransform_float_3_3
Parameters: 0.999998 0.00212546 -0.000860877 -0.00212522 0.999997 0.0010181 0.000862636 -0.00101564 0.999999 -0.0276258 0.0230498 -0.167753
FixedParameters: 0 0 0

#Transform 116
Transform: AffineTransform_float_3_3
Parameters: 0.999998 0.00203607 -0.000867613 -0.00203548 0.999998 0.00091566 0.000869635 -0.00091335 0.999999 -0.0240622 0.0310111 -0.183663
FixedParameters: 0 0 0

#Transform 117
Transform: AffineTransform_float_3_3
Parameters: 0.999997 0.00182822 -0.00124151 -0.00182686 0.999998 0.000932605 0.00124314 -0.000930647 0.999998 -0.016992 -0.0164746 -0.180976
FixedParameters: 0 0 0

#Transform 118
Transform: AffineTransform_float_3_3
Parameters: 0.999997 0.002139 -0.00129169 -0.00213651 0.999995 0.00220967 0.00129719 -0.00220804 0.999997 -0.0286682 0.0320856 -0.124419
FixedParameters: 0 0 0

#Transform 119
Transform: AffineTransform_float_3_3
Parameters: 0.999997 0.00214754 -0.00122758 -0.00214509 0.999996 0.00198013 0.00123169 -0.00197737 0.999997 -0.0249301 0.0472761 -0.1421
FixedParameters: 0 0 0

#Transform 120
Transform: AffineTransform_float_3_3
Parameters: 0.999997 0.00234632 -0.00125067 -0.00234429 0.999996 0.00197755 0.00125468 -0.00197505 0.999997 -0.0314334 0.0362593 -0.125532
FixedParameters: 0 0 0

#Transform 121
Transform: AffineTransform_float_3_3
Parameters: 0.999996 0.00231 -0.00147844 -0.00230676 0.999996 0.00191689 0.00148285 -0.00191393 0.999998 -0.0261285 0.0116493 -0.109807
FixedParameters: 0 0 0

#Transform 122
Transform: AffineTransform_float_3_3
Parameters: 0.999997 0.0024166 -0.00127861 -0.0024138 0.999995 0.00203961 0.00128407 -0.00203681 0.999997 -0.0337241 0.0353067 -0.125772
FixedParameters: 0 0 0

#Transform 123
Transform: AffineTransform_float_3_3
Parameters: 0.999996 0.00235864 -0.0015037 -0.00235508 0.999996 0.00198692 0.00150866 -0.00198321 0.999997 -0.0309924 0.0060961 -0.0975046
FixedParameters: 0 0 0

#Transform 124
Transform: AffineTransform_float_3_3
Parameters: 0.999996 0.0023601 -0.00150061 -0.00235682 0.999995 0.00206885 0.0015051 -0.00206513 0.999996 -0.0258719 0.017733 -0.114097
FixedParameters: 0 0 0

#Transform 125
Transform: AffineTransform_float_3_3
Parameters: 0.999996 0.00260649 -0.00157507 -0.0026035 0.999995 0.00203955 0.00157956 -0.00203556 0.999997 -0.031816 0.0261501 -0.0968762
FixedParameters: 0 0 0

#Transform 126
Transform: AffineTransform_float_3_3
Parameters: 0.999995 0.00259823 -0.0016447 -0.00259547 0.999995 0.00198827 0.00165026 -0.00198399 0.999997 -0.0278964 0.00200605 -0.0951369
FixedParameters: 0 0 0

#Transform 127
Transform: AffineTransform_float_3_3
Parameters: 0.999993 0.00306657 -0.00181631 -0.00306298 0.999993 0.00207562 0.00182203 -0.00206955 0.999996 -0.0308464 0.0445941 -0.129216
FixedParameters: 0 0 0

#Transform 128
Transform: AffineTransform_float_3_3
Parameters: 0.999993 0.00303269 -0.00182008 -0.00302873 0.999993 0.00216016 0.0018261 -0.00215554 0.999996 -0.0352914 0.0250858 -0.0910322
FixedParameters: 0 0 0

#Transform 129
Transform: AffineTransform_float_3_3
Parameters: 0.999994 0.00306677 -0.00193274 -0.00306305 0.999994 0.00174181 0.00193816 -0.00173507 0.999997 -0.0322427 0.0290893 -0.119192
FixedParameters: 0 0 0

#Transform 130
Transform: AffineTransform_float_3_3
Parameters: 0.999993 0.00315863 -0.00196929 -0.00315518 0.999993 0.00209775 0.00197602 -0.00209128 0.999995 -0.0297036 0.0506504 -0.11755
FixedParameters: 0 0 0

#Transform 131
Transform: AffineTransform_float_3_3
Parameters: 0.999992 0.00331212 -0.00220141 -0.00330773 0.999992 0.00209634 0.00220874 -0.00208908 0.999995 -0.0328579 0.0269975 -0.113715
FixedParameters: 0 0 0

#Transform 132
Transform: AffineTransform_float_3_3
Parameters: 0.999992 0.00344783 -0.00231027 -0.00344285 0.999992 0.00205117 0.00231647 -0.00204339 0.999995 -0.0326724 0.0273987 -0.135082
FixedParameters: 0 0 0

#Transform 133
Transform: AffineTransform_float_3_3
Parameters: 0.99999 0.00365619 -0.0022591 -0.00365086 0.999991 0.00215992 0.00226691 -0.00215243 0.999995 -0.0387614 0.00629341 -0.0965092
FixedParameters: 0 0 0

#Transform 134
Transform: AffineTransform_float_3_3
Parameters: 0.999991 0.00367801 -0.0024214 -0.00367227 0.999991 0.00212117 0.00242902 -0.00211286 0.999995 -0.0337405 0.0329431 -0.135478
FixedParameters: 0 0 0

#Transform 135
Transform: AffineTransform_float_3_3
Parameters: 0.999989 0.00387189 -0.0025828 -0.00386531 0.99999 0.00242737 0.00259102 -0.00241721 0.999994 -0.0357868 0.0194589 -0.109176
FixedParameters: 0 0 0

#Transform 136
Transform: AffineTransform_float_3_3
Parameters: 0.999988 0.00396111 -0.002627 -0.00395514 0.99999 0.0023388 0.00263631 -0.00232787 0.999994 -0.0342025 -0.00200298 -0.09469
FixedParameters: 0 0 0

#Transform 137
Transform: AffineTransform_float_3_3
Parameters: 0.999988 0.00406184 -0.00263514 -0.00405592 0.999989 0.00234 0.00264493 -0.00232896 0.999994 -0.035005 0.0273375 -0.112055
FixedParameters: 0 0 0

#Transform 138
Transform: AffineTransform_float_3_3
Parameters: 0.999989 0.00405016 -0.00265482 -0.00404364 0.999989 0.00236571 0.00266343 -0.00235403 0.999993 -0.0374698 0.0175018 -0.0932146
FixedParameters: 0 0 0

#Transform 139
Transform: AffineTransform_float_3_3
Parameters: 0.999988 0.0041248 -0.00278352 -0.00411894 0.999989 0.00220499 0.00279249 -0.00219415 0.999993 -0.0370088 0.00845803 -0.105333
FixedParameters: 0 0 0

#Transform 140
Transform: AffineTransform_float_3_3
Parameters: 0.999987 0.00411825 -0.00279341 -0.00411174 0.999989 0.00239208 0.002803 -0.00238029 0.999993 -0.0459296 0.0233128 -0.117465
FixedParameters: 0 0 0

#Transform 141
Transform: AffineTransform_float_3_3
Parameters: 0.999988 0.00410566 -0.00281547 -0.00409916 0.999989 0.00229203 0.00282506 -0.00228016 0.999994 -0.0396794 0.0176362 -0.0975738
FixedParameters: 0 0 0

#Transform 142
Transform: AffineTransform_float_3_3
Parameters: 0.999987 0.00412848 -0.00277673 -0.00412211 0.999989 0.00229019 0.00278639 -0.00227851 0.999994 -0.0387531 0.0218899 -0.115516
FixedParameters: 0 0 0

#Transform 143
Transform: AffineTransform_float_3_3
Parameters: 0.999987 0.00434322 -0.00264918 -0.00433709 0.999988 0.00244141 0.00266032 -0.00242952 0.999993 -0.0466044 0.0285672 -0.109361
FixedParameters: 0 0 0

#Transform 144
Transform: AffineTransform_float_3_3
Parameters: 0.999988 0.00406462 -0.00288522 -0.00405865 0.99999 0.00229532 0.00289516 -0.00228314 0.999993 -0.0460101 0.00363989 -0.0853569
FixedParameters: 0 0 0

#Transform 145
Transform: AffineTransform_float_3_3
Parameters: 0.999986 0.00434673 -0.00281005 -0.00433934 0.999988 0.00228788 0.00282019 -0.00227505 0.999994 -0.044002 0.0232543 -0.10612
FixedParameters: 0 0 0

#Transform 146
Transform: AffineTransform_float_3_3
Parameters: 0.999987 0.00420387 -0.002898 -0.00419656 0.999988 0.00244467 0.00290843 -0.0024324 0.999993 -0.0449596 0.0268849 -0.082103
FixedParameters: 0 0 0

#Transform 147
Transform: AffineTransform_float_3_3
Parameters: 0.999987 0.00432148 -0.0029049 -0.00431391 0.999988 0.00248197 0.00291621 -0.00246983 0.999993 -0.0373824 0.00816674 -0.100577
FixedParameters: 0 0 0

#Transform 148
Transform: AffineTransform_float_3_3
Parameters: 0.999986 0.00437636 -0.00292548 -0.0043688 0.999987 0.00255211 0.00293681 -0.00253945 0.999992 -0.0457681 0.0206971 -0.104781
FixedParameters: 0 0 0

#Transform 149
Transform: AffineTransform_float_3_3
Parameters: 0.999986 0.00430404 -0.00287304 -0.00429673 0.999988 0.00254099 0.00288388 -0.0025292 0.999993 -0.0440695 -0.00582743 -0.0819498
FixedParameters: 0 0 0

#Transform 150
Transform: AffineTransform_float_3_3
Parameters: 0.999986 0.0045512 -0.00275705 -0.00454309 0.999986 0.00272497 0.00276947 -0.00271227 0.999993 -0.0519306 0.0127306 -0.0851793
FixedParameters: 0 0 0

#Transform 151
Transform: AffineTransform_float_3_3
Parameters: 0.999987 0.00403568 -0.00306038 -0.00402416 0.999985 0.00360932 0.00307455 -0.0035967 0.999989 -0.0460507 -0.0538464 -0.182756
FixedParameters: 0 0 0

#Transform 152
Transform: AffineTransform_float_3_3
Parameters: 0.999987 0.00389385 -0.00320778 -0.00387764 0.999979 0.00526169 0.00322864 -0.0052492 0.999981 -0.0328445 0.0327052 -0.243972
FixedParameters: 0 0 0

#Transform 153
Transform: AffineTransform_float_3_3
Parameters: 0.999987 0.00384645 -0.00330763 -0.00382551 0.999973 0.00619832 0.00333203 -0.00618579 0.999975 -0.039796 0.043609 -0.190233
FixedParameters: 0 0 0

#Transform 154
Transform: AffineTransform_float_3_3
Parameters: 0.999985 0.00413789 -0.00364216 -0.00411872 0.999977 0.00531534 0.00366475 -0.00530041 0.999979 -0.0428792 0.045145 -0.15172
FixedParameters: 0 0 0

#Transform 155
Transform: AffineTransform_float_3_3
Parameters: 0.999984 0.00417446 -0.00358324 -0.0041585 0.999981 0.00464169 0.00360279 -0.00462653 0.999983 -0.0514824 0.0272993 -0.127533
FixedParameters: 0 0 0

#Transform 156
Transform: AffineTransform_float_3_3
Parameters: 0.999985 0.00426641 -0.00342738 -0.00425217 0.999981 0.00441089 0.00344624 -0.00439591 0.999984 -0.0557961 -0.00580339 -0.127636
FixedParameters: 0 0 0

#Transform 157
Transform: AffineTransform_float_3_3
Parameters: 0.999986 0.00389936 -0.00348695 -0.00387759 0.999974 0.00619567 0.00351161 -0.00618141 0.999975 -0.0514321 -0.0738783 -0.0933482
FixedParameters: 0 0 0

#Transform 158
Transform: AffineTransform_float_3_3
Parameters: 0.999986 0.00407523 -0.00343528 -0.00405436 0.999975 0.00585723 0.00345928 -0.00584387 0.999977 -0.0513667 0.0295213 -0.112279
FixedParameters: 0 0 0

#Transform 159
Transform: AffineTransform_float_3_3
Parameters: 0.999986 0.00405762 -0.00345432 -0.00403793 0.999976 0.00571451 0.00347836 -0.00570029 0.999978 -0.0535148 -0.00973656 -0.111559
FixedParameters: 0 0 0

#Transform 160
Transform: AffineTransform_float_3_3
Parameters: 0.999985 0.00430519 -0.00335415 -0.00428702 0.999975 0.00560459 0.00337874 -0.00558985 0.999979 -0.0528168 0.019141 -0.114126
FixedParameters: 0 0 0

#Transform 161
Transform: AffineTransform_float_3_3
Parameters: 0.999984 0.0041929 -0.00354676 -0.00417375 0.999976 0.00556485 0.00357023 -0.00554978 0.999978 -0.0488609 0.00701222 -0.0980547
FixedParameters: 0 0 0

#Transform 162
Transform: AffineTransform_float_3_3
Parameters: 0.999984 0.00442842 -0.00350318 -0.00440915 0.999976 0.00541332 0.00352697 -0.00539729 0.999979 -0.048286 0.023578 -0.0990907
FixedParameters: 0 0 0

#Transform 163
Transform: AffineTransform_float_3_3
Parameters: 0.999983 0.00434029 -0.00365987 -0.00431997 0.999976 0.00544494 0.00368345 -0.00542869 0.999978 -0.0492299 0.0174663 -0.0752259
FixedParameters: 0 0 0

#Transform 164
Transform: AffineTransform_float_3_3
Parameters: 0.999984 0.00447527 -0.00348645 -0.00445467 0.999974 0.00575238 0.00351198 -0.00573612 0.999977 -0.0513645 -0.00502755 -0.0901352
FixedParameters: 0 0 0

#Transform 165
Transform: AffineTransform_float_3_3
Parameters: 0.999984 0.0043915 -0.00365966 -0.00436981 0.999974 0.00576058 0.0036848 -0.00574391 0.999977 -0.0524665 0.0184831 -0.0785229
FixedParameters: 0 0 0

#Transform 166
Transform: AffineTransform_float_3_3
Parameters: 0.999982 0.00461346 -0.00374022 -0.00459217 0.999973 0.0056553 0.00376604 -0.00563846 0.999977 -0.0421288 0.0273454 -0.0883846
FixedParameters: 0 0 0

#Transform 167
Transform: AffineTransform_float_3_3
Parameters: 0.999982 0.00465193 -0.00372139 -0.00463049 0.999973 0.00575891 0.00374774 -0.00574145 0.999977 -0.0525447 0.0148556 -0.0760645
FixedParameters: 0 0 0

#Transform 168
Transform: AffineTransform_float_3_3
Parameters: 0.999985 0.00437729 -0.00338773 -0.00435381 0.999966 0.00690118 0.00341867 -0.00688552 0.99997 -0.0408225 -0.000991315 -0.207818
FixedParameters: 0 0 0

#Transform 169
Transform: AffineTransform_float_3_3
Parameters: 0.999987 0.00390129 -0.0034057 -0.00387491 0.999962 0.0078169 0.00343589 -0.0078031 0.999964 -0.042348 0.0160462 -0.227326
FixedParameters: 0 0 0

#Transform 170
Transform: AffineTransform_float_3_3
Parameters: 0.999993 0.00340852 -0.0016625 -0.00339243 0.999949 0.00954541 0.00169538 -0.00954018 0.999953 -0.0108393 0.111728 -0.255224
FixedParameters: 0 0 0

#Transform 171
Transform: AffineTransform_float_3_3
Parameters: 0.999993 0.00377476 -2.79094e-05 -0.00377429 0.999969 0.00683031 5.43731e-05 -0.00683023 0.999977 -0.0733144 -0.117475 -0.221477
FixedParameters: 0 0 0

#Transform 172
Transform: AffineTransform_float_3_3
Parameters: 0.999997 0.00214624 -0.000221368 -0.00214591 0.999997 0.00101501 0.00022355 -0.0010139 0.999999 -0.0147098 0.0833985 -0.406378
FixedParameters: 0 0 0

#Transform 173
Transform: AffineTransform_float_3_3
Parameters: 0.999997 0.00240631 -0.00120616 -0.002404 0.999996 0.00194669 0.00121116 -0.00194379 0.999997 -0.0183447 0.0895155 -0.35651
FixedParameters: 0 0 0

#Transform 174
Transform: AffineTransform_float_3_3
Parameters: 0.999995 0.00252608 -0.00156865 -0.00252403 0.999996 0.00112316 0.00157167 -0.00111867 0.999998 -0.0200931 0.0377719 -0.309547
FixedParameters: 0 0 0

#Transform 175
Transform: AffineTransform_float_3_3
Parameters: 0.999996 0.00224758 -0.00129335 -0.00224673 0.999997 0.000530877 0.00129484 -0.000527667 0.999999 -0.0208304 0.0148993 -0.28992
FixedParameters: 0 0 0

#Transform 176
Transform: AffineTransform_float_3_3
Parameters: 0.999997 0.00176601 -0.00137597 -0.00176962 0.999995 -0.00285958 0.00137032 0.00286172 0.999995 0.00826628 0.0311619 -0.322726
FixedParameters: 0 0 0

#Transform 177
Transform: AffineTransform_float_3_3
Parameters: 0.999998 0.0012615 -0.00146293 -0.00126617 0.999995 -0.00284808 0.00145935 0.00284947 0.999995 0.016391 -0.0611964 -0.280214
FixedParameters: 0 0 0

#Transform 178
Transform: AffineTransform_float_3_3
Parameters: 0.999998 0.00130811 -0.00186992 -0.00131266 0.999997 -0.00225039 0.00186634 0.00225303 0.999995 0.0170145 0.0208621 -0.242923
FixedParameters: 0 0 0

#Transform 179
Transform: AffineTransform_float_3_3
Parameters: 0.999998 0.00118767 -0.0015836 -0.00119199 0.999996 -0.0023137 0.00158092 0.00231606 0.999996 0.0164739 0.0785675 -0.259276
FixedParameters: 0 0 0

#Transform 180
Transform: AffineTransform_float_3_3
Parameters: 0.999998 0.00113596 -0.00167121 -0.00113957 0.999996 -0.00240398 0.00166885 0.00240502 0.999996 0.0161182 0.0536242 -0.223567
FixedParameters: 0 0 0

#Transform 181
Transform: AffineTransform_float_3_3
Parameters: 0.999998 0.000989151 -0.00126333 -0.000992417 0.999996 -0.00252079 0.00126116 0.00252236 0.999995 0.00921934 0.0599478 -0.325666
FixedParameters: 0 0 0

#Transform 182
Transform: AffineTransform_float_3_3
Parameters: 0.999998 0.000917599 -0.00145634 -0.000919869 0.999998 -0.00193197 0.00145425 0.00193329 0.999997 0.0130781 -0.00936497 -0.330439
FixedParameters: 0 0 0

#Transform 183
Transform: AffineTransform_float_3_3
Parameters: 0.999998 0.000996805 -0.00144333 -0.000999343 0.999998 -0.00206618 0.00144062 0.00206683 0.999997 0.014835 0.0596251 -0.317318
FixedParameters: 0 0 0

#Transform 184
Transform: AffineTransform_float_3_3
Parameters: 0.999998 0.000918091 -0.00140569 -0.000921525 0.999997 -0.00211154 0.00140378 0.00211361 0.999997 0.0108457 0.0559642 -0.29935
FixedParameters: 0 0 0

#Transform 185
Transform: AffineTransform_float_3_3
Parameters: 0.999998 0.000828127 -0.00148991 -0.000832009 0.999996 -0.00264073 0.00148775 0.00264134 0.999996 0.0202857 0.00501815 -0.318369
FixedParameters: 0 0 0

#Transform 186
Transform: AffineTransform_float_3_3
Parameters: 0.999998 0.00110403 -0.00177065 -0.00110796 0.999997 -0.00219955 0.0017681 0.00220208 0.999996 0.0101951 -0.00102846 -0.266059
FixedParameters: 0 0 0

#Transform 187
Transform: AffineTransform_float_3_3
Parameters: 0.999998 0.00106686 -0.00169218 -0.00107093 0.999996 -0.00250984 0.00168993 0.00251157 0.999996 0.0119286 0.0891321 -0.290663
FixedParameters: 0 0 0

#Transform 188
Transform: AffineTransform_float_3_3
Parameters: 0.999998 0.00102029 -0.00165839 -0.00102333 0.999998 -0.0020843 0.00165645 0.00208631 0.999997 0.00661841 -0.00936408 -0.312796
FixedParameters: 0 0 0

#Transform 189
Transform: AffineTransform_float_3_3
Parameters: 0.999998 0.000821606 -0.00217669 -0.000825626 0.999998 -0.00165604 0.00217546 0.00165778 0.999996 -0.000811832 0.00651566 -0.255915
FixedParameters: 0 0 0
