#Insight Transform File V1.0
#Transform 0
Transform: AffineTransform_float_3_3
Parameters: 0.999999 -0.00114317 -0.00110297 0.00114161 0.999997 -0.00206023 0.00110475 0.00205875 0.999997 0.027245 -0.0339228 0.0436464
FixedParameters: 0 0 0

#Transform 1
Transform: AffineTransform_float_3_3
Parameters: 0.999999 -0.000743681 -0.00123627 0.00074019 0.999995 -0.00288076 0.0012384 0.00287994 0.999995 0.0188424 0.0706259 0.0248645
FixedParameters: 0 0 0

#Transform 2
Transform: AffineTransform_float_3_3
Parameters: 0.999999 -0.000283953 -0.00183556 0.000280904 0.999998 -0.00203646 0.00183637 0.00203679 0.999996 0.0169945 0.00100249 0.0866792
FixedParameters: 0 0 0

#Transform 3
Transform: AffineTransform_float_3_3
Parameters: 0.999999 -0.000436404 -0.00136476 0.000434035 0.999998 -0.00170033 0.00136601 0.00169871 0.999998 0.00760163 -0.0675275 0.0993597
FixedParameters: 0 0 0

#Transform 4
Transform: AffineTransform_float_3_3
Parameters: 0.999999 0.000123371 -0.00129782 -0.000125746 0.999998 -0.00179088 0.00129714 0.00179077 0.999998 0.00600483 0.0214462 0.0624159
FixedParameters: 0 0 0

#Transform 5
Transform: AffineTransform_float_3_3
Parameters: 0.999999 0.000218861 -0.00139536 -0.000221838 0.999998 -0.00208849 0.00139503 0.00208866 0.999997 0.00649469 0.0288194 0.0496703
FixedParameters: 0 0 0

#Transform 6
Transform: AffineTransform_float_3_3
Parameters: 1 -0.000699202 -0.00106102 0.000697842 0.999998 -0.00188571 0.00106209 0.0018852 0.999998 0.0273937 -0.0513056 0.0480217
FixedParameters: 0 0 0

#Transform 7
Transform: AffineTransform_float_3_3
Parameters: 1 -0.000781902 -0.000923005 0.000780844 0.999999 -0.00103762 0.000924117 0.00103621 0.999999 0.0127312 -0.0489084 0.114942
FixedParameters: 0 0 0

#Transform 8
Transform: AffineTransform_float_3_3
Parameters: 0.999999 -0.0001691 -0.00104846 0.000168435 1 -0.00116882 0.0010478 0.00116854 0.999999 0.00607515 0.112131 0.00787746
FixedParameters: 0 0 0

#Transform 9
Transform: AffineTransform_float_3_3
Parameters: 0.999999 -3.73365e-05 -0.00125159 3.54814e-05 0.999999 -0.00107598 0.00125112 0.00107545 0.999999 0.00798688 0.0643568 0.0260209
FixedParameters: 0 0 0

#Transform 10
Transform: AffineTransform_float_3_3
Parameters: 0.999999 -4.09298e-05 -0.00103032 3.9882e-05 0.999999 -0.00164492 0.00103018 0.00164441 0.999999 0.00548125 0.0320284 0.0298939
FixedParameters: 0 0 0

#Transform 11
Transform: AffineTransform_float_3_3
Parameters: 1 -0.000527586 -0.00101655 0.000526783 1 6.00714e-05 0.00101703 -6.03022e-05 1 0.00392683 -0.0202011 0.0690182
FixedParameters: 0 0 0

#Transform 12
Transform: AffineTransform_float_3_3
Parameters: 0.999999 0.00012253 -0.000982447 -0.00012227 1 0.000142797 0.000982449 -0.000143037 0.999999 -0.0013571 -0.0270334 0.085057
FixedParameters: 0 0 0

#Transform 13
Transform: AffineTransform_float_3_3
Parameters: 0.999999 -0.000349752 -0.00105311 0.000349074 0.999999 -0.000970738 0.00105414 0.000970893 0.999999 0.00222352 -0.0611897 0.0554589
FixedParameters: 0 0 0

#Transform 14
Transform: AffineTransform_float_3_3
Parameters: 1 -4.75065e-05 -0.000665129 4.72705e-05 1 -0.000177437 0.000665145 0.000177374 1 0.00216358 -0.0684014 0.117084
FixedParameters: 0 0 0

#Transform 15
Transform: AffineTransform_float_3_3
Parameters: 1 0.000465507 -0.000896282 -0.000466434 0.999999 -0.00127993 0.000895441 0.00128078 0.999999 -0.000902691 0.0569544 0.0405202
FixedParameters: 0 0 0

#Transform 16
Transform: AffineTransform_float_3_3
Parameters: 0.999999 -0.00083128 -0.0009943 0.000832543 1 0.000659151 0.000993277 -0.000659449 0.999999 0.0129783 -0.0682865 0.0413348
FixedParameters: 0 0 0

#Transform 17
Transform: AffineTransform_float_3_3
Parameters: 1 0.000199043 -0.000679005 -0.000200145 1 -0.000862146 0.000678622 0.000862418 1 0.000645508 0.0928833 0.0109797
FixedParameters: 0 0 0

#Transform 18
Transform: AffineTransform_float_3_3
Parameters: 0.999999 0.000106449 -0.000737123 -0.000107427 0.999999 -0.00104128 0.000737688 0.00104094 1 0.00821452 0.0438279 0.0156431
FixedParameters: 0 0 0

#Transform 19
Transform: AffineTransform_float_3_3
Parameters: 0.999999 0.000700573 -0.000396467 -0.000700889 0.999999 0.000244413 0.00039595 -0.000243838 1 0.00691532 0.0544509 0.0293056
FixedParameters: 0 0 0

#Transform 20
Transform: AffineTransform_float_3_3
Parameters: 0.999999 0.000620152 0.000378335 -0.000620777 1 0.000855566 -0.000377239 -0.000854677 0.999999 -0.00280187 -0.0174601 -0.018894
FixedParameters: 0 0 0

#Transform 21
Transform: AffineTransform_float_3_3
Parameters: 1 0.00031015 -9.48197e-06 -0.000310143 1 0.000346559 9.69694e-06 -0.000346553 1 0.00156203 -0.0286665 0.0775905
FixedParameters: 0 0 0

#Transform 22
Transform: AffineTransform_float_3_3
Parameters: 1 0.000628526 -0.000187048 -0.000628572 1 0.00105312 0.000187473 -0.00105287 1 0.000954498 0.0049923 0.0207928
FixedParameters: 0 0 0

#Transform 23
Transform: AffineTransform_float_3_3
Parameters: 1 0.000398066 -8.27731e-05 -0.000398515 1 0.000364395 8.22035e-05 -0.00036431 1 0.000560216 -0.0234694 0.0817736
FixedParameters: 0 0 0

#Transform 24
Transform: AffineTransform_float_3_3
Parameters: 1 0.000376377 0.000422079 -0.000376319 0.999999 0.000949232 -0.000421871 -0.000948639 1 -0.00698803 0.00199964 0.0479053
FixedParameters: 0 0 0

#Transform 25
Transform: AffineTransform_float_3_3
Parameters: 0.999998 0.00164955 0.000111388 -0.00164958 0.999998 0.000235358 -0.000110578 -0.000236121 1 -0.00289347 0.0831662 0.045906
FixedParameters: 0 0 0

#Transform 26
Transform: AffineTransform_float_3_3
Parameters: 0.999999 0.000955001 0.000281196 -0.00095519 0.999999 0.000373524 -0.000280449 -0.000373581 0.999999 -0.0060356 -0.012077 0.0826219
FixedParameters: 0 0 0

#Transform 27
Transform: AffineTransform_float_3_3
Parameters: 0.999999 0.000880298 0.000336275 -0.000880706 0.999999 0.000607509 -0.000335205 -0.0006081 1 -0.0107613 -0.00115419 0.0949694
FixedParameters: 0 0 0

#Transform 28
Transform: AffineTransform_float_3_3
Parameters: 0.999999 0.000299165 0.000981016 -0.000299969 0.999999 0.000836594 -0.000981055 -0.000836751 1 0.00378001 -0.0761333 0.0468475
FixedParameters: 0 0 0

#Transform 29
Transform: AffineTransform_float_3_3
Parameters: 1 -0.000344855 0.00061874 0.000343954 0.999998 0.00194221 -0.000619804 -0.00194176 0.999998 -0.00341251 0.0599082 -0.00979495
FixedParameters: 0 0 0

#Transform 30
Transform: AffineTransform_float_3_3
Parameters: 0.999999 0.00124052 3.09353e-05 -0.0012403 0.999992 -0.00392275 -3.5943e-05 0.00392298 0.999992 -0.0391605 0.180816 0.0374792
FixedParameters: 0 0 0

#Transform 31
Transform: AffineTransform_float_3_3
Parameters: 0.999999 0.000729675 -0.000244528 -0.000728927 1 0.000678466 0.00024411 -0.000678931 1 -0.0187996 0.0445394 0.158109
FixedParameters: 0 0 0

#Transform 32
Transform: AffineTransform_float_3_3
Parameters: 1 0.000563204 0.0003231 -0.000562858 0.999999 0.00079341 -0.000322714 -0.000793739 0.999999 -0.0257974 0.0390517 0.176046
FixedParameters: 0 0 0

#Transform 33
Transform: AffineTransform_float_3_3
Parameters: 0.999999 0.000809776 0.000330381 -0.000810108 0.999999 0.00113454 -0.000329949 -0.00113502 1 -0.0246984 -0.0136309 0.147424
FixedParameters: 0 0 0

#Transform 34
Transform: AffineTransform_float_3_3
Parameters: 0.999999 0.000849147 0.000387664 -0.00084971 0.999999 0.00129161 -0.000386842 -0.00129174 0.999999 -0.026291 -0.0166407 0.148618
FixedParameters: 0 0 0

#Transform 35
Transform: AffineTransform_float_3_3
Parameters: 1 0.000990252 0.000606192 -0.000991793 0.999999 0.00163438 -0.000604325 -0.00163504 0.999998 -0.022656 -0.0248943 0.107942
FixedParameters: 0 0 0

#Transform 36
Transform: AffineTransform_float_3_3
Parameters: 1 0.000818685 0.000862748 -0.000821204 0.999998 0.00170211 -0.000861363 -0.00170347 0.999998 -0.0251864 -0.0414248 0.148542
FixedParameters: 0 0 0

#Transform 37
Transform: AffineTransform_float_3_3
Parameters: 0.999999 0.00088587 0.000979844 -0.000888623 0.999996 0.00253075 -0.000977813 -0.00253148 0.999996 -0.0347931 0.0578531 0.0927322
FixedParameters: 0 0 0

#Transform 38
Transform: AffineTransform_float_3_3
Parameters: 0.999999 0.00105943 0.000988346 -0.00106199 0.999996 0.00241282 -0.000985687 -0.00241391 0.999997 -0.0364536 0.0332681 0.109759
FixedParameters: 0 0 0

#Transform 39
Transform: AffineTransform_float_3_3
Parameters: 1 0.000733511 0.000719393 -0.000735988 0.999998 0.00201455 -0.000717838 -0.00201467 0.999998 -0.0206513 0.00380957 0.114036
FixedParameters: 0 0 0

#Transform 40
Transform: AffineTransform_float_3_3
Parameters: 0.999999 0.00107009 0.000918865 -0.00107276 0.999996 0.00270304 -0.000915538 -0.00270352 0.999996 -0.0249087 0.0543425 0.0974971
FixedParameters: 0 0 0

#Transform 41
Transform: AffineTransform_float_3_3
Parameters: 0.999999 0.000941115 0.00107461 -0.000944774 0.999996 0.00277221 -0.00107184 -0.00277275 0.999995 -0.0465407 0.0425259 0.0962025
FixedParameters: 0 0 0

#Transform 42
Transform: AffineTransform_float_3_3
Parameters: 0.999999 0.00117112 0.000930316 -0.00117413 0.999996 0.00257903 -0.000927593 -0.00258058 0.999996 -0.0341531 0.0241439 0.121548
FixedParameters: 0 0 0

#Transform 43
Transform: AffineTransform_float_3_3
Parameters: 0.999999 0.00089984 0.00100241 -0.000902986 0.999997 0.00224099 -0.00100032 -0.0022427 0.999997 -0.0232293 -0.0188317 0.148472
FixedParameters: 0 0 0

#Transform 44
Transform: AffineTransform_float_3_3
Parameters: 0.999999 0.00115302 0.00094097 -0.00115609 0.999996 0.00257902 -0.00093834 -0.00258056 0.999996 -0.0263412 0.0341227 0.147335
FixedParameters: 0 0 0

#Transform 45
Transform: AffineTransform_float_3_3
Parameters: 0.999999 0.000974434 0.00112925 -0.000977407 0.999997 0.00229248 -0.00112724 -0.00229368 0.999997 -0.0278744 -0.00246801 0.137569
FixedParameters: 0 0 0

#Transform 46
Transform: AffineTransform_float_3_3
Parameters: 1 0.000800728 0.00083356 -0.000802866 0.999997 0.00204923 -0.000832187 -0.0020496 0.999998 -0.0258519 -0.00196104 0.205905
FixedParameters: 0 0 0

#Transform 47
Transform: AffineTransform_float_3_3
Parameters: 0.999999 0.00108965 0.000990119 -0.0010935 0.999995 0.00283547 -0.000987287 -0.0028366 0.999996 -0.0366475 0.0731616 0.135503
FixedParameters: 0 0 0

#Transform 48
Transform: AffineTransform_float_3_3
Parameters: 0.999999 0.0009404 0.00107323 -0.000943969 0.999996 0.00273325 -0.00107054 -0.00273378 0.999996 -0.0393354 0.0364287 0.129162
FixedParameters: 0 0 0

#Transform 49
Transform: AffineTransform_float_3_3
Parameters: 0.999999 0.00107114 0.00101072 -0.00107457 0.999995 0.00304504 -0.00100806 -0.00304567 0.999995 -0.0405262 0.0343372 0.150506
FixedParameters: 0 0 0

#Transform 50
Transform: AffineTransform_float_3_3
Parameters: 0.999999 0.00116459 0.000963179 -0.00116805 0.999994 0.00320495 -0.000959575 -0.00320565 0.999994 -0.0352623 0.0265045 0.156524
FixedParameters: 0 0 0

#Transform 51
Transform: AffineTransform_float_3_3
Parameters: 0.999999 0.00102532 0.00111297 -0.00102836 0.999994 0.00319276 -0.00110997 -0.00319397 0.999994 -0.049842 0.00728253 0.205311
FixedParameters: 0 0 0

#Transform 52
Transform: AffineTransform_float_3_3
Parameters: 0.999999 0.000826399 0.00112897 -0.000829809 0.999996 0.00248668 -0.00112731 -0.00248755 0.999996 -0.0234899 -0.0475572 0.182758
FixedParameters: 0 0 0

#Transform 53
Transform: AffineTransform_float_3_3
Parameters: 0.999999 0.000936701 0.00106619 -0.000939875 0.999996 0.00253341 -0.00106386 -0.00253393 0.999996 -0.0278373 0.0150152 0.213596
FixedParameters: 0 0 0

#Transform 54
Transform: AffineTransform_float_3_3
Parameters: 0.999999 0.000996404 0.00117044 -0.00100072 0.999994 0.00321432 -0.00116706 -0.00321561 0.999994 -0.0435313 0.0898488 0.1591
FixedParameters: 0 0 0

#Transform 55
Transform: AffineTransform_float_3_3
Parameters: 0.999999 0.00117327 0.00108551 -0.00117662 0.999993 0.00344991 -0.00108099 -0.00345138 0.999994 -0.0279328 0.0522226 0.181637
FixedParameters: 0 0 0

#Transform 56
Transform: AffineTransform_float_3_3
Parameters: 0.999998 0.00125083 0.00111124 -0.00125499 0.999993 0.00353547 -0.00110687 -0.00353715 0.999994 -0.0281714 0.0285486 0.173288
FixedParameters: 0 0 0

#Transform 57
Transform: AffineTransform_float_3_3
Parameters: 0.999999 0.000949818 0.00109132 -0.000953697 0.999994 0.00324609 -0.00108818 -0.00324713 0.999994 -0.0303907 -0.00656005 0.195619
FixedParameters: 0 0 0

#Transform 58
Transform: AffineTransform_float_3_3
Parameters: 0.999999 0.000961241 0.00111316 -0.000965574 0.999992 0.0038656 -0.00110938 -0.00386667 0.999992 -0.0287628 0.0276169 0.175727
FixedParameters: 0 0 0

#Transform 59
Transform: AffineTransform_float_3_3
Parameters: 0.999999 0.0011027 0.00123022 -0.00110733 0.999991 0.0039764 -0.00122557 -0.00397752 0.999991 -0.0420942 -0.00631393 0.198616
FixedParameters: 0 0 0

#Transform 60
Transform: AffineTransform_float_3_3
Parameters: 0.999999 0.000906266 0.00101792 -0.000909973 0.999994 0.00344047 -0.00101473 -0.0034408 0.999993 -0.0328224 -0.0205901 0.253859
FixedParameters: 0 0 0

#Transform 61
Transform: AffineTransform_float_3_3
Parameters: 0.999999 0.00100144 0.0011826 -0.00100679 0.999991 0.0040965 -0.00117808 -0.0040978 0.999991 -0.044198 0.0600549 0.222428
FixedParameters: 0 0 0

#Transform 62
Transform: AffineTransform_float_3_3
Parameters: 0.999998 0.00112073 0.00124485 -0.00112548 0.99999 0.0043721 -0.00123979 -0.00437374 0.99999 -0.0456647 0.0516589 0.209178
FixedParameters: 0 0 0

#Transform 63
Transform: AffineTransform_float_3_3
Parameters: 0.999999 0.000891422 0.000993865 -0.000895553 0.999992 0.00376213 -0.000990265 -0.00376286 0.999993 -0.0386849 0.00767001 0.253354
FixedParameters: 0 0 0

#Transform 64
Transform: AffineTransform_float_3_3
Parameters: 0.999999 0.00120282 0.00110787 -0.00120763 0.99999 0.00433197 -0.00110251 -0.00433302 0.99999 -0.0402908 0.0539826 0.214783
FixedParameters: 0 0 0

#Transform 65
Transform: AffineTransform_float_3_3
Parameters: 0.999999 0.000922049 0.00104691 -0.000926993 0.999991 0.00399382 -0.00104269 -0.00399471 0.999992 -0.0399185 0.0263259 0.25237
FixedParameters: 0 0 0

#Transform 66
Transform: AffineTransform_float_3_3
Parameters: 0.999999 0.00101766 0.00110475 -0.00102262 0.99999 0.00440117 -0.00110089 -0.00440229 0.99999 -0.0454192 0.0641156 0.241136
FixedParameters: 0 0 0

#Transform 67
Transform: AffineTransform_float_3_3
Parameters: 0.999999 0.000955386 0.00110191 -0.000959858 0.999993 0.00354641 -0.00109824 -0.00354835 0.999993 -0.0458737 0.0197305 0.275144
FixedParameters: 0 0 0

#Transform 68
Transform: AffineTransform_float_3_3
Parameters: 0.999999 0.000885021 0.000982675 -0.000888927 0.999993 0.0036896 -0.000979254 -0.0036903 0.999993 -0.0333712 0.0164652 0.307474
FixedParameters: 0 0 0

#Transform 69
Transform: AffineTransform_float_3_3
Parameters: 0.999999 0.000963376 0.00111729 -0.000967978 0.999992 0.00398224 -0.00111324 -0.00398284 0.999991 -0.042722 0.0394966 0.256243
FixedParameters: 0 0 0

#Transform 70
Transform: AffineTransform_float_3_3
Parameters: 0.999999 0.000952795 0.00109698 -0.000956994 0.999994 0.00340696 -0.00109356 -0.00340801 0.999994 -0.0299906 -0.0166158 0.300529
FixedParameters: 0 0 0

#Transform 71
Transform: AffineTransform_float_3_3
Parameters: 0.999999 0.000964902 0.00112017 -0.000969664 0.999991 0.00406399 -0.00111602 -0.00406596 0.999991 -0.0403381 0.0760402 0.260658
FixedParameters: 0 0 0

#Transform 72
Transform: AffineTransform_float_3_3
Parameters: 0.999999 0.000964831 0.00112003 -0.000969561 0.999992 0.00405974 -0.00111585 -0.00406122 0.999991 -0.0401116 0.0399297 0.246944
FixedParameters: 0 0 0

#Transform 73
Transform: AffineTransform_float_3_3
Parameters: 0.999999 0.000968109 0.00112639 -0.000973315 0.99999 0.00424028 -0.00112187 -0.00424139 0.99999 -0.0369845 0.0367829 0.27708
FixedParameters: 0 0 0

#Transform 74
Transform: AffineTransform_float_3_3
Parameters: 0.999999 0.000909522 0.00102595 -0.000913612 0.999991 0.00410949 -0.00102217 -0.00411115 0.999991 -0.0321634 0.0197657 0.284777
FixedParameters: 0 0 0

#Transform 75
Transform: AffineTransform_float_3_3
Parameters: 0.999999 0.00102284 0.00122041 -0.00102833 0.99999 0.00440899 -0.00121562 -0.00441037 0.99999 -0.0455106 0.044655 0.247574
FixedParameters: 0 0 0

#Transform 76
Transform: AffineTransform_float_3_3
Parameters: 0.999999 0.000931762 0.00106302 -0.000936611 0.999992 0.00388797 -0.00105892 -0.00388891 0.999992 -0.0305696 -0.02753 0.342665
FixedParameters: 0 0 0

#Transform 77
Transform: AffineTransform_float_3_3
Parameters: 0.999999 0.000974185 0.00113802 -0.000979734 0.99999 0.00456976 -0.00113421 -0.00457037 0.999989 -0.0416898 0.0682224 0.338447
FixedParameters: 0 0 0

#Transform 78
Transform: AffineTransform_float_3_3
Parameters: 0.999999 0.000894062 0.00121342 -0.000900226 0.999987 0.00518926 -0.001209 -0.0051898 0.999986 -0.0478708 0.103831 0.25436
FixedParameters: 0 0 0

#Transform 79
Transform: AffineTransform_float_3_3
Parameters: 0.999999 0.00101562 0.00121159 -0.00102246 0.999985 0.00525913 -0.00120665 -0.00526042 0.999986 -0.0488377 0.05589 0.294746
FixedParameters: 0 0 0

#Transform 80
Transform: AffineTransform_float_3_3
Parameters: 0.999999 0.000984804 0.00115843 -0.00099169 0.999986 0.0051481 -0.00115353 -0.00515012 0.999986 -0.0435641 0.0274057 0.293747
FixedParameters: 0 0 0

#Transform 81
Transform: AffineTransform_float_3_3
Parameters: 0.999999 0.000926811 0.00106031 -0.000933157 0.999985 0.0054034 -0.00105558 -0.00540422 0.999985 -0.0396758 0.0346638 0.278984
FixedParameters: 0 0 0

#Transform 82
Transform: AffineTransform_float_3_3
Parameters: 0.999999 0.00111173 0.00121512 -0.0011169 0.999989 0.00471892 -0.00120941 -0.00472087 0.999988 -0.0447747 0.00413275 0.315764
FixedParameters: 0 0 0

#Transform 83
Transform: AffineTransform_float_3_3
Parameters: 0.999999 0.00106105 0.00128717 -0.00106709 0.999988 0.00478315 -0.00128183 -0.00478474 0.999988 -0.0486312 0.0210267 0.329209
FixedParameters: 0 0 0

#Transform 84
Transform: AffineTransform_float_3_3
Parameters: 0.999998 0.00118186 0.00136764 -0.00118825 0.999987 0.00496897 -0.00136125 -0.00497101 0.999987 -0.0515657 0.0520757 0.297931
FixedParameters: 0 0 0

#Transform 85
Transform: AffineTransform_float_3_3
Parameters: 0.999999 0.00103013 0.00123238 -0.00103548 0.99999 0.00430834 -0.00122774 -0.00430977 0.999991 -0.038348 -0.00283607 0.327927
FixedParameters: 0 0 0

#Transform 86
Transform: AffineTransform_float_3_3
Parameters: 0.999999 0.000633307 0.00118352 -0.000638403 0.999989 0.00462146 -0.00118108 -0.00462187 0.999989 -0.0518133 0.0514896 0.383173
FixedParameters: 0 0 0

#Transform 87
Transform: AffineTransform_float_3_3
Parameters: 0.999999 0.00105116 0.00127199 -0.00105843 0.999987 0.00518394 -0.0012668 -0.00518497 0.999986 -0.0495104 0.127276 0.301089
FixedParameters: 0 0 0

#Transform 88
Transform: AffineTransform_float_3_3
Parameters: 0.999998 0.00108831 0.00133667 -0.00109554 0.999984 0.00544937 -0.00133024 -0.0054511 0.999984 -0.0521349 0.0762854 0.314348
FixedParameters: 0 0 0

#Transform 89
Transform: AffineTransform_float_3_3
Parameters: 0.999998 0.00103938 0.00137443 -0.00104625 0.999986 0.00514381 -0.00136913 -0.00514548 0.999986 -0.0555888 0.0338808 0.341503
FixedParameters: 0 0 0

#Transform 90
Transform: AffineTransform_float_3_3
Parameters: 0.999998 0.00111553 0.00138421 -0.00112432 0.999983 0.00566973 -0.00137788 -0.00567074 0.999983 -0.0531591 0.0706105 0.33289
FixedParameters: 0 0 0

#Transform 91
Transform: AffineTransform_float_3_3
Parameters: 0.999998 0.00114441 0.00143323 -0.00115216 0.999983 0.00558991 -0.00142641 -0.00559197 0.999983 -0.0579069 0.0438882 0.346506
FixedParameters: 0 0 0

#Transform 92
Transform: AffineTransform_float_3_3
Parameters: 0.999999 0.000991892 0.00116912 -0.000997656 0.999989 0.00479048 -0.00116389 -0.00479121 0.999988 -0.042982 -0.0192016 0.378306
FixedParameters: 0 0 0

#Transform 93
Transform: AffineTransform_float_3_3
Parameters: 0.999998 0.00107222 0.00130931 -0.00107975 0.999984 0.00548169 -0.00130384 -0.00548329 0.999984 -0.0538024 0.0490678 0.396311
FixedParameters: 0 0 0

#Transform 94
Transform: AffineTransform_float_3_3
Parameters: 0.999998 0.00119481 0.00135719 -0.00120234 0.999983 0.0056356 -0.00135055 -0.0056376 0.999983 -0.057614 0.063931 0.378753
FixedParameters: 0 0 0

#Transform 95
Transform: AffineTransform_float_3_3
Parameters: 0.999999 0.0010322 0.00123896 -0.0010383 0.999987 0.00503139 -0.00123339 -0.00503232 0.999986 -0.0541152 0.0206603 0.394236
FixedParameters: 0 0 0

#Transform 96
Transform: AffineTransform_float_3_3
Parameters: 0.999998 0.00108988 0.0013395 -0.00109773 0.999984 0.0054807 -0.00133384 -0.00548154 0.999985 -0.0572114 0.0840684 0.38519
FixedParameters: 0 0 0

#Transform 97
Transform: AffineTransform_float_3_3
Parameters: 0.999999 0.00105947 0.00128681 -0.00106723 0.999985 0.00533463 -0.00128129 -0.00533618 0.999986 -0.0562632 0.0501872 0.393457
FixedParameters: 0 0 0

#Transform 98
Transform: AffineTransform_float_3_3
Parameters: 0.999998 0.00109122 0.00134134 -0.00109882 0.999985 0.00538583 -0.00133583 -0.00538708 0.999984 -0.054812 0.0490881 0.428314
FixedParameters: 0 0 0

#Transform 99
Transform: AffineTransform_float_3_3
Parameters: 0.999999 0.00104665 0.00126361 -0.001053 0.999987 0.00502047 -0.00125795 -0.00502197 0.999987 -0.0530605 0.0641071 0.405414
FixedParameters: 0 0 0

#Transform 100
Transform: AffineTransform_float_3_3
Parameters: 0.999998 0.00110118 0.00135847 -0.00110853 0.999985 0.0054063 -0.00135199 -0.00540811 0.999985 -0.0571069 0.0549895 0.442951
FixedParameters: 0 0 0

#Transform 101
Transform: AffineTransform_float_3_3
Parameters: 0.999998 0.00123801 0.00140863 -0.00124576 0.999984 0.00548894 -0.00140179 -0.00548983 0.999984 -0.0610889 0.0762651 0.438387
FixedParameters: 0 0 0

#Transform 102
Transform: AffineTransform_float_3_3
Parameters: 0.999998 0.00108899 0.00133465 -0.00109535 0.999988 0.00473386 -0.00132915 -0.00473561 0.999988 -0.0503973 0.00637329 0.409525
FixedParameters: 0 0 0

#Transform 103
Transform: AffineTransform_float_3_3
Parameters: 0.999999 0.00103232 0.00123705 -0.00103821 0.999989 0.00451328 -0.00123196 -0.00451472 0.999989 -0.0595126 0.0440956 0.461552
FixedParameters: 0 0 0

#Transform 104
Transform: AffineTransform_float_3_3
Parameters: 0.999998 0.00106699 0.0012971 -0.00107352 0.999988 0.0047218 -0.00129262 -0.00472204 0.999988 -0.0603606 0.089689 0.428732
FixedParameters: 0 0 0

#Transform 105
Transform: AffineTransform_float_3_3
Parameters: 0.999999 0.00106781 0.00110908 -0.00107365 0.999988 0.0048551 -0.00110384 -0.00485585 0.999987 -0.0551241 0.052498 0.454999
FixedParameters: 0 0 0

#Transform 106
Transform: AffineTransform_float_3_3
Parameters: 0.999999 0.00115493 0.0011938 -0.00115988 0.999988 0.00468019 -0.00118773 -0.00468132 0.999988 -0.0568535 0.041872 0.466443
FixedParameters: 0 0 0

#Transform 107
Transform: AffineTransform_float_3_3
Parameters: 0.999999 0.000627023 0.000941988 -0.000630935 0.999991 0.00423171 -0.000939046 -0.00423187 0.999991 -0.0427865 -0.00443366 0.463598
FixedParameters: 0 0 0

#Transform 108
Transform: AffineTransform_float_3_3
Parameters: 0.999998 0.00101674 0.00132563 -0.00102258 0.999991 0.00417194 -0.0013213 -0.00417305 0.99999 -0.0550363 0.0565077 0.510263
FixedParameters: 0 0 0

#Transform 109
Transform: AffineTransform_float_3_3
Parameters: 0.999999 0.00104018 0.00125107 -0.00104702 0.999988 0.00466574 -0.00124649 -0.00466721 0.999988 -0.0588311 0.077189 0.505819
FixedParameters: 0 0 0

#Transform 110
Transform: AffineTransform_float_3_3
Parameters: 0.999999 0.00082454 0.00127633 -0.000830055 0.999989 0.00458625 -0.00127354 -0.00458721 0.999989 -0.0578464 0.046929 0.486888
FixedParameters: 0 0 0

#Transform 111
Transform: AffineTransform_float_3_3
Parameters: 0.999999 0.000962437 0.00131456 -0.000968665 0.999989 0.00475319 -0.00131022 -0.00475458 0.999988 -0.0587546 0.0694423 0.531628
FixedParameters: 0 0 0

#Transform 112
Transform: AffineTransform_float_3_3
Parameters: 0.999999 0.00102308 0.00122272 -0.00103006 0.999988 0.00486499 -0.00121789 -0.00486588 0.999987 -0.0597654 0.0839206 0.497095
FixedParameters: 0 0 0

#Transform 113
Transform: AffineTransform_float_3_3
Parameters: 0.999999 0.000819899 0.00108519 -0.000824877 0.999988 0.00478478 -0.00108165 -0.00478632 0.999988 -0.0518131 0.0339728 0.512405
FixedParameters: 0 0 0

#Transform 114
Transform: AffineTransform_float_3_3
Parameters: 0.999999 0.000936458 0.00107308 -0.000941523 0.99999 0.00441796 -0.00106853 -0.00441889 0.99999 -0.0578404 0.0723141 0.497624
FixedParameters: 0 0 0

#Transform 115
Transform: AffineTransform_float_3_3
Parameters: 1 0.000873788 0.000967858 -0.000878692 0.999987 0.00488732 -0.000963119 -0.00488793 0.999988 -0.051303 0.0506087 0.53741
FixedParameters: 0 0 0

#Transform 116
Transform: AffineTransform_float_3_3
Parameters: 0.999999 0.000735792 0.00109726 -0.000741422 0.999989 0.00460635 -0.00109424 -0.00460689 0.999989 -0.0475705 0.0357962 0.454399
FixedParameters: 0 0 0

#Transform 117
Transform: AffineTransform_float_3_3
Parameters: 0.999999 0.000356692 0.00134366 -0.000363055 0.999988 0.00496267 -0.00134192 -0.00496394 0.999987 -0.0513971 -0.0399456 0.484771
FixedParameters: 0 0 0

#Transform 118
Transform: AffineTransform_float_3_3
Parameters: 0.999999 0.000243194 0.00115027 -0.000248778 0.999986 0.00511525 -0.00114911 -0.00511527 0.999987 -0.050714 0.10393 0.460376
FixedParameters: 0 0 0

#Transform 119
Transform: AffineTransform_float_3_3
Parameters: 0.999999 0.000447995 0.00103125 -0.000454019 0.999983 0.00582049 -0.00102834 -0.00582037 0.999983 -0.046845 0.128464 0.412722
FixedParameters: 0 0 0

#Transform 120
Transform: AffineTransform_float_3_3
Parameters: 0.999999 0.000481756 0.00096378 -0.000486789 0.999984 0.00571364 -0.000960587 -0.0057144 0.999983 -0.0505841 0.0777725 0.462919
FixedParameters: 0 0 0

#Transform 121
Transform: AffineTransform_float_3_3
Parameters: 0.999999 0.000589663 0.000929852 -0.000595097 0.999984 0.0055149 -0.000927301 -0.00551491 0.999984 -0.0498604 0.0639311 0.49275
FixedParameters: 0 0 0

#Transform 122
Transform: AffineTransform_float_3_3
Parameters: 1 0.000645734 0.00103514 -0.000651588 0.999985 0.00533995 -0.00103125 -0.00534022 0.999985 -0.0518599 0.0498698 0.508932
FixedParameters: 0 0 0

#Transform 123
Transform: AffineTransform_float_3_3
Parameters: 0.999999 0.000678778 0.000994906 -0.000683972 0.999985 0.0054658 -0.000991948 -0.00546603 0.999985 -0.0515172 0.0401561 0.526865
FixedParameters: 0 0 0

#Transform 124
Transform: AffineTransform_float_3_3
Parameters: 0.999999 0.000593573 0.00101669 -0.000598898 0.999986 0.00520711 -0.00101357 -0.00520813 0.999986 -0.0533808 0.0245957 0.519647
FixedParameters: 0 0 0

#Transform 125
Transform: AffineTransform_float_3_3
Parameters: 0.999999 0.000485585 0.000829119 -0.000489356 0.999988 0.00484555 -0.000826893 -0.00484621 0.999988 -0.0465148 0.0053404 0.581413
FixedParameters: 0 0 0

#Transform 126
Transform: AffineTransform_float_3_3
Parameters: 0.999999 0.00048966 0.000828364 -0.000493524 0.999988 0.00490698 -0.000826037 -0.00490677 0.999988 -0.0459003 0.101235 0.526947
FixedParameters: 0 0 0

#Transform 127
Transform: AffineTransform_float_3_3
Parameters: 1 0.000600967 0.0010561 -0.000605737 0.999988 0.00489579 -0.0010523 -0.00489602 0.999988 -0.0543346 0.0775046 0.504774
FixedParameters: 0 0 0

#Transform 128
Transform: AffineTransform_float_3_3
Parameters: 0.999999 0.000535173 0.000658019 -0.000538473 0.999989 0.00465635 -0.000655831 -0.00465692 0.999989 -0.0387781 0.113347 0.53901
FixedParameters: 0 0 0

#Transform 129
Transform: AffineTransform_float_3_3
Parameters: 0.999999 0.00084333 0.00103927 -0.00084835 0.999989 0.00453914 -0.00103534 -0.00453982 0.999989 -0.0571666 0.117807 0.531203
FixedParameters: 0 0 0

#Transform 130
Transform: AffineTransform_float_3_3
Parameters: 0.999999 0.000980437 0.000879091 -0.000985082 0.999987 0.00494533 -0.000874057 -0.00494595 0.999987 -0.0565488 0.121257 0.590536
FixedParameters: 0 0 0

#Transform 131
Transform: AffineTransform_float_3_3
Parameters: 0.999999 0.000635872 0.000683873 -0.000638829 0.999991 0.00408042 -0.000681365 -0.00408028 0.999992 -0.0466127 0.0888435 0.571621
FixedParameters: 0 0 0

#Transform 132
Transform: AffineTransform_float_3_3
Parameters: 0.999999 0.000858477 0.00056976 -0.000861123 0.999991 0.00426086 -0.000565993 -0.00426032 0.999991 -0.0464162 0.114961 0.567133
FixedParameters: 0 0 0

#Transform 133
Transform: AffineTransform_float_3_3
Parameters: 0.999999 0.00078558 0.000618887 -0.000788469 0.999992 0.00409727 -0.000616031 -0.00409809 0.999992 -0.0491327 0.0806543 0.559344
FixedParameters: 0 0 0

#Transform 134
Transform: AffineTransform_float_3_3
Parameters: 0.999999 0.000808127 0.000589304 -0.00081002 0.999993 0.00379381 -0.000585787 -0.00379327 0.999993 -0.0479513 0.0459547 0.6175
FixedParameters: 0 0 0

#Transform 135
Transform: AffineTransform_float_3_3
Parameters: 0.999999 0.000905214 0.000561364 -0.00090747 0.999992 0.00389475 -0.000557858 -0.00389561 0.999992 -0.0523369 0.137041 0.577732
FixedParameters: 0 0 0

#Transform 136
Transform: AffineTransform_float_3_3
Parameters: 0.999999 0.000966646 0.000431485 -0.000968485 0.999992 0.00409801 -0.000427974 -0.00409819 0.999991 -0.0514436 0.105662 0.579972
FixedParameters: 0 0 0

#Transform 137
Transform: AffineTransform_float_3_3
Parameters: 0.999999 0.000848795 0.000370442 -0.000850076 0.999994 0.00314298 -0.000368032 -0.00314349 0.999995 -0.0445789 0.0566953 0.560766
FixedParameters: 0 0 0

#Transform 138
Transform: AffineTransform_float_3_3
Parameters: 0.999999 0.000849436 0.000335095 -0.000849797 0.999996 0.00278968 -0.000332353 -0.00278967 0.999996 -0.0460026 0.0898066 0.606931
FixedParameters: 0 0 0

#Transform 139
Transform: AffineTransform_float_3_3
Parameters: 0.999999 0.000885557 3.61796e-05 -0.000885587 0.999995 0.00306095 -3.31805e-05 -0.00306093 0.999996 -0.0497292 0.14857 0.582138
FixedParameters: 0 0 0

#Transform 140
Transform: AffineTransform_float_3_3
Parameters: 0.999999 0.000815884 6.92857e-05 -0.000816164 0.999995 0.002892 -6.69491e-05 -0.00289203 0.999996 -0.0490217 0.11721 0.59067
FixedParameters: 0 0 0

#Transform 141
Transform: AffineTransform_float_3_3
Parameters: 0.999999 0.000811929 6.1073e-05 -0.000813009 0.999997 0.00221681 -5.93072e-05 -0.00221686 0.999998 -0.0437012 0.0645322 0.613759
FixedParameters: 0 0 0

#Transform 142
Transform: AffineTransform_float_3_3
Parameters: 0.999999 0.000808402 5.62791e-05 -0.000808594 0.999996 0.0027675 -5.41873e-05 -0.00276751 0.999996 -0.0480958 0.120024 0.6106
FixedParameters: 0 0 0

#Transform 143
Transform: AffineTransform_float_3_3
Parameters: 0.999999 0.000982744 -2.73627e-05 -0.000982894 0.999995 0.00307331 3.01215e-05 -0.00307315 0.999995 -0.0511695 0.100079 0.592745
FixedParameters: 0 0 0

#Transform 144
Transform: AffineTransform_float_3_3
Parameters: 0.999999 0.000736052 -6.73661e-05 -0.000736539 0.999997 0.00238993 6.90489e-05 -0.00238978 0.999997 -0.0404001 0.0375263 0.62865
FixedParameters: 0 0 0

#Transform 145
Transform: AffineTransform_float_3_3
Parameters: 0.999999 0.000964543 -0.000100617 -0.000965237 0.999997 0.00264362 0.000103016 -0.00264288 0.999997 -0.0495779 0.12885 0.619869
FixedParameters: 0 0 0

#Transform 146
Transform: AffineTransform_float_3_3
Parameters: 0.999999 0.000910712 1.66485e-05 -0.000910657 0.999997 0.00253603 -1.43801e-05 -0.00253637 0.999996 -0.0497585 0.114458 0.617937
FixedParameters: 0 0 0

#Transform 147
Transform: AffineTransform_float_3_3
Parameters: 0.999999 0.000934575 -5.37032e-05 -0.00093426 0.999997 0.00227627 5.56457e-05 -0.00227561 0.999997 -0.0499533 0.0959022 0.619776
FixedParameters: 0 0 0

#Transform 148
Transform: AffineTransform_float_3_3
Parameters: 0.999999 0.000894148 -0.000144283 -0.000893462 0.999998 0.0021397 0.000145796 -0.00213976 0.999997 -0.0485547 0.0784868 0.609791
FixedParameters: 0 0 0

#Transform 149
Transform: AffineTransform_float_3_3
Parameters: 0.999999 0.000858127 -0.000102587 -0.0008576 0.999997 0.00232977 0.00010424 -0.00232952 0.999998 -0.0502842 0.0720893 0.657187
FixedParameters: 0 0 0

#Transform 150
Transform: AffineTransform_float_3_3
Parameters: 1 0.001164 5.09774e-06 -0.00116453 0.999996 0.00237481 -2.70024e-06 -0.00237425 0.999997 -0.0542359 0.108752 0.606143
FixedParameters: 0 0 0

#Transform 151
Transform: AffineTransform_float_3_3
Parameters: 1 0.00118905 -0.00010363 -0.00118846 0.999996 0.00259921 0.000107465 -0.00259975 0.999996 -0.0574557 0.099587 0.645919
FixedParameters: 0 0 0

#Transform 152
Transform: AffineTransform_float_3_3
Parameters: 0.999999 0.000890841 -4.95291e-05 -0.000891003 0.999997 0.00206305 5.22674e-05 -0.00206294 0.999998 -0.0533242 0.0938182 0.653706
FixedParameters: 0 0 0

#Transform 153
Transform: AffineTransform_float_3_3
Parameters: 0.999999 0.0012642 -0.000195328 -0.00126382 0.999996 0.00233223 0.000198057 -0.00233164 0.999997 -0.056956 0.135557 0.63408
FixedParameters: 0 0 0

#Transform 154
Transform: AffineTransform_float_3_3
Parameters: 1 0.00120706 -3.69626e-05 -0.00120749 0.999997 0.00199516 3.86865e-05 -0.00199449 0.999998 -0.0534576 0.0906712 0.660978
FixedParameters: 0 0 0

#Transform 155
Transform: AffineTransform_float_3_3
Parameters: 1 0.00116116 -0.000103458 -0.00116086 0.999998 0.00180927 0.000105425 -0.00180847 0.999998 -0.0534634 0.138098 0.599308
FixedParameters: 0 0 0

#Transform 156
Transform: AffineTransform_float_3_3
Parameters: 1 0.00120881 -0.000170123 -0.00120901 0.999998 0.00192736 0.000173018 -0.0019273 0.999998 -0.0547916 0.102087 0.638919
FixedParameters: 0 0 0

#Transform 157
Transform: AffineTransform_float_3_3
Parameters: 0.999999 0.00129361 -0.000262585 -0.00129263 0.999997 0.00191429 0.000265229 -0.00191441 0.999998 -0.0538224 0.0906551 0.620058
FixedParameters: 0 0 0

#Transform 158
Transform: AffineTransform_float_3_3
Parameters: 0.999999 0.000744313 -0.000222792 -0.000743542 0.999997 0.00239924 0.000225385 -0.00239888 0.999997 -0.0401422 0.0397299 0.592665
FixedParameters: 0 0 0

#Transform 159
Transform: AffineTransform_float_3_3
Parameters: 0.999999 0.000750638 -4.54829e-05 -0.000750974 1 0.000924007 4.60043e-05 -0.000924314 0.999999 -0.0391254 0.0409888 0.612077
FixedParameters: 0 0 0

#Transform 160
Transform: AffineTransform_float_3_3
Parameters: 0.999999 0.0012416 -0.000526012 -0.00124095 0.999998 0.00193565 0.000528159 -0.00193515 0.999998 -0.052091 0.154559 0.553125
FixedParameters: 0 0 0

#Transform 161
Transform: AffineTransform_float_3_3
Parameters: 0.999999 0.00131255 -0.000549131 -0.00131079 0.999997 0.00208527 0.000551434 -0.00208461 0.999998 -0.0596659 0.126997 0.587153
FixedParameters: 0 0 0

#Transform 162
Transform: AffineTransform_float_3_3
Parameters: 0.999999 0.00130122 -0.000427179 -0.00130109 0.999998 0.00177186 0.000429131 -0.00177156 0.999999 -0.0617515 0.112615 0.604991
FixedParameters: 0 0 0

#Transform 163
Transform: AffineTransform_float_3_3
Parameters: 0.999998 0.00148905 -0.000582573 -0.00148853 0.999997 0.00205483 0.000585204 -0.0020534 0.999997 -0.0628673 0.0896903 0.612958
FixedParameters: 0 0 0

#Transform 164
Transform: AffineTransform_float_3_3
Parameters: 0.999999 0.00145996 -0.000632473 -0.00145828 0.999998 0.00174519 0.000634398 -0.00174412 0.999999 -0.0668582 0.0754595 0.634997
FixedParameters: 0 0 0

#Transform 165
Transform: AffineTransform_float_3_3
Parameters: 0.999999 0.0012971 -0.000592843 -0.00129684 0.999999 0.00102078 0.00059373 -0.00102096 0.999999 -0.0588167 0.0323956 0.631987
FixedParameters: 0 0 0

#Transform 166
Transform: AffineTransform_float_3_3
Parameters: 0.999999 0.00127477 -0.000517203 -0.00127459 0.999999 0.00064639 0.000518022 -0.000645448 0.999999 -0.0580719 0.0496212 0.700912
FixedParameters: 0 0 0

#Transform 167
Transform: AffineTransform_float_3_3
Parameters: 0.999998 0.00152553 -0.000693108 -0.00152454 0.999998 0.00138256 0.000695596 -0.00138079 0.999998 -0.06504 0.149754 0.628344
FixedParameters: 0 0 0

#Transform 168
Transform: AffineTransform_float_3_3
Parameters: 0.999999 0.00132448 -0.000575962 -0.00132351 0.999998 0.000983088 0.000576336 -0.000982366 0.999999 -0.0566657 0.0937701 0.631917
FixedParameters: 0 0 0

#Transform 169
Transform: AffineTransform_float_3_3
Parameters: 0.999998 0.0015804 -0.000526249 -0.00157895 0.999998 0.000979483 0.000527934 -0.00097864 1 -0.0705112 0.131903 0.655349
FixedParameters: 0 0 0

#Transform 170
Transform: AffineTransform_float_3_3
Parameters: 0.999997 0.00246803 -0.000659214 -0.00246572 0.999994 0.00257399 0.00066568 -0.00257133 0.999996 -0.0840826 0.140115 0.627519
FixedParameters: 0 0 0

#Transform 171
Transform: AffineTransform_float_3_3
Parameters: 0.999997 0.002588 -0.000848223 -0.00258606 0.999994 0.00233832 0.000854601 -0.00233591 0.999997 -0.0931792 0.0624693 0.672897
FixedParameters: 0 0 0

#Transform 172
Transform: AffineTransform_float_3_3
Parameters: 0.999995 0.00271842 -0.00107765 -0.00271675 0.999995 0.00164391 0.00108309 -0.00164186 0.999998 -0.0927891 0.13888 0.609932
FixedParameters: 0 0 0

#Transform 173
Transform: AffineTransform_float_3_3
Parameters: 0.999997 0.00226347 -0.00140096 -0.0022621 0.999997 0.000855097 0.0014031 -0.00085222 0.999998 -0.0793171 0.0562814 0.650335
FixedParameters: 0 0 0

#Transform 174
Transform: AffineTransform_float_3_3
Parameters: 0.999997 0.00224762 -0.00142871 -0.00224735 0.999998 9.67469e-05 0.00142913 -9.38313e-05 0.999999 -0.0773526 0.0807592 0.70803
FixedParameters: 0 0 0

#Transform 175
Transform: AffineTransform_float_3_3
Parameters: 0.999997 0.00217435 -0.0015527 -0.00217479 0.999998 -0.000138616 0.00155209 0.000141861 0.999999 -0.0839263 0.125581 0.676838
FixedParameters: 0 0 0

#Transform 176
Transform: AffineTransform_float_3_3
Parameters: 0.999996 0.00232695 -0.00175221 -0.00232591 0.999997 -8.57177e-05 0.00175211 8.98971e-05 0.999998 -0.0756047 0.0804322 0.667084
FixedParameters: 0 0 0

#Transform 177
Transform: AffineTransform_float_3_3
Parameters: 0.999997 0.00210111 -0.00167734 -0.00210329 0.999997 -0.00152668 0.00167377 0.00152969 0.999997 -0.0736861 0.025547 0.769042
FixedParameters: 0 0 0

#Transform 178
Transform: AffineTransform_float_3_3
Parameters: 0.999997 0.00211584 -0.00165197 -0.00211709 0.999997 -0.000830276 0.00165099 0.00083322 0.999998 -0.0771149 0.123973 0.731743
FixedParameters: 0 0 0

#Transform 179
Transform: AffineTransform_float_3_3
Parameters: 0.999996 0.00249436 -0.00173897 -0.00249575 0.999997 -0.000683153 0.00173723 0.000686923 0.999998 -0.0766246 0.119149 0.695564
FixedParameters: 0 0 0

#Transform 180
Transform: AffineTransform_float_3_3
Parameters: 0.999996 0.00218439 -0.00177562 -0.00218697 0.999997 -0.00100272 0.00177291 0.00100732 0.999998 -0.0787133 0.0643389 0.72032
FixedParameters: 0 0 0

#Transform 181
Transform: AffineTransform_float_3_3
Parameters: 0.999997 0.00208491 -0.00170471 -0.0020873 0.999996 -0.00171111 0.00170128 0.00171504 0.999997 -0.0728496 0.0543505 0.789292
FixedParameters: 0 0 0

#Transform 182
Transform: AffineTransform_float_3_3
Parameters: 0.999996 0.00227503 -0.00206185 -0.00227765 0.999996 -0.0013253 0.00205867 0.00133016 0.999997 -0.0784459 0.113248 0.733709
FixedParameters: 0 0 0

#Transform 183
Transform: AffineTransform_float_3_3
Parameters: 0.999996 0.00176682 -0.00249015 -0.00177178 0.999997 -0.00185316 0.00248672 0.00185699 0.999995 -0.0673585 0.0289778 0.713049
FixedParameters: 0 0 0

#Transform 184
Transform: AffineTransform_float_3_3
Parameters: 0.999995 0.00137744 -0.00289208 -0.00138689 0.999995 -0.00311352 0.00288752 0.00311698 0.999991 -0.0555481 0.0277622 0.726306
FixedParameters: 0 0 0

#Transform 185
Transform: AffineTransform_float_3_3
Parameters: 0.999994 0.00170536 -0.00283073 -0.0017139 0.999994 -0.00286518 0.00282544 0.00286893 0.999992 -0.0605498 0.156411 0.673347
FixedParameters: 0 0 0

#Transform 186
Transform: AffineTransform_float_3_3
Parameters: 0.999993 0.00172721 -0.00339191 -0.00173916 0.999992 -0.00357822 0.00338586 0.00358446 0.999988 -0.0681581 0.0952866 0.724194
FixedParameters: 0 0 0

#Transform 187
Transform: AffineTransform_float_3_3
Parameters: 0.999993 0.00190368 -0.00330223 -0.00191686 0.99999 -0.00403815 0.00329479 0.00404434 0.999987 -0.0695071 0.066635 0.747776
FixedParameters: 0 0 0

#Transform 188
Transform: AffineTransform_float_3_3
Parameters: 0.999992 0.00183989 -0.00340843 -0.00185471 0.999989 -0.00429049 0.00340002 0.00429669 0.999985 -0.0714341 0.0451933 0.762042
FixedParameters: 0 0 0

#Transform 189
Transform: AffineTransform_float_3_3
Parameters: 0.999992 0.00187134 -0.00346977 -0.00188783 0.999987 -0.00474516 0.00346051 0.0047518 0.999982 -0.0784962 0.0340531 0.780679
FixedParameters: 0 0 0
