#Insight Transform File V1.0
#Transform 0
Transform: AffineTransform_float_3_3
Parameters: 1 -0.000377603 -0.000542315 0.000375937 0.999994 -0.00349192 0.000543696 0.00349159 0.999993 0.0224505 -0.000961446 -0.0180683
FixedParameters: 0 0 0

#Transform 1
Transform: AffineTransform_float_3_3
Parameters: 1 5.72654e-05 -0.000377012 -5.91942e-05 0.999995 -0.00292346 0.000376516 0.00292351 0.999995 0.00710847 0.0148223 -0.00517116
FixedParameters: 0 0 0

#Transform 2
Transform: AffineTransform_float_3_3
Parameters: 1 0.000148079 -0.000224722 -0.000148629 0.999995 -0.00296947 0.000224545 0.00296952 0.999995 0.00396924 -0.0320542 -0.0194498
FixedParameters: 0 0 0

#Transform 3
Transform: AffineTransform_float_3_3
Parameters: 1 0.000167916 -0.000679328 -0.000169561 0.999997 -0.00236872 0.000678764 0.00236897 0.999997 0.0116333 -0.0424628 0.0217372
FixedParameters: 0 0 0

#Transform 4
Transform: AffineTransform_float_3_3
Parameters: 1 0.000299933 -0.000457402 -0.000301201 0.999998 -0.00216818 0.000456841 0.00216756 0.999997 0.00610908 0.0264125 -0.0170822
FixedParameters: 0 0 0

#Transform 5
Transform: AffineTransform_float_3_3
Parameters: 1 0.000347509 -0.000377036 -0.000348264 0.999998 -0.00185918 0.000376525 0.00185943 0.999998 0.0106747 -0.00375889 -0.0296266
FixedParameters: 0 0 0

#Transform 6
Transform: AffineTransform_float_3_3
Parameters: 1 -0.000351866 -0.00026851 0.000351784 1 -0.000153149 0.000268618 0.00015296 1 0.0232425 -0.0829148 -0.00333302
FixedParameters: 0 0 0

#Transform 7
Transform: AffineTransform_float_3_3
Parameters: 1 -0.000310461 -0.000532216 0.000310038 1 -0.000397174 0.000532463 0.000396844 1 0.0205337 0.0489884 -0.0476692
FixedParameters: 0 0 0

#Transform 8
Transform: AffineTransform_float_3_3
Parameters: 1 0.000509068 -0.000446497 -0.000509242 1 -0.000840483 0.000446461 0.000840042 0.999999 0.0059489 0.00389875 -0.0135367
FixedParameters: 0 0 0

#Transform 9
Transform: AffineTransform_float_3_3
Parameters: 1 -0.00019583 -0.000376119 0.000196324 1 -0.00048372 0.0003758 0.000483607 1 0.0195561 -0.0704465 -0.0217666
FixedParameters: 0 0 0

#Transform 10
Transform: AffineTransform_float_3_3
Parameters: 1 -0.000249281 -0.000491483 0.000249742 1 0.000468954 0.000491248 -0.000469199 1 0.0125813 -0.0691874 0.0367794
FixedParameters: 0 0 0

#Transform 11
Transform: AffineTransform_float_3_3
Parameters: 1 -0.000487878 -0.000276559 0.000488471 1 -0.000515784 0.000276588 0.000516028 0.999999 0.0107591 0.0238608 -0.0654262
FixedParameters: 0 0 0

#Transform 12
Transform: AffineTransform_float_3_3
Parameters: 1 -0.000329314 -0.000408584 0.000330317 1 0.00114418 0.000407791 -0.00114445 1 0.0119025 -0.0486933 -0.00168011
FixedParameters: 0 0 0

#Transform 13
Transform: AffineTransform_float_3_3
Parameters: 1 -0.00039896 -0.000552078 0.000399487 1 -0.000299731 0.00055181 0.000299324 1 0.00921513 0.0165028 -0.0547148
FixedParameters: 0 0 0

#Transform 14
Transform: AffineTransform_float_3_3
Parameters: 1 -0.000335818 -0.000294595 0.000336372 1 -0.000515835 0.000294434 0.000515672 1 0.0148566 -0.0701048 0.0294725
FixedParameters: 0 0 0

#Transform 15
Transform: AffineTransform_float_3_3
Parameters: 1 -0.000177969 -0.000512749 0.000178115 0.999999 -0.000694566 0.000512489 0.000694418 0.999999 0.00571888 0.0424267 -0.0328801
FixedParameters: 0 0 0

#Transform 16
Transform: AffineTransform_float_3_3
Parameters: 1 -0.000281687 -0.000342704 0.000281094 0.999999 -0.000865526 0.000343191 0.000865333 0.999999 0.0117624 -0.00537163 0.00690541
FixedParameters: 0 0 0

#Transform 17
Transform: AffineTransform_float_3_3
Parameters: 1 -0.000467286 -0.00024219 0.000467711 1 -0.00107677 0.000242684 0.00107706 0.999999 0.0112248 -0.045631 -0.00134622
FixedParameters: 0 0 0

#Transform 18
Transform: AffineTransform_float_3_3
Parameters: 1 -0.000161277 -0.000368964 0.000160748 0.999999 -0.000717824 0.000369195 0.000717705 0.999999 0.0119749 -0.035925 0.038654
FixedParameters: 0 0 0

#Transform 19
Transform: AffineTransform_float_3_3
Parameters: 1 -0.000547205 3.47004e-05 0.000548196 1 -0.000944648 -3.42142e-05 0.000943844 0.999999 0.00227474 0.00651218 0.000707623
FixedParameters: 0 0 0

#Transform 20
Transform: AffineTransform_float_3_3
Parameters: 1 -2.82936e-05 0.000501772 2.82537e-05 0.999999 0.00089406 -0.000502331 -0.000893998 0.999999 -0.000829033 -0.0225001 0.00214945
FixedParameters: 0 0 0

#Transform 21
Transform: AffineTransform_float_3_3
Parameters: 1 -0.000405429 -0.000137634 0.000405234 0.999999 -0.00070898 0.000138209 0.000708869 0.999999 0.0137872 -0.0616962 0.0299774
FixedParameters: 0 0 0

#Transform 22
Transform: AffineTransform_float_3_3
Parameters: 1 -0.000445953 -0.00020539 0.000446051 1 0.000238823 0.000205176 -0.000239006 1 0.0067737 -0.0155439 0.0431575
FixedParameters: 0 0 0

#Transform 23
Transform: AffineTransform_float_3_3
Parameters: 1 -0.000337747 -2.35572e-05 0.000337711 0.999999 -0.000746192 2.40612e-05 0.000746176 0.999999 0.0136174 -0.0538096 0.00815973
FixedParameters: 0 0 0

#Transform 24
Transform: AffineTransform_float_3_3
Parameters: 1 -0.00036748 -0.000257339 0.00036764 1 0.000270839 0.000257174 -0.000270548 0.999999 0.0107681 -0.0169341 0.0516941
FixedParameters: 0 0 0

#Transform 25
Transform: AffineTransform_float_3_3
Parameters: 1 -0.000259598 0.000107495 0.000259928 0.999999 -0.00121954 -0.0001069 0.00121959 1 0.00400634 0.00266417 -0.00378473
FixedParameters: 0 0 0

#Transform 26
Transform: AffineTransform_float_3_3
Parameters: 1 -0.000321091 5.44214e-06 0.000321111 1 0.000106894 -5.47706e-06 -0.00010641 1 0.00119496 -0.0233631 0.046411
FixedParameters: 0 0 0

#Transform 27
Transform: AffineTransform_float_3_3
Parameters: 1 -0.000280968 0.000275871 0.000280923 0.999999 -0.000841561 -0.000276258 0.000841735 0.999999 -0.00615778 -0.0223117 0.0187095
FixedParameters: 0 0 0

#Transform 28
Transform: AffineTransform_float_3_3
Parameters: 1 -0.000412128 -0.000148837 0.000411955 0.999999 -0.000582374 0.000149317 0.000582252 1 0.00920253 -0.0636955 0.0588048
FixedParameters: 0 0 0

#Transform 29
Transform: AffineTransform_float_3_3
Parameters: 1 -0.000174631 -6.87891e-05 0.000174684 1 0.000380043 6.86564e-05 -0.000380067 1 0.0074066 -0.00288705 0.0634756
FixedParameters: 0 0 0

#Transform 30
Transform: AffineTransform_float_3_3
Parameters: 1 -0.000190256 -9.52857e-06 0.000190863 0.999999 0.00147518 9.78721e-06 -0.0014752 0.999999 0.00588471 -0.0322489 0.0469673
FixedParameters: 0 0 0

#Transform 31
Transform: AffineTransform_float_3_3
Parameters: 1 -0.000199274 8.99642e-07 0.000198993 0.999998 0.00158707 -2.02879e-07 -0.00158712 0.999999 -0.0015276 -0.0688051 0.0753225
FixedParameters: 0 0 0

#Transform 32
Transform: AffineTransform_float_3_3
Parameters: 1 -0.000231375 0.000159548 0.000231382 0.999998 0.00200162 -0.000159692 -0.00200156 0.999998 -0.0100117 0.00496942 0.0373323
FixedParameters: 0 0 0

#Transform 33
Transform: AffineTransform_float_3_3
Parameters: 1 -0.000245833 0.000135002 0.000245431 0.999998 0.00198972 -0.000136058 -0.00198965 0.999998 -0.00617554 -0.0326476 0.0310812
FixedParameters: 0 0 0

#Transform 34
Transform: AffineTransform_float_3_3
Parameters: 1 0.000155999 3.11421e-05 -0.000155991 0.999998 0.00210354 -3.05637e-05 -0.00210354 0.999998 -0.00135328 -0.00791096 0.0238596
FixedParameters: 0 0 0

#Transform 35
Transform: AffineTransform_float_3_3
Parameters: 1 -0.000141897 0.000117705 0.000141612 0.999999 0.0015019 -0.00011817 -0.00150187 0.999999 -0.00495886 -0.040566 0.0763382
FixedParameters: 0 0 0

#Transform 36
Transform: AffineTransform_float_3_3
Parameters: 1 -0.000305967 0.000250885 0.0003058 0.999999 0.00148358 -0.000250971 -0.00148344 0.999999 -0.00830375 -0.019698 0.0309703
FixedParameters: 0 0 0

#Transform 37
Transform: AffineTransform_float_3_3
Parameters: 1 -0.000143762 0.000195292 0.000143225 0.999999 0.00154832 -0.000195776 -0.00154827 0.999999 0.0024747 -0.0491624 0.0657897
FixedParameters: 0 0 0

#Transform 38
Transform: AffineTransform_float_3_3
Parameters: 1 -0.000278672 0.000377949 0.000278067 0.999998 0.00156577 -0.000378 -0.00156558 0.999998 -0.00980223 -0.016829 0.0277387
FixedParameters: 0 0 0

#Transform 39
Transform: AffineTransform_float_3_3
Parameters: 1 -0.000263863 0.00035198 0.0002633 0.999998 0.00162141 -0.000352014 -0.00162124 0.999998 -0.00922777 -0.0447411 0.0594448
FixedParameters: 0 0 0

#Transform 40
Transform: AffineTransform_float_3_3
Parameters: 1 -0.000139837 0.000330081 0.000138798 0.999998 0.00167574 -0.000330587 -0.00167564 0.999998 0.00134932 -0.027938 0.0365923
FixedParameters: 0 0 0

#Transform 41
Transform: AffineTransform_float_3_3
Parameters: 1 -0.000216508 0.000260162 0.000216011 1 0.00108518 -0.000260671 -0.00108507 1 0.0020815 -0.0917646 0.115211
FixedParameters: 0 0 0

#Transform 42
Transform: AffineTransform_float_3_3
Parameters: 1 -0.000343945 0.00031865 0.000343496 0.999999 0.00171476 -0.000319048 -0.00171543 0.999998 -0.00747331 0.0114885 0.0351694
FixedParameters: 0 0 0

#Transform 43
Transform: AffineTransform_float_3_3
Parameters: 1 -0.000133628 0.0004021 0.000133555 0.999998 0.0019604 -0.00040235 -0.00196027 0.999998 -0.00735956 0.012447 0.000522986
FixedParameters: 0 0 0

#Transform 44
Transform: AffineTransform_float_3_3
Parameters: 1 -0.000170677 0.00033881 0.000170979 0.999998 0.00167207 -0.000339069 -0.00167194 0.999998 0.000198872 -0.040784 0.0428938
FixedParameters: 0 0 0

#Transform 45
Transform: AffineTransform_float_3_3
Parameters: 1 -0.000143999 0.000384231 0.000143597 0.999999 0.00181609 -0.000385339 -0.00181595 0.999999 -0.00678283 -0.00961021 0.0355196
FixedParameters: 0 0 0

#Transform 46
Transform: AffineTransform_float_3_3
Parameters: 1 -0.000104406 0.000451366 0.000104273 0.999999 0.00181302 -0.00045147 -0.00181291 0.999999 -0.00180283 -0.051996 0.060642
FixedParameters: 0 0 0

#Transform 47
Transform: AffineTransform_float_3_3
Parameters: 1 -0.000138918 0.000393054 0.00013891 0.999998 0.00192278 -0.000393314 -0.00192266 0.999998 0.000151703 -0.0265131 0.0435221
FixedParameters: 0 0 0

#Transform 48
Transform: AffineTransform_float_3_3
Parameters: 1 -0.000106265 0.000448012 0.000106232 0.999999 0.0017151 -0.000448103 -0.00171498 0.999999 -0.00793379 -0.0315791 0.0755464
FixedParameters: 0 0 0

#Transform 49
Transform: AffineTransform_float_3_3
Parameters: 1 -0.000104406 0.000451366 0.000104273 0.999999 0.00181302 -0.00045147 -0.00181291 0.999999 -0.00177289 -0.0409108 0.0789038
FixedParameters: 0 0 0

#Transform 50
Transform: AffineTransform_float_3_3
Parameters: 1 -0.000169216 0.000631391 0.000168115 0.999997 0.00204559 -0.000631841 -0.00204584 0.999998 -0.00179402 -0.0214528 0.04011
FixedParameters: 0 0 0

#Transform 51
Transform: AffineTransform_float_3_3
Parameters: 0.999999 -0.000231418 0.000736764 0.000229817 0.999998 0.00215163 -0.000737522 -0.00215215 0.999997 -0.000253313 -0.0358605 0.0739882
FixedParameters: 0 0 0

#Transform 52
Transform: AffineTransform_float_3_3
Parameters: 0.999999 -0.00017163 0.000753784 0.000169803 0.999998 0.00225436 -0.000754318 -0.00225408 0.999997 -0.00563958 0.00176658 0.0321834
FixedParameters: 0 0 0

#Transform 53
Transform: AffineTransform_float_3_3
Parameters: 0.999999 -0.000318373 0.000813307 0.000316699 0.999998 0.00194031 -0.000814299 -0.00194026 0.999998 0.00161551 -0.0326411 0.0729111
FixedParameters: 0 0 0

#Transform 54
Transform: AffineTransform_float_3_3
Parameters: 0.999999 -0.000192398 0.00105048 0.000191275 0.999998 0.00189066 -0.00105061 -0.00189071 0.999998 0.00343428 -0.00126822 0.0406018
FixedParameters: 0 0 0

#Transform 55
Transform: AffineTransform_float_3_3
Parameters: 0.999999 -0.000257492 0.00104934 0.000255682 0.999997 0.0022523 -0.00104995 -0.00225221 0.999997 0.00207566 -0.0112495 0.0582856
FixedParameters: 0 0 0

#Transform 56
Transform: AffineTransform_float_3_3
Parameters: 0.999999 -0.000450302 0.00121151 0.000448134 0.999998 0.00183143 -0.00121338 -0.00183077 0.999998 0.00245543 -0.0389453 0.0737797
FixedParameters: 0 0 0

#Transform 57
Transform: AffineTransform_float_3_3
Parameters: 0.999999 -0.000285233 0.0014911 0.00028283 0.999998 0.00173844 -0.00149145 -0.00173805 0.999997 0.000625865 -0.016751 0.0310869
FixedParameters: 0 0 0

#Transform 58
Transform: AffineTransform_float_3_3
Parameters: 0.999999 -0.000367015 0.00135273 0.000364853 0.999998 0.00182692 -0.00135344 -0.00182638 0.999997 0.00672922 -0.0479475 0.0681612
FixedParameters: 0 0 0

#Transform 59
Transform: AffineTransform_float_3_3
Parameters: 0.999998 -0.000967964 0.00137508 0.00096535 0.999998 0.00185924 -0.00137672 -0.00185796 0.999997 0.0232778 -0.0553215 0.0298744
FixedParameters: 0 0 0

#Transform 60
Transform: AffineTransform_float_3_3
Parameters: 0.999998 -0.000494114 0.00167021 0.000492146 1 0.00116488 -0.00167022 -0.00116459 0.999998 0.0065473 -0.0383459 0.0339272
FixedParameters: 0 0 0

#Transform 61
Transform: AffineTransform_float_3_3
Parameters: 0.999999 -0.000503511 0.00147723 0.000502412 0.999999 0.00111801 -0.00147854 -0.00111696 0.999998 0.0113885 -0.0708785 0.107971
FixedParameters: 0 0 0

#Transform 62
Transform: AffineTransform_float_3_3
Parameters: 0.999999 -0.00058984 0.00173505 0.000587859 0.999999 0.00135331 -0.00173597 -0.00135171 0.999998 0.00077093 0.0341849 0.0421574
FixedParameters: 0 0 0

#Transform 63
Transform: AffineTransform_float_3_3
Parameters: 0.999998 -0.000714416 0.00180287 0.00071184 0.999999 0.00122337 -0.00180347 -0.00122264 0.999997 0.00338255 0.00476539 0.0214367
FixedParameters: 0 0 0

#Transform 64
Transform: AffineTransform_float_3_3
Parameters: 0.999998 -0.000714626 0.00180246 0.000712116 0.999999 0.00121112 -0.00180301 -0.00120991 0.999997 0.0106092 -0.00468332 0.0440938
FixedParameters: 0 0 0

#Transform 65
Transform: AffineTransform_float_3_3
Parameters: 0.999998 -0.000720064 0.00179212 0.000718661 0.999999 0.000903627 -0.00179227 -0.000902891 0.999998 0.00986591 -0.0165193 0.0642115
FixedParameters: 0 0 0

#Transform 66
Transform: AffineTransform_float_3_3
Parameters: 0.999998 -0.000854403 0.00186926 0.00085305 0.999999 0.000852863 -0.00186958 -0.000851514 0.999998 0.0105441 -0.0397987 0.0495991
FixedParameters: 0 0 0

#Transform 67
Transform: AffineTransform_float_3_3
Parameters: 0.999998 -0.000737578 0.00175897 0.000737763 1 -8.31955e-05 -0.00175887 8.48284e-05 0.999999 0.0153499 -0.0947693 0.123862
FixedParameters: 0 0 0

#Transform 68
Transform: AffineTransform_float_3_3
Parameters: 0.999998 -0.000950888 0.00188968 0.000950786 1 1.66108e-05 -0.00188978 -1.48547e-05 0.999999 0.0152909 0.0221332 0.0768948
FixedParameters: 0 0 0

#Transform 69
Transform: AffineTransform_float_3_3
Parameters: 0.999998 -0.000968109 0.00185712 0.000970244 0.999999 -0.000959393 -0.00185571 0.000960659 0.999998 0.0142484 -0.0177296 0.059939
FixedParameters: 0 0 0

#Transform 70
Transform: AffineTransform_float_3_3
Parameters: 0.999997 -0.00101836 0.00189455 0.00101993 0.999999 -0.000785701 -0.00189336 0.00078771 0.999998 0.0157769 0.00204677 0.083502
FixedParameters: 0 0 0

#Transform 71
Transform: AffineTransform_float_3_3
Parameters: 0.999997 -0.00127352 0.00170829 0.00127555 0.999999 -0.00113679 -0.00170671 0.00113843 0.999998 0.0154011 -0.0179553 0.0700584
FixedParameters: 0 0 0

#Transform 72
Transform: AffineTransform_float_3_3
Parameters: 0.999997 -0.00133133 0.00197119 0.00133414 0.999998 -0.00120601 -0.00196929 0.00120807 0.999997 0.0125728 0.0603696 0.0722817
FixedParameters: 0 0 0

#Transform 73
Transform: AffineTransform_float_3_3
Parameters: 0.999997 -0.00136369 0.00166848 0.00136732 0.999997 -0.00231843 -0.00166561 0.00232031 0.999996 0.0189085 0.0574019 0.0848518
FixedParameters: 0 0 0

#Transform 74
Transform: AffineTransform_float_3_3
Parameters: 0.999997 -0.00142925 0.0015786 0.00143345 0.999996 -0.00276467 -0.00157502 0.00276701 0.999995 0.0251153 -0.00757052 0.0921781
FixedParameters: 0 0 0

#Transform 75
Transform: AffineTransform_float_3_3
Parameters: 0.999997 -0.00143802 0.00156322 0.00144293 0.999995 -0.00299715 -0.00155895 0.00299946 0.999994 0.0295358 -0.0526384 0.132363
FixedParameters: 0 0 0

#Transform 76
Transform: AffineTransform_float_3_3
Parameters: 0.999998 -0.00108577 0.00175496 0.00109172 0.999995 -0.00321442 -0.00175186 0.00321642 0.999994 0.0222673 0.0603477 0.0855941
FixedParameters: 0 0 0

#Transform 77
Transform: AffineTransform_float_3_3
Parameters: 0.999998 -0.00128942 0.00181208 0.00129539 0.999994 -0.00314034 -0.00180782 0.00314232 0.999993 0.0284843 -0.00165206 0.11981
FixedParameters: 0 0 0

#Transform 78
Transform: AffineTransform_float_3_3
Parameters: 0.999998 -0.00126075 0.00185931 0.00126746 0.999994 -0.00337568 -0.00185553 0.00337771 0.999992 0.0157399 0.00364802 0.107048
FixedParameters: 0 0 0

#Transform 79
Transform: AffineTransform_float_3_3
Parameters: 0.999997 -0.00137958 0.00166011 0.00138499 0.999994 -0.00336959 -0.00165559 0.0033715 0.999993 0.0233494 -0.0146315 0.151015
FixedParameters: 0 0 0

#Transform 80
Transform: AffineTransform_float_3_3
Parameters: 0.999997 -0.00135119 0.00170813 0.00135693 0.999994 -0.00324223 -0.00170325 0.00324504 0.999994 0.0208823 0.0346557 0.138783
FixedParameters: 0 0 0

#Transform 81
Transform: AffineTransform_float_3_3
Parameters: 0.999998 -0.00127218 0.00183958 0.00127856 0.999993 -0.00355649 -0.00183475 0.00355935 0.999992 0.0146523 -0.00537293 0.127707
FixedParameters: 0 0 0

#Transform 82
Transform: AffineTransform_float_3_3
Parameters: 0.999997 -0.00146541 0.00151448 0.00147149 0.999991 -0.00403573 -0.00150833 0.004038 0.99999 0.0222064 -0.0597659 0.189795
FixedParameters: 0 0 0

#Transform 83
Transform: AffineTransform_float_3_3
Parameters: 0.999998 -0.00123616 0.00189956 0.00124335 0.999993 -0.00363974 -0.00189482 0.00364174 0.999991 0.0201805 0.06598 0.126242
FixedParameters: 0 0 0

#Transform 84
Transform: AffineTransform_float_3_3
Parameters: 0.999998 -0.00136178 0.00168943 0.00136801 0.999992 -0.00357564 -0.00168443 0.00357845 0.999992 0.0176191 0.0142472 0.154517
FixedParameters: 0 0 0

#Transform 85
Transform: AffineTransform_float_3_3
Parameters: 0.999998 -0.00124625 0.00188062 0.0012542 0.99999 -0.00421206 -0.00187484 0.00421356 0.999989 0.020757 -0.0193226 0.15445
FixedParameters: 0 0 0

#Transform 86
Transform: AffineTransform_float_3_3
Parameters: 0.999997 -0.00145418 0.00153362 0.00146 0.999992 -0.0038975 -0.00152796 0.00389979 0.999991 0.0190732 -0.0313369 0.203417
FixedParameters: 0 0 0

#Transform 87
Transform: AffineTransform_float_3_3
Parameters: 0.999997 -0.00140407 0.00161816 0.00140975 0.999992 -0.00367792 -0.00161351 0.00367981 0.999992 0.0178791 0.0437576 0.14869
FixedParameters: 0 0 0

#Transform 88
Transform: AffineTransform_float_3_3
Parameters: 0.999998 -0.00122508 0.0016326 0.001232 0.999992 -0.00386213 -0.00162791 0.00386482 0.999991 0.0175839 -0.00101329 0.169732
FixedParameters: 0 0 0

#Transform 89
Transform: AffineTransform_float_3_3
Parameters: 0.999997 -0.00122296 0.00177073 0.00123001 0.999992 -0.00384648 -0.00176562 0.00384899 0.999991 0.020764 -0.0147798 0.159054
FixedParameters: 0 0 0

#Transform 90
Transform: AffineTransform_float_3_3
Parameters: 0.999997 -0.00145409 0.00153342 0.00146031 0.99999 -0.00403432 -0.0015274 0.00403614 0.999991 0.0207017 -0.0387122 0.207715
FixedParameters: 0 0 0

#Transform 91
Transform: AffineTransform_float_3_3
Parameters: 0.999998 -0.00125791 0.00146848 0.00126351 0.999992 -0.00385176 -0.0014636 0.00385366 0.999992 0.0209038 0.0251795 0.181687
FixedParameters: 0 0 0

#Transform 92
Transform: AffineTransform_float_3_3
Parameters: 0.999999 -0.00113521 0.00137606 0.00114008 0.999993 -0.00367741 -0.00137159 0.00367921 0.999992 0.00830588 -0.0319519 0.225938
FixedParameters: 0 0 0

#Transform 93
Transform: AffineTransform_float_3_3
Parameters: 0.999998 -0.00151717 0.00142841 0.00152277 0.999991 -0.00383166 -0.00142292 0.00383386 0.999991 0.0314374 -0.0427246 0.133641
FixedParameters: 0 0 0

#Transform 94
Transform: AffineTransform_float_3_3
Parameters: 0.999998 -0.00150101 0.00114043 0.00150572 0.999989 -0.00435751 -0.00113357 0.00435968 0.99999 0.0359449 0.00762118 0.163167
FixedParameters: 0 0 0

#Transform 95
Transform: AffineTransform_float_3_3
Parameters: 0.999998 -0.001597 0.00102139 0.00160143 0.999986 -0.00508587 -0.00101321 0.00508751 0.999986 0.0459396 0.141882 0.118555
FixedParameters: 0 0 0

#Transform 96
Transform: AffineTransform_float_3_3
Parameters: 0.999999 -0.00174064 0.000351828 0.00174335 0.999971 -0.00748909 -0.000338128 0.00748936 0.999972 0.0399756 0.0208841 0.143973
FixedParameters: 0 0 0

#Transform 97
Transform: AffineTransform_float_3_3
Parameters: 1 -0.00124951 -5.36499e-05 0.00124895 0.999973 -0.00725024 6.23501e-05 0.00725039 0.999974 0.0288628 -0.0549288 0.192954
FixedParameters: 0 0 0

#Transform 98
Transform: AffineTransform_float_3_3
Parameters: 1 -0.00121483 -7.89273e-05 0.00121418 0.999979 -0.00636012 8.60869e-05 0.00635979 0.999979 0.0276544 0.0508966 0.15851
FixedParameters: 0 0 0

#Transform 99
Transform: AffineTransform_float_3_3
Parameters: 0.999999 -0.000991402 -0.000175364 0.000990619 0.999976 -0.00686697 0.000182217 0.00686685 0.999977 0.0247295 0.0193211 0.160582
FixedParameters: 0 0 0

#Transform 100
Transform: AffineTransform_float_3_3
Parameters: 0.999999 -0.000936516 -9.40469e-05 0.000935568 0.999974 -0.00715398 0.000100253 0.00715402 0.999975 0.0221391 -0.0165664 0.181897
FixedParameters: 0 0 0

#Transform 101
Transform: AffineTransform_float_3_3
Parameters: 0.999999 -0.000969085 -0.000226051 0.000967643 0.99997 -0.00766532 0.000233906 0.00766511 0.999971 0.0253263 0.000525847 0.145571
FixedParameters: 0 0 0

#Transform 102
Transform: AffineTransform_float_3_3
Parameters: 0.999999 -0.000898711 -0.000150076 0.000897957 0.999968 -0.00788964 0.000156395 0.00789011 0.999968 0.023551 -0.00779479 0.180018
FixedParameters: 0 0 0

#Transform 103
Transform: AffineTransform_float_3_3
Parameters: 1 -0.00120084 -0.000558207 0.0011968 0.999965 -0.00835857 0.000568204 0.00835811 0.999965 0.027444 -0.0248843 0.162224
FixedParameters: 0 0 0

#Transform 104
Transform: AffineTransform_float_3_3
Parameters: 0.999999 -0.0012746 -0.000680241 0.00126846 0.99996 -0.00883623 0.00069111 0.00883495 0.999961 0.0391187 -0.0301916 0.226781
FixedParameters: 0 0 0

#Transform 105
Transform: AffineTransform_float_3_3
Parameters: 0.999999 -0.00107093 -0.00043391 0.00106735 0.999967 -0.00816706 0.000442384 0.00816694 0.999967 0.036096 0.0674335 0.162952
FixedParameters: 0 0 0

#Transform 106
Transform: AffineTransform_float_3_3
Parameters: 0.999999 -0.00113937 -0.000429315 0.00113579 0.999964 -0.00841007 0.000439383 0.0084099 0.999964 0.0326174 0.0114603 0.201617
FixedParameters: 0 0 0

#Transform 107
Transform: AffineTransform_float_3_3
Parameters: 1 -0.0011584 -0.000596143 0.00115194 0.999959 -0.00891431 0.000606152 0.00891331 0.99996 0.0354809 -0.0263555 0.183866
FixedParameters: 0 0 0

#Transform 108
Transform: AffineTransform_float_3_3
Parameters: 0.999999 -0.00109356 -0.000612708 0.00108746 0.99996 -0.00885396 0.000622254 0.00885299 0.999961 0.034811 -0.0197347 0.225151
FixedParameters: 0 0 0

#Transform 109
Transform: AffineTransform_float_3_3
Parameters: 0.999999 -0.000978582 -0.000598317 0.000974013 0.999974 -0.00716462 0.000605349 0.00716421 0.999974 0.0333879 0.00594348 0.0932697
FixedParameters: 0 0 0

#Transform 110
Transform: AffineTransform_float_3_3
Parameters: 0.999999 -0.00101971 -0.00103911 0.00101136 0.999976 -0.00694902 0.00104619 0.00694771 0.999975 0.039997 -0.0590767 0.0462281
FixedParameters: 0 0 0

#Transform 111
Transform: AffineTransform_float_3_3
Parameters: 0.999999 -0.000925384 -0.000756145 0.00091971 0.999972 -0.0073358 0.000763003 0.00733558 0.999973 0.0294436 0.0698259 0.0452862
FixedParameters: 0 0 0

#Transform 112
Transform: AffineTransform_float_3_3
Parameters: 1 -0.00100287 -0.000743051 0.000996985 0.999967 -0.00807401 0.00075099 0.00807336 0.999967 0.0257545 0.0130231 0.115903
FixedParameters: 0 0 0

#Transform 113
Transform: AffineTransform_float_3_3
Parameters: 0.999999 -0.000902555 -0.000834175 0.000895909 0.999962 -0.00874411 0.000841739 0.00874299 0.999962 0.0236511 -0.0166503 0.146969
FixedParameters: 0 0 0

#Transform 114
Transform: AffineTransform_float_3_3
Parameters: 1 -0.000988348 -0.000790373 0.000980808 0.999959 -0.00892009 0.000799424 0.00891889 0.99996 0.0277805 -0.0247066 0.159875
FixedParameters: 0 0 0

#Transform 115
Transform: AffineTransform_float_3_3
Parameters: 0.999999 -0.00105259 -0.00107986 0.0010423 0.999953 -0.00957929 0.00108915 0.00957841 0.999954 0.0362288 -0.0755139 0.174475
FixedParameters: 0 0 0

#Transform 116
Transform: AffineTransform_float_3_3
Parameters: 1 -0.000890027 -0.00101028 0.000880559 0.999955 -0.00948804 0.00101904 0.00948665 0.999955 0.0297311 -0.0479396 0.207886
FixedParameters: 0 0 0

#Transform 117
Transform: AffineTransform_float_3_3
Parameters: 0.999999 -0.000928983 -0.000850622 0.000921253 0.999955 -0.00945385 0.000859752 0.00945315 0.999954 0.0256609 0.0158625 0.153193
FixedParameters: 0 0 0

#Transform 118
Transform: AffineTransform_float_3_3
Parameters: 0.999999 -0.000965898 -0.00103106 0.000955736 0.99995 -0.00989678 0.00104055 0.00989613 0.999951 0.0271371 -0.041107 0.176053
FixedParameters: 0 0 0

#Transform 119
Transform: AffineTransform_float_3_3
Parameters: 0.999999 -0.000909027 -0.00105499 0.000898971 0.99995 -0.00989704 0.00106417 0.00989645 0.999951 0.0278966 -0.0149754 0.225904
FixedParameters: 0 0 0

#Transform 120
Transform: AffineTransform_float_3_3
Parameters: 0.999999 -0.00088946 -0.000874167 0.000881306 0.999955 -0.00944582 0.000882532 0.00944513 0.999954 0.0214698 0.0454391 0.160861
FixedParameters: 0 0 0

#Transform 121
Transform: AffineTransform_float_3_3
Parameters: 0.999999 -0.000842775 -0.000916698 0.000833955 0.999952 -0.00975751 0.00092544 0.00975683 0.999951 0.0235227 0.00394954 0.175357
FixedParameters: 0 0 0

#Transform 122
Transform: AffineTransform_float_3_3
Parameters: 0.999999 -0.000802004 -0.000942024 0.000792652 0.999952 -0.00977076 0.000949954 0.0097705 0.999952 0.0214043 -0.0144394 0.197585
FixedParameters: 0 0 0

#Transform 123
Transform: AffineTransform_float_3_3
Parameters: 0.999999 -0.000787757 -0.000945557 0.000778481 0.999953 -0.00966026 0.000953073 0.00965914 0.999953 0.0177763 -0.0241138 0.201711
FixedParameters: 0 0 0

#Transform 124
Transform: AffineTransform_float_3_3
Parameters: 0.999999 -0.000601511 -0.000719037 0.0005939 0.999951 -0.00986357 0.000724661 0.00986298 0.999951 0.0132152 -0.0321408 0.205745
FixedParameters: 0 0 0

#Transform 125
Transform: AffineTransform_float_3_3
Parameters: 0.999999 -0.00071601 -0.000886843 0.000706715 0.99995 -0.00990634 0.000893755 0.00990629 0.999951 0.0162376 -0.0714641 0.205567
FixedParameters: 0 0 0

#Transform 126
Transform: AffineTransform_float_3_3
Parameters: 0.999999 -0.00075568 -0.000948676 0.000747325 0.999957 -0.00930548 0.000956025 0.0093044 0.999956 0.0150419 -0.0595027 0.27161
FixedParameters: 0 0 0

#Transform 127
Transform: AffineTransform_float_3_3
Parameters: 0.999999 -0.000571349 -0.000837012 0.000563944 0.999962 -0.00872585 0.000841532 0.00872605 0.999962 0.0149516 0.0633074 0.182295
FixedParameters: 0 0 0

#Transform 128
Transform: AffineTransform_float_3_3
Parameters: 0.999999 -0.000550117 -0.000772965 0.000543102 0.999958 -0.00913916 0.000778781 0.00913854 0.999958 0.012341 0.0277513 0.186404
FixedParameters: 0 0 0

#Transform 129
Transform: AffineTransform_float_3_3
Parameters: 0.999999 -0.000544124 -0.000956319 0.000534818 0.999953 -0.00966349 0.00096136 0.00966276 0.999953 0.0174551 -0.023171 0.20038
FixedParameters: 0 0 0

#Transform 130
Transform: AffineTransform_float_3_3
Parameters: 0.999999 -0.000532917 -0.000916534 0.000524552 0.999961 -0.00880639 0.00092128 0.00880568 0.999961 0.0148679 0.020651 0.210834
FixedParameters: 0 0 0

#Transform 131
Transform: AffineTransform_float_3_3
Parameters: 0.999999 -0.000638807 -0.00102779 0.000629191 0.999955 -0.00948772 0.001034 0.00948763 0.999955 0.0238302 -0.0676441 0.178553
FixedParameters: 0 0 0

#Transform 132
Transform: AffineTransform_float_3_3
Parameters: 0.999999 -0.000541888 -0.00084629 0.000534572 0.999964 -0.00854139 0.000850136 0.00854076 0.999963 0.0185908 0.0436604 0.175571
FixedParameters: 0 0 0

#Transform 133
Transform: AffineTransform_float_3_3
Parameters: 0.999999 -0.000444406 -0.000787429 0.000437472 0.999961 -0.00880243 0.000791133 0.00880195 0.999961 0.00842535 0.0379476 0.173898
FixedParameters: 0 0 0

#Transform 134
Transform: AffineTransform_float_3_3
Parameters: 0.999999 -0.00040523 -0.000794262 0.00039842 0.999959 -0.00909616 0.000798256 0.00909573 0.999959 0.00714479 -0.00115582 0.19353
FixedParameters: 0 0 0

#Transform 135
Transform: AffineTransform_float_3_3
Parameters: 0.999998 -0.00107651 -0.00162711 0.00106242 0.999962 -0.00861895 0.00163613 0.00861689 0.999962 0.0249316 -0.0741543 0.228963
FixedParameters: 0 0 0

#Transform 136
Transform: AffineTransform_float_3_3
Parameters: 0.999998 -0.0010493 -0.00165136 0.00103567 0.999961 -0.00878831 0.00166058 0.00878717 0.99996 0.0323415 0.0148159 0.232522
FixedParameters: 0 0 0

#Transform 137
Transform: AffineTransform_float_3_3
Parameters: 0.999998 -0.000899593 -0.00165039 0.000884399 0.999957 -0.00926487 0.00165899 0.00926331 0.999956 0.0322017 -0.00255483 0.232455
FixedParameters: 0 0 0

#Transform 138
Transform: AffineTransform_float_3_3
Parameters: 0.999998 -0.00120092 -0.00181717 0.00118547 0.999961 -0.00881854 0.00182724 0.00881572 0.999959 0.033605 -0.098301 0.249808
FixedParameters: 0 0 0

#Transform 139
Transform: AffineTransform_float_3_3
Parameters: 0.999997 -0.0010822 -0.00183309 0.00106567 0.999959 -0.00897727 0.00184269 0.0089748 0.999958 0.0298414 -0.0660305 0.295902
FixedParameters: 0 0 0

#Transform 140
Transform: AffineTransform_float_3_3
Parameters: 0.999998 -0.000956817 -0.00174443 0.000939783 0.999954 -0.00959395 0.00175408 0.00959206 0.999953 0.0231133 -0.000153757 0.265064
FixedParameters: 0 0 0

#Transform 141
Transform: AffineTransform_float_3_3
Parameters: 0.999999 -0.000571199 -0.00157839 0.000555523 0.999953 -0.00970778 0.00158394 0.00970593 0.999952 0.0271013 -0.0358093 0.259141
FixedParameters: 0 0 0

#Transform 142
Transform: AffineTransform_float_3_3
Parameters: 0.999999 -0.000537468 -0.00133946 0.000524157 0.999957 -0.00931242 0.00134482 0.00931133 0.999955 0.0122556 -0.0563863 0.275517
FixedParameters: 0 0 0

#Transform 143
Transform: AffineTransform_float_3_3
Parameters: 0.999999 -0.0005712 -0.00128141 0.00055905 0.999959 -0.00900452 0.00128631 0.00900341 0.999958 0.0125423 -0.0110226 0.271619
FixedParameters: 0 0 0

#Transform 144
Transform: AffineTransform_float_3_3
Parameters: 0.999999 -0.000444015 -0.00149232 0.000429572 0.999958 -0.00917061 0.00149616 0.00916916 0.999957 0.00856903 0.00290315 0.247715
FixedParameters: 0 0 0

#Transform 145
Transform: AffineTransform_float_3_3
Parameters: 0.999999 -0.000351889 -0.00114286 0.000340676 0.999957 -0.00928551 0.00114575 0.00928498 0.999956 0.00185816 -0.0235001 0.254025
FixedParameters: 0 0 0

#Transform 146
Transform: AffineTransform_float_3_3
Parameters: 0.999998 -0.000537724 -0.00133026 0.000525344 0.999956 -0.00939452 0.0013351 0.00939299 0.999955 0.0110511 -0.0842733 0.275239
FixedParameters: 0 0 0

#Transform 147
Transform: AffineTransform_float_3_3
Parameters: 0.999999 -0.000330641 -0.0013708 0.000318744 0.999963 -0.00863064 0.00137297 0.00863005 0.999962 0.00731671 -0.0172213 0.253449
FixedParameters: 0 0 0

#Transform 148
Transform: AffineTransform_float_3_3
Parameters: 0.999999 -0.00025861 -0.00138286 0.000246295 0.99996 -0.00893309 0.00138469 0.00893307 0.999959 0.00330805 -0.0168363 0.246305
FixedParameters: 0 0 0

#Transform 149
Transform: AffineTransform_float_3_3
Parameters: 1 -0.000182295 -0.00129714 0.000170637 0.999957 -0.00921507 0.00129896 0.00921436 0.999957 0.00127686 -0.0393103 0.275648
FixedParameters: 0 0 0

#Transform 150
Transform: AffineTransform_float_3_3
Parameters: 0.999999 -0.000215891 -0.00122515 0.000204791 0.999956 -0.00938585 0.00122676 0.00938647 0.999955 -4.84292e-05 -0.0458902 0.293156
FixedParameters: 0 0 0

#Transform 151
Transform: AffineTransform_float_3_3
Parameters: 0.999999 -0.000340267 -0.00109267 0.000329667 0.999955 -0.00946312 0.00109542 0.00946353 0.999955 0.00489892 -0.0553553 0.282601
FixedParameters: 0 0 0

#Transform 152
Transform: AffineTransform_float_3_3
Parameters: 0.999999 -0.000482709 -0.00135698 0.000470057 0.999955 -0.00947951 0.0013618 0.00947944 0.999954 0.0100138 -0.116681 0.326265
FixedParameters: 0 0 0

#Transform 153
Transform: AffineTransform_float_3_3
Parameters: 1 -0.000280417 -0.00129322 0.000268987 0.999959 -0.00904908 0.00129465 0.00904955 0.999958 0.00427184 0.0135753 0.255971
FixedParameters: 0 0 0

#Transform 154
Transform: AffineTransform_float_3_3
Parameters: 0.999999 -4.66433e-05 -0.00143045 3.36397e-05 0.99996 -0.00896183 0.00143067 0.00896144 0.999959 0.000144102 -0.0156186 0.256466
FixedParameters: 0 0 0

#Transform 155
Transform: AffineTransform_float_3_3
Parameters: 1 -6.98939e-07 -0.00137182 -1.12545e-05 0.99996 -0.00896468 0.00137123 0.00896442 0.999959 -0.00511076 -0.00309767 0.269253
FixedParameters: 0 0 0

#Transform 156
Transform: AffineTransform_float_3_3
Parameters: 0.999999 0.000221233 -0.00134103 -0.000233955 0.999957 -0.00928635 0.00133896 0.00928707 0.999956 -0.00952976 -0.00104913 0.263059
FixedParameters: 0 0 0

#Transform 157
Transform: AffineTransform_float_3_3
Parameters: 0.999999 6.34602e-05 -0.00152644 -7.77773e-05 0.999955 -0.00958729 0.0015256 0.00958772 0.999953 -0.00329152 -0.0558658 0.249691
FixedParameters: 0 0 0

#Transform 158
Transform: AffineTransform_float_3_3
Parameters: 0.999999 -3.1606e-06 -0.00155908 -1.27878e-05 0.999951 -0.00999429 0.00155934 0.00999452 0.999949 -0.00760224 -0.071332 0.328088
FixedParameters: 0 0 0

#Transform 159
Transform: AffineTransform_float_3_3
Parameters: 0.999999 0.000225928 -0.00147433 -0.000239357 0.999959 -0.00910168 0.00147268 0.00910248 0.999957 -0.0111494 0.027117 0.269168
FixedParameters: 0 0 0

#Transform 160
Transform: AffineTransform_float_3_3
Parameters: 0.999999 0.000200362 -0.00140448 -0.000213147 0.999958 -0.00913838 0.00140239 0.00913862 0.999957 -0.0143875 -0.0240436 0.270522
FixedParameters: 0 0 0

#Transform 161
Transform: AffineTransform_float_3_3
Parameters: 0.999999 0.000297475 -0.00155116 -0.000311852 0.999955 -0.00948964 0.00154816 0.00949072 0.999954 -0.0133303 -0.0512431 0.305608
FixedParameters: 0 0 0

#Transform 162
Transform: AffineTransform_float_3_3
Parameters: 0.999999 0.000277972 -0.00140563 -0.000291534 0.999956 -0.00933294 0.0014033 0.00933335 0.999955 -0.0183931 -0.0340047 0.315407
FixedParameters: 0 0 0

#Transform 163
Transform: AffineTransform_float_3_3
Parameters: 0.999999 0.000311813 -0.00148885 -0.000325869 0.999957 -0.0092749 0.00148544 0.00927597 0.999956 -0.0138618 -0.0542517 0.30139
FixedParameters: 0 0 0

#Transform 164
Transform: AffineTransform_float_3_3
Parameters: 0.999999 -2.64661e-05 -0.00141409 1.21902e-05 0.999947 -0.0103221 0.00141388 0.0103223 0.999945 -0.00717787 -0.11648 0.342572
FixedParameters: 0 0 0

#Transform 165
Transform: AffineTransform_float_3_3
Parameters: 0.999999 0.000163253 -0.0014832 -0.00017683 0.999955 -0.00944823 0.00148191 0.00944841 0.999954 -0.00957357 -0.00375384 0.318673
FixedParameters: 0 0 0

#Transform 166
Transform: AffineTransform_float_3_3
Parameters: 0.999999 0.000515498 -0.00133166 -0.000527544 0.999958 -0.0091087 0.00132659 0.00910963 0.999958 -0.0190409 0.00641798 0.289924
FixedParameters: 0 0 0

#Transform 167
Transform: AffineTransform_float_3_3
Parameters: 0.999999 0.000198386 -0.00167633 -0.000214073 0.999956 -0.00939718 0.00167473 0.00939756 0.999954 -0.0162129 -0.0527986 0.299133
FixedParameters: 0 0 0

#Transform 168
Transform: AffineTransform_float_3_3
Parameters: 0.999999 0.000354082 -0.00159873 -0.000368016 0.99996 -0.00895634 0.00159521 0.00895714 0.999959 -0.0194618 0.0099877 0.290914
FixedParameters: 0 0 0

#Transform 169
Transform: AffineTransform_float_3_3
Parameters: 0.999998 0.000381933 -0.00174392 -0.000399036 0.999956 -0.00934457 0.00174027 0.00934469 0.999954 -0.0180722 -0.018229 0.305804
FixedParameters: 0 0 0

#Transform 170
Transform: AffineTransform_float_3_3
Parameters: 0.999998 0.000521401 -0.00168923 -0.000536278 0.999959 -0.00910178 0.00168419 0.00910231 0.999957 -0.0231853 -0.00746209 0.282426
FixedParameters: 0 0 0

#Transform 171
Transform: AffineTransform_float_3_3
Parameters: 0.999998 0.000327041 -0.00190211 -0.000345663 0.999954 -0.00958059 0.00189904 0.00958107 0.999953 -0.0181198 -0.0669358 0.294359
FixedParameters: 0 0 0

#Transform 172
Transform: AffineTransform_float_3_3
Parameters: 0.999998 0.000474273 -0.00173421 -0.000490776 0.999956 -0.00936689 0.00172965 0.0093677 0.999955 -0.0193754 -0.0360791 0.304529
FixedParameters: 0 0 0

#Transform 173
Transform: AffineTransform_float_3_3
Parameters: 0.999999 0.000459174 -0.00189865 -0.000475918 0.999962 -0.0087401 0.00189471 0.00874064 0.99996 -0.0259611 0.00403227 0.277166
FixedParameters: 0 0 0

#Transform 174
Transform: AffineTransform_float_3_3
Parameters: 0.999998 0.000484895 -0.00205676 -0.000503896 0.999958 -0.00922701 0.00205156 0.00922873 0.999955 -0.0162275 -0.0651004 0.291354
FixedParameters: 0 0 0

#Transform 175
Transform: AffineTransform_float_3_3
Parameters: 0.999998 0.000519324 -0.00206194 -0.000537297 0.99996 -0.00889991 0.00205654 0.0089013 0.999959 -0.0203742 -0.0262995 0.317516
FixedParameters: 0 0 0

#Transform 176
Transform: AffineTransform_float_3_3
Parameters: 0.999998 0.000685385 -0.00206901 -0.000700081 0.999975 -0.00695849 0.00206376 0.0069596 0.999974 -0.0248927 -0.0163406 0.206863
FixedParameters: 0 0 0

#Transform 177
Transform: AffineTransform_float_3_3
Parameters: 0.999997 0.000422814 -0.00250691 -0.000438842 0.999981 -0.00615932 0.00250432 0.00616021 0.999978 0.00602366 -0.0513516 0.0228728
FixedParameters: 0 0 0

#Transform 178
Transform: AffineTransform_float_3_3
Parameters: 0.999998 0.000507258 -0.00211421 -0.00052012 0.999983 -0.00579741 0.00211174 0.0057987 0.999981 -0.0229355 0.0680359 0.0227231
FixedParameters: 0 0 0

#Transform 179
Transform: AffineTransform_float_3_3
Parameters: 0.999997 0.000674929 -0.00208735 -0.000687379 0.999982 -0.00591338 0.0020836 0.00591533 0.999981 -0.0287975 0.0107074 0.0785367
FixedParameters: 0 0 0

#Transform 180
Transform: AffineTransform_float_3_3
Parameters: 0.999997 0.000746299 -0.00221073 -0.000760629 0.999979 -0.00649622 0.00220631 0.00649778 0.999976 -0.0303381 -0.0150337 0.153026
FixedParameters: 0 0 0

#Transform 181
Transform: AffineTransform_float_3_3
Parameters: 0.999997 0.000904377 -0.00236904 -0.000919023 0.999979 -0.00640433 0.00236312 0.00640689 0.999977 -0.0324566 -0.028849 0.150147
FixedParameters: 0 0 0

#Transform 182
Transform: AffineTransform_float_3_3
Parameters: 0.999996 0.000965801 -0.00221626 -0.000981143 0.999978 -0.00651363 0.00220942 0.00651566 0.999976 -0.0306609 -0.0522907 0.136827
FixedParameters: 0 0 0

#Transform 183
Transform: AffineTransform_float_3_3
Parameters: 0.999997 0.000995544 -0.00223273 -0.00100966 0.999978 -0.00648479 0.00222599 0.00648747 0.999976 -0.0317093 -0.0167198 0.154852
FixedParameters: 0 0 0

#Transform 184
Transform: AffineTransform_float_3_3
Parameters: 0.999997 0.00102966 -0.00236048 -0.0010452 0.999978 -0.00643258 0.00235336 0.0064352 0.999977 -0.0330106 0.0069192 0.127804
FixedParameters: 0 0 0

#Transform 185
Transform: AffineTransform_float_3_3
Parameters: 0.999997 0.00106189 -0.00228907 -0.00107844 0.999976 -0.00682444 0.00228194 0.00682613 0.999974 -0.0323833 -0.00909188 0.13459
FixedParameters: 0 0 0

#Transform 186
Transform: AffineTransform_float_3_3
Parameters: 0.999997 0.000807456 -0.00229023 -0.00082418 0.99997 -0.00762439 0.0022844 0.00762638 0.999968 -0.0287835 -0.0651806 0.22005
FixedParameters: 0 0 0

#Transform 187
Transform: AffineTransform_float_3_3
Parameters: 0.999997 0.00104797 -0.00198628 -0.00106152 0.999977 -0.00677393 0.00197918 0.00677673 0.999975 -0.0342627 0.0487866 0.164783
FixedParameters: 0 0 0

#Transform 188
Transform: AffineTransform_float_3_3
Parameters: 0.999997 0.000981805 -0.00237623 -0.000996978 0.99998 -0.0063158 0.00237 0.00631783 0.999977 -0.0299518 -0.0171384 0.147708
FixedParameters: 0 0 0

#Transform 189
Transform: AffineTransform_float_3_3
Parameters: 0.999997 0.000902412 -0.00213909 -0.000917445 0.999977 -0.00669664 0.00213274 0.00669873 0.999975 -0.0318574 -0.0146317 0.198205
FixedParameters: 0 0 0
