#Insight Transform File V1.0
#Transform 0
Transform: AffineTransform_float_3_3
Parameters: 0.999998 -0.000169137 0.00230518 0.000168953 1 -3.15444e-06 -0.0023052 3.36684e-06 0.999998 -0.0272128 0.049646 0.0485985
FixedParameters: 0 0 0

#Transform 1
Transform: AffineTransform_float_3_3
Parameters: 0.999998 -7.42038e-05 0.00196976 7.58231e-05 1 -0.0006565 -0.00196918 0.000656676 0.999998 -0.0182628 0.0987248 0.0248278
FixedParameters: 0 0 0

#Transform 2
Transform: AffineTransform_float_3_3
Parameters: 0.999998 -3.49793e-05 0.00199712 3.62924e-05 1 -0.000565472 -0.00199657 0.000565975 0.999998 -0.0138379 0.0469883 -0.0321637
FixedParameters: 0 0 0

#Transform 3
Transform: AffineTransform_float_3_3
Parameters: 0.999999 -2.51369e-05 0.000796314 2.21253e-05 0.999995 0.00332878 -0.000795493 -0.00332874 0.999994 -0.00856365 -0.0415812 -0.0595216
FixedParameters: 0 0 0

#Transform 4
Transform: AffineTransform_float_3_3
Parameters: 1 0.000419139 0.00108084 -0.000420985 0.999998 0.00164806 -0.00108047 -0.00164802 0.999998 -0.0209646 0.152143 -0.0833851
FixedParameters: 0 0 0

#Transform 5
Transform: AffineTransform_float_3_3
Parameters: 0.999999 0.00039202 0.00155019 -0.000393842 0.999998 0.00157555 -0.00154965 -0.00157629 0.999997 -0.0372218 0.106927 -0.0461965
FixedParameters: 0 0 0

#Transform 6
Transform: AffineTransform_float_3_3
Parameters: 0.999999 0.00041508 0.00098839 -0.000417156 0.999998 0.00198862 -0.000987828 -0.00198849 0.999998 -0.0241564 0.0941432 -0.0376866
FixedParameters: 0 0 0

#Transform 7
Transform: AffineTransform_float_3_3
Parameters: 1 0.000688767 0.000981173 -0.000691391 0.999997 0.00228308 -0.000979115 -0.00228436 0.999997 -0.03659 0.0573105 -0.0188738
FixedParameters: 0 0 0

#Transform 8
Transform: AffineTransform_float_3_3
Parameters: 0.999999 0.000746404 0.00107995 -0.000749127 0.999996 0.00251808 -0.00107779 -0.00251871 0.999996 -0.0314074 0.039737 -0.0124948
FixedParameters: 0 0 0

#Transform 9
Transform: AffineTransform_float_3_3
Parameters: 0.999999 0.000550817 0.000747471 -0.000553076 0.999997 0.00245617 -0.000746752 -0.0024569 0.999996 -0.025873 -0.0262593 -0.00546276
FixedParameters: 0 0 0

#Transform 10
Transform: AffineTransform_float_3_3
Parameters: 0.999999 0.000359667 0.000819859 -0.000361232 0.999998 0.00208567 -0.000819449 -0.00208531 0.999998 -0.031351 0.0341727 -0.0114384
FixedParameters: 0 0 0

#Transform 11
Transform: AffineTransform_float_3_3
Parameters: 0.999999 0.000521777 0.000964761 -0.000522991 0.999998 0.00203432 -0.000964237 -0.00203434 0.999998 -0.0292322 0.0522167 -0.0115916
FixedParameters: 0 0 0

#Transform 12
Transform: AffineTransform_float_3_3
Parameters: 0.999999 0.000720545 0.00113051 -0.000721911 0.999999 0.000983164 -0.00112959 -0.00098476 0.999999 -0.0315843 0.0886558 -0.0213579
FixedParameters: 0 0 0

#Transform 13
Transform: AffineTransform_float_3_3
Parameters: 0.999999 0.00069911 0.00112055 -0.000700536 0.999999 0.00117455 -0.00112078 -0.00117515 0.999999 -0.0312765 0.079168 -0.0556965
FixedParameters: 0 0 0

#Transform 14
Transform: AffineTransform_float_3_3
Parameters: 1 0.000372461 0.00100747 -0.000373445 1 0.000454607 -0.00100709 -0.000454483 1 -0.0140808 0.0484169 -0.0386881
FixedParameters: 0 0 0

#Transform 15
Transform: AffineTransform_float_3_3
Parameters: 1 0.000309044 0.000331068 -0.00030891 1 -0.000202635 -0.000331193 0.00020243 1 -0.00903353 0.13431 -0.0189378
FixedParameters: 0 0 0

#Transform 16
Transform: AffineTransform_float_3_3
Parameters: 1 0.000185483 0.00047001 -0.000184611 0.999999 -0.000926098 -0.000470352 0.000926801 1 -0.00497728 0.152518 -0.0427951
FixedParameters: 0 0 0

#Transform 17
Transform: AffineTransform_float_3_3
Parameters: 1 -5.34359e-05 0.000622506 5.42746e-05 0.999999 -0.000690541 -0.000622465 0.000690127 1 0.000728342 0.100732 -0.0176462
FixedParameters: 0 0 0

#Transform 18
Transform: AffineTransform_float_3_3
Parameters: 1 -0.000104155 0.000667144 0.000104628 0.999999 -0.000369802 -0.000667101 0.000369461 1 -0.00155716 0.0829544 0.0131298
FixedParameters: 0 0 0

#Transform 19
Transform: AffineTransform_float_3_3
Parameters: 1 -0.000135985 0.000686008 0.000136472 0.999999 -0.000369804 -0.000685941 0.000369511 1 -0.00584062 0.0705752 0.0428364
FixedParameters: 0 0 0

#Transform 20
Transform: AffineTransform_float_3_3
Parameters: 1 0.000365224 0.000427565 -0.000365626 1 0.000469433 -0.000427222 -0.000469745 1 -0.0181506 0.0201282 -0.0235109
FixedParameters: 0 0 0

#Transform 21
Transform: AffineTransform_float_3_3
Parameters: 1 0.000269862 -0.000469237 -0.000268565 0.999999 0.00177837 0.000469257 -0.00177809 0.999999 0.0120624 0.0336822 -0.0371129
FixedParameters: 0 0 0

#Transform 22
Transform: AffineTransform_float_3_3
Parameters: 1 0.000177753 -6.73744e-05 -0.000177621 0.999999 0.000973623 6.77204e-05 -0.000973599 0.999999 0.00897319 0.104373 -0.0385648
FixedParameters: 0 0 0

#Transform 23
Transform: AffineTransform_float_3_3
Parameters: 1 0.00030149 0.000147598 -0.000301724 0.999999 0.000792642 -0.00014712 -0.000792731 0.999999 -0.00688934 0.0904032 -0.0496089
FixedParameters: 0 0 0

#Transform 24
Transform: AffineTransform_float_3_3
Parameters: 1 -0.000475964 0.00015539 0.000475638 0.999999 0.00126498 -0.000156632 -0.00126483 0.999999 0.000557123 0.0370477 -0.0080177
FixedParameters: 0 0 0

#Transform 25
Transform: AffineTransform_float_3_3
Parameters: 1 -0.000186846 4.86553e-05 0.000186762 0.999999 0.000858642 -4.89761e-05 -0.000858624 0.999999 0.00577964 0.131377 -0.0334538
FixedParameters: 0 0 0

#Transform 26
Transform: AffineTransform_float_3_3
Parameters: 1 7.60889e-06 0.000341699 -7.98582e-06 1 0.000551557 -0.00034169 -0.000551562 1 -0.00313321 0.124261 -0.0454447
FixedParameters: 0 0 0

#Transform 27
Transform: AffineTransform_float_3_3
Parameters: 1 6.48057e-06 0.000339675 -6.81521e-06 1 0.000492603 -0.000339668 -0.000492608 1 -0.00777634 0.100638 -0.0183816
FixedParameters: 0 0 0

#Transform 28
Transform: AffineTransform_float_3_3
Parameters: 1 0.000323052 0.000143815 -0.000323119 1 0.000305709 -0.000143584 -0.000305322 0.999999 -0.00489338 0.084247 0.0113837
FixedParameters: 0 0 0

#Transform 29
Transform: AffineTransform_float_3_3
Parameters: 1 0.000337188 0.000136325 -0.000337277 1 0.000324966 -0.000136106 -0.000325057 1 -0.00872521 0.0705723 0.0286511
FixedParameters: 0 0 0

#Transform 30
Transform: AffineTransform_float_3_3
Parameters: 1 0.000379381 0.000101163 -0.000379402 1 0.000104183 -0.000101083 -0.00010426 1 -0.0113499 0.0676676 0.0189697
FixedParameters: 0 0 0

#Transform 31
Transform: AffineTransform_float_3_3
Parameters: 1 -0.000191742 0.000374875 0.000191748 1 -8.05424e-06 -0.000374872 8.198e-06 1 -0.00508669 -0.0399798 0.093515
FixedParameters: 0 0 0

#Transform 32
Transform: AffineTransform_float_3_3
Parameters: 1 0.000301809 0.000148835 -0.000301851 1 0.000142083 -0.00014875 -0.000142173 1 -0.00458722 0.0995813 0.0171795
FixedParameters: 0 0 0

#Transform 33
Transform: AffineTransform_float_3_3
Parameters: 1 0.000415611 0.000568484 -0.000417089 0.999998 0.00223694 -0.000567246 -0.00223737 0.999998 -0.0222351 0.0040464 -0.0625605
FixedParameters: 0 0 0

#Transform 34
Transform: AffineTransform_float_3_3
Parameters: 0.999999 0.000525942 0.00075141 -0.000527151 0.999999 0.000805658 -0.00075056 -0.000805572 1 -0.0113351 0.116455 -0.0620047
FixedParameters: 0 0 0

#Transform 35
Transform: AffineTransform_float_3_3
Parameters: 1 0.000352021 0.0010612 -0.000352131 1 0.000424158 -0.00106137 -0.000423995 0.999999 -0.0285163 0.148208 -0.0463706
FixedParameters: 0 0 0

#Transform 36
Transform: AffineTransform_float_3_3
Parameters: 0.999999 0.000478789 0.00116144 -0.000479765 1 0.000391026 -0.00116103 -0.000391263 0.999999 -0.0362299 0.120358 -0.0128964
FixedParameters: 0 0 0

#Transform 37
Transform: AffineTransform_float_3_3
Parameters: 0.999999 0.000615234 0.000901929 -0.000616385 1 0.000650216 -0.000901093 -0.000649969 0.999999 -0.0283771 0.0839289 0.0108865
FixedParameters: 0 0 0

#Transform 38
Transform: AffineTransform_float_3_3
Parameters: 1 0.000600623 0.00087724 -0.000601802 0.999999 0.000633621 -0.000876437 -0.0006338 1 -0.0268057 0.0543507 0.0281249
FixedParameters: 0 0 0

#Transform 39
Transform: AffineTransform_float_3_3
Parameters: 1 0.000741039 0.000843235 -0.000742013 0.999999 0.000536881 -0.000842398 -0.000537256 1 -0.0177097 -0.0165803 0.0656819
FixedParameters: 0 0 0

#Transform 40
Transform: AffineTransform_float_3_3
Parameters: 0.999999 0.000809103 0.000954875 -0.000809457 1 0.000149274 -0.000954593 -0.000149944 1 -0.0204677 -0.0491824 0.0678958
FixedParameters: 0 0 0

#Transform 41
Transform: AffineTransform_float_3_3
Parameters: 1 0.000724811 0.000686892 -0.000725108 0.999999 0.000165956 -0.000686612 -0.000166953 1 -0.015251 -0.00704583 0.0974992
FixedParameters: 0 0 0

#Transform 42
Transform: AffineTransform_float_3_3
Parameters: 0.999999 0.00054412 0.000801296 -0.000543342 1 4.95409e-05 -0.00080175 -5.03783e-05 0.999999 -0.0209976 0.101341 0.029364
FixedParameters: 0 0 0

#Transform 43
Transform: AffineTransform_float_3_3
Parameters: 0.999999 0.000128029 0.00135063 -0.000128079 1 -1.42982e-05 -0.00135063 1.43474e-05 0.999999 -0.0178978 0.0808837 0.0223408
FixedParameters: 0 0 0

#Transform 44
Transform: AffineTransform_float_3_3
Parameters: 1 0.000580982 0.000841277 -0.000580757 1 -0.000174356 -0.000841439 0.000174254 1 -0.0175355 0.131905 0.0322488
FixedParameters: 0 0 0

#Transform 45
Transform: AffineTransform_float_3_3
Parameters: 1 0.000373589 0.000142941 -0.000374179 0.999993 0.00353055 -0.000140535 -0.00353065 0.999994 0.00255832 0.0598637 -0.313368
FixedParameters: 0 0 0

#Transform 46
Transform: AffineTransform_float_3_3
Parameters: 1 0.000369552 0.000135648 -0.000370034 0.999995 0.00332072 -0.000133425 -0.00332081 0.999995 -0.00284529 0.0798735 -0.173112
FixedParameters: 0 0 0

#Transform 47
Transform: AffineTransform_float_3_3
Parameters: 1 0.000397081 0.000181922 -0.00039834 0.999996 0.00301332 -0.00018058 -0.00301344 0.999996 -0.00660483 0.173619 -0.137792
FixedParameters: 0 0 0

#Transform 48
Transform: AffineTransform_float_3_3
Parameters: 1 0.000554389 0.000328803 -0.000555159 0.999993 0.00374773 -0.000326792 -0.003748 0.999993 -0.0199886 0.116058 -0.085354
FixedParameters: 0 0 0

#Transform 49
Transform: AffineTransform_float_3_3
Parameters: 0.999999 0.000807554 -0.000123351 -0.000807671 0.999989 0.00465533 0.000127003 -0.00465503 0.999989 -0.0182425 0.0700629 -0.0576192
FixedParameters: 0 0 0

#Transform 50
Transform: AffineTransform_float_3_3
Parameters: 0.999999 0.000779861 -0.000170181 -0.000779297 0.999987 0.00496932 0.000173982 -0.00496984 0.999987 -0.0184413 0.046865 -0.0508751
FixedParameters: 0 0 0

#Transform 51
Transform: AffineTransform_float_3_3
Parameters: 0.999999 0.000703523 -0.000298999 -0.000701762 0.99998 0.00629779 0.000303279 -0.00629728 0.99998 -0.0166694 0.0243261 -0.0675984
FixedParameters: 0 0 0

#Transform 52
Transform: AffineTransform_float_3_3
Parameters: 1 0.000459316 -0.000834395 -0.000454043 0.99998 0.00642113 0.000837721 -0.00642041 0.999979 0.00155516 -0.0428939 -0.069705
FixedParameters: 0 0 0

#Transform 53
Transform: AffineTransform_float_3_3
Parameters: 1 0.0006766 -8.4761e-05 -0.000675974 0.999978 0.00663008 8.94329e-05 -0.00662986 0.999978 -0.00816983 0.0932304 -0.103651
FixedParameters: 0 0 0

#Transform 54
Transform: AffineTransform_float_3_3
Parameters: 0.999999 0.000818356 -0.000102675 -0.000818327 0.999981 0.00605508 0.000107545 -0.00605566 0.999981 -0.0161338 0.10002 -0.0946445
FixedParameters: 0 0 0

#Transform 55
Transform: AffineTransform_float_3_3
Parameters: 1 0.000736762 -6.03914e-05 -0.000736057 0.999983 0.00576539 6.42736e-05 -0.00576517 0.999984 -0.0108692 0.0848393 -0.0786783
FixedParameters: 0 0 0

#Transform 56
Transform: AffineTransform_float_3_3
Parameters: 0.999999 0.000841245 6.41072e-05 -0.00084206 0.999985 0.00536868 -5.96012e-05 -0.00536865 0.999986 -0.0210306 0.0802868 -0.0483635
FixedParameters: 0 0 0

#Transform 57
Transform: AffineTransform_float_3_3
Parameters: 0.999999 0.000937314 0.000207567 -0.000938844 0.999983 0.00579711 -0.000201807 -0.00579732 0.999983 -0.0274008 0.066848 -0.0396633
FixedParameters: 0 0 0

#Transform 58
Transform: AffineTransform_float_3_3
Parameters: 0.999999 0.000953075 0.000127224 -0.00095414 0.999984 0.00568785 -0.00012232 -0.00568829 0.999983 -0.0261357 0.0583861 -0.0286229
FixedParameters: 0 0 0

#Transform 59
Transform: AffineTransform_float_3_3
Parameters: 0.999999 0.000781778 -0.000166339 -0.000780984 0.999986 0.00534946 0.000170675 -0.00534998 0.999986 -0.0195055 0.0285475 -0.0256126
FixedParameters: 0 0 0

#Transform 60
Transform: AffineTransform_float_3_3
Parameters: 0.999999 0.000607087 -0.000583927 -0.000603827 0.999987 0.00516824 0.000587216 -0.00516838 0.999986 -0.0054685 0.018902 -0.00548905
FixedParameters: 0 0 0

#Transform 61
Transform: AffineTransform_float_3_3
Parameters: 1 0.000596558 -0.000237637 -0.000595609 0.999987 0.00510173 0.000241141 -0.0051014 0.999987 -0.00451897 0.116316 -0.0402153
FixedParameters: 0 0 0

#Transform 62
Transform: AffineTransform_float_3_3
Parameters: 0.999999 0.000758917 -1.59185e-05 -0.000758518 0.999987 0.00498034 1.98817e-05 -0.00498108 0.999987 -0.0104706 0.10123 -0.0378464
FixedParameters: 0 0 0

#Transform 63
Transform: AffineTransform_float_3_3
Parameters: 0.999999 0.000558156 -0.000548859 -0.000555534 0.999988 0.00498278 0.000551478 -0.00498301 0.999987 0.00257586 0.0286309 -0.0287022
FixedParameters: 0 0 0

#Transform 64
Transform: AffineTransform_float_3_3
Parameters: 1 0.000484834 -0.000243789 -0.000483335 0.999984 0.00568454 0.000246598 -0.00568426 0.999984 -0.00659402 0.0726307 -0.00619805
FixedParameters: 0 0 0

#Transform 65
Transform: AffineTransform_float_3_3
Parameters: 1 0.000608422 8.99033e-05 -0.000608479 0.999986 0.00536259 -8.61565e-05 -0.005363 0.999985 -0.0209477 0.064939 0.00120296
FixedParameters: 0 0 0

#Transform 66
Transform: AffineTransform_float_3_3
Parameters: 0.999999 0.000590407 -0.000493659 -0.000588237 0.999987 0.00507976 0.000496716 -0.00507915 0.999987 -0.0113163 0.0408153 0.00233319
FixedParameters: 0 0 0

#Transform 67
Transform: AffineTransform_float_3_3
Parameters: 0.999999 0.000595775 -0.000484459 -0.000593029 0.999987 0.00516998 0.000488495 -0.00517027 0.999986 -0.0129279 0.02399 -0.0364112
FixedParameters: 0 0 0

#Transform 68
Transform: AffineTransform_float_3_3
Parameters: 1 0.000558656 -0.00102495 -0.000552812 0.999988 0.00495161 0.00102718 -0.00495181 0.999987 0.0043245 -0.0238982 0.0144616
FixedParameters: 0 0 0

#Transform 69
Transform: AffineTransform_float_3_3
Parameters: 0.999999 0.000504353 -0.000640623 -0.000501263 0.999986 0.00524963 0.000643442 -0.00524899 0.999986 0.0024183 0.114015 -0.0202109
FixedParameters: 0 0 0

#Transform 70
Transform: AffineTransform_float_3_3
Parameters: 0.999999 0.00071912 -0.000273766 -0.000718328 0.999987 0.00506963 0.000277616 -0.00506917 0.999987 -0.0139722 0.110427 -0.00218484
FixedParameters: 0 0 0

#Transform 71
Transform: AffineTransform_float_3_3
Parameters: 0.999999 0.000784548 -0.000433354 -0.00078138 0.999988 0.00495548 0.000437167 -0.00495558 0.999987 -0.0103538 0.0800477 0.0189298
FixedParameters: 0 0 0

#Transform 72
Transform: AffineTransform_float_3_3
Parameters: 0.999999 0.000727328 -0.000260173 -0.000726048 0.999989 0.00476732 0.000263194 -0.00476773 0.999988 -0.0172254 0.0588876 0.0449232
FixedParameters: 0 0 0

#Transform 73
Transform: AffineTransform_float_3_3
Parameters: 0.999999 0.000834227 -0.000329094 -0.000832442 0.999989 0.00463304 0.000332948 -0.0046324 0.999989 -0.0174645 0.0367324 0.0225747
FixedParameters: 0 0 0

#Transform 74
Transform: AffineTransform_float_3_3
Parameters: 0.999999 0.00061685 -0.0010521 -0.000612307 0.99999 0.00445726 0.00105582 -0.00445601 0.999989 -0.00354041 -0.0175028 0.0661427
FixedParameters: 0 0 0

#Transform 75
Transform: AffineTransform_float_3_3
Parameters: 0.999999 0.000810107 -0.000302635 -0.000808337 0.999987 0.00489678 0.000306653 -0.0048962 0.999988 -0.0163713 0.0839485 0.0189515
FixedParameters: 0 0 0

#Transform 76
Transform: AffineTransform_float_3_3
Parameters: 0.999999 0.000853208 -0.000340216 -0.00085132 0.999989 0.00463308 0.000344245 -0.0046324 0.999989 -0.0187066 0.0689645 0.0389224
FixedParameters: 0 0 0

#Transform 77
Transform: AffineTransform_float_3_3
Parameters: 0.999999 0.000889017 -0.000356142 -0.000887367 0.999988 0.00474086 0.000359763 -0.00474146 0.999989 -0.0193128 0.0511791 0.0400964
FixedParameters: 0 0 0

#Transform 78
Transform: AffineTransform_float_3_3
Parameters: 0.999999 0.000667375 -0.000629587 -0.000664215 0.999988 0.00482287 0.000633118 -0.004822 0.999988 -0.0130033 0.00326011 0.057217
FixedParameters: 0 0 0

#Transform 79
Transform: AffineTransform_float_3_3
Parameters: 0.999998 0.00125567 -0.00134853 -0.00125081 0.999991 0.00390675 0.00135348 -0.00390516 0.999992 -0.0131626 0.0329379 0.0865202
FixedParameters: 0 0 0

#Transform 80
Transform: AffineTransform_float_3_3
Parameters: 0.999998 0.0012986 -0.000889836 -0.00129427 0.99999 0.00427145 0.000895907 -0.00426992 0.99999 -0.0165974 0.0810863 0.0612577
FixedParameters: 0 0 0

#Transform 81
Transform: AffineTransform_float_3_3
Parameters: 0.999999 0.00136853 -0.000972279 -0.0013643 0.999991 0.004157 0.000977813 -0.0041551 0.999991 -0.0208863 0.0556326 0.0757775
FixedParameters: 0 0 0

#Transform 82
Transform: AffineTransform_float_3_3
Parameters: 0.999998 0.00149067 -0.00112401 -0.00148596 0.999992 0.00384149 0.00112965 -0.00383978 0.999991 -0.0197632 0.0398714 0.0821646
FixedParameters: 0 0 0

#Transform 83
Transform: AffineTransform_float_3_3
Parameters: 0.999996 0.00246293 -0.000749213 -0.00246047 0.999989 0.0040502 0.000759794 -0.00404792 0.999991 0.00846025 -0.00211032 0.157113
FixedParameters: 0 0 0

#Transform 84
Transform: AffineTransform_float_3_3
Parameters: 0.999998 0.00172684 0.000314211 -0.00172788 0.99999 0.00405592 -0.000306774 -0.00405579 0.999991 -0.0399619 0.132851 0.00129827
FixedParameters: 0 0 0

#Transform 85
Transform: AffineTransform_float_3_3
Parameters: 0.999997 0.00229022 -0.000640061 -0.00228512 0.999966 0.00797331 0.000658798 -0.00797251 0.999968 -0.0342619 0.0503082 0.00961027
FixedParameters: 0 0 0

#Transform 86
Transform: AffineTransform_float_3_3
Parameters: 0.999998 0.00211478 -0.000931937 -0.00210713 0.999967 0.00784852 0.000948421 -0.00784591 0.999969 -0.0248644 0.106261 0.0306252
FixedParameters: 0 0 0

#Transform 87
Transform: AffineTransform_float_3_3
Parameters: 0.999998 0.00168221 -0.00106356 -0.00167385 0.999972 0.0072209 0.00107572 -0.00721931 0.999973 -0.0205888 0.0654956 0.0616779
FixedParameters: 0 0 0

#Transform 88
Transform: AffineTransform_float_3_3
Parameters: 0.999998 0.00183602 -0.00137588 -0.00182752 0.999977 0.00656682 0.00138821 -0.00656381 0.999978 -0.0161787 0.0889874 0.105072
FixedParameters: 0 0 0

#Transform 89
Transform: AffineTransform_float_3_3
Parameters: 0.999998 0.00167499 -0.00141369 -0.00166443 0.999973 0.00705474 0.00142537 -0.00705253 0.999974 -0.0149908 0.050254 0.098496
FixedParameters: 0 0 0

#Transform 90
Transform: AffineTransform_float_3_3
Parameters: 0.999997 0.00163447 -0.00138197 -0.00162403 0.999974 0.00698201 0.00139375 -0.00697955 0.999974 -0.0119616 0.0699513 0.0734333
FixedParameters: 0 0 0

#Transform 91
Transform: AffineTransform_float_3_3
Parameters: 0.999997 0.00178777 -0.00157773 -0.00177821 0.999981 0.00598031 0.00158827 -0.0059781 0.999981 -0.0178917 0.0507975 0.116004
FixedParameters: 0 0 0

#Transform 92
Transform: AffineTransform_float_3_3
Parameters: 0.999997 0.0019554 -0.00158418 -0.00194627 0.99998 0.00597857 0.00159587 -0.00597578 0.999981 -0.024257 0.0423056 0.132908
FixedParameters: 0 0 0

#Transform 93
Transform: AffineTransform_float_3_3
Parameters: 0.999997 0.00183114 -0.00159661 -0.00182158 0.999981 0.00592235 0.00160753 -0.00591858 0.999981 -0.0235335 0.0291369 0.10934
FixedParameters: 0 0 0

#Transform 94
Transform: AffineTransform_float_3_3
Parameters: 0.999997 0.00161649 -0.00188836 -0.00160617 0.999984 0.00537469 0.00189639 -0.00537168 0.999984 -0.0138181 -0.00886566 0.139761
FixedParameters: 0 0 0

#Transform 95
Transform: AffineTransform_float_3_3
Parameters: 0.999997 0.00161827 -0.00178051 -0.00160767 0.999983 0.00573183 0.00178967 -0.00572868 0.999982 -0.0115342 0.097268 0.0931606
FixedParameters: 0 0 0

#Transform 96
Transform: AffineTransform_float_3_3
Parameters: 0.999997 0.0016576 -0.00186206 -0.00164642 0.99998 0.00610236 0.00187159 -0.0060988 0.999979 -0.0189133 0.0609234 0.092117
FixedParameters: 0 0 0

#Transform 97
Transform: AffineTransform_float_3_3
Parameters: 0.999996 0.00177414 -0.00208318 -0.00176021 0.999978 0.0064104 0.00209474 -0.00640699 0.999977 -0.00729315 0.071663 0.118232
FixedParameters: 0 0 0

#Transform 98
Transform: AffineTransform_float_3_3
Parameters: 0.999997 0.00171565 -0.0019947 -0.00170333 0.99998 0.00619276 0.00200576 -0.00618944 0.999978 -0.00937343 0.0822384 0.122211
FixedParameters: 0 0 0

#Transform 99
Transform: AffineTransform_float_3_3
Parameters: 0.999996 0.00163918 -0.0021255 -0.00162653 0.999981 0.00599288 0.00213632 -0.00598997 0.999979 -0.00910216 0.0594849 0.143137
FixedParameters: 0 0 0

#Transform 100
Transform: AffineTransform_float_3_3
Parameters: 0.999996 0.00135563 -0.00233739 -0.00134465 0.999987 0.00487525 0.00234466 -0.00487129 0.999985 -0.00837763 0.0141972 0.165764
FixedParameters: 0 0 0

#Transform 101
Transform: AffineTransform_float_3_3
Parameters: 0.999997 0.00145741 -0.00215008 -0.00144665 0.999986 0.00513561 0.00215766 -0.00513254 0.999985 0.000550713 0.0217481 0.177985
FixedParameters: 0 0 0

#Transform 102
Transform: AffineTransform_float_3_3
Parameters: 0.999997 0.00147285 -0.00193757 -0.00146367 0.999986 0.00506441 0.00194463 -0.00506138 0.999985 -0.00115122 0.0671216 0.153933
FixedParameters: 0 0 0

#Transform 103
Transform: AffineTransform_float_3_3
Parameters: 0.999997 0.00138253 -0.00184598 -0.00137453 0.999989 0.00454473 0.00185203 -0.00454144 0.999988 -0.000750103 0.033921 0.170477
FixedParameters: 0 0 0

#Transform 104
Transform: AffineTransform_float_3_3
Parameters: 0.999997 0.00135678 -0.00167837 -0.00134875 0.999988 0.00458025 0.00168459 -0.00457749 0.999988 -0.0027023 0.0514802 0.184204
FixedParameters: 0 0 0

#Transform 105
Transform: AffineTransform_float_3_3
Parameters: 0.999998 0.00128761 -0.00182396 -0.00127898 0.99999 0.00440007 0.00182912 -0.00439805 0.999989 -0.00369483 0.0367189 0.158118
FixedParameters: 0 0 0

#Transform 106
Transform: AffineTransform_float_3_3
Parameters: 0.999998 0.00131151 -0.00172993 -0.00130416 0.999989 0.00464448 0.00173556 -0.00464263 0.999988 -0.00544711 0.0354451 0.174519
FixedParameters: 0 0 0

#Transform 107
Transform: AffineTransform_float_3_3
Parameters: 0.999997 0.00125077 -0.00171079 -0.00124433 0.99999 0.00430203 0.0017159 -0.00429957 0.99999 -0.00558126 0.0724132 0.179437
FixedParameters: 0 0 0

#Transform 108
Transform: AffineTransform_float_3_3
Parameters: 0.999998 0.00119488 -0.00180635 -0.00118715 0.999989 0.00464925 0.00181227 -0.00464767 0.999987 -0.00127842 0.0611935 0.1735
FixedParameters: 0 0 0

#Transform 109
Transform: AffineTransform_float_3_3
Parameters: 0.999998 0.00115614 -0.00151845 -0.00114944 0.999989 0.00471252 0.00152452 -0.00471125 0.999987 0.00184614 0.0762282 0.200027
FixedParameters: 0 0 0

#Transform 110
Transform: AffineTransform_float_3_3
Parameters: 0.999999 0.00114153 -0.00123878 -0.00113249 0.999975 0.00697198 0.00124671 -0.0069718 0.999975 0.00140297 0.0508034 -0.0159197
FixedParameters: 0 0 0

#Transform 111
Transform: AffineTransform_float_3_3
Parameters: 0.999999 0.000854238 -0.00120974 -0.000844965 0.99997 0.00776894 0.00121584 -0.00776822 0.999969 0.00721373 0.0421394 -0.142727
FixedParameters: 0 0 0

#Transform 112
Transform: AffineTransform_float_3_3
Parameters: 0.999999 0.000904608 -0.00103566 -0.000897109 0.999971 0.00758877 0.00104262 -0.00758822 0.999971 0.00256336 0.137727 -0.0431963
FixedParameters: 0 0 0

#Transform 113
Transform: AffineTransform_float_3_3
Parameters: 0.999998 0.00112542 -0.00111354 -0.00111827 0.999976 0.00689894 0.00112113 -0.00689772 0.999976 -0.00373273 0.137672 0.00446794
FixedParameters: 0 0 0

#Transform 114
Transform: AffineTransform_float_3_3
Parameters: 0.999998 0.00107535 -0.00124099 -0.00106802 0.999979 0.00621106 0.00124743 -0.00621018 0.99998 -0.00849763 0.0820724 0.0667714
FixedParameters: 0 0 0

#Transform 115
Transform: AffineTransform_float_3_3
Parameters: 0.999999 0.00130711 -0.00108218 -0.00130064 0.999983 0.00564626 0.00108874 -0.00564416 0.999983 -0.0136905 0.051693 0.10176
FixedParameters: 0 0 0

#Transform 116
Transform: AffineTransform_float_3_3
Parameters: 0.999999 0.00124265 -0.00124206 -0.00123543 0.999985 0.00539318 0.00124863 -0.00539135 0.999985 -0.0126116 0.0356928 0.118595
FixedParameters: 0 0 0

#Transform 117
Transform: AffineTransform_float_3_3
Parameters: 0.999999 0.00119806 -0.00134402 -0.00119118 0.999986 0.0052127 0.0013502 -0.00521126 0.999986 -0.000119739 0.026804 0.143144
FixedParameters: 0 0 0

#Transform 118
Transform: AffineTransform_float_3_3
Parameters: 0.999999 0.00125485 -0.00130836 -0.00124757 0.999987 0.005004 0.00131503 -0.005002 0.999987 -0.0114743 0.0304183 0.161552
FixedParameters: 0 0 0

#Transform 119
Transform: AffineTransform_float_3_3
Parameters: 0.999999 0.00100078 -0.00137589 -0.000994386 0.99999 0.00435786 0.00137975 -0.00435555 0.999989 -0.0127519 0.0214864 0.16359
FixedParameters: 0 0 0

#Transform 120
Transform: AffineTransform_float_3_3
Parameters: 0.999999 0.000963793 -0.00145271 -0.000958292 0.999991 0.00396973 0.00145687 -0.00396878 0.999991 -0.0019426 0.00762615 0.224048
FixedParameters: 0 0 0

#Transform 121
Transform: AffineTransform_float_3_3
Parameters: 0.999999 0.00111675 -0.00137983 -0.0011101 0.99999 0.00441153 0.00138477 -0.00440976 0.999989 0.00360947 0.11006 0.157384
FixedParameters: 0 0 0

#Transform 122
Transform: AffineTransform_float_3_3
Parameters: 0.999998 0.00115196 -0.00144639 -0.00114537 0.999988 0.00464069 0.00145174 -0.00463916 0.999988 0.00290543 0.103016 0.141259
FixedParameters: 0 0 0

#Transform 123
Transform: AffineTransform_float_3_3
Parameters: 0.999999 0.00105264 -0.0014892 -0.0010461 0.99999 0.00434674 0.00149391 -0.00434544 0.99999 0.00337438 0.0707279 0.168277
FixedParameters: 0 0 0

#Transform 124
Transform: AffineTransform_float_3_3
Parameters: 0.999998 0.00106553 -0.00126555 -0.00105947 0.999989 0.00454851 0.0012703 -0.00454712 0.999988 0.000180036 0.102484 0.170845
FixedParameters: 0 0 0

#Transform 125
Transform: AffineTransform_float_3_3
Parameters: 0.999999 0.00121963 -0.00134079 -0.00121405 0.999989 0.00462144 0.00134677 -0.0046195 0.999988 -0.00198375 0.0617969 0.176152
FixedParameters: 0 0 0

#Transform 126
Transform: AffineTransform_float_3_3
Parameters: 0.999999 0.000771111 -0.001475 -0.000764403 0.99999 0.00429667 0.00147809 -0.00429537 0.99999 -0.00644897 0.00374657 0.181091
FixedParameters: 0 0 0

#Transform 127
Transform: AffineTransform_float_3_3
Parameters: 0.999999 0.000721212 -0.00155969 -0.000714855 0.999993 0.00382589 0.00156264 -0.00382416 0.999991 -0.00255765 0.0219054 0.237297
FixedParameters: 0 0 0

#Transform 128
Transform: AffineTransform_float_3_3
Parameters: 0.999999 0.000904189 -0.00124812 -0.000898617 0.999991 0.00424256 0.00125175 -0.00424164 0.99999 -0.00347653 0.0819182 0.199184
FixedParameters: 0 0 0

#Transform 129
Transform: AffineTransform_float_3_3
Parameters: 0.999999 0.000749512 -0.00151129 -0.000744334 0.999993 0.00358148 0.00151415 -0.00357974 0.999992 -0.00195213 0.0193567 0.169937
FixedParameters: 0 0 0

#Transform 130
Transform: AffineTransform_float_3_3
Parameters: 0.999998 0.000634259 -0.00170845 -0.000627043 0.99999 0.0043603 0.00171146 -0.00435918 0.999989 0.010648 0.0257909 0.191678
FixedParameters: 0 0 0

#Transform 131
Transform: AffineTransform_float_3_3
Parameters: 0.999999 0.00100424 -0.00107742 -0.000999551 0.999989 0.00467607 0.00108183 -0.00467522 0.999989 -0.00808955 0.0947602 0.158492
FixedParameters: 0 0 0

#Transform 132
Transform: AffineTransform_float_3_3
Parameters: 0.999999 0.00120742 -0.00132996 -0.00120166 0.999989 0.00443113 0.0013349 -0.00442921 0.999989 -0.00608637 0.072245 0.168414
FixedParameters: 0 0 0

#Transform 133
Transform: AffineTransform_float_3_3
Parameters: 0.999999 0.00101601 -0.00135389 -0.00101102 0.999991 0.00422725 0.00135813 -0.00422584 0.99999 -0.00992973 0.0388957 0.167881
FixedParameters: 0 0 0

#Transform 134
Transform: AffineTransform_float_3_3
Parameters: 0.999998 0.000895201 -0.00136212 -0.000889945 0.999993 0.00363625 0.00136553 -0.00363517 0.999993 -0.0119821 -0.010116 0.233773
FixedParameters: 0 0 0

#Transform 135
Transform: AffineTransform_float_3_3
Parameters: 0.999999 0.000780935 -0.00145807 -0.000774872 0.999992 0.00396694 0.00146166 -0.00396605 0.999991 -0.00970538 0.087634 0.194555
FixedParameters: 0 0 0

#Transform 136
Transform: AffineTransform_float_3_3
Parameters: 0.999999 0.000792836 -0.00143806 -0.000785947 0.99999 0.0044384 0.00144156 -0.00443749 0.999989 -0.000691305 0.0619704 0.190141
FixedParameters: 0 0 0

#Transform 137
Transform: AffineTransform_float_3_3
Parameters: 0.999999 0.000804812 -0.00141801 -0.000797288 0.999987 0.00513248 0.00142225 -0.0051307 0.999986 -0.00552342 0.0399748 0.214746
FixedParameters: 0 0 0

#Transform 138
Transform: AffineTransform_float_3_3
Parameters: 0.999998 0.000874314 -0.00129961 -0.000867013 0.999984 0.00577314 0.00130376 -0.0057722 0.999983 -0.00311881 0.0596818 0.228549
FixedParameters: 0 0 0

#Transform 139
Transform: AffineTransform_float_3_3
Parameters: 0.999998 0.000897878 -0.00193286 -0.000877888 0.999944 0.0104987 0.00194163 -0.0104969 0.999943 0.0115712 0.0403373 -0.0209694
FixedParameters: 0 0 0

#Transform 140
Transform: AffineTransform_float_3_3
Parameters: 0.999997 0.00107175 -0.0020108 -0.00105135 0.99995 0.0099801 0.00202044 -0.00997732 0.999948 0.00899563 0.0873106 0.0358867
FixedParameters: 0 0 0

#Transform 141
Transform: AffineTransform_float_3_3
Parameters: 0.999998 0.000916616 -0.00201682 -0.000896595 0.999952 0.00974076 0.00202614 -0.0097387 0.99995 0.00902155 0.134218 0.0903143
FixedParameters: 0 0 0

#Transform 142
Transform: AffineTransform_float_3_3
Parameters: 0.999997 0.00141287 -0.00193843 -0.00139427 0.99995 0.00991617 0.00195249 -0.00991301 0.999949 -0.0127944 0.0852582 0.104317
FixedParameters: 0 0 0

#Transform 143
Transform: AffineTransform_float_3_3
Parameters: 0.999996 0.00156888 -0.00222469 -0.00154865 0.999956 0.00923801 0.00223908 -0.0092347 0.999955 -0.0112045 0.0280129 0.145885
FixedParameters: 0 0 0

#Transform 144
Transform: AffineTransform_float_3_3
Parameters: 0.999996 0.00177901 -0.00237518 -0.00175667 0.999953 0.00955196 0.00239233 -0.00954851 0.999952 -0.00102453 0.0766768 0.132025
FixedParameters: 0 0 0

#Transform 145
Transform: AffineTransform_float_3_3
Parameters: 0.999995 0.00169148 -0.00252645 -0.00166716 0.999952 0.00963194 0.00254178 -0.00962842 0.99995 -0.00741953 0.0599534 0.129259
FixedParameters: 0 0 0

#Transform 146
Transform: AffineTransform_float_3_3
Parameters: 0.999995 0.00173563 -0.00244973 -0.0017122 0.999954 0.00940544 0.00246651 -0.00940061 0.999953 -0.00837396 0.0491892 0.158039
FixedParameters: 0 0 0

#Transform 147
Transform: AffineTransform_float_3_3
Parameters: 0.999995 0.00168594 -0.0025348 -0.0016629 0.999957 0.0090633 0.00254958 -0.00905891 0.999956 -0.00915562 0.050603 0.170012
FixedParameters: 0 0 0

#Transform 148
Transform: AffineTransform_float_3_3
Parameters: 0.999995 0.00162112 -0.00264632 -0.00159709 0.999959 0.00894729 0.00266095 -0.00894293 0.999956 -0.00567463 0.0296634 0.160055
FixedParameters: 0 0 0

#Transform 149
Transform: AffineTransform_float_3_3
Parameters: 0.999995 0.00162209 -0.00264325 -0.00160009 0.999965 0.00828618 0.00265719 -0.00828271 0.999962 -0.00352544 0.00160574 0.249232
FixedParameters: 0 0 0

#Transform 150
Transform: AffineTransform_float_3_3
Parameters: 0.999997 0.00131733 -0.00246665 -0.00129504 0.999958 0.00904116 0.00247786 -0.00903757 0.999956 -0.005016 0.11198 0.194429
FixedParameters: 0 0 0

#Transform 151
Transform: AffineTransform_float_3_3
Parameters: 0.999996 0.00149574 -0.00243046 -0.00147378 0.999957 0.00917756 0.00244437 -0.00917404 0.999955 0.00269612 0.109685 0.181568
FixedParameters: 0 0 0

#Transform 152
Transform: AffineTransform_float_3_3
Parameters: 0.999996 0.00152688 -0.00239431 -0.0015058 0.999959 0.00898358 0.00240778 -0.00897999 0.999957 -0.00533324 0.0823334 0.208796
FixedParameters: 0 0 0

#Transform 153
Transform: AffineTransform_float_3_3
Parameters: 0.999996 0.00148479 -0.00235313 -0.00146309 0.99996 0.00887575 0.00236673 -0.00887248 0.999958 -0.00764398 0.0549235 0.205904
FixedParameters: 0 0 0

#Transform 154
Transform: AffineTransform_float_3_3
Parameters: 0.999995 0.00168276 -0.00254003 -0.00166041 0.999959 0.00891816 0.00255434 -0.00891329 0.999957 -0.00377387 0.0154387 0.236752
FixedParameters: 0 0 0

#Transform 155
Transform: AffineTransform_float_3_3
Parameters: 0.999996 0.00156774 -0.00236234 -0.00154542 0.999955 0.00932004 0.00237746 -0.00931634 0.999954 -0.00549373 0.0750025 0.208718
FixedParameters: 0 0 0

#Transform 156
Transform: AffineTransform_float_3_3
Parameters: 0.999995 0.00169418 -0.00251989 -0.00167165 0.999961 0.00868433 0.00253488 -0.00867996 0.99996 -0.00261801 0.0346078 0.201882
FixedParameters: 0 0 0

#Transform 157
Transform: AffineTransform_float_3_3
Parameters: 0.999996 0.00177258 -0.00238484 -0.0017515 0.999961 0.00868445 0.00240073 -0.00868051 0.999959 -0.00385443 0.0604422 0.222348
FixedParameters: 0 0 0

#Transform 158
Transform: AffineTransform_float_3_3
Parameters: 0.999996 0.0017484 -0.00242689 -0.00172724 0.999959 0.00891054 0.00244185 -0.00890657 0.999957 -0.0027385 0.071448 0.216933
FixedParameters: 0 0 0

#Transform 159
Transform: AffineTransform_float_3_3
Parameters: 0.999995 0.00169911 -0.00251211 -0.00167643 0.999958 0.00906801 0.00252719 -0.00906315 0.999955 -0.00606793 0.0547946 0.205994
FixedParameters: 0 0 0

#Transform 160
Transform: AffineTransform_float_3_3
Parameters: 0.999995 0.00153595 -0.00279134 -0.00151252 0.999964 0.00828278 0.00280442 -0.00827761 0.999962 -0.00472687 -0.000177793 0.220463
FixedParameters: 0 0 0

#Transform 161
Transform: AffineTransform_float_3_3
Parameters: 0.999995 0.00171959 -0.00247639 -0.00169739 0.999959 0.00885847 0.00249152 -0.0088541 0.999958 -0.00203823 0.0762108 0.220172
FixedParameters: 0 0 0

#Transform 162
Transform: AffineTransform_float_3_3
Parameters: 0.999995 0.00163904 -0.00261543 -0.00161559 0.999959 0.00893987 0.00263036 -0.00893552 0.999957 0.000913624 0.0846013 0.180548
FixedParameters: 0 0 0

#Transform 163
Transform: AffineTransform_float_3_3
Parameters: 0.999996 0.00166599 -0.00231627 -0.0016448 0.999956 0.00920263 0.00233152 -0.00919857 0.999955 -0.00445414 0.0909584 0.190679
FixedParameters: 0 0 0

#Transform 164
Transform: AffineTransform_float_3_3
Parameters: 0.999996 0.00144341 -0.00236797 -0.00142343 0.999963 0.00850366 0.0023799 -0.00850055 0.999961 -0.00699982 0.0633212 0.175071
FixedParameters: 0 0 0

#Transform 165
Transform: AffineTransform_float_3_3
Parameters: 0.999996 0.00133423 -0.0023339 -0.0013131 0.999959 0.00899768 0.00234563 -0.00899521 0.999957 -0.00709458 0.0280499 0.197422
FixedParameters: 0 0 0

#Transform 166
Transform: AffineTransform_float_3_3
Parameters: 0.999996 0.00176241 -0.00207088 -0.00174249 0.999952 0.00966486 0.00208882 -0.00966155 0.999951 -0.00752103 0.0937988 0.181098
FixedParameters: 0 0 0

#Transform 167
Transform: AffineTransform_float_3_3
Parameters: 0.999996 0.00185728 -0.00223963 -0.00183694 0.999956 0.00922922 0.0022571 -0.00922537 0.999955 -0.0127548 0.0688082 0.21711
FixedParameters: 0 0 0

#Transform 168
Transform: AffineTransform_float_3_3
Parameters: 0.999995 0.00201541 -0.00236563 -0.00199382 0.999955 0.00921411 0.00238422 -0.009209 0.999955 -0.0118226 0.0521886 0.216246
FixedParameters: 0 0 0

#Transform 169
Transform: AffineTransform_float_3_3
Parameters: 0.999995 0.00192409 -0.00258797 -0.00190183 0.99996 0.00869608 0.00260441 -0.00869197 0.999959 -0.0137918 -0.00882777 0.230242
FixedParameters: 0 0 0

#Transform 170
Transform: AffineTransform_float_3_3
Parameters: 0.999995 0.00206126 -0.0024037 -0.00204003 0.999959 0.00886243 0.0024213 -0.00885692 0.999958 -0.00662123 0.0489101 0.248894
FixedParameters: 0 0 0

#Transform 171
Transform: AffineTransform_float_3_3
Parameters: 0.999995 0.00193461 -0.00242554 -0.00191188 0.999955 0.00937233 0.00244366 -0.00936829 0.999953 -0.0102624 0.0956515 0.198962
FixedParameters: 0 0 0

#Transform 172
Transform: AffineTransform_float_3_3
Parameters: 0.999994 0.0021084 -0.00256988 -0.00208574 0.999957 0.00907468 0.00258838 -0.00906963 0.999956 -0.0169726 0.0229844 0.205772
FixedParameters: 0 0 0

#Transform 173
Transform: AffineTransform_float_3_3
Parameters: 0.999994 0.00160645 -0.00296942 -0.00157678 0.999949 0.00997348 0.00298483 -0.0099692 0.999946 0.00523406 0.107536 0.194611
FixedParameters: 0 0 0

#Transform 174
Transform: AffineTransform_float_3_3
Parameters: 0.999996 0.00178412 -0.00257235 -0.00175828 0.99995 0.00983823 0.00258929 -0.00983406 0.999948 -0.0120426 0.0795502 0.174316
FixedParameters: 0 0 0

#Transform 175
Transform: AffineTransform_float_3_3
Parameters: 0.999995 0.00192592 -0.00254932 -0.00190044 0.999948 0.0100252 0.00256796 -0.0100203 0.999947 -0.0083552 0.0837639 0.186066
FixedParameters: 0 0 0

#Transform 176
Transform: AffineTransform_float_3_3
Parameters: 0.999995 0.00197232 -0.00259927 -0.00194522 0.999946 0.0102144 0.00261863 -0.0102091 0.999944 -0.0142634 0.0732339 0.189852
FixedParameters: 0 0 0

#Transform 177
Transform: AffineTransform_float_3_3
Parameters: 0.999995 0.00192224 -0.00284307 -0.00189416 0.999948 0.0100051 0.0028622 -0.00999973 0.999946 -0.0116938 0.00945038 0.199643
FixedParameters: 0 0 0

#Transform 178
Transform: AffineTransform_float_3_3
Parameters: 0.999994 0.00185463 -0.00292173 -0.00182507 0.999949 0.00991401 0.00294006 -0.00990873 0.999946 -0.0101188 0.00715569 0.244724
FixedParameters: 0 0 0

#Transform 179
Transform: AffineTransform_float_3_3
Parameters: 0.999994 0.00198642 -0.00265157 -0.00195809 0.999941 0.0106107 0.00267274 -0.0106056 0.99994 -0.0126605 0.0797898 0.202739
FixedParameters: 0 0 0

#Transform 180
Transform: AffineTransform_float_3_3
Parameters: 0.999995 0.00195908 -0.0026369 -0.00193118 0.999942 0.0105873 0.00265743 -0.0105819 0.999941 -0.0165087 0.0546092 0.196094
FixedParameters: 0 0 0

#Transform 181
Transform: AffineTransform_float_3_3
Parameters: 0.999994 0.00204973 -0.00269947 -0.00202227 0.999944 0.0103809 0.0027203 -0.0103748 0.999943 -0.013832 0.0181775 0.232835
FixedParameters: 0 0 0

#Transform 182
Transform: AffineTransform_float_3_3
Parameters: 0.999994 0.00206808 -0.00269822 -0.00203964 0.999942 0.0106213 0.00271944 -0.010616 0.99994 -0.0100305 0.0965219 0.200659
FixedParameters: 0 0 0

#Transform 183
Transform: AffineTransform_float_3_3
Parameters: 0.999994 0.00204131 -0.00268447 -0.0020129 0.999942 0.0105867 0.00270588 -0.0105807 0.99994 -0.0141418 0.0766945 0.209941
FixedParameters: 0 0 0

#Transform 184
Transform: AffineTransform_float_3_3
Parameters: 0.999995 0.00171627 -0.00294062 -0.00168719 0.999952 0.00971121 0.00295647 -0.00970583 0.999949 -0.0124433 0.00633437 0.228377
FixedParameters: 0 0 0

#Transform 185
Transform: AffineTransform_float_3_3
Parameters: 0.999993 0.00184081 -0.00316636 -0.00181014 0.999952 0.00962208 0.0031844 -0.00961655 0.999949 0.00127004 0.0162997 0.275934
FixedParameters: 0 0 0

#Transform 186
Transform: AffineTransform_float_3_3
Parameters: 0.999994 0.00203645 -0.00259778 -0.00200737 0.999938 0.0109995 0.00262055 -0.0109948 0.999936 -0.00990999 0.136262 0.16471
FixedParameters: 0 0 0

#Transform 187
Transform: AffineTransform_float_3_3
Parameters: 0.999994 0.00228715 -0.00266208 -0.00225591 0.999933 0.0113193 0.00268769 -0.0113133 0.999933 -0.00996177 0.0923635 0.173531
FixedParameters: 0 0 0

#Transform 188
Transform: AffineTransform_float_3_3
Parameters: 0.999994 0.00213642 -0.00263077 -0.00210727 0.999937 0.0110564 0.00265419 -0.0110514 0.999936 -0.0145384 0.0564652 0.204176
FixedParameters: 0 0 0

#Transform 189
Transform: AffineTransform_float_3_3
Parameters: 0.999994 0.00209428 -0.00277596 -0.00206279 0.999935 0.0112047 0.00280008 -0.011198 0.999933 -0.0180636 0.0406856 0.221653
FixedParameters: 0 0 0
