#Insight Transform File V1.0
#Transform 0
Transform: AffineTransform_float_3_3
Parameters: 0.999999 0.000436147 -0.000817248 -0.000434969 0.999998 0.00152735 0.000818154 -0.00152713 0.999998 -0.00852102 -0.0812614 -0.0446607
FixedParameters: 0 0 0

#Transform 1
Transform: AffineTransform_float_3_3
Parameters: 1 0.00079334 -0.00092473 -0.000792717 1 0.000613045 0.000924841 -0.000612435 0.999999 -0.00712302 -0.0300361 -0.0918203
FixedParameters: 0 0 0

#Transform 2
Transform: AffineTransform_float_3_3
Parameters: 0.999999 0.000589564 -0.000705563 -0.000588636 1 0.000609182 0.00070624 -0.000609226 0.999999 -0.00624777 -0.0797103 -0.0975698
FixedParameters: 0 0 0

#Transform 3
Transform: AffineTransform_float_3_3
Parameters: 0.999999 0.000304352 -0.000747481 -0.000302767 0.999999 0.00135501 0.000747405 -0.00135453 0.999999 0.00175868 -0.120333 0.0270569
FixedParameters: 0 0 0

#Transform 4
Transform: AffineTransform_float_3_3
Parameters: 0.999999 0.000693267 -0.000617763 -0.000691966 0.999999 0.00140924 0.000618816 -0.00140837 0.999999 -0.00327651 0.0361295 -0.0925977
FixedParameters: 0 0 0

#Transform 5
Transform: AffineTransform_float_3_3
Parameters: 1 0.00089608 -0.000603785 -0.00089548 1 0.000496758 0.000604673 -0.000496552 1 -0.0102115 0.00358123 -0.102409
FixedParameters: 0 0 0

#Transform 6
Transform: AffineTransform_float_3_3
Parameters: 1 0.000910491 -0.000661879 -0.000909789 1 0.000530559 0.000662843 -0.000530231 1 -0.0134769 -0.0337322 -0.0753188
FixedParameters: 0 0 0

#Transform 7
Transform: AffineTransform_float_3_3
Parameters: 1 0.000813151 -0.000675337 -0.000812625 0.999999 0.000405019 0.00067596 -0.000405277 1 -0.0132321 -0.0706751 -0.0624043
FixedParameters: 0 0 0

#Transform 8
Transform: AffineTransform_float_3_3
Parameters: 0.999999 0.00062166 -0.000504279 -0.00062141 1 0.000247695 0.000504587 -0.000247068 1 -0.014788 -0.110476 -0.0365764
FixedParameters: 0 0 0

#Transform 9
Transform: AffineTransform_float_3_3
Parameters: 1 0.000645255 -0.000106745 -0.000645166 0.999999 0.000418494 0.000107285 -0.000418356 1 -0.0257556 -0.0591043 -0.0589693
FixedParameters: 0 0 0

#Transform 10
Transform: AffineTransform_float_3_3
Parameters: 0.999999 0.000609751 -0.000496905 -0.000609498 1 0.000254669 0.000497215 -0.000254063 1 -0.00869892 -0.0685882 -0.0407106
FixedParameters: 0 0 0

#Transform 11
Transform: AffineTransform_float_3_3
Parameters: 1 0.000272549 -0.000311091 -0.000272576 1 -4.25908e-05 0.000311068 4.27604e-05 1 0.00291866 -0.0976281 -0.028826
FixedParameters: 0 0 0

#Transform 12
Transform: AffineTransform_float_3_3
Parameters: 0.999999 0.000694036 -0.000390158 -0.000694019 1 2.31474e-05 0.00039019 -2.26058e-05 1 0.012604 -0.0048165 -0.0625031
FixedParameters: 0 0 0

#Transform 13
Transform: AffineTransform_float_3_3
Parameters: 1 0.000435557 -0.00027896 -0.000435489 1 0.0001233 0.000279067 -0.000123057 1 0.00143806 -0.0605833 -0.0391335
FixedParameters: 0 0 0

#Transform 14
Transform: AffineTransform_float_3_3
Parameters: 1 0.000135221 -0.000243043 -0.000135402 0.999999 -0.000330268 0.00024292 0.000329853 1 0.00524957 -0.0931476 -0.0235994
FixedParameters: 0 0 0

#Transform 15
Transform: AffineTransform_float_3_3
Parameters: 0.999999 0.000566281 -0.000488309 -0.000566391 1 -0.000112101 0.000488182 0.000112654 1 0.00469372 -0.0368199 -0.0267786
FixedParameters: 0 0 0

#Transform 16
Transform: AffineTransform_float_3_3
Parameters: 0.999999 0.000639606 -0.000347299 -0.000639899 0.999999 -0.000421669 0.000346759 0.000422113 1 0.00833271 -0.01254 -0.0598494
FixedParameters: 0 0 0

#Transform 17
Transform: AffineTransform_float_3_3
Parameters: 1 0.000253115 -0.000298749 -0.00025313 1 -2.46303e-05 0.000298737 2.47815e-05 1 -0.00145393 -0.0919078 -0.0216566
FixedParameters: 0 0 0

#Transform 18
Transform: AffineTransform_float_3_3
Parameters: 1 0.000393428 -0.000395777 -0.000393684 1 -0.000324196 0.000395522 0.000324507 1 0.00184905 -0.065856 -0.0562512
FixedParameters: 0 0 0

#Transform 19
Transform: AffineTransform_float_3_3
Parameters: 1 0.000191146 -0.000266116 -0.000191206 1 -0.000112636 0.000266073 0.000112738 1 -0.00464835 -0.114088 0.00705672
FixedParameters: 0 0 0

#Transform 20
Transform: AffineTransform_float_3_3
Parameters: 1 0.000693505 -0.000152121 -0.000692319 0.999999 0.000855078 0.000152758 -0.000855708 0.999999 -0.00490522 -0.0397117 0.0017416
FixedParameters: 0 0 0

#Transform 21
Transform: AffineTransform_float_3_3
Parameters: 0.999999 0.000270354 -0.000868135 -0.000269462 1 0.000779176 0.000867622 -0.000780044 0.999999 0.00446509 -0.105457 0.0116668
FixedParameters: 0 0 0

#Transform 22
Transform: AffineTransform_float_3_3
Parameters: 1 0.00023131 0.000132768 -0.00023206 1 -0.000406425 -0.000132448 0.00040633 1 -0.0277584 -0.0841999 0.0020412
FixedParameters: 0 0 0

#Transform 23
Transform: AffineTransform_float_3_3
Parameters: 1 0.000178037 7.89952e-05 -0.000178047 1 6.48592e-05 -7.89721e-05 -6.48873e-05 1 -0.0230129 -0.082281 -0.00376888
FixedParameters: 0 0 0

#Transform 24
Transform: AffineTransform_float_3_3
Parameters: 1 0.000223869 0.000323198 -0.000223309 0.999999 -0.000865191 -0.000323585 0.000865046 0.999999 -0.021238 -0.0599606 0.0172493
FixedParameters: 0 0 0

#Transform 25
Transform: AffineTransform_float_3_3
Parameters: 1 -0.0002509 0.000543301 0.000250338 1 -0.000272831 -0.000542656 0.000273069 1 -0.0154249 -0.0973684 -0.0320583
FixedParameters: 0 0 0

#Transform 26
Transform: AffineTransform_float_3_3
Parameters: 1 -0.000261172 3.52656e-05 0.000261207 1 -0.000501497 -3.50036e-05 0.000501516 1 0.00676396 -0.122552 0.0974093
FixedParameters: 0 0 0

#Transform 27
Transform: AffineTransform_float_3_3
Parameters: 1 -0.000190511 0.00105006 0.000190539 1 -5.58814e-05 -0.00105003 5.57998e-05 0.999999 -0.0197854 0.0543775 0.00467313
FixedParameters: 0 0 0

#Transform 28
Transform: AffineTransform_float_3_3
Parameters: 0.999999 0.000336641 0.000877532 -0.000337362 0.999999 0.000888453 -0.000877473 -0.000888614 1 -0.0224158 -0.0380077 0.0104379
FixedParameters: 0 0 0

#Transform 29
Transform: AffineTransform_float_3_3
Parameters: 0.999999 0.000487206 0.000684718 -0.00048693 1 0.000424042 -0.000684812 -0.000424675 0.999999 -0.0199423 -0.0536411 0.0435555
FixedParameters: 0 0 0

#Transform 30
Transform: AffineTransform_float_3_3
Parameters: 0.999999 0.000164548 0.000932996 -0.000164327 1 -0.000128755 -0.00093307 0.000128845 1 -0.0135656 -0.105658 0.0208183
FixedParameters: 0 0 0

#Transform 31
Transform: AffineTransform_float_3_3
Parameters: 1 0.000259069 0.000975362 -0.00025945 1 0.000600167 -0.000975518 -0.000599764 0.999999 -0.0169936 -0.0540982 0.0329464
FixedParameters: 0 0 0

#Transform 32
Transform: AffineTransform_float_3_3
Parameters: 1 0.00046526 0.00095048 -0.000465235 1 -4.87012e-05 -0.000950485 4.86922e-05 1 -0.0255416 -0.0658205 0.034521
FixedParameters: 0 0 0

#Transform 33
Transform: AffineTransform_float_3_3
Parameters: 0.999999 0.000215839 0.000738624 -0.000215302 0.999999 -0.000944 -0.000738522 0.000944524 0.999999 -0.0248881 -0.0885254 0.0286761
FixedParameters: 0 0 0

#Transform 34
Transform: AffineTransform_float_3_3
Parameters: 1 0.00033474 0.000898673 -0.000333529 1 -0.000710751 -0.000899108 0.000711025 0.999999 -0.0194531 -0.0642093 0.0676187
FixedParameters: 0 0 0

#Transform 35
Transform: AffineTransform_float_3_3
Parameters: 0.999999 0.000324701 0.000892768 -0.00032415 1 -0.000308469 -0.000892968 0.000307889 0.999999 -0.0274703 -0.0526826 0.0516807
FixedParameters: 0 0 0

#Transform 36
Transform: AffineTransform_float_3_3
Parameters: 0.999999 4.15957e-05 0.00098286 -4.03447e-05 1 -0.000635601 -0.000982911 0.000636397 0.999999 -0.020907 -0.0799873 0.0147181
FixedParameters: 0 0 0

#Transform 37
Transform: AffineTransform_float_3_3
Parameters: 1 -0.000229134 0.0010592 0.000229339 1 -0.000128713 -0.0010591 0.000129197 0.999999 -0.00367388 -0.116816 0.0200401
FixedParameters: 0 0 0

#Transform 38
Transform: AffineTransform_float_3_3
Parameters: 0.999999 -0.000258647 0.00124317 0.000257017 0.999999 0.0011969 -0.00124346 -0.00119673 0.999998 -0.0117827 -0.0122598 -0.0269026
FixedParameters: 0 0 0

#Transform 39
Transform: AffineTransform_float_3_3
Parameters: 0.999999 -8.85627e-05 0.00103981 8.72499e-05 0.999999 0.00131143 -0.00103976 -0.00131172 0.999999 -0.00797942 -0.0272868 0.00333455
FixedParameters: 0 0 0

#Transform 40
Transform: AffineTransform_float_3_3
Parameters: 1 -0.000170238 0.00119451 0.000168536 0.999999 0.0012758 -0.00119462 -0.00127586 0.999998 -0.00545089 -0.057199 -0.0145147
FixedParameters: 0 0 0

#Transform 41
Transform: AffineTransform_float_3_3
Parameters: 1 -4.50854e-05 0.00111286 4.39745e-05 0.999999 0.00110388 -0.00111264 -0.00110425 0.999999 -0.00687023 -0.0705551 0.0335975
FixedParameters: 0 0 0

#Transform 42
Transform: AffineTransform_float_3_3
Parameters: 1 -8.74651e-05 0.00115014 8.56466e-05 0.999999 0.00137568 -0.00115006 -0.00137595 0.999998 -0.0173067 -0.0363953 0.00695216
FixedParameters: 0 0 0

#Transform 43
Transform: AffineTransform_float_3_3
Parameters: 1 -0.000210706 0.00112253 0.000209751 1 0.00079772 -0.0011234 -0.000797694 1 -0.00802845 -0.096124 0.0344492
FixedParameters: 0 0 0

#Transform 44
Transform: AffineTransform_float_3_3
Parameters: 1 -4.07988e-05 0.00112088 4.00031e-05 0.999999 0.00133771 -0.00112117 -0.00133806 0.999998 -0.00830002 -0.0486782 0.0234663
FixedParameters: 0 0 0

#Transform 45
Transform: AffineTransform_float_3_3
Parameters: 1 -4.05776e-05 0.00112129 3.97758e-05 0.999999 0.00134945 -0.00112155 -0.00134931 0.999998 -0.00878916 -0.0676366 0.0152565
FixedParameters: 0 0 0

#Transform 46
Transform: AffineTransform_float_3_3
Parameters: 1 -3.94619e-05 0.00112338 3.84956e-05 0.999998 0.00141066 -0.00112368 -0.001411 0.999998 -0.00897544 -0.0593582 0.0412498
FixedParameters: 0 0 0

#Transform 47
Transform: AffineTransform_float_3_3
Parameters: 1 2.99609e-05 0.00124035 -3.07823e-05 0.999999 0.00122781 -0.00124043 -0.00122784 0.999998 -0.0102313 -0.0669931 0.0138776
FixedParameters: 0 0 0

#Transform 48
Transform: AffineTransform_float_3_3
Parameters: 1 -7.89374e-05 0.00105601 7.76533e-05 0.999999 0.00125538 -0.00105586 -0.0012552 0.999998 -0.0100188 -0.108603 0.0459064
FixedParameters: 0 0 0

#Transform 49
Transform: AffineTransform_float_3_3
Parameters: 0.999999 -3.50633e-05 0.0012764 3.36719e-05 0.999999 0.00140876 -0.00127669 -0.00140822 0.999999 -0.00999097 -0.0266995 -0.000536211
FixedParameters: 0 0 0

#Transform 50
Transform: AffineTransform_float_3_3
Parameters: 0.999999 5.22074e-05 0.00127769 -5.29079e-05 0.999999 0.00113626 -0.00127777 -0.00113683 0.999999 -0.00612622 -0.0661316 0.0154499
FixedParameters: 0 0 0

#Transform 51
Transform: AffineTransform_float_3_3
Parameters: 0.999998 -0.000107236 0.00165647 0.000106041 1 0.000613192 -0.00165714 -0.000613285 0.999998 -0.0146729 -0.0424612 -0.0033374
FixedParameters: 0 0 0

#Transform 52
Transform: AffineTransform_float_3_3
Parameters: 0.999999 -8.90482e-05 0.0013148 8.81441e-05 1 0.000855691 -0.00131463 -0.000855924 0.999999 -0.0101263 -0.0538895 0.0342705
FixedParameters: 0 0 0

#Transform 53
Transform: AffineTransform_float_3_3
Parameters: 0.999999 3.22481e-05 0.00124289 -3.35046e-05 1 0.000850368 -0.00124334 -0.000850415 0.999999 -0.0107016 -0.0591637 0.0437818
FixedParameters: 0 0 0

#Transform 54
Transform: AffineTransform_float_3_3
Parameters: 0.999999 -0.000225678 0.00138977 0.000225004 1 0.000726877 -0.00138978 -0.000726717 0.999999 -0.00514182 -0.0935786 -0.00308494
FixedParameters: 0 0 0

#Transform 55
Transform: AffineTransform_float_3_3
Parameters: 0.999999 -0.000324719 0.00134173 0.000322838 0.999999 0.00120293 -0.00134219 -0.00120252 0.999998 -0.00741894 -0.121626 0.0582466
FixedParameters: 0 0 0

#Transform 56
Transform: AffineTransform_float_3_3
Parameters: 0.999998 -0.000204066 0.00168968 0.000202633 0.999999 0.00122129 -0.00168954 -0.00122065 0.999998 -0.0137491 -0.00607333 -0.0114285
FixedParameters: 0 0 0

#Transform 57
Transform: AffineTransform_float_3_3
Parameters: 0.999999 0.000177348 0.00148944 -0.000178412 1 0.00110452 -0.0014892 -0.00110412 0.999998 -0.00765428 -0.0508359 0.0239634
FixedParameters: 0 0 0

#Transform 58
Transform: AffineTransform_float_3_3
Parameters: 0.999999 -0.000424214 0.00123829 0.000422269 0.999998 0.00191679 -0.00123924 -0.00191572 0.999997 0.00342759 -0.0985666 -0.0380172
FixedParameters: 0 0 0

#Transform 59
Transform: AffineTransform_float_3_3
Parameters: 1 -0.000516049 0.00105404 0.000514144 0.999999 0.00157346 -0.00105538 -0.00157372 0.999998 -0.00765683 -0.00836692 -0.0858769
FixedParameters: 0 0 0

#Transform 60
Transform: AffineTransform_float_3_3
Parameters: 1 -0.000439789 0.000937672 0.000438512 0.999999 0.00171814 -0.000938008 -0.00171732 0.999998 -0.006232 -0.049792 -0.0772018
FixedParameters: 0 0 0

#Transform 61
Transform: AffineTransform_float_3_3
Parameters: 0.999999 -0.000470897 0.000884706 0.000469447 0.999999 0.00165677 -0.000886024 -0.0016564 0.999999 -0.00363339 -0.0866966 -0.0478185
FixedParameters: 0 0 0

#Transform 62
Transform: AffineTransform_float_3_3
Parameters: 0.999999 -0.000324063 0.000942957 0.000322241 0.999998 0.00175188 -0.000943849 -0.00175173 0.999998 -0.0152629 -0.0412781 -0.0621631
FixedParameters: 0 0 0

#Transform 63
Transform: AffineTransform_float_3_3
Parameters: 0.999999 -0.000121737 0.000984733 0.000120716 0.999999 0.00171706 -0.000985383 -0.00171677 0.999998 -0.0172541 -0.0618038 -0.0403512
FixedParameters: 0 0 0

#Transform 64
Transform: AffineTransform_float_3_3
Parameters: 1 -0.000458392 0.000903331 0.000458252 1 0.000551356 -0.000904346 -0.00055137 0.999999 -0.0130747 -0.0959677 -0.0526708
FixedParameters: 0 0 0

#Transform 65
Transform: AffineTransform_float_3_3
Parameters: 0.999999 -0.000501836 0.000830148 0.000502098 1 0.000705841 -0.000830545 -0.000705868 0.999999 -0.0153091 -0.0913878 -0.0123031
FixedParameters: 0 0 0

#Transform 66
Transform: AffineTransform_float_3_3
Parameters: 1 -0.000593366 0.000939346 0.000593055 0.999999 0.00011825 -0.000939481 -0.000117617 1 -0.0179601 0.00615137 -0.0806291
FixedParameters: 0 0 0

#Transform 67
Transform: AffineTransform_float_3_3
Parameters: 0.999999 0.000756096 0.000677231 -0.000758221 0.999994 0.00340227 -0.000674696 -0.00340316 0.999994 -0.0247937 -0.0207738 -0.212319
FixedParameters: 0 0 0

#Transform 68
Transform: AffineTransform_float_3_3
Parameters: 1 0.000445533 0.000642319 -0.000447737 0.999991 0.00420535 -0.000640437 -0.0042058 0.999991 -0.0190711 -0.05932 -0.327961
FixedParameters: 0 0 0

#Transform 69
Transform: AffineTransform_float_3_3
Parameters: 1 0.000256966 0.000440892 -0.000258035 0.999999 0.00129077 -0.000440266 -0.00129099 0.999999 -0.0073889 0.100391 -0.299898
FixedParameters: 0 0 0

#Transform 70
Transform: AffineTransform_float_3_3
Parameters: 1 0.000313507 0.000377677 -0.000313934 1 0.000565264 -0.000377322 -0.0005655 1 -0.0124845 0.0310219 -0.236941
FixedParameters: 0 0 0

#Transform 71
Transform: AffineTransform_float_3_3
Parameters: 1 0.000288654 0.000352387 -0.00028876 1 0.000150308 -0.000352301 -0.000150511 1 -0.0174704 0.000388761 -0.193954
FixedParameters: 0 0 0

#Transform 72
Transform: AffineTransform_float_3_3
Parameters: 1 0.000399362 0.000218737 -0.000399289 1 -0.0001665 -0.000218869 0.000166325 1 -0.0170068 -0.0195246 -0.174548
FixedParameters: 0 0 0

#Transform 73
Transform: AffineTransform_float_3_3
Parameters: 1 0.000289229 0.000316237 -0.000289673 1 -0.000654099 -0.000316107 0.000653882 0.999999 -0.021716 -0.0391255 -0.141439
FixedParameters: 0 0 0

#Transform 74
Transform: AffineTransform_float_3_3
Parameters: 1 6.27032e-05 0.000261035 -6.3048e-05 0.999999 -0.000981529 -0.00026065 0.000982339 1 -0.0168982 -0.0658444 -0.160753
FixedParameters: 0 0 0

#Transform 75
Transform: AffineTransform_float_3_3
Parameters: 1 0.000350069 0.000119462 -0.000349984 1 -0.000354238 -0.00011971 0.000354154 1 -0.0163938 -0.0264417 -0.15915
FixedParameters: 0 0 0

#Transform 76
Transform: AffineTransform_float_3_3
Parameters: 1 0.000351754 0.000122475 -0.000351689 1 -0.000267307 -0.000122663 0.00026722 1 -0.0265713 -0.0110427 -0.150514
FixedParameters: 0 0 0

#Transform 77
Transform: AffineTransform_float_3_3
Parameters: 1 0.000287245 1.41155e-05 -0.000287246 1 3.49432e-05 -1.40954e-05 -3.49513e-05 1 -0.0197824 -0.104875 -0.0535613
FixedParameters: 0 0 0

#Transform 78
Transform: AffineTransform_float_3_3
Parameters: 1 0.000598898 0.000246216 -0.000598038 0.999999 -0.000712814 -0.000246209 0.0007125 0.999999 -0.0227949 0.0713226 -0.134502
FixedParameters: 0 0 0

#Transform 79
Transform: AffineTransform_float_3_3
Parameters: 1 0.00060027 0.000256976 -0.000600032 0.999999 -0.000463029 -0.000257531 0.00046272 1 -0.027567 0.0390961 -0.139862
FixedParameters: 0 0 0

#Transform 80
Transform: AffineTransform_float_3_3
Parameters: 1 0.000460423 0.000328347 -0.000459954 0.999999 -0.000712942 -0.000329003 0.00071264 0.999999 -0.0230013 -0.000779833 -0.152588
FixedParameters: 0 0 0

#Transform 81
Transform: AffineTransform_float_3_3
Parameters: 1 0.000267614 0.000152267 -0.000267399 0.999999 -0.000703027 -0.000152644 0.000702946 0.999999 -0.0217006 -0.0177909 -0.127629
FixedParameters: 0 0 0

#Transform 82
Transform: AffineTransform_float_3_3
Parameters: 1 0.000265717 0.000148882 -0.000265478 0.999999 -0.00080095 -0.000149307 0.00080087 0.999999 -0.0318298 -0.0115267 -0.129087
FixedParameters: 0 0 0

#Transform 83
Transform: AffineTransform_float_3_3
Parameters: 1 0.000528305 0.000176188 -0.00052889 1 -0.000717272 -0.000176405 0.000717532 0.999999 -0.0313458 -0.0467273 -0.122642
FixedParameters: 0 0 0

#Transform 84
Transform: AffineTransform_float_3_3
Parameters: 1 0.000229048 0.000193894 -0.000228934 1 -0.000295387 -0.000194029 0.000295298 1 -0.0245728 -0.136779 -0.0326013
FixedParameters: 0 0 0

#Transform 85
Transform: AffineTransform_float_3_3
Parameters: 1 0.000549561 0.000280933 -0.000549226 0.999999 -0.000594966 -0.000281587 0.000594657 1 -0.032673 0.00481459 -0.104309
FixedParameters: 0 0 0

#Transform 86
Transform: AffineTransform_float_3_3
Parameters: 1 0.000371 9.13642e-05 -0.000370873 0.999999 -0.000693942 -9.1879e-05 0.000693874 1 -0.0351528 -0.0113183 -0.088089
FixedParameters: 0 0 0

#Transform 87
Transform: AffineTransform_float_3_3
Parameters: 1 0.000406137 0.000354099 -0.000406391 0.999999 -0.000852885 -0.000354283 0.000852563 0.999999 -0.0406315 -0.0237175 -0.0681765
FixedParameters: 0 0 0

#Transform 88
Transform: AffineTransform_float_3_3
Parameters: 1 9.7834e-05 0.000260337 -9.84096e-05 1 -0.000542297 -0.000259935 0.000542212 1 -0.0347016 -0.0805881 -0.0713602
FixedParameters: 0 0 0

#Transform 89
Transform: AffineTransform_float_3_3
Parameters: 1 0.000186177 0.000487164 -0.000186258 0.999999 -0.000797058 -0.000486953 0.000796842 0.999999 -0.037258 -0.00971493 -0.0688076
FixedParameters: 0 0 0

#Transform 90
Transform: AffineTransform_float_3_3
Parameters: 1 0.000248566 0.000182022 -0.000247672 0.999998 -0.00207175 -0.000183128 0.00207166 0.999998 -0.0285861 0.047708 -0.0886073
FixedParameters: 0 0 0

#Transform 91
Transform: AffineTransform_float_3_3
Parameters: 0.999999 0.00084995 0.00030184 -0.000849692 1 -0.000393741 -0.000302476 0.000393708 0.999999 -0.0302496 0.0607966 -0.116799
FixedParameters: 0 0 0

#Transform 92
Transform: AffineTransform_float_3_3
Parameters: 0.999999 0.00071206 -0.000423269 -0.000712545 1 0.000959697 0.000424245 -0.000959107 1 -0.0149319 -0.100653 -0.0918475
FixedParameters: 0 0 0

#Transform 93
Transform: AffineTransform_float_3_3
Parameters: 0.999999 0.000713949 0.000192096 -0.000714669 0.999999 -0.000358938 -0.000192101 0.000358629 1 -0.0297015 0.0593693 -0.120797
FixedParameters: 0 0 0

#Transform 94
Transform: AffineTransform_float_3_3
Parameters: 0.999999 0.000748959 -0.000137399 -0.000749088 0.999999 -0.000468154 0.000136697 0.00046836 1 -0.0347165 0.0390141 -0.0978788
FixedParameters: 0 0 0

#Transform 95
Transform: AffineTransform_float_3_3
Parameters: 0.999999 0.00105388 -0.000642592 -0.00105432 1 -0.00034154 0.000641871 0.000342017 1 -0.0196008 -0.00752296 -0.0709994
FixedParameters: 0 0 0

#Transform 96
Transform: AffineTransform_float_3_3
Parameters: 1 0.000406033 4.05339e-06 -0.00040679 0.999999 -0.00137742 -4.67055e-06 0.00137786 0.999999 -0.0412326 -0.0291235 -0.0590013
FixedParameters: 0 0 0

#Transform 97
Transform: AffineTransform_float_3_3
Parameters: 0.999999 0.000668997 -0.000718245 -0.000669442 0.999999 -0.00130996 0.000716804 0.00131094 0.999999 -0.0140209 -0.0939933 0.0303728
FixedParameters: 0 0 0

#Transform 98
Transform: AffineTransform_float_3_3
Parameters: 1 0.000493432 -0.000221494 -0.000493562 0.999999 -0.0017563 0.000220543 0.0017565 0.999999 -0.0346982 0.0675271 -0.0484591
FixedParameters: 0 0 0

#Transform 99
Transform: AffineTransform_float_3_3
Parameters: 0.999999 0.000662517 -0.000326647 -0.000662572 0.999998 -0.00185497 0.00032583 0.00185536 0.999998 -0.0231215 0.027588 -0.0140613
FixedParameters: 0 0 0

#Transform 100
Transform: AffineTransform_float_3_3
Parameters: 1 0.00026786 -9.43159e-05 -0.000267573 0.999998 -0.00190645 9.40771e-05 0.00190649 0.999998 -0.0327679 0.00541015 -0.00551676
FixedParameters: 0 0 0

#Transform 101
Transform: AffineTransform_float_3_3
Parameters: 1 0.000296887 9.12536e-05 -0.00029722 0.999998 -0.00200279 -9.19799e-05 0.00200318 0.999998 -0.0321645 -0.0582948 0.0276208
FixedParameters: 0 0 0

#Transform 102
Transform: AffineTransform_float_3_3
Parameters: 1 0.000375914 -0.000165208 -0.000375943 0.999998 -0.00204921 0.000164449 0.00204932 0.999998 -0.0169178 0.0529113 -0.0217069
FixedParameters: 0 0 0

#Transform 103
Transform: AffineTransform_float_3_3
Parameters: 1 0.000266994 0.000232543 -0.000265888 0.999998 -0.00207686 -0.000233728 0.00207674 0.999998 -0.0309355 0.00160342 -0.0233464
FixedParameters: 0 0 0

#Transform 104
Transform: AffineTransform_float_3_3
Parameters: 1 0.000262126 -9.49109e-05 -0.000263201 0.999998 -0.00234595 9.41032e-05 0.00234645 0.999997 -0.0200132 -0.0726158 0.0262249
FixedParameters: 0 0 0

#Transform 105
Transform: AffineTransform_float_3_3
Parameters: 1 0.000314834 -0.000115415 -0.00031604 0.999997 -0.00211082 0.000114514 0.00211086 0.999998 -0.0292723 0.0565937 -0.0141913
FixedParameters: 0 0 0

#Transform 106
Transform: AffineTransform_float_3_3
Parameters: 1 0.000551385 -3.08312e-05 -0.000551727 0.999997 -0.00214839 2.97512e-05 0.00214837 0.999997 -0.0292363 0.0260705 -0.00841342
FixedParameters: 0 0 0

#Transform 107
Transform: AffineTransform_float_3_3
Parameters: 1 0.000465926 -0.000465087 -0.000466778 0.999998 -0.00153814 0.000464473 0.00153855 0.999998 -0.00678391 -0.107359 0.0111645
FixedParameters: 0 0 0

#Transform 108
Transform: AffineTransform_float_3_3
Parameters: 1 0.000249456 1.92708e-05 -0.000249418 0.999999 -0.000969287 -1.97544e-05 0.000969277 0.999999 -0.0287259 -0.10831 0.0860803
FixedParameters: 0 0 0

#Transform 109
Transform: AffineTransform_float_3_3
Parameters: 1 0.000427527 -0.000120941 -0.000427295 0.999999 -0.00171392 0.000120257 0.00171313 0.999998 -0.0288575 0.0323695 0.000142595
FixedParameters: 0 0 0

#Transform 110
Transform: AffineTransform_float_3_3
Parameters: 1 0.000579075 8.33342e-05 -0.000579081 0.999998 -0.0016425 -8.39075e-05 0.00164235 0.999998 -0.0340429 -0.0416213 0.0279114
FixedParameters: 0 0 0

#Transform 111
Transform: AffineTransform_float_3_3
Parameters: 1 0.000681982 -8.53822e-05 -0.000681626 0.999999 -0.00130234 8.44272e-05 0.00130243 0.999999 -0.0306596 -0.0622701 0.0524007
FixedParameters: 0 0 0

#Transform 112
Transform: AffineTransform_float_3_3
Parameters: 1 0.000551217 0.000115468 -0.000551703 0.999999 -0.00130682 -0.00011644 0.00130666 0.999999 -0.0365856 -0.0725997 0.0634119
FixedParameters: 0 0 0

#Transform 113
Transform: AffineTransform_float_3_3
Parameters: 0.999999 0.000698637 -0.000277246 -0.000698882 0.999999 -0.00160964 0.000275778 0.00160913 0.999999 -0.0297419 -0.0588117 0.0546435
FixedParameters: 0 0 0

#Transform 114
Transform: AffineTransform_float_3_3
Parameters: 1 0.000475447 5.42685e-05 -0.000474715 0.999999 -0.00141326 -5.47904e-05 0.00141319 0.999999 -0.0361165 -0.080975 0.0395932
FixedParameters: 0 0 0

#Transform 115
Transform: AffineTransform_float_3_3
Parameters: 0.999999 0.000845616 -8.94933e-05 -0.000845214 0.999999 -0.00110447 8.84797e-05 0.00110509 0.999999 -0.0448989 -0.0491578 0.0558272
FixedParameters: 0 0 0

#Transform 116
Transform: AffineTransform_float_3_3
Parameters: 1 0.00116912 -0.00018002 -0.00116954 0.999999 0.000258371 0.000179764 -0.000258808 1 -0.0431239 -0.0114795 0.071163
FixedParameters: 0 0 0

#Transform 117
Transform: AffineTransform_float_3_3
Parameters: 0.999999 0.000778473 -9.85512e-05 -0.000778214 0.999999 0.000961628 0.000100009 -0.000962349 0.999999 -0.034893 -0.0755277 0.0992067
FixedParameters: 0 0 0

#Transform 118
Transform: AffineTransform_float_3_3
Parameters: 0.999999 0.000935058 0.000101841 -0.000935714 0.999999 0.00106104 -0.000100754 -0.00106121 1 -0.0445593 0.00887436 0.0640077
FixedParameters: 0 0 0

#Transform 119
Transform: AffineTransform_float_3_3
Parameters: 1 0.00106678 6.62218e-05 -0.00106661 0.999998 0.00139101 -6.46219e-05 -0.0013911 0.999999 -0.0444263 -0.0062943 0.0391479
FixedParameters: 0 0 0

#Transform 120
Transform: AffineTransform_float_3_3
Parameters: 1 0.00112008 -0.000221327 -0.0011205 0.999998 0.00133309 0.000222594 -0.00133255 0.999999 -0.0402027 -0.0307086 0.0509681
FixedParameters: 0 0 0

#Transform 121
Transform: AffineTransform_float_3_3
Parameters: 0.999999 0.000839124 -0.000272454 -0.000838847 0.999999 0.00131528 0.000273762 -0.0013148 0.999999 -0.0444092 -0.0683413 0.0432428
FixedParameters: 0 0 0

#Transform 122
Transform: AffineTransform_float_3_3
Parameters: 1 0.00059181 -0.000103088 -0.000591755 1 0.00026728 0.000103404 -0.000267158 1 -0.0343088 -0.115194 0.145622
FixedParameters: 0 0 0

#Transform 123
Transform: AffineTransform_float_3_3
Parameters: 1 0.00109991 0.000200124 -0.00110083 0.999999 0.00106909 -0.000198598 -0.00106903 0.999999 -0.0446813 -0.0152707 0.0608475
FixedParameters: 0 0 0

#Transform 124
Transform: AffineTransform_float_3_3
Parameters: 1 0.00121664 0.000170047 -0.00121668 0.999998 0.00120399 -0.000168452 -0.00120387 0.999999 -0.0461264 -0.0318202 0.0414352
FixedParameters: 0 0 0

#Transform 125
Transform: AffineTransform_float_3_3
Parameters: 0.999999 0.000809955 -0.000155142 -0.000808696 0.999999 0.00106955 0.000156326 -0.00106926 1 -0.0306745 -0.0778765 0.0685732
FixedParameters: 0 0 0

#Transform 126
Transform: AffineTransform_float_3_3
Parameters: 0.999999 0.00087771 0.000487832 -0.000879283 0.999997 0.0021855 -0.000485476 -0.0021863 0.999998 -0.0500106 -0.0677526 0.09285
FixedParameters: 0 0 0

#Transform 127
Transform: AffineTransform_float_3_3
Parameters: 1 0.00094332 0.000520242 -0.000944173 0.999998 0.00211501 -0.000518203 -0.0021159 0.999998 -0.0531145 -0.0377238 0.069572
FixedParameters: 0 0 0

#Transform 128
Transform: AffineTransform_float_3_3
Parameters: 0.999999 0.000740776 0.00054647 -0.000742229 0.999996 0.00268858 -0.000544514 -0.0026893 0.999996 -0.0379173 -0.0622252 0.0732333
FixedParameters: 0 0 0

#Transform 129
Transform: AffineTransform_float_3_3
Parameters: 0.999999 0.00101296 0.000866436 -0.00101503 0.999997 0.00252447 -0.000863782 -0.00252562 0.999996 -0.041019 -0.0146754 0.0462616
FixedParameters: 0 0 0

#Transform 130
Transform: AffineTransform_float_3_3
Parameters: 0.999999 0.00112928 0.000827307 -0.00113165 0.999996 0.00245713 -0.000825071 -0.00245798 0.999997 -0.0410729 -0.0525254 0.0359062
FixedParameters: 0 0 0

#Transform 131
Transform: AffineTransform_float_3_3
Parameters: 0.999999 0.00115636 0.000695774 -0.00115801 0.999996 0.00241896 -0.000693462 -0.00241907 0.999997 -0.0419774 -0.0606667 0.07983
FixedParameters: 0 0 0

#Transform 132
Transform: AffineTransform_float_3_3
Parameters: 0.999999 0.00112645 0.000820952 -0.00112893 0.999996 0.00258408 -0.000818482 -0.00258578 0.999997 -0.04734 -0.0304662 0.0124645
FixedParameters: 0 0 0

#Transform 133
Transform: AffineTransform_float_3_3
Parameters: 0.999999 0.000674631 0.000697324 -0.00067644 0.999995 0.0030259 -0.000695814 -0.00302671 0.999995 -0.0351149 -0.0872402 -0.0755221
FixedParameters: 0 0 0

#Transform 134
Transform: AffineTransform_float_3_3
Parameters: 0.999999 0.000656854 0.00074192 -0.000659709 0.999996 0.00298539 -0.000740026 -0.00298579 0.999995 -0.0370994 -0.00419453 0.00656339
FixedParameters: 0 0 0

#Transform 135
Transform: AffineTransform_float_3_3
Parameters: 1 0.000988215 0.000672891 -0.000990799 0.999996 0.0025951 -0.000670606 -0.00259632 0.999997 -0.0484294 0.00733004 0.0128231
FixedParameters: 0 0 0

#Transform 136
Transform: AffineTransform_float_3_3
Parameters: 0.999999 0.00107445 0.000984383 -0.00108261 0.999966 0.00826171 -0.000975862 -0.00826291 0.999965 -0.0550697 0.0290716 -0.10307
FixedParameters: 0 0 0

#Transform 137
Transform: AffineTransform_float_3_3
Parameters: 0.999998 0.00157932 0.00123424 -0.00159365 0.999928 0.0119516 -0.00121546 -0.0119542 0.999928 -0.0622825 -0.010191 -0.0496538
FixedParameters: 0 0 0

#Transform 138
Transform: AffineTransform_float_3_3
Parameters: 0.999998 0.00177288 0.00106048 -0.00178425 0.999941 0.0107427 -0.0010415 -0.0107447 0.999941 -0.0720481 -0.000189135 -0.0269463
FixedParameters: 0 0 0

#Transform 139
Transform: AffineTransform_float_3_3
Parameters: 0.999999 0.00142963 0.000136925 -0.00143143 0.999948 0.0100881 -0.000122397 -0.0100889 0.999949 -0.0520568 -0.132291 -0.108395
FixedParameters: 0 0 0

#Transform 140
Transform: AffineTransform_float_3_3
Parameters: 0.999999 0.00126273 -0.000261192 -0.00126101 0.999971 0.00755962 0.000270107 -0.0075582 0.999971 -0.0401229 0.0068452 -0.174334
FixedParameters: 0 0 0

#Transform 141
Transform: AffineTransform_float_3_3
Parameters: 0.999999 0.000910919 2.13953e-05 -0.00091119 0.999984 0.0056498 -1.56378e-05 -0.00564922 0.999984 -0.0328176 -0.0236183 -0.103794
FixedParameters: 0 0 0

#Transform 142
Transform: AffineTransform_float_3_3
Parameters: 1 0.00112054 -5.78814e-07 -0.00112081 0.999984 0.00556973 6.30361e-06 -0.00556951 0.999985 -0.0388218 -0.0228892 -0.0996832
FixedParameters: 0 0 0

#Transform 143
Transform: AffineTransform_float_3_3
Parameters: 0.999999 0.00124781 -0.000185346 -0.00124689 0.999985 0.00546606 0.000192763 -0.00546581 0.999985 -0.0423249 -0.034814 -0.0675321
FixedParameters: 0 0 0

#Transform 144
Transform: AffineTransform_float_3_3
Parameters: 1 0.00121642 -0.000239288 -0.00121508 0.999985 0.00530971 0.000245986 -0.00530982 0.999986 -0.0468416 -0.0394321 -0.0407584
FixedParameters: 0 0 0

#Transform 145
Transform: AffineTransform_float_3_3
Parameters: 0.999999 0.00122356 -0.000381962 -0.00122106 0.999986 0.00502886 0.00038812 -0.00502775 0.999987 -0.0488271 -0.0515448 -0.0223088
FixedParameters: 0 0 0

#Transform 146
Transform: AffineTransform_float_3_3
Parameters: 0.999999 0.00143041 -0.000551981 -0.00142816 0.999989 0.00456018 0.000558568 -0.00455932 0.99999 -0.0512431 -0.0488873 -0.00666673
FixedParameters: 0 0 0

#Transform 147
Transform: AffineTransform_float_3_3
Parameters: 1 0.00108319 -0.000468513 -0.00108214 0.999991 0.00415484 0.000473406 -0.00415374 0.999991 -0.0498393 -0.0713282 0.0225264
FixedParameters: 0 0 0

#Transform 148
Transform: AffineTransform_float_3_3
Parameters: 1 0.00102984 -0.00055942 -0.00102798 0.99999 0.00419609 0.000563952 -0.00419486 0.999991 -0.048787 -0.0734786 0.0852395
FixedParameters: 0 0 0

#Transform 149
Transform: AffineTransform_float_3_3
Parameters: 0.999999 0.00137363 -0.000603528 -0.00137113 0.999989 0.00443498 0.000609291 -0.00443404 0.99999 -0.0430409 0.0321829 0.0259612
FixedParameters: 0 0 0

#Transform 150
Transform: AffineTransform_float_3_3
Parameters: 0.999998 0.00151761 -0.00060536 -0.00151526 0.99999 0.00429279 0.000611968 -0.00429255 0.999991 -0.0557426 -0.0234884 0.0307654
FixedParameters: 0 0 0

#Transform 151
Transform: AffineTransform_float_3_3
Parameters: 0.999999 0.00146856 -0.000574195 -0.0014664 0.99999 0.0043681 0.000580604 -0.00436713 0.999991 -0.0526412 -0.0449395 0.0566463
FixedParameters: 0 0 0

#Transform 152
Transform: AffineTransform_float_3_3
Parameters: 0.999998 0.00161964 -0.000522217 -0.00161712 0.999989 0.00432293 0.00052929 -0.0043228 0.99999 -0.0570662 0.00657216 0.0188348
FixedParameters: 0 0 0

#Transform 153
Transform: AffineTransform_float_3_3
Parameters: 0.999998 0.00157643 -0.000556893 -0.00157413 0.99999 0.00398914 0.00056262 -0.00398807 0.999992 -0.0587882 -0.0342185 0.0411689
FixedParameters: 0 0 0

#Transform 154
Transform: AffineTransform_float_3_3
Parameters: 0.999998 0.00163931 -0.000606289 -0.00163734 0.999991 0.00372751 0.000613068 -0.00372626 0.999993 -0.0620137 -0.0488559 0.104703
FixedParameters: 0 0 0

#Transform 155
Transform: AffineTransform_float_3_3
Parameters: 0.999999 0.00138566 -0.000451238 -0.00138453 0.999991 0.00400295 0.000456854 -0.00400245 0.999992 -0.0615315 -0.0829894 0.108959
FixedParameters: 0 0 0

#Transform 156
Transform: AffineTransform_float_3_3
Parameters: 0.999999 0.00131081 -0.000405074 -0.00130886 0.999991 0.00387908 0.000410155 -0.00387787 0.999993 -0.0496365 -0.0842136 0.141329
FixedParameters: 0 0 0

#Transform 157
Transform: AffineTransform_float_3_3
Parameters: 0.999999 0.00137502 -0.000408116 -0.00137339 0.999991 0.00399763 0.000413123 -0.00399721 0.999992 -0.0494442 -0.0129787 0.0582873
FixedParameters: 0 0 0

#Transform 158
Transform: AffineTransform_float_3_3
Parameters: 0.999999 0.00125487 -0.000429158 -0.00125258 0.999991 0.00397564 0.000434007 -0.00397529 0.999992 -0.0458133 -0.062977 0.0871933
FixedParameters: 0 0 0

#Transform 159
Transform: AffineTransform_float_3_3
Parameters: 0.999999 0.00137789 -0.00038123 -0.00137627 0.999991 0.00415975 0.000386668 -0.00415941 0.999992 -0.051797 0.00162899 0.0454682
FixedParameters: 0 0 0

#Transform 160
Transform: AffineTransform_float_3_3
Parameters: 0.999999 0.00132139 -0.0002921 -0.00132019 0.999991 0.00396949 0.000297467 -0.00396944 0.999992 -0.0529014 -0.020195 0.0856664
FixedParameters: 0 0 0

#Transform 161
Transform: AffineTransform_float_3_3
Parameters: 0.999999 0.00148635 -0.000230399 -0.00148528 0.999992 0.00393485 0.000235637 -0.00393436 0.999992 -0.0556505 -0.000997229 0.0744065
FixedParameters: 0 0 0

#Transform 162
Transform: AffineTransform_float_3_3
Parameters: 0.999999 0.00134288 -0.000232249 -0.00134231 0.999992 0.00373449 0.000237229 -0.00373411 0.999993 -0.0523054 -0.0554569 0.0650272
FixedParameters: 0 0 0

#Transform 163
Transform: AffineTransform_float_3_3
Parameters: 1 0.00122674 -0.000160653 -0.00122652 0.999991 0.00410246 0.000165631 -0.00410231 0.999991 -0.0519677 -0.0662095 0.10514
FixedParameters: 0 0 0

#Transform 164
Transform: AffineTransform_float_3_3
Parameters: 0.999999 0.0014809 -0.000267251 -0.0014804 0.999991 0.00397155 0.000273033 -0.00397147 0.999992 -0.0543 -0.0113602 0.0488172
FixedParameters: 0 0 0

#Transform 165
Transform: AffineTransform_float_3_3
Parameters: 0.999999 0.00144772 -0.000262652 -0.00144591 0.999991 0.00392701 0.000268388 -0.00392694 0.999993 -0.0535162 -0.0525053 0.074058
FixedParameters: 0 0 0

#Transform 166
Transform: AffineTransform_float_3_3
Parameters: 0.999999 0.00155487 -2.7443e-05 -0.00155498 0.999992 0.00365403 3.32515e-05 -0.00365415 0.999993 -0.0564458 -0.0277288 0.0833552
FixedParameters: 0 0 0

#Transform 167
Transform: AffineTransform_float_3_3
Parameters: 0.999998 0.001651 -6.52379e-05 -0.00165049 0.999992 0.00363152 7.03043e-05 -0.00363146 0.999993 -0.0576288 -0.0498897 0.0927317
FixedParameters: 0 0 0

#Transform 168
Transform: AffineTransform_float_3_3
Parameters: 0.999999 0.00146289 -4.41955e-05 -0.00146245 0.999993 0.00350729 4.97993e-05 -0.00350739 0.999993 -0.0486003 -0.0921972 0.137677
FixedParameters: 0 0 0

#Transform 169
Transform: AffineTransform_float_3_3
Parameters: 0.999999 0.00140037 -3.41265e-05 -0.00140001 0.999993 0.00350814 3.92945e-05 -0.00350828 0.999993 -0.0498523 -0.0433606 0.152126
FixedParameters: 0 0 0

#Transform 170
Transform: AffineTransform_float_3_3
Parameters: 0.999999 0.00181301 -2.83984e-05 -0.00181369 0.999992 0.003576 3.49917e-05 -0.00357609 0.999994 -0.0538057 0.0165657 0.103544
FixedParameters: 0 0 0

#Transform 171
Transform: AffineTransform_float_3_3
Parameters: 0.999998 0.00172108 -3.73655e-05 -0.00172121 0.999993 0.00339896 4.35497e-05 -0.00339904 0.999994 -0.0550389 -0.0256164 0.0997685
FixedParameters: 0 0 0

#Transform 172
Transform: AffineTransform_float_3_3
Parameters: 0.999998 0.00171478 8.82144e-06 -0.00171436 0.999993 0.00329134 -3.55876e-06 -0.00329155 0.999995 -0.0561005 -0.023267 0.136902
FixedParameters: 0 0 0

#Transform 173
Transform: AffineTransform_float_3_3
Parameters: 0.999999 0.00180359 -3.74196e-05 -0.0018038 0.999993 0.00327026 4.37396e-05 -0.00327034 0.999995 -0.0594991 -0.0179892 0.139174
FixedParameters: 0 0 0

#Transform 174
Transform: AffineTransform_float_3_3
Parameters: 0.999999 0.00151972 9.68579e-06 -0.00151982 0.999994 0.00297251 -5.26179e-06 -0.00297238 0.999996 -0.052706 -0.0597666 0.141325
FixedParameters: 0 0 0

#Transform 175
Transform: AffineTransform_float_3_3
Parameters: 0.999998 0.00173598 3.28262e-06 -0.00173645 0.999993 0.00321749 2.41271e-06 -0.00321684 0.999995 -0.0530916 -0.0347077 0.15475
FixedParameters: 0 0 0

#Transform 176
Transform: AffineTransform_float_3_3
Parameters: 0.999998 0.00168689 3.98878e-05 -0.00168673 0.999993 0.00313563 -3.52941e-05 -0.00313595 0.999995 -0.0599347 -0.0407023 0.131998
FixedParameters: 0 0 0

#Transform 177
Transform: AffineTransform_float_3_3
Parameters: 0.999998 0.00164352 -1.1146e-05 -0.00164348 0.999995 0.00279502 1.5755e-05 -0.00279522 0.999996 -0.0515068 -0.0721928 0.185167
FixedParameters: 0 0 0

#Transform 178
Transform: AffineTransform_float_3_3
Parameters: 0.999998 0.00177919 7.46099e-05 -0.00177925 0.999993 0.0031516 -6.93796e-05 -0.00315204 0.999995 -0.0592242 -0.0220023 0.139119
FixedParameters: 0 0 0

#Transform 179
Transform: AffineTransform_float_3_3
Parameters: 0.999999 0.00155484 -3.49401e-06 -0.00155477 0.999995 0.00303166 8.30417e-06 -0.00303188 0.999996 -0.0584123 -0.0525358 0.161971
FixedParameters: 0 0 0

#Transform 180
Transform: AffineTransform_float_3_3
Parameters: 0.999999 0.00182675 1.922e-05 -0.00182651 0.999994 0.00308736 -1.38542e-05 -0.00308713 0.999995 -0.0585802 -0.00962726 0.144349
FixedParameters: 0 0 0

#Transform 181
Transform: AffineTransform_float_3_3
Parameters: 0.999999 0.00141009 -2.33457e-05 -0.00140998 0.999995 0.00279998 2.66636e-05 -0.00280015 0.999996 -0.0545014 -0.0557259 0.17053
FixedParameters: 0 0 0

#Transform 182
Transform: AffineTransform_float_3_3
Parameters: 0.999998 0.0017357 -2.49227e-05 -0.00173597 0.999994 0.00318222 3.05257e-05 -0.00318099 0.999995 -0.0509168 -0.00816739 0.15387
FixedParameters: 0 0 0

#Transform 183
Transform: AffineTransform_float_3_3
Parameters: 0.999999 0.00139006 2.9769e-05 -0.00139111 0.999995 0.002938 -2.5668e-05 -0.00293748 0.999996 -0.053837 -0.0415931 0.138052
FixedParameters: 0 0 0

#Transform 184
Transform: AffineTransform_float_3_3
Parameters: 0.999998 0.00168635 0.000134167 -0.00168676 0.999993 0.00330539 -0.00012904 -0.00330602 0.999995 -0.0540077 -0.0252952 0.159964
FixedParameters: 0 0 0

#Transform 185
Transform: AffineTransform_float_3_3
Parameters: 0.999998 0.00163618 8.16887e-05 -0.00163577 0.999994 0.00307007 -7.67683e-05 -0.00307053 0.999995 -0.0605065 -0.0208082 0.161957
FixedParameters: 0 0 0

#Transform 186
Transform: AffineTransform_float_3_3
Parameters: 0.999999 0.00146985 -6.40138e-05 -0.00146989 0.999995 0.00270846 6.87325e-05 -0.00270904 0.999997 -0.0523643 -0.0717306 0.155735
FixedParameters: 0 0 0

#Transform 187
Transform: AffineTransform_float_3_3
Parameters: 0.999999 0.00139864 0.000147681 -0.00139896 0.999996 0.00251586 -0.000144321 -0.00251654 0.999996 -0.0453973 -0.0686268 0.226343
FixedParameters: 0 0 0

#Transform 188
Transform: AffineTransform_float_3_3
Parameters: 0.999998 0.00166466 0.000163654 -0.00166417 0.999995 0.00243304 -0.000159741 -0.00243381 0.999997 -0.0537557 0.0127336 0.153931
FixedParameters: 0 0 0

#Transform 189
Transform: AffineTransform_float_3_3
Parameters: 0.999999 0.00140241 0.000113472 -0.00140307 0.999995 0.00279824 -0.000110199 -0.00279879 0.999996 -0.0553629 -0.0319397 0.157272
FixedParameters: 0 0 0
