#Insight Transform File V1.0
#Transform 0
Transform: AffineTransform_float_3_3
Parameters: 1 0.000142457 0.000414998 -0.000141691 0.999998 -0.00204498 -0.000415243 0.00204484 0.999998 -0.0132259 -0.01281 0.148605
FixedParameters: 0 0 0

#Transform 1
Transform: AffineTransform_float_3_3
Parameters: 1 7.78713e-05 0.000307233 -7.73673e-05 0.999997 -0.00236631 -0.000307319 0.00236624 0.999997 -0.0101569 -0.00193011 0.128316
FixedParameters: 0 0 0

#Transform 2
Transform: AffineTransform_float_3_3
Parameters: 1 0.000161306 0.000255572 -0.00015986 0.999998 -0.00202795 -0.000255442 0.00202789 0.999998 -0.00863229 -0.00631498 0.131218
FixedParameters: 0 0 0

#Transform 3
Transform: AffineTransform_float_3_3
Parameters: 1 0.000103218 0.000322675 -0.000102975 0.999999 -0.00181965 -0.000322714 0.00181956 0.999999 -0.0108202 -0.0158192 0.139501
FixedParameters: 0 0 0

#Transform 4
Transform: AffineTransform_float_3_3
Parameters: 1 8.2554e-05 7.31779e-05 -8.22821e-05 0.999998 -0.00210851 -7.36365e-05 0.00210849 0.999998 -0.00400778 -0.00105987 0.117803
FixedParameters: 0 0 0

#Transform 5
Transform: AffineTransform_float_3_3
Parameters: 1 0.000100186 -0.000177157 -0.000100497 0.999998 -0.0020303 0.000177532 0.00203035 0.999998 0.00229297 -0.000809847 0.123011
FixedParameters: 0 0 0

#Transform 6
Transform: AffineTransform_float_3_3
Parameters: 1 0.000168981 -0.0004668 -0.00016909 0.999999 -0.00153264 0.000466672 0.00153284 0.999998 0.0107935 0.0176502 0.0793903
FixedParameters: 0 0 0

#Transform 7
Transform: AffineTransform_float_3_3
Parameters: 0.999999 0.000212046 -0.00141089 -0.000210535 0.999999 0.0013283 0.00141138 -0.00132756 0.999998 0.0366621 -0.0548339 0.010434
FixedParameters: 0 0 0

#Transform 8
Transform: AffineTransform_float_3_3
Parameters: 1 0.00025727 -0.00103263 -0.000256013 0.999999 0.00124614 0.0010328 -0.00124625 0.999999 0.0238844 -0.0202373 -0.00218257
FixedParameters: 0 0 0

#Transform 9
Transform: AffineTransform_float_3_3
Parameters: 1 0.000384608 -0.000985863 -0.000383573 1 0.000977848 0.000987061 -0.00097711 0.999999 0.0246642 -0.00720767 -0.0401887
FixedParameters: 0 0 0

#Transform 10
Transform: AffineTransform_float_3_3
Parameters: 0.999999 0.00050932 -0.000670745 -0.000508552 1 0.000899882 0.000670765 -0.000900021 0.999999 0.0132861 -0.0291469 -0.0233311
FixedParameters: 0 0 0

#Transform 11
Transform: AffineTransform_float_3_3
Parameters: 1 0.000632091 -0.000215394 -0.000631676 1 0.000944574 0.000216584 -0.000945102 0.999999 0.00146035 -0.0183624 -0.043107
FixedParameters: 0 0 0

#Transform 12
Transform: AffineTransform_float_3_3
Parameters: 1 0.000575906 -0.000311961 -0.000575823 1 0.000838213 0.000312031 -0.000838675 0.999999 0.00443199 -0.0248624 -0.0489962
FixedParameters: 0 0 0

#Transform 13
Transform: AffineTransform_float_3_3
Parameters: 0.999999 0.000789602 7.5721e-05 -0.000789706 0.999999 0.000692032 -7.4628e-05 -0.00069215 1 -0.00481978 -0.0302827 -0.0550722
FixedParameters: 0 0 0

#Transform 14
Transform: AffineTransform_float_3_3
Parameters: 1 0.000665281 0.000171039 -0.000665568 0.999999 0.000840385 -0.000169921 -0.000840612 0.999999 -0.00606895 -0.0342457 -0.0543376
FixedParameters: 0 0 0

#Transform 15
Transform: AffineTransform_float_3_3
Parameters: 0.999999 0.000668852 0.000263163 -0.0006684 0.999999 0.000841114 -0.000262485 -0.000841445 0.999999 -0.00246425 -0.0252919 -0.0466054
FixedParameters: 0 0 0

#Transform 16
Transform: AffineTransform_float_3_3
Parameters: 0.999999 0.000581203 0.000496994 -0.000581175 0.999999 0.000846031 -0.00049651 -0.000845788 1 -0.00930314 -0.0293655 -0.0297748
FixedParameters: 0 0 0

#Transform 17
Transform: AffineTransform_float_3_3
Parameters: 1 0.000617442 0.000274328 -0.000617458 0.999999 0.00084264 -0.000274627 -0.00084298 0.999999 -0.00370772 -0.0254133 -0.0211223
FixedParameters: 0 0 0

#Transform 18
Transform: AffineTransform_float_3_3
Parameters: 1 0.000585706 0.000210816 -0.000585615 0.999999 0.000842971 -0.000211169 -0.000843219 0.999999 -0.00620538 -0.00844067 -0.0319169
FixedParameters: 0 0 0

#Transform 19
Transform: AffineTransform_float_3_3
Parameters: 1 0.000533744 -4.11342e-05 -0.000534133 0.999999 0.000709112 4.09989e-05 -0.000709089 0.999999 0.00394824 -0.0158029 -0.0215132
FixedParameters: 0 0 0

#Transform 20
Transform: AffineTransform_float_3_3
Parameters: 0.999999 0.000641485 0.000403582 -0.000641133 0.999999 -0.000435442 -0.00040414 0.000434924 1 -0.00785849 -0.00113369 0.0223837
FixedParameters: 0 0 0

#Transform 21
Transform: AffineTransform_float_3_3
Parameters: 0.999999 0.000502517 0.00054596 -0.000502042 1 -0.000434259 -0.000546396 0.00043371 1 -0.0125299 0.00235225 0.0366776
FixedParameters: 0 0 0

#Transform 22
Transform: AffineTransform_float_3_3
Parameters: 1 0.000529068 0.000163601 -0.000529007 1 -0.000188308 -0.0001638 0.000188135 1 -0.00319752 -0.00159461 0.0553445
FixedParameters: 0 0 0

#Transform 23
Transform: AffineTransform_float_3_3
Parameters: 1 0.000529068 0.000163601 -0.000529007 1 -0.000188308 -0.0001638 0.000188135 1 0.000918269 -0.00997504 0.041691
FixedParameters: 0 0 0

#Transform 24
Transform: AffineTransform_float_3_3
Parameters: 1 -3.66012e-05 -0.00106452 3.80387e-05 0.999999 0.00129372 0.00106396 -0.00129444 0.999999 0.0321058 -0.0274272 -0.00593765
FixedParameters: 0 0 0

#Transform 25
Transform: AffineTransform_float_3_3
Parameters: 0.999999 0.000130755 -0.000808029 -0.000128148 0.999997 0.00247795 0.000808059 -0.00247778 0.999996 0.0147745 -0.0178646 -0.0221548
FixedParameters: 0 0 0

#Transform 26
Transform: AffineTransform_float_3_3
Parameters: 0.999999 -0.00010289 -0.00173545 0.000110105 0.999992 0.00391464 0.00173511 -0.00391498 0.999991 0.0510052 -0.0701066 0.0495888
FixedParameters: 0 0 0

#Transform 27
Transform: AffineTransform_float_3_3
Parameters: 0.999999 4.6012e-05 -0.00181798 -4.21784e-05 0.999997 0.00228247 0.00181804 -0.00228283 0.999996 0.044603 -0.0156114 0.0511991
FixedParameters: 0 0 0

#Transform 28
Transform: AffineTransform_float_3_3
Parameters: 0.999999 0.000135607 -0.00155559 -0.000132169 0.999998 0.00183021 0.00155596 -0.00182965 0.999997 0.0384318 -0.0299779 0.0541673
FixedParameters: 0 0 0

#Transform 29
Transform: AffineTransform_float_3_3
Parameters: 1 -8.99201e-05 -0.00120531 9.24717e-05 0.999998 0.00179703 0.00120581 -0.00179789 0.999998 0.0289603 -0.0331387 0.0437772
FixedParameters: 0 0 0

#Transform 30
Transform: AffineTransform_float_3_3
Parameters: 0.999999 1.64362e-05 -0.000999671 -1.4886e-05 0.999998 0.00191196 0.000999623 -0.001912 0.999997 0.0243265 -0.0242475 0.0301862
FixedParameters: 0 0 0

#Transform 31
Transform: AffineTransform_float_3_3
Parameters: 0.999999 1.28692e-05 -0.000998513 -1.0678e-05 0.999999 0.00178804 0.000997999 -0.00178806 0.999998 0.0247412 -0.0279093 0.0169973
FixedParameters: 0 0 0

#Transform 32
Transform: AffineTransform_float_3_3
Parameters: 0.999999 0.00018255 -0.000970221 -0.000180425 0.999998 0.00179296 0.0009703 -0.00179325 0.999998 0.0201435 -0.0217841 0.0168887
FixedParameters: 0 0 0

#Transform 33
Transform: AffineTransform_float_3_3
Parameters: 0.999999 9.79328e-05 -0.000834805 -9.61541e-05 0.999998 0.00189132 0.000834616 -0.0018912 0.999998 0.0207487 -0.0267841 0.0240093
FixedParameters: 0 0 0

#Transform 34
Transform: AffineTransform_float_3_3
Parameters: 0.999999 0.000147299 -0.000746843 -0.000145604 0.999998 0.00205788 0.000746889 -0.0020577 0.999997 0.01319 -0.0240019 0.0211508
FixedParameters: 0 0 0

#Transform 35
Transform: AffineTransform_float_3_3
Parameters: 0.999999 0.000109276 -0.000814575 -0.000107489 0.999998 0.00192842 0.000814421 -0.00192889 0.999998 0.0136785 -0.0230009 0.0126766
FixedParameters: 0 0 0

#Transform 36
Transform: AffineTransform_float_3_3
Parameters: 0.999999 0.000119654 -0.000802337 -0.00011773 0.999998 0.00205811 0.00080227 -0.00205797 0.999997 0.0142774 -0.0213815 0.00771483
FixedParameters: 0 0 0

#Transform 37
Transform: AffineTransform_float_3_3
Parameters: 0.999999 0.000121983 -0.000803121 -0.000119951 0.999998 0.00214048 0.00080303 -0.00213953 0.999998 0.0155997 -0.0275131 -0.00480894
FixedParameters: 0 0 0

#Transform 38
Transform: AffineTransform_float_3_3
Parameters: 0.999999 0.00012545 -0.000790701 -0.000123574 0.999998 0.00205806 0.000790658 -0.00205791 0.999997 0.0157937 -0.0192712 -0.0119821
FixedParameters: 0 0 0

#Transform 39
Transform: AffineTransform_float_3_3
Parameters: 0.999999 0.000157238 -0.000735536 -0.000155417 0.999998 0.00218778 0.000735608 -0.00218759 0.999998 0.0134447 -0.0228497 -0.0151338
FixedParameters: 0 0 0

#Transform 40
Transform: AffineTransform_float_3_3
Parameters: 0.999999 0.000156635 -0.00073534 -0.000154853 0.999997 0.00216718 0.000735407 -0.0021662 0.999998 0.011087 -0.0280006 0.00287636
FixedParameters: 0 0 0

#Transform 41
Transform: AffineTransform_float_3_3
Parameters: 0.999999 0.000106723 -0.000828294 -0.000104692 0.999998 0.00205822 0.000828173 -0.00205809 0.999997 0.0134005 -0.0249639 0.00297069
FixedParameters: 0 0 0

#Transform 42
Transform: AffineTransform_float_3_3
Parameters: 0.999999 0.000108576 -0.000717904 -0.000106362 0.999997 0.00220867 0.000718663 -0.00220774 0.999997 0.0130482 -0.0311026 0.00381597
FixedParameters: 0 0 0

#Transform 43
Transform: AffineTransform_float_3_3
Parameters: 0.999999 0.000160833 -0.000728384 -0.000159042 0.999998 0.00218874 0.000728472 -0.00218855 0.999998 0.0130841 -0.0279525 0.00574933
FixedParameters: 0 0 0

#Transform 44
Transform: AffineTransform_float_3_3
Parameters: 0.999999 0.000165549 -0.000722632 -0.000163702 0.999998 0.00224469 0.000722759 -0.0022445 0.999997 0.0116688 -0.0263094 0.00866666
FixedParameters: 0 0 0

#Transform 45
Transform: AffineTransform_float_3_3
Parameters: 0.999999 0.000160865 -0.000726316 -0.000159134 0.999998 0.00215915 0.000726399 -0.00215816 0.999998 0.013384 -0.0293437 0.000541502
FixedParameters: 0 0 0

#Transform 46
Transform: AffineTransform_float_3_3
Parameters: 0.999999 0.000155829 -0.000737158 -0.000154035 0.999997 0.00217019 0.000737223 -0.0021692 0.999998 0.0135953 -0.0282869 0.0107045
FixedParameters: 0 0 0

#Transform 47
Transform: AffineTransform_float_3_3
Parameters: 0.999999 0.000145427 -0.000764972 -0.000142896 0.999998 0.00227387 0.000765908 -0.00227367 0.999997 0.0137945 -0.0231911 0.0101454
FixedParameters: 0 0 0

#Transform 48
Transform: AffineTransform_float_3_3
Parameters: 1 0.000203434 -0.000649659 -0.000201854 0.999998 0.00229136 0.000649976 -0.00229114 0.999997 0.0131449 -0.0238516 0.00969315
FixedParameters: 0 0 0

#Transform 49
Transform: AffineTransform_float_3_3
Parameters: 1 0.000204938 -0.000650147 -0.000203263 0.999997 0.00234354 0.000650476 -0.00234391 0.999997 0.0166626 -0.0242077 0.0114973
FixedParameters: 0 0 0

#Transform 50
Transform: AffineTransform_float_3_3
Parameters: 1 0.000220708 -0.000618866 -0.000219196 0.999997 0.0023502 0.000619288 -0.00234997 0.999997 0.0125713 -0.0187863 0.00259799
FixedParameters: 0 0 0

#Transform 51
Transform: AffineTransform_float_3_3
Parameters: 1 0.000118931 -0.000511814 -0.00011781 0.999997 0.00245999 0.000511785 -0.00245992 0.999997 0.00949431 -0.0331361 -0.00212311
FixedParameters: 0 0 0

#Transform 52
Transform: AffineTransform_float_3_3
Parameters: 1 -7.96703e-06 -0.00064663 9.37138e-06 0.999997 0.00217347 0.000645984 -0.00217272 0.999998 0.0103911 -0.0121317 -0.0118777
FixedParameters: 0 0 0

#Transform 53
Transform: AffineTransform_float_3_3
Parameters: 1 7.23651e-06 -0.00108512 -4.11298e-06 0.999995 0.00290744 0.00108537 -0.00290731 0.999996 0.0281355 -0.040595 -0.0301465
FixedParameters: 0 0 0

#Transform 54
Transform: AffineTransform_float_3_3
Parameters: 1 0.000249019 -0.00107991 -0.000246744 0.999998 0.0021085 0.00108085 -0.00210722 0.999997 0.0194722 -0.0176044 -0.025016
FixedParameters: 0 0 0

#Transform 55
Transform: AffineTransform_float_3_3
Parameters: 0.999999 0.000148467 -0.000858091 -0.000147227 0.999998 0.00204579 0.000858587 -0.0020456 0.999997 0.0136125 -0.0160202 -0.0502873
FixedParameters: 0 0 0

#Transform 56
Transform: AffineTransform_float_3_3
Parameters: 0.999999 0.000190408 -0.000939443 -0.00018929 0.999999 0.00180381 0.000940019 -0.00180352 0.999998 0.0152461 -0.00832576 -0.0443972
FixedParameters: 0 0 0

#Transform 57
Transform: AffineTransform_float_3_3
Parameters: 1 0.000288216 -0.00103011 -0.000285656 0.999998 0.00190243 0.0010307 -0.00190188 0.999997 0.0179522 -0.0122484 -0.0355695
FixedParameters: 0 0 0

#Transform 58
Transform: AffineTransform_float_3_3
Parameters: 0.999999 0.000136298 -0.000764072 -0.000134644 0.999998 0.00198498 0.000764053 -0.00198482 0.999997 0.0119631 -0.000271506 -0.0313663
FixedParameters: 0 0 0

#Transform 59
Transform: AffineTransform_float_3_3
Parameters: 1 0.000254491 -0.000533121 -0.000253652 0.999998 0.00207894 0.000533621 -0.00207871 0.999997 0.0108581 -0.0110752 -0.0567529
FixedParameters: 0 0 0

#Transform 60
Transform: AffineTransform_float_3_3
Parameters: 1 0.000194441 -0.000650887 -0.000193167 0.999998 0.00203747 0.000651121 -0.00203727 0.999997 0.00953054 -0.0219142 -0.0497258
FixedParameters: 0 0 0

#Transform 61
Transform: AffineTransform_float_3_3
Parameters: 1 0.000235096 -0.000564269 -0.000233812 0.999998 0.00196114 0.000565525 -0.0019609 0.999998 0.00920026 -0.0139267 -0.0347304
FixedParameters: 0 0 0

#Transform 62
Transform: AffineTransform_float_3_3
Parameters: 1 0.000211337 -0.000610627 -0.000210345 0.999998 0.00194134 0.000610889 -0.00194113 0.999998 0.0077096 -0.0241488 -0.0325353
FixedParameters: 0 0 0

#Transform 63
Transform: AffineTransform_float_3_3
Parameters: 0.999999 0.000133384 -0.000768325 -0.000131749 0.999998 0.00196101 0.000768289 -0.00196085 0.999998 0.0114483 -0.0196713 -0.0354483
FixedParameters: 0 0 0

#Transform 64
Transform: AffineTransform_float_3_3
Parameters: 1 0.000202964 -0.00062247 -0.000202019 0.999998 0.00186643 0.00062267 -0.00186622 0.999998 0.00928994 -0.0136504 -0.0359099
FixedParameters: 0 0 0

#Transform 65
Transform: AffineTransform_float_3_3
Parameters: 1 0.000241113 -0.000680264 -0.000239864 0.999998 0.00193089 0.000680637 -0.00193061 0.999998 0.012405 -0.0123762 -0.0386146
FixedParameters: 0 0 0

#Transform 66
Transform: AffineTransform_float_3_3
Parameters: 1 0.000198009 -0.000643726 -0.000196764 0.999998 0.00203744 0.000643975 -0.00203723 0.999997 0.0109821 -0.0113308 -0.0444362
FixedParameters: 0 0 0

#Transform 67
Transform: AffineTransform_float_3_3
Parameters: 0.999999 0.000169269 -0.000708249 -0.000167192 0.999998 0.00214109 0.000709254 -0.00214007 0.999998 0.0118173 -0.00683793 -0.044446
FixedParameters: 0 0 0

#Transform 68
Transform: AffineTransform_float_3_3
Parameters: 0.999999 0.000155643 -0.000725644 -0.000154109 0.999998 0.00199002 0.000725688 -0.00199044 0.999998 0.0117865 -0.000105774 -0.0367158
FixedParameters: 0 0 0

#Transform 69
Transform: AffineTransform_float_3_3
Parameters: 0.999999 0.00015788 -0.000730517 -0.000156144 0.999997 0.00213178 0.00073063 -0.00213159 0.999997 0.019879 -0.00774649 -0.0398723
FixedParameters: 0 0 0

#Transform 70
Transform: AffineTransform_float_3_3
Parameters: 1 0.000130463 -0.000545749 -0.000128574 0.999998 0.00216886 0.000545303 -0.00216954 0.999997 0.00852376 -0.0087089 -0.0408609
FixedParameters: 0 0 0

#Transform 71
Transform: AffineTransform_float_3_3
Parameters: 0.999999 0.000168167 -0.000712053 -0.000166465 0.999997 0.00216428 0.000712153 -0.00216389 0.999998 0.0110358 -0.00867462 -0.0402201
FixedParameters: 0 0 0

#Transform 72
Transform: AffineTransform_float_3_3
Parameters: 1 0.000305545 -0.000436344 -0.00030414 0.999997 0.00216548 0.00043666 -0.00216524 0.999997 0.013104 -0.00916597 -0.0411243
FixedParameters: 0 0 0

#Transform 73
Transform: AffineTransform_float_3_3
Parameters: 0.999999 0.000137967 -0.000768768 -0.000135659 0.999998 0.00210596 0.00076968 -0.00210577 0.999997 0.0147196 -0.00974638 -0.0623854
FixedParameters: 0 0 0

#Transform 74
Transform: AffineTransform_float_3_3
Parameters: 0.999999 0.000200149 -0.000898444 -0.000197471 0.999997 0.00225435 0.000898712 -0.00225464 0.999997 0.0121219 -0.0175713 -0.0391937
FixedParameters: 0 0 0

#Transform 75
Transform: AffineTransform_float_3_3
Parameters: 0.999999 0.000408215 -0.001512 -0.000402302 0.999993 0.00376387 0.00151286 -0.00376341 0.999992 0.0316966 -0.0274882 -0.126869
FixedParameters: 0 0 0

#Transform 76
Transform: AffineTransform_float_3_3
Parameters: 0.999998 0.000751553 -0.0019635 -0.000746391 0.999996 0.00268167 0.00196554 -0.00268009 0.999995 0.0330384 -0.0122526 -0.116053
FixedParameters: 0 0 0

#Transform 77
Transform: AffineTransform_float_3_3
Parameters: 0.999999 0.000513852 -0.00145737 -0.000510036 0.999997 0.00254606 0.00145935 -0.00254527 0.999996 0.0258554 -0.0085572 -0.0698081
FixedParameters: 0 0 0

#Transform 78
Transform: AffineTransform_float_3_3
Parameters: 0.999999 0.000550554 -0.0013768 -0.000546534 0.999997 0.00244478 0.00137841 -0.00244395 0.999997 0.0225859 -0.0103501 -0.0781411
FixedParameters: 0 0 0

#Transform 79
Transform: AffineTransform_float_3_3
Parameters: 0.999999 0.000555918 -0.00137842 -0.000551831 0.999996 0.00262869 0.00137937 -0.00262787 0.999996 0.0172776 -0.00821816 -0.115531
FixedParameters: 0 0 0

#Transform 80
Transform: AffineTransform_float_3_3
Parameters: 0.999997 0.000771365 -0.00208648 -0.000764243 0.999995 0.00299145 0.00208902 -0.00299021 0.999994 0.0385099 -0.0294864 -0.0828851
FixedParameters: 0 0 0

#Transform 81
Transform: AffineTransform_float_3_3
Parameters: 0.999998 0.00076298 -0.00180476 -0.000758289 0.999996 0.00253469 0.00180624 -0.00253329 0.999995 0.0286552 -0.01608 -0.0982937
FixedParameters: 0 0 0

#Transform 82
Transform: AffineTransform_float_3_3
Parameters: 0.999998 0.000653387 -0.00186478 -0.000648093 0.999996 0.00262246 0.00186577 -0.00262057 0.999995 0.0305141 -0.0117699 -0.12968
FixedParameters: 0 0 0

#Transform 83
Transform: AffineTransform_float_3_3
Parameters: 0.999998 0.000694792 -0.00144873 -0.000690927 0.999997 0.00241492 0.00145016 -0.00241442 0.999996 0.0196604 0.000338674 -0.116116
FixedParameters: 0 0 0

#Transform 84
Transform: AffineTransform_float_3_3
Parameters: 0.999998 0.000700396 -0.0015332 -0.000696778 0.999997 0.00220435 0.00153437 -0.00220291 0.999996 0.0221007 -0.00418524 -0.121561
FixedParameters: 0 0 0

#Transform 85
Transform: AffineTransform_float_3_3
Parameters: 0.999998 0.00068484 -0.0015556 -0.00068201 0.999997 0.00220654 0.00155716 -0.00220513 0.999996 0.0225075 0.00297495 -0.120229
FixedParameters: 0 0 0

#Transform 86
Transform: AffineTransform_float_3_3
Parameters: 0.999998 0.000747126 -0.00147689 -0.000744179 0.999998 0.00206154 0.00147805 -0.00206004 0.999997 0.0215085 -0.0041545 -0.140903
FixedParameters: 0 0 0

#Transform 87
Transform: AffineTransform_float_3_3
Parameters: 0.999998 0.000800557 -0.00140932 -0.00079773 0.999997 0.00211774 0.0014108 -0.00211619 0.999997 0.0165171 -0.00146319 -0.133
FixedParameters: 0 0 0

#Transform 88
Transform: AffineTransform_float_3_3
Parameters: 0.999998 0.00088101 -0.00144859 -0.00087814 0.999997 0.00206646 0.0014503 -0.00206522 0.999997 0.0116228 -0.00241483 -0.136524
FixedParameters: 0 0 0

#Transform 89
Transform: AffineTransform_float_3_3
Parameters: 0.999998 0.000856435 -0.00145758 -0.000853526 0.999997 0.00206703 0.00145918 -0.00206584 0.999997 0.00942471 0.00140296 -0.128976
FixedParameters: 0 0 0

#Transform 90
Transform: AffineTransform_float_3_3
Parameters: 0.999998 0.000835953 -0.00152111 -0.000832782 0.999997 0.00206703 0.00152263 -0.00206579 0.999997 0.0192559 -0.00979298 -0.12649
FixedParameters: 0 0 0

#Transform 91
Transform: AffineTransform_float_3_3
Parameters: 0.999999 0.000818047 -0.00157306 -0.000814964 0.999998 0.00197281 0.00157442 -0.00197095 0.999997 0.0197616 0.0039714 -0.128018
FixedParameters: 0 0 0

#Transform 92
Transform: AffineTransform_float_3_3
Parameters: 0.999998 0.000852056 -0.00152913 -0.000849746 0.999997 0.00206652 0.00153117 -0.00206524 0.999997 0.0206448 0.0014658 -0.128497
FixedParameters: 0 0 0

#Transform 93
Transform: AffineTransform_float_3_3
Parameters: 0.999999 0.000824433 -0.00159355 -0.000820944 0.999997 0.00206672 0.00159507 -0.00206539 0.999997 0.0211214 0.0067692 -0.134054
FixedParameters: 0 0 0

#Transform 94
Transform: AffineTransform_float_3_3
Parameters: 0.999998 0.000955039 -0.00165417 -0.000951313 0.999997 0.00206279 0.00165622 -0.00206093 0.999997 0.0230316 -0.000567127 -0.127167
FixedParameters: 0 0 0

#Transform 95
Transform: AffineTransform_float_3_3
Parameters: 0.999999 0.000742691 -0.00164331 -0.000738543 0.999997 0.00206844 0.00164539 -0.00206728 0.999997 0.0230129 0.00187716 -0.128096
FixedParameters: 0 0 0

#Transform 96
Transform: AffineTransform_float_3_3
Parameters: 0.999998 0.000741604 -0.00156574 -0.000737701 0.999997 0.00225001 0.00156715 -0.00224839 0.999996 0.0204863 0.00585329 -0.140379
FixedParameters: 0 0 0

#Transform 97
Transform: AffineTransform_float_3_3
Parameters: 0.999999 0.000821995 -0.00164397 -0.000817829 0.999997 0.00220941 0.00164572 -0.00220802 0.999996 0.023531 -0.00869909 -0.131542
FixedParameters: 0 0 0

#Transform 98
Transform: AffineTransform_float_3_3
Parameters: 0.999999 0.000826556 -0.0017022 -0.000822806 0.999997 0.00201171 0.00170364 -0.0020102 0.999997 0.0248253 -0.00412465 -0.114378
FixedParameters: 0 0 0

#Transform 99
Transform: AffineTransform_float_3_3
Parameters: 0.999998 0.000842787 -0.0017192 -0.00083985 0.999997 0.00201512 0.00172116 -0.00201355 0.999997 0.0235284 0.00657424 -0.109512
FixedParameters: 0 0 0

#Transform 100
Transform: AffineTransform_float_3_3
Parameters: 0.999998 0.000893061 -0.00177858 -0.00088882 0.999997 0.00206335 0.00178038 -0.00206148 0.999996 0.025594 0.00931743 -0.10481
FixedParameters: 0 0 0

#Transform 101
Transform: AffineTransform_float_3_3
Parameters: 0.999998 0.000815749 -0.00192417 -0.000812342 0.999998 0.00192303 0.00192587 -0.00192122 0.999996 0.0264163 0.0089959 -0.101737
FixedParameters: 0 0 0

#Transform 102
Transform: AffineTransform_float_3_3
Parameters: 0.999998 0.000915356 -0.00173383 -0.000911749 0.999997 0.00206314 0.00173483 -0.00206129 0.999996 0.0237188 0.0149426 -0.100964
FixedParameters: 0 0 0

#Transform 103
Transform: AffineTransform_float_3_3
Parameters: 0.999998 0.00083077 -0.00171096 -0.000827227 0.999997 0.00219919 0.00171318 -0.00219847 0.999996 0.0246622 0.0068765 -0.111059
FixedParameters: 0 0 0

#Transform 104
Transform: AffineTransform_float_3_3
Parameters: 0.999998 0.000834412 -0.00170801 -0.000831348 0.999997 0.00206545 0.00171003 -0.00206393 0.999997 0.0248599 0.00915579 -0.112809
FixedParameters: 0 0 0

#Transform 105
Transform: AffineTransform_float_3_3
Parameters: 0.999999 0.000813342 -0.00166064 -0.000809578 0.999997 0.00206643 0.00166212 -0.00206504 0.999997 0.0222611 0.00653272 -0.123156
FixedParameters: 0 0 0

#Transform 106
Transform: AffineTransform_float_3_3
Parameters: 0.999999 0.000791045 -0.00170316 -0.000787105 0.999997 0.00206665 0.00170455 -0.00206526 0.999997 0.0240728 0.00982786 -0.119785
FixedParameters: 0 0 0

#Transform 107
Transform: AffineTransform_float_3_3
Parameters: 0.999999 0.000805788 -0.00169598 -0.000801878 0.999997 0.00206633 0.00169743 -0.0020649 0.999997 0.0266856 0.0008261 -0.116777
FixedParameters: 0 0 0

#Transform 108
Transform: AffineTransform_float_3_3
Parameters: 0.999999 0.000814162 -0.00164998 -0.000810782 0.999997 0.00223116 0.00165218 -0.0022306 0.999996 0.023599 0.00174002 -0.125501
FixedParameters: 0 0 0

#Transform 109
Transform: AffineTransform_float_3_3
Parameters: 0.999998 0.000799534 -0.0017335 -0.000795332 0.999997 0.00236829 0.00173579 -0.00236684 0.999996 0.0277719 -0.00393527 -0.125015
FixedParameters: 0 0 0

#Transform 110
Transform: AffineTransform_float_3_3
Parameters: 0.999997 0.000778941 -0.00200773 -0.000774619 0.999997 0.00206453 0.0020095 -0.00206333 0.999996 0.0304846 -0.00362705 -0.137664
FixedParameters: 0 0 0

#Transform 111
Transform: AffineTransform_float_3_3
Parameters: 0.999996 0.000896772 -0.00271982 -0.000886541 0.999994 0.00360528 0.00272279 -0.00360312 0.99999 0.0524309 -0.00904109 -0.109828
FixedParameters: 0 0 0

#Transform 112
Transform: AffineTransform_float_3_3
Parameters: 0.999996 0.000917675 -0.00250741 -0.000911791 0.999995 0.00267614 0.00251035 -0.00267417 0.999993 0.0448625 -0.00467965 -0.108629
FixedParameters: 0 0 0

#Transform 113
Transform: AffineTransform_float_3_3
Parameters: 0.999996 0.000989465 -0.00242744 -0.000984301 0.999997 0.0024377 0.00242986 -0.00243491 0.999994 0.0458168 -0.00122927 -0.112516
FixedParameters: 0 0 0

#Transform 114
Transform: AffineTransform_float_3_3
Parameters: 0.999997 0.00096525 -0.0023304 -0.000960392 0.999997 0.00227808 0.00233201 -0.00227557 0.999995 0.0406881 0.00155906 -0.103594
FixedParameters: 0 0 0

#Transform 115
Transform: AffineTransform_float_3_3
Parameters: 0.999997 0.000927946 -0.00251265 -0.000922469 0.999997 0.00214344 0.00251479 -0.00214075 0.999994 0.0427039 0.00300548 -0.0989119
FixedParameters: 0 0 0

#Transform 116
Transform: AffineTransform_float_3_3
Parameters: 0.999997 0.00105635 -0.00227278 -0.00105104 0.999997 0.00214221 0.00227496 -0.00213936 0.999995 0.0365028 -0.00205584 -0.0943704
FixedParameters: 0 0 0

#Transform 117
Transform: AffineTransform_float_3_3
Parameters: 0.999996 0.000889414 -0.00245326 -0.000884202 0.999997 0.00214491 0.00245518 -0.00214252 0.999995 0.0397918 -0.00343207 -0.11382
FixedParameters: 0 0 0

#Transform 118
Transform: AffineTransform_float_3_3
Parameters: 0.999997 0.00102017 -0.00222631 -0.0010162 0.999998 0.00187699 0.00222785 -0.0018752 0.999996 0.0338061 0.00195442 -0.112995
FixedParameters: 0 0 0

#Transform 119
Transform: AffineTransform_float_3_3
Parameters: 0.999997 0.00104963 -0.00214147 -0.00104523 0.999998 0.00205883 0.00214351 -0.00205648 0.999995 0.0273204 -0.00221103 -0.11808
FixedParameters: 0 0 0

#Transform 120
Transform: AffineTransform_float_3_3
Parameters: 0.999997 0.00105084 -0.00220824 -0.00104631 0.999997 0.00202043 0.00221019 -0.00201853 0.999995 0.0315948 0.00456825 -0.110142
FixedParameters: 0 0 0

#Transform 121
Transform: AffineTransform_float_3_3
Parameters: 0.999997 0.00104429 -0.00226027 -0.00104024 0.999998 0.00177045 0.00226257 -0.00176766 0.999996 0.0314191 0.00867348 -0.108709
FixedParameters: 0 0 0

#Transform 122
Transform: AffineTransform_float_3_3
Parameters: 0.999997 0.00103154 -0.00225379 -0.00102711 0.999998 0.00195651 0.00225554 -0.00195461 0.999995 0.033624 0.0101253 -0.112722
FixedParameters: 0 0 0

#Transform 123
Transform: AffineTransform_float_3_3
Parameters: 0.999997 0.000996428 -0.00225064 -0.000992021 0.999997 0.00215891 0.00225304 -0.00215639 0.999995 0.0351572 0.00255115 -0.117957
FixedParameters: 0 0 0

#Transform 124
Transform: AffineTransform_float_3_3
Parameters: 0.999996 0.0010748 -0.00233525 -0.00106972 0.999997 0.00202196 0.00233728 -0.00202029 0.999995 0.0352158 0.00356434 -0.110761
FixedParameters: 0 0 0

#Transform 125
Transform: AffineTransform_float_3_3
Parameters: 0.999996 0.000910748 -0.00262706 -0.000906189 0.999997 0.00213086 0.00262865 -0.00212809 0.999994 0.0400012 0.0122121 -0.140554
FixedParameters: 0 0 0

#Transform 126
Transform: AffineTransform_float_3_3
Parameters: 0.999996 0.0010002 -0.00266804 -0.000994379 0.999997 0.00233357 0.00267034 -0.00233085 0.999994 0.0420229 0.0148801 -0.11706
FixedParameters: 0 0 0

#Transform 127
Transform: AffineTransform_float_3_3
Parameters: 0.999997 0.000942357 -0.00258523 -0.000937008 0.999997 0.00205362 0.00258724 -0.00205132 0.999995 0.0372304 0.0223197 -0.116016
FixedParameters: 0 0 0

#Transform 128
Transform: AffineTransform_float_3_3
Parameters: 0.999996 0.000966336 -0.00269737 -0.000962017 0.999998 0.00177794 0.00269895 -0.0017753 0.999995 0.0420361 0.013739 -0.12441
FixedParameters: 0 0 0

#Transform 129
Transform: AffineTransform_float_3_3
Parameters: 0.999997 0.00105654 -0.00251048 -0.00105196 0.999998 0.00169082 0.00251269 -0.00168885 0.999996 0.0413077 0.0103763 -0.114906
FixedParameters: 0 0 0

#Transform 130
Transform: AffineTransform_float_3_3
Parameters: 0.999996 0.001003 -0.00261787 -0.000998493 0.999998 0.00169127 0.00261901 -0.00168937 0.999995 0.0433125 0.0107584 -0.109199
FixedParameters: 0 0 0

#Transform 131
Transform: AffineTransform_float_3_3
Parameters: 0.999996 0.00105629 -0.00264315 -0.0010516 0.999998 0.00188419 0.00264527 -0.00188117 0.999995 0.0382436 0.010485 -0.123037
FixedParameters: 0 0 0

#Transform 132
Transform: AffineTransform_float_3_3
Parameters: 0.999997 0.00106335 -0.00250421 -0.0010587 0.999998 0.00179774 0.00250578 -0.00179577 0.999995 0.0356279 0.00167636 -0.153503
FixedParameters: 0 0 0

#Transform 133
Transform: AffineTransform_float_3_3
Parameters: 0.999994 0.000636528 -0.00337809 -0.000629713 0.999997 0.00204856 0.0033797 -0.00204647 0.999992 0.0734289 0.00562353 -0.130347
FixedParameters: 0 0 0

#Transform 134
Transform: AffineTransform_float_3_3
Parameters: 0.999995 0.00132142 -0.00286708 -0.00131822 0.999999 0.00107999 0.00286819 -0.00107572 0.999995 0.0304465 0.0351978 -0.162687
FixedParameters: 0 0 0

#Transform 135
Transform: AffineTransform_float_3_3
Parameters: 0.999995 0.00117464 -0.00271188 -0.00117068 0.999998 0.00128742 0.0027131 -0.00128355 0.999996 0.0255229 0.0242741 -0.154526
FixedParameters: 0 0 0

#Transform 136
Transform: AffineTransform_float_3_3
Parameters: 0.999996 0.00115342 -0.00265852 -0.00115023 0.999998 0.00116393 0.00265946 -0.0011611 0.999995 0.0359887 0.0237172 -0.154534
FixedParameters: 0 0 0

#Transform 137
Transform: AffineTransform_float_3_3
Parameters: 0.999995 0.00125296 -0.0027342 -0.0012498 0.999998 0.0011258 0.00273527 -0.00112225 0.999995 0.0317702 0.0334772 -0.165646
FixedParameters: 0 0 0

#Transform 138
Transform: AffineTransform_float_3_3
Parameters: 0.999994 0.00146246 -0.0031867 -0.00145691 0.999997 0.00168459 0.00318984 -0.00167984 0.999994 0.049224 0.0222032 -0.134673
FixedParameters: 0 0 0

#Transform 139
Transform: AffineTransform_float_3_3
Parameters: 0.999996 0.00139342 -0.00272304 -0.00139048 0.999998 0.00108015 0.00272434 -0.00107726 0.999996 0.0266719 0.0279418 -0.146468
FixedParameters: 0 0 0

#Transform 140
Transform: AffineTransform_float_3_3
Parameters: 0.999996 0.00136236 -0.00276952 -0.00136016 0.999999 0.000854655 0.00277105 -0.00085039 0.999995 0.0283611 0.0275553 -0.163599
FixedParameters: 0 0 0

#Transform 141
Transform: AffineTransform_float_3_3
Parameters: 0.999996 0.00130981 -0.00247739 -0.00130813 0.999999 0.000673266 0.00247786 -0.000670036 0.999997 0.0205347 0.0294268 -0.158688
FixedParameters: 0 0 0

#Transform 142
Transform: AffineTransform_float_3_3
Parameters: 0.999996 0.00141432 -0.00247779 -0.00141157 0.999998 0.000889723 0.002479 -0.000885977 0.999997 0.0206259 0.0283372 -0.150167
FixedParameters: 0 0 0

#Transform 143
Transform: AffineTransform_float_3_3
Parameters: 0.999995 0.00145777 -0.00257907 -0.00145588 0.999998 0.000860785 0.00258072 -0.000856546 0.999996 0.0236049 0.0257756 -0.155847
FixedParameters: 0 0 0

#Transform 144
Transform: AffineTransform_float_3_3
Parameters: 0.999995 0.00147278 -0.00254457 -0.00147084 0.999998 0.000795661 0.00254471 -0.000791448 0.999997 0.0230218 0.0320434 -0.16529
FixedParameters: 0 0 0

#Transform 145
Transform: AffineTransform_float_3_3
Parameters: 0.999996 0.00137533 -0.0024367 -0.00137406 0.999999 0.000783966 0.002438 -0.000780542 0.999997 0.024843 0.0259691 -0.159931
FixedParameters: 0 0 0

#Transform 146
Transform: AffineTransform_float_3_3
Parameters: 0.999996 0.0013514 -0.00256205 -0.0013481 0.999998 0.000967674 0.00256336 -0.000964013 0.999996 0.0300996 0.023537 -0.156197
FixedParameters: 0 0 0

#Transform 147
Transform: AffineTransform_float_3_3
Parameters: 0.999995 0.00143729 -0.00262329 -0.00143505 0.999999 0.000906773 0.00262502 -0.000903912 0.999997 0.0323433 0.0423503 -0.157338
FixedParameters: 0 0 0

#Transform 148
Transform: AffineTransform_float_3_3
Parameters: 0.999995 0.00143655 -0.00262106 -0.00143462 0.999998 0.000853982 0.00262266 -0.000849732 0.999996 0.0323817 0.0340594 -0.155944
FixedParameters: 0 0 0

#Transform 149
Transform: AffineTransform_float_3_3
Parameters: 0.999995 0.0013465 -0.00263897 -0.00134305 0.999998 0.000967178 0.00264027 -0.000963336 0.999996 0.0245738 0.031004 -0.157175
FixedParameters: 0 0 0

#Transform 150
Transform: AffineTransform_float_3_3
Parameters: 0.999996 0.00136556 -0.00276429 -0.00136327 0.999999 0.000871625 0.00276587 -0.000867357 0.999995 0.034449 0.0272417 -0.139154
FixedParameters: 0 0 0

#Transform 151
Transform: AffineTransform_float_3_3
Parameters: 0.999995 0.00133268 -0.00272038 -0.00133039 0.999998 0.000967037 0.00272119 -0.000963688 0.999996 0.0261113 0.0307599 -0.141449
FixedParameters: 0 0 0

#Transform 152
Transform: AffineTransform_float_3_3
Parameters: 0.999995 0.00134783 -0.00281024 -0.00134503 0.999999 0.00102156 0.00281128 -0.00101869 0.999995 0.0360412 0.0321967 -0.135376
FixedParameters: 0 0 0

#Transform 153
Transform: AffineTransform_float_3_3
Parameters: 0.999996 0.00134833 -0.00269352 -0.00134518 0.999998 0.000966883 0.00269397 -0.000963504 0.999996 0.0259414 0.0248892 -0.15326
FixedParameters: 0 0 0

#Transform 154
Transform: AffineTransform_float_3_3
Parameters: 0.999996 0.00141405 -0.00267786 -0.00141154 0.999999 0.00102477 0.00267906 -0.0010213 0.999996 0.0310414 0.0203326 -0.149868
FixedParameters: 0 0 0

#Transform 155
Transform: AffineTransform_float_3_3
Parameters: 0.999995 0.00140969 -0.00268888 -0.00140654 0.999999 0.00105781 0.002691 -0.00105432 0.999996 0.0350716 0.0198032 -0.158411
FixedParameters: 0 0 0

#Transform 156
Transform: AffineTransform_float_3_3
Parameters: 0.999995 0.00133585 -0.00269013 -0.00133277 0.999998 0.00104225 0.00269204 -0.00103894 0.999996 0.0261633 0.017237 -0.164946
FixedParameters: 0 0 0

#Transform 157
Transform: AffineTransform_float_3_3
Parameters: 0.999996 0.00138076 -0.0027349 -0.00137887 0.999998 0.000885678 0.00273564 -0.000882026 0.999996 0.0313667 0.0332845 -0.155488
FixedParameters: 0 0 0

#Transform 158
Transform: AffineTransform_float_3_3
Parameters: 0.999996 0.00136735 -0.00276376 -0.0013648 0.999998 0.000914807 0.00276544 -0.000911129 0.999996 0.0339727 0.0274452 -0.161866
FixedParameters: 0 0 0

#Transform 159
Transform: AffineTransform_float_3_3
Parameters: 0.999996 0.00125077 -0.00277652 -0.00124867 0.999999 0.000833377 0.0027778 -0.000829712 0.999995 0.0361398 0.02948 -0.162374
FixedParameters: 0 0 0

#Transform 160
Transform: AffineTransform_float_3_3
Parameters: 0.999995 0.00125615 -0.00275097 -0.00125387 0.999999 0.000878471 0.00275232 -0.000874842 0.999995 0.0347961 0.0301385 -0.147103
FixedParameters: 0 0 0

#Transform 161
Transform: AffineTransform_float_3_3
Parameters: 0.999996 0.00110108 -0.00255769 -0.00109864 0.999999 0.000973998 0.00255898 -0.000971648 0.999996 0.0285813 0.0390581 -0.126504
FixedParameters: 0 0 0

#Transform 162
Transform: AffineTransform_float_3_3
Parameters: 0.999995 0.00102364 -0.00280591 -0.00102133 0.999999 0.000866821 0.00280683 -0.000864359 0.999995 0.0370185 0.0382717 -0.164169
FixedParameters: 0 0 0

#Transform 163
Transform: AffineTransform_float_3_3
Parameters: 0.999996 0.00125402 -0.00277703 -0.00125233 0.999999 0.000675427 0.00277881 -0.00067232 0.999996 0.0322055 0.0319708 -0.165105
FixedParameters: 0 0 0

#Transform 164
Transform: AffineTransform_float_3_3
Parameters: 0.999995 0.00127447 -0.00293263 -0.00127304 0.999999 0.000670639 0.00293352 -0.000667043 0.999995 0.04186 0.0461257 -0.16603
FixedParameters: 0 0 0

#Transform 165
Transform: AffineTransform_float_3_3
Parameters: 0.999995 0.00126842 -0.00293103 -0.00126681 0.999999 0.00047374 0.00293186 -0.000470142 0.999995 0.0398111 0.039218 -0.158363
FixedParameters: 0 0 0

#Transform 166
Transform: AffineTransform_float_3_3
Parameters: 0.999995 0.00127017 -0.00293149 -0.00126823 0.999999 0.00053072 0.00293247 -0.000527112 0.999995 0.0402086 0.0340837 -0.156288
FixedParameters: 0 0 0

#Transform 167
Transform: AffineTransform_float_3_3
Parameters: 0.999994 0.00132967 -0.00301929 -0.00132842 0.999998 0.000544721 0.0030208 -0.000541146 0.999995 0.0385252 0.0340294 -0.145376
FixedParameters: 0 0 0

#Transform 168
Transform: AffineTransform_float_3_3
Parameters: 0.999994 0.00129983 -0.0030333 -0.00129755 0.999998 0.000563377 0.00303437 -0.000559929 0.999995 0.0414994 0.0353021 -0.142352
FixedParameters: 0 0 0

#Transform 169
Transform: AffineTransform_float_3_3
Parameters: 0.999994 0.00124036 -0.00300162 -0.00123836 0.999999 0.00068234 0.00300334 -0.000677953 0.999996 0.0406543 0.0379023 -0.145611
FixedParameters: 0 0 0

#Transform 170
Transform: AffineTransform_float_3_3
Parameters: 0.999994 0.0010989 -0.00328419 -0.00109694 0.999999 0.000676685 0.00328485 -0.000673146 0.999994 0.0486725 0.0374967 -0.133205
FixedParameters: 0 0 0

#Transform 171
Transform: AffineTransform_float_3_3
Parameters: 0.999994 0.00121135 -0.0030466 -0.00120953 0.999999 0.000495621 0.00304738 -0.000491279 0.999995 0.0428902 0.040108 -0.136527
FixedParameters: 0 0 0

#Transform 172
Transform: AffineTransform_float_3_3
Parameters: 0.999994 0.00110489 -0.00328072 -0.00110214 0.999999 0.000797627 0.00328166 -0.000794059 0.999994 0.0455667 0.0355684 -0.118609
FixedParameters: 0 0 0

#Transform 173
Transform: AffineTransform_float_3_3
Parameters: 0.999994 0.00120182 -0.00307852 -0.00120015 0.999999 0.000678853 0.00307927 -0.000675131 0.999995 0.046529 0.0303637 -0.12507
FixedParameters: 0 0 0

#Transform 174
Transform: AffineTransform_float_3_3
Parameters: 0.999995 0.00114902 -0.0031678 -0.00114736 0.999999 0.000447138 0.00316846 -0.000442896 0.999995 0.045899 0.0447057 -0.110034
FixedParameters: 0 0 0

#Transform 175
Transform: AffineTransform_float_3_3
Parameters: 0.999994 0.00120817 -0.00304474 -0.00120706 0.999999 0.000377657 0.00304523 -0.000373337 0.999996 0.0468475 0.0482666 -0.125536
FixedParameters: 0 0 0

#Transform 176
Transform: AffineTransform_float_3_3
Parameters: 0.999995 0.00116521 -0.00312955 -0.00116412 0.999999 0.000363013 0.00313003 -0.000358756 0.999995 0.0495684 0.0498995 -0.123009
FixedParameters: 0 0 0

#Transform 177
Transform: AffineTransform_float_3_3
Parameters: 0.999995 0.00124171 -0.00297865 -0.00124053 0.999999 0.000390175 0.00297924 -0.000387213 0.999996 0.0490355 0.0465669 -0.128256
FixedParameters: 0 0 0

#Transform 178
Transform: AffineTransform_float_3_3
Parameters: 0.999995 0.00126756 -0.0029308 -0.00126612 0.999999 0.00044575 0.00293156 -0.000442157 0.999995 0.0483491 0.0388766 -0.141146
FixedParameters: 0 0 0

#Transform 179
Transform: AffineTransform_float_3_3
Parameters: 0.999995 0.00123804 -0.00298983 -0.00123654 0.999999 0.000446001 0.00299056 -0.000442435 0.999995 0.0474553 0.036584 -0.145715
FixedParameters: 0 0 0

#Transform 180
Transform: AffineTransform_float_3_3
Parameters: 0.999994 0.00123795 -0.00299997 -0.00123561 0.999999 0.00058939 0.003001 -0.000585002 0.999996 0.0477085 0.0289066 -0.13388
FixedParameters: 0 0 0

#Transform 181
Transform: AffineTransform_float_3_3
Parameters: 0.999994 0.00121568 -0.00304472 -0.00121414 0.999999 0.000591756 0.00304616 -0.000588009 0.999996 0.0503552 0.0430251 -0.123116
FixedParameters: 0 0 0

#Transform 182
Transform: AffineTransform_float_3_3
Parameters: 0.999995 0.00114662 -0.00293009 -0.0011442 0.999999 0.000850121 0.00293118 -0.000845884 0.999995 0.0473105 0.0368178 -0.128094
FixedParameters: 0 0 0

#Transform 183
Transform: AffineTransform_float_3_3
Parameters: 0.999995 0.00115564 -0.00317565 -0.00115296 0.999999 0.000748036 0.00317746 -0.000743756 0.999994 0.0515665 0.0331991 -0.13907
FixedParameters: 0 0 0

#Transform 184
Transform: AffineTransform_float_3_3
Parameters: 0.999993 0.00137827 -0.00327709 -0.00137703 0.999999 0.000568452 0.00327782 -0.000563896 0.999995 0.0522013 0.0418174 -0.135369
FixedParameters: 0 0 0

#Transform 185
Transform: AffineTransform_float_3_3
Parameters: 0.999994 0.00140721 -0.00299891 -0.00140473 0.999999 0.000680442 0.00299956 -0.000676664 0.999995 0.0452108 0.0410731 -0.129999
FixedParameters: 0 0 0

#Transform 186
Transform: AffineTransform_float_3_3
Parameters: 0.999994 0.00130189 -0.00315932 -0.00130027 0.999999 0.000443445 0.00316011 -0.000438257 0.999995 0.0488622 0.050128 -0.124099
FixedParameters: 0 0 0

#Transform 187
Transform: AffineTransform_float_3_3
Parameters: 0.999995 0.0011923 -0.00309622 -0.00119073 0.999999 0.000660733 0.00309699 -0.000656428 0.999995 0.0485252 0.0442784 -0.120902
FixedParameters: 0 0 0

#Transform 188
Transform: AffineTransform_float_3_3
Parameters: 0.999993 0.00121086 -0.00339395 -0.00121017 0.999999 0.000206857 0.00339496 -0.000202251 0.999994 0.0498345 0.0642355 -0.107813
FixedParameters: 0 0 0

#Transform 189
Transform: AffineTransform_float_3_3
Parameters: 0.999994 0.00119104 -0.00342398 -0.00118842 1 0.000545851 0.00342495 -0.000542135 0.999994 0.0508539 0.04222 -0.109403
FixedParameters: 0 0 0
