#Insight Transform File V1.0
#Transform 0
Transform: AffineTransform_float_3_3
Parameters: 1 4.85617e-05 0.000406434 -4.78601e-05 0.999998 -0.00200941 -0.000406291 0.00200935 0.999998 -0.0228736 0.0139163 0.026152
FixedParameters: 0 0 0

#Transform 1
Transform: AffineTransform_float_3_3
Parameters: 1 -7.30987e-05 0.000238024 7.40326e-05 0.999998 -0.00204158 -0.000237835 0.00204161 0.999998 -0.0210266 0.0260436 0.021328
FixedParameters: 0 0 0

#Transform 2
Transform: AffineTransform_float_3_3
Parameters: 1 7.71844e-06 0.000302688 -7.59205e-06 0.999998 -0.00175973 -0.000302375 0.00176051 0.999999 -0.0246189 0.029761 0.0142738
FixedParameters: 0 0 0

#Transform 3
Transform: AffineTransform_float_3_3
Parameters: 1 -7.16822e-05 0.00017763 7.22358e-05 0.999998 -0.00161201 -0.000177454 0.00161204 0.999998 -0.0217779 0.0225426 0.0156681
FixedParameters: 0 0 0

#Transform 4
Transform: AffineTransform_float_3_3
Parameters: 1 -0.00016307 0.000285151 0.000163967 0.999998 -0.00160842 -0.000284681 0.00160852 0.999998 -0.0249433 0.0221013 0.0156424
FixedParameters: 0 0 0

#Transform 5
Transform: AffineTransform_float_3_3
Parameters: 1 9.98358e-05 0.000302926 -9.97697e-05 0.999998 -0.00161565 -0.000302857 0.00161557 0.999998 -0.0242443 0.0169425 0.0178875
FixedParameters: 0 0 0

#Transform 6
Transform: AffineTransform_float_3_3
Parameters: 1 4.17117e-05 0.000182501 -4.11681e-05 0.999999 -0.0015401 -0.000182684 0.00154008 0.999999 -0.0215824 0.0263866 0.0205625
FixedParameters: 0 0 0

#Transform 7
Transform: AffineTransform_float_3_3
Parameters: 1 -0.000301645 0.000186334 0.000301629 0.999999 -0.00120735 -0.000186554 0.00120744 0.999999 -0.0177463 0.0304677 0.0292234
FixedParameters: 0 0 0

#Transform 8
Transform: AffineTransform_float_3_3
Parameters: 1 -0.000239928 0.000325659 0.000240659 1 -0.00115169 -0.000325161 0.00115184 1 -0.0175919 0.0216164 0.0368659
FixedParameters: 0 0 0

#Transform 9
Transform: AffineTransform_float_3_3
Parameters: 1 4.53213e-05 0.000181268 -4.4829e-05 0.999999 -0.00140916 -0.000181451 0.00140914 0.999999 -0.0173605 0.0337198 0.0199304
FixedParameters: 0 0 0

#Transform 10
Transform: AffineTransform_float_3_3
Parameters: 1 -0.00027064 0.000223897 0.000271127 0.999999 -0.00107558 -0.000223386 0.0010751 1 -0.019823 0.0256637 0.0170814
FixedParameters: 0 0 0

#Transform 11
Transform: AffineTransform_float_3_3
Parameters: 1 -0.000245989 0.000328732 0.000246722 1 -0.00114448 -0.000328224 0.00114465 1 -0.0223453 0.0279928 0.0159332
FixedParameters: 0 0 0

#Transform 12
Transform: AffineTransform_float_3_3
Parameters: 1 4.90532e-06 9.56186e-05 -4.67011e-06 0.999999 -0.0013278 -9.56868e-05 0.0013278 0.999999 -0.0151526 0.0144146 0.0176301
FixedParameters: 0 0 0

#Transform 13
Transform: AffineTransform_float_3_3
Parameters: 1 -0.000260503 0.000336814 0.000261154 1 -0.000957318 -0.000336319 0.000956693 0.999999 -0.013358 0.0154732 0.0202289
FixedParameters: 0 0 0

#Transform 14
Transform: AffineTransform_float_3_3
Parameters: 1 -0.000120097 0.000620998 0.000120822 1 -0.000958158 -0.000621715 0.000958287 1 -0.0216551 0.0118488 0.0112608
FixedParameters: 0 0 0

#Transform 15
Transform: AffineTransform_float_3_3
Parameters: 1 -0.000327452 0.000214317 0.0003279 1 -0.00109029 -0.000213658 0.00109043 1 -0.0126374 0.0259547 0.00821499
FixedParameters: 0 0 0

#Transform 16
Transform: AffineTransform_float_3_3
Parameters: 1 -0.000239036 0.000282966 0.000239631 1 -0.0010841 -0.000282503 0.00108423 1 -0.0208856 0.0229673 0.00544175
FixedParameters: 0 0 0

#Transform 17
Transform: AffineTransform_float_3_3
Parameters: 1 -0.000360786 0.000252889 0.000361276 1 -0.000955324 -0.000252203 0.000954706 0.999999 -0.0207456 0.0174472 0.00982209
FixedParameters: 0 0 0

#Transform 18
Transform: AffineTransform_float_3_3
Parameters: 1 -0.000581276 -0.000308731 0.000581538 1 0.00046405 0.000308208 -0.00046381 0.999999 -0.00240428 0.00727043 -0.0226064
FixedParameters: 0 0 0

#Transform 19
Transform: AffineTransform_float_3_3
Parameters: 0.999999 0.000535662 -0.000482534 -0.000535174 0.999999 0.000505074 0.000483074 -0.000504557 1 0.0167089 -0.00735039 -0.0174872
FixedParameters: 0 0 0

#Transform 20
Transform: AffineTransform_float_3_3
Parameters: 1 0.000254233 0.000568486 -0.000254061 0.999999 -0.00095987 -0.000568579 0.00096036 1 -0.0113478 0.0283294 0.0157048
FixedParameters: 0 0 0

#Transform 21
Transform: AffineTransform_float_3_3
Parameters: 1 -0.00035622 0.000178751 0.000356483 0.999999 -0.000736684 -0.000178226 0.000736811 0.999999 -0.015347 0.0244334 0.0204049
FixedParameters: 0 0 0

#Transform 22
Transform: AffineTransform_float_3_3
Parameters: 1 -1.59768e-05 1.27535e-05 1.59943e-05 1 -0.000688732 -1.27315e-05 0.000688732 1 -0.0194793 0.0119443 0.0271888
FixedParameters: 0 0 0

#Transform 23
Transform: AffineTransform_float_3_3
Parameters: 1 0.000316518 0.000116784 -0.00031636 0.999999 -0.000674006 -0.00011721 0.000673932 1 -0.0123594 -0.000647622 0.0281588
FixedParameters: 0 0 0

#Transform 24
Transform: AffineTransform_float_3_3
Parameters: 1 -0.000415805 0.00021553 0.000415656 0.999999 -0.000692652 -0.000215847 0.00069281 0.999999 -0.0174702 0.00892568 0.0216368
FixedParameters: 0 0 0

#Transform 25
Transform: AffineTransform_float_3_3
Parameters: 1 -9.84333e-05 -0.000260583 9.89171e-05 0.999999 0.000979082 0.000260338 -0.000978333 1 -0.00167113 -0.0037236 -0.00974248
FixedParameters: 0 0 0

#Transform 26
Transform: AffineTransform_float_3_3
Parameters: 1 0.0002306 -0.000168455 -0.000230253 1 0.00108352 0.000168899 -0.00108345 1 -0.000177941 0.00410938 -0.0147873
FixedParameters: 0 0 0

#Transform 27
Transform: AffineTransform_float_3_3
Parameters: 1 0.000204127 -0.000657332 -0.000204121 1 0.00103971 0.000657256 -0.00103948 0.999999 0.00970547 -0.0264535 -0.0132254
FixedParameters: 0 0 0

#Transform 28
Transform: AffineTransform_float_3_3
Parameters: 0.999999 0.000535136 -0.000481202 -0.000534454 0.999999 0.000708189 0.000481959 -0.000707674 0.999999 0.00690889 -0.00930543 -0.0118926
FixedParameters: 0 0 0

#Transform 29
Transform: AffineTransform_float_3_3
Parameters: 1 1.72931e-05 -3.61962e-05 -1.72331e-05 1 0.00108965 3.61784e-05 -0.00108965 1 -0.00735464 -0.0138641 -0.00379769
FixedParameters: 0 0 0

#Transform 30
Transform: AffineTransform_float_3_3
Parameters: 1 0.000304427 -0.000250215 -0.000304255 0.999999 0.00127381 0.000250043 -0.00127368 0.999999 -0.00322295 -0.0223589 -0.00429639
FixedParameters: 0 0 0

#Transform 31
Transform: AffineTransform_float_3_3
Parameters: 1 0.000543617 -0.000291158 -0.000543317 0.999999 0.00131489 0.000291639 -0.00131459 0.999999 0.00206445 -0.025451 -0.00366066
FixedParameters: 0 0 0

#Transform 32
Transform: AffineTransform_float_3_3
Parameters: 0.999999 0.000539083 -0.000821439 -0.000539108 1 0.000796673 0.000821849 -0.000796629 0.999999 0.0156433 -0.00710882 -0.00737018
FixedParameters: 0 0 0

#Transform 33
Transform: AffineTransform_float_3_3
Parameters: 0.999999 0.000455593 -0.000764209 -0.000455125 0.999999 0.00119601 0.000764797 -0.00119536 0.999999 0.0136603 -0.0148081 -0.00517423
FixedParameters: 0 0 0

#Transform 34
Transform: AffineTransform_float_3_3
Parameters: 1 0.000440955 -0.000547461 -0.000440257 1 0.00106331 0.00054745 -0.00106285 1 0.00805255 -0.00563592 -0.00810897
FixedParameters: 0 0 0

#Transform 35
Transform: AffineTransform_float_3_3
Parameters: 1 0.000447045 -0.000260504 -0.000446342 0.999999 0.00138186 0.000261683 -0.00138162 0.999999 0.00082724 -0.0195023 -0.00766054
FixedParameters: 0 0 0

#Transform 36
Transform: AffineTransform_float_3_3
Parameters: 1 0.000421356 -0.000316614 -0.000420902 0.999999 0.00145308 0.00031689 -0.00145283 0.999999 0.00224487 -0.023722 -0.012844
FixedParameters: 0 0 0

#Transform 37
Transform: AffineTransform_float_3_3
Parameters: 0.999999 0.000526682 -0.00066018 -0.000525316 0.999998 0.00136931 0.000660655 -0.00136924 0.999999 0.00683165 -0.0280451 -0.023594
FixedParameters: 0 0 0

#Transform 38
Transform: AffineTransform_float_3_3
Parameters: 1 0.000268587 -0.000618458 -0.000266887 0.999999 0.00138851 0.000619146 -0.00138818 0.999999 0.00921931 -0.0212055 -0.0109766
FixedParameters: 0 0 0

#Transform 39
Transform: AffineTransform_float_3_3
Parameters: 1 0.000419138 -0.000315907 -0.000418735 0.999999 0.00137411 0.00031611 -0.00137387 0.999999 0.00229871 -0.0229927 -0.0149969
FixedParameters: 0 0 0

#Transform 40
Transform: AffineTransform_float_3_3
Parameters: 0.999999 0.000421 -0.000749488 -0.000419445 0.999999 0.00134817 0.000749672 -0.00134756 0.999999 0.00728728 -0.017215 -0.00343327
FixedParameters: 0 0 0

#Transform 41
Transform: AffineTransform_float_3_3
Parameters: 0.999999 0.000444226 -0.000710206 -0.000442621 0.999999 0.00145794 0.00071055 -0.00145733 0.999998 0.0119278 -0.0178524 0.000412871
FixedParameters: 0 0 0

#Transform 42
Transform: AffineTransform_float_3_3
Parameters: 1 0.000301798 -0.000552298 -0.000300724 0.999999 0.0013942 0.00055219 -0.00139389 0.999999 0.00185799 -0.0178348 -0.00397699
FixedParameters: 0 0 0

#Transform 43
Transform: AffineTransform_float_3_3
Parameters: 0.999999 0.000591216 -0.000756167 -0.000589608 0.999998 0.00135472 0.000756802 -0.00135444 0.999999 0.0100009 -0.0230046 -0.0134969
FixedParameters: 0 0 0

#Transform 44
Transform: AffineTransform_float_3_3
Parameters: 0.999999 0.000479354 -0.00075502 -0.000477751 0.999999 0.00137055 0.000755384 -0.00136985 0.999999 0.00711762 -0.0220753 -0.00481982
FixedParameters: 0 0 0

#Transform 45
Transform: AffineTransform_float_3_3
Parameters: 0.999999 0.000466232 -0.000618421 -0.000464907 0.999999 0.00144816 0.000618821 -0.0014476 0.999998 0.00963251 -0.0165156 0.00242566
FixedParameters: 0 0 0

#Transform 46
Transform: AffineTransform_float_3_3
Parameters: 1 0.000517494 -0.000454804 -0.000516585 0.999998 0.00151024 0.000455417 -0.00150979 0.999998 0.0057851 -0.0186329 0.000846933
FixedParameters: 0 0 0

#Transform 47
Transform: AffineTransform_float_3_3
Parameters: 0.999999 0.000612453 -0.000504928 -0.000611247 0.999998 0.00162206 0.000505945 -0.00162286 0.999999 0.00782783 -0.0214277 -0.0123325
FixedParameters: 0 0 0

#Transform 48
Transform: AffineTransform_float_3_3
Parameters: 0.999999 0.000532266 -0.000765132 -0.000531461 0.999998 0.00170335 0.000765479 -0.0017032 0.999999 0.0096498 -0.0288277 -0.00919681
FixedParameters: 0 0 0

#Transform 49
Transform: AffineTransform_float_3_3
Parameters: 0.999999 0.000516169 -0.000719403 -0.000515605 0.999999 0.00164256 0.000719701 -0.00164268 0.999998 0.00670757 -0.0228265 -0.000360984
FixedParameters: 0 0 0

#Transform 50
Transform: AffineTransform_float_3_3
Parameters: 1 0.000572877 -0.000392001 -0.000572172 0.999998 0.00149327 0.000392763 -0.00149285 0.999999 0.00403807 -0.012645 0.0122597
FixedParameters: 0 0 0

#Transform 51
Transform: AffineTransform_float_3_3
Parameters: 0.999999 0.000652734 -0.000430616 -0.000652157 0.999998 0.00172144 0.000431018 -0.00172172 0.999998 0.0054988 -0.0209624 0.00700132
FixedParameters: 0 0 0

#Transform 52
Transform: AffineTransform_float_3_3
Parameters: 0.999999 0.000619512 -0.000494403 -0.000619161 0.999999 0.00174719 0.000496011 -0.00174662 0.999999 0.00714876 -0.0168672 0.0023108
FixedParameters: 0 0 0

#Transform 53
Transform: AffineTransform_float_3_3
Parameters: 0.999999 0.000538996 -0.000656629 -0.000537663 0.999999 0.00172496 0.000656589 -0.00172429 0.999999 0.0106846 -0.0206801 0.00772649
FixedParameters: 0 0 0

#Transform 54
Transform: AffineTransform_float_3_3
Parameters: 1 0.000549148 -0.000448612 -0.000548845 0.999998 0.00187157 0.000450111 -0.00187112 0.999998 0.0056157 -0.0144924 0.00139506
FixedParameters: 0 0 0

#Transform 55
Transform: AffineTransform_float_3_3
Parameters: 0.999999 0.000936572 -0.00105439 -0.000934704 0.999997 0.00236986 0.00105691 -0.00236939 0.999997 0.0149769 -0.0420109 -0.00098461
FixedParameters: 0 0 0

#Transform 56
Transform: AffineTransform_float_3_3
Parameters: 0.999999 0.000811541 -0.0010686 -0.000808929 0.999997 0.00228526 0.00106997 -0.00228361 0.999997 0.0102106 -0.0230738 -0.00025013
FixedParameters: 0 0 0

#Transform 57
Transform: AffineTransform_float_3_3
Parameters: 0.999999 0.000754588 -0.00117706 -0.000751217 0.999997 0.00219602 0.0011789 -0.00219491 0.999997 0.0103947 -0.0165572 -0.0541408
FixedParameters: 0 0 0

#Transform 58
Transform: AffineTransform_float_3_3
Parameters: 0.999998 0.00108212 -0.00138613 -0.00107879 0.999998 0.00217015 0.00138756 -0.00216865 0.999997 0.0143748 -0.0221166 -0.0751499
FixedParameters: 0 0 0

#Transform 59
Transform: AffineTransform_float_3_3
Parameters: 0.999998 0.00115486 -0.00132626 -0.00115228 0.999998 0.00181357 0.00132814 -0.00181199 0.999997 0.00591174 -0.00411425 -0.0798754
FixedParameters: 0 0 0

#Transform 60
Transform: AffineTransform_float_3_3
Parameters: 0.999999 0.00111215 -0.00142137 -0.00110924 0.999997 0.00195496 0.00142257 -0.00195331 0.999997 0.0109658 -0.0147745 -0.0759919
FixedParameters: 0 0 0

#Transform 61
Transform: AffineTransform_float_3_3
Parameters: 0.999999 0.00112252 -0.00141514 -0.00111859 0.999997 0.00217286 0.0014177 -0.00217116 0.999997 0.0134016 -0.0191814 -0.0744903
FixedParameters: 0 0 0

#Transform 62
Transform: AffineTransform_float_3_3
Parameters: 0.999999 0.00108789 -0.001485 -0.00108453 0.999997 0.00217817 0.00148787 -0.00217644 0.999997 0.0145652 -0.0224143 -0.0581476
FixedParameters: 0 0 0

#Transform 63
Transform: AffineTransform_float_3_3
Parameters: 0.999998 0.00101299 -0.0016364 -0.0010089 0.999997 0.00219308 0.00163896 -0.00219187 0.999996 0.0181538 -0.0214303 -0.0622089
FixedParameters: 0 0 0

#Transform 64
Transform: AffineTransform_float_3_3
Parameters: 0.999999 0.00107037 -0.00153212 -0.00106626 0.999997 0.00235632 0.0015353 -0.00235455 0.999996 0.0158965 -0.016599 -0.0695597
FixedParameters: 0 0 0

#Transform 65
Transform: AffineTransform_float_3_3
Parameters: 0.999999 0.00105707 -0.00156207 -0.0010531 0.999996 0.00240363 0.00156437 -0.00240245 0.999996 0.0166252 -0.0171593 -0.0713051
FixedParameters: 0 0 0

#Transform 66
Transform: AffineTransform_float_3_3
Parameters: 0.999999 0.00107432 -0.00152814 -0.00107048 0.999996 0.00241446 0.00153055 -0.00241331 0.999996 0.015836 -0.0207391 -0.0710264
FixedParameters: 0 0 0

#Transform 67
Transform: AffineTransform_float_3_3
Parameters: 0.999998 0.000999334 -0.00170307 -0.000994357 0.999995 0.00277452 0.00170617 -0.00277246 0.999995 0.0140971 -0.0176461 -0.0976489
FixedParameters: 0 0 0

#Transform 68
Transform: AffineTransform_float_3_3
Parameters: 0.999996 0.00133125 -0.00225034 -0.00132543 0.999996 0.00256674 0.00225437 -0.00256435 0.999994 0.0232525 -0.0140196 -0.0958564
FixedParameters: 0 0 0

#Transform 69
Transform: AffineTransform_float_3_3
Parameters: 0.999997 0.00162043 -0.00221491 -0.00161536 0.999996 0.00233654 0.00221839 -0.00233296 0.999995 0.0219621 0.000307983 -0.112156
FixedParameters: 0 0 0

#Transform 70
Transform: AffineTransform_float_3_3
Parameters: 0.999996 0.001481 -0.00214627 -0.00147627 0.999996 0.0022256 0.00214967 -0.00222282 0.999995 0.0211601 -0.000781967 -0.120572
FixedParameters: 0 0 0

#Transform 71
Transform: AffineTransform_float_3_3
Parameters: 0.999996 0.00149384 -0.00226391 -0.001488 0.999996 0.00245265 0.00226708 -0.00245008 0.999995 0.0202416 -0.0121704 -0.111304
FixedParameters: 0 0 0

#Transform 72
Transform: AffineTransform_float_3_3
Parameters: 0.999997 0.00136629 -0.0021816 -0.00136117 0.999996 0.0025914 0.00218499 -0.00258905 0.999994 0.0207591 -0.0092971 -0.0980838
FixedParameters: 0 0 0

#Transform 73
Transform: AffineTransform_float_3_3
Parameters: 0.999997 0.00137853 -0.00215647 -0.00137357 0.999996 0.00258328 0.0021599 -0.00258095 0.999994 0.0166659 -0.00882105 -0.100309
FixedParameters: 0 0 0

#Transform 74
Transform: AffineTransform_float_3_3
Parameters: 0.999996 0.00158708 -0.00212757 -0.00158221 0.999995 0.00270861 0.00213153 -0.00270469 0.999994 0.0150959 -0.0191633 -0.109337
FixedParameters: 0 0 0

#Transform 75
Transform: AffineTransform_float_3_3
Parameters: 0.999997 0.00162529 -0.00221616 -0.00161949 0.999995 0.00249848 0.00222019 -0.00249487 0.999994 0.0196118 -0.0129837 -0.107628
FixedParameters: 0 0 0

#Transform 76
Transform: AffineTransform_float_3_3
Parameters: 0.999997 0.00156976 -0.00218852 -0.0015641 0.999996 0.00249812 0.00219228 -0.00249484 0.999994 0.0162636 7.21454e-05 -0.105748
FixedParameters: 0 0 0

#Transform 77
Transform: AffineTransform_float_3_3
Parameters: 0.999996 0.00158677 -0.00229814 -0.00158114 0.999995 0.00256584 0.00230264 -0.00256216 0.999994 0.0216235 -0.00555411 -0.113261
FixedParameters: 0 0 0

#Transform 78
Transform: AffineTransform_float_3_3
Parameters: 0.999997 0.00150975 -0.00228359 -0.00150368 0.999995 0.00268437 0.002288 -0.00268029 0.999994 0.017454 -0.00894976 -0.115385
FixedParameters: 0 0 0

#Transform 79
Transform: AffineTransform_float_3_3
Parameters: 0.999997 0.00152222 -0.00228576 -0.00151643 0.999995 0.00262301 0.00229005 -0.00261886 0.999994 0.0184233 -0.00971847 -0.119377
FixedParameters: 0 0 0

#Transform 80
Transform: AffineTransform_float_3_3
Parameters: 0.999996 0.00149688 -0.0023628 -0.00149087 0.999995 0.00257763 0.00236687 -0.00257417 0.999993 0.0205817 -0.0128858 -0.114543
FixedParameters: 0 0 0

#Transform 81
Transform: AffineTransform_float_3_3
Parameters: 0.999996 0.00158458 -0.00241765 -0.00157833 0.999995 0.00257537 0.00242212 -0.00257052 0.999994 0.0247284 -0.0031978 -0.114823
FixedParameters: 0 0 0

#Transform 82
Transform: AffineTransform_float_3_3
Parameters: 0.999997 0.00141362 -0.00210803 -0.00140803 0.999995 0.00290871 0.00211163 -0.00290578 0.999993 0.0157387 -0.0103736 -0.108843
FixedParameters: 0 0 0

#Transform 83
Transform: AffineTransform_float_3_3
Parameters: 0.999996 0.00161932 -0.00241595 -0.00161246 0.999994 0.00288043 0.00241978 -0.00287686 0.999993 0.0218708 -0.0129842 -0.125517
FixedParameters: 0 0 0

#Transform 84
Transform: AffineTransform_float_3_3
Parameters: 0.999995 0.00169178 -0.00256844 -0.00168283 0.999993 0.0032966 0.00257441 -0.00329219 0.999991 0.0292704 -0.0392115 -0.125342
FixedParameters: 0 0 0

#Transform 85
Transform: AffineTransform_float_3_3
Parameters: 0.999996 0.00152185 -0.00269569 -0.00151335 0.999994 0.00305177 0.00269991 -0.00304785 0.999991 0.0276017 -0.0207072 -0.120233
FixedParameters: 0 0 0

#Transform 86
Transform: AffineTransform_float_3_3
Parameters: 0.999995 0.00164423 -0.00254777 -0.00163672 0.999994 0.00304364 0.00255268 -0.00303894 0.999992 0.0227242 -0.017558 -0.122528
FixedParameters: 0 0 0

#Transform 87
Transform: AffineTransform_float_3_3
Parameters: 0.999995 0.0016747 -0.00256286 -0.00166626 0.999994 0.00320603 0.00256842 -0.00320173 0.999992 0.029058 -0.0190566 -0.128611
FixedParameters: 0 0 0

#Transform 88
Transform: AffineTransform_float_3_3
Parameters: 0.999995 0.00170869 -0.00268108 -0.00170061 0.999993 0.00323845 0.00268657 -0.00323421 0.999992 0.0324758 -0.0188477 -0.135335
FixedParameters: 0 0 0

#Transform 89
Transform: AffineTransform_float_3_3
Parameters: 0.999995 0.00169252 -0.00271529 -0.00168411 0.999993 0.00326341 0.00272077 -0.00325854 0.999991 0.0332376 -0.0220376 -0.133115
FixedParameters: 0 0 0

#Transform 90
Transform: AffineTransform_float_3_3
Parameters: 0.999995 0.0017171 -0.00266305 -0.00170922 0.999993 0.00322237 0.00266853 -0.00321815 0.999992 0.0267654 -0.0129322 -0.133486
FixedParameters: 0 0 0

#Transform 91
Transform: AffineTransform_float_3_3
Parameters: 0.999996 0.00164813 -0.00259957 -0.00163998 0.999993 0.00309256 0.00260469 -0.00308887 0.999992 0.0252309 -0.0149782 -0.129502
FixedParameters: 0 0 0

#Transform 92
Transform: AffineTransform_float_3_3
Parameters: 0.999995 0.0016827 -0.00273197 -0.0016744 0.999993 0.00321771 0.00273722 -0.00321343 0.999991 0.0258837 -0.00898566 -0.132062
FixedParameters: 0 0 0

#Transform 93
Transform: AffineTransform_float_3_3
Parameters: 0.999995 0.00169816 -0.0027016 -0.00169 0.999993 0.00322856 0.00270699 -0.0032243 0.999992 0.0255864 -0.0166071 -0.140569
FixedParameters: 0 0 0

#Transform 94
Transform: AffineTransform_float_3_3
Parameters: 0.999995 0.00165999 -0.00277864 -0.00165134 0.999994 0.00323272 0.0027838 -0.00322782 0.999991 0.0275822 -0.0204466 -0.133984
FixedParameters: 0 0 0

#Transform 95
Transform: AffineTransform_float_3_3
Parameters: 0.999995 0.00167069 -0.00275414 -0.00166196 0.999994 0.00318884 0.0027601 -0.00318453 0.999992 0.026867 -0.00949844 -0.128323
FixedParameters: 0 0 0

#Transform 96
Transform: AffineTransform_float_3_3
Parameters: 0.999995 0.00165342 -0.00279714 -0.0016442 0.999993 0.00330798 0.00280249 -0.00330366 0.99999 0.0265827 -0.013283 -0.136244
FixedParameters: 0 0 0

#Transform 97
Transform: AffineTransform_float_3_3
Parameters: 0.999994 0.00185721 -0.00295051 -0.00184634 0.999992 0.00349182 0.00295699 -0.00348581 0.999989 0.0296316 -0.0163618 -0.154628
FixedParameters: 0 0 0

#Transform 98
Transform: AffineTransform_float_3_3
Parameters: 0.999994 0.00185069 -0.00298423 -0.00184007 0.999993 0.00333467 0.00299098 -0.00332855 0.99999 0.0326433 -0.0284814 -0.142334
FixedParameters: 0 0 0

#Transform 99
Transform: AffineTransform_float_3_3
Parameters: 0.999994 0.00182358 -0.00297038 -0.00181407 0.999992 0.00338464 0.00297667 -0.00337937 0.99999 0.032692 -0.0204145 -0.139113
FixedParameters: 0 0 0

#Transform 100
Transform: AffineTransform_float_3_3
Parameters: 0.999995 0.00185625 -0.00287654 -0.00184692 0.999992 0.00346736 0.00288337 -0.00346165 0.99999 0.0272618 -0.0209503 -0.147978
FixedParameters: 0 0 0

#Transform 101
Transform: AffineTransform_float_3_3
Parameters: 0.999994 0.00178103 -0.00294713 -0.00177008 0.999992 0.0036628 0.00295408 -0.00365727 0.999989 0.030169 -0.0170758 -0.16216
FixedParameters: 0 0 0

#Transform 102
Transform: AffineTransform_float_3_3
Parameters: 0.999992 0.00188117 -0.00340068 -0.00186943 0.999993 0.00341319 0.00340789 -0.00340659 0.999989 0.0359906 -0.027412 -0.148997
FixedParameters: 0 0 0

#Transform 103
Transform: AffineTransform_float_3_3
Parameters: 0.999993 0.00176832 -0.00328877 -0.00175778 0.999992 0.00342098 0.00329437 -0.00341416 0.999989 0.0352892 -0.0151667 -0.155478
FixedParameters: 0 0 0

#Transform 104
Transform: AffineTransform_float_3_3
Parameters: 0.999993 0.00181584 -0.00336115 -0.00180354 0.999991 0.00360316 0.00336771 -0.00359717 0.999988 0.0384003 -0.020181 -0.162203
FixedParameters: 0 0 0

#Transform 105
Transform: AffineTransform_float_3_3
Parameters: 0.999992 0.00189229 -0.0033853 -0.00188088 0.999992 0.00351306 0.00339118 -0.00350648 0.999988 0.0389703 -0.0175294 -0.160943
FixedParameters: 0 0 0

#Transform 106
Transform: AffineTransform_float_3_3
Parameters: 0.999993 0.00180405 -0.00336707 -0.0017932 0.999993 0.0033817 0.00337282 -0.00337596 0.999988 0.0380651 -0.0185037 -0.148797
FixedParameters: 0 0 0

#Transform 107
Transform: AffineTransform_float_3_3
Parameters: 0.999992 0.00184737 -0.00347276 -0.0018352 0.999992 0.00347049 0.00347906 -0.00346388 0.999988 0.0431206 -0.0177982 -0.154463
FixedParameters: 0 0 0

#Transform 108
Transform: AffineTransform_float_3_3
Parameters: 0.999992 0.0018682 -0.0034437 -0.00185632 0.999992 0.00365326 0.00345032 -0.00364665 0.999988 0.0437717 -0.0219886 -0.163126
FixedParameters: 0 0 0

#Transform 109
Transform: AffineTransform_float_3_3
Parameters: 0.999992 0.00192076 -0.00335004 -0.00190884 0.999991 0.00382735 0.00335682 -0.00382156 0.999987 0.0379516 -0.0264526 -0.167385
FixedParameters: 0 0 0

#Transform 110
Transform: AffineTransform_float_3_3
Parameters: 0.999992 0.00187678 -0.00342167 -0.00186416 0.999991 0.00358621 0.0034286 -0.00357959 0.999987 0.0344022 -0.0243759 -0.163713
FixedParameters: 0 0 0

#Transform 111
Transform: AffineTransform_float_3_3
Parameters: 0.999992 0.0018522 -0.00347595 -0.00183963 0.999992 0.00365342 0.00348334 -0.00364678 0.999988 0.0356176 -0.0221733 -0.163844
FixedParameters: 0 0 0

#Transform 112
Transform: AffineTransform_float_3_3
Parameters: 0.999992 0.0018517 -0.00348384 -0.00183885 0.999991 0.00375141 0.0034907 -0.00374477 0.999987 0.0357307 -0.0229222 -0.161616
FixedParameters: 0 0 0

#Transform 113
Transform: AffineTransform_float_3_3
Parameters: 0.999992 0.00187075 -0.00343326 -0.00185856 0.999991 0.00357826 0.00343922 -0.00357165 0.999987 0.0390174 -0.0207957 -0.155137
FixedParameters: 0 0 0

#Transform 114
Transform: AffineTransform_float_3_3
Parameters: 0.999992 0.00183176 -0.00350309 -0.00181948 0.999992 0.00345464 0.00350922 -0.00344802 0.999988 0.03598 -0.0133967 -0.156531
FixedParameters: 0 0 0

#Transform 115
Transform: AffineTransform_float_3_3
Parameters: 0.999993 0.00184787 -0.00333062 -0.0018322 0.999987 0.0048237 0.00333938 -0.00481856 0.999983 0.0347345 -0.0290682 -0.263626
FixedParameters: 0 0 0

#Transform 116
Transform: AffineTransform_float_3_3
Parameters: 0.999991 0.00218718 -0.00359602 -0.00221053 0.999976 -0.00654471 0.00358235 0.0065525 0.999972 0.0320614 -0.00826126 0.399641
FixedParameters: 0 0 0

#Transform 117
Transform: AffineTransform_float_3_3
Parameters: 0.999986 0.00202225 -0.00500609 -0.00206632 0.99996 -0.0087728 0.00498888 0.00878325 0.999949 0.100349 0.00842184 0.490646
FixedParameters: 0 0 0

#Transform 118
Transform: AffineTransform_float_3_3
Parameters: 0.999986 0.00228138 -0.00466613 -0.0023198 0.999964 -0.00809561 0.00464784 0.00810667 0.999957 0.0940736 -0.0182015 0.505337
FixedParameters: 0 0 0

#Transform 119
Transform: AffineTransform_float_3_3
Parameters: 0.999986 0.00237164 -0.00465533 -0.00240624 0.99997 -0.00742814 0.00463823 0.00743828 0.999961 0.091123 -0.00950525 0.456299
FixedParameters: 0 0 0

#Transform 120
Transform: AffineTransform_float_3_3
Parameters: 0.999986 0.00258891 -0.00461985 -0.00262017 0.999974 -0.00669582 0.00460237 0.00670826 0.999967 0.0877694 -0.0433124 0.448022
FixedParameters: 0 0 0

#Transform 121
Transform: AffineTransform_float_3_3
Parameters: 0.999986 0.0029164 -0.00458316 -0.00294519 0.999975 -0.00644262 0.00456427 0.00645566 0.999969 0.0887128 -0.0496441 0.429778
FixedParameters: 0 0 0

#Transform 122
Transform: AffineTransform_float_3_3
Parameters: 0.999985 0.00277568 -0.00465806 -0.00280356 0.999978 -0.00604732 0.00464192 0.00606023 0.999971 0.0878502 -0.0361506 0.416825
FixedParameters: 0 0 0

#Transform 123
Transform: AffineTransform_float_3_3
Parameters: 0.999984 0.00281337 -0.00480426 -0.00284047 0.99998 -0.00574042 0.00478867 0.00575368 0.999972 0.0910142 -0.0204702 0.420799
FixedParameters: 0 0 0

#Transform 124
Transform: AffineTransform_float_3_3
Parameters: 0.999985 0.00275061 -0.00477058 -0.00277737 0.999981 -0.0055583 0.00475544 0.00557151 0.999973 0.0921293 -0.0214129 0.414254
FixedParameters: 0 0 0

#Transform 125
Transform: AffineTransform_float_3_3
Parameters: 0.999984 0.00279778 -0.00486212 -0.00282468 0.999979 -0.00569982 0.00484558 0.00571345 0.999972 0.0928501 -0.0150869 0.40451
FixedParameters: 0 0 0

#Transform 126
Transform: AffineTransform_float_3_3
Parameters: 0.999984 0.00280582 -0.00479865 -0.00283245 0.99998 -0.00556154 0.00478375 0.00557486 0.999973 0.088545 -0.008418 0.391051
FixedParameters: 0 0 0

#Transform 127
Transform: AffineTransform_float_3_3
Parameters: 0.999983 0.00287045 -0.0051016 -0.00289662 0.999983 -0.00510463 0.00508698 0.00511967 0.999974 0.0964529 -0.0225329 0.396131
FixedParameters: 0 0 0

#Transform 128
Transform: AffineTransform_float_3_3
Parameters: 0.999984 0.00263106 -0.00502267 -0.0026549 0.999985 -0.00486037 0.00501004 0.00487391 0.999976 0.0964007 -0.0304913 0.389017
FixedParameters: 0 0 0

#Transform 129
Transform: AffineTransform_float_3_3
Parameters: 0.999984 0.00280058 -0.00493906 -0.00282448 0.999986 -0.00472504 0.0049256 0.00473895 0.999977 0.0898166 -0.0259932 0.384768
FixedParameters: 0 0 0

#Transform 130
Transform: AffineTransform_float_3_3
Parameters: 0.999981 0.00296175 -0.00540861 -0.00298635 0.999985 -0.00451303 0.00539543 0.00452957 0.999975 0.0941424 -0.0363753 0.376855
FixedParameters: 0 0 0

#Transform 131
Transform: AffineTransform_float_3_3
Parameters: 0.999982 0.00272399 -0.00528592 -0.00274597 0.999987 -0.0042806 0.00527436 0.00429525 0.999977 0.0951278 -0.0364033 0.37197
FixedParameters: 0 0 0

#Transform 132
Transform: AffineTransform_float_3_3
Parameters: 0.999983 0.0026145 -0.00513051 -0.00263567 0.999988 -0.00402902 0.00511949 0.00404159 0.999979 0.0937359 -0.0282085 0.352877
FixedParameters: 0 0 0

#Transform 133
Transform: AffineTransform_float_3_3
Parameters: 0.999985 0.00241662 -0.0050204 -0.00243747 0.999989 -0.00403378 0.00501005 0.00404577 0.999979 0.0892717 -0.0236851 0.360935
FixedParameters: 0 0 0

#Transform 134
Transform: AffineTransform_float_3_3
Parameters: 0.999984 0.00239897 -0.00505376 -0.00242051 0.999989 -0.00411625 0.00504398 0.00412904 0.999979 0.0928963 -0.0264371 0.355851
FixedParameters: 0 0 0

#Transform 135
Transform: AffineTransform_float_3_3
Parameters: 0.999984 0.00239392 -0.00511442 -0.00241326 0.99999 -0.00381322 0.0051053 0.00382563 0.99998 0.084883 -0.010832 0.337093
FixedParameters: 0 0 0

#Transform 136
Transform: AffineTransform_float_3_3
Parameters: 0.999985 0.00250252 -0.00494194 -0.00251969 0.999991 -0.00359439 0.00493278 0.00360599 0.999981 0.0812182 -0.0252866 0.330995
FixedParameters: 0 0 0

#Transform 137
Transform: AffineTransform_float_3_3
Parameters: 0.999983 0.00252786 -0.00517785 -0.00254446 0.99999 -0.00337969 0.00516962 0.00339234 0.999981 0.0931277 -0.0327027 0.327047
FixedParameters: 0 0 0

#Transform 138
Transform: AffineTransform_float_3_3
Parameters: 0.999983 0.00268454 -0.00525792 -0.00270313 0.99999 -0.00347483 0.00524945 0.00348954 0.99998 0.0904309 -0.0315064 0.322983
FixedParameters: 0 0 0

#Transform 139
Transform: AffineTransform_float_3_3
Parameters: 0.999983 0.0026149 -0.00513644 -0.00263307 0.999991 -0.00347204 0.00512759 0.00348516 0.99998 0.0929369 -0.0177962 0.332361
FixedParameters: 0 0 0

#Transform 140
Transform: AffineTransform_float_3_3
Parameters: 0.999984 0.00249114 -0.00515777 -0.00250732 0.999992 -0.00321988 0.00515016 0.0032326 0.999982 0.0864359 -0.0204851 0.333032
FixedParameters: 0 0 0

#Transform 141
Transform: AffineTransform_float_3_3
Parameters: 0.999983 0.00254551 -0.00518391 -0.00256179 0.999991 -0.00308804 0.00517622 0.00310082 0.999982 0.0914898 -0.0293471 0.322605
FixedParameters: 0 0 0

#Transform 142
Transform: AffineTransform_float_3_3
Parameters: 0.999982 0.00264435 -0.00537969 -0.00265969 0.999992 -0.00289271 0.00537246 0.00290615 0.999981 0.0929108 -0.0258078 0.328116
FixedParameters: 0 0 0

#Transform 143
Transform: AffineTransform_float_3_3
Parameters: 0.999982 0.00263479 -0.00538464 -0.00265184 0.999992 -0.00308442 0.00537729 0.00309921 0.999981 0.0955994 -0.0329498 0.337617
FixedParameters: 0 0 0

#Transform 144
Transform: AffineTransform_float_3_3
Parameters: 0.999982 0.00260507 -0.00545241 -0.00262163 0.999993 -0.00296217 0.00544505 0.00297697 0.999981 0.0946895 -0.0272506 0.327579
FixedParameters: 0 0 0

#Transform 145
Transform: AffineTransform_float_3_3
Parameters: 0.999982 0.00265433 -0.00535809 -0.00266984 0.999992 -0.002917 0.00535068 0.00293103 0.999981 0.0928057 -0.0281286 0.317242
FixedParameters: 0 0 0

#Transform 146
Transform: AffineTransform_float_3_3
Parameters: 0.999982 0.00267744 -0.00533128 -0.00269177 0.999993 -0.00265424 0.00532387 0.0026683 0.999982 0.0916054 -0.0281507 0.318551
FixedParameters: 0 0 0

#Transform 147
Transform: AffineTransform_float_3_3
Parameters: 0.999982 0.00259896 -0.00538533 -0.00261182 0.999993 -0.00249317 0.00537917 0.00250687 0.999982 0.0909419 -0.0410633 0.312132
FixedParameters: 0 0 0

#Transform 148
Transform: AffineTransform_float_3_3
Parameters: 0.999982 0.00264161 -0.00541065 -0.00265645 0.999993 -0.00254035 0.00540357 0.00255462 0.999983 0.0917407 -0.0425676 0.29801
FixedParameters: 0 0 0

#Transform 149
Transform: AffineTransform_float_3_3
Parameters: 0.999982 0.00257727 -0.00534933 -0.00258994 0.999994 -0.00244862 0.00534263 0.00246249 0.999982 0.0899162 -0.0375966 0.300688
FixedParameters: 0 0 0

#Transform 150
Transform: AffineTransform_float_3_3
Parameters: 0.999982 0.00266172 -0.00539409 -0.00267435 0.999994 -0.00221855 0.00538819 0.00223289 0.999983 0.091613 -0.029251 0.303989
FixedParameters: 0 0 0

#Transform 151
Transform: AffineTransform_float_3_3
Parameters: 0.999982 0.00267994 -0.00534855 -0.00269242 0.999994 -0.00234688 0.00534234 0.00236182 0.999983 0.0903783 -0.0329059 0.297852
FixedParameters: 0 0 0

#Transform 152
Transform: AffineTransform_float_3_3
Parameters: 0.999982 0.0027047 -0.00530728 -0.00271715 0.999994 -0.00223853 0.00530115 0.00225267 0.999983 0.0871548 -0.0340297 0.294679
FixedParameters: 0 0 0

#Transform 153
Transform: AffineTransform_float_3_3
Parameters: 0.999981 0.00265808 -0.00541992 -0.00266936 0.999995 -0.00196294 0.00541501 0.00197654 0.999983 0.0858535 -0.0440917 0.280588
FixedParameters: 0 0 0

#Transform 154
Transform: AffineTransform_float_3_3
Parameters: 0.999982 0.00267331 -0.00538855 -0.00268464 0.999995 -0.00197808 0.0053835 0.00199167 0.999984 0.0858551 -0.0380669 0.273851
FixedParameters: 0 0 0

#Transform 155
Transform: AffineTransform_float_3_3
Parameters: 0.999983 0.00269311 -0.005227 -0.00270387 0.999994 -0.00206725 0.00522096 0.0020816 0.999984 0.0813217 -0.0366062 0.27554
FixedParameters: 0 0 0

#Transform 156
Transform: AffineTransform_float_3_3
Parameters: 0.999982 0.00276977 -0.00518073 -0.00278131 0.999994 -0.00220133 0.00517447 0.00221605 0.999984 0.0809824 -0.0322991 0.274986
FixedParameters: 0 0 0

#Transform 157
Transform: AffineTransform_float_3_3
Parameters: 0.999982 0.00269606 -0.00533015 -0.00270778 0.999994 -0.00215946 0.00532448 0.00217362 0.999983 0.080388 -0.0204059 0.259865
FixedParameters: 0 0 0

#Transform 158
Transform: AffineTransform_float_3_3
Parameters: 0.999983 0.00265743 -0.00513537 -0.00266823 0.999994 -0.00197641 0.00512953 0.00198966 0.999984 0.0770877 -0.030541 0.269114
FixedParameters: 0 0 0

#Transform 159
Transform: AffineTransform_float_3_3
Parameters: 0.999982 0.0026586 -0.00542394 -0.00266958 0.999994 -0.00189255 0.00541857 0.00190696 0.999983 0.0846157 -0.0332387 0.270163
FixedParameters: 0 0 0

#Transform 160
Transform: AffineTransform_float_3_3
Parameters: 0.999981 0.00266792 -0.00539927 -0.00267929 0.999995 -0.00197803 0.00539424 0.00199162 0.999983 0.0842636 -0.0298823 0.270098
FixedParameters: 0 0 0

#Transform 161
Transform: AffineTransform_float_3_3
Parameters: 0.999982 0.00271643 -0.00530279 -0.00272745 0.999995 -0.00197867 0.00529758 0.00199285 0.999984 0.0768777 -0.0316911 0.264108
FixedParameters: 0 0 0

#Transform 162
Transform: AffineTransform_float_3_3
Parameters: 0.999982 0.00263224 -0.00548851 -0.00264161 0.999995 -0.00172612 0.0054841 0.00173997 0.999984 0.0859759 -0.0357572 0.267843
FixedParameters: 0 0 0

#Transform 163
Transform: AffineTransform_float_3_3
Parameters: 0.999981 0.00281501 -0.00558796 -0.0028244 0.999994 -0.00169823 0.00558312 0.00171385 0.999983 0.0841439 -0.02583 0.273152
FixedParameters: 0 0 0

#Transform 164
Transform: AffineTransform_float_3_3
Parameters: 0.99998 0.00277124 -0.00562312 -0.00278085 0.999995 -0.0017075 0.00561838 0.00172282 0.999982 0.08804 -0.0251904 0.273264
FixedParameters: 0 0 0

#Transform 165
Transform: AffineTransform_float_3_3
Parameters: 0.999981 0.00266333 -0.00543578 -0.00267255 0.999995 -0.00160062 0.00543145 0.00161509 0.999984 0.0796811 -0.0169513 0.266746
FixedParameters: 0 0 0

#Transform 166
Transform: AffineTransform_float_3_3
Parameters: 0.99998 0.0027193 -0.00569568 -0.0027285 0.999995 -0.0016102 0.00569069 0.00162551 0.999983 0.0865753 -0.0335644 0.268258
FixedParameters: 0 0 0

#Transform 167
Transform: AffineTransform_float_3_3
Parameters: 0.99998 0.00267076 -0.00567878 -0.00268046 0.999995 -0.00157682 0.00567459 0.00159287 0.999983 0.0860296 -0.0345144 0.267562
FixedParameters: 0 0 0

#Transform 168
Transform: AffineTransform_float_3_3
Parameters: 0.999978 0.00298838 -0.00603574 -0.0029936 0.999995 -0.000974049 0.00603292 0.000992365 0.999982 0.0878307 -0.000551829 0.267741
FixedParameters: 0 0 0

#Transform 169
Transform: AffineTransform_float_3_3
Parameters: 0.999976 0.00316337 -0.00612247 -0.00316883 0.999994 -0.000876968 0.00611957 0.000895706 0.999981 0.0892423 -0.0269838 0.267313
FixedParameters: 0 0 0

#Transform 170
Transform: AffineTransform_float_3_3
Parameters: 0.999975 0.00317747 -0.00619269 -0.00318228 0.999994 -0.000814079 0.00619009 0.000833634 0.999981 0.093033 -0.0322193 0.267671
FixedParameters: 0 0 0

#Transform 171
Transform: AffineTransform_float_3_3
Parameters: 0.999981 0.00278136 -0.00559122 -0.00278354 0.999996 -0.000373993 0.00558993 0.000388973 0.999984 0.0839501 -0.0468252 0.230947
FixedParameters: 0 0 0

#Transform 172
Transform: AffineTransform_float_3_3
Parameters: 0.999981 0.00282965 -0.00548869 -0.00282698 0.999996 0.000550968 0.00549076 -0.000536212 0.999985 0.0827845 -0.0300264 0.200985
FixedParameters: 0 0 0

#Transform 173
Transform: AffineTransform_float_3_3
Parameters: 0.999983 0.00289481 -0.00511649 -0.00289186 0.999996 0.000670386 0.00511842 -0.000655296 0.999987 0.0714953 -0.0373405 0.199906
FixedParameters: 0 0 0

#Transform 174
Transform: AffineTransform_float_3_3
Parameters: 0.999982 0.00306992 -0.00515397 -0.00306926 0.999995 0.000308231 0.00515446 -0.00029267 0.999986 0.0687689 -0.0481786 0.199004
FixedParameters: 0 0 0

#Transform 175
Transform: AffineTransform_float_3_3
Parameters: 0.999982 0.00320958 -0.0051823 -0.00320781 0.999995 0.000323728 0.00518255 -0.00030793 0.999987 0.0726191 -0.0378805 0.199738
FixedParameters: 0 0 0

#Transform 176
Transform: AffineTransform_float_3_3
Parameters: 0.999982 0.00315837 -0.00524716 -0.00315648 0.999994 0.000331883 0.00524744 -0.000315406 0.999986 0.0729557 -0.0392937 0.204778
FixedParameters: 0 0 0

#Transform 177
Transform: AffineTransform_float_3_3
Parameters: 0.999981 0.00317269 -0.00525838 -0.00317105 0.999994 0.000264466 0.00525913 -0.000247744 0.999986 0.0737728 -0.0380525 0.216124
FixedParameters: 0 0 0

#Transform 178
Transform: AffineTransform_float_3_3
Parameters: 0.999981 0.00316691 -0.00541873 -0.00316587 0.999995 0.000158753 0.00541969 -0.00014165 0.999985 0.0802754 -0.0310551 0.219321
FixedParameters: 0 0 0

#Transform 179
Transform: AffineTransform_float_3_3
Parameters: 0.999981 0.00307398 -0.00524798 -0.00307289 0.999995 0.000175117 0.00524892 -0.000158673 0.999987 0.0746051 -0.0345026 0.23123
FixedParameters: 0 0 0

#Transform 180
Transform: AffineTransform_float_3_3
Parameters: 0.999984 0.00306951 -0.00486407 -0.0030702 0.999995 -0.000131274 0.00486366 0.000145758 0.999988 0.0649764 -0.0292224 0.226252
FixedParameters: 0 0 0

#Transform 181
Transform: AffineTransform_float_3_3
Parameters: 0.999983 0.00301154 -0.00495381 -0.00300959 0.999995 0.000410091 0.00495573 -0.000394919 0.999988 0.0647688 -0.036159 0.199898
FixedParameters: 0 0 0

#Transform 182
Transform: AffineTransform_float_3_3
Parameters: 0.999989 0.00259521 -0.00374125 -0.00259086 0.999996 0.00119416 0.00374454 -0.00118451 0.999992 0.0544147 -0.0279859 -0.122766
FixedParameters: 0 0 0

#Transform 183
Transform: AffineTransform_float_3_3
Parameters: 0.999998 0.00141421 -0.000697114 -0.00141509 0.999998 -0.00127475 0.000695288 0.00127596 0.999999 -0.00773624 0.070309 -0.282062
FixedParameters: 0 0 0

#Transform 184
Transform: AffineTransform_float_3_3
Parameters: 0.999999 0.000592162 -0.000623423 -0.000591723 1 0.000352225 0.00062384 -0.000351487 0.999999 -0.00829313 0.0463377 -0.280604
FixedParameters: 0 0 0

#Transform 185
Transform: AffineTransform_float_3_3
Parameters: 1 0.000279522 -0.000402516 -0.000279212 1 -0.000170494 0.000403313 0.00017074 1 -0.0111479 0.0557531 -0.286058
FixedParameters: 0 0 0

#Transform 186
Transform: AffineTransform_float_3_3
Parameters: 0.999999 0.000844612 -0.00096092 -0.00084542 0.999999 -0.00135463 0.000959964 0.00135551 0.999998 -0.00415427 0.0800307 -0.329817
FixedParameters: 0 0 0

#Transform 187
Transform: AffineTransform_float_3_3
Parameters: 0.999999 0.000904957 -0.00107757 -0.000906937 0.999998 -0.00175182 0.00107566 0.00175323 0.999998 -0.0104912 0.0878993 -0.342806
FixedParameters: 0 0 0

#Transform 188
Transform: AffineTransform_float_3_3
Parameters: 0.999998 0.000911611 -0.00131221 -0.000912847 0.999998 -0.00150526 0.00131034 0.00150634 0.999998 -0.00488528 0.0864633 -0.333168
FixedParameters: 0 0 0

#Transform 189
Transform: AffineTransform_float_3_3
Parameters: 0.999998 0.00107621 -0.00157401 -0.00107931 0.999997 -0.00185476 0.0015731 0.00185626 0.999997 0.000847428 0.0957364 -0.321546
FixedParameters: 0 0 0
