#Insight Transform File V1.0
#Transform 0
Transform: AffineTransform_float_3_3
Parameters: 1 0.000447301 0.000476985 -0.000447743 0.999999 0.00138146 -0.000476251 -0.00138186 0.999999 -0.0103315 -0.0248589 -0.00538252
FixedParameters: 0 0 0

#Transform 1
Transform: AffineTransform_float_3_3
Parameters: 1 0.000431133 0.000353878 -0.000431173 0.999999 0.00129378 -0.000353265 -0.00129406 0.999999 -0.0135429 -0.0162991 -0.0157409
FixedParameters: 0 0 0

#Transform 2
Transform: AffineTransform_float_3_3
Parameters: 1 0.000264824 0.000453165 -0.000265025 1 0.00118631 -0.000453039 -0.00118653 0.999999 -0.0161175 -0.0174639 -0.0134314
FixedParameters: 0 0 0

#Transform 3
Transform: AffineTransform_float_3_3
Parameters: 0.999999 0.000342282 0.000625624 -0.000342556 0.999999 0.000912972 -0.000625498 -0.00091258 1 -0.0149535 0.0042406 0.00578618
FixedParameters: 0 0 0

#Transform 4
Transform: AffineTransform_float_3_3
Parameters: 0.999999 0.000573263 0.000511501 -0.000573593 0.999999 0.00117812 -0.000510653 -0.00117869 0.999999 -0.0171936 -0.0138082 0.000135048
FixedParameters: 0 0 0

#Transform 5
Transform: AffineTransform_float_3_3
Parameters: 1 0.00040837 0.000346827 -0.000408314 0.999999 0.00118131 -0.000346365 -0.00118157 0.999999 -0.00746605 0.00390032 -0.00310479
FixedParameters: 0 0 0

#Transform 6
Transform: AffineTransform_float_3_3
Parameters: 1 -0.00015628 -0.000397884 0.000156406 0.999999 0.00130508 0.000397867 -0.00130523 0.999999 0.00127361 -0.0108961 -0.0222927
FixedParameters: 0 0 0

#Transform 7
Transform: AffineTransform_float_3_3
Parameters: 1 0.000260468 -0.000578926 -0.00025944 1 0.000881465 0.000579381 -0.000881965 0.999999 0.00776928 0.00483011 -0.00410929
FixedParameters: 0 0 0

#Transform 8
Transform: AffineTransform_float_3_3
Parameters: 1 0.000538092 0.000400094 -0.000538055 1 -7.66152e-05 -0.00040016 7.67833e-05 0.999999 -0.00898194 0.0456701 0.0227228
FixedParameters: 0 0 0

#Transform 9
Transform: AffineTransform_float_3_3
Parameters: 0.999999 0.000380953 0.000605739 -0.000381034 1 4.67157e-05 -0.000605687 -4.65786e-05 0.999999 -0.0144836 0.036687 0.0157147
FixedParameters: 0 0 0

#Transform 10
Transform: AffineTransform_float_3_3
Parameters: 0.999999 0.000642444 0.000617764 -0.000643059 1 -0.000226529 -0.000617608 0.000225714 1 -0.0139844 0.0409212 0.0244158
FixedParameters: 0 0 0

#Transform 11
Transform: AffineTransform_float_3_3
Parameters: 1 0.000518607 0.000324122 -0.000518331 0.999999 -0.001144 -0.000324024 0.00114366 1 -0.00623921 0.00829202 0.016105
FixedParameters: 0 0 0

#Transform 12
Transform: AffineTransform_float_3_3
Parameters: 0.999999 0.000621691 0.000429064 -0.000621496 1 -0.000227575 -0.000429346 0.000227041 1 -0.00855668 0.0576165 -0.00952992
FixedParameters: 0 0 0

#Transform 13
Transform: AffineTransform_float_3_3
Parameters: 1 0.000460381 0.000358979 -0.0004604 1 2.64482e-05 -0.000358954 -2.67787e-05 1 -0.0083203 0.0582338 0.0212545
FixedParameters: 0 0 0

#Transform 14
Transform: AffineTransform_float_3_3
Parameters: 1 0.000607952 -0.000176682 -0.000608239 0.999999 -0.000814774 0.000175691 0.000814989 0.999999 0.00257323 -0.000965696 0.0283212
FixedParameters: 0 0 0

#Transform 15
Transform: AffineTransform_float_3_3
Parameters: 1 0.000356487 0.000156745 -0.00035647 1 -5.44964e-05 -0.000156784 5.43846e-05 1 -0.00339067 0.0717023 0.00880536
FixedParameters: 0 0 0

#Transform 16
Transform: AffineTransform_float_3_3
Parameters: 1 0.000466459 0.000493194 -0.000467392 0.999999 0.000920245 -0.000492386 -0.000919905 1 -0.0106205 -0.00534681 -0.00880854
FixedParameters: 0 0 0

#Transform 17
Transform: AffineTransform_float_3_3
Parameters: 1 0.000492786 0.000351523 -0.000493174 0.999999 0.00115995 -0.000351775 -0.0011603 0.999999 0.00248472 -0.0158524 0.0121279
FixedParameters: 0 0 0

#Transform 18
Transform: AffineTransform_float_3_3
Parameters: 1 0.000516014 0.000398045 -0.000516062 0.999999 0.00115973 -0.000397351 -0.00116012 0.999999 0.0014372 -0.0123752 0.0102468
FixedParameters: 0 0 0

#Transform 19
Transform: AffineTransform_float_3_3
Parameters: 1 -0.000197923 -0.000458039 0.000198771 0.999999 0.000953915 0.000457609 -0.000953296 1 0.00156077 -8.96709e-05 -0.0189297
FixedParameters: 0 0 0

#Transform 20
Transform: AffineTransform_float_3_3
Parameters: 1 -0.000270984 -0.000310888 0.000271997 0.999999 0.000951341 0.000311212 -0.000950689 1 -0.00136842 -0.0106226 -0.00633818
FixedParameters: 0 0 0

#Transform 21
Transform: AffineTransform_float_3_3
Parameters: 1 0.000415097 0.000482382 -0.00041537 1 0.000282937 -0.000482147 -0.000283337 1 -0.0108114 0.0359495 -0.00416231
FixedParameters: 0 0 0

#Transform 22
Transform: AffineTransform_float_3_3
Parameters: 1 -0.000364676 -0.000188157 0.000365371 0.999999 0.000657581 0.000188569 -0.000657697 1 -0.00519129 0.0150496 -0.0146548
FixedParameters: 0 0 0

#Transform 23
Transform: AffineTransform_float_3_3
Parameters: 1 0.000337263 0.000223526 -0.000337801 1 0.00116316 -0.000222797 -0.00116331 1 -0.00911969 -0.00055813 -0.00839298
FixedParameters: 0 0 0

#Transform 24
Transform: AffineTransform_float_3_3
Parameters: 1 -0.000340287 -0.000198173 0.000341183 1 0.00117804 0.000198207 -0.00117815 1 0.0037997 0.00368994 -0.0231093
FixedParameters: 0 0 0

#Transform 25
Transform: AffineTransform_float_3_3
Parameters: 0.999999 -0.000566839 -0.000439361 0.000566964 0.999999 0.00118185 0.000438412 -0.00118237 0.999999 0.00513454 -0.0052906 -0.0231042
FixedParameters: 0 0 0

#Transform 26
Transform: AffineTransform_float_3_3
Parameters: 1 -0.000268205 -0.000476725 0.000269304 1 0.00117335 0.000476039 -0.00117361 0.999999 0.0106819 0.00918246 -0.0109583
FixedParameters: 0 0 0

#Transform 27
Transform: AffineTransform_float_3_3
Parameters: 1 -0.000281461 -0.000476302 0.000281535 1 0.00103663 0.000476111 -0.00103692 1 0.0102539 0.00330988 0.00790231
FixedParameters: 0 0 0

#Transform 28
Transform: AffineTransform_float_3_3
Parameters: 1 -0.000187748 -0.000452076 0.000187894 1 0.00117137 0.000452028 -0.00117156 0.999999 0.0103796 -0.0135766 -0.00104815
FixedParameters: 0 0 0

#Transform 29
Transform: AffineTransform_float_3_3
Parameters: 1 -0.00041561 -0.000318671 0.000416264 1 0.00105787 0.000317736 -0.00105814 1 0.00575998 -0.00540806 0.00675219
FixedParameters: 0 0 0

#Transform 30
Transform: AffineTransform_float_3_3
Parameters: 1 -0.000342289 -0.000612832 0.000342541 0.999999 0.000956327 0.000612573 -0.000955967 1 0.00713442 -0.00282605 0.0155364
FixedParameters: 0 0 0

#Transform 31
Transform: AffineTransform_float_3_3
Parameters: 1 -0.000279668 -0.000444988 0.000280523 0.999999 0.000990289 0.000444382 -0.000989738 1 0.00395699 -0.00446809 0.0117359
FixedParameters: 0 0 0

#Transform 32
Transform: AffineTransform_float_3_3
Parameters: 1 -0.000267244 -0.000444644 0.000267173 0.999999 0.000954912 0.00044453 -0.000954371 1 0.00424689 -0.0179384 0.015908
FixedParameters: 0 0 0

#Transform 33
Transform: AffineTransform_float_3_3
Parameters: 1 -0.000525272 -0.000298299 0.00052592 0.999999 0.00112011 0.000297066 -0.00112042 1 0.000556769 -0.00692135 0.0143419
FixedParameters: 0 0 0

#Transform 34
Transform: AffineTransform_float_3_3
Parameters: 1 -0.000230246 -0.000376081 0.000231109 1 0.00117328 0.000375485 -0.00117346 0.999999 0.00170065 0.00409062 0.0169744
FixedParameters: 0 0 0

#Transform 35
Transform: AffineTransform_float_3_3
Parameters: 1 -0.000253655 -0.00037028 0.000253748 0.999999 0.00135904 0.000369982 -0.00135925 0.999999 0.00303512 -0.00236988 0.0109504
FixedParameters: 0 0 0

#Transform 36
Transform: AffineTransform_float_3_3
Parameters: 1 -0.000417826 -0.000293036 0.000418866 1 0.00104319 0.000293 -0.00104341 1 0.00421525 0.017641 0.0317518
FixedParameters: 0 0 0

#Transform 37
Transform: AffineTransform_float_3_3
Parameters: 1 -0.000374797 -0.00030223 0.000374948 1 0.000248553 0.000302043 -0.00024878 1 0.000925216 0.0133495 0.0684233
FixedParameters: 0 0 0

#Transform 38
Transform: AffineTransform_float_3_3
Parameters: 1 -0.000399848 -9.34234e-05 0.00039987 1 0.000118231 9.33289e-05 -0.000118306 1 -0.00151459 0.011054 0.0762442
FixedParameters: 0 0 0

#Transform 39
Transform: AffineTransform_float_3_3
Parameters: 1 -0.000442598 -9.43602e-05 0.000442621 1 0.000125407 9.42492e-05 -0.000125491 1 -0.00166169 0.0119286 0.0759749
FixedParameters: 0 0 0

#Transform 40
Transform: AffineTransform_float_3_3
Parameters: 1 -0.000444958 -0.000342296 0.000445086 1 0.000188058 0.000342129 -0.000188362 1 0.00439093 0.0178507 0.0784811
FixedParameters: 0 0 0

#Transform 41
Transform: AffineTransform_float_3_3
Parameters: 1 -0.000552223 -0.000302015 0.000552338 1 0.0001914 0.000301803 -0.000191734 1 0.000821096 0.0124497 0.080558
FixedParameters: 0 0 0

#Transform 42
Transform: AffineTransform_float_3_3
Parameters: 1 -0.000420684 -0.000243275 0.0004207 1 3.12963e-05 0.000243248 -3.15009e-05 1 0.00182083 0.00242946 0.0896405
FixedParameters: 0 0 0

#Transform 43
Transform: AffineTransform_float_3_3
Parameters: 1 -0.000420618 -5.93742e-05 0.000420637 1 0.000159158 5.92403e-05 -0.000159208 1 -0.0025768 0.00388278 0.0794665
FixedParameters: 0 0 0

#Transform 44
Transform: AffineTransform_float_3_3
Parameters: 1 -0.000507669 -0.000335258 0.000507836 1 0.000248873 0.000335005 -0.000249214 1 0.00423365 0.00181857 0.0716598
FixedParameters: 0 0 0

#Transform 45
Transform: AffineTransform_float_3_3
Parameters: 1 -0.000457467 -0.00018856 0.000457526 1 0.000154902 0.000188419 -0.000155075 1 -0.00360056 0.00885644 0.0690259
FixedParameters: 0 0 0

#Transform 46
Transform: AffineTransform_float_3_3
Parameters: 1 -0.000511639 -0.000327543 0.000511647 1 1.19536e-05 0.00032753 -1.22888e-05 1 0.00375041 0.0176468 0.0801809
FixedParameters: 0 0 0

#Transform 47
Transform: AffineTransform_float_3_3
Parameters: 1 -0.000452119 -0.000356604 0.000452253 1 0.000188113 0.000356434 -0.000188435 1 0.00471414 0.0132808 0.0800024
FixedParameters: 0 0 0

#Transform 48
Transform: AffineTransform_float_3_3
Parameters: 1 -0.000452119 -0.000356604 0.000452253 1 0.000188113 0.000356434 -0.000188435 1 0.00115368 0.00669742 0.0838036
FixedParameters: 0 0 0

#Transform 49
Transform: AffineTransform_float_3_3
Parameters: 1 -0.000452428 -0.000356495 0.000452554 1 0.000177118 0.000356335 -0.00017744 1 0.00470836 0.0136044 0.0800943
FixedParameters: 0 0 0

#Transform 50
Transform: AffineTransform_float_3_3
Parameters: 1 -0.000384141 -0.000390219 0.000384362 1 0.000282964 0.000390002 -0.000283263 1 0.00574951 0.00514998 0.0837086
FixedParameters: 0 0 0

#Transform 51
Transform: AffineTransform_float_3_3
Parameters: 1 -0.000195451 -0.000406521 0.000195652 1 0.000247628 0.000406424 -0.000247787 1 0.00646279 0.00233764 0.102924
FixedParameters: 0 0 0

#Transform 52
Transform: AffineTransform_float_3_3
Parameters: 1 -0.000273959 -0.000563999 0.000274249 1 0.000257256 0.000563858 -0.000257565 1 0.00688379 0.00867005 0.0960796
FixedParameters: 0 0 0

#Transform 53
Transform: AffineTransform_float_3_3
Parameters: 0.999999 -0.000343519 -0.00069102 0.000343627 1 7.7828e-05 0.000690966 -7.83029e-05 1 0.00541984 -0.00117523 0.066341
FixedParameters: 0 0 0

#Transform 54
Transform: AffineTransform_float_3_3
Parameters: 0.999999 0.000528021 -0.00177796 -0.000528233 1 -7.12766e-05 0.00177792 7.25564e-05 0.999998 0.0387824 0.0179754 0.0352889
FixedParameters: 0 0 0

#Transform 55
Transform: AffineTransform_float_3_3
Parameters: 0.999999 0.00060157 -0.00110422 -0.000601969 1 -0.000203711 0.00110401 0.000203641 0.999999 0.0225285 0.0306487 0.0472918
FixedParameters: 0 0 0

#Transform 56
Transform: AffineTransform_float_3_3
Parameters: 1 0.000349279 -0.00114609 -0.00034991 0.999999 -0.000294009 0.00114592 0.000294212 0.999999 0.0223059 0.0347464 0.039498
FixedParameters: 0 0 0

#Transform 57
Transform: AffineTransform_float_3_3
Parameters: 1 0.000468598 -0.000885573 -0.000469701 0.999999 -0.000633205 0.000885034 0.000634036 0.999999 0.0168611 0.026671 0.0394374
FixedParameters: 0 0 0

#Transform 58
Transform: AffineTransform_float_3_3
Parameters: 1 0.000593497 -0.000881331 -0.000593576 0.999999 -6.90694e-05 0.000881288 6.95174e-05 1 0.0230764 0.0255181 0.051064
FixedParameters: 0 0 0

#Transform 59
Transform: AffineTransform_float_3_3
Parameters: 0.999999 0.000506573 -0.000838535 -0.000506883 0.999999 -0.000199411 0.000838316 0.000199662 1 0.0214907 0.0333697 0.0526315
FixedParameters: 0 0 0

#Transform 60
Transform: AffineTransform_float_3_3
Parameters: 1 0.000481406 -0.000999346 -0.000481793 0.999999 -0.000215177 0.000999178 0.000215542 0.999999 0.0184736 0.0288183 0.0633657
FixedParameters: 0 0 0

#Transform 61
Transform: AffineTransform_float_3_3
Parameters: 1 0.00042674 -0.00100485 -0.000426909 1 -9.29106e-05 0.00100482 9.37689e-05 0.999999 0.0250557 0.0277248 0.066546
FixedParameters: 0 0 0

#Transform 62
Transform: AffineTransform_float_3_3
Parameters: 1 0.000380167 -0.00109784 -0.000380352 1 -9.25047e-05 0.00109782 9.33402e-05 0.999999 0.0271831 0.0285176 0.0681505
FixedParameters: 0 0 0

#Transform 63
Transform: AffineTransform_float_3_3
Parameters: 1 0.000227268 -0.00112391 -0.000226937 1 -0.000258721 0.0011234 0.000259253 0.999999 0.0269743 0.0356659 0.0737193
FixedParameters: 0 0 0

#Transform 64
Transform: AffineTransform_float_3_3
Parameters: 0.999999 6.34706e-05 -0.00134185 -6.36843e-05 1 -8.57414e-05 0.00134183 8.6114e-05 0.999999 0.0321931 0.0252516 0.0606955
FixedParameters: 0 0 0

#Transform 65
Transform: AffineTransform_float_3_3
Parameters: 1 5.0373e-05 -0.00108429 -4.99367e-05 1 -0.000219623 0.00108388 0.000219752 0.999999 0.0284376 0.0137979 0.0760219
FixedParameters: 0 0 0

#Transform 66
Transform: AffineTransform_float_3_3
Parameters: 1 0.000182114 -0.00112052 -0.000182291 1 -8.74333e-05 0.00112054 8.78422e-05 0.999999 0.0267648 0.0156671 0.0784949
FixedParameters: 0 0 0

#Transform 67
Transform: AffineTransform_float_3_3
Parameters: 0.999999 0.000165686 -0.000981461 -0.000165854 1 -8.57095e-05 0.000981432 8.60349e-05 0.999999 0.0182835 0.00580482 0.0868203
FixedParameters: 0 0 0

#Transform 68
Transform: AffineTransform_float_3_3
Parameters: 0.999999 0.000240836 -0.00092516 -0.000240998 1 -8.72055e-05 0.000925118 8.76513e-05 0.999999 0.021793 0.008517 0.0863393
FixedParameters: 0 0 0

#Transform 69
Transform: AffineTransform_float_3_3
Parameters: 1 0.000254777 -0.000992953 -0.000254677 1 4.0858e-05 0.000993029 -4.03516e-05 0.999999 0.0239747 0.00951233 0.0722453
FixedParameters: 0 0 0

#Transform 70
Transform: AffineTransform_float_3_3
Parameters: 1 0.000343419 -0.000993791 -0.000343346 1 2.74725e-05 0.000993865 -2.67894e-05 0.999999 0.0243287 0.0100116 0.0732746
FixedParameters: 0 0 0

#Transform 71
Transform: AffineTransform_float_3_3
Parameters: 1 0.00043947 -0.000996421 -0.000439104 0.999999 0.000162141 0.000996602 -0.000161863 0.999999 0.0248466 0.00649173 0.0729545
FixedParameters: 0 0 0

#Transform 72
Transform: AffineTransform_float_3_3
Parameters: 0.999999 0.000314068 -0.000966052 -0.000313733 1 0.000173576 0.000966161 -0.000172969 0.999999 0.0233574 0.00769141 0.0749957
FixedParameters: 0 0 0

#Transform 73
Transform: AffineTransform_float_3_3
Parameters: 1 0.000435968 -0.00100773 -0.000435468 0.999999 0.000227162 0.00100797 -0.000226882 0.999999 0.0251083 0.0219246 0.0679533
FixedParameters: 0 0 0

#Transform 74
Transform: AffineTransform_float_3_3
Parameters: 0.999999 0.000347055 -0.000756384 -0.000346684 0.999999 0.000228817 0.000756527 -0.000228891 1 0.0178216 0.00869715 0.0889374
FixedParameters: 0 0 0

#Transform 75
Transform: AffineTransform_float_3_3
Parameters: 0.999999 0.000204618 -0.000997669 -0.000204384 1 0.000117191 0.000997717 -0.000116783 0.999999 0.0232949 -0.00389604 0.0924285
FixedParameters: 0 0 0

#Transform 76
Transform: AffineTransform_float_3_3
Parameters: 0.999999 0.000207781 -0.000998848 -0.000207366 1 0.000195332 0.000998912 -0.000195516 0.999999 0.017006 -0.00380868 0.0919615
FixedParameters: 0 0 0

#Transform 77
Transform: AffineTransform_float_3_3
Parameters: 0.999999 0.000229204 -0.000969481 -0.000228888 1 0.000162813 0.000969555 -0.000162368 0.999999 0.0170681 0.00483947 0.088393
FixedParameters: 0 0 0

#Transform 78
Transform: AffineTransform_float_3_3
Parameters: 1 0.000406105 -0.00106355 -0.000405725 1 0.000170232 0.00106374 -0.000169368 0.999999 0.0260112 0.0201864 0.0807773
FixedParameters: 0 0 0

#Transform 79
Transform: AffineTransform_float_3_3
Parameters: 1 0.000375566 -0.00111916 -0.000375325 0.999999 8.87087e-05 0.00111926 -8.84665e-05 0.999999 0.0270532 0.0138243 0.0925075
FixedParameters: 0 0 0

#Transform 80
Transform: AffineTransform_float_3_3
Parameters: 0.999999 0.000548104 -0.00117766 -0.000547839 1 0.000470345 0.00117866 -0.000470474 0.999999 0.0253828 0.0185928 0.0943741
FixedParameters: 0 0 0

#Transform 81
Transform: AffineTransform_float_3_3
Parameters: 0.999999 0.000542715 -0.00115072 -0.000541726 1 0.000407722 0.0011512 -0.000407873 0.999999 0.0244412 0.0204007 0.0951591
FixedParameters: 0 0 0

#Transform 82
Transform: AffineTransform_float_3_3
Parameters: 0.999999 0.000484117 -0.00124999 -0.000483045 1 0.000408396 0.00125042 -0.000408586 0.999999 0.0233358 0.011784 0.0777855
FixedParameters: 0 0 0

#Transform 83
Transform: AffineTransform_float_3_3
Parameters: 0.999999 0.000478938 -0.00123481 -0.000478244 1 0.000260602 0.00123509 -0.000260818 0.999999 0.0203102 0.0140318 0.0877466
FixedParameters: 0 0 0

#Transform 84
Transform: AffineTransform_float_3_3
Parameters: 0.999999 0.000522535 -0.00128267 -0.00052236 1 0.000407464 0.00128352 -0.000406743 1 0.0247981 0.0160477 0.10621
FixedParameters: 0 0 0

#Transform 85
Transform: AffineTransform_float_3_3
Parameters: 0.999999 0.00054416 -0.00134938 -0.000543562 1 0.000213235 0.0013496 -0.000212366 1 0.0246202 0.0187684 0.1152
FixedParameters: 0 0 0

#Transform 86
Transform: AffineTransform_float_3_3
Parameters: 0.999998 0.000426779 -0.00158467 -0.000426042 1 0.000225227 0.00158484 -0.000224475 0.999999 0.0289193 0.0200851 0.111411
FixedParameters: 0 0 0

#Transform 87
Transform: AffineTransform_float_3_3
Parameters: 0.999999 0.000384982 -0.00148526 -0.000384033 1 0.000462316 0.00148471 -0.000461794 0.999999 0.0296442 0.0158328 0.107441
FixedParameters: 0 0 0

#Transform 88
Transform: AffineTransform_float_3_3
Parameters: 0.999999 0.000303511 -0.00129626 -0.000303339 1 0.000584007 0.00129617 -0.000583262 0.999999 0.023697 0.0165477 0.113643
FixedParameters: 0 0 0

#Transform 89
Transform: AffineTransform_float_3_3
Parameters: 0.999999 0.00035249 -0.00119367 -0.000352587 0.999999 0.000514207 0.00119358 -0.000513205 0.999999 0.0198954 0.0181418 0.110031
FixedParameters: 0 0 0

#Transform 90
Transform: AffineTransform_float_3_3
Parameters: 0.999999 0.000263225 -0.00136536 -0.00026342 1 0.000413964 0.00136512 -0.000413084 0.999999 0.0254439 0.0148941 0.117872
FixedParameters: 0 0 0

#Transform 91
Transform: AffineTransform_float_3_3
Parameters: 0.999998 0.000419172 -0.00161225 -0.000419151 1 0.00040743 0.00161211 -0.000407317 0.999999 0.0298271 0.00746967 0.110748
FixedParameters: 0 0 0

#Transform 92
Transform: AffineTransform_float_3_3
Parameters: 0.999998 0.000543005 -0.00159035 -0.000542565 1 0.000404397 0.00159121 -0.000403888 0.999999 0.0287777 0.0118364 0.104839
FixedParameters: 0 0 0

#Transform 93
Transform: AffineTransform_float_3_3
Parameters: 0.999999 0.000567555 -0.0017066 -0.000566115 1 0.00040275 0.00170708 -0.000402012 0.999999 0.031658 0.0185573 0.0907241
FixedParameters: 0 0 0

#Transform 94
Transform: AffineTransform_float_3_3
Parameters: 0.999998 0.000560826 -0.00160249 -0.000560801 1 -0.000146398 0.00160319 0.000147019 0.999999 0.0278284 0.0156112 0.122697
FixedParameters: 0 0 0

#Transform 95
Transform: AffineTransform_float_3_3
Parameters: 0.999998 0.00065222 -0.00155442 -0.000652119 1 2.55003e-05 0.00155444 -2.40715e-05 0.999999 0.0216858 0.0153707 0.110657
FixedParameters: 0 0 0

#Transform 96
Transform: AffineTransform_float_3_3
Parameters: 0.999996 0.000764933 -0.00249107 -0.00076189 0.999998 0.00122195 0.00249109 -0.00121985 0.999997 0.0389991 -0.00350314 0.0733204
FixedParameters: 0 0 0

#Transform 97
Transform: AffineTransform_float_3_3
Parameters: 0.999998 0.000918754 -0.00215414 -0.000916585 0.999999 0.000898197 0.00215446 -0.000896101 0.999998 0.0348309 0.00711417 0.10657
FixedParameters: 0 0 0

#Transform 98
Transform: AffineTransform_float_3_3
Parameters: 0.999997 0.000914758 -0.00202467 -0.000913756 0.999999 0.000554845 0.00202524 -0.000553781 0.999998 0.0314349 0.00640472 0.112694
FixedParameters: 0 0 0

#Transform 99
Transform: AffineTransform_float_3_3
Parameters: 0.999997 0.000945289 -0.00196592 -0.000944241 1 0.000589371 0.00196661 -0.000587695 0.999998 0.0302023 0.000353351 0.110703
FixedParameters: 0 0 0

#Transform 100
Transform: AffineTransform_float_3_3
Parameters: 0.999997 0.000983255 -0.00189602 -0.000982379 0.999999 0.000677211 0.00189601 -0.000676143 0.999998 0.0286997 -0.00283854 0.106247
FixedParameters: 0 0 0

#Transform 101
Transform: AffineTransform_float_3_3
Parameters: 0.999997 0.000964078 -0.00194164 -0.000962298 0.999999 0.000785183 0.00194272 -0.000783481 0.999998 0.0299904 -0.00881965 0.100055
FixedParameters: 0 0 0

#Transform 102
Transform: AffineTransform_float_3_3
Parameters: 0.999998 0.000967657 -0.00180032 -0.0009652 0.999999 0.000786305 0.00180097 -0.000784843 0.999998 0.0288173 -0.00552677 0.0989311
FixedParameters: 0 0 0

#Transform 103
Transform: AffineTransform_float_3_3
Parameters: 0.999998 0.000850211 -0.00217591 -0.000848084 0.999999 0.000879757 0.00217607 -0.000877919 0.999998 0.0353207 -0.00299625 0.102378
FixedParameters: 0 0 0

#Transform 104
Transform: AffineTransform_float_3_3
Parameters: 0.999998 0.00066092 -0.00199322 -0.000659278 0.999999 0.000851379 0.00199298 -0.000849207 0.999998 0.0298274 0.00812974 0.10104
FixedParameters: 0 0 0

#Transform 105
Transform: AffineTransform_float_3_3
Parameters: 0.999998 0.000652369 -0.00201534 -0.000650365 1 0.000923242 0.00201515 -0.000922475 0.999998 0.0300298 0.0026731 0.113265
FixedParameters: 0 0 0

#Transform 106
Transform: AffineTransform_float_3_3
Parameters: 0.999998 0.000869758 -0.00193137 -0.000867984 1 0.000787707 0.00193231 -0.000786389 0.999998 0.029125 0.00424624 0.105576
FixedParameters: 0 0 0

#Transform 107
Transform: AffineTransform_float_3_3
Parameters: 0.999998 0.000763363 -0.00211296 -0.000761305 1 0.000789289 0.00211374 -0.000787306 0.999998 0.0333071 0.00982582 0.10358
FixedParameters: 0 0 0

#Transform 108
Transform: AffineTransform_float_3_3
Parameters: 0.999997 0.000613511 -0.00208803 -0.00061171 0.999999 0.000850768 0.00208771 -0.000848669 0.999997 0.0319133 -0.00194756 0.107438
FixedParameters: 0 0 0

#Transform 109
Transform: AffineTransform_float_3_3
Parameters: 0.999998 0.000887199 -0.00209546 -0.000885156 1 0.00078586 0.00209648 -0.000784184 0.999997 0.0333193 0.0050388 0.106707
FixedParameters: 0 0 0

#Transform 110
Transform: AffineTransform_float_3_3
Parameters: 0.999997 0.00063485 -0.00204712 -0.000632983 1 0.000875392 0.00204684 -0.000874655 0.999998 0.0302791 0.00327745 0.12923
FixedParameters: 0 0 0

#Transform 111
Transform: AffineTransform_float_3_3
Parameters: 0.999997 0.000572268 -0.0021703 -0.000569873 0.999999 0.000846312 0.00217077 -0.000844869 0.999998 0.0330845 9.29997e-05 0.132134
FixedParameters: 0 0 0

#Transform 112
Transform: AffineTransform_float_3_3
Parameters: 0.999998 0.000722711 -0.00219214 -0.000721393 1 0.000789824 0.00219329 -0.000788515 0.999998 0.0344229 0.00586476 0.131372
FixedParameters: 0 0 0

#Transform 113
Transform: AffineTransform_float_3_3
Parameters: 0.999998 0.000559625 -0.00218707 -0.000557725 0.999999 0.000722428 0.00218744 -0.000721021 0.999998 0.0302627 0.000682598 0.153893
FixedParameters: 0 0 0

#Transform 114
Transform: AffineTransform_float_3_3
Parameters: 0.999998 0.000559568 -0.00218705 -0.000557698 1 0.000721228 0.00218743 -0.000719222 0.999997 0.0366772 0.00670388 0.153065
FixedParameters: 0 0 0

#Transform 115
Transform: AffineTransform_float_3_3
Parameters: 0.999998 0.000561754 -0.00218769 -0.000559564 0.999999 0.000794201 0.00218816 -0.000792186 0.999997 0.0351406 0.00358214 0.15245
FixedParameters: 0 0 0

#Transform 116
Transform: AffineTransform_float_3_3
Parameters: 0.999997 0.000699465 -0.00225654 -0.000697152 1 0.000789881 0.0022572 -0.000788566 0.999997 0.0482089 0.0087663 0.141978
FixedParameters: 0 0 0

#Transform 117
Transform: AffineTransform_float_3_3
Parameters: 0.999997 0.00067314 -0.00232162 -0.000670781 0.999999 0.000970048 0.00232293 -0.000968785 0.999997 0.0453362 0.00461299 0.137575
FixedParameters: 0 0 0

#Transform 118
Transform: AffineTransform_float_3_3
Parameters: 0.999998 0.000564266 -0.00218844 -0.000561686 0.999999 0.000877371 0.00218899 -0.000875943 0.999997 0.0369773 0.00805987 0.140537
FixedParameters: 0 0 0

#Transform 119
Transform: AffineTransform_float_3_3
Parameters: 0.999998 0.000679797 -0.00224671 -0.000677497 1 0.000790469 0.00224734 -0.000789256 0.999998 0.0375956 0.00960381 0.146613
FixedParameters: 0 0 0

#Transform 120
Transform: AffineTransform_float_3_3
Parameters: 0.999998 0.000679797 -0.00224671 -0.00067839 1 0.000790446 0.00224779 -0.000789251 0.999998 0.0379764 0.00331708 0.144358
FixedParameters: 0 0 0

#Transform 121
Transform: AffineTransform_float_3_3
Parameters: 0.999997 0.000693207 -0.00225341 -0.000690898 1 0.000790068 0.00225407 -0.000788786 0.999997 0.0380367 0.00115825 0.143538
FixedParameters: 0 0 0

#Transform 122
Transform: AffineTransform_float_3_3
Parameters: 0.999998 0.000685648 -0.0022484 -0.00068381 0.999999 0.000985363 0.00224887 -0.000984163 0.999997 0.0378781 0.000808581 0.139562
FixedParameters: 0 0 0

#Transform 123
Transform: AffineTransform_float_3_3
Parameters: 0.999997 0.000642493 -0.00234576 -0.000640333 1 0.000917592 0.00234695 -0.000916439 0.999997 0.0399826 0.00906845 0.149842
FixedParameters: 0 0 0

#Transform 124
Transform: AffineTransform_float_3_3
Parameters: 0.999997 0.000606285 -0.00239356 -0.000603584 0.999999 0.00111157 0.00239397 -0.00110976 0.999997 0.0383944 0.0105959 0.143817
FixedParameters: 0 0 0

#Transform 125
Transform: AffineTransform_float_3_3
Parameters: 0.999997 0.000751618 -0.00251337 -0.00074888 0.999999 0.00106283 0.00251408 -0.00106014 0.999997 0.0453335 0.00589139 0.156641
FixedParameters: 0 0 0

#Transform 126
Transform: AffineTransform_float_3_3
Parameters: 0.999997 0.000938718 -0.00237466 -0.000936523 0.999999 0.00100885 0.00237567 -0.00100628 0.999997 0.0418004 0.00517559 0.156962
FixedParameters: 0 0 0

#Transform 127
Transform: AffineTransform_float_3_3
Parameters: 0.999996 0.000834342 -0.002469 -0.000831093 0.999999 0.00100271 0.00246934 -0.00100046 0.999996 0.0439863 -0.00187335 0.164533
FixedParameters: 0 0 0

#Transform 128
Transform: AffineTransform_float_3_3
Parameters: 0.999997 0.000777432 -0.002293 -0.00077461 0.999999 0.00118073 0.00229395 -0.00117905 0.999997 0.0400134 -0.00135752 0.153287
FixedParameters: 0 0 0

#Transform 129
Transform: AffineTransform_float_3_3
Parameters: 0.999997 0.000723872 -0.00234121 -0.000720232 0.999999 0.00152582 0.00234292 -0.00152434 0.999996 0.0377271 -0.00884586 0.141515
FixedParameters: 0 0 0

#Transform 130
Transform: AffineTransform_float_3_3
Parameters: 0.999997 0.000834579 -0.00238877 -0.000831359 0.999999 0.00150158 0.00238989 -0.00149952 0.999996 0.0431648 -0.0107923 0.129239
FixedParameters: 0 0 0

#Transform 131
Transform: AffineTransform_float_3_3
Parameters: 0.999997 0.000838828 -0.00241777 -0.000834668 0.999999 0.00149324 0.00241843 -0.00149109 0.999996 0.044853 -0.00862648 0.133088
FixedParameters: 0 0 0

#Transform 132
Transform: AffineTransform_float_3_3
Parameters: 0.999997 0.000874638 -0.00240939 -0.000870905 0.999999 0.00140456 0.00241 -0.00140286 0.999997 0.0430838 -0.0170504 0.134006
FixedParameters: 0 0 0

#Transform 133
Transform: AffineTransform_float_3_3
Parameters: 0.999996 0.000875548 -0.00249401 -0.000871913 0.999999 0.00152165 0.00249528 -0.00151921 0.999996 0.0449396 -0.0148289 0.139639
FixedParameters: 0 0 0

#Transform 134
Transform: AffineTransform_float_3_3
Parameters: 0.999996 0.00085489 -0.0026292 -0.000850996 0.999998 0.00148421 0.00263039 -0.00148224 0.999995 0.0456247 -0.00953393 0.138417
FixedParameters: 0 0 0

#Transform 135
Transform: AffineTransform_float_3_3
Parameters: 0.999996 0.000894718 -0.0026378 -0.000890721 0.999998 0.00149914 0.00263913 -0.00149695 0.999995 0.0458287 -0.0052616 0.141265
FixedParameters: 0 0 0

#Transform 136
Transform: AffineTransform_float_3_3
Parameters: 0.999996 0.000968753 -0.00275588 -0.000964927 0.999998 0.00139944 0.00275722 -0.00139723 0.999995 0.0488735 -0.00557097 0.149972
FixedParameters: 0 0 0

#Transform 137
Transform: AffineTransform_float_3_3
Parameters: 0.999996 0.000889102 -0.00292935 -0.000884976 0.999998 0.00159842 0.00293038 -0.00159558 0.999995 0.0457174 -0.0127449 0.146334
FixedParameters: 0 0 0

#Transform 138
Transform: AffineTransform_float_3_3
Parameters: 0.999995 0.00114037 -0.00298747 -0.00113592 0.999998 0.00162031 0.00298934 -0.00161667 0.999994 0.0553949 -0.00589231 0.148484
FixedParameters: 0 0 0

#Transform 139
Transform: AffineTransform_float_3_3
Parameters: 0.999995 0.000814194 -0.0031052 -0.000808152 0.999998 0.00196293 0.00310697 -0.00196027 0.999993 0.05371 -0.015404 0.143464
FixedParameters: 0 0 0

#Transform 140
Transform: AffineTransform_float_3_3
Parameters: 0.999995 0.000843619 -0.00306242 -0.000836324 0.999997 0.00219329 0.00306468 -0.00219132 0.999993 0.0567345 -0.019964 0.12606
FixedParameters: 0 0 0

#Transform 141
Transform: AffineTransform_float_3_3
Parameters: 0.999994 0.00111096 -0.00308612 -0.00110405 0.999997 0.00218647 0.00308866 -0.00218283 0.999993 0.0576506 -0.0183496 0.149709
FixedParameters: 0 0 0

#Transform 142
Transform: AffineTransform_float_3_3
Parameters: 0.999995 0.000967426 -0.00305372 -0.000960188 0.999997 0.0021903 0.00305652 -0.00218759 0.999993 0.056431 -0.0269644 0.14811
FixedParameters: 0 0 0

#Transform 143
Transform: AffineTransform_float_3_3
Parameters: 0.999996 0.00104234 -0.00289724 -0.00103583 0.999997 0.00226457 0.00289965 -0.00226115 0.999993 0.0463558 -0.0276538 0.133551
FixedParameters: 0 0 0

#Transform 144
Transform: AffineTransform_float_3_3
Parameters: 0.999995 0.000935229 -0.00288511 -0.000928634 0.999997 0.00228755 0.00288701 -0.00228537 0.999993 0.0431792 -0.0359582 0.139216
FixedParameters: 0 0 0

#Transform 145
Transform: AffineTransform_float_3_3
Parameters: 0.999995 0.00097017 -0.00283876 -0.000963212 0.999996 0.00262821 0.00284098 -0.00262596 0.999993 0.0509225 -0.0353055 0.144668
FixedParameters: 0 0 0

#Transform 146
Transform: AffineTransform_float_3_3
Parameters: 0.999995 0.00107839 -0.00322233 -0.00106965 0.999996 0.00258631 0.00322512 -0.00258263 0.999991 0.0565148 -0.049414 0.106551
FixedParameters: 0 0 0

#Transform 147
Transform: AffineTransform_float_3_3
Parameters: 0.999995 0.00100812 -0.00306617 -0.00100173 0.999997 0.00218917 0.0030696 -0.0021862 0.999993 0.0493166 -0.0398922 0.130491
FixedParameters: 0 0 0

#Transform 148
Transform: AffineTransform_float_3_3
Parameters: 0.999995 0.00089021 -0.00297855 -0.000882911 0.999997 0.0023309 0.00298037 -0.00232882 0.999993 0.0478134 -0.0367081 0.117967
FixedParameters: 0 0 0

#Transform 149
Transform: AffineTransform_float_3_3
Parameters: 0.999994 0.000994661 -0.00311457 -0.000986265 0.999996 0.00261948 0.00311693 -0.00261715 0.999992 0.0497011 -0.0366878 0.1173
FixedParameters: 0 0 0

#Transform 150
Transform: AffineTransform_float_3_3
Parameters: 0.999994 0.00105421 -0.0033489 -0.00104622 0.999996 0.00257742 0.00335104 -0.00257346 0.999991 0.0588132 -0.0491734 0.106967
FixedParameters: 0 0 0

#Transform 151
Transform: AffineTransform_float_3_3
Parameters: 0.999993 0.00105134 -0.00345741 -0.00104174 0.999996 0.00266424 0.00346061 -0.00266086 0.99999 0.0571475 -0.0437114 0.122099
FixedParameters: 0 0 0

#Transform 152
Transform: AffineTransform_float_3_3
Parameters: 0.999993 0.00112492 -0.00365081 -0.00111404 0.999995 0.0027575 0.00365369 -0.002753 0.99999 0.0636182 -0.0350352 0.126658
FixedParameters: 0 0 0

#Transform 153
Transform: AffineTransform_float_3_3
Parameters: 0.999993 0.00119332 -0.00362606 -0.00118388 0.999996 0.002701 0.00362963 -0.00269608 0.99999 0.0625941 -0.042344 0.128012
FixedParameters: 0 0 0

#Transform 154
Transform: AffineTransform_float_3_3
Parameters: 0.999993 0.00118302 -0.00363649 -0.00117455 0.999996 0.00255669 0.00363973 -0.00255262 0.99999 0.0661677 -0.0284081 0.133933
FixedParameters: 0 0 0

#Transform 155
Transform: AffineTransform_float_3_3
Parameters: 0.999993 0.00105471 -0.00364401 -0.00104608 0.999996 0.00257313 0.00364663 -0.00256917 0.99999 0.0609754 -0.0334359 0.138844
FixedParameters: 0 0 0

#Transform 156
Transform: AffineTransform_float_3_3
Parameters: 0.999992 0.00110473 -0.00380927 -0.0010946 0.999995 0.00277184 0.00381301 -0.00276778 0.999989 0.0687884 -0.0382061 0.139584
FixedParameters: 0 0 0

#Transform 157
Transform: AffineTransform_float_3_3
Parameters: 0.999992 0.00108363 -0.00384423 -0.00107322 0.999996 0.00266803 0.00384718 -0.00266403 0.999989 0.0654692 -0.0381523 0.134678
FixedParameters: 0 0 0

#Transform 158
Transform: AffineTransform_float_3_3
Parameters: 0.999992 0.00114636 -0.00372204 -0.00113622 0.999995 0.00272256 0.0037254 -0.00271836 0.99999 0.0587005 -0.0317638 0.133962
FixedParameters: 0 0 0

#Transform 159
Transform: AffineTransform_float_3_3
Parameters: 0.999991 0.00125572 -0.00390363 -0.00124472 0.999996 0.00258941 0.00390685 -0.00258392 0.999989 0.0628977 -0.0336706 0.134084
FixedParameters: 0 0 0

#Transform 160
Transform: AffineTransform_float_3_3
Parameters: 0.999991 0.00118421 -0.00394131 -0.00117358 0.999995 0.00280006 0.00394459 -0.00279571 0.999989 0.0634889 -0.0401603 0.142748
FixedParameters: 0 0 0

#Transform 161
Transform: AffineTransform_float_3_3
Parameters: 0.99999 0.00113705 -0.00421682 -0.00112451 0.999995 0.00284535 0.00421994 -0.00283995 0.999987 0.0707495 -0.0381519 0.157199
FixedParameters: 0 0 0

#Transform 162
Transform: AffineTransform_float_3_3
Parameters: 0.999991 0.00112748 -0.00411933 -0.00111635 0.999995 0.00284595 0.0041229 -0.00284167 0.999987 0.0658687 -0.0306126 0.159163
FixedParameters: 0 0 0

#Transform 163
Transform: AffineTransform_float_3_3
Parameters: 0.999991 0.00113734 -0.0041287 -0.00112526 0.999995 0.00284566 0.00413187 -0.00284126 0.999987 0.0674414 -0.0395933 0.155218
FixedParameters: 0 0 0

#Transform 164
Transform: AffineTransform_float_3_3
Parameters: 0.99999 0.00117198 -0.00416549 -0.00115999 0.999996 0.00291956 0.00416942 -0.00291481 0.999987 0.0717306 -0.0428682 0.14403
FixedParameters: 0 0 0

#Transform 165
Transform: AffineTransform_float_3_3
Parameters: 0.99999 0.00113829 -0.00420643 -0.00112453 0.999995 0.00326216 0.00421044 -0.00325764 0.999986 0.071995 -0.0460405 0.143046
FixedParameters: 0 0 0

#Transform 166
Transform: AffineTransform_float_3_3
Parameters: 0.999991 0.00103483 -0.00413546 -0.0010221 0.999994 0.00319456 0.00413866 -0.00319025 0.999987 0.0666398 -0.044186 0.147663
FixedParameters: 0 0 0

#Transform 167
Transform: AffineTransform_float_3_3
Parameters: 0.999989 0.0011546 -0.00447569 -0.00114234 0.999996 0.00284257 0.00447984 -0.00283786 0.999986 0.0771938 -0.0379317 0.161226
FixedParameters: 0 0 0

#Transform 168
Transform: AffineTransform_float_3_3
Parameters: 0.999988 0.00118281 -0.00466998 -0.00116955 0.999995 0.00292594 0.00467267 -0.00292038 0.999985 0.0749862 -0.0353623 0.18317
FixedParameters: 0 0 0

#Transform 169
Transform: AffineTransform_float_3_3
Parameters: 0.999989 0.00123336 -0.00451261 -0.00122 0.999996 0.00284045 0.0045168 -0.00283493 0.999985 0.0707994 -0.0335116 0.198154
FixedParameters: 0 0 0

#Transform 170
Transform: AffineTransform_float_3_3
Parameters: 0.999988 0.00134995 -0.00474142 -0.00133574 0.999994 0.00312178 0.00474515 -0.0031151 0.999984 0.0854061 -0.0368122 0.192013
FixedParameters: 0 0 0

#Transform 171
Transform: AffineTransform_float_3_3
Parameters: 0.999989 0.00133099 -0.00466788 -0.00131544 0.999994 0.00331531 0.00467202 -0.00330921 0.999983 0.0830844 -0.0500033 0.175288
FixedParameters: 0 0 0

#Transform 172
Transform: AffineTransform_float_3_3
Parameters: 0.999988 0.0013292 -0.00466557 -0.00131327 0.999993 0.00335659 0.00466974 -0.00335112 0.999983 0.0817088 -0.0493494 0.174141
FixedParameters: 0 0 0

#Transform 173
Transform: AffineTransform_float_3_3
Parameters: 0.999987 0.00127326 -0.00486515 -0.0012564 0.999993 0.00340768 0.00486951 -0.00340144 0.999982 0.0846604 -0.0459299 0.186298
FixedParameters: 0 0 0

#Transform 174
Transform: AffineTransform_float_3_3
Parameters: 0.999988 0.00130801 -0.00479408 -0.00129148 0.999993 0.00342346 0.00479872 -0.00341707 0.999983 0.0787056 -0.0476814 0.177725
FixedParameters: 0 0 0

#Transform 175
Transform: AffineTransform_float_3_3
Parameters: 0.999986 0.00130896 -0.00511821 -0.00129231 0.999993 0.00330055 0.00512301 -0.00329373 0.999982 0.0892102 -0.0479056 0.185574
FixedParameters: 0 0 0

#Transform 176
Transform: AffineTransform_float_3_3
Parameters: 0.999986 0.00133208 -0.00506104 -0.0013161 0.999995 0.00309682 0.00506457 -0.00309007 0.999982 0.0848548 -0.0402307 0.199145
FixedParameters: 0 0 0

#Transform 177
Transform: AffineTransform_float_3_3
Parameters: 0.999986 0.00125914 -0.00506946 -0.00124352 0.999994 0.00323144 0.00507378 -0.00322544 0.999982 0.0844881 -0.0410219 0.208063
FixedParameters: 0 0 0

#Transform 178
Transform: AffineTransform_float_3_3
Parameters: 0.999987 0.00107931 -0.00502565 -0.0010637 0.999994 0.00312626 0.00502903 -0.00312134 0.999982 0.082387 -0.0329955 0.213183
FixedParameters: 0 0 0

#Transform 179
Transform: AffineTransform_float_3_3
Parameters: 0.999985 0.00134879 -0.00522517 -0.00133205 0.999994 0.00315674 0.0052294 -0.0031492 0.999982 0.0892137 -0.0439155 0.195233
FixedParameters: 0 0 0

#Transform 180
Transform: AffineTransform_float_3_3
Parameters: 0.999986 0.00133747 -0.00515137 -0.00132062 0.999994 0.00343007 0.00515627 -0.00342312 0.99998 0.0873584 -0.0497901 0.195915
FixedParameters: 0 0 0

#Transform 181
Transform: AffineTransform_float_3_3
Parameters: 0.999984 0.00132122 -0.00543499 -0.00130416 0.999994 0.00326508 0.00543931 -0.00325854 0.99998 0.0939667 -0.040501 0.207715
FixedParameters: 0 0 0

#Transform 182
Transform: AffineTransform_float_3_3
Parameters: 0.999985 0.00138174 -0.00519641 -0.00136317 0.999993 0.00348036 0.00520123 -0.00347261 0.999981 0.0953151 -0.0502992 0.197541
FixedParameters: 0 0 0

#Transform 183
Transform: AffineTransform_float_3_3
Parameters: 0.999984 0.00135645 -0.00540479 -0.00133859 0.999993 0.00335938 0.0054096 -0.00335195 0.99998 0.09522 -0.0363034 0.212427
FixedParameters: 0 0 0

#Transform 184
Transform: AffineTransform_float_3_3
Parameters: 0.999985 0.00133403 -0.00529499 -0.00131694 0.999994 0.00327214 0.00529904 -0.00326542 0.99998 0.0902961 -0.0390901 0.216059
FixedParameters: 0 0 0

#Transform 185
Transform: AffineTransform_float_3_3
Parameters: 0.999985 0.00130999 -0.00534235 -0.00129316 0.999994 0.00325748 0.00534753 -0.00325149 0.99998 0.0912232 -0.0395174 0.220979
FixedParameters: 0 0 0

#Transform 186
Transform: AffineTransform_float_3_3
Parameters: 0.999985 0.00129655 -0.00538727 -0.00127824 0.999993 0.00349771 0.0053925 -0.0034904 0.999979 0.0886379 -0.0478825 0.203129
FixedParameters: 0 0 0

#Transform 187
Transform: AffineTransform_float_3_3
Parameters: 0.999986 0.0014059 -0.00516692 -0.00138826 0.999993 0.00349643 0.00517247 -0.00348873 0.99998 0.0881032 -0.0504092 0.192156
FixedParameters: 0 0 0

#Transform 188
Transform: AffineTransform_float_3_3
Parameters: 0.999984 0.00144866 -0.00542485 -0.0014292 0.999993 0.00349383 0.00543066 -0.00348615 0.999979 0.0916736 -0.051798 0.196432
FixedParameters: 0 0 0

#Transform 189
Transform: AffineTransform_float_3_3
Parameters: 0.999984 0.0014766 -0.00536771 -0.00145714 0.999992 0.00357269 0.00537305 -0.00356489 0.999979 0.0928314 -0.0548949 0.187936
FixedParameters: 0 0 0
