#Insight Transform File V1.0
#Transform 0
Transform: AffineTransform_float_3_3
Parameters: 0.999998 0.0021781 -3.52503e-05 -0.00217809 0.999991 0.00373146 4.33448e-05 -0.00373073 0.999992 -0.0725202 -0.0502665 0.0257826
FixedParameters: 0 0 0

#Transform 1
Transform: AffineTransform_float_3_3
Parameters: 0.999997 0.00229235 5.97176e-05 -0.00229228 0.999991 0.00374515 -5.12244e-05 -0.00374578 0.999993 -0.0730318 -0.054097 0.0239745
FixedParameters: 0 0 0

#Transform 2
Transform: AffineTransform_float_3_3
Parameters: 0.999997 0.00226753 6.97896e-05 -0.00226756 0.99999 0.00390104 -6.09023e-05 -0.00390116 0.999993 -0.0779927 -0.0480472 0.0254793
FixedParameters: 0 0 0

#Transform 3
Transform: AffineTransform_float_3_3
Parameters: 0.999997 0.00253439 -5.81988e-05 -0.00253411 0.999994 0.00267769 6.53377e-05 -0.00267763 0.999997 -0.0696576 -0.0447915 0.0353856
FixedParameters: 0 0 0

#Transform 4
Transform: AffineTransform_float_3_3
Parameters: 0.999996 0.00309063 -0.000199348 -0.00309058 0.999995 0.000871888 0.000202877 -0.000871172 1 -0.0923996 -0.0101619 -0.0171138
FixedParameters: 0 0 0

#Transform 5
Transform: AffineTransform_float_3_3
Parameters: 0.999996 0.00306237 0.000328292 -0.00306249 0.999994 0.00125617 -0.000324546 -0.00125657 0.999999 -0.113871 -0.0171161 0.0487547
FixedParameters: 0 0 0

#Transform 6
Transform: AffineTransform_float_3_3
Parameters: 0.999997 0.00237824 -0.000288677 -0.00237756 0.999997 0.000736115 0.000291012 -0.000734631 0.999999 -0.0770071 -0.0342198 0.0639172
FixedParameters: 0 0 0

#Transform 7
Transform: AffineTransform_float_3_3
Parameters: 0.999997 0.0021866 -7.54998e-05 -0.00218605 0.999997 0.0015065 7.93824e-05 -0.00150652 0.999999 -0.0768018 -0.033829 0.0545228
FixedParameters: 0 0 0

#Transform 8
Transform: AffineTransform_float_3_3
Parameters: 0.999997 0.00220426 5.11293e-05 -0.00220401 0.999996 0.00202602 -4.63593e-05 -0.00202669 0.999998 -0.0885743 -0.0379302 0.0583069
FixedParameters: 0 0 0

#Transform 9
Transform: AffineTransform_float_3_3
Parameters: 0.999998 0.00213902 -3.65711e-06 -0.00213917 0.999997 0.00128496 5.58567e-06 -0.00128445 0.999999 -0.0761126 -0.052644 0.0759455
FixedParameters: 0 0 0

#Transform 10
Transform: AffineTransform_float_3_3
Parameters: 0.999999 0.00186024 9.18481e-05 -0.00186012 0.999997 0.00148772 -8.906e-05 -0.00148749 0.999999 -0.0733072 -0.0252342 0.0597535
FixedParameters: 0 0 0

#Transform 11
Transform: AffineTransform_float_3_3
Parameters: 0.999999 0.00142904 0.000197746 -0.00142942 0.999997 0.00176258 -0.000195538 -0.00176295 0.999998 -0.06123 -0.0226687 0.0446666
FixedParameters: 0 0 0

#Transform 12
Transform: AffineTransform_float_3_3
Parameters: 0.999999 0.00132537 -5.77493e-05 -0.0013257 0.999998 0.00149811 5.94504e-05 -0.00149775 0.999999 -0.0474608 -0.0227261 0.0450872
FixedParameters: 0 0 0

#Transform 13
Transform: AffineTransform_float_3_3
Parameters: 0.999999 0.00146111 1.20679e-05 -0.00146149 0.999999 0.000888874 -1.16648e-05 -0.000888705 1 -0.0576617 -0.0163082 0.0357144
FixedParameters: 0 0 0

#Transform 14
Transform: AffineTransform_float_3_3
Parameters: 0.999999 0.00171156 -2.856e-06 -0.00171122 0.999998 0.000494154 3.24925e-06 -0.000493856 1 -0.0536892 -0.0436004 0.0758685
FixedParameters: 0 0 0

#Transform 15
Transform: AffineTransform_float_3_3
Parameters: 0.999999 0.00134553 0.000141771 -0.00134558 0.999999 0.000847085 -0.000140865 -0.000847183 1 -0.0593607 -0.0182015 0.0537275
FixedParameters: 0 0 0

#Transform 16
Transform: AffineTransform_float_3_3
Parameters: 0.999999 0.00128687 9.87712e-05 -0.00128706 0.999999 0.000553437 -9.73376e-05 -0.00055332 1 -0.0514711 -0.0211969 0.0386212
FixedParameters: 0 0 0

#Transform 17
Transform: AffineTransform_float_3_3
Parameters: 1 0.00044392 -0.000254449 -0.00044361 0.999999 0.000608347 0.000254988 -0.000608121 1 0.000221891 -0.0294985 0.0179945
FixedParameters: 0 0 0

#Transform 18
Transform: AffineTransform_float_3_3
Parameters: 1 -0.000345071 -6.99753e-05 0.00034517 0.999999 0.000715439 6.94814e-05 -0.000715488 0.999999 0.0274722 -0.0163553 0.0174501
FixedParameters: 0 0 0

#Transform 19
Transform: AffineTransform_float_3_3
Parameters: 1 0.00030408 -0.000326262 -0.000304544 0.999999 -0.000712603 0.000325828 0.000712802 0.999999 0.00379271 -0.0323362 0.034887
FixedParameters: 0 0 0

#Transform 20
Transform: AffineTransform_float_3_3
Parameters: 1 0.00046786 -0.000289948 -0.000468019 1 -0.000273825 0.000289692 0.000274096 1 0.00368911 -0.021006 -0.00184955
FixedParameters: 0 0 0

#Transform 21
Transform: AffineTransform_float_3_3
Parameters: 1 0.000158239 -0.000381112 -0.00015863 1 -0.00051334 0.000380949 0.000513461 1 0.00306439 -0.0109743 0.0127386
FixedParameters: 0 0 0

#Transform 22
Transform: AffineTransform_float_3_3
Parameters: 1 0.0003121 -0.000595574 -0.000312226 1 -0.000105806 0.000595507 0.000106177 1 0.0082942 0.000879099 0.0271136
FixedParameters: 0 0 0

#Transform 23
Transform: AffineTransform_float_3_3
Parameters: 1 -0.000416329 2.93674e-05 0.00041637 0.999999 -0.00071244 -2.87742e-05 0.000712464 0.999999 0.0177489 0.0255244 -0.00348829
FixedParameters: 0 0 0

#Transform 24
Transform: AffineTransform_float_3_3
Parameters: 1 0.000399416 -0.000147898 -0.000399375 1 0.000137973 0.000148008 -0.000137854 1 -0.00352948 -0.0363002 0.0629593
FixedParameters: 0 0 0

#Transform 25
Transform: AffineTransform_float_3_3
Parameters: 1 0.000317132 -0.000226912 -0.000316876 1 0.000562905 0.000227269 -0.000562761 1 -0.00333458 -0.0192855 0.0448875
FixedParameters: 0 0 0

#Transform 26
Transform: AffineTransform_float_3_3
Parameters: 1 0.000327937 -0.000190528 -0.000327714 1 0.000586114 0.000190912 -0.000585989 1 0.0135882 -0.0304308 0.0075647
FixedParameters: 0 0 0

#Transform 27
Transform: AffineTransform_float_3_3
Parameters: 1 -0.000149172 -3.34172e-05 0.000149223 0.999999 0.000766755 3.31884e-05 -0.000766765 0.999999 0.0250894 -0.0227437 -0.0113379
FixedParameters: 0 0 0

#Transform 28
Transform: AffineTransform_float_3_3
Parameters: 1 -0.000469139 -0.000255861 0.00046944 0.999999 0.000589596 0.000255308 -0.000589836 1 0.0267341 -0.00643112 -0.0226418
FixedParameters: 0 0 0

#Transform 29
Transform: AffineTransform_float_3_3
Parameters: 1 -0.000307666 0.000168997 0.000307784 1 -0.000348537 -0.000168783 0.000348641 1 0.017907 0.00616918 -0.0462819
FixedParameters: 0 0 0

#Transform 30
Transform: AffineTransform_float_3_3
Parameters: 1 0.000208325 -0.000260665 -0.000207923 1 -0.000286037 0.000261367 0.000286224 1 0.0264524 -0.0397987 -0.00423033
FixedParameters: 0 0 0

#Transform 31
Transform: AffineTransform_float_3_3
Parameters: 1 -0.00016265 -8.93297e-05 0.000162704 1 0.000301843 8.92315e-05 -0.000301872 1 0.0275492 0.00486952 -0.0460788
FixedParameters: 0 0 0

#Transform 32
Transform: AffineTransform_float_3_3
Parameters: 1 -0.000232774 -7.98366e-05 0.000232785 1 7.24286e-05 7.98029e-05 -7.24657e-05 1 0.0250388 0.0117987 -0.0632004
FixedParameters: 0 0 0

#Transform 33
Transform: AffineTransform_float_3_3
Parameters: 1 -2.95898e-05 -9.72909e-05 2.96058e-05 1 8.25497e-05 9.7286e-05 -8.25555e-05 1 0.0219978 0.00205669 -0.0886112
FixedParameters: 0 0 0

#Transform 34
Transform: AffineTransform_float_3_3
Parameters: 1 -0.000216589 3.90402e-05 0.000216578 1 0.000143418 -3.91024e-05 -0.000143401 1 0.0191139 0.0188811 -0.0817202
FixedParameters: 0 0 0

#Transform 35
Transform: AffineTransform_float_3_3
Parameters: 1 -0.000114663 -0.000109785 0.000114646 1 -7.76256e-05 0.000109802 7.76004e-05 1 0.0322749 0.0205485 -0.0753063
FixedParameters: 0 0 0

#Transform 36
Transform: AffineTransform_float_3_3
Parameters: 1 -0.000428865 0.000189227 0.000428881 1 -4.45204e-05 -0.000189189 4.46827e-05 1 0.0273443 0.0285125 -0.067335
FixedParameters: 0 0 0

#Transform 37
Transform: AffineTransform_float_3_3
Parameters: 1 -0.000189757 2.11552e-05 0.000189773 1 -0.000376525 -2.10123e-05 0.000376533 1 0.0392394 0.0159373 -0.0560475
FixedParameters: 0 0 0

#Transform 38
Transform: AffineTransform_float_3_3
Parameters: 1 -0.000410117 0.000177772 0.000410133 1 -4.60484e-05 -0.000177735 4.61942e-05 1 0.021692 0.0197767 -0.055819
FixedParameters: 0 0 0

#Transform 39
Transform: AffineTransform_float_3_3
Parameters: 1 -0.000310758 0.000170532 0.000310936 1 -0.000523873 -0.000170206 0.000523979 1 0.030716 0.0171292 -0.0324873
FixedParameters: 0 0 0

#Transform 40
Transform: AffineTransform_float_3_3
Parameters: 1 -2.04086e-05 -2.0971e-05 2.03913e-05 1 -0.000412015 2.09878e-05 0.000412014 1 0.0319192 0.00510957 -0.0327396
FixedParameters: 0 0 0

#Transform 41
Transform: AffineTransform_float_3_3
Parameters: 1 -0.000115196 5.36744e-05 0.000115235 1 -0.000370041 -5.35891e-05 0.000370053 1 0.0284396 0.0170001 -0.0472253
FixedParameters: 0 0 0

#Transform 42
Transform: AffineTransform_float_3_3
Parameters: 1 -0.000119976 -1.72503e-05 0.000120784 1 -0.000388879 1.67829e-05 0.000388867 1 0.0307725 0.0105501 -0.041734
FixedParameters: 0 0 0

#Transform 43
Transform: AffineTransform_float_3_3
Parameters: 1 -0.000335274 4.79371e-05 0.000335299 1 -0.000252723 -4.77676e-05 0.000252755 1 0.0359465 0.0212955 -0.0382214
FixedParameters: 0 0 0

#Transform 44
Transform: AffineTransform_float_3_3
Parameters: 1 -8.31694e-05 4.32442e-05 8.32022e-05 1 -0.000380021 -4.3181e-05 0.000380028 1 0.0294831 0.00806822 -0.0406651
FixedParameters: 0 0 0

#Transform 45
Transform: AffineTransform_float_3_3
Parameters: 1 -0.00031888 0.000146981 0.000319065 1 -0.000630568 -0.000146579 0.000630661 1 0.0223206 0.0436614 -0.0357044
FixedParameters: 0 0 0

#Transform 46
Transform: AffineTransform_float_3_3
Parameters: 1 -0.000393724 0.000165615 0.000394106 0.999998 -0.00157946 -0.000164446 0.00157958 0.999998 0.0199044 0.0540283 -0.0357942
FixedParameters: 0 0 0

#Transform 47
Transform: AffineTransform_float_3_3
Parameters: 1 -0.000403938 9.1088e-05 0.000403485 0.999997 -0.00208298 -9.03786e-05 0.00208296 0.999998 0.0188555 0.0592994 -0.0267251
FixedParameters: 0 0 0

#Transform 48
Transform: AffineTransform_float_3_3
Parameters: 1 -0.000458257 -3.51294e-05 0.000457842 0.999998 -0.00187416 3.66952e-05 0.00187412 0.999998 0.0231509 0.0431765 -0.0297485
FixedParameters: 0 0 0

#Transform 49
Transform: AffineTransform_float_3_3
Parameters: 1 -0.000195345 -0.000385401 0.000194591 0.999998 -0.00175991 0.000385334 0.00176067 0.999998 0.0410638 -0.00892099 0.0156538
FixedParameters: 0 0 0

#Transform 50
Transform: AffineTransform_float_3_3
Parameters: 1 -0.00018582 -0.000326398 0.000185272 0.999998 -0.00176211 0.000326298 0.0017629 0.999998 0.0404986 0.0100901 0.0162484
FixedParameters: 0 0 0

#Transform 51
Transform: AffineTransform_float_3_3
Parameters: 1 -0.000259781 -0.000236893 0.00025893 0.999999 -0.00149767 0.000237594 0.00149754 0.999999 0.0410635 0.0275582 0.0121685
FixedParameters: 0 0 0

#Transform 52
Transform: AffineTransform_float_3_3
Parameters: 1 -0.00019836 -2.3231e-05 0.000198161 0.999999 -0.00125514 2.36532e-05 0.00125513 0.999999 0.0295969 0.0300586 -0.00186093
FixedParameters: 0 0 0

#Transform 53
Transform: AffineTransform_float_3_3
Parameters: 1 -0.000379202 -0.000308913 0.000378885 0.999998 -0.00161462 0.0003095 0.00161437 0.999998 0.0477798 -2.16981e-05 0.0130649
FixedParameters: 0 0 0

#Transform 54
Transform: AffineTransform_float_3_3
Parameters: 1 -0.000416223 -0.000232417 0.000415711 0.999999 -0.00138109 0.000232108 0.00138081 0.999999 0.0378524 0.0218754 0.0207535
FixedParameters: 0 0 0

#Transform 55
Transform: AffineTransform_float_3_3
Parameters: 1 -0.000362037 -0.000380012 0.000361533 0.999998 -0.00155911 0.000380503 0.00155882 0.999998 0.0448785 -0.00968131 0.0409032
FixedParameters: 0 0 0

#Transform 56
Transform: AffineTransform_float_3_3
Parameters: 1 -0.00052682 -0.000225584 0.000526099 0.999999 -0.00128516 0.000226861 0.00128491 0.999999 0.0458015 0.0034544 0.0238117
FixedParameters: 0 0 0

#Transform 57
Transform: AffineTransform_float_3_3
Parameters: 0.999999 -0.000544956 -0.000467777 0.00054444 0.999999 -0.00127857 0.000468533 0.00127805 0.999999 0.0589852 -0.0175328 0.0235488
FixedParameters: 0 0 0

#Transform 58
Transform: AffineTransform_float_3_3
Parameters: 1 -0.000624735 -0.000425767 0.000623249 0.999999 -0.00100431 0.000426083 0.00100462 0.999999 0.0573694 -0.0275694 0.0179106
FixedParameters: 0 0 0

#Transform 59
Transform: AffineTransform_float_3_3
Parameters: 1 -0.000537885 -0.000323688 0.000537477 0.999999 -0.000630563 0.000324366 0.000630215 0.999999 0.0581219 -0.0311787 0.0141238
FixedParameters: 0 0 0

#Transform 60
Transform: AffineTransform_float_3_3
Parameters: 1 -0.000334126 -0.000230462 0.0003346 0.999999 -0.000752993 0.000230405 0.000752831 0.999999 0.0533775 -0.0353957 0.0334276
FixedParameters: 0 0 0

#Transform 61
Transform: AffineTransform_float_3_3
Parameters: 1 -0.000419103 -0.000406649 0.000419223 1 0.000147632 0.000406525 -0.000147973 1 0.0550346 -0.0299649 0.041643
FixedParameters: 0 0 0

#Transform 62
Transform: AffineTransform_float_3_3
Parameters: 1 -0.000150355 -0.000601319 0.000149698 0.999999 -0.000612276 0.000601493 0.000611726 1 0.0652814 -0.019792 0.0111072
FixedParameters: 0 0 0

#Transform 63
Transform: AffineTransform_float_3_3
Parameters: 1 -0.00029688 -0.000557096 0.000296343 1 -0.000482596 0.000557382 0.000482266 0.999999 0.0564643 -0.0158977 0.0211219
FixedParameters: 0 0 0

#Transform 64
Transform: AffineTransform_float_3_3
Parameters: 0.999999 -0.000409762 -0.00073102 0.000409788 1 0.00063338 0.000730945 -0.000633048 1 0.0644582 -0.0150182 -0.0102018
FixedParameters: 0 0 0

#Transform 65
Transform: AffineTransform_float_3_3
Parameters: 0.999999 0.000392411 -0.000717535 -0.000392532 1 -0.000998579 0.000717053 0.000998284 0.999999 0.0470629 0.00664274 -0.0282174
FixedParameters: 0 0 0

#Transform 66
Transform: AffineTransform_float_3_3
Parameters: 1 -5.40326e-05 -0.00054837 5.35638e-05 0.999999 -0.000499781 0.000548415 0.000499352 1 0.0602039 0.0196828 -0.0641304
FixedParameters: 0 0 0

#Transform 67
Transform: AffineTransform_float_3_3
Parameters: 1 -0.000244137 -0.000593998 0.000244123 1 -0.000703849 0.00059378 0.00070355 0.999999 0.0734329 0.00689387 -0.0568363
FixedParameters: 0 0 0

#Transform 68
Transform: AffineTransform_float_3_3
Parameters: 1 -0.000207782 -0.00045517 0.000207236 1 -0.000599115 0.000455419 0.000598926 0.999999 0.0622596 0.0154478 -0.0638117
FixedParameters: 0 0 0

#Transform 69
Transform: AffineTransform_float_3_3
Parameters: 1 -0.000155938 -0.000426188 0.000155495 1 -0.000519758 0.00042635 0.000519625 1 0.0590233 0.0191746 -0.0600857
FixedParameters: 0 0 0

#Transform 70
Transform: AffineTransform_float_3_3
Parameters: 1 -0.000148937 -0.000545244 0.000148176 0.999999 -0.000697975 0.000545451 0.000697813 0.999999 0.0629923 0.00211668 -0.0545979
FixedParameters: 0 0 0

#Transform 71
Transform: AffineTransform_float_3_3
Parameters: 0.999999 -0.000411024 -0.000589533 0.000411858 1 -0.000457497 0.000590169 0.000457083 0.999999 0.0628857 0.0245145 -0.0540803
FixedParameters: 0 0 0

#Transform 72
Transform: AffineTransform_float_3_3
Parameters: 0.999999 -0.00039219 -0.000651267 0.000391503 1 -0.000526836 0.000651679 0.000526325 0.999999 0.068202 0.0034702 -0.0554668
FixedParameters: 0 0 0

#Transform 73
Transform: AffineTransform_float_3_3
Parameters: 0.999999 -0.000277972 -0.00077837 0.000277207 0.999999 -0.000967985 0.000778229 0.000968467 0.999999 0.072355 0.0198881 -0.0460915
FixedParameters: 0 0 0

#Transform 74
Transform: AffineTransform_float_3_3
Parameters: 0.999999 -0.000273427 -0.000818869 0.000271938 0.999999 -0.00132563 0.000818955 0.00132517 0.999999 0.0733728 0.0165318 -0.0110014
FixedParameters: 0 0 0

#Transform 75
Transform: AffineTransform_float_3_3
Parameters: 0.999999 -0.00053007 -0.000592049 0.000529598 1 -0.000973939 0.000592445 0.000973298 1 0.0702667 0.0237051 -0.0254451
FixedParameters: 0 0 0

#Transform 76
Transform: AffineTransform_float_3_3
Parameters: 0.999999 -0.000332596 -0.000717588 0.000331754 0.999999 -0.00144466 0.000718732 0.00144425 0.999998 0.0701654 0.013464 -0.00561071
FixedParameters: 0 0 0

#Transform 77
Transform: AffineTransform_float_3_3
Parameters: 0.999999 -0.000468228 -0.000512778 0.000467792 1 -0.00108901 0.00051316 0.00108851 1 0.0631154 0.0175689 -0.0387706
FixedParameters: 0 0 0

#Transform 78
Transform: AffineTransform_float_3_3
Parameters: 0.999999 -0.00046201 -0.000637879 0.000461089 0.999999 -0.00125563 0.000638401 0.00125503 0.999999 0.072928 0.0109129 -0.0181779
FixedParameters: 0 0 0

#Transform 79
Transform: AffineTransform_float_3_3
Parameters: 1 -0.000397946 -0.000260703 0.000396822 0.999999 -0.000946945 0.000260517 0.000947581 1 0.0559282 0.0220864 -0.0465387
FixedParameters: 0 0 0

#Transform 80
Transform: AffineTransform_float_3_3
Parameters: 1 -0.000243275 -0.000601106 0.000242499 1 -0.00121203 0.000601058 0.00121172 0.999999 0.0692156 0.00623028 -0.0527112
FixedParameters: 0 0 0

#Transform 81
Transform: AffineTransform_float_3_3
Parameters: 1 -0.000169882 -0.000347633 0.000170133 0.999999 -0.00082064 0.000347351 0.000820514 0.999999 0.049829 0.0142797 -0.0588929
FixedParameters: 0 0 0

#Transform 82
Transform: AffineTransform_float_3_3
Parameters: 1 -0.000295345 -0.0004377 0.000295518 0.999999 -0.000741034 0.000437577 0.000740767 0.999999 0.0586632 0.0108013 -0.0619075
FixedParameters: 0 0 0

#Transform 83
Transform: AffineTransform_float_3_3
Parameters: 1 -0.000295358 -0.000491536 0.000295277 1 -0.000837682 0.000491353 0.000838306 1 0.0680741 0.0124717 -0.067377
FixedParameters: 0 0 0

#Transform 84
Transform: AffineTransform_float_3_3
Parameters: 1 -6.9049e-05 -0.00042069 6.92649e-05 1 -0.000720237 0.000420229 0.00072017 0.999999 0.0824828 0.0165771 -0.0848416
FixedParameters: 0 0 0

#Transform 85
Transform: AffineTransform_float_3_3
Parameters: 1 -0.000122444 -0.000215356 0.00012222 1 -0.000521181 0.000215484 0.000521128 1 0.0598531 0.0307143 -0.0813525
FixedParameters: 0 0 0

#Transform 86
Transform: AffineTransform_float_3_3
Parameters: 1 -0.00012158 -0.000302791 0.000121261 1 -0.000527386 0.000302919 0.000527312 1 0.0772748 0.0127702 -0.0838826
FixedParameters: 0 0 0

#Transform 87
Transform: AffineTransform_float_3_3
Parameters: 1 -0.000104128 -0.000303733 0.000103807 1 -0.00052811 0.000303843 0.000528047 1 0.0677424 0.0110147 -0.0709992
FixedParameters: 0 0 0

#Transform 88
Transform: AffineTransform_float_3_3
Parameters: 1 -0.000146924 -0.000311019 0.000146698 1 -0.000363487 0.000311126 0.000363395 1 0.0756767 0.014466 -0.0819239
FixedParameters: 0 0 0

#Transform 89
Transform: AffineTransform_float_3_3
Parameters: 1 6.92695e-05 -0.000344965 -6.96403e-05 1 -0.000537546 0.000344891 0.000537594 1 0.066203 0.0097125 -0.0656485
FixedParameters: 0 0 0

#Transform 90
Transform: AffineTransform_float_3_3
Parameters: 1 -0.000254025 -0.000268741 0.000253746 1 -0.000519987 0.000269005 0.00051985 1 0.072785 0.00841555 -0.0387781
FixedParameters: 0 0 0

#Transform 91
Transform: AffineTransform_float_3_3
Parameters: 0.999999 -0.000323982 -0.000696064 0.000325124 0.999999 0.000877474 0.000695378 -0.000877002 0.999999 0.0770008 -0.0348303 -0.00129134
FixedParameters: 0 0 0

#Transform 92
Transform: AffineTransform_float_3_3
Parameters: 1 0.000164887 -0.000632751 -0.0001647 1 -0.000287481 0.000633477 0.000287769 1 0.0787571 -0.0290802 -0.0348603
FixedParameters: 0 0 0

#Transform 93
Transform: AffineTransform_float_3_3
Parameters: 1 -7.65102e-05 -0.000464432 7.6446e-05 0.999999 0.000814834 0.000464869 -0.000814897 0.999999 0.0649248 -0.00238363 -0.0332365
FixedParameters: 0 0 0

#Transform 94
Transform: AffineTransform_float_3_3
Parameters: 0.999999 0.000611357 -0.000438789 -0.00061163 1 -0.000870915 0.000438587 0.000870603 0.999999 0.0518863 0.0118003 -0.0355922
FixedParameters: 0 0 0

#Transform 95
Transform: AffineTransform_float_3_3
Parameters: 0.999999 0.000693923 -0.000567652 -0.000694544 0.999999 -0.000980313 0.000567153 0.000980252 0.999999 0.0612715 0.00436622 -0.0501024
FixedParameters: 0 0 0

#Transform 96
Transform: AffineTransform_float_3_3
Parameters: 1 0.00020638 -0.000133477 -0.0002065 1 -0.0004506 0.00013329 0.000450655 1 0.061878 0.0234033 -0.058321
FixedParameters: 0 0 0

#Transform 97
Transform: AffineTransform_float_3_3
Parameters: 1 6.91052e-05 -0.000183395 -6.92268e-05 1 -0.000331544 0.000183349 0.000331569 1 0.0625616 0.0077338 -0.0666175
FixedParameters: 0 0 0

#Transform 98
Transform: AffineTransform_float_3_3
Parameters: 1 0.000268411 -0.000194211 -0.000268667 0.999999 -0.000659856 0.000193857 0.00065996 1 0.0623212 0.0060678 -0.0797213
FixedParameters: 0 0 0

#Transform 99
Transform: AffineTransform_float_3_3
Parameters: 1 -0.000159684 -0.000133625 0.000159562 1 -0.000456818 0.000133771 0.000456775 1 0.0551566 0.0143935 -0.0617323
FixedParameters: 0 0 0

#Transform 100
Transform: AffineTransform_float_3_3
Parameters: 1 6.75924e-05 -0.00040007 -6.7636e-05 0.999999 -0.000742986 0.000400791 0.00074312 0.999999 0.0657861 0.0118558 -0.0606505
FixedParameters: 0 0 0

#Transform 101
Transform: AffineTransform_float_3_3
Parameters: 1 -3.94493e-05 -0.000132162 3.93232e-05 1 -0.000477317 0.000132199 0.000477307 1 0.0565869 0.0113079 -0.0666898
FixedParameters: 0 0 0

#Transform 102
Transform: AffineTransform_float_3_3
Parameters: 1 -0.000164846 -0.000446546 0.000165025 1 -0.00117893 0.00044712 0.00117885 0.999999 0.0661819 0.0467371 -0.122663
FixedParameters: 0 0 0

#Transform 103
Transform: AffineTransform_float_3_3
Parameters: 0.999999 -0.000518509 -0.000662173 0.000518049 0.999999 -0.000907652 0.000662435 0.00090788 0.999999 0.0739334 0.00874775 -0.0611386
FixedParameters: 0 0 0

#Transform 104
Transform: AffineTransform_float_3_3
Parameters: 0.999999 -0.000466269 -0.000557364 0.000465698 1 -0.00112335 0.000557774 0.00112281 0.999999 0.0805396 0.0162631 -0.0379169
FixedParameters: 0 0 0

#Transform 105
Transform: AffineTransform_float_3_3
Parameters: 0.999999 -0.000552124 -0.000520477 0.000552199 1 -0.000641283 0.000520633 0.00064107 0.999999 0.0799291 0.0221895 -0.060446
FixedParameters: 0 0 0

#Transform 106
Transform: AffineTransform_float_3_3
Parameters: 1 -0.000412695 -0.000460519 0.000412214 0.999999 -0.00126195 0.000460924 0.00126155 0.999999 0.08669 0.00607521 -0.0437265
FixedParameters: 0 0 0

#Transform 107
Transform: AffineTransform_float_3_3
Parameters: 0.999999 -0.000680672 -0.000464621 0.000680014 1 -0.000828691 0.000464258 0.000829264 0.999999 0.0830508 0.00545615 -0.0311259
FixedParameters: 0 0 0

#Transform 108
Transform: AffineTransform_float_3_3
Parameters: 0.999999 -0.000642049 -0.000543867 0.000641098 0.999999 -0.00105016 0.000543716 0.00105029 0.999999 0.0860042 -0.00133793 -0.0119329
FixedParameters: 0 0 0

#Transform 109
Transform: AffineTransform_float_3_3
Parameters: 1 -0.000361472 -0.000342618 0.000361779 0.999999 -0.000751881 0.0003426 0.000751625 0.999999 0.082499 -0.00684511 -0.0218628
FixedParameters: 0 0 0

#Transform 110
Transform: AffineTransform_float_3_3
Parameters: 0.999999 -0.000705518 -0.000543551 0.000705717 1 -0.000499732 0.000543705 0.000499327 0.999999 0.0966612 -0.0330749 -0.0173064
FixedParameters: 0 0 0

#Transform 111
Transform: AffineTransform_float_3_3
Parameters: 1 -0.000203692 -0.000545648 0.000203138 1 -0.00113233 0.000545472 0.0011321 0.999999 0.0861542 -0.0301322 -0.00327732
FixedParameters: 0 0 0

#Transform 112
Transform: AffineTransform_float_3_3
Parameters: 0.999999 0.000621088 -0.000271696 -0.000621398 0.999999 -0.00132862 0.000270791 0.00132904 0.999999 0.0451957 -0.00608707 -0.000119633
FixedParameters: 0 0 0

#Transform 113
Transform: AffineTransform_float_3_3
Parameters: 1 0.000562767 -0.000415533 -0.000562777 1 -1.13119e-05 0.00041552 1.17796e-05 1 0.066302 -0.0759621 -0.0210766
FixedParameters: 0 0 0

#Transform 114
Transform: AffineTransform_float_3_3
Parameters: 1 -8.30063e-05 -0.000191822 8.35225e-05 0.999998 0.00171214 0.000191461 -0.00171217 0.999998 0.0591953 -0.0591464 -0.0114241
FixedParameters: 0 0 0

#Transform 115
Transform: AffineTransform_float_3_3
Parameters: 1 -9.07629e-05 -0.000229717 9.13638e-05 0.999998 0.00191943 0.000229217 -0.00191948 0.999998 0.0594639 -0.0595029 -0.00323748
FixedParameters: 0 0 0

#Transform 116
Transform: AffineTransform_float_3_3
Parameters: 1 -0.000565811 -0.000185629 0.000566138 0.999999 0.00126238 0.000184125 -0.0012626 0.999999 0.0879967 -0.0666118 -0.0112956
FixedParameters: 0 0 0

#Transform 117
Transform: AffineTransform_float_3_3
Parameters: 0.999999 -0.000840853 -0.000132326 0.000840797 0.999998 0.00134282 0.000131374 -0.00134296 0.999999 0.0887497 -0.026613 -0.0497495
FixedParameters: 0 0 0

#Transform 118
Transform: AffineTransform_float_3_3
Parameters: 0.999999 -0.000842697 -0.000277275 0.000842832 0.999999 0.000729598 0.000277427 -0.000729978 0.999999 0.0897847 -0.00889956 -0.0558014
FixedParameters: 0 0 0

#Transform 119
Transform: AffineTransform_float_3_3
Parameters: 1 -0.000638215 0.000186312 0.000638401 1 -0.000712226 -0.000185393 0.000712833 0.999999 0.0905721 -0.0165878 -0.0163407
FixedParameters: 0 0 0

#Transform 120
Transform: AffineTransform_float_3_3
Parameters: 0.999999 -0.000856054 0.000296917 0.000856225 0.999999 -0.000287383 -0.000296424 0.000287891 1 0.0762791 -0.00523322 -0.0304382
FixedParameters: 0 0 0

#Transform 121
Transform: AffineTransform_float_3_3
Parameters: 1 -0.000506829 0.000140541 0.000506819 1 3.6265e-05 -0.000140578 -3.61225e-05 1 0.0674044 -0.0451194 -0.00379557
FixedParameters: 0 0 0

#Transform 122
Transform: AffineTransform_float_3_3
Parameters: 1 -0.000402062 -0.000167488 0.000401983 1 -0.000237358 0.000167679 0.000237223 1 0.0785909 -0.0613175 0.0111046
FixedParameters: 0 0 0

#Transform 123
Transform: AffineTransform_float_3_3
Parameters: 0.999999 -0.000907991 0.000204406 0.000907506 0.999999 -0.000164605 -0.000204928 0.000164897 1 0.0848503 -0.0341914 -0.0256839
FixedParameters: 0 0 0

#Transform 124
Transform: AffineTransform_float_3_3
Parameters: 1 -0.00109436 0.000234698 0.00109512 0.999999 -0.00120301 -0.000233437 0.00120381 0.999999 0.0884906 -0.00880845 -0.0093567
FixedParameters: 0 0 0

#Transform 125
Transform: AffineTransform_float_3_3
Parameters: 0.999999 -0.00101714 0.000298934 0.00101716 0.999999 -0.00119105 -0.000297407 0.00119157 0.999999 0.0927071 -0.0114511 -0.00870422
FixedParameters: 0 0 0

#Transform 126
Transform: AffineTransform_float_3_3
Parameters: 0.999999 -0.00094976 0.000266258 0.000950494 0.999999 -0.00113574 -0.000265557 0.00113615 1 0.0740575 -0.0254244 0.00727905
FixedParameters: 0 0 0

#Transform 127
Transform: AffineTransform_float_3_3
Parameters: 0.999999 -0.000835273 0.000119927 0.000834875 0.999999 -0.00122883 -0.000118771 0.00122895 0.999999 0.0815369 -0.0177714 0.00506061
FixedParameters: 0 0 0

#Transform 128
Transform: AffineTransform_float_3_3
Parameters: 1 -0.00119664 0.000203579 0.00119636 0.999999 -0.000881329 -0.000202281 0.000882105 1 0.0896702 0.0317262 -0.0685744
FixedParameters: 0 0 0

#Transform 129
Transform: AffineTransform_float_3_3
Parameters: 0.999997 -0.00211422 0.000150782 0.00211461 0.999998 0.000266843 -0.000150952 -0.000266309 1 0.0957414 0.00126075 -0.212904
FixedParameters: 0 0 0

#Transform 130
Transform: AffineTransform_float_3_3
Parameters: 0.999997 -0.00209929 0.000226648 0.0020995 0.999998 0.000573783 -0.000228098 -0.000572932 1 0.100684 0.0296527 -0.171873
FixedParameters: 0 0 0

#Transform 131
Transform: AffineTransform_float_3_3
Parameters: 0.999998 -0.00174798 0.00109532 0.00174803 0.999998 5.13167e-05 -0.00109527 -4.93334e-05 0.999999 0.0698985 -0.00278077 -0.103199
FixedParameters: 0 0 0

#Transform 132
Transform: AffineTransform_float_3_3
Parameters: 0.999998 -0.00144015 0.000950244 0.00144023 0.999999 1.21664e-06 -0.000950127 5.97324e-07 0.999999 0.0405014 0.0154105 -0.0921013
FixedParameters: 0 0 0

#Transform 133
Transform: AffineTransform_float_3_3
Parameters: 0.999998 -0.00152396 0.00148505 0.00152486 0.999998 -0.000408651 -0.0014844 0.000410882 0.999999 0.0356922 -0.0366796 -0.0513676
FixedParameters: 0 0 0

#Transform 134
Transform: AffineTransform_float_3_3
Parameters: 0.999998 -0.00155246 0.000971245 0.00155333 0.999998 -0.00140334 -0.000969257 0.00140463 0.999998 0.0594307 0.00214674 -0.111231
FixedParameters: 0 0 0

#Transform 135
Transform: AffineTransform_float_3_3
Parameters: 0.999997 -0.00198956 0.000889917 0.00199062 0.999998 -0.000398886 -0.000889464 0.000400864 0.999999 0.0495195 0.0251312 -0.0836346
FixedParameters: 0 0 0

#Transform 136
Transform: AffineTransform_float_3_3
Parameters: 0.999998 -0.00172204 0.000874021 0.00172285 0.999998 -0.0010478 -0.000871934 0.00104972 0.999999 0.0316602 0.0186648 -0.047277
FixedParameters: 0 0 0

#Transform 137
Transform: AffineTransform_float_3_3
Parameters: 0.999998 -0.00175192 0.000924344 0.00175292 0.999998 -0.00117121 -0.000921711 0.0011728 0.999999 0.0338457 -0.00846656 -0.0335105
FixedParameters: 0 0 0

#Transform 138
Transform: AffineTransform_float_3_3
Parameters: 0.999998 -0.0019391 0.000933813 0.0019397 0.999998 -0.000903073 -0.000931792 0.000904681 1 0.0465947 -0.0281668 -0.0163025
FixedParameters: 0 0 0

#Transform 139
Transform: AffineTransform_float_3_3
Parameters: 0.999998 -0.00170494 0.000933572 0.00170598 0.999998 -0.000810154 -0.000931384 0.00081178 0.999999 0.047864 0.00317973 -0.0626291
FixedParameters: 0 0 0

#Transform 140
Transform: AffineTransform_float_3_3
Parameters: 0.999999 -0.00146784 0.00115036 0.00146954 0.999998 -0.00118225 -0.00114841 0.00118454 0.999999 0.0443942 -0.0159837 -0.0277785
FixedParameters: 0 0 0

#Transform 141
Transform: AffineTransform_float_3_3
Parameters: 0.999999 -0.00147098 0.00101909 0.00147188 0.999999 -0.000944771 -0.00101784 0.000946687 0.999999 0.0480122 -0.0171949 -0.0334149
FixedParameters: 0 0 0

#Transform 142
Transform: AffineTransform_float_3_3
Parameters: 1 -0.000360247 0.000558397 0.00036096 0.999997 -0.00211976 -0.00055728 0.00212008 0.999997 0.0539421 -0.0195984 0.0158127
FixedParameters: 0 0 0

#Transform 143
Transform: AffineTransform_float_3_3
Parameters: 1 0.000575785 -0.00054739 -0.000576341 0.999997 -0.00251583 0.000546243 0.00251668 0.999996 0.0552461 -0.0824936 0.0508321
FixedParameters: 0 0 0

#Transform 144
Transform: AffineTransform_float_3_3
Parameters: 1 -0.000472992 0.000124242 0.000473461 0.999997 -0.00249933 -0.000123486 0.00249934 0.999997 0.0552222 0.0433605 -0.0195555
FixedParameters: 0 0 0

#Transform 145
Transform: AffineTransform_float_3_3
Parameters: 1 -0.000513014 0.000410442 0.000513258 0.999998 -0.00198193 -0.000410202 0.00198218 0.999998 0.0474206 0.0600976 -0.0788118
FixedParameters: 0 0 0

#Transform 146
Transform: AffineTransform_float_3_3
Parameters: 1 6.10479e-05 0.000216916 -6.14036e-05 0.999999 -0.00139757 -0.000216601 0.00139754 0.999999 0.0184066 0.0624541 -0.0658564
FixedParameters: 0 0 0

#Transform 147
Transform: AffineTransform_float_3_3
Parameters: 0.999999 0.000556531 -0.000565745 -0.000557429 0.999999 -0.00115716 0.000565201 0.00115786 0.999999 0.0319567 -0.0352309 0.019698
FixedParameters: 0 0 0

#Transform 148
Transform: AffineTransform_float_3_3
Parameters: 1 -0.000485076 0.000270699 0.000485184 1 -0.000199115 -0.000270505 0.000199378 1 0.025132 -0.00170214 -0.058164
FixedParameters: 0 0 0

#Transform 149
Transform: AffineTransform_float_3_3
Parameters: 0.999999 -0.000551195 0.000609216 0.000552832 0.999998 -0.00207814 -0.000607853 0.0020778 0.999998 0.0167065 0.0563751 -0.101203
FixedParameters: 0 0 0

#Transform 150
Transform: AffineTransform_float_3_3
Parameters: 1 -0.00023398 0.000285638 0.000234373 0.999997 -0.00238867 -0.000285567 0.00238871 0.999997 0.0304237 0.0532181 -0.115139
FixedParameters: 0 0 0

#Transform 151
Transform: AffineTransform_float_3_3
Parameters: 0.999999 -0.000426243 0.000826737 0.000428321 0.999997 -0.00234296 -0.000825222 0.00234358 0.999997 0.0216417 0.0279397 -0.0546229
FixedParameters: 0 0 0

#Transform 152
Transform: AffineTransform_float_3_3
Parameters: 0.999999 -0.000494677 0.000643926 0.000495473 0.999999 -0.00169218 -0.000644044 0.00169265 0.999999 0.0202999 0.0343095 -0.0833355
FixedParameters: 0 0 0

#Transform 153
Transform: AffineTransform_float_3_3
Parameters: 0.999999 -0.000402229 0.000780949 0.000404048 0.999999 -0.00169704 -0.000780553 0.00169758 0.999998 0.0121831 0.0488107 -0.0936783
FixedParameters: 0 0 0

#Transform 154
Transform: AffineTransform_float_3_3
Parameters: 1 -0.00015188 0.000204125 0.000152477 0.999997 -0.00249585 -0.000203592 0.0024959 0.999997 0.0330131 0.0389943 -0.069205
FixedParameters: 0 0 0

#Transform 155
Transform: AffineTransform_float_3_3
Parameters: 1 -0.000235557 0.000335951 0.000236418 0.999999 -0.00149016 -0.000335323 0.00149031 0.999999 0.0257964 0.0650166 -0.109811
FixedParameters: 0 0 0

#Transform 156
Transform: AffineTransform_float_3_3
Parameters: 1 -0.000710737 0.000903841 0.00071261 0.999998 -0.00187501 -0.000901508 0.00187622 0.999998 0.0122831 0.0640919 -0.0991057
FixedParameters: 0 0 0

#Transform 157
Transform: AffineTransform_float_3_3
Parameters: 1 -0.000968536 0.000784217 0.00096972 0.999997 -0.00211383 -0.000781235 0.00211426 0.999997 0.0268367 0.0634818 -0.109655
FixedParameters: 0 0 0

#Transform 158
Transform: AffineTransform_float_3_3
Parameters: 0.999998 -0.00151573 0.000777777 0.00151772 0.999997 -0.00194562 -0.000774932 0.00194679 0.999998 0.0432989 0.047184 -0.103434
FixedParameters: 0 0 0

#Transform 159
Transform: AffineTransform_float_3_3
Parameters: 0.999998 -0.00182387 0.000712569 0.00182536 0.999996 -0.00167756 -0.000709428 0.00167898 0.999999 0.053157 0.0441134 -0.103454
FixedParameters: 0 0 0

#Transform 160
Transform: AffineTransform_float_3_3
Parameters: 0.999998 -0.00192722 0.000390375 0.00192743 0.999997 -0.0016213 -0.000387088 0.00162237 0.999998 0.0706612 0.0302481 -0.108653
FixedParameters: 0 0 0

#Transform 161
Transform: AffineTransform_float_3_3
Parameters: 0.999998 -0.00205885 0.000338047 0.00206015 0.999997 -0.00145947 -0.000334739 0.00146049 0.999999 0.0776374 0.0316559 -0.091771
FixedParameters: 0 0 0

#Transform 162
Transform: AffineTransform_float_3_3
Parameters: 0.999998 -0.00202035 0.000159024 0.00202116 0.999997 -0.00155821 -0.00015543 0.00155848 0.999999 0.080394 0.0358799 -0.0921849
FixedParameters: 0 0 0

#Transform 163
Transform: AffineTransform_float_3_3
Parameters: 0.999998 -0.00202364 0.000258783 0.00202426 0.999997 -0.0016492 -0.000255632 0.0016498 0.999998 0.0770438 0.0395475 -0.0860739
FixedParameters: 0 0 0

#Transform 164
Transform: AffineTransform_float_3_3
Parameters: 0.999998 -0.00174129 0.000360512 0.00174137 0.999997 -0.00146471 -0.000358385 0.00146516 0.999998 0.0764617 0.0234792 -0.0699064
FixedParameters: 0 0 0

#Transform 165
Transform: AffineTransform_float_3_3
Parameters: 0.999997 -0.00221684 0.000377223 0.0022169 0.999996 -0.00136804 -0.00037413 0.0013689 1 0.0735262 0.0485229 -0.0872858
FixedParameters: 0 0 0

#Transform 166
Transform: AffineTransform_float_3_3
Parameters: 0.999998 -0.00211097 0.000323923 0.00211133 0.999996 -0.00176858 -0.000320801 0.00176942 0.999998 0.0741409 0.0494165 -0.0894676
FixedParameters: 0 0 0

#Transform 167
Transform: AffineTransform_float_3_3
Parameters: 0.999998 -0.00202371 0.000571554 0.00202425 0.999996 -0.00186048 -0.000567776 0.00186097 0.999998 0.06748 0.0381129 -0.0600613
FixedParameters: 0 0 0

#Transform 168
Transform: AffineTransform_float_3_3
Parameters: 0.999999 -0.0015456 0.000249279 0.00154627 0.999997 -0.00194271 -0.000246883 0.00194266 0.999998 0.0597213 0.0480246 -0.0632566
FixedParameters: 0 0 0

#Transform 169
Transform: AffineTransform_float_3_3
Parameters: 0.999999 -0.00152999 0.000240698 0.00153057 0.999997 -0.00198861 -0.000238338 0.00198945 0.999998 0.0671432 0.0398486 -0.0700113
FixedParameters: 0 0 0

#Transform 170
Transform: AffineTransform_float_3_3
Parameters: 0.999999 -0.0010718 0.000239 0.00107228 0.999995 -0.00277239 -0.000235562 0.00277271 0.999996 0.0582399 0.0514099 -0.0529306
FixedParameters: 0 0 0

#Transform 171
Transform: AffineTransform_float_3_3
Parameters: 1 -0.000678908 0.000328709 0.000680118 0.999992 -0.00377416 -0.000326313 0.0037744 0.999993 0.0336628 0.0702667 -0.0471276
FixedParameters: 0 0 0

#Transform 172
Transform: AffineTransform_float_3_3
Parameters: 0.999999 -0.000774501 2.35804e-05 0.000774076 0.999994 -0.0033047 -2.02985e-05 0.00330461 0.999995 0.0557522 0.0219216 -0.00371089
FixedParameters: 0 0 0

#Transform 173
Transform: AffineTransform_float_3_3
Parameters: 0.999999 -0.00101103 0.000350961 0.00101211 0.999995 -0.00294929 -0.000347575 0.0029498 0.999996 0.0508279 0.0490086 -0.0213079
FixedParameters: 0 0 0

#Transform 174
Transform: AffineTransform_float_3_3
Parameters: 0.999999 -0.000823231 0.000608629 0.000824971 0.999995 -0.00280164 -0.000605956 0.00280247 0.999996 0.0271073 0.0362196 -0.00392427
FixedParameters: 0 0 0

#Transform 175
Transform: AffineTransform_float_3_3
Parameters: 0.999999 -0.000788822 0.000264137 0.000789429 0.999995 -0.00328701 -0.000261606 0.00328723 0.999995 0.0537382 0.0195755 -0.00282807
FixedParameters: 0 0 0

#Transform 176
Transform: AffineTransform_float_3_3
Parameters: 1 -0.000430793 0.000263257 0.000431128 0.999997 -0.00248608 -0.000262162 0.00248621 0.999997 0.0326538 0.0377504 -0.0291545
FixedParameters: 0 0 0

#Transform 177
Transform: AffineTransform_float_3_3
Parameters: 0.999999 -0.00081254 0.00058827 0.000813911 0.999997 -0.00251605 -0.000586006 0.0025159 0.999997 0.023734 0.0383359 -0.0178952
FixedParameters: 0 0 0

#Transform 178
Transform: AffineTransform_float_3_3
Parameters: 0.999999 -0.000835867 0.000685159 0.000837965 0.999996 -0.00274955 -0.000682501 0.00275051 0.999996 0.0362206 0.0301104 -0.0122464
FixedParameters: 0 0 0

#Transform 179
Transform: AffineTransform_float_3_3
Parameters: 0.999999 -0.000964804 0.000533551 0.000966895 0.999995 -0.00275539 -0.000530733 0.00275623 0.999996 0.0432587 0.0265842 -0.00519043
FixedParameters: 0 0 0

#Transform 180
Transform: AffineTransform_float_3_3
Parameters: 1 0.000406032 -0.00017228 -0.000406156 0.999991 -0.00414393 0.000170254 0.00414333 0.999991 0.00628034 -0.0015036 0.0461796
FixedParameters: 0 0 0

#Transform 181
Transform: AffineTransform_float_3_3
Parameters: 1 8.41477e-05 -0.000328216 -8.44816e-05 0.999996 -0.00270648 0.00032853 0.0027063 0.999997 0.0294997 0.0518301 -0.0151135
FixedParameters: 0 0 0

#Transform 182
Transform: AffineTransform_float_3_3
Parameters: 1 -0.000655494 -0.000213932 0.000654819 0.999996 -0.00250141 0.000216422 0.00250111 0.999997 0.0419809 0.0593954 -0.0390269
FixedParameters: 0 0 0

#Transform 183
Transform: AffineTransform_float_3_3
Parameters: 1 -0.00065474 -0.000201462 0.000653827 0.999994 -0.00322088 0.000203355 0.00322049 0.999995 0.0551783 0.0255536 -0.0131632
FixedParameters: 0 0 0

#Transform 184
Transform: AffineTransform_float_3_3
Parameters: 0.999999 -0.000839752 -1.5953e-05 0.000840186 0.999995 -0.0028375 1.84741e-05 0.00283735 0.999996 0.0570801 0.0355307 -0.0300868
FixedParameters: 0 0 0

#Transform 185
Transform: AffineTransform_float_3_3
Parameters: 1 -0.000464099 -0.000192335 0.000463953 0.999995 -0.00298012 0.000193559 0.00298082 0.999996 0.0537704 0.0399657 -0.0420823
FixedParameters: 0 0 0

#Transform 186
Transform: AffineTransform_float_3_3
Parameters: 0.999999 -0.000846211 1.3029e-06 0.000845629 0.999993 -0.00381825 1.78765e-06 0.00381803 0.999993 0.0560324 0.00673331 -0.0029269
FixedParameters: 0 0 0

#Transform 187
Transform: AffineTransform_float_3_3
Parameters: 0.999998 0.000793639 -0.00170231 -0.000805741 0.999974 -0.00713655 0.00169574 0.00713722 0.999973 0.0655915 -0.100116 0.118077
FixedParameters: 0 0 0

#Transform 188
Transform: AffineTransform_float_3_3
Parameters: 0.999991 0.00348051 -0.00263732 -0.00349974 0.999968 -0.00717655 0.00261214 0.00718645 0.999971 0.0402987 -0.0768344 0.0821055
FixedParameters: 0 0 0

#Transform 189
Transform: AffineTransform_float_3_3
Parameters: 0.999984 0.0044052 -0.00353635 -0.00442001 0.999982 -0.00408118 0.00351788 0.00409675 0.999986 0.0340401 -0.0727486 0.0701789
FixedParameters: 0 0 0
