#Insight Transform File V1.0
#Transform 0
Transform: AffineTransform_float_3_3
Parameters: 0.999998 0.00171628 -0.000471136 -0.00171545 0.999998 0.00065346 0.000472164 -0.00065341 0.999999 -0.0465037 -0.0421678 0.0904619
FixedParameters: 0 0 0

#Transform 1
Transform: AffineTransform_float_3_3
Parameters: 0.999998 0.00163288 -0.000377726 -0.001633 0.999998 0.000666929 0.000379089 -0.000665403 1 -0.0400944 -0.0471753 0.0739841
FixedParameters: 0 0 0

#Transform 2
Transform: AffineTransform_float_3_3
Parameters: 0.999999 0.00168397 -0.000418915 -0.00168403 0.999998 0.000426986 0.000419732 -0.0004262 0.999999 -0.0381544 -0.0418178 0.0737992
FixedParameters: 0 0 0

#Transform 3
Transform: AffineTransform_float_3_3
Parameters: 0.999999 0.00143805 -0.000306981 -0.00143739 0.999999 0.000772472 0.000307828 -0.000771305 1 -0.0450817 -0.0330791 0.0735975
FixedParameters: 0 0 0

#Transform 4
Transform: AffineTransform_float_3_3
Parameters: 0.999999 0.00172385 -0.000380266 -0.00172357 0.999998 0.000190429 0.000381122 -0.000189664 1 -0.0360799 -0.0435077 0.0713001
FixedParameters: 0 0 0

#Transform 5
Transform: AffineTransform_float_3_3
Parameters: 0.999999 0.00126284 -0.000250487 -0.00126305 0.999999 0.000508966 0.000251069 -0.000509335 1 -0.0306604 -0.0260374 0.0658894
FixedParameters: 0 0 0

#Transform 6
Transform: AffineTransform_float_3_3
Parameters: 1 0.00116641 -0.000170945 -0.00116632 1 0.000266039 0.000171692 -0.000266192 1 -0.027085 -0.0203589 0.0534034
FixedParameters: 0 0 0

#Transform 7
Transform: AffineTransform_float_3_3
Parameters: 0.999999 0.00129401 -0.000248054 -0.00129397 0.999999 7.43117e-05 0.000248372 -7.42222e-05 1 -0.0257284 -0.0278598 0.0425941
FixedParameters: 0 0 0

#Transform 8
Transform: AffineTransform_float_3_3
Parameters: 1 0.00093461 -2.45899e-05 -0.000934468 0.999999 4.70265e-05 2.47533e-05 -4.69751e-05 1 -0.0285961 -0.0179373 0.0659043
FixedParameters: 0 0 0

#Transform 9
Transform: AffineTransform_float_3_3
Parameters: 0.999999 0.000891396 5.38653e-05 -0.000891138 0.999999 0.000111312 -5.50491e-05 -0.000111496 1 -0.0336226 -0.0236841 0.0637723
FixedParameters: 0 0 0

#Transform 10
Transform: AffineTransform_float_3_3
Parameters: 0.999999 0.000867767 5.01519e-05 -0.000867814 1 -0.00032173 -5.07014e-05 0.000322013 0.999999 -0.0248157 -0.034043 0.0595095
FixedParameters: 0 0 0

#Transform 11
Transform: AffineTransform_float_3_3
Parameters: 0.999999 0.000643936 0.000422497 -0.000643917 1 -2.20726e-05 -0.000422525 2.15285e-05 1 -0.0284016 -0.0214922 0.0558686
FixedParameters: 0 0 0

#Transform 12
Transform: AffineTransform_float_3_3
Parameters: 1 0.000319681 0.000257772 -0.000319757 1 0.000147371 -0.000257678 -0.000147536 1 -0.0266544 -0.0321214 0.0590318
FixedParameters: 0 0 0

#Transform 13
Transform: AffineTransform_float_3_3
Parameters: 1 0.000646496 5.02986e-05 -0.000645885 0.999999 -0.000591839 -5.02421e-05 0.000591853 1 -0.0157276 -0.0332153 0.0416294
FixedParameters: 0 0 0

#Transform 14
Transform: AffineTransform_float_3_3
Parameters: 1 0.000347848 6.36195e-05 -0.000347214 0.999999 -0.000651776 -6.32512e-05 0.000651812 1 -0.0203888 -0.00115925 0.0321024
FixedParameters: 0 0 0

#Transform 15
Transform: AffineTransform_float_3_3
Parameters: 1 0.000403978 0.000125853 -0.000403855 1 -0.000487059 -0.000126246 0.000486957 1 -0.0220071 -0.0108211 0.0456975
FixedParameters: 0 0 0

#Transform 16
Transform: AffineTransform_float_3_3
Parameters: 1 0.000369871 -1.52663e-05 -0.000369348 0.999999 -0.000902918 1.54202e-05 0.000903009 0.999999 -0.0168588 -0.0158005 0.04949
FixedParameters: 0 0 0

#Transform 17
Transform: AffineTransform_float_3_3
Parameters: 1 0.000384371 8.93594e-05 -0.000384295 1 -0.000427676 -8.96881e-05 0.000427607 1 -0.0122217 -0.0233249 0.0333424
FixedParameters: 0 0 0

#Transform 18
Transform: AffineTransform_float_3_3
Parameters: 1 0.000524479 4.69013e-05 -0.000525074 0.999999 0.00045982 -4.724e-05 -0.000459949 1 -0.0166855 -0.0206804 0.034694
FixedParameters: 0 0 0

#Transform 19
Transform: AffineTransform_float_3_3
Parameters: 1 0.000588047 0.000113864 -0.000587951 0.999999 -0.000418672 -0.000114356 0.000418537 1 -0.0172126 -0.0276922 0.0445584
FixedParameters: 0 0 0

#Transform 20
Transform: AffineTransform_float_3_3
Parameters: 1 0.000247114 -0.000611479 -0.000247154 1 -3.32633e-05 0.000611463 3.35655e-05 1 0.0128595 0.0229591 0.0198661
FixedParameters: 0 0 0

#Transform 21
Transform: AffineTransform_float_3_3
Parameters: 1 0.000407854 -0.000255534 -0.000408219 1 0.000364837 0.000255011 -0.000364708 1 0.00511107 -0.00507953 0.00905849
FixedParameters: 0 0 0

#Transform 22
Transform: AffineTransform_float_3_3
Parameters: 1 -0.00010966 -8.14554e-05 0.00010966 1 -2.58177e-06 8.14559e-05 2.5639e-06 1 0.0225061 0.00751597 -0.0507649
FixedParameters: 0 0 0

#Transform 23
Transform: AffineTransform_float_3_3
Parameters: 1 -0.000372197 -0.000277431 0.000372471 1 0.000494113 0.000277063 -0.000494319 1 0.017324 0.0223626 -0.0213312
FixedParameters: 0 0 0

#Transform 24
Transform: AffineTransform_float_3_3
Parameters: 1 -0.000423129 -0.000414623 0.000422818 1 0.000710692 0.000414592 -0.000710665 0.999999 0.0251199 0.00123026 -0.0365704
FixedParameters: 0 0 0

#Transform 25
Transform: AffineTransform_float_3_3
Parameters: 1 -0.00045319 -0.000517359 0.000453641 1 0.000436021 0.000516964 -0.00043649 1 0.0319094 0.0256937 -0.0691611
FixedParameters: 0 0 0

#Transform 26
Transform: AffineTransform_float_3_3
Parameters: 0.999999 -0.000585474 -0.000443856 0.000585943 0.999999 0.000528473 0.000443237 -0.000528993 1 0.0330702 0.0194379 -0.0522335
FixedParameters: 0 0 0

#Transform 27
Transform: AffineTransform_float_3_3
Parameters: 1 -0.000441485 -0.000465067 0.000441845 1 0.000387119 0.000464725 -0.00038753 1 0.0365521 0.0286585 -0.0512862
FixedParameters: 0 0 0

#Transform 28
Transform: AffineTransform_float_3_3
Parameters: 1 -0.00049242 -0.000484061 0.000492828 1 0.000421797 0.000483645 -0.000422273 1 0.04052 0.0217741 -0.0503032
FixedParameters: 0 0 0

#Transform 29
Transform: AffineTransform_float_3_3
Parameters: 0.999999 -0.000174424 -0.000796212 0.000174475 1 3.16579e-05 0.000796201 -3.19357e-05 0.999999 0.0504855 -0.00248329 -0.0375571
FixedParameters: 0 0 0

#Transform 30
Transform: AffineTransform_float_3_3
Parameters: 1 -0.000407318 -0.000559067 0.00040795 1 0.000564776 0.000558606 -0.000565232 0.999999 0.0280024 0.0208577 -0.0251453
FixedParameters: 0 0 0

#Transform 31
Transform: AffineTransform_float_3_3
Parameters: 1 0.000303305 -0.000442548 -0.000303186 0.999999 0.000757952 0.000442186 -0.000757763 0.999999 0.0126898 -0.00770866 -0.00277132
FixedParameters: 0 0 0

#Transform 32
Transform: AffineTransform_float_3_3
Parameters: 0.999999 0.000470107 -0.000718677 -0.000469243 1 0.000587773 0.000719262 -0.000588396 1 0.0267937 -0.0220682 -0.0132364
FixedParameters: 0 0 0

#Transform 33
Transform: AffineTransform_float_3_3
Parameters: 1 0.000398501 -0.000355765 -0.000398228 0.999999 0.00135634 0.000355949 -0.00135614 0.999999 0.0104009 -0.00545107 -0.00644093
FixedParameters: 0 0 0

#Transform 34
Transform: AffineTransform_float_3_3
Parameters: 1 0.000472043 -0.000431377 -0.000471146 0.999999 0.00120083 0.000432434 -0.00120042 0.999999 0.0149714 -0.0304899 0.00565309
FixedParameters: 0 0 0

#Transform 35
Transform: AffineTransform_float_3_3
Parameters: 0.999999 0.000530019 -0.000691247 -0.000530498 1 0.000690412 0.00069176 -0.000690678 0.999999 0.0322036 -0.0340887 -0.00581662
FixedParameters: 0 0 0

#Transform 36
Transform: AffineTransform_float_3_3
Parameters: 1 0.000220904 -0.000349905 -0.000220254 1 0.00112772 0.000350327 -0.00112758 1 0.0170957 -0.000593868 -0.00422267
FixedParameters: 0 0 0

#Transform 37
Transform: AffineTransform_float_3_3
Parameters: 1 0.000365264 -0.000139707 -0.000365079 1 0.00116007 0.000140479 -0.00115997 1 0.0091573 -0.0266492 0.00572915
FixedParameters: 0 0 0

#Transform 38
Transform: AffineTransform_float_3_3
Parameters: 1 -0.000129977 -0.000308284 0.000130459 0.999999 0.000782748 0.00030808 -0.000782828 0.999999 0.0342017 -0.0223009 -0.0164375
FixedParameters: 0 0 0

#Transform 39
Transform: AffineTransform_float_3_3
Parameters: 1 -0.000377726 -0.000202681 0.000377948 1 0.000744085 0.000202128 -0.000743868 0.999999 0.043607 -0.00276418 -0.035285
FixedParameters: 0 0 0

#Transform 40
Transform: AffineTransform_float_3_3
Parameters: 0.999999 -0.000642479 -0.000276521 0.000642614 0.999999 0.000732117 0.000276963 -0.000732385 0.999999 0.0447209 0.0120616 -0.0449826
FixedParameters: 0 0 0

#Transform 41
Transform: AffineTransform_float_3_3
Parameters: 1 -0.000496453 -1.19621e-06 0.000496454 0.999999 0.000876555 3.25878e-07 -0.000876556 0.999999 0.0432744 -0.0134934 -0.0402382
FixedParameters: 0 0 0

#Transform 42
Transform: AffineTransform_float_3_3
Parameters: 1 -0.000466666 -4.61899e-05 0.000465962 0.999999 -0.000801723 4.59996e-05 0.000802524 1 0.0475797 0.00173627 -0.0311833
FixedParameters: 0 0 0

#Transform 43
Transform: AffineTransform_float_3_3
Parameters: 1 -0.000508654 9.70398e-05 0.000508636 1 8.94287e-05 -9.71307e-05 -8.93299e-05 1 0.0241071 0.0166848 -0.0486235
FixedParameters: 0 0 0

#Transform 44
Transform: AffineTransform_float_3_3
Parameters: 0.999999 -0.000738354 0.000200693 0.00073839 0.999999 -9.00678e-05 -0.00020056 9.0364e-05 1 0.0367296 -0.0023931 -0.0380007
FixedParameters: 0 0 0

#Transform 45
Transform: AffineTransform_float_3_3
Parameters: 0.999999 -0.00090765 0.000289311 0.000907504 1 0.000116035 -0.000289511 -0.00011514 0.999999 0.0431848 0.0124726 -0.0478816
FixedParameters: 0 0 0

#Transform 46
Transform: AffineTransform_float_3_3
Parameters: 1 -0.00104219 0.000411987 0.00104233 1 -6.38128e-05 -0.000411737 6.37484e-05 1 0.045472 0.000458883 -0.0301395
FixedParameters: 0 0 0

#Transform 47
Transform: AffineTransform_float_3_3
Parameters: 0.999999 -0.00125557 0.000295517 0.00125562 0.999999 4.3385e-05 -0.000295509 -4.35658e-05 1 0.0541142 0.019323 -0.0446551
FixedParameters: 0 0 0

#Transform 48
Transform: AffineTransform_float_3_3
Parameters: 1 -0.00100762 0.000340404 0.00100856 1 -7.02258e-05 -0.000340706 6.99814e-05 1 0.0483646 0.00618837 -0.0535819
FixedParameters: 0 0 0

#Transform 49
Transform: AffineTransform_float_3_3
Parameters: 1 -0.00104788 0.000269302 0.001048 1 -0.000218586 -0.000268717 0.000218597 1 0.0510767 0.000211355 -0.0570703
FixedParameters: 0 0 0

#Transform 50
Transform: AffineTransform_float_3_3
Parameters: 1 -0.00107152 0.000344513 0.00107149 1 0.000153205 -0.000344724 -0.00015339 1 0.0459415 0.013194 -0.0347894
FixedParameters: 0 0 0

#Transform 51
Transform: AffineTransform_float_3_3
Parameters: 1 -0.0011268 0.000380584 0.00112696 1 -0.000209605 -0.000379985 0.000209909 1 0.0498006 -0.00837808 -0.0208339
FixedParameters: 0 0 0

#Transform 52
Transform: AffineTransform_float_3_3
Parameters: 1 -0.00115779 0.000192219 0.00115782 1 -7.54285e-05 -0.000191918 7.53204e-05 1 0.0507876 0.0108026 -0.0404455
FixedParameters: 0 0 0

#Transform 53
Transform: AffineTransform_float_3_3
Parameters: 1 -0.000963072 0.000427287 0.000963207 1 -6.57605e-05 -0.000427044 6.56604e-05 1 0.0406682 0.00040969 -0.0406351
FixedParameters: 0 0 0

#Transform 54
Transform: AffineTransform_float_3_3
Parameters: 0.999999 -0.00103431 0.000100665 0.00103467 0.999999 -0.00115338 -9.97361e-05 0.00115349 1 0.0590836 0.0102706 -0.0234712
FixedParameters: 0 0 0

#Transform 55
Transform: AffineTransform_float_3_3
Parameters: 0.999999 -0.00115276 0.000575273 0.00115339 0.999999 -0.000480275 -0.000574048 0.000480678 1 0.043759 0.037152 -0.0423851
FixedParameters: 0 0 0

#Transform 56
Transform: AffineTransform_float_3_3
Parameters: 0.999999 -0.0011455 0.000505707 0.0011459 0.999999 -0.000862785 -0.000504434 0.00086294 0.999999 0.0548484 0.0236708 -0.0270818
FixedParameters: 0 0 0

#Transform 57
Transform: AffineTransform_float_3_3
Parameters: 1 -0.00110705 0.000568479 0.00110764 0.999999 -0.00100779 -0.000567067 0.00100897 1 0.0517512 0.0357124 -0.0556693
FixedParameters: 0 0 0

#Transform 58
Transform: AffineTransform_float_3_3
Parameters: 1 -0.00108775 0.000538765 0.00108789 1 -0.000647259 -0.000538051 0.000647798 0.999999 0.0428293 0.0287167 -0.0477859
FixedParameters: 0 0 0

#Transform 59
Transform: AffineTransform_float_3_3
Parameters: 1 -0.00113554 0.000466944 0.00113683 0.999999 -0.00108918 -0.00046585 0.00109015 1 0.0499526 0.00978411 -0.00415169
FixedParameters: 0 0 0

#Transform 60
Transform: AffineTransform_float_3_3
Parameters: 0.999999 -0.00116798 0.000601373 0.00116849 0.999999 -0.000820954 -0.000600159 0.000821356 0.999999 0.0422231 0.0236829 -0.0202212
FixedParameters: 0 0 0

#Transform 61
Transform: AffineTransform_float_3_3
Parameters: 1 -0.00104135 0.000497125 0.00104186 0.999999 -0.000427959 -0.000496117 0.00042807 1 0.0389786 0.0192981 -0.0359582
FixedParameters: 0 0 0

#Transform 62
Transform: AffineTransform_float_3_3
Parameters: 0.999999 -0.00116188 0.000501239 0.00116225 0.999999 -0.000919198 -0.000499922 0.000920282 1 0.044106 0.0127073 -0.0228877
FixedParameters: 0 0 0

#Transform 63
Transform: AffineTransform_float_3_3
Parameters: 0.999999 -0.00138686 0.000659393 0.00138737 0.999998 -0.00074012 -0.000658043 0.000740945 0.999999 0.0504499 0.0255486 -0.03365
FixedParameters: 0 0 0

#Transform 64
Transform: AffineTransform_float_3_3
Parameters: 0.999998 -0.00149577 0.000816473 0.0014963 0.999999 -0.000651835 -0.000815184 0.000652346 1 0.0478571 0.0234301 -0.0246645
FixedParameters: 0 0 0

#Transform 65
Transform: AffineTransform_float_3_3
Parameters: 0.999999 -0.00129296 0.000694268 0.00129373 0.999999 -0.000992065 -0.00069248 0.000992851 1 0.0602174 0.0157174 -0.02207
FixedParameters: 0 0 0

#Transform 66
Transform: AffineTransform_float_3_3
Parameters: 0.999998 -0.00155811 0.000755109 0.00155873 0.999999 -0.000218382 -0.000755652 0.000218797 1 0.054641 0.0179781 -0.0402852
FixedParameters: 0 0 0

#Transform 67
Transform: AffineTransform_float_3_3
Parameters: 0.999999 -0.0013443 0.000476602 0.00134561 0.999999 -0.00115718 -0.000474829 0.00115744 1 0.0660239 0.0203708 -0.0144093
FixedParameters: 0 0 0

#Transform 68
Transform: AffineTransform_float_3_3
Parameters: 0.999998 -0.00152161 0.000837354 0.00152229 0.999998 -0.000722568 -0.000835816 0.000723184 0.999999 0.0544173 0.0390654 -0.0351294
FixedParameters: 0 0 0

#Transform 69
Transform: AffineTransform_float_3_3
Parameters: 0.999999 -0.00159031 0.000895522 0.00159184 0.999998 -0.000966052 -0.000894532 0.000967811 0.999999 0.0536874 0.0330853 -0.0289354
FixedParameters: 0 0 0

#Transform 70
Transform: AffineTransform_float_3_3
Parameters: 0.999999 -0.00150458 0.000413245 0.00150535 0.999998 -0.00135325 -0.000411334 0.0013534 0.999999 0.0734336 0.0250347 -0.0420368
FixedParameters: 0 0 0

#Transform 71
Transform: AffineTransform_float_3_3
Parameters: 0.999998 -0.00165198 0.000710971 0.00165327 0.999998 -0.00114553 -0.000709344 0.00114678 0.999999 0.0656797 0.040818 -0.0449286
FixedParameters: 0 0 0

#Transform 72
Transform: AffineTransform_float_3_3
Parameters: 0.999999 -0.00147802 0.000627042 0.00147918 0.999998 -0.00126295 -0.000625459 0.00126408 0.999999 0.0635716 0.0264648 -0.0267033
FixedParameters: 0 0 0

#Transform 73
Transform: AffineTransform_float_3_3
Parameters: 0.999998 -0.00160775 0.000642253 0.00160782 0.999998 -0.0010191 -0.000640566 0.00102045 0.999999 0.0602331 0.0423655 -0.0395062
FixedParameters: 0 0 0

#Transform 74
Transform: AffineTransform_float_3_3
Parameters: 0.999999 -0.00164365 0.000772537 0.00164418 0.999998 -0.00105447 -0.000770583 0.00105629 0.999999 0.0573023 0.0320454 -0.0412111
FixedParameters: 0 0 0

#Transform 75
Transform: AffineTransform_float_3_3
Parameters: 0.999999 -0.00143597 0.000483852 0.00143611 0.999998 -0.00135084 -0.000481573 0.00135114 0.999999 0.0702528 0.0334432 -0.0481689
FixedParameters: 0 0 0

#Transform 76
Transform: AffineTransform_float_3_3
Parameters: 0.999998 -0.00155993 0.000710539 0.00155989 0.999999 -0.000845472 -0.000709491 0.00084697 1 0.0567915 0.0368702 -0.0566802
FixedParameters: 0 0 0

#Transform 77
Transform: AffineTransform_float_3_3
Parameters: 0.999998 -0.00163714 0.000289892 0.00163654 0.999998 -0.0011076 -0.000287858 0.00110783 0.999999 0.0753638 0.0364062 -0.0621255
FixedParameters: 0 0 0

#Transform 78
Transform: AffineTransform_float_3_3
Parameters: 0.999998 -0.0015921 0.000374614 0.00159283 0.999998 -0.000619568 -0.000373896 0.000620119 0.999999 0.0810049 0.0143188 -0.0609165
FixedParameters: 0 0 0

#Transform 79
Transform: AffineTransform_float_3_3
Parameters: 0.999998 -0.00157036 0.000887983 0.00157114 0.999998 -0.00109683 -0.000886136 0.00109853 0.999999 0.0587483 0.0201651 -0.0156917
FixedParameters: 0 0 0

#Transform 80
Transform: AffineTransform_float_3_3
Parameters: 0.999997 -0.00198677 0.00114974 0.00198778 0.999998 -0.000636188 -0.00114776 0.000637901 0.999999 0.0548018 0.0409199 -0.0182757
FixedParameters: 0 0 0

#Transform 81
Transform: AffineTransform_float_3_3
Parameters: 0.999996 -0.00221679 0.00127657 0.00221699 0.999998 -1.42708e-05 -0.00127614 1.75311e-05 0.999999 0.0514927 0.0153192 -0.0217026
FixedParameters: 0 0 0

#Transform 82
Transform: AffineTransform_float_3_3
Parameters: 0.999997 -0.00231835 0.00107625 0.00231897 0.999997 -0.000760878 -0.00107411 0.000764229 0.999999 0.0674802 0.00977477 -0.013259
FixedParameters: 0 0 0

#Transform 83
Transform: AffineTransform_float_3_3
Parameters: 0.999995 -0.00262898 0.00139107 0.00262893 0.999996 -9.35324e-05 -0.00139091 9.74452e-05 0.999999 0.0661066 0.0142203 -0.0297351
FixedParameters: 0 0 0

#Transform 84
Transform: AffineTransform_float_3_3
Parameters: 0.999995 -0.00260857 0.00137121 0.00260893 0.999996 -0.000445973 -0.00137004 0.000449644 0.999999 0.0714204 0.00645854 -0.0288975
FixedParameters: 0 0 0

#Transform 85
Transform: AffineTransform_float_3_3
Parameters: 0.999996 -0.00256098 0.00137399 0.00256121 0.999997 -0.000195785 -0.00137332 0.000199421 0.999999 0.0687694 0.0114304 -0.0318464
FixedParameters: 0 0 0

#Transform 86
Transform: AffineTransform_float_3_3
Parameters: 0.999996 -0.00258976 0.00130324 0.00259034 0.999996 -0.000129566 -0.00130209 0.000132992 0.999999 0.0747427 0.00938909 -0.0396426
FixedParameters: 0 0 0

#Transform 87
Transform: AffineTransform_float_3_3
Parameters: 0.999995 -0.00269236 0.00129078 0.00269247 0.999996 -0.000407741 -0.00128973 0.000411579 0.999998 0.0901717 0.0234898 -0.0551556
FixedParameters: 0 0 0

#Transform 88
Transform: AffineTransform_float_3_3
Parameters: 0.999994 -0.0029801 0.00167247 0.00298037 0.999996 -0.000126176 -0.00167182 0.000130896 0.999999 0.0849498 0.0359619 -0.0582779
FixedParameters: 0 0 0

#Transform 89
Transform: AffineTransform_float_3_3
Parameters: 0.999993 -0.00334631 0.00166985 0.003347 0.999994 -0.000227688 -0.0016683 0.00023269 0.999999 0.101247 0.0232265 -0.0507471
FixedParameters: 0 0 0

#Transform 90
Transform: AffineTransform_float_3_3
Parameters: 0.99999 -0.00388105 0.0021516 0.0038806 0.999993 -8.01541e-07 -0.00215201 8.85546e-06 0.999998 0.0982753 0.0354199 -0.0493702
FixedParameters: 0 0 0

#Transform 91
Transform: AffineTransform_float_3_3
Parameters: 0.999989 -0.00389961 0.00243928 0.00390063 0.999992 -0.000394918 -0.00243741 0.000403542 0.999997 0.095381 0.0276732 -0.0355474
FixedParameters: 0 0 0

#Transform 92
Transform: AffineTransform_float_3_3
Parameters: 0.999988 -0.00419698 0.00230081 0.00419652 0.999991 -0.000118249 -0.00230092 0.000128282 0.999997 0.0996572 0.0348709 -0.0442224
FixedParameters: 0 0 0

#Transform 93
Transform: AffineTransform_float_3_3
Parameters: 0.999988 -0.00435232 0.00228164 0.00435269 0.999991 -0.00028246 -0.00228017 0.000292113 0.999997 0.10886 0.0178666 -0.043401
FixedParameters: 0 0 0

#Transform 94
Transform: AffineTransform_float_3_3
Parameters: 0.999987 -0.00454131 0.00231161 0.00454211 0.99999 -5.72674e-05 -0.0023117 6.72107e-05 0.999997 0.114257 0.0361177 -0.0636342
FixedParameters: 0 0 0

#Transform 95
Transform: AffineTransform_float_3_3
Parameters: 0.999987 -0.0046166 0.00246926 0.00461661 0.999989 -3.23885e-05 -0.00246893 4.41451e-05 0.999997 0.117703 0.0383944 -0.0684959
FixedParameters: 0 0 0

#Transform 96
Transform: AffineTransform_float_3_3
Parameters: 0.999988 -0.00430689 0.00227918 0.00430879 0.999991 -0.000437964 -0.00227696 0.00044738 0.999997 0.118908 0.0165803 -0.0427279
FixedParameters: 0 0 0

#Transform 97
Transform: AffineTransform_float_3_3
Parameters: 0.999988 -0.00442159 0.00214823 0.00442098 0.99999 5.65448e-05 -0.0021489 -4.76695e-05 0.999998 0.119255 0.0491953 -0.0743769
FixedParameters: 0 0 0

#Transform 98
Transform: AffineTransform_float_3_3
Parameters: 0.999987 -0.00442827 0.00224869 0.00442747 0.99999 0.000216881 -0.00224995 -0.000207005 0.999997 0.112342 0.0403098 -0.0605366
FixedParameters: 0 0 0

#Transform 99
Transform: AffineTransform_float_3_3
Parameters: 0.999989 -0.00416079 0.00195782 0.00416043 0.999991 -4.34753e-05 -0.00195787 5.14894e-05 0.999998 0.129147 0.0213385 -0.0674233
FixedParameters: 0 0 0

#Transform 100
Transform: AffineTransform_float_3_3
Parameters: 0.999989 -0.00430179 0.00195072 0.00430155 0.99999 0.000367624 -0.00195171 -0.0003598 0.999998 0.12602 0.053414 -0.101192
FixedParameters: 0 0 0

#Transform 101
Transform: AffineTransform_float_3_3
Parameters: 0.999988 -0.00434609 0.00192152 0.00434531 0.99999 0.000656223 -0.00192423 -0.000648395 0.999998 0.126156 0.0484557 -0.102205
FixedParameters: 0 0 0

#Transform 102
Transform: AffineTransform_float_3_3
Parameters: 0.99999 -0.00392508 0.0017541 0.00392462 0.999992 0.000271607 -0.00175512 -0.00026503 0.999998 0.130875 0.0206201 -0.0794813
FixedParameters: 0 0 0

#Transform 103
Transform: AffineTransform_float_3_3
Parameters: 0.99999 -0.00406793 0.00171963 0.00406737 0.999991 0.000483143 -0.00172155 -0.000475887 0.999998 0.129217 0.0453776 -0.0988406
FixedParameters: 0 0 0

#Transform 104
Transform: AffineTransform_float_3_3
Parameters: 0.999994 -0.00322057 0.00135177 0.00321926 0.999995 0.000297881 -0.00135239 -0.000293964 0.999999 0.117447 0.0270006 -0.0789306
FixedParameters: 0 0 0

#Transform 105
Transform: AffineTransform_float_3_3
Parameters: 0.999993 -0.00344145 0.00139035 0.00344114 0.999994 0.000226407 -0.00139105 -0.000222186 0.999999 0.129408 0.0295436 -0.0718979
FixedParameters: 0 0 0

#Transform 106
Transform: AffineTransform_float_3_3
Parameters: 0.999991 -0.00377884 0.00155031 0.00377796 0.999992 0.000768926 -0.00155349 -0.000763313 0.999998 0.139775 0.0196876 -0.0733232
FixedParameters: 0 0 0

#Transform 107
Transform: AffineTransform_float_3_3
Parameters: 0.99999 -0.00404617 0.00188981 0.00404381 0.999991 0.000847998 -0.00189324 -0.000840648 0.999998 0.142285 0.00997157 -0.0549267
FixedParameters: 0 0 0

#Transform 108
Transform: AffineTransform_float_3_3
Parameters: 0.999985 -0.00476869 0.00246322 0.00476741 0.999989 0.000426132 -0.00246555 -0.000414072 0.999996 0.15632 0.00279903 -0.0293701
FixedParameters: 0 0 0

#Transform 109
Transform: AffineTransform_float_3_3
Parameters: 0.999994 -0.00290395 0.00192582 0.00290645 0.999994 -0.00141875 -0.00192186 0.00142391 0.999997 0.115014 -0.0291141 0.0577447
FixedParameters: 0 0 0

#Transform 110
Transform: AffineTransform_float_3_3
Parameters: 0.999993 -0.00304307 0.00176798 0.00304076 0.999995 0.0011938 -0.00177212 -0.00118797 0.999998 0.123686 -0.102374 0.0583809
FixedParameters: 0 0 0

#Transform 111
Transform: AffineTransform_float_3_3
Parameters: 0.999992 -0.00353536 0.0019433 0.00353169 0.999992 0.00229241 -0.00195116 -0.00228551 0.999995 0.125721 -0.0498156 0.0288262
FixedParameters: 0 0 0

#Transform 112
Transform: AffineTransform_float_3_3
Parameters: 0.999991 -0.00381273 0.00181898 0.00380797 0.999989 0.0024674 -0.00182738 -0.0024612 0.999995 0.130237 -0.0944626 0.0849317
FixedParameters: 0 0 0

#Transform 113
Transform: AffineTransform_float_3_3
Parameters: 0.999993 -0.00355286 0.00179816 0.00354807 0.999991 0.00253466 -0.00180738 -0.00252779 0.999995 0.121063 -0.0828307 0.0737064
FixedParameters: 0 0 0

#Transform 114
Transform: AffineTransform_float_3_3
Parameters: 0.99999 -0.0037989 0.00207549 0.00379316 0.999988 0.00314052 -0.00208775 -0.00313257 0.999993 0.118931 -0.0865734 0.0592592
FixedParameters: 0 0 0

#Transform 115
Transform: AffineTransform_float_3_3
Parameters: 0.99999 -0.00397071 0.00225408 0.0039664 0.99999 0.00206291 -0.00226274 -0.00205322 0.999996 0.130025 -0.111762 0.0711674
FixedParameters: 0 0 0

#Transform 116
Transform: AffineTransform_float_3_3
Parameters: 0.999992 -0.00326589 0.00211069 0.00326139 0.999992 0.00196586 -0.00211771 -0.00195897 0.999995 0.103995 -0.0916567 0.0629414
FixedParameters: 0 0 0

#Transform 117
Transform: AffineTransform_float_3_3
Parameters: 0.999993 -0.00298019 0.00218945 0.00297429 0.999991 0.00296738 -0.00219804 -0.0029603 0.999993 0.0900676 -0.0896579 0.0611822
FixedParameters: 0 0 0

#Transform 118
Transform: AffineTransform_float_3_3
Parameters: 0.999992 -0.00347167 0.00216121 0.00346729 0.999992 0.00224305 -0.00216844 -0.00223526 0.999995 0.118644 -0.114585 0.0704384
FixedParameters: 0 0 0

#Transform 119
Transform: AffineTransform_float_3_3
Parameters: 0.999992 -0.00333805 0.00233797 0.00333156 0.999992 0.00262929 -0.00234644 -0.00262119 0.999994 0.102416 -0.0847533 0.0491812
FixedParameters: 0 0 0

#Transform 120
Transform: AffineTransform_float_3_3
Parameters: 0.999991 -0.00346012 0.00255673 0.00345229 0.99999 0.00304463 -0.0025676 -0.00303559 0.999992 0.0982626 -0.0911547 0.0438685
FixedParameters: 0 0 0

#Transform 121
Transform: AffineTransform_float_3_3
Parameters: 0.999992 -0.0033323 0.00223276 0.00332726 0.999992 0.00233533 -0.00223999 -0.00232804 0.999995 0.113725 -0.0929504 0.0358305
FixedParameters: 0 0 0

#Transform 122
Transform: AffineTransform_float_3_3
Parameters: 0.999992 -0.00304852 0.00239305 0.0030408 0.99999 0.00329802 -0.00240246 -0.00329055 0.999992 0.0959307 -0.0610243 0.0130725
FixedParameters: 0 0 0

#Transform 123
Transform: AffineTransform_float_3_3
Parameters: 0.99999 -0.00359434 0.00244964 0.00358652 0.99999 0.00289385 -0.00246037 -0.00288553 0.999992 0.10894 -0.0652014 0.00880908
FixedParameters: 0 0 0

#Transform 124
Transform: AffineTransform_float_3_3
Parameters: 0.999989 -0.00390637 0.00244195 0.00390076 0.99999 0.00248278 -0.00245108 -0.00247353 0.999994 0.120022 -0.0563436 -0.000295698
FixedParameters: 0 0 0

#Transform 125
Transform: AffineTransform_float_3_3
Parameters: 0.99999 -0.00367668 0.00258497 0.00366893 0.999989 0.0027741 -0.00259523 -0.00276474 0.999993 0.111668 -0.0484567 -0.0153134
FixedParameters: 0 0 0

#Transform 126
Transform: AffineTransform_float_3_3
Parameters: 0.999988 -0.00399394 0.00274257 0.00398765 0.99999 0.00217585 -0.00275125 -0.00216429 0.999994 0.1268 -0.0558903 0.0090975
FixedParameters: 0 0 0

#Transform 127
Transform: AffineTransform_float_3_3
Parameters: 0.999988 -0.00397012 0.00290145 0.00396339 0.999989 0.00249164 -0.00291134 -0.00248009 0.999992 0.117032 -0.0529351 -0.00279787
FixedParameters: 0 0 0

#Transform 128
Transform: AffineTransform_float_3_3
Parameters: 0.999986 -0.00424962 0.00297427 0.00424318 0.999989 0.00221005 -0.00298467 -0.00219734 0.999993 0.128721 -0.0650876 0.0188294
FixedParameters: 0 0 0

#Transform 129
Transform: AffineTransform_float_3_3
Parameters: 0.999985 -0.00446235 0.0030126 0.00445542 0.999988 0.00221887 -0.00302251 -0.00220503 0.999993 0.133477 -0.0575696 0.007919
FixedParameters: 0 0 0

#Transform 130
Transform: AffineTransform_float_3_3
Parameters: 0.999987 -0.00423116 0.00288594 0.00422446 0.999988 0.00237128 -0.00289543 -0.00235927 0.999993 0.135383 -0.06231 0.028656
FixedParameters: 0 0 0

#Transform 131
Transform: AffineTransform_float_3_3
Parameters: 0.999987 -0.00430176 0.00304429 0.00429581 0.999989 0.00198113 -0.00305221 -0.00196843 0.999993 0.131205 -0.0446302 0.00340693
FixedParameters: 0 0 0

#Transform 132
Transform: AffineTransform_float_3_3
Parameters: 0.999986 -0.00439427 0.00318589 0.00438639 0.999987 0.00258548 -0.00319754 -0.00257202 0.999992 0.121538 -0.044115 -0.00179375
FixedParameters: 0 0 0

#Transform 133
Transform: AffineTransform_float_3_3
Parameters: 0.999986 -0.00428012 0.00296966 0.0042751 0.99999 0.00166272 -0.00297652 -0.00164965 0.999994 0.142362 -0.0572363 0.0156455
FixedParameters: 0 0 0

#Transform 134
Transform: AffineTransform_float_3_3
Parameters: 0.999983 -0.00474856 0.00346912 0.00474186 0.999986 0.00209165 -0.00347923 -0.00207526 0.999992 0.131534 -0.0276783 -0.0171006
FixedParameters: 0 0 0

#Transform 135
Transform: AffineTransform_float_3_3
Parameters: 0.999981 -0.00489246 0.00364913 0.00488534 0.999986 0.00205941 -0.00365937 -0.00204248 0.999991 0.129102 -0.043505 -0.00346045
FixedParameters: 0 0 0

#Transform 136
Transform: AffineTransform_float_3_3
Parameters: 0.999982 -0.00478248 0.00362141 0.00477576 0.999986 0.00195183 -0.00363104 -0.00193512 0.999992 0.131624 -0.043359 -0.0108122
FixedParameters: 0 0 0

#Transform 137
Transform: AffineTransform_float_3_3
Parameters: 0.999981 -0.00491816 0.00392817 0.00491083 0.999986 0.00198001 -0.00393754 -0.00196144 0.99999 0.130177 -0.0488566 -0.0076799
FixedParameters: 0 0 0

#Transform 138
Transform: AffineTransform_float_3_3
Parameters: 0.999982 -0.00497584 0.00359519 0.00497046 0.999986 0.00179005 -0.00360387 -0.00177182 0.999992 0.133996 -0.0450617 0.00266509
FixedParameters: 0 0 0

#Transform 139
Transform: AffineTransform_float_3_3
Parameters: 0.99998 -0.00511275 0.00366621 0.00510587 0.999985 0.00176448 -0.00367533 -0.00174554 0.999992 0.136292 -0.0441962 -0.0036746
FixedParameters: 0 0 0

#Transform 140
Transform: AffineTransform_float_3_3
Parameters: 0.99998 -0.00516442 0.00359438 0.00515792 0.999985 0.00172646 -0.00360327 -0.00170715 0.999992 0.142888 -0.0421589 -0.00340148
FixedParameters: 0 0 0

#Transform 141
Transform: AffineTransform_float_3_3
Parameters: 0.999978 -0.00526584 0.00389212 0.00525782 0.999984 0.00190046 -0.00390214 -0.00187978 0.99999 0.13585 -0.0380592 -0.00628899
FixedParameters: 0 0 0

#Transform 142
Transform: AffineTransform_float_3_3
Parameters: 0.999978 -0.00535759 0.00383868 0.00535257 0.999985 0.0015009 -0.00384697 -0.00148024 0.999992 0.141544 -0.0279674 -0.00599469
FixedParameters: 0 0 0

#Transform 143
Transform: AffineTransform_float_3_3
Parameters: 0.999978 -0.00535977 0.00379434 0.00535283 0.999984 0.00179735 -0.0038036 -0.00177662 0.999991 0.137406 -0.0241221 -0.00589098
FixedParameters: 0 0 0

#Transform 144
Transform: AffineTransform_float_3_3
Parameters: 0.999979 -0.00525005 0.00375493 0.00524366 0.999985 0.00152357 -0.00376352 -0.00150377 0.999992 0.144983 -0.028976 -0.0060091
FixedParameters: 0 0 0

#Transform 145
Transform: AffineTransform_float_3_3
Parameters: 0.999979 -0.00521145 0.00386366 0.00520428 0.999985 0.00174194 -0.00387268 -0.00172114 0.999991 0.135006 -0.0254888 -0.0155219
FixedParameters: 0 0 0

#Transform 146
Transform: AffineTransform_float_3_3
Parameters: 0.99998 -0.00516237 0.00366411 0.00515744 0.999986 0.0011996 -0.00367074 -0.00118119 0.999992 0.14489 -0.0256288 0.000792152
FixedParameters: 0 0 0

#Transform 147
Transform: AffineTransform_float_3_3
Parameters: 0.999981 -0.00498039 0.00362866 0.00497427 0.999987 0.00160072 -0.00363654 -0.0015819 0.999992 0.135583 -0.0314987 -0.00803595
FixedParameters: 0 0 0

#Transform 148
Transform: AffineTransform_float_3_3
Parameters: 0.999982 -0.00503971 0.00351539 0.00503312 0.999986 0.001785 -0.00352449 -0.00176645 0.999992 0.14688 -0.055896 0.0114045
FixedParameters: 0 0 0

#Transform 149
Transform: AffineTransform_float_3_3
Parameters: 0.99998 -0.00514595 0.00360339 0.00513908 0.999984 0.00187052 -0.00361289 -0.0018519 0.999992 0.156136 -0.0452334 -0.000894483
FixedParameters: 0 0 0

#Transform 150
Transform: AffineTransform_float_3_3
Parameters: 0.999979 -0.0054217 0.00364947 0.00541443 0.999984 0.00190203 -0.00366009 -0.00188202 0.999991 0.152575 -0.0402055 -0.00413764
FixedParameters: 0 0 0

#Transform 151
Transform: AffineTransform_float_3_3
Parameters: 0.99998 -0.00523756 0.00353708 0.00523262 0.999985 0.00132059 -0.00354433 -0.00130288 0.999993 0.160852 -0.0416757 0.00963339
FixedParameters: 0 0 0

#Transform 152
Transform: AffineTransform_float_3_3
Parameters: 0.999979 -0.00544722 0.0037351 0.00543987 0.999984 0.00189038 -0.00374558 -0.00187055 0.999992 0.152031 -0.0450672 0.0114344
FixedParameters: 0 0 0

#Transform 153
Transform: AffineTransform_float_3_3
Parameters: 0.999979 -0.00538429 0.00361401 0.00537957 0.999985 0.00135987 -0.00362104 -0.00134076 0.999992 0.164237 -0.0518228 0.0161254
FixedParameters: 0 0 0

#Transform 154
Transform: AffineTransform_float_3_3
Parameters: 0.999979 -0.00547813 0.00366647 0.00547057 0.999983 0.00216819 -0.00367763 -0.00214826 0.999991 0.153782 -0.0565654 0.018246
FixedParameters: 0 0 0

#Transform 155
Transform: AffineTransform_float_3_3
Parameters: 0.999978 -0.0055925 0.00368602 0.00558744 0.999983 0.00145434 -0.00369384 -0.00143283 0.999992 0.167682 -0.0656003 0.0288764
FixedParameters: 0 0 0

#Transform 156
Transform: AffineTransform_float_3_3
Parameters: 0.999977 -0.00574016 0.00363199 0.00573377 0.999982 0.00187667 -0.00364245 -0.00185593 0.999992 0.16255 -0.0580583 0.0289702
FixedParameters: 0 0 0

#Transform 157
Transform: AffineTransform_float_3_3
Parameters: 0.999977 -0.00578493 0.0035389 0.00577788 0.999981 0.00208489 -0.0035511 -0.00206445 0.999991 0.165268 -0.0626105 0.0117238
FixedParameters: 0 0 0

#Transform 158
Transform: AffineTransform_float_3_3
Parameters: 0.999979 -0.00547349 0.00340177 0.00546873 0.999985 0.00132475 -0.00340954 -0.00130666 0.999993 0.173328 -0.066222 0.0273867
FixedParameters: 0 0 0

#Transform 159
Transform: AffineTransform_float_3_3
Parameters: 0.999982 -0.00508202 0.00317569 0.00507772 0.999986 0.00140554 -0.00318281 -0.00138994 0.999994 0.163101 -0.0447381 0.0155578
FixedParameters: 0 0 0

#Transform 160
Transform: AffineTransform_float_3_3
Parameters: 0.99998 -0.00530063 0.00334644 0.00529583 0.999985 0.00150533 -0.00335427 -0.00148737 0.999994 0.154079 -0.06707 0.0346184
FixedParameters: 0 0 0

#Transform 161
Transform: AffineTransform_float_3_3
Parameters: 0.99998 -0.00548259 0.00329057 0.00547795 0.999984 0.00144261 -0.00329888 -0.00142466 0.999993 0.160127 -0.0706854 0.0399549
FixedParameters: 0 0 0

#Transform 162
Transform: AffineTransform_float_3_3
Parameters: 0.99998 -0.00525614 0.00342068 0.00525124 0.999985 0.00149738 -0.0034283 -0.00147931 0.999994 0.14524 -0.0704732 0.0456596
FixedParameters: 0 0 0

#Transform 163
Transform: AffineTransform_float_3_3
Parameters: 0.99998 -0.00527604 0.00349188 0.00527309 0.999985 0.000972711 -0.00349642 -0.000953992 0.999993 0.150372 -0.0807799 0.0522328
FixedParameters: 0 0 0

#Transform 164
Transform: AffineTransform_float_3_3
Parameters: 0.999978 -0.0056594 0.00347762 0.00565512 0.999983 0.0013378 -0.00348501 -0.00131843 0.999993 0.145687 -0.0707371 0.0578526
FixedParameters: 0 0 0

#Transform 165
Transform: AffineTransform_float_3_3
Parameters: 0.999984 -0.00492216 0.00293916 0.00491615 0.999986 0.00182759 -0.00294802 -0.00181331 0.999994 0.144006 -0.0970303 0.0796254
FixedParameters: 0 0 0

#Transform 166
Transform: AffineTransform_float_3_3
Parameters: 0.999982 -0.00520779 0.00307716 0.00520399 0.999985 0.00129056 -0.00308416 -0.00127489 0.999994 0.153664 -0.0859318 0.0639876
FixedParameters: 0 0 0

#Transform 167
Transform: AffineTransform_float_3_3
Parameters: 0.999981 -0.00522931 0.00311617 0.00522548 0.999985 0.00135409 -0.00312318 -0.00133687 0.999994 0.156298 -0.0852884 0.0603711
FixedParameters: 0 0 0

#Transform 168
Transform: AffineTransform_float_3_3
Parameters: 0.999981 -0.00524466 0.00311521 0.00524074 0.999985 0.00129496 -0.00312235 -0.00127866 0.999994 0.150141 -0.0847616 0.0594538
FixedParameters: 0 0 0

#Transform 169
Transform: AffineTransform_float_3_3
Parameters: 0.999982 -0.00517346 0.00321768 0.005171 0.999986 0.00095388 -0.00322194 -0.000937421 0.999994 0.160289 -0.0916499 0.065414
FixedParameters: 0 0 0

#Transform 170
Transform: AffineTransform_float_3_3
Parameters: 0.999984 -0.00487014 0.00300756 0.0048674 0.999988 0.00103783 -0.00301232 -0.00102353 0.999995 0.152637 -0.0631469 0.0421979
FixedParameters: 0 0 0

#Transform 171
Transform: AffineTransform_float_3_3
Parameters: 0.999983 -0.00497119 0.00315881 0.0049688 0.999988 0.000771923 -0.00316265 -0.00075659 0.999995 0.158745 -0.0782372 0.0608882
FixedParameters: 0 0 0

#Transform 172
Transform: AffineTransform_float_3_3
Parameters: 0.999984 -0.00493084 0.0029047 0.00492729 0.999986 0.00139132 -0.00291153 -0.00137657 0.999995 0.161308 -0.0659399 0.037316
FixedParameters: 0 0 0

#Transform 173
Transform: AffineTransform_float_3_3
Parameters: 0.999983 -0.00498485 0.00291689 0.00497959 0.999987 0.00151204 -0.00292446 -0.00149741 0.999995 0.163976 -0.0506952 0.0238123
FixedParameters: 0 0 0

#Transform 174
Transform: AffineTransform_float_3_3
Parameters: 0.999983 -0.0050567 0.00301001 0.0050536 0.999987 0.00109909 -0.00301564 -0.00108419 0.999995 0.16827 -0.0565863 0.0377614
FixedParameters: 0 0 0

#Transform 175
Transform: AffineTransform_float_3_3
Parameters: 0.999983 -0.00501355 0.00300532 0.0050086 0.999987 0.00144162 -0.00301219 -0.00142593 0.999995 0.163254 -0.0411312 0.016904
FixedParameters: 0 0 0

#Transform 176
Transform: AffineTransform_float_3_3
Parameters: 0.999982 -0.00504265 0.00313797 0.0050408 0.999987 0.000779341 -0.00314117 -0.000763688 0.999995 0.166945 -0.0542754 0.0453477
FixedParameters: 0 0 0

#Transform 177
Transform: AffineTransform_float_3_3
Parameters: 0.999983 -0.00500523 0.0030139 0.00500103 0.999987 0.00111931 -0.00301913 -0.00110468 0.999995 0.164645 -0.0458074 0.0192032
FixedParameters: 0 0 0

#Transform 178
Transform: AffineTransform_float_3_3
Parameters: 0.999982 -0.00509548 0.00306841 0.00509113 0.999986 0.00152761 -0.00307609 -0.00151164 0.999994 0.162218 -0.0478688 0.0191631
FixedParameters: 0 0 0

#Transform 179
Transform: AffineTransform_float_3_3
Parameters: 0.999982 -0.00516233 0.00320089 0.00515924 0.999986 0.00113147 -0.00320613 -0.0011148 0.999994 0.174276 -0.0580085 0.0295324
FixedParameters: 0 0 0

#Transform 180
Transform: AffineTransform_float_3_3
Parameters: 0.99998 -0.00539318 0.00334774 0.00538922 0.999985 0.00131781 -0.00335445 -0.00129984 0.999993 0.166347 -0.052131 0.0291791
FixedParameters: 0 0 0

#Transform 181
Transform: AffineTransform_float_3_3
Parameters: 0.999983 -0.00502382 0.00308241 0.00501903 0.999986 0.0016043 -0.00309066 -0.001589 0.999994 0.152607 -0.0696242 0.0435845
FixedParameters: 0 0 0

#Transform 182
Transform: AffineTransform_float_3_3
Parameters: 0.999984 -0.004892 0.00301914 0.00488886 0.999987 0.00110081 -0.00302455 -0.00108626 0.999995 0.165227 -0.0852296 0.0563013
FixedParameters: 0 0 0

#Transform 183
Transform: AffineTransform_float_3_3
Parameters: 0.999981 -0.00522281 0.00321311 0.00521691 0.999985 0.00168312 -0.0032213 -0.00166607 0.999994 0.16139 -0.0603239 0.0263856
FixedParameters: 0 0 0

#Transform 184
Transform: AffineTransform_float_3_3
Parameters: 0.999981 -0.0051989 0.0032715 0.00519425 0.999986 0.00150394 -0.00327914 -0.00148651 0.999994 0.170073 -0.0768894 0.0517297
FixedParameters: 0 0 0

#Transform 185
Transform: AffineTransform_float_3_3
Parameters: 0.999991 -0.00378142 0.00178547 0.00377887 0.999993 0.0010604 -0.00178947 -0.00105291 0.999998 0.127327 -0.125841 0.127049
FixedParameters: 0 0 0

#Transform 186
Transform: AffineTransform_float_3_3
Parameters: 0.999997 -0.00230089 0.000672865 0.00229893 0.999994 0.00279165 -0.000678774 -0.00279039 0.999996 0.130067 -0.133159 0.103376
FixedParameters: 0 0 0

#Transform 187
Transform: AffineTransform_float_3_3
Parameters: 0.999997 -0.00234233 0.000880659 0.00233854 0.999984 0.00516837 -0.000893331 -0.00516556 0.999986 0.104924 -0.084308 0.0776754
FixedParameters: 0 0 0

#Transform 188
Transform: AffineTransform_float_3_3
Parameters: 0.999997 -0.00203293 0.000948593 0.00202792 0.999982 0.00583192 -0.000960759 -0.00583026 0.999982 0.0958423 -0.100089 0.0944085
FixedParameters: 0 0 0

#Transform 189
Transform: AffineTransform_float_3_3
Parameters: 0.999998 -0.00181786 0.00096307 0.00181255 0.999982 0.0057385 -0.000973144 -0.00573765 0.999983 0.0989388 -0.133112 0.134666
FixedParameters: 0 0 0
