#Insight Transform File V1.0
#Transform 0
Transform: AffineTransform_float_3_3
Parameters: 0.999998 0.00230525 -0.000166886 -0.00230533 0.999997 -0.00103524 0.000164535 0.00103637 0.999999 -0.0362949 0.0376979 -0.0637254
FixedParameters: 0 0 0

#Transform 1
Transform: AffineTransform_float_3_3
Parameters: 0.999998 0.0022145 -0.000185257 -0.00221401 0.999998 -0.000342641 0.00018477 0.000343362 1 -0.0388063 0.0448926 -0.0578468
FixedParameters: 0 0 0

#Transform 2
Transform: AffineTransform_float_3_3
Parameters: 0.999997 0.00240266 -0.000354124 -0.00240374 0.999997 -0.000459375 0.000352812 0.000460352 0.999999 -0.0309588 0.0181348 -0.0364029
FixedParameters: 0 0 0

#Transform 3
Transform: AffineTransform_float_3_3
Parameters: 0.999997 0.00213044 -1.53963e-05 -0.00212999 0.999998 -0.000634794 1.36487e-05 0.000634752 1 -0.0293767 0.0351007 -0.0662012
FixedParameters: 0 0 0

#Transform 4
Transform: AffineTransform_float_3_3
Parameters: 0.999998 0.00206549 -0.000113456 -0.00206518 0.999998 -0.000733324 0.000111382 0.000733685 1 -0.0408366 0.0344194 -0.0541479
FixedParameters: 0 0 0

#Transform 5
Transform: AffineTransform_float_3_3
Parameters: 0.999998 0.00199559 -0.00026759 -0.00199645 0.999998 -0.000970967 0.00026523 0.000971935 0.999999 -0.0345414 0.0298841 -0.0200972
FixedParameters: 0 0 0

#Transform 6
Transform: AffineTransform_float_3_3
Parameters: 0.999998 0.00194072 -0.00010652 -0.00194075 0.999998 -0.00109125 0.000104623 0.00109164 0.999999 -0.0427556 0.037533 -0.0201991
FixedParameters: 0 0 0

#Transform 7
Transform: AffineTransform_float_3_3
Parameters: 0.999998 0.00198087 0.000112909 -0.00198038 0.999997 -0.00125728 -0.000115549 0.00125681 0.999999 -0.0535541 0.0506807 -0.02206
FixedParameters: 0 0 0

#Transform 8
Transform: AffineTransform_float_3_3
Parameters: 0.999998 0.00220992 -2.49064e-05 -0.00221007 0.999996 -0.00168466 2.11813e-05 0.00168483 0.999999 -0.0418512 0.0248738 0.0145069
FixedParameters: 0 0 0

#Transform 9
Transform: AffineTransform_float_3_3
Parameters: 0.999999 0.00180906 0.00022747 -0.0018096 0.999997 -0.00120048 -0.000229742 0.0011992 0.999999 -0.0545519 0.0492551 -0.0123321
FixedParameters: 0 0 0

#Transform 10
Transform: AffineTransform_float_3_3
Parameters: 0.999998 0.00194334 0.000136879 -0.00194362 0.999997 -0.00122014 -0.00013872 0.00121959 0.999999 -0.0498197 0.0224363 0.0131576
FixedParameters: 0 0 0

#Transform 11
Transform: AffineTransform_float_3_3
Parameters: 0.999998 0.00190995 0.000162577 -0.00191022 0.999998 -0.00129087 -0.000164726 0.00129116 0.999999 -0.0505583 0.0225306 0.00919344
FixedParameters: 0 0 0

#Transform 12
Transform: AffineTransform_float_3_3
Parameters: 0.999998 0.00185575 0.000171763 -0.00185582 0.999998 -0.00064319 -0.000172674 0.000643383 1 -0.0561973 0.0207795 0.016893
FixedParameters: 0 0 0

#Transform 13
Transform: AffineTransform_float_3_3
Parameters: 0.999998 0.00161066 -7.50157e-05 -0.00161031 0.999998 -0.000794932 7.32847e-05 0.00079562 1 -0.0577041 0.00236374 0.0444374
FixedParameters: 0 0 0

#Transform 14
Transform: AffineTransform_float_3_3
Parameters: 0.999999 0.00126236 -0.000161645 -0.00126201 0.999999 -0.000643748 0.000160968 0.000643681 0.999999 -0.0304154 -0.0176804 0.0407931
FixedParameters: 0 0 0

#Transform 15
Transform: AffineTransform_float_3_3
Parameters: 1 0.00106254 -3.18411e-05 -0.0010621 0.999999 0.000357658 3.12942e-05 -0.000357673 1 -0.029509 -0.0106136 0.0313493
FixedParameters: 0 0 0

#Transform 16
Transform: AffineTransform_float_3_3
Parameters: 0.999999 0.000834052 -0.000220607 -0.000834477 0.999999 -0.000827982 0.000219268 0.000827421 1 -0.0202903 0.0339322 -0.00716682
FixedParameters: 0 0 0

#Transform 17
Transform: AffineTransform_float_3_3
Parameters: 1 0.00102914 -0.000467687 -0.0010294 0.999999 -0.000951791 0.000466665 0.000951909 0.999999 -0.0172066 0.0134707 -0.0140708
FixedParameters: 0 0 0

#Transform 18
Transform: AffineTransform_float_3_3
Parameters: 1 0.000241819 -0.000243624 -0.000242 0.999999 -0.00121506 0.000243782 0.00121525 0.999999 -0.0118164 0.0408948 -0.00920685
FixedParameters: 0 0 0

#Transform 19
Transform: AffineTransform_float_3_3
Parameters: 1 0.000332015 -4.96861e-05 -0.000331535 0.999999 -0.000719313 5.00301e-05 0.000719425 1 -0.0160409 0.0108615 -0.00360614
FixedParameters: 0 0 0

#Transform 20
Transform: AffineTransform_float_3_3
Parameters: 1 -0.000342737 5.20103e-05 0.000342819 0.999999 -0.000794893 -5.14653e-05 0.000794928 0.999999 0.0106175 0.0218662 -0.00512539
FixedParameters: 0 0 0

#Transform 21
Transform: AffineTransform_float_3_3
Parameters: 1 -0.000376674 0.000300413 0.000377073 0.999999 -0.000665648 -0.000299911 0.000665874 0.999999 -0.00280972 0.0216191 -0.00966074
FixedParameters: 0 0 0

#Transform 22
Transform: AffineTransform_float_3_3
Parameters: 1 -0.000403915 0.000268109 0.000404343 0.999999 -0.000799319 -0.000267462 0.000799536 0.999999 0.00187714 0.0198654 -0.00868047
FixedParameters: 0 0 0

#Transform 23
Transform: AffineTransform_float_3_3
Parameters: 1 -0.000338362 0.000241823 0.000337833 1 0.000965515 -0.000242434 -0.00096628 0.999999 0.00329268 0.000672534 -0.00902704
FixedParameters: 0 0 0

#Transform 24
Transform: AffineTransform_float_3_3
Parameters: 1 -0.000329242 0.000396782 0.000329755 0.999999 -0.000646594 -0.000396356 0.000646856 0.999999 0.00192984 0.0104479 -0.00751448
FixedParameters: 0 0 0

#Transform 25
Transform: AffineTransform_float_3_3
Parameters: 1 -0.000211284 0.000155109 0.000211022 0.999999 0.000844633 -0.000155466 -0.000844568 0.999999 0.0088933 0.0240002 -0.0357908
FixedParameters: 0 0 0

#Transform 26
Transform: AffineTransform_float_3_3
Parameters: 1 -0.00015413 0.000110153 0.000155129 1 0.00106204 -0.000110297 -0.00106194 1 0.0200812 -0.00384001 -0.0406498
FixedParameters: 0 0 0

#Transform 27
Transform: AffineTransform_float_3_3
Parameters: 1 -0.000290664 6.03913e-05 0.000290517 0.999998 0.00228763 -6.11261e-05 -0.00228753 0.999998 0.0183353 -0.0370439 -0.00100059
FixedParameters: 0 0 0

#Transform 28
Transform: AffineTransform_float_3_3
Parameters: 1 -0.000405158 7.81254e-06 0.000405313 0.999997 0.00222354 -9.06099e-06 -0.00222254 0.999998 0.0235765 -0.015859 -0.0127639
FixedParameters: 0 0 0

#Transform 29
Transform: AffineTransform_float_3_3
Parameters: 1 -0.000386502 -4.51793e-05 0.000386912 0.999998 0.0022362 4.41611e-05 -0.0022371 0.999997 0.0226255 -0.00620886 -0.026692
FixedParameters: 0 0 0

#Transform 30
Transform: AffineTransform_float_3_3
Parameters: 1 -0.000474975 -1.79253e-05 0.000475318 0.999998 0.00204735 1.665e-05 -0.0020473 0.999998 0.020829 -0.000792661 -0.0180589
FixedParameters: 0 0 0

#Transform 31
Transform: AffineTransform_float_3_3
Parameters: 0.999999 -0.000762573 2.83285e-05 0.000762593 0.999999 -0.000354238 -2.77882e-05 0.000354281 1 0.0198804 0.0274536 -0.0605907
FixedParameters: 0 0 0

#Transform 32
Transform: AffineTransform_float_3_3
Parameters: 1 -0.000713204 -6.11889e-05 0.00071306 0.999998 -0.00157774 6.19907e-05 0.00157793 0.999998 0.0337176 0.0397436 -0.0288445
FixedParameters: 0 0 0

#Transform 33
Transform: AffineTransform_float_3_3
Parameters: 0.999999 -0.000969441 0.000149732 0.00096903 0.999999 -0.00120687 -0.000148279 0.00120744 0.999999 0.0229481 0.0325325 -0.0433678
FixedParameters: 0 0 0

#Transform 34
Transform: AffineTransform_float_3_3
Parameters: 1 -0.00110428 0.000166476 0.00110413 0.999998 -0.00144232 -0.000164102 0.00144297 0.999998 0.0272886 0.0401472 -0.0411419
FixedParameters: 0 0 0

#Transform 35
Transform: AffineTransform_float_3_3
Parameters: 0.999999 -0.000895358 4.55297e-05 0.000895322 0.999998 -0.00218224 -4.32215e-05 0.00218259 0.999998 0.0336928 0.0271149 -0.0352391
FixedParameters: 0 0 0

#Transform 36
Transform: AffineTransform_float_3_3
Parameters: 1 -0.00109929 0.000186284 0.00110007 0.999998 -0.0017648 -0.00018386 0.00176511 0.999999 0.0240004 0.0582336 -0.0742611
FixedParameters: 0 0 0

#Transform 37
Transform: AffineTransform_float_3_3
Parameters: 0.999999 -0.00104374 7.82295e-05 0.00104412 0.999998 -0.00219333 -7.66319e-05 0.00219367 0.999998 0.0285537 0.0531787 -0.0636485
FixedParameters: 0 0 0

#Transform 38
Transform: AffineTransform_float_3_3
Parameters: 0.999999 -0.000997074 0.000102173 0.000998281 0.999997 -0.00195426 -0.000100368 0.00195436 0.999998 0.0274668 0.0620119 -0.0749351
FixedParameters: 0 0 0

#Transform 39
Transform: AffineTransform_float_3_3
Parameters: 0.999999 -0.000917873 0.000195402 0.000918099 0.999997 -0.00202189 -0.000194044 0.00202207 0.999998 0.0216475 0.0636519 -0.0849495
FixedParameters: 0 0 0

#Transform 40
Transform: AffineTransform_float_3_3
Parameters: 0.999999 -0.000923418 0.000104134 0.000923219 0.999996 -0.00243553 -0.000102066 0.00243554 0.999997 0.0292653 0.0629241 -0.0768241
FixedParameters: 0 0 0

#Transform 41
Transform: AffineTransform_float_3_3
Parameters: 0.999999 -0.000934153 0.000157029 0.000934192 0.999996 -0.00237215 -0.000155028 0.00237226 0.999997 0.0267251 0.081668 -0.0922933
FixedParameters: 0 0 0

#Transform 42
Transform: AffineTransform_float_3_3
Parameters: 0.999999 -0.000922463 0.000273259 0.000923004 0.999997 -0.00228002 -0.000271482 0.00228034 0.999998 0.0230481 0.0816117 -0.0893882
FixedParameters: 0 0 0

#Transform 43
Transform: AffineTransform_float_3_3
Parameters: 0.999999 -0.000829281 9.10117e-05 0.000829039 0.999996 -0.00254739 -8.92177e-05 0.00254735 0.999996 0.0328767 0.0675831 -0.0718214
FixedParameters: 0 0 0

#Transform 44
Transform: AffineTransform_float_3_3
Parameters: 0.999999 -0.00107161 0.000229461 0.00107191 0.999997 -0.00206308 -0.000227384 0.00206376 0.999997 0.0281288 0.0749977 -0.0779287
FixedParameters: 0 0 0

#Transform 45
Transform: AffineTransform_float_3_3
Parameters: 0.999999 -0.000898124 0.0001323 0.000898753 0.999995 -0.00300932 -0.000130035 0.00300936 0.999996 0.0402126 0.0676362 -0.0703282
FixedParameters: 0 0 0

#Transform 46
Transform: AffineTransform_float_3_3
Parameters: 1 -0.000415338 0.000297118 0.000416781 0.99999 -0.00457697 -0.000295522 0.00457707 0.99999 0.00966456 0.129288 -0.131343
FixedParameters: 0 0 0

#Transform 47
Transform: AffineTransform_float_3_3
Parameters: 1 -0.000541989 -2.87845e-05 0.000541807 0.999989 -0.00470666 3.19325e-05 0.00470655 0.999989 0.0352977 0.0842827 -0.105902
FixedParameters: 0 0 0

#Transform 48
Transform: AffineTransform_float_3_3
Parameters: 0.999999 -0.000788473 0.00023389 0.000789697 0.999993 -0.00374695 -0.00023126 0.00374747 0.999992 0.0192106 0.101461 -0.11445
FixedParameters: 0 0 0

#Transform 49
Transform: AffineTransform_float_3_3
Parameters: 1 -0.000628346 0.0002148 0.00062845 0.999994 -0.00317424 -0.000212009 0.0031744 0.999995 0.0207624 0.0831463 -0.104015
FixedParameters: 0 0 0

#Transform 50
Transform: AffineTransform_float_3_3
Parameters: 1 -0.000415527 0.000240261 0.000416269 0.999996 -0.00301497 -0.000238131 0.00301514 0.999996 0.0220873 0.0812445 -0.117572
FixedParameters: 0 0 0

#Transform 51
Transform: AffineTransform_float_3_3
Parameters: 1 8.22222e-05 0.000591594 -8.06009e-05 0.999997 -0.00235278 -0.000591652 0.0023523 0.999998 0.0228488 0.0707188 -0.12094
FixedParameters: 0 0 0

#Transform 52
Transform: AffineTransform_float_3_3
Parameters: 1 -0.000296188 0.000697307 0.00029737 0.999998 -0.00203313 -0.000696511 0.00203346 0.999997 0.0242352 0.0782171 -0.120075
FixedParameters: 0 0 0

#Transform 53
Transform: AffineTransform_float_3_3
Parameters: 1 -0.000318046 0.000609718 0.000319419 0.999996 -0.00271365 -0.000608551 0.00271395 0.999996 0.035336 0.0747144 -0.120803
FixedParameters: 0 0 0

#Transform 54
Transform: AffineTransform_float_3_3
Parameters: 1 -0.000311343 0.000570652 0.000313299 0.999996 -0.00256616 -0.000570097 0.00256642 0.999996 0.0261905 0.0877736 -0.134641
FixedParameters: 0 0 0

#Transform 55
Transform: AffineTransform_float_3_3
Parameters: 0.999999 -0.000282168 0.000752082 0.000284439 0.999998 -0.00206286 -0.000751885 0.0020632 0.999997 0.0207874 0.0759283 -0.12461
FixedParameters: 0 0 0

#Transform 56
Transform: AffineTransform_float_3_3
Parameters: 1 -0.000360274 0.000607234 0.000361985 0.999998 -0.00220957 -0.000606686 0.00220991 0.999998 0.0354396 0.0728669 -0.159065
FixedParameters: 0 0 0

#Transform 57
Transform: AffineTransform_float_3_3
Parameters: 0.999999 -0.000516378 0.000809996 0.000517759 0.999997 -0.00230056 -0.000808925 0.00230123 0.999997 0.0254408 0.0936414 -0.171544
FixedParameters: 0 0 0

#Transform 58
Transform: AffineTransform_float_3_3
Parameters: 1 -0.000148833 0.00076814 0.000152051 0.99999 -0.00443648 -0.00076726 0.00443659 0.99999 0.00761941 0.121249 -0.183318
FixedParameters: 0 0 0

#Transform 59
Transform: AffineTransform_float_3_3
Parameters: 1 -0.00041282 0.000538921 0.000414822 0.999992 -0.0039239 -0.000537921 0.00392414 0.999992 0.0249092 0.100355 -0.187599
FixedParameters: 0 0 0

#Transform 60
Transform: AffineTransform_float_3_3
Parameters: 0.999999 -0.00056889 0.00077525 0.000571011 0.999995 -0.00306445 -0.000773216 0.00306515 0.999995 0.0232618 0.0966534 -0.164805
FixedParameters: 0 0 0

#Transform 61
Transform: AffineTransform_float_3_3
Parameters: 0.999999 -0.000471956 0.000929463 0.000475117 0.999995 -0.00311441 -0.000927972 0.00311512 0.999994 0.0205761 0.106117 -0.170018
FixedParameters: 0 0 0

#Transform 62
Transform: AffineTransform_float_3_3
Parameters: 0.999999 -0.000650378 0.000676107 0.000652295 0.999993 -0.00346966 -0.000673122 0.00347035 0.999993 0.0482664 0.112106 -0.206128
FixedParameters: 0 0 0

#Transform 63
Transform: AffineTransform_float_3_3
Parameters: 0.999999 -0.000943479 0.000943602 0.000945827 0.999996 -0.00281572 -0.00094037 0.00281633 0.999995 0.0357511 0.10798 -0.183511
FixedParameters: 0 0 0

#Transform 64
Transform: AffineTransform_float_3_3
Parameters: 0.999999 -0.000534286 0.000971373 0.000536854 0.999995 -0.00309902 -0.000968952 0.00309989 0.999994 0.039518 0.099808 -0.179584
FixedParameters: 0 0 0

#Transform 65
Transform: AffineTransform_float_3_3
Parameters: 0.999999 -0.000773534 0.00111352 0.000777124 0.999996 -0.00263181 -0.00111075 0.002633 0.999996 0.0322688 0.109429 -0.198912
FixedParameters: 0 0 0

#Transform 66
Transform: AffineTransform_float_3_3
Parameters: 0.999999 -0.000700382 0.000791483 0.000702842 0.999995 -0.00304416 -0.000790052 0.00304501 0.999995 0.0439124 0.10829 -0.213659
FixedParameters: 0 0 0

#Transform 67
Transform: AffineTransform_float_3_3
Parameters: 0.999999 -0.000501294 0.000799834 0.000503499 0.999995 -0.00302217 -0.000798256 0.0030228 0.999995 0.0302198 0.113804 -0.216263
FixedParameters: 0 0 0

#Transform 68
Transform: AffineTransform_float_3_3
Parameters: 0.999999 -0.000445978 0.000922438 0.000449391 0.999994 -0.00335067 -0.000920973 0.00335131 0.999994 0.03344 0.109906 -0.212565
FixedParameters: 0 0 0

#Transform 69
Transform: AffineTransform_float_3_3
Parameters: 0.999999 -0.000499338 0.000943121 0.000502376 0.999996 -0.00300404 -0.000941571 0.00300481 0.999995 0.0324724 0.107359 -0.21528
FixedParameters: 0 0 0

#Transform 70
Transform: AffineTransform_float_3_3
Parameters: 0.999999 -0.00050465 0.000836658 0.000507493 0.999994 -0.0033545 -0.000834798 0.00335516 0.999994 0.0242614 0.111775 -0.192917
FixedParameters: 0 0 0

#Transform 71
Transform: AffineTransform_float_3_3
Parameters: 0.999999 -0.000518754 0.000816038 0.000521459 0.999994 -0.00335542 -0.000814083 0.00335608 0.999994 0.0284593 0.114169 -0.17482
FixedParameters: 0 0 0

#Transform 72
Transform: AffineTransform_float_3_3
Parameters: 0.999999 -0.000614663 0.000675821 0.000617258 0.999994 -0.00336167 -0.000673775 0.00336231 0.999994 0.0386429 0.103057 -0.186025
FixedParameters: 0 0 0

#Transform 73
Transform: AffineTransform_float_3_3
Parameters: 0.999999 -0.000536237 0.000790472 0.000538224 0.999994 -0.00335658 -0.000789222 0.00335717 0.999994 0.0241667 0.119452 -0.175609
FixedParameters: 0 0 0

#Transform 74
Transform: AffineTransform_float_3_3
Parameters: 0.999999 -0.000590786 0.000637306 0.000593252 0.999994 -0.00351327 -0.0006352 0.0035129 0.999993 0.0306359 0.107982 -0.207104
FixedParameters: 0 0 0

#Transform 75
Transform: AffineTransform_float_3_3
Parameters: 0.999999 -0.000745013 0.000626861 0.000747152 0.999994 -0.00315047 -0.000624179 0.00315122 0.999995 0.0441564 0.113905 -0.200353
FixedParameters: 0 0 0

#Transform 76
Transform: AffineTransform_float_3_3
Parameters: 0.999999 -0.000717618 0.000465653 0.000718585 0.999996 -0.00289662 -0.000463396 0.00289618 0.999996 0.0482153 0.104476 -0.173834
FixedParameters: 0 0 0

#Transform 77
Transform: AffineTransform_float_3_3
Parameters: 1 -0.000605409 0.000483806 0.000606617 0.999995 -0.00311686 -0.000482049 0.00311726 0.999995 0.0411843 0.103165 -0.182828
FixedParameters: 0 0 0

#Transform 78
Transform: AffineTransform_float_3_3
Parameters: 0.999999 -0.000811395 0.000565126 0.000812826 0.999996 -0.002743 -0.000562615 0.00274374 0.999996 0.0445984 0.104986 -0.186289
FixedParameters: 0 0 0

#Transform 79
Transform: AffineTransform_float_3_3
Parameters: 0.999999 -0.000736793 0.000445003 0.000738358 0.999996 -0.00295537 -0.000443215 0.0029562 0.999996 0.0507072 0.0957684 -0.20784
FixedParameters: 0 0 0

#Transform 80
Transform: AffineTransform_float_3_3
Parameters: 0.999999 -0.000908489 0.00057969 0.000910543 0.999996 -0.00238004 -0.00057779 0.00238091 0.999997 0.0432267 0.0945394 -0.190192
FixedParameters: 0 0 0

#Transform 81
Transform: AffineTransform_float_3_3
Parameters: 0.999999 -0.000723549 0.000331154 0.000724598 0.999995 -0.00286134 -0.000329516 0.00286163 0.999996 0.0538846 0.0988697 -0.211156
FixedParameters: 0 0 0

#Transform 82
Transform: AffineTransform_float_3_3
Parameters: 0.999999 -0.000708751 0.000401493 0.000709061 0.999997 -0.00228608 -0.000400121 0.00228648 0.999998 0.0355851 0.111242 -0.212343
FixedParameters: 0 0 0

#Transform 83
Transform: AffineTransform_float_3_3
Parameters: 0.999999 -0.000681055 0.000306638 0.00068239 0.999997 -0.00242727 -0.000304938 0.00242759 0.999997 0.0541009 0.0845043 -0.200696
FixedParameters: 0 0 0

#Transform 84
Transform: AffineTransform_float_3_3
Parameters: 0.999999 -0.00163347 -0.000572818 0.00163323 0.999998 -0.00114488 0.000574582 0.00114421 1 0.0828974 0.121824 -0.220947
FixedParameters: 0 0 0

#Transform 85
Transform: AffineTransform_float_3_3
Parameters: 0.999998 -0.00147999 -0.000551592 0.00148009 1 -0.000506747 0.000552548 0.000505845 0.999999 0.0886453 0.0796677 -0.224687
FixedParameters: 0 0 0

#Transform 86
Transform: AffineTransform_float_3_3
Parameters: 1 -0.00102936 0.000370309 0.00102968 0.999998 -0.0011915 -0.000368676 0.00119218 0.999999 0.0630401 0.0766679 -0.200075
FixedParameters: 0 0 0

#Transform 87
Transform: AffineTransform_float_3_3
Parameters: 1 -0.00104882 0.000720561 0.00105026 0.999998 -0.00191059 -0.000718227 0.00191101 0.999998 0.0674848 0.0637118 -0.245853
FixedParameters: 0 0 0

#Transform 88
Transform: AffineTransform_float_3_3
Parameters: 0.999999 -0.000653335 0.000533202 0.000653844 0.999999 -0.000476981 -0.000532578 0.000477677 0.999999 0.0230894 0.0662678 -0.213774
FixedParameters: 0 0 0

#Transform 89
Transform: AffineTransform_float_3_3
Parameters: 1 -0.00043945 0.000141528 0.000439317 0.999999 0.00170369 -0.000142238 -0.00170441 0.999998 0.00923347 0.105176 -0.175093
FixedParameters: 0 0 0

#Transform 90
Transform: AffineTransform_float_3_3
Parameters: 1 -0.000498325 0.000290763 0.000498186 0.999999 -0.000709852 -0.000290877 0.000710063 0.999999 0.00353621 0.126038 -0.182247
FixedParameters: 0 0 0

#Transform 91
Transform: AffineTransform_float_3_3
Parameters: 1 -0.000411444 0.000156869 0.000411154 0.999999 -0.00127946 -0.000156713 0.0012795 0.999999 0.0120025 0.128217 -0.212847
FixedParameters: 0 0 0

#Transform 92
Transform: AffineTransform_float_3_3
Parameters: 1 -0.000496917 0.000313907 0.000497006 0.999999 -0.00124298 -0.000313568 0.00124321 0.999999 0.00758643 0.103915 -0.207857
FixedParameters: 0 0 0

#Transform 93
Transform: AffineTransform_float_3_3
Parameters: 1 -0.000169936 0.00017553 0.000170226 0.999999 -0.000826844 -0.000175249 0.000826903 0.999999 -0.00376371 0.133668 -0.236616
FixedParameters: 0 0 0

#Transform 94
Transform: AffineTransform_float_3_3
Parameters: 1 -0.000216352 0.000318891 0.000216919 0.999999 -0.000890178 -0.000318505 0.000890316 0.999999 -0.00632197 0.104401 -0.230334
FixedParameters: 0 0 0

#Transform 95
Transform: AffineTransform_float_3_3
Parameters: 1 -0.000616514 0.000389635 0.000616693 0.999999 -0.00111765 -0.000389154 0.00111805 1 0.00210563 0.101334 -0.225513
FixedParameters: 0 0 0

#Transform 96
Transform: AffineTransform_float_3_3
Parameters: 1 -0.000450654 0.000358924 0.000451314 1 -0.00111513 -0.000357993 0.00111545 1 0.00103716 0.0997277 -0.224953
FixedParameters: 0 0 0

#Transform 97
Transform: AffineTransform_float_3_3
Parameters: 1 -0.000625605 0.000406862 0.000626019 0.999999 -0.00135986 -0.000406057 0.00136029 0.999999 0.00545789 0.0961655 -0.219462
FixedParameters: 0 0 0

#Transform 98
Transform: AffineTransform_float_3_3
Parameters: 0.999999 -0.000578441 0.000432867 0.000579179 1 -0.00101469 -0.000431768 0.00101519 1 0.00371737 0.105011 -0.220546
FixedParameters: 0 0 0

#Transform 99
Transform: AffineTransform_float_3_3
Parameters: 1 -0.000629942 0.000415088 0.000630474 0.999998 -0.00147549 -0.000414124 0.00147592 0.999999 0.00749284 0.0998465 -0.218133
FixedParameters: 0 0 0

#Transform 100
Transform: AffineTransform_float_3_3
Parameters: 0.999999 -0.000670038 0.000546179 0.000670949 0.999998 -0.00146763 -0.000545108 0.00146827 0.999999 -0.00121033 0.13861 -0.234282
FixedParameters: 0 0 0

#Transform 101
Transform: AffineTransform_float_3_3
Parameters: 0.999999 -0.000568106 0.000589298 0.000569723 0.999998 -0.00213208 -0.000587803 0.00213173 0.999997 -0.00372514 0.109696 -0.202468
FixedParameters: 0 0 0

#Transform 102
Transform: AffineTransform_float_3_3
Parameters: 0.999999 0.00131713 -0.000190403 -0.00131784 0.999982 -0.00588799 0.000183065 0.00588865 0.999982 -0.0342512 0.0900331 -0.0641378
FixedParameters: 0 0 0

#Transform 103
Transform: AffineTransform_float_3_3
Parameters: 0.999999 0.00132314 -0.000853824 -0.0013257 0.999995 -0.00291847 0.000850088 0.00292019 0.999995 -0.00754106 0.0523248 -0.0708991
FixedParameters: 0 0 0

#Transform 104
Transform: AffineTransform_float_3_3
Parameters: 1 0.00104465 -0.000311215 -0.00104557 0.999996 -0.00237954 0.000309114 0.00238042 0.999997 -0.0272028 0.104863 -0.109948
FixedParameters: 0 0 0

#Transform 105
Transform: AffineTransform_float_3_3
Parameters: 0.999999 0.00120471 -0.000143448 -0.00120509 0.999997 -0.00183726 0.000141148 0.00183777 0.999999 -0.030694 0.10068 -0.129661
FixedParameters: 0 0 0

#Transform 106
Transform: AffineTransform_float_3_3
Parameters: 0.999999 0.00136128 -0.000148674 -0.00136174 0.999997 -0.00177664 0.000145972 0.00177758 0.999998 -0.0341788 0.0874236 -0.129418
FixedParameters: 0 0 0

#Transform 107
Transform: AffineTransform_float_3_3
Parameters: 1 0.00110064 -0.000231808 -0.00110125 0.999997 -0.00235437 0.000229505 0.00235549 0.999997 -0.0212358 0.0650368 -0.0961441
FixedParameters: 0 0 0

#Transform 108
Transform: AffineTransform_float_3_3
Parameters: 0.999999 0.000631234 -0.000265666 -0.000631641 0.999997 -0.0022058 0.000264414 0.00220535 0.999997 -0.00205642 0.0674569 -0.122573
FixedParameters: 0 0 0

#Transform 109
Transform: AffineTransform_float_3_3
Parameters: 0.999999 0.000689442 8.27396e-05 -0.000688865 0.999995 -0.00312949 -8.43968e-05 0.00312997 0.999995 -0.0139843 0.0955373 -0.135767
FixedParameters: 0 0 0

#Transform 110
Transform: AffineTransform_float_3_3
Parameters: 1 0.00103662 1.92486e-05 -0.00103615 0.999995 -0.00286031 -2.23368e-05 0.00285957 0.999996 -0.0214036 0.0597868 -0.120924
FixedParameters: 0 0 0

#Transform 111
Transform: AffineTransform_float_3_3
Parameters: 0.999999 0.000713204 -0.000201193 -0.000713525 0.999994 -0.003189 0.000198729 0.0031895 0.999995 0.000565801 0.0544475 -0.105406
FixedParameters: 0 0 0

#Transform 112
Transform: AffineTransform_float_3_3
Parameters: 0.999999 0.00071254 4.8933e-05 -0.000712547 0.999996 -0.00271813 -5.09051e-05 0.0027182 0.999997 -0.00945738 0.0860273 -0.15962
FixedParameters: 0 0 0

#Transform 113
Transform: AffineTransform_float_3_3
Parameters: 1 0.00062828 0.000176272 -0.000628384 0.999996 -0.00281641 -0.000177348 0.00281634 0.999996 -0.014557 0.0878764 -0.154134
FixedParameters: 0 0 0

#Transform 114
Transform: AffineTransform_float_3_3
Parameters: 1 0.000615601 -6.35634e-05 -0.000616495 0.999994 -0.00331265 6.13497e-05 0.00331194 0.999994 0.00283886 0.0933179 -0.150319
FixedParameters: 0 0 0

#Transform 115
Transform: AffineTransform_float_3_3
Parameters: 1 0.000300395 4.91662e-05 -0.000300016 0.999997 -0.00249483 -5.00694e-05 0.00249486 0.999997 -0.000180786 0.132834 -0.182404
FixedParameters: 0 0 0

#Transform 116
Transform: AffineTransform_float_3_3
Parameters: 1 0.000321224 8.67894e-05 -0.000321642 0.999996 -0.00281836 -8.7512e-05 0.00281874 0.999996 -0.000721221 0.121763 -0.172969
FixedParameters: 0 0 0

#Transform 117
Transform: AffineTransform_float_3_3
Parameters: 1 0.000166973 -2.22515e-05 -0.000167105 0.999996 -0.00279275 2.18376e-05 0.00279282 0.999996 0.00683684 0.124729 -0.191372
FixedParameters: 0 0 0

#Transform 118
Transform: AffineTransform_float_3_3
Parameters: 1 0.000127707 0.000137468 -0.00012825 0.999996 -0.0025373 -0.000137783 0.00253725 0.999997 0.000117101 0.120994 -0.208832
FixedParameters: 0 0 0

#Transform 119
Transform: AffineTransform_float_3_3
Parameters: 1 9.41173e-05 1.42876e-05 -9.32172e-05 0.999995 -0.00298502 -1.48887e-05 0.00298507 0.999995 0.00546632 0.120818 -0.192925
FixedParameters: 0 0 0

#Transform 120
Transform: AffineTransform_float_3_3
Parameters: 1 0.000251172 8.89217e-05 -0.000251403 0.999996 -0.00257848 -8.90619e-05 0.00257851 0.999996 -0.00118817 0.122056 -0.192778
FixedParameters: 0 0 0

#Transform 121
Transform: AffineTransform_float_3_3
Parameters: 1 0.000205103 -9.10071e-05 -0.000204983 0.999996 -0.00306084 8.96344e-05 0.00306092 0.999996 0.0176789 0.101405 -0.194884
FixedParameters: 0 0 0

#Transform 122
Transform: AffineTransform_float_3_3
Parameters: 1 -2.54858e-07 0.000131358 4.1855e-07 0.999996 -0.00275154 -0.000131659 0.00275152 0.999996 0.00669691 0.116731 -0.209402
FixedParameters: 0 0 0

#Transform 123
Transform: AffineTransform_float_3_3
Parameters: 1 0.000135213 0.000168772 -0.000135086 0.999996 -0.00283933 -0.00016846 0.00283935 0.999996 0.00792924 0.108794 -0.201589
FixedParameters: 0 0 0

#Transform 124
Transform: AffineTransform_float_3_3
Parameters: 1 0.000138216 0.000161279 -0.000138161 0.999996 -0.00274467 -0.000160957 0.00274469 0.999996 0.00881742 0.111077 -0.21713
FixedParameters: 0 0 0

#Transform 125
Transform: AffineTransform_float_3_3
Parameters: 1 0.000177696 0.000204129 -0.000177315 0.999996 -0.00262377 -0.000203904 0.00262376 0.999996 0.00399977 0.130608 -0.226887
FixedParameters: 0 0 0

#Transform 126
Transform: AffineTransform_float_3_3
Parameters: 1 6.56138e-05 0.000307866 -6.47552e-05 0.999996 -0.00274562 -0.000307144 0.00274565 0.999996 -0.00088609 0.114586 -0.212838
FixedParameters: 0 0 0

#Transform 127
Transform: AffineTransform_float_3_3
Parameters: 0.999999 0.00131899 0.000514597 -0.00131712 0.999989 -0.00453388 -0.000520383 0.00453326 0.99999 -0.0520437 0.122046 -0.164848
FixedParameters: 0 0 0

#Transform 128
Transform: AffineTransform_float_3_3
Parameters: 0.999996 0.00257638 -0.000750417 -0.00257858 0.99999 -0.00361676 0.000741137 0.00361842 0.999993 -0.0541659 0.0796373 -0.133285
FixedParameters: 0 0 0

#Transform 129
Transform: AffineTransform_float_3_3
Parameters: 0.999998 0.00191625 -0.000357514 -0.00191685 0.999996 -0.00228812 0.000352572 0.00228961 0.999997 -0.0426578 0.143135 -0.20071
FixedParameters: 0 0 0

#Transform 130
Transform: AffineTransform_float_3_3
Parameters: 1 0.000953645 -0.000380386 -0.000954849 0.999997 -0.00231372 0.000378843 0.00231468 0.999998 -0.017063 0.143756 -0.199976
FixedParameters: 0 0 0

#Transform 131
Transform: AffineTransform_float_3_3
Parameters: 1 0.000983668 -0.00050358 -0.000984966 0.999996 -0.00259972 0.000500816 0.00260001 0.999996 -0.00100447 0.117386 -0.189129
FixedParameters: 0 0 0

#Transform 132
Transform: AffineTransform_float_3_3
Parameters: 0.999999 0.000753288 -0.000374896 -0.000753822 0.999997 -0.00236198 0.000373573 0.00236277 0.999997 -0.00157711 0.119866 -0.212501
FixedParameters: 0 0 0

#Transform 133
Transform: AffineTransform_float_3_3
Parameters: 0.999999 0.000726777 -0.000302804 -0.000727694 0.999995 -0.00310131 0.000300379 0.00310196 0.999995 -0.00835993 0.129977 -0.213131
FixedParameters: 0 0 0

#Transform 134
Transform: AffineTransform_float_3_3
Parameters: 1 0.000803395 -0.000477694 -0.000804907 0.999995 -0.00290085 0.000475299 0.00290053 0.999996 0.0031118 0.100398 -0.198316
FixedParameters: 0 0 0

#Transform 135
Transform: AffineTransform_float_3_3
Parameters: 0.999999 0.000723923 -0.000353138 -0.000724756 0.999996 -0.00273555 0.000351336 0.00273628 0.999996 0.007646 0.128989 -0.22154
FixedParameters: 0 0 0

#Transform 136
Transform: AffineTransform_float_3_3
Parameters: 1 0.000369195 -0.000266009 -0.000370192 0.999996 -0.00289874 0.000265206 0.00289907 0.999996 0.0104013 0.120793 -0.248675
FixedParameters: 0 0 0

#Transform 137
Transform: AffineTransform_float_3_3
Parameters: 1 0.000264707 -0.000247477 -0.000266179 0.999995 -0.00296376 0.000246423 0.00296395 0.999995 0.0118772 0.134352 -0.258368
FixedParameters: 0 0 0

#Transform 138
Transform: AffineTransform_float_3_3
Parameters: 1 0.000149874 -0.000203838 -0.000149985 0.999996 -0.00261425 0.000203088 0.00261436 0.999996 0.0089028 0.163303 -0.268897
FixedParameters: 0 0 0

#Transform 139
Transform: AffineTransform_float_3_3
Parameters: 1 0.00018289 -0.000315761 -0.000183902 0.999996 -0.00289624 0.000314657 0.0028964 0.999996 0.0191283 0.145891 -0.264619
FixedParameters: 0 0 0

#Transform 140
Transform: AffineTransform_float_3_3
Parameters: 1 -2.49727e-05 -0.000208053 2.4663e-05 0.999997 -0.00269726 0.000208145 0.0026973 0.999997 0.016381 0.171857 -0.287353
FixedParameters: 0 0 0

#Transform 141
Transform: AffineTransform_float_3_3
Parameters: 1 0.000262294 -0.000244736 -0.00026205 0.999996 -0.00257619 0.00024424 0.00257645 0.999996 0.0105492 0.159828 -0.241299
FixedParameters: 0 0 0

#Transform 142
Transform: AffineTransform_float_3_3
Parameters: 1 0.000317369 -0.000154282 -0.000316837 0.999997 -0.00270634 0.000153345 0.00270657 0.999997 0.0118243 0.149764 -0.246328
FixedParameters: 0 0 0

#Transform 143
Transform: AffineTransform_float_3_3
Parameters: 1 0.000545136 -0.000179651 -0.000545467 0.999996 -0.00266201 0.000178206 0.00266142 0.999996 -0.000875227 0.146837 -0.247327
FixedParameters: 0 0 0

#Transform 144
Transform: AffineTransform_float_3_3
Parameters: 0.999998 0.00169919 -0.000824534 -0.00170242 0.999992 -0.00369965 0.000818902 0.00370028 0.999993 -0.00432748 0.0790445 -0.17502
FixedParameters: 0 0 0

#Transform 145
Transform: AffineTransform_float_3_3
Parameters: 0.999994 0.00323705 -0.00142804 -0.00324297 0.999986 -0.00415454 0.00141477 0.00415919 0.99999 -0.0275329 0.0908017 -0.145547
FixedParameters: 0 0 0

#Transform 146
Transform: AffineTransform_float_3_3
Parameters: 0.999994 0.00300598 -0.0017233 -0.00301118 0.999991 -0.00289019 0.00171514 0.00289578 0.999995 -0.0149802 0.134182 -0.177189
FixedParameters: 0 0 0

#Transform 147
Transform: AffineTransform_float_3_3
Parameters: 0.999996 0.00268196 -0.00140355 -0.00268523 0.999995 -0.00189133 0.00139846 0.00189593 0.999997 -0.00866661 0.140965 -0.213568
FixedParameters: 0 0 0

#Transform 148
Transform: AffineTransform_float_3_3
Parameters: 0.999996 0.00250941 -0.00147795 -0.0025121 0.999995 -0.00222853 0.00147294 0.00223224 0.999996 0.00618603 0.10471 -0.177884
FixedParameters: 0 0 0

#Transform 149
Transform: AffineTransform_float_3_3
Parameters: 0.999998 0.00181876 -0.00113682 -0.00182071 0.999997 -0.00141197 0.00113356 0.00141441 0.999998 -0.00147116 0.145176 -0.216801
FixedParameters: 0 0 0

#Transform 150
Transform: AffineTransform_float_3_3
Parameters: 0.999998 0.00172107 -0.00111177 -0.00172265 0.999997 -0.00146381 0.00110935 0.00146602 0.999998 0.00572681 0.124309 -0.211375
FixedParameters: 0 0 0

#Transform 151
Transform: AffineTransform_float_3_3
Parameters: 0.999998 0.00153625 -0.00120269 -0.00153762 0.999998 -0.001376 0.0011997 0.00137799 0.999998 0.0132712 0.108818 -0.223944
FixedParameters: 0 0 0

#Transform 152
Transform: AffineTransform_float_3_3
Parameters: 0.999999 0.0014492 -0.0011172 -0.00145056 0.999998 -0.000964369 0.00111544 0.000965469 0.999999 0.00444274 0.111929 -0.225589
FixedParameters: 0 0 0

#Transform 153
Transform: AffineTransform_float_3_3
Parameters: 0.999998 0.0012698 -0.000926532 -0.00127132 0.999998 -0.00138378 0.000924698 0.00138536 0.999999 0.00111569 0.105415 -0.226183
FixedParameters: 0 0 0

#Transform 154
Transform: AffineTransform_float_3_3
Parameters: 0.999999 0.00129799 -0.000995104 -0.00129973 0.999997 -0.00175684 0.000993152 0.00175744 0.999998 0.0137224 0.108192 -0.228196
FixedParameters: 0 0 0

#Transform 155
Transform: AffineTransform_float_3_3
Parameters: 0.999999 0.00120409 -0.000850383 -0.00120519 0.999998 -0.00157969 0.000849081 0.00158105 0.999998 0.00745449 0.131282 -0.240938
FixedParameters: 0 0 0

#Transform 156
Transform: AffineTransform_float_3_3
Parameters: 0.999999 0.00118916 -0.000871404 -0.00119084 0.999998 -0.0018421 0.000869439 0.00184311 0.999999 0.0160393 0.135121 -0.246349
FixedParameters: 0 0 0

#Transform 157
Transform: AffineTransform_float_3_3
Parameters: 0.999999 0.000952224 -0.000745673 -0.000953234 0.999999 -0.00137651 0.000744734 0.00137716 0.999999 0.0114308 0.151732 -0.267785
FixedParameters: 0 0 0

#Transform 158
Transform: AffineTransform_float_3_3
Parameters: 0.999999 0.000940686 -0.000741457 -0.000941933 0.999998 -0.00154431 0.000740233 0.00154494 0.999998 0.015526 0.142064 -0.278835
FixedParameters: 0 0 0

#Transform 159
Transform: AffineTransform_float_3_3
Parameters: 1 0.000692768 -0.000707859 -0.000693571 0.999999 -0.00149563 0.000706087 0.00149575 0.999999 0.0178166 0.155251 -0.280426
FixedParameters: 0 0 0

#Transform 160
Transform: AffineTransform_float_3_3
Parameters: 0.999999 0.000566296 -0.000542831 -0.000567213 0.999999 -0.00122414 0.000542188 0.00122483 0.999999 0.018082 0.160668 -0.280293
FixedParameters: 0 0 0

#Transform 161
Transform: AffineTransform_float_3_3
Parameters: 0.999999 0.000548348 -0.000561418 -0.000548606 0.999998 -0.0017659 0.000560529 0.00176573 0.999998 0.0218174 0.139172 -0.25776
FixedParameters: 0 0 0

#Transform 162
Transform: AffineTransform_float_3_3
Parameters: 1 0.000330468 -0.000450306 -0.000331729 0.999999 -0.00124597 0.000449405 0.00124626 0.999999 0.0188471 0.153724 -0.293605
FixedParameters: 0 0 0

#Transform 163
Transform: AffineTransform_float_3_3
Parameters: 1 0.00030828 -0.000578873 -0.00030948 0.999999 -0.00139258 0.000578759 0.00139301 0.999999 0.021064 0.143653 -0.282437
FixedParameters: 0 0 0

#Transform 164
Transform: AffineTransform_float_3_3
Parameters: 1 0.000682644 -0.0006135 -0.000683214 0.999998 -0.00192054 0.000611882 0.00192153 0.999998 0.0220594 0.126804 -0.256566
FixedParameters: 0 0 0

#Transform 165
Transform: AffineTransform_float_3_3
Parameters: 1 0.000361538 -0.000387432 -0.000362229 0.999999 -0.00142227 0.000387148 0.00142263 0.999999 0.0152566 0.152341 -0.281011
FixedParameters: 0 0 0

#Transform 166
Transform: AffineTransform_float_3_3
Parameters: 1 0.000253887 -0.000426021 -0.000255262 0.999998 -0.00193358 0.000425706 0.00193386 0.999998 0.0216336 0.15586 -0.274811
FixedParameters: 0 0 0

#Transform 167
Transform: AffineTransform_float_3_3
Parameters: 1 0.000450307 -0.000727489 -0.000451521 0.999998 -0.00206132 0.000726636 0.00206212 0.999997 0.0415689 0.139875 -0.347163
FixedParameters: 0 0 0

#Transform 168
Transform: AffineTransform_float_3_3
Parameters: 0.999991 0.00404631 -0.00177841 -0.00406351 0.999948 -0.00938497 0.00174048 0.00939137 0.999954 0.0586236 0.353901 -0.365747
FixedParameters: 0 0 0

#Transform 169
Transform: AffineTransform_float_3_3
Parameters: 0.999978 0.00616647 -0.00228602 -0.00619194 0.999917 -0.0112955 0.00221623 0.0113092 0.999934 0.0968088 0.257012 -0.628447
FixedParameters: 0 0 0

#Transform 170
Transform: AffineTransform_float_3_3
Parameters: 0.999988 0.00483199 -0.000841242 -0.00484103 0.999936 -0.0102387 0.000791466 0.0102428 0.999947 0.020002 0.159459 -0.271393
FixedParameters: 0 0 0

#Transform 171
Transform: AffineTransform_float_3_3
Parameters: 0.999989 0.00472737 -0.000737714 -0.00473189 0.99997 -0.00610096 0.000709154 0.00610505 0.999981 0.0189926 0.0977057 -0.265405
FixedParameters: 0 0 0

#Transform 172
Transform: AffineTransform_float_3_3
Parameters: 0.999988 0.00490892 -0.000404673 -0.00491076 0.999975 -0.00511137 0.000379927 0.00511247 0.999987 -0.0150714 0.140132 -0.281716
FixedParameters: 0 0 0

#Transform 173
Transform: AffineTransform_float_3_3
Parameters: 0.999991 0.00426655 -2.55138e-05 -0.0042669 0.999976 -0.00551318 2.19872e-06 0.00551334 0.999985 -0.0429929 0.119412 -0.188888
FixedParameters: 0 0 0

#Transform 174
Transform: AffineTransform_float_3_3
Parameters: 0.999994 0.00333738 -7.59017e-05 -0.00333737 0.999984 -0.00455744 6.07426e-05 0.00455718 0.99999 -0.0316745 0.148217 -0.240186
FixedParameters: 0 0 0

#Transform 175
Transform: AffineTransform_float_3_3
Parameters: 0.999997 0.00226775 0.000291969 -0.00226566 0.999981 -0.00561347 -0.000304547 0.00561324 0.999984 -0.0132057 0.172023 -0.250857
FixedParameters: 0 0 0

#Transform 176
Transform: AffineTransform_float_3_3
Parameters: 0.999998 0.00190105 0.000349277 -0.00189945 0.999982 -0.00566055 -0.000359645 0.00565979 0.999984 -0.0146586 0.195049 -0.273521
FixedParameters: 0 0 0

#Transform 177
Transform: AffineTransform_float_3_3
Parameters: 0.999998 0.00193987 0.000390025 -0.00193787 0.999981 -0.00593307 -0.000402038 0.00593211 0.999982 -0.0180919 0.174177 -0.216649
FixedParameters: 0 0 0

#Transform 178
Transform: AffineTransform_float_3_3
Parameters: 0.999996 0.0027778 0.000814697 -0.00277231 0.999979 -0.00593708 -0.000831763 0.00593448 0.999982 -0.0492145 0.175265 -0.197996
FixedParameters: 0 0 0

#Transform 179
Transform: AffineTransform_float_3_3
Parameters: 0.999996 0.00286444 0.000789576 -0.00286047 0.999985 -0.00453246 -0.000802739 0.00453057 0.999989 -0.0598617 0.113978 -0.152261
FixedParameters: 0 0 0

#Transform 180
Transform: AffineTransform_float_3_3
Parameters: 0.999996 0.00254488 0.00168068 -0.00253969 0.999992 -0.00298019 -0.00168837 0.00297589 0.999994 -0.101732 0.125723 -0.116334
FixedParameters: 0 0 0

#Transform 181
Transform: AffineTransform_float_3_3
Parameters: 0.999995 0.00253689 0.0015148 -0.00253146 0.999992 -0.00333896 -0.00152354 0.00333503 0.999993 -0.10267 0.110956 -0.098867
FixedParameters: 0 0 0

#Transform 182
Transform: AffineTransform_float_3_3
Parameters: 0.999995 0.00280342 0.00133248 -0.0027986 0.999991 -0.00333701 -0.00134209 0.00333374 0.999993 -0.0942855 0.0954196 -0.0883996
FixedParameters: 0 0 0

#Transform 183
Transform: AffineTransform_float_3_3
Parameters: 0.999995 0.00289303 0.00142467 -0.00288831 0.999991 -0.00301201 -0.00143292 0.00300761 0.999995 -0.110818 0.109985 -0.10893
FixedParameters: 0 0 0

#Transform 184
Transform: AffineTransform_float_3_3
Parameters: 0.999996 0.00246959 0.00134133 -0.00246497 0.999991 -0.00359032 -0.00134945 0.00358661 0.999993 -0.102246 0.122137 -0.112767
FixedParameters: 0 0 0

#Transform 185
Transform: AffineTransform_float_3_3
Parameters: 0.999997 0.00211219 0.00124457 -0.00210752 0.99999 -0.00377189 -0.00125236 0.00376872 0.999992 -0.0867393 0.127433 -0.119348
FixedParameters: 0 0 0

#Transform 186
Transform: AffineTransform_float_3_3
Parameters: 0.999997 0.00226991 0.00140526 -0.00226499 0.999992 -0.00336518 -0.00141223 0.00336127 0.999993 -0.091562 0.148941 -0.146092
FixedParameters: 0 0 0

#Transform 187
Transform: AffineTransform_float_3_3
Parameters: 0.999997 0.00236234 0.00136903 -0.00235755 0.999992 -0.00345839 -0.00137718 0.00345568 0.999993 -0.0935273 0.133482 -0.12352
FixedParameters: 0 0 0

#Transform 188
Transform: AffineTransform_float_3_3
Parameters: 0.999997 0.00233706 0.00130899 -0.00233253 0.999992 -0.00309652 -0.00131565 0.00309286 0.999994 -0.0988492 0.127122 -0.127951
FixedParameters: 0 0 0

#Transform 189
Transform: AffineTransform_float_3_3
Parameters: 0.999997 0.0022564 0.00139816 -0.00225219 0.999993 -0.00295844 -0.00140456 0.00295545 0.999995 -0.102037 0.143432 -0.147226
FixedParameters: 0 0 0
