#Insight Transform File V1.0
#Transform 0
Transform: AffineTransform_float_3_3
Parameters: 0.999999 0.00179188 6.81143e-05 -0.00179176 0.999998 0.000980134 -6.5891e-05 -0.000979716 0.999999 -0.0257871 -0.0605333 0.0980512
FixedParameters: 0 0 0

#Transform 1
Transform: AffineTransform_float_3_3
Parameters: 0.999999 0.00174868 9.84687e-05 -0.00174853 0.999998 0.000927009 -9.65242e-05 -0.000927062 1 -0.0287887 -0.0438683 0.0616155
FixedParameters: 0 0 0

#Transform 2
Transform: AffineTransform_float_3_3
Parameters: 0.999999 0.00181431 2.66645e-05 -0.00181456 0.999997 0.00153513 -2.4662e-05 -0.00153474 0.999999 -0.0273806 -0.0598565 0.0576191
FixedParameters: 0 0 0

#Transform 3
Transform: AffineTransform_float_3_3
Parameters: 0.999998 0.00169904 8.17436e-05 -0.00169981 0.999998 0.000859512 -7.96344e-05 -0.000859495 1 -0.0292815 -0.0377595 0.0568692
FixedParameters: 0 0 0

#Transform 4
Transform: AffineTransform_float_3_3
Parameters: 0.999998 0.00164158 0.000132395 -0.00164168 0.999998 0.001121 -0.000130087 -0.00112115 0.999999 -0.028441 -0.0406033 0.0379652
FixedParameters: 0 0 0

#Transform 5
Transform: AffineTransform_float_3_3
Parameters: 0.999999 0.0015684 0.000118498 -0.00156878 0.999998 0.00149768 -0.00011524 -0.0014974 0.999999 -0.0287315 -0.0425853 0.0201887
FixedParameters: 0 0 0

#Transform 6
Transform: AffineTransform_float_3_3
Parameters: 0.999998 0.00158913 0.000301452 -0.00158964 0.999998 0.00138542 -0.000299878 -0.00138619 0.999999 -0.0397609 -0.0403587 0.0298717
FixedParameters: 0 0 0

#Transform 7
Transform: AffineTransform_float_3_3
Parameters: 0.999999 0.0015128 1.07697e-05 -0.00151325 0.999998 0.00136783 -8.78248e-06 -0.00136859 0.999999 -0.0206266 -0.0446154 0.0227632
FixedParameters: 0 0 0

#Transform 8
Transform: AffineTransform_float_3_3
Parameters: 1 0.00125242 9.67732e-05 -0.00125303 0.999998 0.00127684 -9.57687e-05 -0.00127688 0.999999 -0.0260828 -0.0238124 0.0065167
FixedParameters: 0 0 0

#Transform 9
Transform: AffineTransform_float_3_3
Parameters: 0.999999 0.00132284 -8.30518e-06 -0.00132262 0.999998 0.00137424 1.05671e-05 -0.00137394 0.999999 -0.0185802 -0.0329558 0.00705344
FixedParameters: 0 0 0

#Transform 10
Transform: AffineTransform_float_3_3
Parameters: 0.999999 0.00131006 9.29341e-05 -0.00131002 0.999998 0.00127371 -9.09788e-05 -0.00127404 0.999999 -0.0224858 -0.0242947 0.00387263
FixedParameters: 0 0 0

#Transform 11
Transform: AffineTransform_float_3_3
Parameters: 0.999999 0.00128698 0.000153198 -0.00128714 0.999999 0.001136 -0.000151647 -0.00113611 0.999999 -0.0272678 -0.0188065 -0.0112297
FixedParameters: 0 0 0

#Transform 12
Transform: AffineTransform_float_3_3
Parameters: 0.999999 0.00123667 0.000395549 -0.0012374 0.999999 0.00115468 -0.000394065 -0.00115538 0.999999 -0.0155795 -0.0283945 -0.00596324
FixedParameters: 0 0 0

#Transform 13
Transform: AffineTransform_float_3_3
Parameters: 0.999999 0.00127585 0.000561459 -0.00127619 0.999999 0.00029141 -0.000560747 -0.000291543 1 -0.0284388 -0.0210733 0.0316873
FixedParameters: 0 0 0

#Transform 14
Transform: AffineTransform_float_3_3
Parameters: 0.999998 0.00151994 0.000494421 -0.00152016 0.999999 0.000136472 -0.000493995 -0.000137605 1 -0.0205728 -0.0277718 0.0173643
FixedParameters: 0 0 0

#Transform 15
Transform: AffineTransform_float_3_3
Parameters: 0.999999 0.000753983 0.000196634 -0.00075369 1 0.000991219 -0.000195776 -0.000991528 1 -0.013757 -0.0214246 0.0237464
FixedParameters: 0 0 0

#Transform 16
Transform: AffineTransform_float_3_3
Parameters: 1 0.000533046 0.000128059 -0.000532685 0.999999 0.0012537 -0.000127359 -0.00125385 0.999999 -0.0137177 -0.0282707 0.0213779
FixedParameters: 0 0 0

#Transform 17
Transform: AffineTransform_float_3_3
Parameters: 0.999999 0.000922524 0.000155466 -0.000922121 0.999999 0.00089664 -0.000154448 -0.000896939 1 -0.00893793 -0.040019 0.0057601
FixedParameters: 0 0 0

#Transform 18
Transform: AffineTransform_float_3_3
Parameters: 1 -0.000101547 8.68072e-05 0.000101396 0.999999 0.000870733 -8.69839e-05 -0.000870715 0.999999 0.0100078 0.000324601 -0.00700158
FixedParameters: 0 0 0

#Transform 19
Transform: AffineTransform_float_3_3
Parameters: 1 0.000156048 -0.000266557 -0.000155659 0.999999 0.000730737 0.000266785 -0.000730654 0.999999 -0.000835126 -0.0192803 0.00862156
FixedParameters: 0 0 0

#Transform 20
Transform: AffineTransform_float_3_3
Parameters: 1 0.000411906 -0.000293106 -0.000411904 1 1.93225e-06 0.000293108 -1.69078e-06 1 0.00815931 0.000535914 0.0311809
FixedParameters: 0 0 0

#Transform 21
Transform: AffineTransform_float_3_3
Parameters: 1 -0.000131121 9.89486e-05 0.000131223 1 -0.000517723 -9.88128e-05 0.000517749 1 0.0124 -0.0157135 0.0170999
FixedParameters: 0 0 0

#Transform 22
Transform: AffineTransform_float_3_3
Parameters: 1 0.00022293 -0.000139882 -0.000222536 1 -0.00056 0.000140454 0.000560142 1 -0.0055818 -0.00672991 0.0201794
FixedParameters: 0 0 0

#Transform 23
Transform: AffineTransform_float_3_3
Parameters: 1 0.000174833 -0.000105231 -0.000174409 1 -0.000603897 0.000105842 0.000604013 1 0.0141339 -0.0262763 0.0261938
FixedParameters: 0 0 0

#Transform 24
Transform: AffineTransform_float_3_3
Parameters: 1 0.000252791 -8.9239e-05 -0.000252741 1 0.00105853 8.96985e-05 -0.00105849 1 -0.009226 -0.0157064 -0.00298773
FixedParameters: 0 0 0

#Transform 25
Transform: AffineTransform_float_3_3
Parameters: 1 0.00111168 5.11235e-05 -0.00111183 0.999998 -0.00114918 -5.22963e-05 0.00114915 1 -0.0356273 -0.00844674 0.0518127
FixedParameters: 0 0 0

#Transform 26
Transform: AffineTransform_float_3_3
Parameters: 0.999999 0.00177298 -0.000313284 -0.00177309 0.999998 -0.000262541 0.000312562 0.000263473 0.999999 -0.0298753 -0.0595686 0.0883213
FixedParameters: 0 0 0

#Transform 27
Transform: AffineTransform_float_3_3
Parameters: 0.999999 0.00140465 -0.000295331 -0.00140525 0.999999 0.00108398 0.000296785 -0.00108386 1 -0.0268094 -0.00546554 0.0172008
FixedParameters: 0 0 0

#Transform 28
Transform: AffineTransform_float_3_3
Parameters: 1 0.000964854 -0.000494902 -0.000964921 0.999999 0.0010464 0.000495278 -0.0010456 1 -0.0101789 -0.0116205 0.00505726
FixedParameters: 0 0 0

#Transform 29
Transform: AffineTransform_float_3_3
Parameters: 0.999999 0.000875696 -0.000290311 -0.000874948 0.999999 0.00106403 0.000290716 -0.00106361 1 -0.0138686 -0.0132288 -0.0106377
FixedParameters: 0 0 0

#Transform 30
Transform: AffineTransform_float_3_3
Parameters: 1 0.000628328 -0.000198456 -0.000628039 0.999999 0.000725663 0.000199367 -0.000725413 0.999999 0.0034086 -0.0412122 0.0359812
FixedParameters: 0 0 0

#Transform 31
Transform: AffineTransform_float_3_3
Parameters: 1 0.000484252 -6.34957e-05 -0.00048482 1 0.000975276 6.35439e-05 -0.000975299 1 -0.00591041 -0.0201216 0.0143863
FixedParameters: 0 0 0

#Transform 32
Transform: AffineTransform_float_3_3
Parameters: 1 0.000378207 0.000149604 -0.0003779 0.999999 0.0012521 -0.000149294 -0.00125223 0.999999 -0.0092678 -0.0444285 0.0170118
FixedParameters: 0 0 0

#Transform 33
Transform: AffineTransform_float_3_3
Parameters: 1 0.000141093 0.000304955 -0.000141247 0.999999 0.00136939 -0.000305205 -0.00136949 0.999999 0.00211165 -0.0601918 0.0156219
FixedParameters: 0 0 0

#Transform 34
Transform: AffineTransform_float_3_3
Parameters: 1 7.4046e-06 0.000142517 -7.09359e-06 0.999999 0.00129688 -0.000143134 -0.0012969 0.999999 0.00376702 -0.0337923 0.000296768
FixedParameters: 0 0 0

#Transform 35
Transform: AffineTransform_float_3_3
Parameters: 1 3.88188e-05 0.000181134 -3.91368e-05 0.999999 0.000878034 -0.000181066 -0.000878048 0.999999 0.0183498 -0.0315819 -0.00429536
FixedParameters: 0 0 0

#Transform 36
Transform: AffineTransform_float_3_3
Parameters: 1 -7.62022e-05 0.000107553 7.58307e-05 1 0.00107488 -0.000107792 -0.00107487 1 0.0109051 -0.0174754 -0.0151851
FixedParameters: 0 0 0

#Transform 37
Transform: AffineTransform_float_3_3
Parameters: 1 3.71903e-06 0.000426295 -3.52904e-06 1 0.000740174 -0.00042685 -0.000740186 0.999999 -0.00394475 -0.0044746 -0.0352465
FixedParameters: 0 0 0

#Transform 38
Transform: AffineTransform_float_3_3
Parameters: 1 -0.000287646 -7.19499e-05 0.000287627 1 -0.000135608 7.20279e-05 0.000135567 1 0.0269964 0.0188902 -0.047846
FixedParameters: 0 0 0

#Transform 39
Transform: AffineTransform_float_3_3
Parameters: 1 -1.36786e-06 0.000456637 1.23856e-06 1 0.00014157 -0.000456637 -0.000141569 1 -0.00339279 0.042865 -0.0437449
FixedParameters: 0 0 0

#Transform 40
Transform: AffineTransform_float_3_3
Parameters: 1 0.000186004 2.97141e-05 -0.000186001 1 -5.41397e-05 -2.97342e-05 5.41286e-05 1 0.00681537 0.0258431 -0.069421
FixedParameters: 0 0 0

#Transform 41
Transform: AffineTransform_float_3_3
Parameters: 1 -0.000371098 2.16541e-05 0.000371023 1 -9.60338e-05 -2.15735e-05 9.64199e-05 1 0.0219976 0.034218 -0.0742981
FixedParameters: 0 0 0

#Transform 42
Transform: AffineTransform_float_3_3
Parameters: 1 -0.000137752 0.000231996 0.00013782 1 -0.000146924 -0.000231956 0.000146988 1 0.00950631 0.0309212 -0.0716336
FixedParameters: 0 0 0

#Transform 43
Transform: AffineTransform_float_3_3
Parameters: 1 -0.000131115 -7.14106e-05 0.000131059 1 -0.000388298 7.15124e-05 0.00038828 1 0.0177638 0.0176637 -0.0876572
FixedParameters: 0 0 0

#Transform 44
Transform: AffineTransform_float_3_3
Parameters: 1 -0.000329501 -2.47817e-05 0.000329494 1 -0.000148739 2.48797e-05 0.000148723 1 0.0310391 0.0249789 -0.0814974
FixedParameters: 0 0 0

#Transform 45
Transform: AffineTransform_float_3_3
Parameters: 1 -0.000254847 -1.32962e-05 0.000254842 1 -0.000186879 1.33915e-05 0.000186872 1 0.018691 0.0302513 -0.0888572
FixedParameters: 0 0 0

#Transform 46
Transform: AffineTransform_float_3_3
Parameters: 1 -0.000283306 -1.54057e-05 0.000283298 1 -0.000248146 1.55463e-05 0.000248137 1 0.0199849 0.0258097 -0.11438
FixedParameters: 0 0 0

#Transform 47
Transform: AffineTransform_float_3_3
Parameters: 1 -0.000274266 1.54558e-05 0.000275099 1 -0.000371677 -1.58126e-05 0.000371678 1 0.0145703 0.0439491 -0.12173
FixedParameters: 0 0 0

#Transform 48
Transform: AffineTransform_float_3_3
Parameters: 1 -7.63185e-05 -0.000331959 7.6143e-05 1 -0.000264293 0.000331999 0.000264243 1 0.0302309 0.0299991 -0.0996852
FixedParameters: 0 0 0

#Transform 49
Transform: AffineTransform_float_3_3
Parameters: 1 0.000377989 0.000261987 -0.000376909 0.999999 -0.00127603 -0.000262204 0.00127591 0.999999 -0.00723243 0.0514741 -0.121029
FixedParameters: 0 0 0

#Transform 50
Transform: AffineTransform_float_3_3
Parameters: 0.999999 0.000680587 9.12142e-05 -0.000679461 0.999998 -0.00207925 -9.25415e-05 0.00207965 0.999997 -0.00973748 0.0566269 -0.0852347
FixedParameters: 0 0 0

#Transform 51
Transform: AffineTransform_float_3_3
Parameters: 1 0.000406587 -0.000196821 -0.000407304 0.999999 -0.00147081 0.000195549 0.00147097 0.999999 0.0116059 0.0443753 -0.106281
FixedParameters: 0 0 0

#Transform 52
Transform: AffineTransform_float_3_3
Parameters: 1 6.18083e-05 -4.55101e-05 -6.18603e-05 1 -0.000572359 4.54393e-05 0.000572365 1 0.00166073 0.062699 -0.129919
FixedParameters: 0 0 0

#Transform 53
Transform: AffineTransform_float_3_3
Parameters: 1 0.000436795 -0.000349728 -0.000436565 0.999999 -0.00143546 0.000348659 0.00143584 0.999999 0.00272613 0.0363743 -0.0928557
FixedParameters: 0 0 0

#Transform 54
Transform: AffineTransform_float_3_3
Parameters: 1 0.000391879 -0.000456757 -0.000391663 1 -0.00111424 0.000456069 0.00111467 1 0.0105209 0.0458464 -0.117708
FixedParameters: 0 0 0

#Transform 55
Transform: AffineTransform_float_3_3
Parameters: 1 0.000204116 -0.000262396 -0.000204241 1 -0.000236864 0.000262299 0.000236971 1 0.00594805 0.0386747 -0.12333
FixedParameters: 0 0 0

#Transform 56
Transform: AffineTransform_float_3_3
Parameters: 1 0.000208845 -0.000264245 -0.000208425 0.999999 -0.000759805 0.000263367 0.000759907 0.999999 0.0116162 0.0284535 -0.115104
FixedParameters: 0 0 0

#Transform 57
Transform: AffineTransform_float_3_3
Parameters: 1 6.11266e-05 -0.00044162 -6.12086e-05 1 -0.000716576 0.000442353 0.00071671 0.999999 0.0262869 0.0332233 -0.113475
FixedParameters: 0 0 0

#Transform 58
Transform: AffineTransform_float_3_3
Parameters: 1 -0.000137846 -0.000314042 0.000137522 1 -0.000515529 0.000314183 0.000515442 1 0.0231343 0.0359076 -0.110497
FixedParameters: 0 0 0

#Transform 59
Transform: AffineTransform_float_3_3
Parameters: 1 -0.000103425 -0.000299953 0.000104358 1 -0.000732474 0.000300366 0.000732482 0.999999 0.0307316 0.0198444 -0.105867
FixedParameters: 0 0 0

#Transform 60
Transform: AffineTransform_float_3_3
Parameters: 0.999999 0.000249605 -0.000589826 -0.000250383 0.999998 -0.00172133 0.000589182 0.00172039 0.999998 0.0435208 0.0189443 -0.0773508
FixedParameters: 0 0 0

#Transform 61
Transform: AffineTransform_float_3_3
Parameters: 1 9.58646e-05 -0.000337988 -9.67638e-05 0.999999 -0.00124099 0.000337665 0.00124068 1 0.0192459 0.0562542 -0.110867
FixedParameters: 0 0 0

#Transform 62
Transform: AffineTransform_float_3_3
Parameters: 1 9.21836e-05 -0.000347627 -9.27493e-05 0.999999 -0.00140434 0.000348113 0.00140448 0.999999 0.033983 0.0495997 -0.120999
FixedParameters: 0 0 0

#Transform 63
Transform: AffineTransform_float_3_3
Parameters: 1 -0.000164539 -0.000274178 0.000164581 1 -0.00116678 0.000273926 0.00116668 1 0.0360503 0.0522646 -0.128165
FixedParameters: 0 0 0

#Transform 64
Transform: AffineTransform_float_3_3
Parameters: 1 -0.000182831 -0.000194171 0.000182271 1 -0.00108021 0.000194489 0.00108014 1 0.0330349 0.0564823 -0.13371
FixedParameters: 0 0 0

#Transform 65
Transform: AffineTransform_float_3_3
Parameters: 1 -8.49194e-05 -0.000356989 8.53699e-05 1 -0.00109535 0.00035736 0.00109535 1 0.0402195 0.0486145 -0.127525
FixedParameters: 0 0 0

#Transform 66
Transform: AffineTransform_float_3_3
Parameters: 1 -0.000262981 -4.79e-05 0.000262896 0.999999 -0.000883244 4.83645e-05 0.000883219 0.999999 0.0349181 0.0557628 -0.116721
FixedParameters: 0 0 0

#Transform 67
Transform: AffineTransform_float_3_3
Parameters: 1 -0.000338132 -0.000314513 0.000337602 0.999999 -0.000842094 0.000315082 0.000841881 0.999999 0.0554903 0.0314983 -0.121429
FixedParameters: 0 0 0

#Transform 68
Transform: AffineTransform_float_3_3
Parameters: 0.999999 -0.000747232 -0.000303677 0.00074729 0.999999 9.50746e-05 0.000303534 -9.55283e-05 1 0.0656388 0.0378708 -0.122732
FixedParameters: 0 0 0

#Transform 69
Transform: AffineTransform_float_3_3
Parameters: 0.999999 -0.00145467 4.04291e-05 0.00145521 0.999999 0.000138723 -3.98857e-05 -0.00013908 1 0.07759 0.018555 -0.108276
FixedParameters: 0 0 0

#Transform 70
Transform: AffineTransform_float_3_3
Parameters: 0.999999 -0.00145515 -0.00012542 0.00145522 0.999999 0.0002803 0.000124729 -0.000281217 1 0.0821497 0.0165385 -0.106371
FixedParameters: 0 0 0

#Transform 71
Transform: AffineTransform_float_3_3
Parameters: 0.999999 -0.00148287 -1.50166e-05 0.00148287 0.999999 7.75955e-05 1.49118e-05 -7.81927e-05 1 0.0879664 0.0225252 -0.108386
FixedParameters: 0 0 0

#Transform 72
Transform: AffineTransform_float_3_3
Parameters: 0.999999 -0.00181691 -0.000149135 0.00181753 0.999999 0.000296487 0.000148974 -0.000296204 1 0.0984692 0.0266117 -0.115639
FixedParameters: 0 0 0

#Transform 73
Transform: AffineTransform_float_3_3
Parameters: 0.999998 -0.00190083 0.000101565 0.00190135 0.999998 0.00047364 -0.000102458 -0.000472798 1 0.098621 0.03143 -0.123676
FixedParameters: 0 0 0

#Transform 74
Transform: AffineTransform_float_3_3
Parameters: 0.999998 -0.00192475 0.000347002 0.00192502 0.999998 0.000408793 -0.000347501 -0.000408483 0.999999 0.0901969 0.0281887 -0.120348
FixedParameters: 0 0 0

#Transform 75
Transform: AffineTransform_float_3_3
Parameters: 0.999999 -0.00175465 0.000336769 0.00175441 0.999999 -0.000342659 -0.000336146 0.000342285 1 0.0894773 0.0212762 -0.115043
FixedParameters: 0 0 0

#Transform 76
Transform: AffineTransform_float_3_3
Parameters: 0.999999 -0.00125562 0.000305207 0.00125543 0.999999 -0.000454568 -0.00030477 0.000454332 1 0.0632433 0.053007 -0.137294
FixedParameters: 0 0 0

#Transform 77
Transform: AffineTransform_float_3_3
Parameters: 0.999999 -0.00134553 -6.11131e-06 0.00134498 0.999999 -0.000250068 6.08812e-06 0.00024942 1 0.0896584 0.0160114 -0.118281
FixedParameters: 0 0 0

#Transform 78
Transform: AffineTransform_float_3_3
Parameters: 0.999999 -0.00130614 -7.07179e-05 0.0013056 0.999999 -0.000479618 7.12647e-05 0.000478431 1 0.0855189 0.0237725 -0.089376
FixedParameters: 0 0 0

#Transform 79
Transform: AffineTransform_float_3_3
Parameters: 1 -0.00109075 0.00045486 0.00109094 0.999999 -0.000121082 -0.000454479 0.000121151 1 0.0542318 0.0261928 -0.0757208
FixedParameters: 0 0 0

#Transform 80
Transform: AffineTransform_float_3_3
Parameters: 1 -0.00120143 0.000258183 0.00120093 1 -0.000102163 -0.000258633 0.000102152 1 0.0670283 0.0224185 -0.0804762
FixedParameters: 0 0 0

#Transform 81
Transform: AffineTransform_float_3_3
Parameters: 0.999999 -0.00154371 4.4922e-05 0.0015437 0.999999 6.71676e-05 -4.50037e-05 -6.75817e-05 1 0.0895812 0.0201453 -0.0884118
FixedParameters: 0 0 0

#Transform 82
Transform: AffineTransform_float_3_3
Parameters: 0.999998 -0.00159543 0.000242222 0.00159542 0.999999 1.31214e-05 -0.000242138 -1.29015e-05 1 0.0829038 0.0251689 -0.0833619
FixedParameters: 0 0 0

#Transform 83
Transform: AffineTransform_float_3_3
Parameters: 0.999998 -0.00162585 -3.78402e-06 0.00162513 0.999999 -0.000499965 4.60755e-06 0.000500612 1 0.0915325 0.0232564 -0.0912061
FixedParameters: 0 0 0

#Transform 84
Transform: AffineTransform_float_3_3
Parameters: 0.999998 -0.00193874 5.3836e-05 0.00193875 0.999998 -0.00026014 -5.27315e-05 0.000261092 1 0.0853302 0.0451458 -0.0972927
FixedParameters: 0 0 0

#Transform 85
Transform: AffineTransform_float_3_3
Parameters: 0.999998 -0.00172171 9.96792e-05 0.00172162 0.999999 -0.000360408 -9.84179e-05 0.000361489 1 0.0867601 0.0371135 -0.10159
FixedParameters: 0 0 0

#Transform 86
Transform: AffineTransform_float_3_3
Parameters: 0.999998 -0.00176318 -7.26836e-05 0.00176327 0.999998 -0.000653889 7.36164e-05 0.000653914 1 0.0951453 0.0288181 -0.0908569
FixedParameters: 0 0 0

#Transform 87
Transform: AffineTransform_float_3_3
Parameters: 0.999998 -0.00193043 3.58125e-05 0.00193072 0.999998 -0.000539675 -3.50156e-05 0.000540469 1 0.0901905 0.0445083 -0.103396
FixedParameters: 0 0 0

#Transform 88
Transform: AffineTransform_float_3_3
Parameters: 0.999999 -0.00183892 -0.000177877 0.00183894 0.999997 -0.000874341 0.000179795 0.000873971 1 0.088094 0.0257285 -0.0953457
FixedParameters: 0 0 0

#Transform 89
Transform: AffineTransform_float_3_3
Parameters: 1 -0.00109458 -0.000384597 0.00109368 0.999998 -0.00142493 0.000386341 0.00142437 0.999998 0.0743824 0.00355708 -0.0298272
FixedParameters: 0 0 0

#Transform 90
Transform: AffineTransform_float_3_3
Parameters: 1 -0.00112707 -0.000397799 0.00112679 0.999999 -0.000329605 0.00039851 0.000330006 1 0.0749745 0.0436493 -0.0879203
FixedParameters: 0 0 0

#Transform 91
Transform: AffineTransform_float_3_3
Parameters: 0.999999 -0.00124586 -0.000318755 0.00124592 0.999999 1.18887e-07 0.000318839 -5.37924e-07 0.999999 0.0706996 0.0387069 -0.0939923
FixedParameters: 0 0 0

#Transform 92
Transform: AffineTransform_float_3_3
Parameters: 0.999999 -0.00127108 -0.000430179 0.00127084 0.999999 -0.000259292 0.000430806 0.000259496 1 0.0746495 0.0336448 -0.0938142
FixedParameters: 0 0 0

#Transform 93
Transform: AffineTransform_float_3_3
Parameters: 1 -0.000935378 -0.000556985 0.000934693 0.999999 -0.000840783 0.000557143 0.000840952 0.999999 0.0806938 0.0147502 -0.0849264
FixedParameters: 0 0 0

#Transform 94
Transform: AffineTransform_float_3_3
Parameters: 0.999999 -0.00131909 -0.000721704 0.00131803 0.999998 -0.00138103 0.000723294 0.00138032 0.999999 0.0830274 0.0774987 -0.18657
FixedParameters: 0 0 0

#Transform 95
Transform: AffineTransform_float_3_3
Parameters: 1 -0.00107432 -0.000420487 0.00107382 0.999999 -0.00091225 0.000421063 0.000911259 1 0.0625755 0.0445361 -0.144879
FixedParameters: 0 0 0

#Transform 96
Transform: AffineTransform_float_3_3
Parameters: 1 -0.000830868 -0.000637928 0.000830911 1 -0.000595611 0.000638325 0.000595841 0.999999 0.0730738 -0.018638 -0.0843966
FixedParameters: 0 0 0

#Transform 97
Transform: AffineTransform_float_3_3
Parameters: 1 -0.000889828 -0.000589597 0.000890223 0.999999 0.000215501 0.000589288 -0.000216545 1 0.0655981 0.00443325 -0.0629593
FixedParameters: 0 0 0

#Transform 98
Transform: AffineTransform_float_3_3
Parameters: 1 -0.00108108 -0.000359891 0.0010814 0.999999 0.00025314 0.000359418 -0.000253913 1 0.0706584 -0.00532496 -0.068574
FixedParameters: 0 0 0

#Transform 99
Transform: AffineTransform_float_3_3
Parameters: 0.999999 -0.00128122 -0.000436391 0.00128159 0.999999 0.000451988 0.000435201 -0.000451807 1 0.0739566 0.026543 -0.0830226
FixedParameters: 0 0 0

#Transform 100
Transform: AffineTransform_float_3_3
Parameters: 1 -0.0011813 -7.76477e-05 0.00118137 1 0.000487039 7.66223e-05 -0.000487774 1 0.0652112 0.0309026 -0.0878909
FixedParameters: 0 0 0

#Transform 101
Transform: AffineTransform_float_3_3
Parameters: 0.999999 -0.00121289 -0.00034576 0.0012131 0.999999 0.000101602 0.000345588 -0.000102435 1 0.0803169 0.0244339 -0.0875518
FixedParameters: 0 0 0

#Transform 102
Transform: AffineTransform_float_3_3
Parameters: 0.999999 -0.00124145 -0.000275778 0.00124143 0.999999 0.000344145 0.000276391 -0.000344368 0.999999 0.0707076 0.0314176 -0.0924839
FixedParameters: 0 0 0

#Transform 103
Transform: AffineTransform_float_3_3
Parameters: 1 -0.00115435 -8.48894e-05 0.00115443 0.999999 0.000113745 8.47117e-05 -0.000113565 1 0.0615156 0.0181424 -0.0885052
FixedParameters: 0 0 0

#Transform 104
Transform: AffineTransform_float_3_3
Parameters: 1 -0.00104292 -0.000443001 0.00104239 0.999999 -0.00013852 0.000442543 0.000137523 1 0.078159 0.0156951 -0.0792162
FixedParameters: 0 0 0

#Transform 105
Transform: AffineTransform_float_3_3
Parameters: 0.999999 -0.00148825 -0.000281441 0.00148797 0.999999 -0.000364304 0.000282533 0.000363834 1 0.0806609 0.0547663 -0.102792
FixedParameters: 0 0 0

#Transform 106
Transform: AffineTransform_float_3_3
Parameters: 0.999999 -0.00144637 -0.000293504 0.00144529 0.999992 -0.00339338 0.000298229 0.00339223 0.999994 0.0833401 0.104558 -0.135981
FixedParameters: 0 0 0

#Transform 107
Transform: AffineTransform_float_3_3
Parameters: 1 -0.00118212 -0.000260404 0.0011813 0.999992 -0.00380507 0.00026495 0.00380552 0.999993 0.0808998 0.101931 -0.150597
FixedParameters: 0 0 0

#Transform 108
Transform: AffineTransform_float_3_3
Parameters: 0.999999 -0.000868994 -0.000295642 0.000867642 0.999994 -0.00326122 0.000297486 0.00326142 0.999995 0.0887414 0.0666406 -0.119491
FixedParameters: 0 0 0

#Transform 109
Transform: AffineTransform_float_3_3
Parameters: 1 -0.000593529 0.000252413 0.000593746 0.999997 -0.00236227 -0.000250657 0.00236247 0.999997 0.0642324 0.0709211 -0.126577
FixedParameters: 0 0 0

#Transform 110
Transform: AffineTransform_float_3_3
Parameters: 1 -0.000445471 0.000324254 0.000446342 0.999999 -0.00165699 -0.00032281 0.00165634 0.999998 0.0594438 0.0373801 -0.0955218
FixedParameters: 0 0 0

#Transform 111
Transform: AffineTransform_float_3_3
Parameters: 0.999999 -0.000794816 0.000346266 0.000795595 0.999999 -0.0008224 -0.000346299 0.000821935 0.999999 0.0534948 0.0448759 -0.10539
FixedParameters: 0 0 0

#Transform 112
Transform: AffineTransform_float_3_3
Parameters: 0.999999 -0.000760321 0.000397783 0.000760849 1 -0.000741809 -0.000396613 0.000741485 1 0.0512249 0.0589198 -0.107972
FixedParameters: 0 0 0

#Transform 113
Transform: AffineTransform_float_3_3
Parameters: 0.999999 -0.000767304 0.000166201 0.000767766 1 -0.000761041 -0.000166374 0.000760281 1 0.0797515 0.0209877 -0.14021
FixedParameters: 0 0 0

#Transform 114
Transform: AffineTransform_float_3_3
Parameters: 0.999999 5.47405e-05 -0.00128715 -4.12227e-05 0.999944 0.0105273 0.00128786 -0.0105274 0.999944 0.0814538 -0.085331 -0.21357
FixedParameters: 0 0 0

#Transform 115
Transform: AffineTransform_float_3_3
Parameters: 0.999999 -1.3742e-05 -0.00118476 2.53139e-05 0.999951 0.00992108 0.00118396 -0.00992134 0.99995 0.0689413 -0.100049 -0.0560543
FixedParameters: 0 0 0

#Transform 116
Transform: AffineTransform_float_3_3
Parameters: 0.999999 0.00107391 -0.00141073 -0.00106196 0.999966 0.00818016 0.00141947 -0.00817931 0.999966 0.0816915 -0.105345 -0.0299263
FixedParameters: 0 0 0

#Transform 117
Transform: AffineTransform_float_3_3
Parameters: 0.999999 0.00143147 -0.000831678 -0.00142617 0.999981 0.00600614 0.000840608 -0.00600442 0.999982 0.0722092 -0.0879559 -0.0296028
FixedParameters: 0 0 0

#Transform 118
Transform: AffineTransform_float_3_3
Parameters: 1 -0.000200143 -0.000110929 0.000200541 0.999993 0.00374479 0.000109721 -0.00374479 0.999993 0.0673363 -0.0668562 0.0293743
FixedParameters: 0 0 0

#Transform 119
Transform: AffineTransform_float_3_3
Parameters: 1 -9.3837e-05 4.672e-05 9.42232e-05 0.999996 0.00304561 -4.74102e-05 -0.00304556 0.999996 0.0646505 -0.0635769 0.0393118
FixedParameters: 0 0 0

#Transform 120
Transform: AffineTransform_float_3_3
Parameters: 1 -0.000103661 0.000161586 0.000102778 0.999997 0.00270594 -0.000161625 -0.00270585 0.999997 0.0823064 -0.0751429 0.0315955
FixedParameters: 0 0 0

#Transform 121
Transform: AffineTransform_float_3_3
Parameters: 1 -0.000716219 0.000443433 0.000714914 0.999997 0.00239435 -0.000445368 -0.00239357 0.999997 0.0703738 -0.025837 -0.0105199
FixedParameters: 0 0 0

#Transform 122
Transform: AffineTransform_float_3_3
Parameters: 0.999999 -0.000608098 0.000427206 0.000607059 0.999999 0.00162408 -0.000428393 -0.00162442 0.999999 0.0850321 -0.0213445 -0.0590275
FixedParameters: 0 0 0

#Transform 123
Transform: AffineTransform_float_3_3
Parameters: 0.999999 -0.000484251 0.000848917 0.000485401 1 -0.000713362 -0.000848184 0.000713257 0.999999 0.0893642 0.0200723 -0.0910617
FixedParameters: 0 0 0

#Transform 124
Transform: AffineTransform_float_3_3
Parameters: 0.999999 -0.000379892 0.000978356 0.000380224 1 -0.000942577 -0.000977975 0.000943244 0.999999 0.0828263 0.0399573 -0.11494
FixedParameters: 0 0 0

#Transform 125
Transform: AffineTransform_float_3_3
Parameters: 0.999999 -0.000275756 0.000847294 0.000276674 1 -0.00110937 -0.000846196 0.00110984 0.999999 0.0998873 0.0237584 -0.133044
FixedParameters: 0 0 0

#Transform 126
Transform: AffineTransform_float_3_3
Parameters: 1 -0.000129688 0.00122203 0.000130842 0.999999 -0.00133809 -0.00122139 0.00133797 0.999998 0.0601878 0.0424233 -0.120647
FixedParameters: 0 0 0

#Transform 127
Transform: AffineTransform_float_3_3
Parameters: 1 0.000217761 0.000229261 -0.000217056 0.999997 -0.00214199 -0.000230343 0.00214187 0.999997 0.0897299 0.0149062 -0.0913672
FixedParameters: 0 0 0

#Transform 128
Transform: AffineTransform_float_3_3
Parameters: 0.999999 0.000311148 0.000758969 -0.000309289 0.999998 -0.00194988 -0.000759769 0.00194941 0.999998 0.0791264 0.0464601 -0.0992031
FixedParameters: 0 0 0

#Transform 129
Transform: AffineTransform_float_3_3
Parameters: 0.999999 8.76517e-06 0.000985466 -5.82921e-06 0.999997 -0.00239875 -0.000985988 0.00239865 0.999996 0.0642561 0.0535789 -0.110339
FixedParameters: 0 0 0

#Transform 130
Transform: AffineTransform_float_3_3
Parameters: 1 -5.56679e-05 0.000672746 5.79329e-05 0.999997 -0.00271124 -0.000672179 0.0027113 0.999996 0.0700367 0.0536392 -0.1456
FixedParameters: 0 0 0

#Transform 131
Transform: AffineTransform_float_3_3
Parameters: 0.999999 -0.00011107 0.000849259 0.000112713 0.999997 -0.00250708 -0.000848623 0.00250719 0.999996 0.0570787 0.0589649 -0.0897819
FixedParameters: 0 0 0

#Transform 132
Transform: AffineTransform_float_3_3
Parameters: 0.999999 -8.98003e-05 0.000867504 9.24863e-05 0.999997 -0.00261662 -0.000867598 0.00261631 0.999997 0.0449947 0.0664338 -0.0891598
FixedParameters: 0 0 0

#Transform 133
Transform: AffineTransform_float_3_3
Parameters: 0.999999 -7.1653e-05 0.00087605 7.37763e-05 0.999996 -0.00278459 -0.000875646 0.00278464 0.999995 0.0688802 0.0573632 -0.147292
FixedParameters: 0 0 0

#Transform 134
Transform: AffineTransform_float_3_3
Parameters: 0.999999 -4.24628e-05 0.00103343 4.526e-05 0.999997 -0.00268634 -0.00103319 0.00268634 0.999996 0.0757104 0.0684428 -0.156928
FixedParameters: 0 0 0

#Transform 135
Transform: AffineTransform_float_3_3
Parameters: 1 -0.0002036 0.00126145 0.000207566 0.999996 -0.00282669 -0.00126116 0.0028276 0.999996 0.0659569 0.0659182 -0.161147
FixedParameters: 0 0 0

#Transform 136
Transform: AffineTransform_float_3_3
Parameters: 1 -0.000189995 0.000477803 0.000191353 0.999991 -0.00417854 -0.00047715 0.0041786 0.999991 0.0298886 0.0199531 -0.0658744
FixedParameters: 0 0 0

#Transform 137
Transform: AffineTransform_float_3_3
Parameters: 1 0.000611212 -0.000364777 -0.000613421 0.999981 -0.00612926 0.000361216 0.00612923 0.999981 0.0334545 0.0232621 -0.0378825
FixedParameters: 0 0 0

#Transform 138
Transform: AffineTransform_float_3_3
Parameters: 1 0.000501738 -0.000661657 -0.000503596 0.999992 -0.00399269 0.000660098 0.0039937 0.999992 0.0498562 0.0292587 -0.0771516
FixedParameters: 0 0 0

#Transform 139
Transform: AffineTransform_float_3_3
Parameters: 0.999998 -0.0015484 -0.000418221 0.00154801 0.999999 -0.000368877 0.000419371 0.00036795 1 0.0823488 0.0683496 -0.149214
FixedParameters: 0 0 0

#Transform 140
Transform: AffineTransform_float_3_3
Parameters: 1 -0.00110737 0.000602589 0.00110803 0.999997 -0.00208434 -0.00060047 0.00208451 0.999998 0.0377588 0.0573604 -0.0754259
FixedParameters: 0 0 0

#Transform 141
Transform: AffineTransform_float_3_3
Parameters: 1 0.000894988 -0.000493836 -0.000895928 0.999998 -0.00193019 0.000491945 0.00193122 0.999998 0.0535622 0.0135532 -0.0613083
FixedParameters: 0 0 0

#Transform 142
Transform: AffineTransform_float_3_3
Parameters: 1 0.000982895 -0.000445514 -0.000983441 0.999997 -0.00224856 0.000443522 0.00224874 0.999997 0.0263098 0.0552604 -0.0623455
FixedParameters: 0 0 0

#Transform 143
Transform: AffineTransform_float_3_3
Parameters: 1 0.00100325 -0.000579387 -0.00100413 0.999998 -0.00165776 0.000577743 0.00165815 0.999998 0.0367853 0.0270475 -0.0765997
FixedParameters: 0 0 0

#Transform 144
Transform: AffineTransform_float_3_3
Parameters: 1 0.000963655 -0.000320616 -0.000964778 0.999997 -0.00197691 0.000318931 0.00197769 0.999998 0.0497491 0.022346 -0.0890551
FixedParameters: 0 0 0

#Transform 145
Transform: AffineTransform_float_3_3
Parameters: 1 -5.18676e-05 0.000392504 5.27296e-05 0.999999 -0.00127651 -0.000392446 0.00127654 0.999999 0.0568658 0.0366848 -0.106
FixedParameters: 0 0 0

#Transform 146
Transform: AffineTransform_float_3_3
Parameters: 1 -0.000345081 0.000318076 0.000345144 0.999999 -0.00118529 -0.000318155 0.00118543 0.999999 0.0663187 0.0469046 -0.135728
FixedParameters: 0 0 0

#Transform 147
Transform: AffineTransform_float_3_3
Parameters: 1 -0.000507799 0.000342417 0.000508156 0.999999 -0.00173614 -0.000341625 0.0017364 0.999999 0.0557036 0.0586169 -0.149066
FixedParameters: 0 0 0

#Transform 148
Transform: AffineTransform_float_3_3
Parameters: 1 -0.000334545 0.000289539 0.000335467 0.999998 -0.00208056 -0.000288296 0.00208074 0.999998 0.0606963 0.0492765 -0.159784
FixedParameters: 0 0 0

#Transform 149
Transform: AffineTransform_float_3_3
Parameters: 1 -0.000501607 0.000387435 0.000502339 0.999998 -0.0020201 -0.000386379 0.0020204 0.999998 0.0644818 0.0582915 -0.156888
FixedParameters: 0 0 0

#Transform 150
Transform: AffineTransform_float_3_3
Parameters: 1 -0.000592576 0.000445816 0.000593937 0.999997 -0.00231343 -0.000445502 0.00231377 0.999997 0.063669 0.067381 -0.164481
FixedParameters: 0 0 0

#Transform 151
Transform: AffineTransform_float_3_3
Parameters: 1 -0.000477957 0.000459816 0.000479113 0.999997 -0.00231683 -0.000458647 0.00231718 0.999997 0.076947 0.0678506 -0.171487
FixedParameters: 0 0 0

#Transform 152
Transform: AffineTransform_float_3_3
Parameters: 0.999999 -0.000777542 0.000650927 0.000778731 0.999998 -0.00202435 -0.000649529 0.00202426 0.999998 0.082009 0.0697356 -0.176345
FixedParameters: 0 0 0

#Transform 153
Transform: AffineTransform_float_3_3
Parameters: 0.999999 -0.000779696 0.000659007 0.00078103 0.999998 -0.0021697 -0.00065749 0.00217055 0.999998 0.0827132 0.0689032 -0.182826
FixedParameters: 0 0 0

#Transform 154
Transform: AffineTransform_float_3_3
Parameters: 0.999999 -0.000653719 0.000837455 0.00065654 0.999996 -0.0026795 -0.000835888 0.00268042 0.999996 0.0736632 0.0708605 -0.185695
FixedParameters: 0 0 0

#Transform 155
Transform: AffineTransform_float_3_3
Parameters: 0.999999 -0.000661417 0.000672534 0.00066341 0.999996 -0.00272105 -0.000670874 0.00272176 0.999996 0.0803898 0.0733654 -0.199133
FixedParameters: 0 0 0

#Transform 156
Transform: AffineTransform_float_3_3
Parameters: 1 -0.000823345 0.000969025 0.000825901 0.999997 -0.00249149 -0.000966107 0.002492 0.999996 0.0835084 0.0679514 -0.201244
FixedParameters: 0 0 0

#Transform 157
Transform: AffineTransform_float_3_3
Parameters: 1 -0.00078798 0.00100162 0.000791434 0.999997 -0.00240793 -0.000999574 0.00240804 0.999997 0.0803326 0.0792973 -0.191858
FixedParameters: 0 0 0

#Transform 158
Transform: AffineTransform_float_3_3
Parameters: 0.999999 -0.000572265 0.000773469 0.000574831 0.999996 -0.00273536 -0.000772276 0.00273606 0.999996 0.0831983 0.0722408 -0.201703
FixedParameters: 0 0 0

#Transform 159
Transform: AffineTransform_float_3_3
Parameters: 1 -0.00064867 0.00112207 0.000651995 0.999997 -0.00245796 -0.00112007 0.00245796 0.999996 0.0736987 0.0860477 -0.207919
FixedParameters: 0 0 0

#Transform 160
Transform: AffineTransform_float_3_3
Parameters: 0.999999 -0.00073593 0.00118298 0.000738174 0.999997 -0.00248793 -0.00118089 0.00248907 0.999997 0.0748536 0.08089 -0.198163
FixedParameters: 0 0 0

#Transform 161
Transform: AffineTransform_float_3_3
Parameters: 0.999999 -0.00118808 0.00090795 0.00119087 0.999995 -0.00309572 -0.00090413 0.00309661 0.999995 0.0976166 0.0942751 -0.268129
FixedParameters: 0 0 0

#Transform 162
Transform: AffineTransform_float_3_3
Parameters: 0.999999 -0.00122389 0.000622427 0.00122866 0.999965 -0.00817585 -0.000612937 0.0081766 0.999966 0.0679301 0.218723 -0.275377
FixedParameters: 0 0 0

#Transform 163
Transform: AffineTransform_float_3_3
Parameters: 1 -0.00032826 0.00047506 0.000333261 0.999937 -0.0112711 -0.000471097 0.0112713 0.999937 0.035309 0.219233 -0.23992
FixedParameters: 0 0 0

#Transform 164
Transform: AffineTransform_float_3_3
Parameters: 1 -0.000597773 0.00051802 0.000604228 0.999935 -0.0113903 -0.000510662 0.0113906 0.999935 0.0234166 0.178524 -0.203954
FixedParameters: 0 0 0

#Transform 165
Transform: AffineTransform_float_3_3
Parameters: 1 -0.000648761 0.000323958 0.000651988 0.999956 -0.00929439 -0.000317361 0.00929454 0.999956 0.0512447 0.0949217 -0.164158
FixedParameters: 0 0 0

#Transform 166
Transform: AffineTransform_float_3_3
Parameters: 0.999998 -0.000985718 0.00125204 0.000995794 0.999971 -0.00759313 -0.00124445 0.0075949 0.999971 0.046358 0.12053 -0.172239
FixedParameters: 0 0 0

#Transform 167
Transform: AffineTransform_float_3_3
Parameters: 0.999996 -0.00102173 0.00240117 0.00103583 0.99998 -0.00620593 -0.00239519 0.00620784 0.999978 0.0184728 0.0845577 -0.139174
FixedParameters: 0 0 0

#Transform 168
Transform: AffineTransform_float_3_3
Parameters: 0.999996 -0.00117371 0.00266774 0.00118971 0.999981 -0.00600748 -0.00266099 0.00601105 0.999978 0.0315794 0.0962464 -0.151072
FixedParameters: 0 0 0

#Transform 169
Transform: AffineTransform_float_3_3
Parameters: 0.999997 -0.000594738 0.00232405 0.000610904 0.999974 -0.0071864 -0.00231997 0.00718761 0.999972 0.0177834 0.110441 -0.181308
FixedParameters: 0 0 0

#Transform 170
Transform: AffineTransform_float_3_3
Parameters: 0.999997 -0.000679923 0.00244554 0.00070095 0.999963 -0.00853471 -0.00244026 0.00853629 0.999961 0.0162755 0.113574 -0.189595
FixedParameters: 0 0 0

#Transform 171
Transform: AffineTransform_float_3_3
Parameters: 0.999997 -0.000667398 0.00233329 0.000686122 0.999967 -0.00800647 -0.00232831 0.00800793 0.999965 0.0136288 0.106383 -0.18118
FixedParameters: 0 0 0

#Transform 172
Transform: AffineTransform_float_3_3
Parameters: 0.999997 -0.000722076 0.00244889 0.000741069 0.999968 -0.00798035 -0.00244332 0.00798253 0.999965 0.00449905 0.103323 -0.170855
FixedParameters: 0 0 0

#Transform 173
Transform: AffineTransform_float_3_3
Parameters: 0.999997 -0.000612885 0.00234182 0.000629617 0.999974 -0.0073001 -0.0023374 0.00730178 0.999971 0.014171 0.0754735 -0.157668
FixedParameters: 0 0 0

#Transform 174
Transform: AffineTransform_float_3_3
Parameters: 0.999997 -0.000663837 0.00233258 0.000678338 0.99998 -0.00634565 -0.00232792 0.00634766 0.999977 0.0162021 0.0860653 -0.154551
FixedParameters: 0 0 0

#Transform 175
Transform: AffineTransform_float_3_3
Parameters: 0.999997 -0.000796465 0.0024278 0.00081279 0.999979 -0.00642953 -0.00242278 0.00643186 0.999977 0.0248686 0.0478113 -0.131394
FixedParameters: 0 0 0

#Transform 176
Transform: AffineTransform_float_3_3
Parameters: 0.999997 -0.00115902 0.00248536 0.00117334 0.999983 -0.00565161 -0.00247841 0.00565446 0.999981 0.0293148 0.07929 -0.160392
FixedParameters: 0 0 0

#Transform 177
Transform: AffineTransform_float_3_3
Parameters: 0.999997 -0.00102305 0.00253526 0.00103609 0.999984 -0.00539469 -0.00252967 0.00539699 0.999982 0.022029 0.0716846 -0.159406
FixedParameters: 0 0 0

#Transform 178
Transform: AffineTransform_float_3_3
Parameters: 0.999996 -0.00106753 0.00238997 0.00108096 0.999983 -0.00573668 -0.00238394 0.00573924 0.99998 0.0344201 0.0654032 -0.173207
FixedParameters: 0 0 0

#Transform 179
Transform: AffineTransform_float_3_3
Parameters: 0.999996 -0.00110618 0.0025842 0.00111976 0.999986 -0.00522174 -0.00257854 0.00522364 0.999983 0.0261825 0.0919682 -0.197156
FixedParameters: 0 0 0

#Transform 180
Transform: AffineTransform_float_3_3
Parameters: 0.999995 -0.00118061 0.00276083 0.00119471 0.999986 -0.00512985 -0.00275404 0.00513256 0.999983 0.0327917 0.0940309 -0.187428
FixedParameters: 0 0 0

#Transform 181
Transform: AffineTransform_float_3_3
Parameters: 0.999997 -0.00118997 0.00247941 0.00120316 0.999985 -0.0054088 -0.00247249 0.00541125 0.999982 0.0454273 0.0835389 -0.217465
FixedParameters: 0 0 0

#Transform 182
Transform: AffineTransform_float_3_3
Parameters: 0.999995 -0.00144861 0.00280533 0.00146202 0.999987 -0.00492521 -0.00279843 0.00492937 0.999984 0.0344933 0.0976048 -0.226819
FixedParameters: 0 0 0

#Transform 183
Transform: AffineTransform_float_3_3
Parameters: 0.999995 -0.00113232 0.00271495 0.00114607 0.999987 -0.00486171 -0.00270897 0.00486506 0.999985 0.0353544 0.0827308 -0.20385
FixedParameters: 0 0 0

#Transform 184
Transform: AffineTransform_float_3_3
Parameters: 0.999996 -0.00125052 0.00257839 0.00126408 0.999986 -0.00505735 -0.00257223 0.0050609 0.999984 0.0433655 0.0800313 -0.198526
FixedParameters: 0 0 0

#Transform 185
Transform: AffineTransform_float_3_3
Parameters: 0.999996 -0.0014047 0.00255769 0.00141702 0.999987 -0.00494779 -0.00255099 0.00495107 0.999985 0.0345948 0.0993843 -0.195566
FixedParameters: 0 0 0

#Transform 186
Transform: AffineTransform_float_3_3
Parameters: 0.999996 -0.00110017 0.00257524 0.00111312 0.999986 -0.00512016 -0.0025699 0.0051233 0.999983 0.0420345 0.0740674 -0.196503
FixedParameters: 0 0 0

#Transform 187
Transform: AffineTransform_float_3_3
Parameters: 0.999995 -0.00132252 0.00269017 0.00133378 0.99999 -0.00432557 -0.00268489 0.00432888 0.999987 0.0324353 0.0930971 -0.194193
FixedParameters: 0 0 0

#Transform 188
Transform: AffineTransform_float_3_3
Parameters: 0.999996 -0.00120327 0.0026148 0.00121506 0.999989 -0.00446072 -0.00260952 0.00446421 0.999987 0.0378072 0.0718273 -0.191103
FixedParameters: 0 0 0

#Transform 189
Transform: AffineTransform_float_3_3
Parameters: 0.999995 -0.00131657 0.002861 0.00132817 0.99999 -0.00412515 -0.00285489 0.00412953 0.999988 0.0324913 0.0669426 -0.199397
FixedParameters: 0 0 0
