#Insight Transform File V1.0
#Transform 0
Transform: AffineTransform_float_3_3
Parameters: 0.999998 0.00163533 -0.0006175 -0.00163404 0.999998 0.00171757 0.000619972 -0.00171612 0.999998 -0.0214567 -0.0269931 0.0116904
FixedParameters: 0 0 0

#Transform 1
Transform: AffineTransform_float_3_3
Parameters: 0.999999 0.0014438 -0.000602987 -0.00144304 0.999997 0.00204179 0.000606223 -0.00204062 0.999997 -0.0205967 -0.005981 -0.0051328
FixedParameters: 0 0 0

#Transform 2
Transform: AffineTransform_float_3_3
Parameters: 0.999999 0.00147828 -0.000692973 -0.00147662 0.999998 0.00174026 0.000694969 -0.0017393 0.999999 -0.0136029 -0.0342759 0.0236369
FixedParameters: 0 0 0

#Transform 3
Transform: AffineTransform_float_3_3
Parameters: 0.999999 0.00142825 -0.000558817 -0.0014278 0.999997 0.00192613 0.00056166 -0.00192511 0.999998 -0.024084 -0.00108676 -0.00659915
FixedParameters: 0 0 0

#Transform 4
Transform: AffineTransform_float_3_3
Parameters: 0.999999 0.0012377 -0.000487427 -0.00123687 0.999997 0.0020197 0.000490631 -0.00201951 0.999998 -0.0155215 0.000132257 0.0013079
FixedParameters: 0 0 0

#Transform 5
Transform: AffineTransform_float_3_3
Parameters: 0.999999 0.00125951 -0.000386186 -0.00125933 0.999998 0.00163061 0.000388462 -0.00162981 0.999999 -0.02337 -0.0138813 0.0130081
FixedParameters: 0 0 0

#Transform 6
Transform: AffineTransform_float_3_3
Parameters: 0.999999 0.000972045 -0.00015249 -0.000971825 0.999998 0.0018783 0.000153731 -0.00187817 0.999998 -0.0208067 0.00418598 -0.00790348
FixedParameters: 0 0 0

#Transform 7
Transform: AffineTransform_float_3_3
Parameters: 1 0.000684772 -8.85553e-05 -0.000685189 0.999998 0.00186647 9.00531e-05 -0.00186645 0.999998 -0.0261722 0.00681232 0.00369533
FixedParameters: 0 0 0

#Transform 8
Transform: AffineTransform_float_3_3
Parameters: 1 0.00112601 -0.00025675 -0.00112578 0.999998 0.00163389 0.000259466 -0.00163339 0.999999 -0.0107485 -0.0311047 0.0326008
FixedParameters: 0 0 0

#Transform 9
Transform: AffineTransform_float_3_3
Parameters: 1 0.000744176 1.86773e-07 -0.00074414 0.999998 0.00199295 1.23976e-06 -0.00199251 0.999998 -0.0285505 0.0188266 -0.0105459
FixedParameters: 0 0 0

#Transform 10
Transform: AffineTransform_float_3_3
Parameters: 0.999999 0.000876735 -0.000272021 -0.000875629 0.999998 0.00167759 0.00027355 -0.00167804 0.999998 -0.0173999 -0.0181299 0.0141204
FixedParameters: 0 0 0

#Transform 11
Transform: AffineTransform_float_3_3
Parameters: 0.999999 0.000940026 -0.000115102 -0.000939529 0.999998 0.00168107 0.000116855 -0.00168125 0.999998 -0.0295446 0.0142857 -0.00913136
FixedParameters: 0 0 0

#Transform 12
Transform: AffineTransform_float_3_3
Parameters: 0.999999 0.000889576 -0.000127285 -0.000889887 0.999999 0.00089409 0.000128046 -0.000894793 0.999999 -0.0210536 0.0205848 -0.00780926
FixedParameters: 0 0 0

#Transform 13
Transform: AffineTransform_float_3_3
Parameters: 1 0.000585616 -0.000216587 -0.00058576 0.999999 0.00108066 0.00021689 -0.00108049 1 -0.00833472 -0.0164265 0.00762548
FixedParameters: 0 0 0

#Transform 14
Transform: AffineTransform_float_3_3
Parameters: 1 0.000276153 -6.24591e-06 -0.000276145 1 0.000638531 6.59857e-06 -0.000638528 1 -0.0139472 0.0630577 -0.032899
FixedParameters: 0 0 0

#Transform 15
Transform: AffineTransform_float_3_3
Parameters: 0.999999 -0.000781745 0.000366699 0.000782048 1 -0.00050379 -0.000365875 0.000503517 1 0.00823182 0.0494079 -0.0293816
FixedParameters: 0 0 0

#Transform 16
Transform: AffineTransform_float_3_3
Parameters: 1 -0.00101858 0.000344673 0.00101875 0.999999 0.000558042 -0.00034481 -0.000558095 1 0.00829881 0.0522758 -0.0393993
FixedParameters: 0 0 0

#Transform 17
Transform: AffineTransform_float_3_3
Parameters: 1 -0.001074 0.000398952 0.00107356 0.999999 0.000643853 -0.000400203 -0.000643834 1 0.00455422 0.0419809 -0.0176016
FixedParameters: 0 0 0

#Transform 18
Transform: AffineTransform_float_3_3
Parameters: 0.999999 -0.000668797 0.000415928 0.000669228 0.999999 0.00101473 -0.000416866 -0.00101493 0.999999 -4.34709e-05 0.000815148 -0.00571466
FixedParameters: 0 0 0

#Transform 19
Transform: AffineTransform_float_3_3
Parameters: 0.999999 -0.000671478 0.00042432 0.000670843 0.999999 0.00114229 -0.000425082 -0.00114164 1 -0.00755565 0.0307709 -0.0146146
FixedParameters: 0 0 0

#Transform 20
Transform: AffineTransform_float_3_3
Parameters: 1 -0.000357157 0.000289484 0.000356949 1 0.00093683 -0.000289382 -0.000936546 1 0.000516792 -0.0306362 0.0131182
FixedParameters: 0 0 0

#Transform 21
Transform: AffineTransform_float_3_3
Parameters: 0.999999 -0.000674652 0.000348525 0.000674083 0.999999 0.00129468 -0.0003495 -0.00129413 0.999999 -0.00369922 0.0374995 -0.0265919
FixedParameters: 0 0 0

#Transform 22
Transform: AffineTransform_float_3_3
Parameters: 0.999999 -0.000660621 0.000417498 0.00066021 0.999999 0.000980277 -0.00041789 -0.000980488 0.999999 -0.00630708 0.0303096 -0.0216448
FixedParameters: 0 0 0

#Transform 23
Transform: AffineTransform_float_3_3
Parameters: 1 -0.000918592 0.000678364 0.000917633 0.999999 0.000760381 -0.000679627 -0.000759974 0.999999 0.00222289 0.0175433 -0.0156008
FixedParameters: 0 0 0

#Transform 24
Transform: AffineTransform_float_3_3
Parameters: 1 -0.000888151 0.000787977 0.000886924 0.999999 0.0010792 -0.000789025 -0.00107771 0.999999 -0.00671495 0.0315711 -0.024381
FixedParameters: 0 0 0

#Transform 25
Transform: AffineTransform_float_3_3
Parameters: 1 -0.00072539 0.000564637 0.000725645 1 0.000607435 -0.00056587 -0.000607446 1 -0.0073492 -0.0439801 0.040325
FixedParameters: 0 0 0

#Transform 26
Transform: AffineTransform_float_3_3
Parameters: 1 -0.000911327 0.00068121 0.000910838 0.999999 0.000760249 -0.000681596 -0.000759763 0.999999 -0.0194519 -0.00071763 0.000544221
FixedParameters: 0 0 0

#Transform 27
Transform: AffineTransform_float_3_3
Parameters: 1 -0.000763369 0.000494019 0.000762907 0.999999 0.00110434 -0.000494709 -0.00110487 0.999999 -0.0108267 -0.0160436 0.0137234
FixedParameters: 0 0 0

#Transform 28
Transform: AffineTransform_float_3_3
Parameters: 0.999999 -0.000834026 0.000445289 0.000833689 0.999999 0.000836152 -0.00044578 -0.000836171 0.999999 -0.00609054 -0.0271667 0.0141023
FixedParameters: 0 0 0

#Transform 29
Transform: AffineTransform_float_3_3
Parameters: 1 -0.000851556 0.000678054 0.000851076 1 0.000757091 -0.000678343 -0.000756691 0.999999 -0.0198151 0.00917536 0.00648381
FixedParameters: 0 0 0

#Transform 30
Transform: AffineTransform_float_3_3
Parameters: 0.999999 -0.000738217 0.000624884 0.00073826 1 -0.000782809 -0.000623208 0.000782875 0.999999 -0.00768745 -0.0137219 0.03255
FixedParameters: 0 0 0

#Transform 31
Transform: AffineTransform_float_3_3
Parameters: 0.999999 -0.000355347 0.000659041 0.000354736 1 0.00046383 -0.000659371 -0.000463362 0.999999 -0.0192021 -0.0372302 0.0386556
FixedParameters: 0 0 0

#Transform 32
Transform: AffineTransform_float_3_3
Parameters: 0.999999 -0.000567928 0.000713325 0.000566781 1 0.000757657 -0.000714148 -0.000757693 0.999999 -0.0170761 0.000394011 -0.000511876
FixedParameters: 0 0 0

#Transform 33
Transform: AffineTransform_float_3_3
Parameters: 0.999999 -0.000448582 0.000755949 0.000447132 1 0.000915356 -0.000756732 -0.000915525 0.999999 -0.0137821 -0.033623 0.0141451
FixedParameters: 0 0 0

#Transform 34
Transform: AffineTransform_float_3_3
Parameters: 0.999999 -0.000580582 0.000651691 0.000580001 0.999999 0.000446265 -0.000652208 -0.000445508 0.999999 -0.0076544 -0.0488439 0.0354532
FixedParameters: 0 0 0

#Transform 35
Transform: AffineTransform_float_3_3
Parameters: 1 -0.00063264 0.000777253 0.000632779 1 0.000820602 -0.000777775 -0.000820365 0.999999 -0.0210514 0.0105002 0.0138935
FixedParameters: 0 0 0

#Transform 36
Transform: AffineTransform_float_3_3
Parameters: 1 -0.000613165 0.00102857 0.000614522 1 -0.000583591 -0.00102772 0.000583482 0.999999 -0.0252381 0.0339084 -0.00593716
FixedParameters: 0 0 0

#Transform 37
Transform: AffineTransform_float_3_3
Parameters: 0.999999 -0.000584522 0.000670179 0.000585674 0.999999 -0.00125414 -0.000669678 0.00125431 0.999999 -0.010377 -0.0307629 0.0302978
FixedParameters: 0 0 0

#Transform 38
Transform: AffineTransform_float_3_3
Parameters: 1 -0.0004024 0.00105586 0.000403743 1 -0.000636054 -0.00105535 0.000636905 0.999999 -0.0357627 0.0375095 -0.0167983
FixedParameters: 0 0 0

#Transform 39
Transform: AffineTransform_float_3_3
Parameters: 1 -0.000518075 0.0010173 0.00051882 1 -0.000563246 -0.00101745 0.000563378 0.999999 -0.0281182 0.0234563 0.00826951
FixedParameters: 0 0 0

#Transform 40
Transform: AffineTransform_float_3_3
Parameters: 0.999999 -0.000530192 0.000766356 0.000531478 0.999999 -0.00123823 -0.000766004 0.00123896 0.999999 -0.0168197 0.00648566 0.0231757
FixedParameters: 0 0 0

#Transform 41
Transform: AffineTransform_float_3_3
Parameters: 1 -0.000770311 0.000937923 0.000770733 1 -0.000393575 -0.000938055 0.000393565 1 -0.0193987 0.0452765 -0.0154232
FixedParameters: 0 0 0

#Transform 42
Transform: AffineTransform_float_3_3
Parameters: 0.999999 -0.000948814 0.000922931 0.000949353 1 -0.000508516 -0.0009227 0.000509344 0.999999 -0.00737248 0.0276784 -0.00964377
FixedParameters: 0 0 0

#Transform 43
Transform: AffineTransform_float_3_3
Parameters: 0.999999 -0.000923431 0.000910425 0.000924748 0.999999 -0.000982932 -0.000909474 0.00098453 0.999999 -0.0178224 0.0242763 -0.00172688
FixedParameters: 0 0 0

#Transform 44
Transform: AffineTransform_float_3_3
Parameters: 1 -0.000777165 0.000908083 0.000778096 1 -0.000772515 -0.000907747 0.000773843 1 -0.0177595 0.0339896 0.00534696
FixedParameters: 0 0 0

#Transform 45
Transform: AffineTransform_float_3_3
Parameters: 0.999999 -0.000841473 0.00066946 0.000842152 0.999999 -0.000910075 -0.000668758 0.000910271 0.999999 -0.00534893 0.0190902 0.0112613
FixedParameters: 0 0 0

#Transform 46
Transform: AffineTransform_float_3_3
Parameters: 0.999999 -0.000794881 0.000926203 0.000794381 1 0.000565062 -0.000926101 -0.000564346 0.999999 -0.0203933 0.0224388 -0.006176
FixedParameters: 0 0 0

#Transform 47
Transform: AffineTransform_float_3_3
Parameters: 0.999999 -0.000746924 0.000715839 0.000747663 0.999999 -0.00089337 -0.000715334 0.000893509 0.999999 -0.00943482 -0.00739458 0.0166394
FixedParameters: 0 0 0

#Transform 48
Transform: AffineTransform_float_3_3
Parameters: 0.999999 -0.00083032 0.000892275 0.000829985 1 0.000714978 -0.000893813 -0.000714326 0.999999 -0.0200253 0.0241607 -0.0139899
FixedParameters: 0 0 0

#Transform 49
Transform: AffineTransform_float_3_3
Parameters: 1 -0.000803524 0.000853595 0.000803426 1 0.00060856 -0.000854924 -0.000608018 0.999999 -0.0157937 0.0171393 -0.000462238
FixedParameters: 0 0 0

#Transform 50
Transform: AffineTransform_float_3_3
Parameters: 1 -0.000800865 0.000782598 0.000800265 1 0.000732869 -0.000782771 -0.000732371 0.999999 -0.00145567 0.000310961 -0.00624399
FixedParameters: 0 0 0

#Transform 51
Transform: AffineTransform_float_3_3
Parameters: 0.999999 -0.000900885 0.000810063 0.000900064 0.999999 0.000844107 -0.000810583 -0.000843403 0.999999 -0.0066219 0.0153225 -0.0255598
FixedParameters: 0 0 0

#Transform 52
Transform: AffineTransform_float_3_3
Parameters: 1 -0.000876472 0.000584056 0.000875974 0.999999 0.00089319 -0.000584621 -0.000892921 0.999999 0.00317726 0.00492178 -0.0226634
FixedParameters: 0 0 0

#Transform 53
Transform: AffineTransform_float_3_3
Parameters: 1 -0.000760497 0.000684164 0.000760391 0.999999 0.00105761 -0.000685389 -0.00105648 0.999999 -0.000870691 0.0119704 -0.0220897
FixedParameters: 0 0 0

#Transform 54
Transform: AffineTransform_float_3_3
Parameters: 1 -0.000795848 0.000367663 0.000795467 0.999999 0.00116044 -0.000368643 -0.00115977 1 0.0177684 -0.0075565 -0.0259196
FixedParameters: 0 0 0

#Transform 55
Transform: AffineTransform_float_3_3
Parameters: 1 -0.000738807 0.000643742 0.000738046 0.999998 0.00139213 -0.000644067 -0.00139155 0.999999 0.000301737 0.0097314 -0.034205
FixedParameters: 0 0 0

#Transform 56
Transform: AffineTransform_float_3_3
Parameters: 0.999999 -0.000740776 0.000498507 0.000741118 0.999999 0.00133865 -0.000499336 -0.00133774 0.999999 0.00440676 0.0181006 -0.0196046
FixedParameters: 0 0 0

#Transform 57
Transform: AffineTransform_float_3_3
Parameters: 0.999999 -0.000690185 0.000278284 0.000689915 0.999999 0.00108475 -0.000279009 -0.00108429 1 0.0105983 0.000998194 -0.00319168
FixedParameters: 0 0 0

#Transform 58
Transform: AffineTransform_float_3_3
Parameters: 0.999999 -0.000627368 0.000412282 0.000626648 0.999999 0.00127879 -0.000413114 -0.0012782 0.999999 0.000410384 0.0339124 -0.0401767
FixedParameters: 0 0 0

#Transform 59
Transform: AffineTransform_float_3_3
Parameters: 0.999999 -0.000613162 0.000427461 0.00061274 0.999999 0.00106822 -0.000427871 -0.00106899 0.999999 0.00161025 -0.00127663 0.00267211
FixedParameters: 0 0 0

#Transform 60
Transform: AffineTransform_float_3_3
Parameters: 1 -0.000593221 0.000234505 0.000592893 0.999999 0.00141115 -0.000235407 -0.0014108 0.999999 0.00790991 0.0302011 -0.0231077
FixedParameters: 0 0 0

#Transform 61
Transform: AffineTransform_float_3_3
Parameters: 1 -0.000573754 0.000231371 0.000573255 0.999999 0.00165545 -0.000232462 -0.00165595 0.999998 0.0138485 0.0108312 -0.0182413
FixedParameters: 0 0 0

#Transform 62
Transform: AffineTransform_float_3_3
Parameters: 0.999999 -0.00061405 0.000167012 0.000614325 0.999998 0.00159713 -0.000167335 -0.00159677 0.999999 0.0152856 0.000900735 -0.0297411
FixedParameters: 0 0 0

#Transform 63
Transform: AffineTransform_float_3_3
Parameters: 1 -0.000532672 0.000281859 0.000531845 0.999998 0.00181097 -0.000283112 -0.0018106 0.999999 0.00843022 0.0200967 -0.0297507
FixedParameters: 0 0 0

#Transform 64
Transform: AffineTransform_float_3_3
Parameters: 1 -0.000407298 7.63153e-05 0.000407415 0.999999 0.00142915 -7.67086e-05 -0.00142901 0.999999 0.0176089 -0.00231616 -0.00199446
FixedParameters: 0 0 0

#Transform 65
Transform: AffineTransform_float_3_3
Parameters: 1 -0.000524129 0.000190872 0.000523637 0.999999 0.00179814 -0.000192081 -0.00179787 0.999999 0.00347737 0.0291262 -0.0422424
FixedParameters: 0 0 0

#Transform 66
Transform: AffineTransform_float_3_3
Parameters: 1 -0.000620161 0.000149075 0.000619939 0.999999 0.00163988 -0.000150302 -0.00164046 0.999999 0.00600709 0.00825484 -0.0203436
FixedParameters: 0 0 0

#Transform 67
Transform: AffineTransform_float_3_3
Parameters: 1 -0.00047715 0.000122926 0.000476904 0.999999 0.0017931 -0.000123961 -0.00179291 0.999999 0.0214577 -0.0130307 -0.00733989
FixedParameters: 0 0 0

#Transform 68
Transform: AffineTransform_float_3_3
Parameters: 1 -0.000438267 0.00028205 0.000437287 0.999998 0.00208136 -0.000283197 -0.00208105 0.999998 0.00361998 0.00699293 -0.0280432
FixedParameters: 0 0 0

#Transform 69
Transform: AffineTransform_float_3_3
Parameters: 0.999999 -0.000489324 0.000325987 0.000489535 0.999998 0.00203281 -0.000326918 -0.00203233 0.999998 0.00635821 0.00391038 -0.015193
FixedParameters: 0 0 0

#Transform 70
Transform: AffineTransform_float_3_3
Parameters: 1 -0.000417824 0.000119021 0.000417666 0.999998 0.00178951 -0.000119709 -0.00179018 0.999998 0.0187275 -0.00352608 -0.0106081
FixedParameters: 0 0 0

#Transform 71
Transform: AffineTransform_float_3_3
Parameters: 1 -0.000537952 0.000245391 0.000537174 0.999998 0.00198028 -0.000246845 -0.00197995 0.999998 0.0114504 0.0185613 -0.0196758
FixedParameters: 0 0 0

#Transform 72
Transform: AffineTransform_float_3_3
Parameters: 1 -0.000390628 3.96025e-05 0.000390836 0.999998 0.00158935 -4.00735e-05 -0.00158925 0.999999 0.021365 -0.0168839 0.00217085
FixedParameters: 0 0 0

#Transform 73
Transform: AffineTransform_float_3_3
Parameters: 1 -0.000441825 7.33372e-05 0.000442102 0.999998 0.00222307 -7.37242e-05 -0.0022237 0.999997 0.0177443 0.0163507 -0.0263924
FixedParameters: 0 0 0

#Transform 74
Transform: AffineTransform_float_3_3
Parameters: 1 -0.000378958 1.16004e-05 0.000378238 0.999998 0.00203239 -1.19804e-05 -0.00203232 0.999998 0.023616 -0.00239446 -0.00878558
FixedParameters: 0 0 0

#Transform 75
Transform: AffineTransform_float_3_3
Parameters: 1 -0.000520021 -4.6203e-06 0.000519301 0.999998 0.00222134 3.50642e-06 -0.00222213 0.999997 0.0234334 0.0145997 -0.0208352
FixedParameters: 0 0 0

#Transform 76
Transform: AffineTransform_float_3_3
Parameters: 1 -0.000486848 -3.91857e-05 0.000487198 0.999998 0.00199195 3.79203e-05 -0.00199192 0.999998 0.0250461 0.00075537 -0.0175706
FixedParameters: 0 0 0

#Transform 77
Transform: AffineTransform_float_3_3
Parameters: 1 -0.000359463 -0.000382914 0.000360784 0.999997 0.00218793 0.000381013 -0.00218738 0.999998 0.0366699 -0.019421 -0.0107414
FixedParameters: 0 0 0

#Transform 78
Transform: AffineTransform_float_3_3
Parameters: 0.999999 -0.000543439 -0.000536596 0.00054473 0.999997 0.00240433 0.000534175 -0.00240494 0.999997 0.0426128 -0.0212427 -0.0145588
FixedParameters: 0 0 0

#Transform 79
Transform: AffineTransform_float_3_3
Parameters: 1 -0.000480575 -0.000385564 0.000480055 0.999998 0.00223197 0.000384103 -0.00223184 0.999997 0.0402389 -0.00542272 -0.0218656
FixedParameters: 0 0 0

#Transform 80
Transform: AffineTransform_float_3_3
Parameters: 0.999999 -0.000412166 -0.000729311 0.000413653 0.999996 0.0025485 0.000727753 -0.0025483 0.999997 0.0471995 -0.00375701 -0.0101082
FixedParameters: 0 0 0

#Transform 81
Transform: AffineTransform_float_3_3
Parameters: 1 -0.000518509 -0.00105394 0.000522195 0.999995 0.00335714 0.00105142 -0.00335776 0.999993 0.0628512 -0.0700187 0.059164
FixedParameters: 0 0 0

#Transform 82
Transform: AffineTransform_float_3_3
Parameters: 0.999999 0.000285819 -0.00113505 -0.000282833 0.999996 0.00274143 0.00113546 -0.00274099 0.999995 0.0431316 0.00121261 -0.0179016
FixedParameters: 0 0 0

#Transform 83
Transform: AffineTransform_float_3_3
Parameters: 0.999999 0.000169387 -0.000956196 -0.000167058 0.999997 0.00261812 0.00095679 -0.00261846 0.999997 0.0495903 -0.0014918 -0.00609727
FixedParameters: 0 0 0

#Transform 84
Transform: AffineTransform_float_3_3
Parameters: 0.999999 0.000252573 -0.000838737 -0.000249709 0.999996 0.00283689 0.000839395 -0.00283659 0.999995 0.0337223 -0.029358 -0.00763338
FixedParameters: 0 0 0

#Transform 85
Transform: AffineTransform_float_3_3
Parameters: 0.999999 0.000357656 -0.000929446 -0.000354536 0.999996 0.00269713 0.0009306 -0.00269658 0.999996 0.0328361 -0.0440916 0.0147794
FixedParameters: 0 0 0

#Transform 86
Transform: AffineTransform_float_3_3
Parameters: 1 0.000338045 -0.0011527 -0.000335279 0.999997 0.00250714 0.00115333 -0.0025071 0.999997 0.0393369 -0.033017 0.0038416
FixedParameters: 0 0 0

#Transform 87
Transform: AffineTransform_float_3_3
Parameters: 0.999999 0.000427998 -0.00101328 -0.000424727 0.999997 0.00254847 0.00101469 -0.00254773 0.999996 0.0315373 -0.0351098 0.00949199
FixedParameters: 0 0 0

#Transform 88
Transform: AffineTransform_float_3_3
Parameters: 1 0.000533459 -0.00118238 -0.000532293 0.999999 0.00168667 0.00118332 -0.00168561 0.999998 0.0357681 -0.0447697 0.0231849
FixedParameters: 0 0 0

#Transform 89
Transform: AffineTransform_float_3_3
Parameters: 1 0.000548325 -0.0011535 -0.000545675 0.999998 0.00205533 0.0011543 -0.00205426 0.999997 0.02569 -0.0192955 -0.00641515
FixedParameters: 0 0 0

#Transform 90
Transform: AffineTransform_float_3_3
Parameters: 0.999999 0.000833074 -0.00166535 -0.00083167 1 0.000752171 0.00166634 -0.000751393 0.999999 0.048764 0.0156747 -0.0239456
FixedParameters: 0 0 0

#Transform 91
Transform: AffineTransform_float_3_3
Parameters: 0.999998 0.000786085 -0.00155256 -0.00078483 0.999999 0.000502671 0.00155247 -0.000501379 0.999999 0.0558074 -0.00344962 0.000514366
FixedParameters: 0 0 0

#Transform 92
Transform: AffineTransform_float_3_3
Parameters: 0.999999 0.000763328 -0.00144738 -0.000761832 0.999999 0.00113752 0.00144789 -0.00113687 0.999998 0.0474972 0.0200275 -0.014818
FixedParameters: 0 0 0

#Transform 93
Transform: AffineTransform_float_3_3
Parameters: 0.999999 0.000328043 -0.00144097 -0.000327474 1 0.000633974 0.001441 -0.000633653 0.999999 0.0488068 0.0368155 -0.0200476
FixedParameters: 0 0 0

#Transform 94
Transform: AffineTransform_float_3_3
Parameters: 0.999999 0.000315075 -0.00141473 -0.000316159 1 -0.000886995 0.00141455 0.000887449 0.999999 0.0505886 -0.00147269 0.00893874
FixedParameters: 0 0 0

#Transform 95
Transform: AffineTransform_float_3_3
Parameters: 0.999999 0.000417049 -0.00146541 -0.000416107 1 0.000588979 0.00146638 -0.000588298 0.999999 0.0481881 -0.00867477 0.00303251
FixedParameters: 0 0 0

#Transform 96
Transform: AffineTransform_float_3_3
Parameters: 1 0.000276359 -0.00120025 -0.000275741 1 0.000781587 0.0012003 -0.000781548 0.999999 0.0442772 0.0401059 -0.0188822
FixedParameters: 0 0 0

#Transform 97
Transform: AffineTransform_float_3_3
Parameters: 1 0.000274422 -0.00115664 -0.00027356 1 0.00074836 0.00115754 -0.000747735 0.999999 0.0408197 -0.0384802 0.0185015
FixedParameters: 0 0 0

#Transform 98
Transform: AffineTransform_float_3_3
Parameters: 0.999999 0.00029838 -0.0013218 -0.000296657 0.999999 0.00112739 0.00132209 -0.00112723 0.999998 0.0321965 -0.0410983 -0.0033965
FixedParameters: 0 0 0

#Transform 99
Transform: AffineTransform_float_3_3
Parameters: 1 0.000357979 -0.00103946 -0.000357363 1 0.000942201 0.00103975 -0.000941549 0.999999 0.0257108 -0.0219248 0.0155525
FixedParameters: 0 0 0

#Transform 100
Transform: AffineTransform_float_3_3
Parameters: 0.999999 0.000322456 -0.00125039 -0.000321467 0.999999 0.000525488 0.00124982 -0.000524452 0.999999 0.0393026 -0.0424337 0.0177634
FixedParameters: 0 0 0

#Transform 101
Transform: AffineTransform_float_3_3
Parameters: 1 0.000316615 -0.0012129 -0.000315209 0.999999 0.00109796 0.00121321 -0.00109782 0.999999 0.0333681 -0.0303406 -0.00412992
FixedParameters: 0 0 0

#Transform 102
Transform: AffineTransform_float_3_3
Parameters: 1 0.000348526 -0.00115985 -0.000347184 0.999999 0.0011571 0.00116027 -0.00115639 0.999998 0.0290965 -0.0156801 -0.0100671
FixedParameters: 0 0 0

#Transform 103
Transform: AffineTransform_float_3_3
Parameters: 0.999999 0.000506947 -0.00138929 -0.000505914 0.999999 0.00113694 0.00139054 -0.00113616 0.999998 0.0406638 -0.0141751 -0.0137622
FixedParameters: 0 0 0

#Transform 104
Transform: AffineTransform_float_3_3
Parameters: 0.999999 0.00027172 -0.0012778 -0.000269443 0.999999 0.00138262 0.00127816 -0.00138255 0.999998 0.037341 0.0148222 -0.0249564
FixedParameters: 0 0 0

#Transform 105
Transform: AffineTransform_float_3_3
Parameters: 0.999999 0.000310506 -0.00158794 -0.000308068 0.999999 0.00148066 0.00158885 -0.00148032 0.999998 0.0532696 0.0179851 -0.0456611
FixedParameters: 0 0 0

#Transform 106
Transform: AffineTransform_float_3_3
Parameters: 0.999999 0.000293031 -0.00153729 -0.000291814 0.999999 0.0012656 0.00153713 -0.00126458 0.999998 0.048151 0.0265014 -0.039537
FixedParameters: 0 0 0

#Transform 107
Transform: AffineTransform_float_3_3
Parameters: 0.999999 0.000420478 -0.00155822 -0.000418843 0.999999 0.00120658 0.00155933 -0.00120591 0.999998 0.0532567 0.0263623 -0.0378751
FixedParameters: 0 0 0

#Transform 108
Transform: AffineTransform_float_3_3
Parameters: 1 5.37945e-05 -0.00118375 -5.16538e-05 0.999999 0.00127077 0.00118437 -0.00127065 0.999998 0.0457192 0.0318813 -0.0353052
FixedParameters: 0 0 0

#Transform 109
Transform: AffineTransform_float_3_3
Parameters: 0.999999 -0.000439277 -0.001391 0.000441619 0.999999 0.00149271 0.00139052 -0.00149312 0.999998 0.0585269 0.0418739 -0.0665768
FixedParameters: 0 0 0

#Transform 110
Transform: AffineTransform_float_3_3
Parameters: 0.999998 -0.000512675 -0.00167454 0.000515373 0.999999 0.00134578 0.00167399 -0.00134668 0.999997 0.0797866 0.0247989 -0.0715124
FixedParameters: 0 0 0

#Transform 111
Transform: AffineTransform_float_3_3
Parameters: 0.999999 -0.000363384 -0.00147649 0.000365919 0.999999 0.00147111 0.00147626 -0.00147136 0.999997 0.0748387 0.0198048 -0.0544357
FixedParameters: 0 0 0

#Transform 112
Transform: AffineTransform_float_3_3
Parameters: 0.999999 -0.000500057 -0.00140816 0.000502853 0.999998 0.00163589 0.00140736 -0.00163648 0.999997 0.0717292 0.0292487 -0.0519663
FixedParameters: 0 0 0

#Transform 113
Transform: AffineTransform_float_3_3
Parameters: 0.999999 -0.000243418 -0.00150495 0.000244456 0.999999 0.000583527 0.00150511 -0.000583955 0.999999 0.0736068 0.0372476 -0.0393024
FixedParameters: 0 0 0

#Transform 114
Transform: AffineTransform_float_3_3
Parameters: 0.999998 -5.20656e-05 -0.00163225 5.34362e-05 0.999999 0.00109353 0.0016321 -0.0010935 0.999998 0.0581245 0.0440464 -0.0482555
FixedParameters: 0 0 0

#Transform 115
Transform: AffineTransform_float_3_3
Parameters: 0.999999 -0.000465517 -0.00139887 0.000467379 1 0.000971756 0.00139832 -0.000972762 0.999999 0.0743591 0.0435273 -0.0329707
FixedParameters: 0 0 0

#Transform 116
Transform: AffineTransform_float_3_3
Parameters: 0.999999 -0.000726963 -0.0012684 0.000728436 0.999999 0.00129408 0.00126735 -0.00129511 0.999999 0.0702682 0.0268716 -0.0512802
FixedParameters: 0 0 0

#Transform 117
Transform: AffineTransform_float_3_3
Parameters: 0.999998 -0.00104298 -0.00136457 0.00104422 0.999999 0.00094188 0.0013643 -0.000943821 0.999999 0.0724162 0.0180321 -0.0364526
FixedParameters: 0 0 0

#Transform 118
Transform: AffineTransform_float_3_3
Parameters: 0.999999 -0.000910291 -0.0011545 0.000912045 1 0.000998451 0.0011539 -0.000999108 0.999999 0.0675402 0.0211948 -0.0403046
FixedParameters: 0 0 0

#Transform 119
Transform: AffineTransform_float_3_3
Parameters: 0.999999 -0.000886544 -0.00117681 0.000887975 0.999999 0.00121151 0.00117636 -0.00121216 0.999999 0.0689932 -0.0149117 -0.0100547
FixedParameters: 0 0 0

#Transform 120
Transform: AffineTransform_float_3_3
Parameters: 0.999998 -0.000926329 -0.00132003 0.000928732 1 0.001119 0.00131917 -0.00112 0.999998 0.0721037 0.0167608 -0.0405702
FixedParameters: 0 0 0

#Transform 121
Transform: AffineTransform_float_3_3
Parameters: 0.999998 -0.000948741 -0.00135035 0.000950179 0.999999 0.00123429 0.00134884 -0.00123549 0.999998 0.0726317 0.0101674 -0.035275
FixedParameters: 0 0 0

#Transform 122
Transform: AffineTransform_float_3_3
Parameters: 0.999998 -0.000893562 -0.00148577 0.000894135 0.999999 0.000487095 0.00148522 -0.000488074 0.999999 0.0778218 0.018955 -0.0252324
FixedParameters: 0 0 0

#Transform 123
Transform: AffineTransform_float_3_3
Parameters: 0.999998 -0.00100812 -0.00134233 0.00100992 0.999999 0.00119853 0.00134162 -0.0011998 0.999998 0.0710333 0.0170286 -0.0258542
FixedParameters: 0 0 0

#Transform 124
Transform: AffineTransform_float_3_3
Parameters: 0.999998 -0.000880971 -0.00133996 0.000881635 0.999999 0.000578446 0.00133939 -0.000579438 0.999998 0.0792762 0.0207542 -0.0206869
FixedParameters: 0 0 0

#Transform 125
Transform: AffineTransform_float_3_3
Parameters: 0.999998 -0.00115323 -0.00124387 0.00115493 0.999998 0.00122262 0.00124274 -0.00122458 0.999999 0.0747899 0.0124626 -0.0259935
FixedParameters: 0 0 0

#Transform 126
Transform: AffineTransform_float_3_3
Parameters: 0.999999 -0.00106142 -0.00140553 0.00106154 0.999999 0.000302923 0.00140529 -0.000304223 0.999999 0.0737208 0.0252138 -0.0197358
FixedParameters: 0 0 0

#Transform 127
Transform: AffineTransform_float_3_3
Parameters: 0.999999 -0.000882555 -0.00130978 0.000883711 0.999999 0.000747508 0.0013089 -0.000748983 0.999999 0.0707025 0.0409136 -0.0244898
FixedParameters: 0 0 0

#Transform 128
Transform: AffineTransform_float_3_3
Parameters: 0.999999 -0.000919933 -0.00161573 0.000919867 1 0.00020714 0.00161576 -0.000208429 0.999999 0.0814267 0.0257272 -0.0218554
FixedParameters: 0 0 0

#Transform 129
Transform: AffineTransform_float_3_3
Parameters: 0.999999 -0.00108903 -0.00142037 0.0010897 0.999999 0.00052275 0.00141964 -0.000523629 0.999999 0.0735845 0.0251678 -0.025314
FixedParameters: 0 0 0

#Transform 130
Transform: AffineTransform_float_3_3
Parameters: 0.999998 -0.000887604 -0.0015082 0.000887537 1 0.000267422 0.00150804 -0.000268422 0.999999 0.0782802 0.0257714 -0.0191183
FixedParameters: 0 0 0

#Transform 131
Transform: AffineTransform_float_3_3
Parameters: 0.999998 -0.000898778 -0.00147934 0.000898162 0.999999 -0.000231257 0.00147972 0.000229444 0.999999 0.0778872 0.0340355 -0.0161966
FixedParameters: 0 0 0

#Transform 132
Transform: AffineTransform_float_3_3
Parameters: 0.999998 -0.00099503 -0.00145838 0.000995575 1 0.00051564 0.00145767 -0.000516334 0.999999 0.0754688 0.034144 -0.0373894
FixedParameters: 0 0 0

#Transform 133
Transform: AffineTransform_float_3_3
Parameters: 0.999999 -0.00108029 -0.00150553 0.00107978 0.999999 -0.000502171 0.00150605 0.000500619 0.999999 0.0787957 0.0320326 -0.0378098
FixedParameters: 0 0 0

#Transform 134
Transform: AffineTransform_float_3_3
Parameters: 0.999998 -0.00107799 -0.00129707 0.00107753 0.999999 -0.000168021 0.0012974 0.000166602 0.999999 0.0719357 0.0327517 -0.0388388
FixedParameters: 0 0 0

#Transform 135
Transform: AffineTransform_float_3_3
Parameters: 0.999999 -0.00114186 -0.00138151 0.00114181 0.999999 -6.89597e-05 0.0013816 6.74969e-05 1 0.0801367 0.0307585 -0.0470321
FixedParameters: 0 0 0

#Transform 136
Transform: AffineTransform_float_3_3
Parameters: 0.999998 -0.00115914 -0.00157762 0.00115979 0.999999 0.000163861 0.00157717 -0.000165827 0.999999 0.0889712 0.0291248 -0.0439198
FixedParameters: 0 0 0

#Transform 137
Transform: AffineTransform_float_3_3
Parameters: 0.999998 -0.00123098 -0.00125764 0.00123175 0.999999 0.000869752 0.0012572 -0.000871411 0.999999 0.0823852 0.00891327 -0.0435123
FixedParameters: 0 0 0

#Transform 138
Transform: AffineTransform_float_3_3
Parameters: 0.999999 -0.00110407 -0.00140853 0.0011044 0.999999 7.32346e-05 0.00140843 -7.49608e-05 0.999998 0.0840821 0.0247673 -0.0320204
FixedParameters: 0 0 0

#Transform 139
Transform: AffineTransform_float_3_3
Parameters: 0.999998 -0.0010345 -0.00133571 0.0010356 0.999999 0.00111791 0.00133424 -0.00111932 0.999998 0.0859885 0.0120036 -0.0225468
FixedParameters: 0 0 0

#Transform 140
Transform: AffineTransform_float_3_3
Parameters: 0.999998 -0.00102393 -0.00121279 0.00102616 0.999998 0.00147065 0.00121148 -0.00147222 0.999998 0.0834619 -0.00584233 -0.0435807
FixedParameters: 0 0 0

#Transform 141
Transform: AffineTransform_float_3_3
Parameters: 0.999998 -0.00119504 -0.00157501 0.00119516 0.999999 0.000297944 0.00157472 -0.000299493 0.999999 0.0887264 0.0383147 -0.0609029
FixedParameters: 0 0 0

#Transform 142
Transform: AffineTransform_float_3_3
Parameters: 0.999998 -0.00115436 -0.00162311 0.00115516 0.999999 0.00020257 0.00162257 -0.000204625 0.999999 0.0866106 0.0459358 -0.0505369
FixedParameters: 0 0 0

#Transform 143
Transform: AffineTransform_float_3_3
Parameters: 0.999998 -0.000898204 -0.00156402 0.000899472 0.999999 0.000983186 0.00156309 -0.000985174 0.999998 0.0787792 0.0426755 -0.0589679
FixedParameters: 0 0 0

#Transform 144
Transform: AffineTransform_float_3_3
Parameters: 0.999999 -0.000877484 -0.00165751 0.000878936 0.999999 0.000659907 0.00165676 -0.000661134 0.999998 0.0829215 0.0307431 -0.0509443
FixedParameters: 0 0 0

#Transform 145
Transform: AffineTransform_float_3_3
Parameters: 0.999998 -0.00102722 -0.00142577 0.00102847 0.999999 0.00107229 0.00142439 -0.0010744 0.999999 0.08064 0.0356364 -0.0607018
FixedParameters: 0 0 0

#Transform 146
Transform: AffineTransform_float_3_3
Parameters: 0.999998 -0.00107442 -0.00165146 0.00107356 0.999999 -0.000562975 0.00165211 0.000561128 0.999998 0.0867668 0.0160314 -0.0261608
FixedParameters: 0 0 0

#Transform 147
Transform: AffineTransform_float_3_3
Parameters: 0.999998 -0.000979668 -0.00146239 0.000980069 0.999999 0.000571063 0.00146294 -0.000572177 0.999999 0.0755108 0.0433001 -0.0467475
FixedParameters: 0 0 0

#Transform 148
Transform: AffineTransform_float_3_3
Parameters: 0.999999 -0.000877105 -0.00117947 0.000878489 0.999999 0.0011529 0.00117915 -0.00115406 0.999999 0.0677677 0.0202492 -0.0286336
FixedParameters: 0 0 0

#Transform 149
Transform: AffineTransform_float_3_3
Parameters: 0.999999 -0.000736319 -0.00164208 0.000735844 0.999999 5.33986e-05 0.0016424 -5.46641e-05 0.999999 0.0865256 -0.0326567 0.0169426
FixedParameters: 0 0 0

#Transform 150
Transform: AffineTransform_float_3_3
Parameters: 0.999999 -0.000715944 -0.00142457 0.000716394 0.999999 0.000770092 0.00142427 -0.000770464 0.999999 0.0726027 0.0411581 -0.029537
FixedParameters: 0 0 0

#Transform 151
Transform: AffineTransform_float_3_3
Parameters: 0.999999 -0.000577267 -0.00135587 0.000579276 0.999999 0.00140834 0.00135507 -0.00140908 0.999998 0.0729062 -0.0206087 -0.00116716
FixedParameters: 0 0 0

#Transform 152
Transform: AffineTransform_float_3_3
Parameters: 0.999999 -0.000500372 -0.00138668 0.000501715 1 0.00113657 0.00138637 -0.00113714 0.999999 0.0713139 -0.0519331 0.0188816
FixedParameters: 0 0 0

#Transform 153
Transform: AffineTransform_float_3_3
Parameters: 0.999998 -0.000854125 -0.00144993 0.000856152 0.999998 0.00145889 0.00144962 -0.00146048 0.999998 0.0753009 0.0101999 -0.0225609
FixedParameters: 0 0 0

#Transform 154
Transform: AffineTransform_float_3_3
Parameters: 0.999999 -0.000590672 -0.00135054 0.000592796 0.999999 0.00145652 0.00134965 -0.00145729 0.999998 0.0767357 -0.0344032 0.0068262
FixedParameters: 0 0 0

#Transform 155
Transform: AffineTransform_float_3_3
Parameters: 0.999998 -0.000237504 -0.00161678 0.000240239 0.999998 0.00152585 0.00161601 -0.00152642 0.999997 0.0793726 -0.0581961 0.0158283
FixedParameters: 0 0 0

#Transform 156
Transform: AffineTransform_float_3_3
Parameters: 0.999999 -0.000228954 -0.00156863 0.000231607 0.999998 0.00189488 0.00156812 -0.00189488 0.999997 0.0687966 0.00247838 -0.0237753
FixedParameters: 0 0 0

#Transform 157
Transform: AffineTransform_float_3_3
Parameters: 0.999999 -0.000413208 -0.00144916 0.000415757 0.999998 0.0014746 0.00144877 -0.00147551 0.999998 0.0753309 -0.036437 -0.0119377
FixedParameters: 0 0 0

#Transform 158
Transform: AffineTransform_float_3_3
Parameters: 0.999998 -0.000721247 -0.00155233 0.000723097 0.999999 0.00117846 0.00155147 -0.00117988 0.999998 0.0767532 -0.0186404 -0.0346599
FixedParameters: 0 0 0

#Transform 159
Transform: AffineTransform_float_3_3
Parameters: 0.999999 -0.000573352 -0.00134556 0.000574548 1 0.0011168 0.00134511 -0.00111752 0.999999 0.0733127 0.0221203 -0.0402289
FixedParameters: 0 0 0

#Transform 160
Transform: AffineTransform_float_3_3
Parameters: 0.999999 -0.00100701 -0.0015286 0.00100613 0.999999 -0.000616645 0.00152929 0.000615268 0.999999 0.0838689 0.0260647 -0.0291814
FixedParameters: 0 0 0

#Transform 161
Transform: AffineTransform_float_3_3
Parameters: 0.999999 -0.000977149 -0.00155747 0.000977327 1 1.4235e-05 0.00155737 -1.55867e-05 0.999999 0.0828506 0.0318578 -0.0422756
FixedParameters: 0 0 0

#Transform 162
Transform: AffineTransform_float_3_3
Parameters: 0.999998 -0.000920839 -0.00138111 0.000920169 1 -0.000236565 0.00138151 0.000235399 0.999998 0.0735233 0.0222006 -0.0396192
FixedParameters: 0 0 0

#Transform 163
Transform: AffineTransform_float_3_3
Parameters: 0.999998 -0.000869146 -0.00137557 0.000867974 1 -0.00103123 0.00137626 0.00102969 0.999999 0.0743722 0.0341362 -0.0266513
FixedParameters: 0 0 0

#Transform 164
Transform: AffineTransform_float_3_3
Parameters: 0.999998 -0.000967124 -0.00125321 0.000966373 0.999999 -0.000326479 0.0012538 0.000324902 0.999999 0.0724183 0.0343042 -0.0552585
FixedParameters: 0 0 0

#Transform 165
Transform: AffineTransform_float_3_3
Parameters: 0.999999 -0.00110134 -0.00137632 0.00110097 1 -0.000469177 0.0013768 0.000468378 0.999999 0.0808709 0.0390138 -0.0593366
FixedParameters: 0 0 0

#Transform 166
Transform: AffineTransform_float_3_3
Parameters: 0.999998 -0.00114743 -0.00124924 0.00114654 0.999999 -0.00038395 0.00125008 0.00038193 0.999999 0.0808222 0.0321472 -0.0629688
FixedParameters: 0 0 0

#Transform 167
Transform: AffineTransform_float_3_3
Parameters: 0.999998 -0.00116327 -0.0011638 0.00116273 0.999999 -0.00022682 0.00116429 0.00022549 0.999999 0.0745638 0.0435001 -0.062271
FixedParameters: 0 0 0

#Transform 168
Transform: AffineTransform_float_3_3
Parameters: 0.999998 -0.0010934 -0.0011502 0.00109359 0.999999 -0.00032423 0.00115039 0.000322569 0.999999 0.0823975 0.0377246 -0.0560199
FixedParameters: 0 0 0

#Transform 169
Transform: AffineTransform_float_3_3
Parameters: 0.999998 -0.00124845 -0.00114022 0.00124906 0.999999 0.000655097 0.00113904 -0.000656574 0.999999 0.078766 0.0287063 -0.0556024
FixedParameters: 0 0 0

#Transform 170
Transform: AffineTransform_float_3_3
Parameters: 0.999999 -0.00128532 -0.00128154 0.00128458 0.999999 -0.000305285 0.00128225 0.000304214 0.999999 0.0843994 0.0310673 -0.047586
FixedParameters: 0 0 0

#Transform 171
Transform: AffineTransform_float_3_3
Parameters: 0.999999 -0.00137689 -0.00118609 0.00137808 0.999999 0.00107822 0.00118493 -0.00107951 0.999998 0.0787266 0.00477389 -0.0382297
FixedParameters: 0 0 0

#Transform 172
Transform: AffineTransform_float_3_3
Parameters: 0.999999 -0.00136444 -0.00118531 0.0013653 0.999999 0.000903278 0.00118465 -0.000905068 0.999999 0.0792185 0.00458773 -0.0377534
FixedParameters: 0 0 0

#Transform 173
Transform: AffineTransform_float_3_3
Parameters: 0.999999 -0.00132863 -0.00110782 0.0013301 0.999998 0.00124134 0.00110632 -0.00124284 0.999999 0.0841441 -0.00702849 -0.0401026
FixedParameters: 0 0 0

#Transform 174
Transform: AffineTransform_float_3_3
Parameters: 0.999998 -0.00137841 -0.00131851 0.00137927 0.999999 0.000988798 0.00131671 -0.00099107 0.999999 0.0931197 0.00305843 -0.0454097
FixedParameters: 0 0 0

#Transform 175
Transform: AffineTransform_float_3_3
Parameters: 0.999998 -0.0013209 -0.00117536 0.00132242 0.999999 0.00088189 0.00117425 -0.000883549 0.999999 0.086828 0.0216681 -0.0531587
FixedParameters: 0 0 0

#Transform 176
Transform: AffineTransform_float_3_3
Parameters: 0.999998 -0.00131284 -0.00140375 0.00131441 0.999998 0.00135245 0.00140235 -0.00135386 0.999998 0.0983675 0.0147589 -0.0710563
FixedParameters: 0 0 0

#Transform 177
Transform: AffineTransform_float_3_3
Parameters: 0.999998 -0.00143786 -0.00128805 0.00143925 0.999998 0.00143358 0.00128609 -0.00143448 0.999998 0.0945725 0.00095118 -0.06221
FixedParameters: 0 0 0

#Transform 178
Transform: AffineTransform_float_3_3
Parameters: 0.999998 -0.0013705 -0.00136144 0.00137244 0.999997 0.00187163 0.00135898 -0.00187394 0.999997 0.105905 0.00959578 -0.0580286
FixedParameters: 0 0 0

#Transform 179
Transform: AffineTransform_float_3_3
Parameters: 0.999999 -0.00130244 -0.00120971 0.00130549 0.999997 0.00201275 0.00120751 -0.00201439 0.999997 0.0968432 0.00087081 -0.0587017
FixedParameters: 0 0 0

#Transform 180
Transform: AffineTransform_float_3_3
Parameters: 0.999999 -0.00127253 -0.00131655 0.00127502 0.999997 0.00219741 0.00131353 -0.00219935 0.999997 0.100082 0.00359663 -0.0701029
FixedParameters: 0 0 0

#Transform 181
Transform: AffineTransform_float_3_3
Parameters: 0.999998 -0.0013727 -0.00132898 0.00137573 0.999997 0.00220128 0.00132637 -0.00220343 0.999997 0.0995293 0.00309993 -0.0712395
FixedParameters: 0 0 0

#Transform 182
Transform: AffineTransform_float_3_3
Parameters: 0.999997 -0.00155857 -0.00149141 0.00156229 0.999995 0.00287093 0.00148667 -0.00287411 0.999995 0.101261 -0.0180212 -0.0537798
FixedParameters: 0 0 0

#Transform 183
Transform: AffineTransform_float_3_3
Parameters: 0.999997 -0.0015883 -0.0018625 0.00159558 0.999993 0.00342568 0.0018569 -0.00342784 0.999993 0.118718 -0.0224027 -0.0508966
FixedParameters: 0 0 0

#Transform 184
Transform: AffineTransform_float_3_3
Parameters: 0.999996 -0.00185766 -0.00192588 0.00186376 0.999991 0.00373735 0.00191866 -0.00374163 0.999991 0.123004 -0.0377412 -0.0438187
FixedParameters: 0 0 0

#Transform 185
Transform: AffineTransform_float_3_3
Parameters: 0.999998 -0.00150508 -0.00180352 0.0015093 0.999996 0.00204911 0.00179985 -0.00205144 0.999997 0.116278 -0.0162065 -0.0477497
FixedParameters: 0 0 0

#Transform 186
Transform: AffineTransform_float_3_3
Parameters: 0.999998 -0.00150166 -0.00173118 0.00150715 0.999995 0.00296505 0.00172644 -0.00296793 0.999995 0.107583 0.0244175 -0.0883994
FixedParameters: 0 0 0

#Transform 187
Transform: AffineTransform_float_3_3
Parameters: 0.999997 -0.00133933 -0.00181337 0.00134472 0.999995 0.00280304 0.00181003 -0.00280559 0.999994 0.113652 -0.00183415 -0.0821919
FixedParameters: 0 0 0

#Transform 188
Transform: AffineTransform_float_3_3
Parameters: 0.999997 -0.00172207 -0.0018776 0.00172855 0.999992 0.00341375 0.00187161 -0.00341647 0.999993 0.11709 -0.00221752 -0.0972426
FixedParameters: 0 0 0

#Transform 189
Transform: AffineTransform_float_3_3
Parameters: 0.999997 -0.00145872 -0.00200879 0.00146565 0.999992 0.00363277 0.00200361 -0.00363636 0.999991 0.118503 -0.0183681 -0.0867089
FixedParameters: 0 0 0
