#Insight Transform File V1.0
#Transform 0
Transform: AffineTransform_float_3_3
Parameters: 0.999998 0.000616894 -0.00146516 -0.000618821 0.999999 -0.00130506 0.00146479 0.00130652 0.999998 0.0343308 -0.0311782 0.0603716
FixedParameters: 0 0 0

#Transform 1
Transform: AffineTransform_float_3_3
Parameters: 0.999999 0.000534135 -0.00124684 -0.000535391 0.999999 -0.00107532 0.00124607 0.00107622 0.999999 0.0315714 -0.0391307 0.0618161
FixedParameters: 0 0 0

#Transform 2
Transform: AffineTransform_float_3_3
Parameters: 0.999999 0.000446323 -0.00143066 -0.000448429 0.999999 -0.00123449 0.00142993 0.00123533 0.999998 0.0387562 -0.0402697 0.0566177
FixedParameters: 0 0 0

#Transform 3
Transform: AffineTransform_float_3_3
Parameters: 0.999999 0.000384885 -0.00131499 -0.000387299 0.999998 -0.00146043 0.00131424 0.00146101 0.999998 0.0321637 -0.0202953 0.063322
FixedParameters: 0 0 0

#Transform 4
Transform: AffineTransform_float_3_3
Parameters: 0.999999 0.000273794 -0.00120215 -0.000273311 1 -0.000253063 0.00120162 0.000253204 0.999999 0.0307306 -0.00835201 0.0614834
FixedParameters: 0 0 0

#Transform 5
Transform: AffineTransform_float_3_3
Parameters: 1 -0.000146315 -0.00089572 0.000145491 1 -0.00120867 0.000896456 0.0012085 0.999999 0.0370591 -0.0244562 0.0708217
FixedParameters: 0 0 0

#Transform 6
Transform: AffineTransform_float_3_3
Parameters: 0.999999 -0.000453381 -0.000822202 0.000452478 0.999999 -0.00103298 0.000822521 0.00103308 0.999999 0.0304102 -0.00287562 0.0544657
FixedParameters: 0 0 0

#Transform 7
Transform: AffineTransform_float_3_3
Parameters: 0.999999 0.000312245 -0.000592387 -0.000312808 0.999999 -0.00149134 0.000591742 0.00149179 0.999998 0.00799427 -0.00277279 0.062717
FixedParameters: 0 0 0

#Transform 8
Transform: AffineTransform_float_3_3
Parameters: 1 0.000480346 -0.000759692 -0.000482173 0.999999 -0.00152724 0.000759122 0.00152667 0.999999 0.0185553 -0.0191104 0.0595921
FixedParameters: 0 0 0

#Transform 9
Transform: AffineTransform_float_3_3
Parameters: 0.999999 0.000184879 -0.000745449 -0.000186216 0.999999 -0.00166831 0.000745017 0.00166814 0.999999 0.0248834 0.00436796 0.0376704
FixedParameters: 0 0 0

#Transform 10
Transform: AffineTransform_float_3_3
Parameters: 1 -0.000387927 -0.000403035 0.000387374 0.999998 -0.0015902 0.000403687 0.00158989 0.999998 0.0299828 -0.00770908 0.04891
FixedParameters: 0 0 0

#Transform 11
Transform: AffineTransform_float_3_3
Parameters: 1 -0.000449563 -0.000424969 0.000448599 0.999999 -0.00182867 0.000425936 0.00182828 0.999998 0.0305985 0.0274431 0.0297292
FixedParameters: 0 0 0

#Transform 12
Transform: AffineTransform_float_3_3
Parameters: 1 -0.000471628 -0.000499444 0.00047053 0.999998 -0.00175514 0.000500385 0.00175551 0.999998 0.0328775 -0.00958365 0.0547499
FixedParameters: 0 0 0

#Transform 13
Transform: AffineTransform_float_3_3
Parameters: 1 0.000157613 -0.000511767 -0.000157947 0.999999 -0.00150243 0.00051158 0.00150268 0.999998 0.0112463 0.00102439 0.0390508
FixedParameters: 0 0 0

#Transform 14
Transform: AffineTransform_float_3_3
Parameters: 1 0.000140998 -0.000388543 -0.000142149 0.999999 -0.00130344 0.000388078 0.00130354 0.999999 0.00998251 -0.00748403 0.0384586
FixedParameters: 0 0 0

#Transform 15
Transform: AffineTransform_float_3_3
Parameters: 0.999999 0.00012648 -0.000769631 -0.000127408 0.999999 -0.00138443 0.000769566 0.00138471 0.999999 0.0234651 -0.0161308 0.0278682
FixedParameters: 0 0 0

#Transform 16
Transform: AffineTransform_float_3_3
Parameters: 1 0.000125106 -0.000568729 -0.000126495 0.999999 -0.00151493 0.000569119 0.00151515 0.999998 0.0171726 0.00369187 0.0351346
FixedParameters: 0 0 0

#Transform 17
Transform: AffineTransform_float_3_3
Parameters: 1 -0.000278019 -0.000444861 0.000277617 0.999998 -0.00171939 0.000445971 0.00172007 0.999999 0.0242252 0.00958576 0.0356098
FixedParameters: 0 0 0

#Transform 18
Transform: AffineTransform_float_3_3
Parameters: 1 -0.000239441 -0.000417304 0.000238645 0.999998 -0.0017404 0.000417424 0.00174105 0.999999 0.0269434 -0.00287779 0.0371316
FixedParameters: 0 0 0

#Transform 19
Transform: AffineTransform_float_3_3
Parameters: 0.999999 0.000155026 -0.00066648 -0.000156172 0.999998 -0.00170837 0.000666103 0.0017095 0.999998 0.0154579 0.00818154 0.0198544
FixedParameters: 0 0 0

#Transform 20
Transform: AffineTransform_float_3_3
Parameters: 1 -0.00020539 -0.000295697 0.000205846 1 0.00100592 0.000295187 -0.00100605 1 0.0135135 -0.0194519 0.0180092
FixedParameters: 0 0 0

#Transform 21
Transform: AffineTransform_float_3_3
Parameters: 1 -0.000191886 -0.000109309 0.000191883 1 -1.54241e-05 0.000109315 1.53821e-05 1 0.017685 -0.0675809 -0.00671956
FixedParameters: 0 0 0

#Transform 22
Transform: AffineTransform_float_3_3
Parameters: 1 0.000414462 2.96605e-05 -0.000414467 1 -0.00100693 -3.04585e-05 0.00100606 0.999999 -0.0001124 0.00180537 -0.0440602
FixedParameters: 0 0 0

#Transform 23
Transform: AffineTransform_float_3_3
Parameters: 1 0.000363991 0.000265345 -0.000363861 1 -0.000244065 -0.000265523 0.000243872 1 -0.00989528 0.0300802 -0.0714519
FixedParameters: 0 0 0

#Transform 24
Transform: AffineTransform_float_3_3
Parameters: 1 0.000190172 -1.85956e-05 -0.000190359 0.999999 -0.00133222 1.79925e-05 0.00133222 0.999999 0.00544678 0.0361896 -0.0481144
FixedParameters: 0 0 0

#Transform 25
Transform: AffineTransform_float_3_3
Parameters: 1 0.000409062 0.000438022 -0.000409008 1 -0.000158249 -0.000438148 0.000158422 0.999999 -0.0160444 0.0553111 -0.0768173
FixedParameters: 0 0 0

#Transform 26
Transform: AffineTransform_float_3_3
Parameters: 1 0.000174547 0.000249962 -0.000174126 0.999999 -0.000987177 -0.000250438 0.000987929 1 -0.0218332 0.0240087 -0.0165613
FixedParameters: 0 0 0

#Transform 27
Transform: AffineTransform_float_3_3
Parameters: 1 7.21275e-05 1.44647e-06 -7.22607e-05 0.999998 -0.00163222 -1.77821e-06 0.00163221 0.999998 -0.00429957 0.030887 -0.0207611
FixedParameters: 0 0 0

#Transform 28
Transform: AffineTransform_float_3_3
Parameters: 1 7.96646e-05 0.000452875 -7.97051e-05 0.999999 -0.000914693 -0.000452537 0.000914612 0.999999 -0.0268128 0.0472185 -0.0326165
FixedParameters: 0 0 0

#Transform 29
Transform: AffineTransform_float_3_3
Parameters: 1 -4.99328e-05 0.000699689 5.11014e-05 0.999999 -0.000886654 -0.000699732 0.000887564 0.999999 -0.0304039 0.012423 -0.000431956
FixedParameters: 0 0 0

#Transform 30
Transform: AffineTransform_float_3_3
Parameters: 1 0.000294779 0.000333995 -0.000294178 0.999999 -0.00100624 -0.00033472 0.00100688 1 -0.0218426 -0.00438611 0.00258685
FixedParameters: 0 0 0

#Transform 31
Transform: AffineTransform_float_3_3
Parameters: 1 0.000614632 0.000324516 -0.000614347 1 -0.000568513 -0.000325211 0.000568646 0.999999 -0.0265453 0.0183457 -0.0133029
FixedParameters: 0 0 0

#Transform 32
Transform: AffineTransform_float_3_3
Parameters: 1 0.00034402 0.000141107 -0.000344709 0.999999 -0.000638134 -0.000141062 0.000638028 1 -0.0222756 -0.0287902 0.0228025
FixedParameters: 0 0 0

#Transform 33
Transform: AffineTransform_float_3_3
Parameters: 1 0.000448796 0.000263487 -0.000448689 1 -0.000362961 -0.000263809 0.000363256 0.999999 -0.0253505 -0.0149446 0.00018123
FixedParameters: 0 0 0

#Transform 34
Transform: AffineTransform_float_3_3
Parameters: 1 0.000349943 0.000228022 -0.00034923 1 -0.000526946 -0.000227524 0.000526871 1 -0.021876 -0.0184548 0.0219426
FixedParameters: 0 0 0

#Transform 35
Transform: AffineTransform_float_3_3
Parameters: 1 0.000342565 0.000444636 -0.000342186 1 -0.00052084 -0.000444989 0.000521067 0.999999 -0.0267132 -0.0126222 0.00568829
FixedParameters: 0 0 0

#Transform 36
Transform: AffineTransform_float_3_3
Parameters: 0.999999 0.000532563 0.000579614 -0.000532022 0.999999 -0.000467338 -0.000580111 0.00046672 0.999999 -0.035297 -0.000758953 0.0214368
FixedParameters: 0 0 0

#Transform 37
Transform: AffineTransform_float_3_3
Parameters: 1 0.000334491 0.000271346 -0.000334635 1 0.000264584 -0.000271169 -0.000264765 1 -0.0231166 -0.0250299 0.0288815
FixedParameters: 0 0 0

#Transform 38
Transform: AffineTransform_float_3_3
Parameters: 1 0.000131965 -7.36321e-05 -0.000131864 1 0.00068197 7.3812e-05 -0.000681951 1 -0.0103254 -0.0330451 0.00922477
FixedParameters: 0 0 0

#Transform 39
Transform: AffineTransform_float_3_3
Parameters: 1 0.000244276 0.000124331 -0.000244673 1 0.00104255 -0.000123917 -0.00104261 1 -0.0169354 -0.00452161 -0.00519417
FixedParameters: 0 0 0

#Transform 40
Transform: AffineTransform_float_3_3
Parameters: 1 0.000103079 0.000203729 -0.000103562 0.999999 0.00100919 -0.000203653 -0.00100839 1 -0.0169142 -0.0200038 0.0122938
FixedParameters: 0 0 0

#Transform 41
Transform: AffineTransform_float_3_3
Parameters: 1 -0.000434331 7.78774e-05 0.000434207 0.999999 0.00079124 -7.85646e-05 -0.000791172 0.999999 0.00391362 -0.0262476 0.0269794
FixedParameters: 0 0 0

#Transform 42
Transform: AffineTransform_float_3_3
Parameters: 1 -0.000277247 0.000402704 0.000276092 0.999999 0.00126199 -0.000403498 -0.00126177 0.999999 -0.00639416 -0.0137212 -0.00658354
FixedParameters: 0 0 0

#Transform 43
Transform: AffineTransform_float_3_3
Parameters: 0.999999 -0.000266272 0.000704548 0.000265225 1 0.000755502 -0.000704917 -0.000756505 1 -0.0212944 0.00770554 -0.0144875
FixedParameters: 0 0 0

#Transform 44
Transform: AffineTransform_float_3_3
Parameters: 1 9.78579e-05 4.02471e-05 -9.78889e-05 1 0.000385454 -4.01716e-05 -0.000385462 1 -0.0107627 -0.0516136 0.0288774
FixedParameters: 0 0 0

#Transform 45
Transform: AffineTransform_float_3_3
Parameters: 0.999999 -0.000517931 0.000411693 0.000517762 0.999999 0.000801517 -0.000411624 -0.000802385 1 -0.00565326 0.0185557 -0.0186946
FixedParameters: 0 0 0

#Transform 46
Transform: AffineTransform_float_3_3
Parameters: 1 4.3547e-05 5.84679e-06 -4.35401e-05 1 -0.000590808 -5.89824e-06 0.000590808 1 -0.011576 0.0580518 -0.0525412
FixedParameters: 0 0 0

#Transform 47
Transform: AffineTransform_float_3_3
Parameters: 1 0.000163229 -0.000175519 -0.000163543 0.999999 -0.000897252 0.000175226 0.00089731 0.999999 0.00571298 0.0635527 -0.0840368
FixedParameters: 0 0 0

#Transform 48
Transform: AffineTransform_float_3_3
Parameters: 1 0.00022023 9.48922e-05 -0.000219664 0.999999 -0.00121836 -9.46572e-05 0.0012184 1 0.00892228 0.1033 -0.110315
FixedParameters: 0 0 0

#Transform 49
Transform: AffineTransform_float_3_3
Parameters: 1 3.07852e-05 0.000348561 -2.99305e-05 0.999999 -0.00142435 -0.000348744 0.00142432 0.999999 0.00297353 0.0903845 -0.103514
FixedParameters: 0 0 0

#Transform 50
Transform: AffineTransform_float_3_3
Parameters: 1 -0.000148115 0.000576629 0.000148551 0.999999 -0.00125221 -0.00057587 0.00125236 0.999999 -0.00838567 0.0715883 -0.12306
FixedParameters: 0 0 0

#Transform 51
Transform: AffineTransform_float_3_3
Parameters: 1 0.000158846 0.000368299 -0.000158992 1 -0.00116832 -0.000368283 0.00116818 1 -0.00711038 0.0739863 -0.115802
FixedParameters: 0 0 0

#Transform 52
Transform: AffineTransform_float_3_3
Parameters: 1 0.000363834 -2.64975e-05 -0.000363565 0.999999 -0.00123374 2.6371e-05 0.00123384 1 0.0182397 0.0204652 -0.063232
FixedParameters: 0 0 0

#Transform 53
Transform: AffineTransform_float_3_3
Parameters: 1 4.66783e-05 0.000530617 -4.67758e-05 1 9.19334e-05 -0.000530609 -9.1983e-05 1 -0.00688712 0.0505728 -0.0953855
FixedParameters: 0 0 0

#Transform 54
Transform: AffineTransform_float_3_3
Parameters: 1 0.000325938 0.000576829 -0.000327217 0.999999 0.00106118 -0.000576235 -0.00106209 1 -0.0234302 0.0308321 -0.069057
FixedParameters: 0 0 0

#Transform 55
Transform: AffineTransform_float_3_3
Parameters: 1 0.000455295 0.000515309 -0.000456168 0.999999 0.000776797 -0.000514734 -0.000776427 1 -0.0213485 0.000727638 -0.04415
FixedParameters: 0 0 0

#Transform 56
Transform: AffineTransform_float_3_3
Parameters: 1 0.000445308 0.000491271 -0.000445835 0.999999 0.00128002 -0.00049071 -0.00128045 0.999999 -0.0216605 0.0071039 -0.0607017
FixedParameters: 0 0 0

#Transform 57
Transform: AffineTransform_float_3_3
Parameters: 0.999999 0.000651952 0.000496723 -0.00065359 0.999997 0.00217487 -0.000494692 -0.00217469 0.999998 -0.0324468 -0.0497376 -0.0260815
FixedParameters: 0 0 0

#Transform 58
Transform: AffineTransform_float_3_3
Parameters: 0.999999 0.000641304 0.000731376 -0.000642928 0.999998 0.00206017 -0.000730023 -0.00206027 0.999998 -0.03569 -0.0516653 -0.014814
FixedParameters: 0 0 0

#Transform 59
Transform: AffineTransform_float_3_3
Parameters: 0.999999 0.000482212 0.00060457 -0.000482976 0.999998 0.00184004 -0.000603954 -0.00184062 0.999998 -0.023723 -0.0720847 0.00754143
FixedParameters: 0 0 0

#Transform 60
Transform: AffineTransform_float_3_3
Parameters: 0.999999 0.000408435 0.000770572 -0.000409871 0.999996 0.00261532 -0.000769438 -0.00261502 0.999996 -0.029166 -0.0577384 -0.00288662
FixedParameters: 0 0 0

#Transform 61
Transform: AffineTransform_float_3_3
Parameters: 0.999999 0.000298043 0.000745641 -0.000299529 0.999997 0.00224568 -0.000744725 -0.0022452 0.999997 -0.0269063 -0.0683491 0.00933074
FixedParameters: 0 0 0

#Transform 62
Transform: AffineTransform_float_3_3
Parameters: 1 0.000563741 0.000723346 -0.000565779 0.999997 0.00242027 -0.000721772 -0.00242108 0.999997 -0.0411215 -0.0590332 -0.00939595
FixedParameters: 0 0 0

#Transform 63
Transform: AffineTransform_float_3_3
Parameters: 1 0.000585386 0.00095057 -0.000587587 0.999997 0.00238375 -0.000949418 -0.00238485 0.999996 -0.0434556 -0.0759015 0.000596533
FixedParameters: 0 0 0

#Transform 64
Transform: AffineTransform_float_3_3
Parameters: 0.999999 0.000528866 0.000635294 -0.000530139 0.999998 0.00209519 -0.000634368 -0.00209502 0.999998 -0.0324538 -0.0836984 0.00790952
FixedParameters: 0 0 0

#Transform 65
Transform: AffineTransform_float_3_3
Parameters: 0.999999 0.000504384 0.000727887 -0.000506791 0.999997 0.00251324 -0.000726735 -0.00251314 0.999997 -0.0401186 -0.0564853 -0.0128538
FixedParameters: 0 0 0

#Transform 66
Transform: AffineTransform_float_3_3
Parameters: 1 0.000199888 0.00107499 -0.00020217 0.999997 0.00206447 -0.00107436 -0.00206534 0.999997 -0.0343395 -0.0797988 0.0128549
FixedParameters: 0 0 0

#Transform 67
Transform: AffineTransform_float_3_3
Parameters: 1 0.000448197 0.000847729 -0.000450082 0.999997 0.00249247 -0.00084727 -0.00249291 0.999997 -0.0296678 -0.0777447 0.000455307
FixedParameters: 0 0 0

#Transform 68
Transform: AffineTransform_float_3_3
Parameters: 1 0.000556053 0.000977886 -0.000558517 0.999997 0.00241461 -0.000976971 -0.00241485 0.999997 -0.0444592 -0.0689153 -0.00389621
FixedParameters: 0 0 0

#Transform 69
Transform: AffineTransform_float_3_3
Parameters: 1 0.000456379 0.000823694 -0.000457975 0.999998 0.00193977 -0.000822984 -0.00194051 0.999998 -0.0302052 -0.0679554 0.00923557
FixedParameters: 0 0 0

#Transform 70
Transform: AffineTransform_float_3_3
Parameters: 1 0.000159565 0.000968213 -0.000161469 0.999996 0.00263834 -0.000967408 -0.00263763 0.999996 -0.0329028 -0.056665 -0.000767819
FixedParameters: 0 0 0

#Transform 71
Transform: AffineTransform_float_3_3
Parameters: 1 0.00012742 0.000788989 -0.000128659 0.999998 0.00209812 -0.000788649 -0.00209823 0.999997 -0.0218709 -0.0808371 0.0281745
FixedParameters: 0 0 0

#Transform 72
Transform: AffineTransform_float_3_3
Parameters: 1 0.000116081 0.000765418 -0.000117204 0.999996 0.00278353 -0.000764775 -0.00278354 0.999996 -0.0274673 -0.0620265 -0.0149404
FixedParameters: 0 0 0

#Transform 73
Transform: AffineTransform_float_3_3
Parameters: 0.999999 0.000180298 0.00065877 -0.000181649 0.999997 0.00245199 -0.000658275 -0.00245268 0.999997 -0.0243294 -0.07643 0.0276585
FixedParameters: 0 0 0

#Transform 74
Transform: AffineTransform_float_3_3
Parameters: 0.999999 0.000404592 0.000683404 -0.000407279 0.999996 0.00283277 -0.000682456 -0.00283333 0.999995 -0.0354011 -0.0694278 0.00250449
FixedParameters: 0 0 0

#Transform 75
Transform: AffineTransform_float_3_3
Parameters: 0.999999 0.000433621 0.00068083 -0.00043549 0.999996 0.0026538 -0.000679012 -0.00265485 0.999997 -0.0334657 -0.0722415 0.00846992
FixedParameters: 0 0 0

#Transform 76
Transform: AffineTransform_float_3_3
Parameters: 1 0.000295034 -0.000464751 -0.00029673 0.999998 -0.00203668 0.00046422 0.00203702 0.999998 0.00909074 -0.197619 0.0625282
FixedParameters: 0 0 0

#Transform 77
Transform: AffineTransform_float_3_3
Parameters: 0.999997 0.00172291 -0.00183214 -0.00173691 0.999968 -0.00780417 0.00181904 0.00780734 0.999968 0.0596755 -0.215606 -0.00862231
FixedParameters: 0 0 0

#Transform 78
Transform: AffineTransform_float_3_3
Parameters: 0.999987 0.00328307 -0.00375023 -0.00330717 0.999974 -0.00637834 0.00372959 0.00639102 0.999973 0.113228 -0.149122 -0.0752526
FixedParameters: 0 0 0

#Transform 79
Transform: AffineTransform_float_3_3
Parameters: 0.999993 0.00179324 -0.00317251 -0.00180045 0.999995 -0.00233298 0.00316862 0.00233875 0.999992 0.0998648 -0.009835 -0.156986
FixedParameters: 0 0 0

#Transform 80
Transform: AffineTransform_float_3_3
Parameters: 0.999994 0.00252 -0.00235256 -0.00252424 0.999996 -0.00160342 0.00234813 0.00160898 0.999996 0.0655221 0.0310819 -0.16805
FixedParameters: 0 0 0

#Transform 81
Transform: AffineTransform_float_3_3
Parameters: 0.999995 0.00235189 -0.00182611 -0.00235238 0.999997 -0.000258139 0.00182541 0.000262307 0.999998 0.0310549 -0.0376292 -0.0933086
FixedParameters: 0 0 0

#Transform 82
Transform: AffineTransform_float_3_3
Parameters: 0.999998 0.00165588 -0.00120257 -0.00165429 0.999997 0.00163982 0.00120591 -0.00163694 0.999998 0.0219898 0.010505 -0.149277
FixedParameters: 0 0 0

#Transform 83
Transform: AffineTransform_float_3_3
Parameters: 0.999998 0.0011791 -0.00126679 -0.00117574 0.999995 0.00300068 0.00127101 -0.00299891 0.999994 0.0401696 -0.0348232 -0.124777
FixedParameters: 0 0 0

#Transform 84
Transform: AffineTransform_float_3_3
Parameters: 0.999999 0.000946384 -0.000989847 -0.000943265 0.999995 0.0030398 0.000993125 -0.00303906 0.999995 0.0319468 -0.0862432 -0.0983175
FixedParameters: 0 0 0

#Transform 85
Transform: AffineTransform_float_3_3
Parameters: 0.999999 0.00130733 -0.000878985 -0.00130473 0.999994 0.00321125 0.000882555 -0.0032094 0.999995 0.032308 -0.0829884 -0.109365
FixedParameters: 0 0 0

#Transform 86
Transform: AffineTransform_float_3_3
Parameters: 0.999999 0.0013059 -0.000600672 -0.0013035 0.999993 0.00359343 0.000605521 -0.00359169 0.999993 0.0168964 -0.0860145 -0.0984338
FixedParameters: 0 0 0

#Transform 87
Transform: AffineTransform_float_3_3
Parameters: 1 0.00123907 -0.000462169 -0.00123793 0.999995 0.00309489 0.000465538 -0.00309441 0.999995 0.0260553 -0.110827 -0.057548
FixedParameters: 0 0 0

#Transform 88
Transform: AffineTransform_float_3_3
Parameters: 0.999999 0.00134391 -0.000432422 -0.00134159 0.99999 0.00412318 0.000438289 -0.00412239 0.999992 0.0173103 -0.0901965 -0.0909934
FixedParameters: 0 0 0

#Transform 89
Transform: AffineTransform_float_3_3
Parameters: 0.999999 0.0013656 -0.000306337 -0.00136447 0.999993 0.00357757 0.000311094 -0.00357655 0.999993 0.0234837 -0.0998704 -0.0563857
FixedParameters: 0 0 0

#Transform 90
Transform: AffineTransform_float_3_3
Parameters: 0.999999 0.00133026 -3.79461e-05 -0.00133009 0.999992 0.00365607 4.21765e-05 -0.00365632 0.999993 0.024201 -0.0909733 -0.0728737
FixedParameters: 0 0 0

#Transform 91
Transform: AffineTransform_float_3_3
Parameters: 0.999999 0.00157389 0.000198601 -0.00157399 0.999991 0.00383678 -0.000193079 -0.0038372 0.999993 0.000731898 -0.0851419 -0.0876603
FixedParameters: 0 0 0

#Transform 92
Transform: AffineTransform_float_3_3
Parameters: 0.999999 0.00158586 0.000124373 -0.00158595 0.999993 0.00340722 -0.000119408 -0.00340825 0.999994 0.00792962 -0.105459 -0.0501154
FixedParameters: 0 0 0

#Transform 93
Transform: AffineTransform_float_3_3
Parameters: 0.999998 0.00165547 0.000136451 -0.00165532 0.99999 0.00414567 -0.000129377 -0.00414592 0.999991 0.00441578 -0.073482 -0.0842712
FixedParameters: 0 0 0

#Transform 94
Transform: AffineTransform_float_3_3
Parameters: 0.999998 0.00168065 0.000273456 -0.00168057 0.999992 0.00356574 -0.000267063 -0.00356636 0.999994 0.000558728 -0.11221 -0.0520811
FixedParameters: 0 0 0

#Transform 95
Transform: AffineTransform_float_3_3
Parameters: 0.999998 0.00215112 2.45892e-05 -0.00215091 0.99999 0.00392401 -1.59956e-05 -0.00392355 0.999992 0.00771053 -0.106964 -0.0675643
FixedParameters: 0 0 0

#Transform 96
Transform: AffineTransform_float_3_3
Parameters: 0.999998 0.00202916 0.000227043 -0.0020297 0.999992 0.00354285 -0.000219852 -0.00354395 0.999993 -0.00127465 -0.108203 -0.0497169
FixedParameters: 0 0 0

#Transform 97
Transform: AffineTransform_float_3_3
Parameters: 0.999998 0.00204435 0.000350616 -0.00204599 0.999991 0.00377564 -0.000342495 -0.00377641 0.999992 -0.00508537 -0.0989526 -0.0659495
FixedParameters: 0 0 0

#Transform 98
Transform: AffineTransform_float_3_3
Parameters: 0.999997 0.00214501 0.000594725 -0.00214724 0.99999 0.00401445 -0.000586012 -0.00401549 0.999992 -0.0173015 -0.113982 -0.0416061
FixedParameters: 0 0 0

#Transform 99
Transform: AffineTransform_float_3_3
Parameters: 0.999998 0.0019333 0.000551317 -0.00193526 0.999991 0.00384331 -0.00054352 -0.00384385 0.999993 -0.0113628 -0.129602 -0.038805
FixedParameters: 0 0 0

#Transform 100
Transform: AffineTransform_float_3_3
Parameters: 0.999998 0.00191426 0.000725613 -0.00191728 0.999989 0.0041561 -0.00071734 -0.00415728 0.999991 -0.0286207 -0.104802 -0.0478294
FixedParameters: 0 0 0

#Transform 101
Transform: AffineTransform_float_3_3
Parameters: 0.999998 0.0016411 0.00060287 -0.00164322 0.99999 0.00398486 -0.000596087 -0.00398571 0.999992 -0.0170934 -0.117162 -0.0376589
FixedParameters: 0 0 0

#Transform 102
Transform: AffineTransform_float_3_3
Parameters: 0.999998 0.0015643 0.000603944 -0.00156724 0.999989 0.00444529 -0.00059652 -0.00444606 0.99999 -0.0123451 -0.100762 -0.0657446
FixedParameters: 0 0 0

#Transform 103
Transform: AffineTransform_float_3_3
Parameters: 0.999999 0.00147171 0.000602889 -0.00147378 0.999991 0.00394003 -0.000597589 -0.00394067 0.999992 0.00341326 -0.130903 -0.0173569
FixedParameters: 0 0 0

#Transform 104
Transform: AffineTransform_float_3_3
Parameters: 0.999999 0.00138998 0.000625958 -0.00139258 0.999989 0.00445564 -0.000619193 -0.00445671 0.99999 -0.00540479 -0.121917 -0.027738
FixedParameters: 0 0 0

#Transform 105
Transform: AffineTransform_float_3_3
Parameters: 0.999999 0.00145578 0.000642499 -0.00145853 0.999989 0.00458777 -0.000636206 -0.00458852 0.99999 -0.0132644 -0.121454 -0.0193662
FixedParameters: 0 0 0

#Transform 106
Transform: AffineTransform_float_3_3
Parameters: 0.999999 0.0014148 0.000623002 -0.00141749 0.99999 0.00420309 -0.000617498 -0.00420373 0.999991 -0.00917486 -0.127874 -0.0161203
FixedParameters: 0 0 0

#Transform 107
Transform: AffineTransform_float_3_3
Parameters: 0.999999 0.0014259 0.000576116 -0.00142904 0.999986 0.00517131 -0.000568584 -0.0051727 0.999986 -0.0136187 -0.112167 -0.0420466
FixedParameters: 0 0 0

#Transform 108
Transform: AffineTransform_float_3_3
Parameters: 0.999999 0.00124796 0.000687611 -0.00125104 0.999988 0.00483517 -0.000681838 -0.00483622 0.999989 -0.00351027 -0.137934 -0.020177
FixedParameters: 0 0 0

#Transform 109
Transform: AffineTransform_float_3_3
Parameters: 0.999999 0.0013531 0.000600909 -0.00135627 0.999984 0.00552626 -0.000593882 -0.00552678 0.999984 -0.00982841 -0.120697 -0.0408297
FixedParameters: 0 0 0

#Transform 110
Transform: AffineTransform_float_3_3
Parameters: 0.999999 0.00136716 0.000609644 -0.00137047 0.999985 0.00513802 -0.00060285 -0.00513911 0.999987 -0.00510536 -0.144318 -0.011081
FixedParameters: 0 0 0

#Transform 111
Transform: AffineTransform_float_3_3
Parameters: 0.999999 0.00142509 0.000473574 -0.00142794 0.999981 0.0059102 -0.000465682 -0.00591192 0.999982 -0.00834108 -0.123678 -0.0538056
FixedParameters: 0 0 0

#Transform 112
Transform: AffineTransform_float_3_3
Parameters: 0.999999 0.00139978 0.000492487 -0.00140163 0.999983 0.00549173 -0.000485051 -0.00549254 0.999985 0.00526437 -0.13678 -0.0264905
FixedParameters: 0 0 0

#Transform 113
Transform: AffineTransform_float_3_3
Parameters: 0.999999 0.00145461 0.000529715 -0.00145677 0.999981 0.00589958 -0.000521126 -0.0059014 0.999983 -0.000456302 -0.150239 -0.0380188
FixedParameters: 0 0 0

#Transform 114
Transform: AffineTransform_float_3_3
Parameters: 0.999998 0.00168078 0.000222901 -0.00168248 0.999984 0.00545882 -0.000213216 -0.00545949 0.999985 0.0169471 -0.151926 -0.0245591
FixedParameters: 0 0 0

#Transform 115
Transform: AffineTransform_float_3_3
Parameters: 0.999999 0.00154724 0.00038192 -0.00155014 0.999983 0.00571804 -0.000373463 -0.00571914 0.999983 0.00989034 -0.145817 -0.0230548
FixedParameters: 0 0 0

#Transform 116
Transform: AffineTransform_float_3_3
Parameters: 0.999999 0.00133236 0.000257932 -0.00133404 0.99998 0.00619482 -0.00025009 -0.00619537 0.999981 0.0106531 -0.151631 -0.0268866
FixedParameters: 0 0 0

#Transform 117
Transform: AffineTransform_float_3_3
Parameters: 0.999999 0.00149204 0.000281182 -0.0014933 0.999983 0.00568483 -0.000272598 -0.00568551 0.999984 0.0118514 -0.150628 -0.00714244
FixedParameters: 0 0 0

#Transform 118
Transform: AffineTransform_float_3_3
Parameters: 0.999999 0.00141861 0.000342873 -0.00142086 0.999982 0.00590335 -0.000334594 -0.00590417 0.999982 0.00894298 -0.146647 -0.0156249
FixedParameters: 0 0 0

#Transform 119
Transform: AffineTransform_float_3_3
Parameters: 1 0.00122514 0.000178399 -0.0012252 0.999984 0.00544226 -0.000171912 -0.00544298 0.999985 0.0168137 -0.152482 -0.00832936
FixedParameters: 0 0 0

#Transform 120
Transform: AffineTransform_float_3_3
Parameters: 0.999999 0.0012245 0.000342068 -0.00122538 0.999982 0.00570482 -0.000334787 -0.00570502 0.999984 0.00800358 -0.148162 -0.0245692
FixedParameters: 0 0 0

#Transform 121
Transform: AffineTransform_float_3_3
Parameters: 0.999999 0.00126587 0.000252944 -0.00126673 0.999984 0.00544535 -0.000246002 -0.00544627 0.999985 0.0116036 -0.153485 -0.0174255
FixedParameters: 0 0 0

#Transform 122
Transform: AffineTransform_float_3_3
Parameters: 0.999999 0.00126372 0.000284475 -0.00126497 0.99998 0.00610292 -0.000276759 -0.00610394 0.999981 0.00936959 -0.14764 -0.0313301
FixedParameters: 0 0 0

#Transform 123
Transform: AffineTransform_float_3_3
Parameters: 0.999999 0.00131426 0.000199574 -0.00131541 0.99998 0.00635329 -0.00019164 -0.00635368 0.99998 0.0188027 -0.158705 -0.0457627
FixedParameters: 0 0 0

#Transform 124
Transform: AffineTransform_float_3_3
Parameters: 1 0.0011677 0.000313518 -0.00116953 0.999978 0.00654515 -0.000305358 -0.00654612 0.999979 0.0207086 -0.166512 -0.0281055
FixedParameters: 0 0 0

#Transform 125
Transform: AffineTransform_float_3_3
Parameters: 0.999999 0.00109358 0.000189269 -0.00109549 0.999976 0.00677203 -0.000182157 -0.00677279 0.999977 0.0163728 -0.161589 -0.0356003
FixedParameters: 0 0 0

#Transform 126
Transform: AffineTransform_float_3_3
Parameters: 0.999999 0.000808248 0.000175892 -0.000809699 0.999978 0.00656033 -0.000170678 -0.0065608 0.999979 0.023752 -0.15636 -0.0258196
FixedParameters: 0 0 0

#Transform 127
Transform: AffineTransform_float_3_3
Parameters: 1 0.00071701 0.000672589 -0.000720577 0.999983 0.00583984 -0.000668384 -0.00583993 0.999983 0.00890435 -0.127545 -0.0350158
FixedParameters: 0 0 0

#Transform 128
Transform: AffineTransform_float_3_3
Parameters: 1 0.000865472 0.000552182 -0.000868508 0.999986 0.00513473 -0.000546983 -0.00513488 0.999987 0.0158131 -0.150022 -0.00630897
FixedParameters: 0 0 0

#Transform 129
Transform: AffineTransform_float_3_3
Parameters: 1 0.000949994 0.000544938 -0.000953023 0.999982 0.00585164 -0.000539726 -0.00585196 0.999983 0.0153621 -0.137726 -0.0295467
FixedParameters: 0 0 0

#Transform 130
Transform: AffineTransform_float_3_3
Parameters: 0.999999 0.00108092 0.000737128 -0.00108528 0.999983 0.00581722 -0.000730933 -0.0058181 0.999983 0.0123641 -0.16155 -0.0173502
FixedParameters: 0 0 0

#Transform 131
Transform: AffineTransform_float_3_3
Parameters: 0.999999 0.00114448 0.00067475 -0.00114866 0.999979 0.00646713 -0.000667195 -0.00646797 0.999979 0.0140795 -0.160035 -0.0386783
FixedParameters: 0 0 0

#Transform 132
Transform: AffineTransform_float_3_3
Parameters: 0.999999 0.00114564 0.00067787 -0.0011496 0.999979 0.00637998 -0.000670406 -0.00638082 0.999979 0.0227589 -0.160296 -0.0249352
FixedParameters: 0 0 0

#Transform 133
Transform: AffineTransform_float_3_3
Parameters: 0.999999 0.000892426 0.000316255 -0.000894007 0.999978 0.00660303 -0.000310826 -0.00660377 0.999978 0.0263218 -0.145871 -0.0230244
FixedParameters: 0 0 0

#Transform 134
Transform: AffineTransform_float_3_3
Parameters: 0.999999 0.000919048 0.000335024 -0.000921441 0.99998 0.0063292 -0.000329196 -0.00632861 0.99998 0.0206781 -0.151289 -0.0282715
FixedParameters: 0 0 0

#Transform 135
Transform: AffineTransform_float_3_3
Parameters: 0.999999 0.000695493 0.000177939 -0.000696588 0.999973 0.00730866 -0.000173262 -0.00730904 0.999973 0.0216941 -0.160478 -0.0416927
FixedParameters: 0 0 0

#Transform 136
Transform: AffineTransform_float_3_3
Parameters: 0.999999 0.000940667 0.00027445 -0.000942219 0.999979 0.00635132 -0.000268316 -0.00635116 0.99998 0.0221289 -0.160587 -0.00498372
FixedParameters: 0 0 0

#Transform 137
Transform: AffineTransform_float_3_3
Parameters: 0.999999 0.0012725 9.44617e-05 -0.00127212 0.999971 0.00746577 -8.46631e-05 -0.00746553 0.999973 0.015938 -0.154952 -0.0325591
FixedParameters: 0 0 0

#Transform 138
Transform: AffineTransform_float_3_3
Parameters: 0.999999 0.00098893 0.000124456 -0.000990509 0.999971 0.00757254 -0.00011689 -0.00757309 0.999971 0.0162796 -0.167241 -0.0219839
FixedParameters: 0 0 0

#Transform 139
Transform: AffineTransform_float_3_3
Parameters: 0.999999 0.00133223 0.000155922 -0.00133376 0.999969 0.00780451 -0.000145333 -0.00780485 0.999969 0.0184497 -0.178042 -0.0379745
FixedParameters: 0 0 0

#Transform 140
Transform: AffineTransform_float_3_3
Parameters: 1 0.00115931 0.000342039 -0.0011623 0.999967 0.00804679 -0.000332519 -0.00804787 0.999968 0.00579086 -0.182047 -0.0201732
FixedParameters: 0 0 0

#Transform 141
Transform: AffineTransform_float_3_3
Parameters: 1 0.00107544 0.000265383 -0.00107727 0.999971 0.007574 -0.000257372 -0.00757485 0.999971 0.0178299 -0.177672 -0.0277947
FixedParameters: 0 0 0

#Transform 142
Transform: AffineTransform_float_3_3
Parameters: 0.999999 0.00109146 0.000109168 -0.00109285 0.999963 0.00852387 -0.000100575 -0.00852453 0.999964 0.0259236 -0.18061 -0.037799
FixedParameters: 0 0 0

#Transform 143
Transform: AffineTransform_float_3_3
Parameters: 0.999999 0.0011902 5.92471e-05 -0.00119054 0.999968 0.00792731 -5.07838e-05 -0.00792739 0.999968 0.0222696 -0.18098 -0.0231754
FixedParameters: 0 0 0

#Transform 144
Transform: AffineTransform_float_3_3
Parameters: 0.999999 0.000905491 7.91218e-05 -0.000906604 0.999956 0.00937769 -7.109e-05 -0.00937761 0.999955 0.0231415 -0.180732 -0.0431734
FixedParameters: 0 0 0

#Transform 145
Transform: AffineTransform_float_3_3
Parameters: 0.999999 0.00124027 -0.000161955 -0.00123902 0.999961 0.00877497 0.000172242 -0.00877518 0.999962 0.0344707 -0.185075 -0.0264771
FixedParameters: 0 0 0

#Transform 146
Transform: AffineTransform_float_3_3
Parameters: 1 0.00109144 0.000176302 -0.00109364 0.999956 0.00927553 -0.000166291 -0.00927544 0.999957 0.0220214 -0.1797 -0.032658
FixedParameters: 0 0 0

#Transform 147
Transform: AffineTransform_float_3_3
Parameters: 0.999999 0.000998383 5.34074e-05 -0.000999215 0.999963 0.00853263 -4.5038e-05 -0.00853309 0.999964 0.0254018 -0.186361 -0.00353501
FixedParameters: 0 0 0

#Transform 148
Transform: AffineTransform_float_3_3
Parameters: 0.999999 0.00089366 0.000141096 -0.000894779 0.99996 0.00895471 -0.000132928 -0.00895431 0.99996 0.0214981 -0.187366 -0.00901827
FixedParameters: 0 0 0

#Transform 149
Transform: AffineTransform_float_3_3
Parameters: 0.999999 0.00105822 4.52849e-05 -0.00105833 0.999961 0.00879109 -3.60294e-05 -0.00879154 0.999961 0.017326 -0.194937 -0.0119801
FixedParameters: 0 0 0

#Transform 150
Transform: AffineTransform_float_3_3
Parameters: 1 0.00131465 2.01792e-05 -0.00131541 0.999959 0.00892547 -7.92014e-06 -0.00892467 0.99996 0.0199423 -0.194004 -0.00821901
FixedParameters: 0 0 0

#Transform 151
Transform: AffineTransform_float_3_3
Parameters: 0.999999 0.00123942 1.74597e-05 -0.00124027 0.99996 0.00892897 -6.63005e-06 -0.00892817 0.99996 0.0216262 -0.194693 -0.00981458
FixedParameters: 0 0 0

#Transform 152
Transform: AffineTransform_float_3_3
Parameters: 0.999999 0.001391 -6.28947e-05 -0.00139036 0.999959 0.00891609 7.42598e-05 -0.00891521 0.99996 0.0150642 -0.197325 -0.00175532
FixedParameters: 0 0 0

#Transform 153
Transform: AffineTransform_float_3_3
Parameters: 1 0.0013058 -1.04029e-05 -0.00130514 0.999953 0.00965602 2.2892e-05 -0.00965601 0.999953 0.0178695 -0.204545 -0.0297594
FixedParameters: 0 0 0

#Transform 154
Transform: AffineTransform_float_3_3
Parameters: 0.999999 0.001246 -0.000357569 -0.00124246 0.999959 0.00907519 0.000368882 -0.00907441 0.999959 0.0270282 -0.208238 -0.000942767
FixedParameters: 0 0 0

#Transform 155
Transform: AffineTransform_float_3_3
Parameters: 0.999999 0.00140459 -0.000167141 -0.00140274 0.999951 0.00973201 0.00018039 -0.00973226 0.999953 0.0178492 -0.204942 -0.0247999
FixedParameters: 0 0 0

#Transform 156
Transform: AffineTransform_float_3_3
Parameters: 0.999999 0.00124245 -0.000389596 -0.00123826 0.999956 0.00923398 0.000401133 -0.00923365 0.999957 0.0311644 -0.212417 -0.00475525
FixedParameters: 0 0 0

#Transform 157
Transform: AffineTransform_float_3_3
Parameters: 0.999998 0.00187611 -0.00074665 -0.00187053 0.999969 0.0076148 0.000760959 -0.00761338 0.999971 0.0388807 -0.273884 0.0435905
FixedParameters: 0 0 0

#Transform 158
Transform: AffineTransform_float_3_3
Parameters: 0.999998 0.00208625 -0.000921929 -0.00207881 0.999969 0.00760689 0.000937751 -0.00760458 0.99997 0.0322899 -0.234497 0.0207872
FixedParameters: 0 0 0

#Transform 159
Transform: AffineTransform_float_3_3
Parameters: 0.999998 0.00182476 -0.000846509 -0.00181757 0.999962 0.0085869 0.000861929 -0.00858532 0.999963 0.0237225 -0.186863 -0.0213509
FixedParameters: 0 0 0

#Transform 160
Transform: AffineTransform_float_3_3
Parameters: 0.999998 0.00188563 -0.000900404 -0.0018789 0.999968 0.00765631 0.000914618 -0.00765492 0.99997 0.0335969 -0.220225 0.0221969
FixedParameters: 0 0 0

#Transform 161
Transform: AffineTransform_float_3_3
Parameters: 0.999998 0.00226073 -0.00075227 -0.00225374 0.999955 0.00921628 0.000773489 -0.0092141 0.999957 0.0211788 -0.224127 -0.0174265
FixedParameters: 0 0 0

#Transform 162
Transform: AffineTransform_float_3_3
Parameters: 0.999998 0.00230081 -0.000619529 -0.00229424 0.999945 0.0102784 0.000642959 -0.010276 0.999947 0.0095589 -0.180025 -0.0623868
FixedParameters: 0 0 0

#Transform 163
Transform: AffineTransform_float_3_3
Parameters: 0.999998 0.00193509 -0.000629136 -0.00192947 0.99995 0.00984006 0.000647799 -0.00983842 0.999952 0.0232181 -0.214822 -0.0281561
FixedParameters: 0 0 0

#Transform 164
Transform: AffineTransform_float_3_3
Parameters: 0.999997 0.00198222 -0.00106132 -0.00197049 0.999939 0.0108249 0.00108218 -0.0108232 0.999941 0.0405632 -0.235927 -0.0545755
FixedParameters: 0 0 0

#Transform 165
Transform: AffineTransform_float_3_3
Parameters: 0.999997 0.00213211 -0.000719578 -0.00212386 0.999934 0.0113031 0.000744214 -0.011302 0.999936 0.0242685 -0.220086 -0.0592203
FixedParameters: 0 0 0

#Transform 166
Transform: AffineTransform_float_3_3
Parameters: 0.999998 0.00179342 -0.000803622 -0.0017845 0.999945 0.0103286 0.000822213 -0.0103279 0.999946 0.0396159 -0.248008 -0.0157493
FixedParameters: 0 0 0

#Transform 167
Transform: AffineTransform_float_3_3
Parameters: 0.999998 0.00198808 -0.000765191 -0.0019792 0.999934 0.0113141 0.000787958 -0.0113128 0.999935 0.0287181 -0.236072 -0.0674311
FixedParameters: 0 0 0

#Transform 168
Transform: AffineTransform_float_3_3
Parameters: 0.999997 0.00214508 -0.00072982 -0.00213638 0.999931 0.011574 0.000754133 -0.0115714 0.999933 0.0294367 -0.216388 -0.0613687
FixedParameters: 0 0 0

#Transform 169
Transform: AffineTransform_float_3_3
Parameters: 0.999998 0.00186606 -0.000811943 -0.00185654 0.999935 0.0112305 0.000833077 -0.0112292 0.999936 0.037359 -0.234303 -0.0441884
FixedParameters: 0 0 0

#Transform 170
Transform: AffineTransform_float_3_3
Parameters: 0.999998 0.00199182 -0.000985527 -0.00198047 0.999931 0.0115651 0.00100829 -0.0115637 0.999933 0.0385652 -0.238599 -0.0529585
FixedParameters: 0 0 0

#Transform 171
Transform: AffineTransform_float_3_3
Parameters: 0.999997 0.0022029 -0.000860961 -0.00219108 0.999911 0.0132058 0.000889643 -0.0132043 0.999912 0.0218148 -0.158223 -0.100194
FixedParameters: 0 0 0

#Transform 172
Transform: AffineTransform_float_3_3
Parameters: 0.999997 0.0024203 -0.000824275 -0.00240976 0.999927 0.0117927 0.000852849 -0.0117904 0.999929 0.0256164 -0.182059 -0.112914
FixedParameters: 0 0 0

#Transform 173
Transform: AffineTransform_float_3_3
Parameters: 0.999997 0.0023431 -0.000639056 -0.00233491 0.999932 0.0113646 0.000665564 -0.0113636 0.999935 0.0263625 -0.187568 -0.109732
FixedParameters: 0 0 0

#Transform 174
Transform: AffineTransform_float_3_3
Parameters: 0.999998 0.00196139 -0.000526158 -0.0019549 0.999942 0.0105543 0.00054687 -0.010553 0.999944 0.0219753 -0.209152 -0.0697907
FixedParameters: 0 0 0

#Transform 175
Transform: AffineTransform_float_3_3
Parameters: 0.999997 0.00214883 -0.000788099 -0.00213963 0.999937 0.0110629 0.000811396 -0.0110615 0.999939 0.039717 -0.185193 -0.0866263
FixedParameters: 0 0 0

#Transform 176
Transform: AffineTransform_float_3_3
Parameters: 0.999998 0.00194027 -0.000517103 -0.00193492 0.999942 0.0106101 0.000537986 -0.0106088 0.999944 0.0359547 -0.18144 -0.0772609
FixedParameters: 0 0 0

#Transform 177
Transform: AffineTransform_float_3_3
Parameters: 0.999999 0.00159199 -0.000768524 -0.00158379 0.999945 0.0103482 0.000785109 -0.0103469 0.999947 0.055954 -0.190107 -0.077879
FixedParameters: 0 0 0

#Transform 178
Transform: AffineTransform_float_3_3
Parameters: 0.999999 0.00128297 -0.000808744 -0.00127492 0.999949 0.00999608 0.000821025 -0.00999498 0.99995 0.0635156 -0.190744 -0.057164
FixedParameters: 0 0 0

#Transform 179
Transform: AffineTransform_float_3_3
Parameters: 0.999999 0.00101922 -0.00076635 -0.00101246 0.999955 0.00948383 0.00077638 -0.00948298 0.999955 0.0462258 -0.18791 -0.0415589
FixedParameters: 0 0 0

#Transform 180
Transform: AffineTransform_float_3_3
Parameters: 0.999998 0.00126574 -0.00095488 -0.00125552 0.999947 0.0102047 0.000967612 -0.0102033 0.999947 0.065272 -0.184006 -0.0563807
FixedParameters: 0 0 0

#Transform 181
Transform: AffineTransform_float_3_3
Parameters: 0.999999 0.00112659 -0.00088033 -0.00111839 0.99995 0.00992141 0.000891247 -0.00992034 0.99995 0.0495446 -0.192924 -0.0373621
FixedParameters: 0 0 0

#Transform 182
Transform: AffineTransform_float_3_3
Parameters: 0.999998 0.00136491 -0.000871664 -0.00135716 0.999954 0.00943543 0.00088429 -0.00943493 0.999955 0.0489896 -0.161671 -0.081767
FixedParameters: 0 0 0

#Transform 183
Transform: AffineTransform_float_3_3
Parameters: 0.999999 0.00120478 -0.000972601 -0.00119517 0.999948 0.0100829 0.000984383 -0.0100816 0.999949 0.0523883 -0.163434 -0.0731631
FixedParameters: 0 0 0

#Transform 184
Transform: AffineTransform_float_3_3
Parameters: 0.999999 0.00111905 -0.00100513 -0.00110971 0.999956 0.00927799 0.00101551 -0.00927662 0.999957 0.0500314 -0.170258 -0.0488605
FixedParameters: 0 0 0

#Transform 185
Transform: AffineTransform_float_3_3
Parameters: 0.999999 0.00134095 -0.00113726 -0.00133085 0.999959 0.00891207 0.00114856 -0.00891013 0.99996 0.0608993 -0.203812 -0.0187092
FixedParameters: 0 0 0

#Transform 186
Transform: AffineTransform_float_3_3
Parameters: 0.999999 0.00147123 -0.00104496 -0.0014601 0.999949 0.0100327 0.00105996 -0.0100316 0.999949 0.0484096 -0.160361 -0.073976
FixedParameters: 0 0 0

#Transform 187
Transform: AffineTransform_float_3_3
Parameters: 0.999999 0.00143763 -0.000767802 -0.00143079 0.999953 0.0096317 0.000781792 -0.00963136 0.999953 0.0407177 -0.176057 -0.0698569
FixedParameters: 0 0 0

#Transform 188
Transform: AffineTransform_float_3_3
Parameters: 0.999999 0.00157414 -0.000698957 -0.00156786 0.999956 0.00931949 0.000714408 -0.0093186 0.999956 0.0334294 -0.184899 -0.0580441
FixedParameters: 0 0 0

#Transform 189
Transform: AffineTransform_float_3_3
Parameters: 0.999998 0.00154898 -0.00107575 -0.00153919 0.99996 0.00882763 0.00109014 -0.00882623 0.999961 0.0636837 -0.193811 -0.0526997
FixedParameters: 0 0 0
