#Insight Transform File V1.0
#Transform 0
Transform: AffineTransform_float_3_3
Parameters: 0.999998 0.00148122 -0.000500952 -0.0014829 0.999998 -0.00162904 0.000498414 0.00162899 0.999999 -0.0195463 0.033766 0.005535
FixedParameters: 0 0 0

#Transform 1
Transform: AffineTransform_float_3_3
Parameters: 0.999999 0.00145583 -0.000397732 -0.00145633 0.999998 -0.000819535 0.000397695 0.000820014 1 -0.0244387 0.063344 -0.0410085
FixedParameters: 0 0 0

#Transform 2
Transform: AffineTransform_float_3_3
Parameters: 0.999999 0.00150101 -0.000320717 -0.0015011 0.999998 -0.000243443 0.000320118 0.000243565 1 -0.0260597 0.0511027 -0.0570775
FixedParameters: 0 0 0

#Transform 3
Transform: AffineTransform_float_3_3
Parameters: 0.999999 0.00145333 -0.000552082 -0.00145414 0.999998 -0.00109588 0.000549798 0.00109672 1 -0.0180377 0.00045984 0.0177784
FixedParameters: 0 0 0

#Transform 4
Transform: AffineTransform_float_3_3
Parameters: 0.999999 0.00143256 -0.000227743 -0.00143238 0.999999 -0.000634416 0.000226928 0.000634843 0.999999 -0.0298462 0.0603006 -0.0406296
FixedParameters: 0 0 0

#Transform 5
Transform: AffineTransform_float_3_3
Parameters: 0.999999 0.00138083 -0.000294745 -0.00138058 0.999999 0.000293963 0.000295689 -0.000293987 1 -0.0302563 0.043489 -0.0271051
FixedParameters: 0 0 0

#Transform 6
Transform: AffineTransform_float_3_3
Parameters: 0.999999 0.00139778 -2.14926e-05 -0.00139704 0.999999 -0.00125384 1.97627e-05 0.00125375 0.999999 -0.0357595 0.0817447 -0.0476288
FixedParameters: 0 0 0

#Transform 7
Transform: AffineTransform_float_3_3
Parameters: 0.999999 0.00120023 0.000304742 -0.00120027 0.999999 -0.00071479 -0.000305103 0.000714665 1 -0.0479426 0.0722206 -0.0440282
FixedParameters: 0 0 0

#Transform 8
Transform: AffineTransform_float_3_3
Parameters: 0.999999 0.00128813 -0.000257693 -0.00128819 0.999999 -0.00101587 0.000256079 0.00101631 0.999999 -0.0297415 0.0434226 -0.0131522
FixedParameters: 0 0 0

#Transform 9
Transform: AffineTransform_float_3_3
Parameters: 0.999999 0.000920795 -0.000114267 -0.000920693 0.999999 -0.00102683 0.000113147 0.00102711 1 -0.03069 0.0807185 -0.0303946
FixedParameters: 0 0 0

#Transform 10
Transform: AffineTransform_float_3_3
Parameters: 1 0.000701185 0.000165256 -0.00070192 1 -0.000858162 -0.000165935 0.000857606 0.999999 -0.0278919 0.0415083 -0.0083386
FixedParameters: 0 0 0

#Transform 11
Transform: AffineTransform_float_3_3
Parameters: 0.999999 0.000667229 9.99469e-06 -0.000666874 1 -0.000963867 -1.05097e-05 0.000963931 1 -0.0131641 0.0416287 -0.0161164
FixedParameters: 0 0 0

#Transform 12
Transform: AffineTransform_float_3_3
Parameters: 1 0.000587895 0.00038568 -0.000587674 1 -0.000286769 -0.000386017 0.000286316 1 -0.0267462 0.0625221 -0.0397081
FixedParameters: 0 0 0

#Transform 13
Transform: AffineTransform_float_3_3
Parameters: 0.999999 0.000460674 0.000579974 -0.000460365 1 -0.000267103 -0.000580219 0.000266568 1 -0.0260349 0.0447485 -0.0301005
FixedParameters: 0 0 0

#Transform 14
Transform: AffineTransform_float_3_3
Parameters: 1 0.000426789 0.000518778 -0.000426509 1 -0.000269688 -0.000519008 0.000269245 1 -0.0183243 0.0467412 -0.0304464
FixedParameters: 0 0 0

#Transform 15
Transform: AffineTransform_float_3_3
Parameters: 0.999999 -0.000141518 0.000950885 0.000142146 0.999999 -0.000285727 -0.000950808 0.000285465 0.999999 -0.0243164 0.0584297 -0.0273999
FixedParameters: 0 0 0

#Transform 16
Transform: AffineTransform_float_3_3
Parameters: 1 0.000265905 0.0003075 -0.000265421 0.999999 -0.000787321 -0.000307918 0.000787158 0.999999 -0.0136288 -0.018399 0.0197368
FixedParameters: 0 0 0

#Transform 17
Transform: AffineTransform_float_3_3
Parameters: 1 -0.000244278 0.000486042 0.000244158 1 0.000610886 -0.000485473 -0.000610564 0.999999 -0.00982174 0.047648 -0.0387893
FixedParameters: 0 0 0

#Transform 18
Transform: AffineTransform_float_3_3
Parameters: 1 0.000240669 0.000254041 -0.000241136 0.999999 0.000918258 -0.000253598 -0.000918381 0.999999 -0.0200728 0.0219828 -0.0272275
FixedParameters: 0 0 0

#Transform 19
Transform: AffineTransform_float_3_3
Parameters: 1 0.000243347 0.000220125 -0.000243626 1 0.000634773 -0.000219815 -0.00063488 1 -0.0171896 0.0405142 -0.0419684
FixedParameters: 0 0 0

#Transform 20
Transform: AffineTransform_float_3_3
Parameters: 1 0.000538892 5.68289e-05 -0.000538842 1 -0.000442627 -5.73059e-05 0.000442565 1 -0.00537649 -0.0224106 0.0121814
FixedParameters: 0 0 0

#Transform 21
Transform: AffineTransform_float_3_3
Parameters: 1 -0.000519976 -0.000181497 0.000520274 0.999999 0.000824348 0.00018064 -0.000824536 0.999999 0.0177025 0.0510486 -0.0502325
FixedParameters: 0 0 0

#Transform 22
Transform: AffineTransform_float_3_3
Parameters: 1 -0.000345577 -7.28188e-05 0.000345691 0.999999 0.000789423 7.22731e-05 -0.000789473 0.999999 0.0129089 0.0426411 -0.0301487
FixedParameters: 0 0 0

#Transform 23
Transform: AffineTransform_float_3_3
Parameters: 1 -0.000270038 -0.000387821 0.000269853 0.999999 0.000974867 0.000387646 -0.000974245 1 0.0293585 -0.0254436 -0.0115696
FixedParameters: 0 0 0

#Transform 24
Transform: AffineTransform_float_3_3
Parameters: 1 -0.000425406 -0.000205995 0.000424854 1 0.00110607 0.000205443 -0.00110626 1 0.0189654 0.04306 -0.0438437
FixedParameters: 0 0 0

#Transform 25
Transform: AffineTransform_float_3_3
Parameters: 1 -0.000319058 8.54918e-05 0.000318718 1 0.00117558 -8.63376e-05 -0.00117553 1 0.00176572 0.0233461 -0.0215288
FixedParameters: 0 0 0

#Transform 26
Transform: AffineTransform_float_3_3
Parameters: 1 -0.000342969 -0.00011521 0.000343587 0.999999 0.00123196 0.000115135 -0.00123196 1 0.0115505 0.0145621 -0.0350395
FixedParameters: 0 0 0

#Transform 27
Transform: AffineTransform_float_3_3
Parameters: 1 -0.000420002 7.34705e-05 0.000419649 0.999999 0.0014456 -7.47804e-05 -0.00144554 0.999999 0.00489258 0.0233814 -0.0371697
FixedParameters: 0 0 0

#Transform 28
Transform: AffineTransform_float_3_3
Parameters: 1 -0.000433596 -0.000116191 0.000432836 0.999999 0.00143268 0.000115341 -0.00143226 0.999999 0.0222251 0.0024894 -0.0222838
FixedParameters: 0 0 0

#Transform 29
Transform: AffineTransform_float_3_3
Parameters: 1 -0.000560416 -5.86109e-05 0.000560826 0.999998 0.00184662 5.72153e-05 -0.00184662 0.999999 0.0165222 0.0220666 -0.0491553
FixedParameters: 0 0 0

#Transform 30
Transform: AffineTransform_float_3_3
Parameters: 1 -0.000594369 -4.33827e-05 0.000594645 0.999998 0.00192638 4.17713e-05 -0.00192583 0.999998 0.0197843 0.00653267 -0.029825
FixedParameters: 0 0 0

#Transform 31
Transform: AffineTransform_float_3_3
Parameters: 1 -0.000577718 -0.000104279 0.00057831 0.999998 0.0016463 0.000103151 -0.00164581 0.999998 0.0245993 -0.0104771 -0.0127669
FixedParameters: 0 0 0

#Transform 32
Transform: AffineTransform_float_3_3
Parameters: 1 -0.00055006 -7.51432e-05 0.0005497 0.999997 0.00209582 7.39971e-05 -0.00209584 0.999998 0.0252182 0.00685682 -0.0340283
FixedParameters: 0 0 0

#Transform 33
Transform: AffineTransform_float_3_3
Parameters: 1 -0.000591731 -4.55666e-05 0.000592101 0.999998 0.0019434 4.39409e-05 -0.00194338 0.999998 0.0255228 -0.00218604 -0.0181718
FixedParameters: 0 0 0

#Transform 34
Transform: AffineTransform_float_3_3
Parameters: 0.999999 -0.000722195 2.83029e-05 0.000721412 0.999998 0.00189767 -2.98835e-05 -0.00189757 0.999998 0.020526 0.00692917 -0.0288918
FixedParameters: 0 0 0

#Transform 35
Transform: AffineTransform_float_3_3
Parameters: 1 -0.000536266 -8.48599e-05 0.000535955 0.999997 0.00214466 8.37192e-05 -0.00214468 0.999997 0.0265489 0.00975055 -0.0368827
FixedParameters: 0 0 0

#Transform 36
Transform: AffineTransform_float_3_3
Parameters: 0.999999 -0.000693959 -0.000113179 0.000693767 0.999997 0.00213926 0.000111369 -0.00213936 0.999997 0.0315781 -0.011583 -0.0388414
FixedParameters: 0 0 0

#Transform 37
Transform: AffineTransform_float_3_3
Parameters: 1 -0.000415279 2.96599e-05 0.000415045 0.999998 0.00157879 -3.10668e-05 -0.00157877 0.999999 0.0316929 -0.0261818 -0.0292324
FixedParameters: 0 0 0

#Transform 38
Transform: AffineTransform_float_3_3
Parameters: 1 -0.000394687 -0.000176345 0.000395607 0.999997 0.0024556 0.000174984 -0.00245568 0.999997 0.0287205 -0.0129589 -0.0561858
FixedParameters: 0 0 0

#Transform 39
Transform: AffineTransform_float_3_3
Parameters: 1 -0.000498844 -0.000158934 0.000499157 0.999994 0.00337013 0.000157212 -0.00337017 0.999995 0.0301667 0.0248695 -0.10958
FixedParameters: 0 0 0

#Transform 40
Transform: AffineTransform_float_3_3
Parameters: 0.999999 -0.000637005 8.75087e-05 0.000636703 0.999995 0.0031252 -9.02354e-05 -0.00312495 0.999995 0.0305902 0.0109012 -0.101227
FixedParameters: 0 0 0

#Transform 41
Transform: AffineTransform_float_3_3
Parameters: 1 -0.00106244 0.000157195 0.00106265 0.999997 0.00188022 -0.000159552 -0.00187972 0.999999 0.0392907 -0.00325544 -0.0716826
FixedParameters: 0 0 0

#Transform 42
Transform: AffineTransform_float_3_3
Parameters: 1 -0.00115358 0.00026045 0.00115231 0.999998 0.00202374 -0.000262954 -0.0020233 0.999998 0.0392159 0.0043643 -0.0899257
FixedParameters: 0 0 0

#Transform 43
Transform: AffineTransform_float_3_3
Parameters: 0.999999 -0.00120726 0.000172224 0.00120777 0.999997 0.00202643 -0.000174577 -0.00202662 0.999998 0.0508338 0.00166714 -0.0904341
FixedParameters: 0 0 0

#Transform 44
Transform: AffineTransform_float_3_3
Parameters: 0.999999 -0.00135831 0.000225665 0.00135867 0.999997 0.00189908 -0.000228284 -0.00189906 0.999999 0.0522867 -0.00991224 -0.0831432
FixedParameters: 0 0 0

#Transform 45
Transform: AffineTransform_float_3_3
Parameters: 0.999999 -0.00124584 0.000188057 0.00124586 0.999998 0.00189091 -0.000191094 -0.00189112 0.999999 0.0559108 -0.0114844 -0.0848033
FixedParameters: 0 0 0

#Transform 46
Transform: AffineTransform_float_3_3
Parameters: 0.999999 -0.00121968 0.000210504 0.00121999 0.999997 0.00214216 -0.000213189 -0.00214225 0.999998 0.045937 0.00120986 -0.0934735
FixedParameters: 0 0 0

#Transform 47
Transform: AffineTransform_float_3_3
Parameters: 0.999999 -0.00124909 0.00021046 0.00124927 0.999998 0.0016598 -0.000212837 -0.00165995 0.999999 0.0499177 -0.0124885 -0.0645371
FixedParameters: 0 0 0

#Transform 48
Transform: AffineTransform_float_3_3
Parameters: 0.999999 -0.00131196 0.00023334 0.00131229 0.999998 0.00189736 -0.000235777 -0.00189735 0.999999 0.0452986 0.0101582 -0.106689
FixedParameters: 0 0 0

#Transform 49
Transform: AffineTransform_float_3_3
Parameters: 0.999999 -0.00117136 0.000188461 0.00117075 0.999998 0.00165341 -0.00019008 -0.00165366 0.999999 0.0402713 0.0200024 -0.0969568
FixedParameters: 0 0 0

#Transform 50
Transform: AffineTransform_float_3_3
Parameters: 0.999999 -0.00127342 -0.000183946 0.00127399 0.999997 0.00173275 0.000181653 -0.00173306 0.999999 0.058985 -0.000508925 -0.0849666
FixedParameters: 0 0 0

#Transform 51
Transform: AffineTransform_float_3_3
Parameters: 1 -0.00105639 -0.000261698 0.00105733 0.999996 0.00262385 0.000258086 -0.00262373 0.999997 0.0503358 0.0333906 -0.121589
FixedParameters: 0 0 0

#Transform 52
Transform: AffineTransform_float_3_3
Parameters: 0.999999 -0.00114714 -0.000397742 0.00114856 0.999995 0.00282735 0.000394536 -0.00282751 0.999996 0.0624698 0.00416303 -0.0891079
FixedParameters: 0 0 0

#Transform 53
Transform: AffineTransform_float_3_3
Parameters: 1 -0.000980374 -8.11032e-05 0.00098086 0.999995 0.00307179 7.77795e-05 -0.00307173 0.999996 0.045565 0.00770764 -0.122495
FixedParameters: 0 0 0

#Transform 54
Transform: AffineTransform_float_3_3
Parameters: 1 -0.000963723 -7.50476e-05 0.000963694 0.999996 0.0026747 7.18265e-05 -0.00267417 0.999997 0.0482443 0.00576604 -0.0892379
FixedParameters: 0 0 0

#Transform 55
Transform: AffineTransform_float_3_3
Parameters: 1 -0.00105664 -0.00020061 0.00105642 0.999997 0.00233005 0.0001982 -0.0023298 0.999997 0.0591607 -0.00644529 -0.0910381
FixedParameters: 0 0 0

#Transform 56
Transform: AffineTransform_float_3_3
Parameters: 1 -0.000965368 -0.00012368 0.000965699 0.999996 0.00273683 0.000120325 -0.00273692 0.999997 0.0475367 0.0176028 -0.11695
FixedParameters: 0 0 0

#Transform 57
Transform: AffineTransform_float_3_3
Parameters: 1 -0.00111879 -0.000173477 0.0011193 0.999998 0.00207664 0.000170991 -0.00207719 0.999998 0.0594679 0.0115476 -0.0862868
FixedParameters: 0 0 0

#Transform 58
Transform: AffineTransform_float_3_3
Parameters: 1 -0.00112062 -0.000269278 0.00112119 0.999997 0.0023283 0.000267439 -0.00232815 0.999997 0.0576891 0.0393122 -0.123517
FixedParameters: 0 0 0

#Transform 59
Transform: AffineTransform_float_3_3
Parameters: 0.999999 -0.00126431 -0.000400178 0.00126575 0.999997 0.00206559 0.000397113 -0.00206676 0.999997 0.0637905 0.039043 -0.111483
FixedParameters: 0 0 0

#Transform 60
Transform: AffineTransform_float_3_3
Parameters: 0.999999 -0.00117481 -0.00037623 0.0011762 0.999997 0.00203731 0.000373565 -0.00203751 0.999997 0.0638666 0.0673585 -0.148112
FixedParameters: 0 0 0

#Transform 61
Transform: AffineTransform_float_3_3
Parameters: 0.999999 -0.00129172 -0.00055625 0.00129275 0.999998 0.00148914 0.000553659 -0.00148998 0.999999 0.0782981 0.0682908 -0.119148
FixedParameters: 0 0 0

#Transform 62
Transform: AffineTransform_float_3_3
Parameters: 0.999999 -0.00148649 -0.000465537 0.00148688 0.999998 0.00150492 0.000463671 -0.00150562 0.999999 0.0788284 0.0896296 -0.135439
FixedParameters: 0 0 0

#Transform 63
Transform: AffineTransform_float_3_3
Parameters: 0.999998 -0.0015213 -0.000541592 0.00152131 0.999997 0.00125725 0.000539604 -0.00125829 0.999999 0.0782821 0.0901211 -0.127858
FixedParameters: 0 0 0

#Transform 64
Transform: AffineTransform_float_3_3
Parameters: 0.999998 -0.00157707 -0.00026747 0.00157845 0.999996 0.00223408 0.000263317 -0.00223416 0.999998 0.0773221 0.0578154 -0.143856
FixedParameters: 0 0 0

#Transform 65
Transform: AffineTransform_float_3_3
Parameters: 0.999999 -0.00161254 -0.000196135 0.00161326 0.999996 0.00204872 0.000191783 -0.0020495 0.999998 0.0706149 0.063981 -0.14233
FixedParameters: 0 0 0

#Transform 66
Transform: AffineTransform_float_3_3
Parameters: 0.999999 -0.0014802 -0.000311676 0.0014802 0.999998 0.00151514 0.000309931 -0.00151623 0.999999 0.0797429 0.0467519 -0.110718
FixedParameters: 0 0 0

#Transform 67
Transform: AffineTransform_float_3_3
Parameters: 0.999998 -0.001548 -0.000188436 0.00154816 0.999996 0.00222923 0.000184915 -0.00222905 0.999998 0.0706208 0.0672617 -0.148835
FixedParameters: 0 0 0

#Transform 68
Transform: AffineTransform_float_3_3
Parameters: 0.999998 -0.00160868 -0.000363692 0.00160897 0.999997 0.00188699 0.000360265 -0.00188833 0.999998 0.0855321 0.0588577 -0.13402
FixedParameters: 0 0 0

#Transform 69
Transform: AffineTransform_float_3_3
Parameters: 0.999999 -0.00165318 -0.0003236 0.00165348 0.999997 0.00192412 0.000319978 -0.00192535 0.999998 0.0861116 0.0671263 -0.139394
FixedParameters: 0 0 0

#Transform 70
Transform: AffineTransform_float_3_3
Parameters: 0.999998 -0.00160199 -0.000258585 0.00160189 0.999997 0.00190721 0.000255119 -0.0019082 0.999998 0.0827824 0.0646776 -0.137961
FixedParameters: 0 0 0

#Transform 71
Transform: AffineTransform_float_3_3
Parameters: 0.999998 -0.00161363 -0.000256071 0.00161496 0.999996 0.00209772 0.000252326 -0.00209862 0.999997 0.084755 0.0622315 -0.141348
FixedParameters: 0 0 0

#Transform 72
Transform: AffineTransform_float_3_3
Parameters: 0.999999 -0.00172341 -0.000306288 0.00172405 0.999997 0.00196767 0.000303117 -0.00196827 0.999998 0.0846665 0.0765519 -0.151234
FixedParameters: 0 0 0

#Transform 73
Transform: AffineTransform_float_3_3
Parameters: 0.999999 -0.00165634 -0.000357625 0.00165669 0.999997 0.00193164 0.00035397 -0.00193245 0.999998 0.0895011 0.0751717 -0.143739
FixedParameters: 0 0 0

#Transform 74
Transform: AffineTransform_float_3_3
Parameters: 0.999999 -0.00174919 -0.000460964 0.0017497 0.999996 0.00208998 0.00045761 -0.00209083 0.999998 0.100438 0.0476163 -0.12778
FixedParameters: 0 0 0

#Transform 75
Transform: AffineTransform_float_3_3
Parameters: 0.999998 -0.00181758 -0.000453028 0.00181873 0.999995 0.00255032 0.000448489 -0.0025506 0.999997 0.101122 0.0637387 -0.152214
FixedParameters: 0 0 0

#Transform 76
Transform: AffineTransform_float_3_3
Parameters: 0.999998 -0.00209611 -0.000918815 0.0020996 0.999991 0.00367152 0.000911039 -0.00367388 0.999993 0.122208 0.0244219 -0.129275
FixedParameters: 0 0 0

#Transform 77
Transform: AffineTransform_float_3_3
Parameters: 0.999998 -0.0021458 -0.000680706 0.00214781 0.999994 0.00268803 0.000675253 -0.00268897 0.999996 0.121238 0.0423496 -0.141862
FixedParameters: 0 0 0

#Transform 78
Transform: AffineTransform_float_3_3
Parameters: 0.999997 -0.0022824 -0.00077731 0.0022851 0.999993 0.00279904 0.000770612 -0.00280061 0.999996 0.12649 0.0367223 -0.123565
FixedParameters: 0 0 0

#Transform 79
Transform: AffineTransform_float_3_3
Parameters: 0.999997 -0.00228566 -0.000804729 0.0022879 0.999994 0.00271188 0.000797545 -0.00271366 0.999996 0.126008 0.0410553 -0.112402
FixedParameters: 0 0 0

#Transform 80
Transform: AffineTransform_float_3_3
Parameters: 0.999997 -0.0022888 -0.00067784 0.00229007 0.999994 0.0028492 0.0006714 -0.00285118 0.999996 0.1178 0.0450696 -0.13832
FixedParameters: 0 0 0

#Transform 81
Transform: AffineTransform_float_3_3
Parameters: 0.999997 -0.00243381 -0.000606471 0.00243532 0.999993 0.00260379 0.00059988 -0.00260476 0.999997 0.122344 0.0304844 -0.129158
FixedParameters: 0 0 0

#Transform 82
Transform: AffineTransform_float_3_3
Parameters: 0.999997 -0.00248169 -0.000553272 0.00248375 0.999993 0.00287051 0.000546104 -0.00287202 0.999996 0.117198 0.0330257 -0.128683
FixedParameters: 0 0 0

#Transform 83
Transform: AffineTransform_float_3_3
Parameters: 0.999996 -0.00245188 -0.000760057 0.00245411 0.999994 0.00250783 0.000753969 -0.00251042 0.999996 0.12978 0.025161 -0.119679
FixedParameters: 0 0 0

#Transform 84
Transform: AffineTransform_float_3_3
Parameters: 0.999996 -0.00270593 -0.00048155 0.00270736 0.999993 0.00272261 0.000473903 -0.00272345 0.999996 0.123926 0.0373751 -0.136858
FixedParameters: 0 0 0

#Transform 85
Transform: AffineTransform_float_3_3
Parameters: 0.999997 -0.00230415 -0.000573169 0.0023056 0.999994 0.00276617 0.000566541 -0.00276767 0.999996 0.113551 0.0339962 -0.122447
FixedParameters: 0 0 0

#Transform 86
Transform: AffineTransform_float_3_3
Parameters: 0.999998 -0.00220619 -0.000604318 0.00220775 0.999994 0.0025926 0.000599094 -0.00259413 0.999996 0.110589 0.041307 -0.118783
FixedParameters: 0 0 0

#Transform 87
Transform: AffineTransform_float_3_3
Parameters: 0.999998 -0.0021965 -0.000631333 0.00219835 0.999995 0.00228673 0.000626111 -0.00228813 0.999998 0.109689 0.0469083 -0.133857
FixedParameters: 0 0 0

#Transform 88
Transform: AffineTransform_float_3_3
Parameters: 0.999997 -0.00236108 -0.00068623 0.00236274 0.999995 0.00191601 0.000682107 -0.00191734 0.999998 0.117959 0.0234885 -0.113786
FixedParameters: 0 0 0

#Transform 89
Transform: AffineTransform_float_3_3
Parameters: 0.999998 -0.00218592 -0.000471071 0.00218682 0.999996 0.00204914 0.000467077 -0.00205014 0.999998 0.104031 0.0461118 -0.116748
FixedParameters: 0 0 0

#Transform 90
Transform: AffineTransform_float_3_3
Parameters: 0.999997 -0.00234499 -0.000766395 0.00234613 0.999996 0.00139327 0.000762669 -0.00139458 0.999998 0.114115 0.0258133 -0.0878714
FixedParameters: 0 0 0

#Transform 91
Transform: AffineTransform_float_3_3
Parameters: 0.999997 -0.00219481 -0.000845696 0.00219588 0.999995 0.00200293 0.000841446 -0.00200482 0.999997 0.101753 0.0498737 -0.107901
FixedParameters: 0 0 0

#Transform 92
Transform: AffineTransform_float_3_3
Parameters: 0.999998 -0.0021419 -0.000588462 0.00214179 0.999997 0.000943693 0.000586485 -0.000945913 0.999999 0.102434 0.0716096 -0.102652
FixedParameters: 0 0 0

#Transform 93
Transform: AffineTransform_float_3_3
Parameters: 0.999997 -0.00230862 -0.00085201 0.00230918 0.999997 7.61367e-05 0.000852594 -7.75409e-05 1 0.120834 0.0537936 -0.0984118
FixedParameters: 0 0 0

#Transform 94
Transform: AffineTransform_float_3_3
Parameters: 0.999996 -0.00254554 -0.000621925 0.00254585 0.999997 0.000340489 0.000620295 -0.00034205 1 0.108886 0.0714534 -0.115531
FixedParameters: 0 0 0

#Transform 95
Transform: AffineTransform_float_3_3
Parameters: 0.999997 -0.00264498 -0.000710103 0.00264507 0.999996 -0.000234301 0.00071019 0.000232078 1 0.108895 0.0658824 -0.0973476
FixedParameters: 0 0 0

#Transform 96
Transform: AffineTransform_float_3_3
Parameters: 0.999996 -0.00264941 -0.00074811 0.00265015 0.999997 -4.83404e-05 0.000748085 4.65242e-05 1 0.105324 0.0747302 -0.118769
FixedParameters: 0 0 0

#Transform 97
Transform: AffineTransform_float_3_3
Parameters: 0.999996 -0.00253908 -0.000697094 0.00253976 0.999997 -4.96724e-05 0.000696965 4.77423e-05 1 0.103778 0.0815355 -0.0920943
FixedParameters: 0 0 0

#Transform 98
Transform: AffineTransform_float_3_3
Parameters: 0.999996 -0.00263937 -0.000870479 0.00263919 0.999997 -0.000298621 0.000870905 0.00029609 0.999999 0.12551 0.0723191 -0.0940433
FixedParameters: 0 0 0

#Transform 99
Transform: AffineTransform_float_3_3
Parameters: 0.999995 -0.00299136 -0.000843329 0.00299145 0.999995 -0.00022973 0.000843647 0.000226754 0.999999 0.126914 0.081158 -0.104318
FixedParameters: 0 0 0

#Transform 100
Transform: AffineTransform_float_3_3
Parameters: 0.999995 -0.00298759 -0.00094634 0.00298759 0.999995 -0.000628683 0.00094843 0.000626473 0.999999 0.124153 0.0857403 -0.0967243
FixedParameters: 0 0 0

#Transform 101
Transform: AffineTransform_float_3_3
Parameters: 0.999996 -0.00292461 -0.000827324 0.00292444 0.999995 -0.000388339 0.00082854 0.000385567 0.999999 0.120287 0.0883415 -0.0908205
FixedParameters: 0 0 0

#Transform 102
Transform: AffineTransform_float_3_3
Parameters: 0.999995 -0.00292624 -0.0011531 0.00292592 0.999995 -0.000654659 0.00115526 0.000651356 0.999999 0.131421 0.0755182 -0.0943593
FixedParameters: 0 0 0

#Transform 103
Transform: AffineTransform_float_3_3
Parameters: 0.999995 -0.00297994 -0.000906331 0.00298023 0.999995 -0.000494629 0.000907614 0.000492674 1 0.123419 0.0734534 -0.0934984
FixedParameters: 0 0 0

#Transform 104
Transform: AffineTransform_float_3_3
Parameters: 0.999995 -0.0030726 -0.00080627 0.0030719 0.999995 -0.000584798 0.000808717 0.000582433 1 0.12141 0.0912441 -0.100869
FixedParameters: 0 0 0

#Transform 105
Transform: AffineTransform_float_3_3
Parameters: 0.999995 -0.00293828 -0.00075531 0.00293808 0.999996 -0.000574596 0.000756219 0.000571298 1 0.122017 0.0808568 -0.0957352
FixedParameters: 0 0 0

#Transform 106
Transform: AffineTransform_float_3_3
Parameters: 0.999995 -0.00293438 -0.00114114 0.00293369 0.999995 -0.000819042 0.00114428 0.000815788 0.999999 0.130647 0.0831362 -0.0899144
FixedParameters: 0 0 0

#Transform 107
Transform: AffineTransform_float_3_3
Parameters: 0.999995 -0.00301176 -0.000760096 0.0030109 0.999995 -0.000252092 0.000761048 0.000250106 0.999999 0.12175 0.0874793 -0.107565
FixedParameters: 0 0 0

#Transform 108
Transform: AffineTransform_float_3_3
Parameters: 0.999996 -0.00277118 -0.00116943 0.00277036 0.999996 -0.000523431 0.00117114 0.000519856 0.999999 0.133546 0.0660086 -0.0882957
FixedParameters: 0 0 0

#Transform 109
Transform: AffineTransform_float_3_3
Parameters: 0.999995 -0.00298203 -0.00102518 0.0029817 0.999995 -0.000119766 0.00102606 0.000117167 1 0.125626 0.0835244 -0.102515
FixedParameters: 0 0 0

#Transform 110
Transform: AffineTransform_float_3_3
Parameters: 0.999996 -0.00284798 -0.00104609 0.00284739 0.999996 -0.000437804 0.0010474 0.000435284 0.999999 0.130785 0.0738715 -0.0845679
FixedParameters: 0 0 0

#Transform 111
Transform: AffineTransform_float_3_3
Parameters: 0.999995 -0.00299927 -0.000981875 0.00299913 0.999995 -0.000233231 0.000982091 0.000230782 1 0.124158 0.0869701 -0.101972
FixedParameters: 0 0 0

#Transform 112
Transform: AffineTransform_float_3_3
Parameters: 0.999994 -0.00307293 -0.00108775 0.00307306 0.999995 -0.000303686 0.0010893 0.000300522 0.999999 0.131086 0.0791411 -0.098189
FixedParameters: 0 0 0

#Transform 113
Transform: AffineTransform_float_3_3
Parameters: 0.999994 -0.00313854 -0.00105167 0.00313809 0.999996 -0.000298639 0.00105239 0.000295163 0.999999 0.128004 0.0850478 -0.104357
FixedParameters: 0 0 0

#Transform 114
Transform: AffineTransform_float_3_3
Parameters: 0.999995 -0.00300471 -0.00111245 0.00300371 0.999995 -0.000591822 0.00111482 0.000588573 0.999999 0.135984 0.0905538 -0.0894318
FixedParameters: 0 0 0

#Transform 115
Transform: AffineTransform_float_3_3
Parameters: 0.999995 -0.00305715 -0.00102921 0.00305644 0.999995 -0.000499959 0.00103108 0.000497103 0.999999 0.132141 0.0910969 -0.102194
FixedParameters: 0 0 0

#Transform 116
Transform: AffineTransform_float_3_3
Parameters: 0.999994 -0.00298085 -0.00138428 0.00297855 0.999993 -0.00180958 0.00138997 0.00180492 0.999997 0.125242 0.109439 -0.117405
FixedParameters: 0 0 0

#Transform 117
Transform: AffineTransform_float_3_3
Parameters: 0.999993 -0.0032351 -0.00161377 0.00323086 0.999992 -0.00254927 0.00162175 0.00254417 0.999995 0.137322 0.0966197 -0.104759
FixedParameters: 0 0 0

#Transform 118
Transform: AffineTransform_float_3_3
Parameters: 0.999993 -0.00342398 -0.00162697 0.00342053 0.999992 -0.00195946 0.00163391 0.00195427 0.999997 0.143064 0.115585 -0.145284
FixedParameters: 0 0 0

#Transform 119
Transform: AffineTransform_float_3_3
Parameters: 0.999993 -0.0034556 -0.00145483 0.00345308 0.999991 -0.00230991 0.00146251 0.00230436 0.999996 0.143328 0.128958 -0.11963
FixedParameters: 0 0 0

#Transform 120
Transform: AffineTransform_float_3_3
Parameters: 0.999991 -0.00378728 -0.00183182 0.00378424 0.999991 -0.00157435 0.00183881 0.00156705 0.999997 0.162273 0.107717 -0.121642
FixedParameters: 0 0 0

#Transform 121
Transform: AffineTransform_float_3_3
Parameters: 0.999983 -0.004867 -0.00301474 0.00486188 0.999987 -0.00197173 0.00302402 0.0019571 0.999994 0.216859 0.338692 -0.394714
FixedParameters: 0 0 0

#Transform 122
Transform: AffineTransform_float_3_3
Parameters: 0.999984 -0.0050236 -0.00284011 0.00501338 0.999981 -0.00369045 0.00285866 0.00367621 0.999989 0.215866 0.278081 -0.329093
FixedParameters: 0 0 0

#Transform 123
Transform: AffineTransform_float_3_3
Parameters: 0.999982 -0.00503382 -0.00306969 0.00502644 0.999985 -0.00241868 0.00308127 0.00240317 0.999993 0.230948 0.167241 -0.265517
FixedParameters: 0 0 0

#Transform 124
Transform: AffineTransform_float_3_3
Parameters: 0.999987 -0.00438919 -0.00238104 0.00438876 0.999991 -0.000486891 0.0023831 0.000476553 0.999997 0.208789 0.119145 -0.253331
FixedParameters: 0 0 0

#Transform 125
Transform: AffineTransform_float_3_3
Parameters: 0.99999 -0.00383549 -0.00201068 0.0038319 0.999992 -0.0014353 0.00201575 0.00142721 0.999997 0.189339 0.117497 -0.181371
FixedParameters: 0 0 0

#Transform 126
Transform: AffineTransform_float_3_3
Parameters: 0.999992 -0.00379993 -0.00165468 0.00379839 0.999992 -0.00131316 0.00165985 0.00130632 0.999997 0.175934 0.141334 -0.186541
FixedParameters: 0 0 0

#Transform 127
Transform: AffineTransform_float_3_3
Parameters: 0.999993 -0.00365972 -0.00142774 0.00365831 0.999993 -0.00114487 0.00143184 0.00113931 0.999998 0.170852 0.138026 -0.170759
FixedParameters: 0 0 0

#Transform 128
Transform: AffineTransform_float_3_3
Parameters: 0.999992 -0.00363304 -0.00128124 0.0036315 0.999992 -0.00174444 0.00128761 0.0017394 0.999998 0.168071 0.128471 -0.150156
FixedParameters: 0 0 0

#Transform 129
Transform: AffineTransform_float_3_3
Parameters: 0.999993 -0.00344076 -0.00117198 0.00343829 0.999993 -0.00156284 0.0011774 0.00155903 0.999998 0.147748 0.162129 -0.170329
FixedParameters: 0 0 0

#Transform 130
Transform: AffineTransform_float_3_3
Parameters: 0.999993 -0.00326331 -0.00146683 0.00326088 0.999993 -0.00145052 0.00147179 0.0014456 0.999998 0.163016 0.107815 -0.138865
FixedParameters: 0 0 0

#Transform 131
Transform: AffineTransform_float_3_3
Parameters: 0.999995 -0.00303626 -0.00146171 0.00303488 0.999994 -0.0010339 0.00146493 0.00102924 0.999998 0.141099 0.105343 -0.152608
FixedParameters: 0 0 0

#Transform 132
Transform: AffineTransform_float_3_3
Parameters: 0.999995 -0.00242263 -0.00178196 0.00241965 0.999996 -0.00149242 0.00178531 0.00148778 0.999997 0.145451 0.100413 -0.117789
FixedParameters: 0 0 0

#Transform 133
Transform: AffineTransform_float_3_3
Parameters: 0.999996 -0.00238811 -0.00160672 0.00238367 0.999995 -0.00218405 0.00161183 0.00218028 0.999996 0.129469 0.110176 -0.119554
FixedParameters: 0 0 0

#Transform 134
Transform: AffineTransform_float_3_3
Parameters: 0.999996 -0.00253987 -0.00173249 0.0025345 0.999992 -0.00309802 0.00173986 0.00309391 0.999994 0.144218 0.131255 -0.105772
FixedParameters: 0 0 0

#Transform 135
Transform: AffineTransform_float_3_3
Parameters: 0.999995 -0.00289017 -0.00167249 0.00288522 0.999991 -0.00286426 0.00168139 0.00285896 0.999994 0.13907 0.110782 -0.0885911
FixedParameters: 0 0 0

#Transform 136
Transform: AffineTransform_float_3_3
Parameters: 0.999991 -0.00380719 -0.00179058 0.00380189 0.999989 -0.00291413 0.00180238 0.00290767 0.999994 0.160115 0.104024 -0.0809978
FixedParameters: 0 0 0

#Transform 137
Transform: AffineTransform_float_3_3
Parameters: 0.999991 -0.00380777 -0.00156724 0.00380296 0.999988 -0.00308179 0.00157804 0.00307602 0.999994 0.157714 0.0944909 -0.055959
FixedParameters: 0 0 0

#Transform 138
Transform: AffineTransform_float_3_3
Parameters: 0.999992 -0.00379886 -0.00131495 0.00379592 0.999988 -0.00289237 0.00132585 0.00288778 0.999995 0.145986 0.116645 -0.0908648
FixedParameters: 0 0 0

#Transform 139
Transform: AffineTransform_float_3_3
Parameters: 0.999993 -0.00346526 -0.00121466 0.00346161 0.999988 -0.0033168 0.00122628 0.0033127 0.999994 0.140086 0.122166 -0.0907257
FixedParameters: 0 0 0

#Transform 140
Transform: AffineTransform_float_3_3
Parameters: 0.99999 -0.00417029 -0.0017003 0.00416576 0.999987 -0.00274268 0.00171215 0.00273528 0.999995 0.177948 0.111746 -0.102994
FixedParameters: 0 0 0

#Transform 141
Transform: AffineTransform_float_3_3
Parameters: 0.999991 -0.0041289 -0.000975182 0.00412712 0.99999 -0.00207791 0.000983091 0.0020741 0.999997 0.16305 0.124728 -0.128005
FixedParameters: 0 0 0

#Transform 142
Transform: AffineTransform_float_3_3
Parameters: 0.999991 -0.00410574 -0.00120586 0.00410362 0.999988 -0.00254309 0.00121638 0.00253774 0.999996 0.163342 0.11848 -0.109316
FixedParameters: 0 0 0

#Transform 143
Transform: AffineTransform_float_3_3
Parameters: 0.999992 -0.00409555 -0.00105038 0.00409184 0.999987 -0.00320339 0.00106302 0.00319877 0.999994 0.161139 0.10869 -0.0867126
FixedParameters: 0 0 0

#Transform 144
Transform: AffineTransform_float_3_3
Parameters: 0.999992 -0.00392224 -0.00108687 0.00391819 0.999987 -0.003118 0.00109893 0.00311331 0.999995 0.150315 0.121219 -0.0894338
FixedParameters: 0 0 0

#Transform 145
Transform: AffineTransform_float_3_3
Parameters: 0.999992 -0.00401538 -0.0012513 0.0040128 0.99999 -0.00215242 0.00126016 0.00214754 0.999996 0.160642 0.11638 -0.100238
FixedParameters: 0 0 0

#Transform 146
Transform: AffineTransform_float_3_3
Parameters: 0.999991 -0.00419553 -0.00105769 0.00419336 0.999989 -0.00243824 0.00106831 0.00243359 0.999997 0.163753 0.110667 -0.0955118
FixedParameters: 0 0 0

#Transform 147
Transform: AffineTransform_float_3_3
Parameters: 0.99999 -0.00425273 -0.00118983 0.00424919 0.999986 -0.00325026 0.00120412 0.00324557 0.999994 0.156823 0.102074 -0.0845503
FixedParameters: 0 0 0

#Transform 148
Transform: AffineTransform_float_3_3
Parameters: 0.999991 -0.00405847 -0.00128649 0.00405544 0.999988 -0.0028065 0.00129746 0.00280106 0.999995 0.156121 0.111641 -0.104447
FixedParameters: 0 0 0

#Transform 149
Transform: AffineTransform_float_3_3
Parameters: 0.999991 -0.00396755 -0.00121222 0.00396475 0.999989 -0.0026854 0.00122295 0.0026817 0.999996 0.156247 0.105758 -0.0946675
FixedParameters: 0 0 0

#Transform 150
Transform: AffineTransform_float_3_3
Parameters: 0.999991 -0.00390894 -0.00124033 0.0039046 0.999988 -0.00303236 0.00125248 0.00302796 0.999995 0.157745 0.108354 -0.0969675
FixedParameters: 0 0 0

#Transform 151
Transform: AffineTransform_float_3_3
Parameters: 0.999992 -0.00372972 -0.00138818 0.0037256 0.999989 -0.00288475 0.0013991 0.00287925 0.999995 0.158703 0.126009 -0.110736
FixedParameters: 0 0 0

#Transform 152
Transform: AffineTransform_float_3_3
Parameters: 0.999992 -0.00378258 -0.00135607 0.00377779 0.999989 -0.00296793 0.00136709 0.00296214 0.999994 0.166353 0.101488 -0.0944893
FixedParameters: 0 0 0

#Transform 153
Transform: AffineTransform_float_3_3
Parameters: 0.999991 -0.00389378 -0.0015315 0.00388986 0.999989 -0.00241562 0.00154103 0.00241001 0.999996 0.171636 0.116853 -0.0969827
FixedParameters: 0 0 0

#Transform 154
Transform: AffineTransform_float_3_3
Parameters: 0.999992 -0.00393197 -0.00149265 0.00392694 0.999988 -0.00282159 0.00150334 0.00281601 0.999995 0.178726 0.11044 -0.0929691
FixedParameters: 0 0 0

#Transform 155
Transform: AffineTransform_float_3_3
Parameters: 0.999991 -0.0039483 -0.00144686 0.0039444 0.999989 -0.0025729 0.00145803 0.00256695 0.999996 0.177087 0.108454 -0.0926695
FixedParameters: 0 0 0

#Transform 156
Transform: AffineTransform_float_3_3
Parameters: 0.999991 -0.00410485 -0.00166929 0.00410066 0.999988 -0.00269022 0.00168036 0.0026833 0.999995 0.188754 0.0535653 -0.0129038
FixedParameters: 0 0 0

#Transform 157
Transform: AffineTransform_float_3_3
Parameters: 0.999991 -0.0042496 -0.000606749 0.00424782 0.999988 -0.00244636 0.000616633 0.00244357 0.999997 0.159297 0.087973 -0.0315072
FixedParameters: 0 0 0

#Transform 158
Transform: AffineTransform_float_3_3
Parameters: 0.999992 -0.00385781 -0.00100298 0.00385503 0.999988 -0.00300663 0.00101476 0.00300335 0.999995 0.159582 0.0829783 -0.0296972
FixedParameters: 0 0 0

#Transform 159
Transform: AffineTransform_float_3_3
Parameters: 0.999992 -0.00378048 -0.00123734 0.0037772 0.999989 -0.00285945 0.00124838 0.00285548 0.999995 0.163936 0.128159 -0.0842786
FixedParameters: 0 0 0

#Transform 160
Transform: AffineTransform_float_3_3
Parameters: 0.999993 -0.00352281 -0.00106579 0.00351885 0.999986 -0.00378948 0.00107884 0.00378527 0.999992 0.15381 0.130744 -0.0607468
FixedParameters: 0 0 0

#Transform 161
Transform: AffineTransform_float_3_3
Parameters: 0.999993 -0.00334932 -0.00170814 0.00334493 0.999991 -0.00270342 0.00171724 0.00269732 0.999995 0.173223 0.0983244 -0.077668
FixedParameters: 0 0 0

#Transform 162
Transform: AffineTransform_float_3_3
Parameters: 0.999993 -0.00319033 -0.00170442 0.0031863 0.999992 -0.00251455 0.00171281 0.00250857 0.999996 0.178471 0.0796931 -0.0576405
FixedParameters: 0 0 0

#Transform 163
Transform: AffineTransform_float_3_3
Parameters: 0.999993 -0.0032397 -0.00189796 0.00323699 0.999993 -0.00187871 0.001904 0.00187278 0.999996 0.181563 0.0626712 -0.0713279
FixedParameters: 0 0 0

#Transform 164
Transform: AffineTransform_float_3_3
Parameters: 0.999994 -0.00311024 -0.00191764 0.00310644 0.999993 -0.00212585 0.00192462 0.00211975 0.999996 0.178238 0.0523521 -0.0435956
FixedParameters: 0 0 0

#Transform 165
Transform: AffineTransform_float_3_3
Parameters: 0.999994 -0.00282222 -0.0019544 0.00281703 0.999993 -0.00242874 0.00196176 0.002423 0.999995 0.179659 0.075855 -0.0517802
FixedParameters: 0 0 0

#Transform 166
Transform: AffineTransform_float_3_3
Parameters: 0.999995 -0.00159353 -0.00278825 0.00158435 0.999992 -0.00355013 0.00279392 0.00354511 0.99999 0.184867 -0.0566474 0.0148637
FixedParameters: 0 0 0

#Transform 167
Transform: AffineTransform_float_3_3
Parameters: 0.999994 -0.00230109 -0.00250397 0.00229653 0.999996 -0.00186318 0.00250848 0.00185691 0.999995 0.166043 0.0540455 -0.0940546
FixedParameters: 0 0 0

#Transform 168
Transform: AffineTransform_float_3_3
Parameters: 0.999996 -0.00209506 -0.00185597 0.00209286 0.999997 -0.00136898 0.00185866 0.00136613 0.999997 0.146819 0.076047 -0.0976651
FixedParameters: 0 0 0

#Transform 169
Transform: AffineTransform_float_3_3
Parameters: 0.999996 -0.00210577 -0.00198805 0.00210378 0.999998 -0.000806305 0.0019895 0.000801999 0.999997 0.15455 0.0507784 -0.0798117
FixedParameters: 0 0 0

#Transform 170
Transform: AffineTransform_float_3_3
Parameters: 0.999996 -0.00245975 -0.00180129 0.00245897 0.999997 -0.000590686 0.00180235 0.000585897 0.999998 0.154994 0.0720192 -0.087517
FixedParameters: 0 0 0

#Transform 171
Transform: AffineTransform_float_3_3
Parameters: 0.999996 -0.00197225 -0.00204845 0.00196984 0.999998 -0.00111669 0.00205043 0.00111216 0.999997 0.158766 0.0461058 -0.0592179
FixedParameters: 0 0 0

#Transform 172
Transform: AffineTransform_float_3_3
Parameters: 0.999996 -0.00214239 -0.00195421 0.00214005 0.999998 -0.00111491 0.00195643 0.00111145 0.999998 0.158448 0.0445433 -0.0698095
FixedParameters: 0 0 0

#Transform 173
Transform: AffineTransform_float_3_3
Parameters: 0.999995 -0.00226743 -0.00186968 0.00226439 0.999996 -0.00145735 0.00187238 0.00145371 0.999997 0.167503 0.0395223 -0.0554913
FixedParameters: 0 0 0

#Transform 174
Transform: AffineTransform_float_3_3
Parameters: 0.999995 -0.00227455 -0.00187648 0.00227287 0.999997 -0.00121456 0.00187896 0.00121095 0.999998 0.167373 0.0405638 -0.0655925
FixedParameters: 0 0 0

#Transform 175
Transform: AffineTransform_float_3_3
Parameters: 0.999995 -0.00222942 -0.00189409 0.00222667 0.999996 -0.00138234 0.00189634 0.0013782 0.999998 0.168841 0.025155 -0.045543
FixedParameters: 0 0 0

#Transform 176
Transform: AffineTransform_float_3_3
Parameters: 0.999996 -0.00227828 -0.00196839 0.00227411 0.999996 -0.00209272 0.00197307 0.00208776 0.999996 0.174529 0.0123599 -0.019502
FixedParameters: 0 0 0

#Transform 177
Transform: AffineTransform_float_3_3
Parameters: 0.999996 -0.00220919 -0.00189543 0.00220544 0.999997 -0.00160689 0.00189865 0.00160251 0.999997 0.174204 0.0499745 -0.0529119
FixedParameters: 0 0 0

#Transform 178
Transform: AffineTransform_float_3_3
Parameters: 0.999995 -0.00223199 -0.00187499 0.00222859 0.999996 -0.00178277 0.00187858 0.00177786 0.999997 0.171213 0.0324197 -0.0388923
FixedParameters: 0 0 0

#Transform 179
Transform: AffineTransform_float_3_3
Parameters: 0.999995 -0.00231278 -0.0018315 0.00230966 0.999995 -0.00175078 0.00183523 0.00174578 0.999997 0.163942 0.0412479 -0.0599447
FixedParameters: 0 0 0

#Transform 180
Transform: AffineTransform_float_3_3
Parameters: 0.999997 -0.00209979 -0.00165064 0.00209696 0.999997 -0.00134344 0.00165299 0.0013405 0.999997 0.154954 0.0559433 -0.0455548
FixedParameters: 0 0 0

#Transform 181
Transform: AffineTransform_float_3_3
Parameters: 0.999997 -0.00186952 -0.00192988 0.00186608 0.999996 -0.00188657 0.00193343 0.00188238 0.999996 0.171373 0.0269235 -0.0244958
FixedParameters: 0 0 0

#Transform 182
Transform: AffineTransform_float_3_3
Parameters: 0.999997 -0.00199982 -0.00185068 0.00199782 0.999997 -0.00136217 0.00185321 0.00135832 0.999997 0.156379 0.0449926 -0.0661341
FixedParameters: 0 0 0

#Transform 183
Transform: AffineTransform_float_3_3
Parameters: 0.999997 -0.0019117 -0.00160018 0.00190978 0.999998 -0.000857954 0.0016029 0.000854597 0.999998 0.155827 0.0397854 -0.0552891
FixedParameters: 0 0 0

#Transform 184
Transform: AffineTransform_float_3_3
Parameters: 0.999997 -0.0017953 -0.00155874 0.00179319 0.999996 -0.00163058 0.00156158 0.00162799 0.999998 0.15504 0.0385912 -0.0441962
FixedParameters: 0 0 0

#Transform 185
Transform: AffineTransform_float_3_3
Parameters: 0.999997 -0.00187019 -0.00162366 0.00186691 0.999997 -0.00173381 0.00162631 0.00173035 0.999997 0.159153 0.0223903 -0.0322517
FixedParameters: 0 0 0

#Transform 186
Transform: AffineTransform_float_3_3
Parameters: 0.999997 -0.00163677 -0.00168265 0.00163581 0.999998 -0.000808972 0.00168423 0.000807081 0.999998 0.154108 0.0269088 -0.0287341
FixedParameters: 0 0 0

#Transform 187
Transform: AffineTransform_float_3_3
Parameters: 0.999997 -0.00166188 -0.00164671 0.00165974 0.999998 -0.00131232 0.00164868 0.00130901 0.999998 0.147066 0.0199512 -0.00721273
FixedParameters: 0 0 0

#Transform 188
Transform: AffineTransform_float_3_3
Parameters: 0.999998 -0.00145688 -0.00167029 0.0014543 0.999998 -0.00130752 0.00167306 0.00130489 0.999998 0.141561 0.0248803 -0.033632
FixedParameters: 0 0 0

#Transform 189
Transform: AffineTransform_float_3_3
Parameters: 0.999998 -0.00140343 -0.00154363 0.00140276 0.999998 -0.000797096 0.00154483 0.000795003 0.999998 0.146406 0.0332683 -0.0453223
FixedParameters: 0 0 0
