#Insight Transform File V1.0
#Transform 0
Transform: AffineTransform_float_3_3
Parameters: 0.999998 0.00151874 0.00109432 -0.00152116 0.999996 0.00234154 -0.00109023 -0.00234355 0.999997 -0.090716 -0.0730438 0.0180387
FixedParameters: 0 0 0

#Transform 1
Transform: AffineTransform_float_3_3
Parameters: 0.999999 0.00147446 0.000933462 -0.00147547 0.999997 0.00202147 -0.000930425 -0.00202237 0.999997 -0.0863166 -0.0600054 0.0100732
FixedParameters: 0 0 0

#Transform 2
Transform: AffineTransform_float_3_3
Parameters: 0.999999 0.00159337 0.000834112 -0.00159507 0.999996 0.00236527 -0.000830462 -0.00236669 0.999997 -0.0834892 -0.0491262 0.000772751
FixedParameters: 0 0 0

#Transform 3
Transform: AffineTransform_float_3_3
Parameters: 0.999998 0.00153884 0.000685458 -0.00154034 0.999997 0.0020483 -0.000682522 -0.00205003 0.999998 -0.0784898 -0.0434783 -0.0208352
FixedParameters: 0 0 0

#Transform 4
Transform: AffineTransform_float_3_3
Parameters: 0.999998 0.00146087 0.000730544 -0.00146242 0.999997 0.00199744 -0.000728114 -0.00199835 0.999998 -0.0814937 -0.0353507 -0.0106911
FixedParameters: 0 0 0

#Transform 5
Transform: AffineTransform_float_3_3
Parameters: 0.999999 0.00125189 0.000569618 -0.00125295 0.999998 0.00185278 -0.000566903 -0.00185375 0.999998 -0.072183 -0.0274839 -0.0211714
FixedParameters: 0 0 0

#Transform 6
Transform: AffineTransform_float_3_3
Parameters: 0.999999 0.00121954 0.000547643 -0.00122001 0.999998 0.00144086 -0.000546092 -0.00144089 0.999999 -0.0643597 -0.0207539 -0.00685482
FixedParameters: 0 0 0

#Transform 7
Transform: AffineTransform_float_3_3
Parameters: 0.999999 0.00119034 0.000608136 -0.00119119 0.999998 0.00160799 -0.00060627 -0.00160814 0.999998 -0.0655689 -0.019769 -0.0184479
FixedParameters: 0 0 0

#Transform 8
Transform: AffineTransform_float_3_3
Parameters: 0.999999 0.00121421 0.000405096 -0.00121515 0.999998 0.00144938 -0.000403055 -0.00144907 0.999999 -0.054908 -0.00617295 -0.0209996
FixedParameters: 0 0 0

#Transform 9
Transform: AffineTransform_float_3_3
Parameters: 0.999999 0.0011227 0.000557941 -0.00112357 0.999998 0.00113701 -0.000556736 -0.00113834 0.999999 -0.0573568 0.00484484 -0.0191356
FixedParameters: 0 0 0

#Transform 10
Transform: AffineTransform_float_3_3
Parameters: 0.999999 0.00112083 0.00056369 -0.00112174 0.999999 0.00107906 -0.000562616 -0.00107986 0.999999 -0.0489638 -0.0153383 -0.00582535
FixedParameters: 0 0 0

#Transform 11
Transform: AffineTransform_float_3_3
Parameters: 0.999999 0.0009092 0.000820659 -0.000909436 0.999999 0.000713419 -0.000819881 -0.000714056 1 -0.0521846 0.000304917 -0.0108561
FixedParameters: 0 0 0

#Transform 12
Transform: AffineTransform_float_3_3
Parameters: 1 0.00064537 0.000926206 -0.000644883 0.999999 -0.00069638 -0.000926656 0.000696022 0.999999 -0.0456202 0.0219829 -0.0148047
FixedParameters: 0 0 0

#Transform 13
Transform: AffineTransform_float_3_3
Parameters: 0.999999 0.000595329 0.000840232 -0.000594531 0.999999 -0.00103504 -0.000841112 0.00103487 0.999999 -0.0337207 0.0163173 -0.000134052
FixedParameters: 0 0 0

#Transform 14
Transform: AffineTransform_float_3_3
Parameters: 0.999999 0.000218347 0.000956505 -0.000217458 1 -0.000502599 -0.000956857 0.000503022 1 -0.027942 0.0503205 -0.0239654
FixedParameters: 0 0 0

#Transform 15
Transform: AffineTransform_float_3_3
Parameters: 1 0.000252552 0.000546347 -0.000252756 1 -0.000608533 -0.000546171 0.000608249 0.999999 -0.0230593 0.018766 -0.0314972
FixedParameters: 0 0 0

#Transform 16
Transform: AffineTransform_float_3_3
Parameters: 1 3.97442e-05 0.000657588 -3.91473e-05 1 -0.000453846 -0.000657623 0.000453794 0.999999 -0.00520705 0.0296918 -0.00944156
FixedParameters: 0 0 0

#Transform 17
Transform: AffineTransform_float_3_3
Parameters: 1 0.000173637 0.000325142 -0.000173213 1 0.000683646 -0.000325389 -0.00068375 0.999999 -0.0237978 0.029827 -0.0330209
FixedParameters: 0 0 0

#Transform 18
Transform: AffineTransform_float_3_3
Parameters: 0.999999 0.000763107 0.000266462 -0.000763612 0.999999 -0.000680906 -0.000267018 0.00068049 0.999999 0.0013682 -0.0223311 0.00695401
FixedParameters: 0 0 0

#Transform 19
Transform: AffineTransform_float_3_3
Parameters: 0.999999 -0.000304594 0.000857822 0.000304319 0.999999 0.000715396 -0.000858745 -0.000715397 0.999999 -0.0286624 0.0257269 -0.0414752
FixedParameters: 0 0 0

#Transform 20
Transform: AffineTransform_float_3_3
Parameters: 0.999999 0.000779493 0.000202081 -0.000779351 0.999999 0.000625533 -0.000202457 -0.000625924 1 -0.00309582 -0.0333038 0.00261056
FixedParameters: 0 0 0

#Transform 21
Transform: AffineTransform_float_3_3
Parameters: 0.999999 -0.000312114 0.00085745 0.000312612 1 -0.000566129 -0.000857963 0.000566581 0.999999 -0.0169204 0.0470836 -0.0194122
FixedParameters: 0 0 0

#Transform 22
Transform: AffineTransform_float_3_3
Parameters: 0.999999 0.000627691 -0.000335927 -0.000628073 0.999999 -0.000569423 0.000335212 0.000569844 1 0.00483332 -0.0491646 0.033322
FixedParameters: 0 0 0

#Transform 23
Transform: AffineTransform_float_3_3
Parameters: 1 0.000598245 -0.00013091 -0.000597691 0.999999 0.00113318 0.000130818 -0.0011331 1 -0.0140855 -0.0142571 -0.00490575
FixedParameters: 0 0 0

#Transform 24
Transform: AffineTransform_float_3_3
Parameters: 1 0.000534868 -4.61239e-05 -0.000535448 1 0.00125222 4.65046e-05 -0.00125172 0.999999 -0.0166961 -0.0385344 0.0165703
FixedParameters: 0 0 0

#Transform 25
Transform: AffineTransform_float_3_3
Parameters: 0.999999 0.000792215 -0.000560995 -0.000791692 1 0.000523698 0.000561861 -0.000523655 1 -0.000565244 -0.0429182 0.0248388
FixedParameters: 0 0 0

#Transform 26
Transform: AffineTransform_float_3_3
Parameters: 0.999999 0.000739986 -0.000538086 -0.000739573 0.999999 0.000884022 0.000538563 -0.000884156 0.999999 -0.0169159 -0.0409597 0.00155152
FixedParameters: 0 0 0

#Transform 27
Transform: AffineTransform_float_3_3
Parameters: 0.999997 0.00183983 -0.00166507 -0.00184114 0.999997 -0.0010548 0.00166282 0.00105752 0.999998 -0.0241323 -0.0411185 0.0454683
FixedParameters: 0 0 0

#Transform 28
Transform: AffineTransform_float_3_3
Parameters: 0.999995 0.00242974 -0.00230398 -0.00242975 0.999997 0.000128305 0.00230496 -0.000122984 0.999997 0.000420657 -0.109936 0.07715
FixedParameters: 0 0 0

#Transform 29
Transform: AffineTransform_float_3_3
Parameters: 0.999994 0.00248407 -0.00218854 -0.00248382 0.999997 0.000352072 0.00218968 -0.000346633 0.999997 -0.0190772 -0.0346877 0.0456307
FixedParameters: 0 0 0

#Transform 30
Transform: AffineTransform_float_3_3
Parameters: 0.999996 0.00191563 -0.00179471 -0.00191521 0.999998 0.000274472 0.00179442 -0.000271346 0.999998 -0.0158084 -0.0621413 0.0544134
FixedParameters: 0 0 0

#Transform 31
Transform: AffineTransform_float_3_3
Parameters: 0.999997 0.00176386 -0.00179495 -0.00176367 0.999998 0.000319645 0.00179608 -0.000316986 0.999998 -0.00479695 -0.0835423 0.0574011
FixedParameters: 0 0 0

#Transform 32
Transform: AffineTransform_float_3_3
Parameters: 0.999999 0.0011278 -0.00154136 -0.00112653 0.999999 0.000951364 0.00154238 -0.000949435 0.999998 0.00012469 -0.0444026 0.0473261
FixedParameters: 0 0 0

#Transform 33
Transform: AffineTransform_float_3_3
Parameters: 0.999999 0.00108425 -0.00148712 -0.00108398 0.999999 0.000466821 0.00148784 -0.000464214 0.999999 -0.00178884 -0.035515 0.0430581
FixedParameters: 0 0 0

#Transform 34
Transform: AffineTransform_float_3_3
Parameters: 0.999999 0.00108633 -0.0013847 -0.0010869 0.999999 0.000174263 0.00138492 -0.00017271 0.999999 -0.0128643 -0.100905 0.0876761
FixedParameters: 0 0 0

#Transform 35
Transform: AffineTransform_float_3_3
Parameters: 0.999999 0.00113212 -0.00148236 -0.00113104 0.999999 0.000264828 0.00148318 -0.000262837 0.999998 0.00360367 -0.0660191 0.0511686
FixedParameters: 0 0 0

#Transform 36
Transform: AffineTransform_float_3_3
Parameters: 0.999998 0.00163673 -0.00137671 -0.00163645 0.999998 0.000872601 0.00137774 -0.00087141 0.999998 -0.0112825 -0.0857295 0.044035
FixedParameters: 0 0 0

#Transform 37
Transform: AffineTransform_float_3_3
Parameters: 0.999998 0.00135625 -0.00123797 -0.00135463 0.999998 0.00162471 0.00124019 -0.001623 0.999998 -0.00939118 -0.099857 0.0471817
FixedParameters: 0 0 0

#Transform 38
Transform: AffineTransform_float_3_3
Parameters: 0.999998 0.00136715 -0.00145861 -0.00136541 0.999999 0.000867556 0.00145937 -0.000865108 0.999999 0.00494169 -0.101989 0.0751808
FixedParameters: 0 0 0

#Transform 39
Transform: AffineTransform_float_3_3
Parameters: 0.999998 0.00102362 -0.00136967 -0.00102311 0.999999 0.000841589 0.00137017 -0.000840339 0.999999 0.000750101 -0.0683802 0.0486225
FixedParameters: 0 0 0

#Transform 40
Transform: AffineTransform_float_3_3
Parameters: 0.999999 0.000913 -0.00117662 -0.000910528 0.999999 0.00124351 0.00117805 -0.00124283 0.999999 0.00044252 -0.0562085 0.0458754
FixedParameters: 0 0 0

#Transform 41
Transform: AffineTransform_float_3_3
Parameters: 0.999999 0.000656316 -0.00123162 -0.000655146 1 0.00066794 0.00123163 -0.000666409 0.999999 0.0122325 -0.0672244 0.0582604
FixedParameters: 0 0 0

#Transform 42
Transform: AffineTransform_float_3_3
Parameters: 1 0.000480829 -0.00116653 -0.000480154 1 0.000828459 0.00116694 -0.000827962 0.999999 0.00871463 -0.0684208 0.0487863
FixedParameters: 0 0 0

#Transform 43
Transform: AffineTransform_float_3_3
Parameters: 1 0.000470348 -0.000992105 -0.000469209 0.999999 0.00125027 0.000992896 -0.00124943 0.999998 0.000851098 -0.0665727 0.0574668
FixedParameters: 0 0 0

#Transform 44
Transform: AffineTransform_float_3_3
Parameters: 0.999999 0.000685967 -0.00112261 -0.000685088 1 0.000321641 0.00112318 -0.000321472 0.999999 0.0135622 -0.0907141 0.0838844
FixedParameters: 0 0 0

#Transform 45
Transform: AffineTransform_float_3_3
Parameters: 1 0.000293704 -0.00109432 -0.000293696 1 0.000617267 0.0010943 -0.000616717 0.999999 0.00705712 -0.0630603 0.0686773
FixedParameters: 0 0 0

#Transform 46
Transform: AffineTransform_float_3_3
Parameters: 0.999999 0.000254413 -0.00124518 -0.000254069 1 0.000643007 0.00124512 -0.000642998 0.999999 0.0199864 -0.0931798 0.0826569
FixedParameters: 0 0 0

#Transform 47
Transform: AffineTransform_float_3_3
Parameters: 0.999999 0.000351702 -0.00141334 -0.000350578 1 0.00053546 0.00141285 -0.000535083 0.999999 0.0289977 -0.12027 0.094708
FixedParameters: 0 0 0

#Transform 48
Transform: AffineTransform_float_3_3
Parameters: 0.999999 -5.27853e-07 -0.00103413 1.16063e-06 1 0.000980879 0.00103365 -0.000981512 0.999999 0.0084687 -0.0781157 0.0803259
FixedParameters: 0 0 0

#Transform 49
Transform: AffineTransform_float_3_3
Parameters: 0.999999 2.17284e-05 -0.000939508 -2.14614e-05 1 0.000643384 0.000939887 -0.000642512 0.999999 0.0142696 -0.0880493 0.105634
FixedParameters: 0 0 0

#Transform 50
Transform: AffineTransform_float_3_3
Parameters: 0.999999 8.81483e-05 -0.00131019 -8.652e-05 0.999999 0.00146067 0.00131041 -0.00146023 0.999998 0.0170853 -0.086634 0.0722167
FixedParameters: 0 0 0

#Transform 51
Transform: AffineTransform_float_3_3
Parameters: 0.999999 0.000221711 -0.000957349 -0.000220327 0.999998 0.00202117 0.000958151 -0.00202086 0.999997 0.0012033 -0.0871857 0.0652078
FixedParameters: 0 0 0

#Transform 52
Transform: AffineTransform_float_3_3
Parameters: 1 0.0001004 -0.00114032 -9.81106e-05 0.999998 0.00206583 0.0011406 -0.00206487 0.999997 0.00852198 -0.102114 0.0808917
FixedParameters: 0 0 0

#Transform 53
Transform: AffineTransform_float_3_3
Parameters: 0.999999 0.000137673 -0.00140695 -0.000135692 0.999999 0.00150838 0.00140736 -0.00150864 0.999998 0.0184049 -0.114271 0.0859155
FixedParameters: 0 0 0

#Transform 54
Transform: AffineTransform_float_3_3
Parameters: 0.999999 4.5297e-05 -0.00132795 -4.22339e-05 0.999998 0.00203353 0.001328 -0.00203322 0.999997 0.0214755 -0.0813353 0.0558509
FixedParameters: 0 0 0

#Transform 55
Transform: AffineTransform_float_3_3
Parameters: 1 -4.04037e-05 -0.0012552 4.26804e-05 0.999999 0.00161971 0.00125593 -0.00162037 0.999998 0.0273108 -0.0896954 0.0717231
FixedParameters: 0 0 0

#Transform 56
Transform: AffineTransform_float_3_3
Parameters: 1 -0.00031472 -0.00121665 0.000316466 0.999998 0.00187539 0.00121669 -0.00187535 0.999998 0.0301833 -0.0948864 0.0581788
FixedParameters: 0 0 0

#Transform 57
Transform: AffineTransform_float_3_3
Parameters: 0.999999 -0.000500864 -0.00141187 0.000502087 0.999998 0.00151942 0.00141079 -0.00152063 0.999998 0.0395303 -0.0926119 0.0630379
FixedParameters: 0 0 0

#Transform 58
Transform: AffineTransform_float_3_3
Parameters: 0.999999 -0.000725828 -0.00133936 0.000729207 0.999998 0.00181198 0.00133833 -0.00181303 0.999998 0.0366761 -0.0937143 0.0591859
FixedParameters: 0 0 0

#Transform 59
Transform: AffineTransform_float_3_3
Parameters: 0.999999 -0.000749419 -0.0013895 0.000750957 0.999999 0.00123518 0.00138848 -0.00123591 0.999998 0.0498249 -0.0908527 0.0707389
FixedParameters: 0 0 0

#Transform 60
Transform: AffineTransform_float_3_3
Parameters: 0.999999 -0.000470813 -0.00119652 0.000472769 0.999998 0.00157409 0.00119587 -0.00157439 0.999998 0.0394595 -0.0750069 0.0447856
FixedParameters: 0 0 0

#Transform 61
Transform: AffineTransform_float_3_3
Parameters: 0.999999 -0.00057355 -0.00116191 0.000575414 0.999998 0.00158138 0.00116093 -0.00158189 0.999998 0.0398153 -0.0804192 0.0503945
FixedParameters: 0 0 0

#Transform 62
Transform: AffineTransform_float_3_3
Parameters: 0.999999 -0.000689764 -0.00141047 0.000691481 0.999999 0.00125021 0.00140958 -0.00125133 0.999998 0.0512354 -0.0771958 0.0465253
FixedParameters: 0 0 0

#Transform 63
Transform: AffineTransform_float_3_3
Parameters: 0.999999 -0.000772888 -0.00125896 0.000774979 0.999998 0.00158374 0.00125735 -0.00158433 0.999997 0.0510516 -0.0577984 0.0230142
FixedParameters: 0 0 0

#Transform 64
Transform: AffineTransform_float_3_3
Parameters: 0.999998 -0.000350397 -0.00165027 0.000350164 1 0.000146771 0.00165061 -0.000147622 0.999998 0.0602436 -0.0898669 0.0712523
FixedParameters: 0 0 0

#Transform 65
Transform: AffineTransform_float_3_3
Parameters: 0.999999 6.62579e-05 -0.00152273 -6.30931e-05 0.999998 0.00196276 0.00152198 -0.00196244 0.999997 0.0417164 -0.0446417 0.0184646
FixedParameters: 0 0 0

#Transform 66
Transform: AffineTransform_float_3_3
Parameters: 0.999999 0.000335041 -0.0014331 -0.000330559 0.999996 0.0029954 0.00143442 -0.00299467 0.999994 0.0244645 -0.0636498 0.0219777
FixedParameters: 0 0 0

#Transform 67
Transform: AffineTransform_float_3_3
Parameters: 0.999999 0.000476904 -0.00137769 -0.000473737 0.999996 0.00272981 0.00137885 -0.00272933 0.999995 0.0153654 -0.0655602 0.0340397
FixedParameters: 0 0 0

#Transform 68
Transform: AffineTransform_float_3_3
Parameters: 0.999999 0.000315094 -0.00152594 -0.000311587 0.999997 0.00242108 0.00152688 -0.00242087 0.999996 0.0245524 -0.107877 0.0758999
FixedParameters: 0 0 0

#Transform 69
Transform: AffineTransform_float_3_3
Parameters: 0.999999 0.000165712 -0.00145718 -0.000161771 0.999996 0.00273918 0.00145737 -0.00273808 0.999995 0.0309827 -0.0842189 0.0409041
FixedParameters: 0 0 0

#Transform 70
Transform: AffineTransform_float_3_3
Parameters: 0.999999 8.34548e-05 -0.00141226 -7.92651e-05 0.999996 0.00274621 0.00141287 -0.00274527 0.999995 0.0293129 -0.0827587 0.0312896
FixedParameters: 0 0 0

#Transform 71
Transform: AffineTransform_float_3_3
Parameters: 0.999999 0.000291454 -0.00150846 -0.00028821 0.999997 0.00231602 0.00150932 -0.00231588 0.999996 0.0277334 -0.0859056 0.036952
FixedParameters: 0 0 0

#Transform 72
Transform: AffineTransform_float_3_3
Parameters: 0.999998 -0.000157697 -0.00165476 0.000160228 0.999999 0.0017332 0.00165456 -0.00173353 0.999997 0.0399619 -0.0855344 0.0350473
FixedParameters: 0 0 0

#Transform 73
Transform: AffineTransform_float_3_3
Parameters: 0.999999 -8.81263e-05 -0.00137393 9.05196e-05 0.999999 0.00172583 0.00137363 -0.00172618 0.999997 0.0277689 -0.0730657 0.0420574
FixedParameters: 0 0 0

#Transform 74
Transform: AffineTransform_float_3_3
Parameters: 0.999999 -0.000191292 -0.00131883 0.000193362 0.999999 0.00147102 0.0013191 -0.00147071 0.999998 0.0246638 -0.0709109 0.0620458
FixedParameters: 0 0 0

#Transform 75
Transform: AffineTransform_float_3_3
Parameters: 0.999999 -0.000128632 -0.00125311 0.000131222 0.999998 0.00174747 0.00125353 -0.00174835 0.999998 0.0256297 -0.0563765 0.0301836
FixedParameters: 0 0 0

#Transform 76
Transform: AffineTransform_float_3_3
Parameters: 1 -0.000207962 -0.00119787 0.000210642 0.999999 0.00147653 0.0011976 -0.00147673 0.999999 0.0211655 -0.0659205 0.0523742
FixedParameters: 0 0 0

#Transform 77
Transform: AffineTransform_float_3_3
Parameters: 0.999999 3.37332e-05 -0.00133951 -3.15109e-05 0.999999 0.00167455 0.00133962 -0.0016751 0.999998 0.0246166 -0.0637135 0.0266137
FixedParameters: 0 0 0

#Transform 78
Transform: AffineTransform_float_3_3
Parameters: 0.999999 -1.89233e-05 -0.00130983 2.09198e-05 0.999999 0.00165879 0.00130977 -0.00165895 0.999998 0.0208815 -0.0547837 0.0179163
FixedParameters: 0 0 0

#Transform 79
Transform: AffineTransform_float_3_3
Parameters: 0.999999 0.000145375 -0.00144467 -0.000143899 0.999999 0.00127197 0.00144501 -0.00127135 0.999998 0.0302825 -0.0609299 0.0370755
FixedParameters: 0 0 0

#Transform 80
Transform: AffineTransform_float_3_3
Parameters: 0.999998 0.000538525 -0.00159853 -0.000535967 0.999999 0.00121393 0.00159948 -0.00121369 0.999998 0.0145723 -0.0975295 0.0511471
FixedParameters: 0 0 0

#Transform 81
Transform: AffineTransform_float_3_3
Parameters: 0.999998 0.000815814 -0.00161651 -0.00081205 0.999998 0.0017627 0.00161807 -0.00176163 0.999997 0.00755765 -0.109724 0.0535532
FixedParameters: 0 0 0

#Transform 82
Transform: AffineTransform_float_3_3
Parameters: 0.999999 0.000602833 -0.00125101 -0.000601007 0.999999 0.00151109 0.00125148 -0.00150977 0.999998 0.00538281 -0.0219298 0.0206217
FixedParameters: 0 0 0

#Transform 83
Transform: AffineTransform_float_3_3
Parameters: 0.999999 0.000314086 -0.00181122 -0.000313712 1 0.000652047 0.00181182 -0.000651536 0.999998 0.0337432 -0.0446703 0.0270174
FixedParameters: 0 0 0

#Transform 84
Transform: AffineTransform_float_3_3
Parameters: 0.999999 0.000221881 -0.00173895 -0.000221094 1 0.000661391 0.00174031 -0.000661163 0.999998 0.0276981 -0.0589779 0.0287095
FixedParameters: 0 0 0

#Transform 85
Transform: AffineTransform_float_3_3
Parameters: 0.999999 0.000434683 -0.00129292 -0.000433385 0.999999 0.000988485 0.00129339 -0.000987986 0.999999 0.00873895 -0.0601873 0.0427018
FixedParameters: 0 0 0

#Transform 86
Transform: AffineTransform_float_3_3
Parameters: 0.999998 0.000436 -0.00159879 -0.000435921 1 -1.2177e-06 0.00159879 2.08012e-06 0.999999 0.0288127 -0.0833708 0.0690311
FixedParameters: 0 0 0

#Transform 87
Transform: AffineTransform_float_3_3
Parameters: 0.999998 0.000393901 -0.00167176 -0.000392536 0.999999 0.00118254 0.00167178 -0.00118163 0.999998 0.0156898 -0.059224 0.0139046
FixedParameters: 0 0 0

#Transform 88
Transform: AffineTransform_float_3_3
Parameters: 0.999998 0.000264773 -0.00178321 -0.000262529 0.999999 0.00139697 0.00178308 -0.00139675 0.999997 0.0357228 -0.0704343 0.0405364
FixedParameters: 0 0 0

#Transform 89
Transform: AffineTransform_float_3_3
Parameters: 0.999999 0.000197044 -0.00179851 -0.000195196 0.999999 0.000801186 0.00179853 -0.00080163 0.999998 0.0421651 -0.077317 0.0460368
FixedParameters: 0 0 0

#Transform 90
Transform: AffineTransform_float_3_3
Parameters: 0.999998 -5.85752e-05 -0.00178682 6.09028e-05 0.999999 0.00126673 0.00178663 -0.00126673 0.999997 0.0464192 -0.0548385 0.0208255
FixedParameters: 0 0 0

#Transform 91
Transform: AffineTransform_float_3_3
Parameters: 0.999998 -9.06264e-05 -0.00166362 9.22515e-05 0.999999 0.00114936 0.00166337 -0.00114945 0.999998 0.0419239 -0.0626682 0.028588
FixedParameters: 0 0 0

#Transform 92
Transform: AffineTransform_float_3_3
Parameters: 0.999998 -0.000337083 -0.00157126 0.000338815 1 0.001127 0.00157133 -0.00112724 0.999998 0.040333 -0.0658018 0.0306234
FixedParameters: 0 0 0

#Transform 93
Transform: AffineTransform_float_3_3
Parameters: 0.999999 -7.60167e-06 -0.00157039 9.68704e-06 0.999999 0.00121322 0.0015712 -0.00121295 0.999998 0.039358 -0.0492745 0.0259002
FixedParameters: 0 0 0

#Transform 94
Transform: AffineTransform_float_3_3
Parameters: 0.999998 -9.03992e-05 -0.00160251 9.22994e-05 1 0.000837092 0.00160283 -0.000837925 0.999998 0.0444743 -0.0672718 0.040702
FixedParameters: 0 0 0

#Transform 95
Transform: AffineTransform_float_3_3
Parameters: 0.999999 -0.000334721 -0.00140983 0.000336526 0.999999 0.00125185 0.00140982 -0.0012525 0.999999 0.0499244 -0.0528939 0.0280094
FixedParameters: 0 0 0

#Transform 96
Transform: AffineTransform_float_3_3
Parameters: 0.999999 -7.30184e-05 -0.00158882 7.53016e-05 1 0.000988208 0.00158902 -0.000988144 0.999999 0.0432778 -0.0721018 0.0409232
FixedParameters: 0 0 0

#Transform 97
Transform: AffineTransform_float_3_3
Parameters: 0.999999 3.23075e-05 -0.00145006 -3.07164e-05 0.999999 0.00130702 0.00145011 -0.00130673 0.999998 0.0353927 -0.0587724 0.0265216
FixedParameters: 0 0 0

#Transform 98
Transform: AffineTransform_float_3_3
Parameters: 0.999999 0.000100272 -0.00144923 -9.86511e-05 1 0.00102224 0.00144905 -0.00102205 0.999998 0.0335833 -0.0679544 0.0399478
FixedParameters: 0 0 0

#Transform 99
Transform: AffineTransform_float_3_3
Parameters: 0.999998 0.000214615 -0.00165897 -0.000213415 0.999999 0.00100249 0.00165949 -0.00100241 0.999998 0.0392379 -0.0839125 0.0427575
FixedParameters: 0 0 0

#Transform 100
Transform: AffineTransform_float_3_3
Parameters: 0.999999 0.000656374 -0.00146095 -0.000653435 0.999998 0.00164585 0.00146176 -0.00164465 0.999998 0.0188129 -0.0547995 0.0264743
FixedParameters: 0 0 0

#Transform 101
Transform: AffineTransform_float_3_3
Parameters: 0.999999 0.00065814 -0.00142484 -0.000655905 0.999999 0.00144051 0.00142538 -0.00143936 0.999998 0.0191949 -0.0804737 0.0447249
FixedParameters: 0 0 0

#Transform 102
Transform: AffineTransform_float_3_3
Parameters: 0.999998 0.00047328 -0.00175998 -0.000471 0.999999 0.00142597 0.00176046 -0.00142503 0.999997 0.0267881 -0.0719877 0.0345801
FixedParameters: 0 0 0

#Transform 103
Transform: AffineTransform_float_3_3
Parameters: 0.999998 0.000473328 -0.00164309 -0.000470165 0.999997 0.00207558 0.00164457 -0.0020753 0.999997 0.0211473 -0.0571132 0.0312372
FixedParameters: 0 0 0

#Transform 104
Transform: AffineTransform_float_3_3
Parameters: 0.999998 0.000405965 -0.00195968 -0.000402034 0.999998 0.00190125 0.00196083 -0.00190093 0.999996 0.0387483 -0.064077 0.0361305
FixedParameters: 0 0 0

#Transform 105
Transform: AffineTransform_float_3_3
Parameters: 0.999998 0.000362091 -0.00201628 -0.000357602 0.999998 0.0017553 0.00201664 -0.00175426 0.999996 0.037315 -0.0775612 0.040365
FixedParameters: 0 0 0

#Transform 106
Transform: AffineTransform_float_3_3
Parameters: 0.999998 0.000347465 -0.00174859 -0.00034443 0.999998 0.00193844 0.00174945 -0.00193797 0.999997 0.0320358 -0.0600894 0.0255594
FixedParameters: 0 0 0

#Transform 107
Transform: AffineTransform_float_3_3
Parameters: 0.999998 0.000401639 -0.00164496 -0.000398513 0.999998 0.00177919 0.00164538 -0.00177829 0.999998 0.0287558 -0.0690395 0.0545341
FixedParameters: 0 0 0

#Transform 108
Transform: AffineTransform_float_3_3
Parameters: 0.999998 0.000626547 -0.00203005 -0.000622604 0.999999 0.00174161 0.00203049 -0.00174042 0.999997 0.042141 -0.0808269 0.0337135
FixedParameters: 0 0 0

#Transform 109
Transform: AffineTransform_float_3_3
Parameters: 0.999998 0.000418497 -0.0018382 -0.000414588 0.999998 0.00208146 0.00183946 -0.00208067 0.999996 0.0333056 -0.0582697 0.00887438
FixedParameters: 0 0 0

#Transform 110
Transform: AffineTransform_float_3_3
Parameters: 0.999998 0.000420106 -0.00192073 -0.000416324 0.999999 0.00182077 0.00192052 -0.00181997 0.999996 0.0395373 -0.0727488 0.0341706
FixedParameters: 0 0 0

#Transform 111
Transform: AffineTransform_float_3_3
Parameters: 0.999998 0.000441625 -0.00191947 -0.000437252 0.999997 0.00205593 0.00192089 -0.0020555 0.999996 0.0343762 -0.0747966 0.0101453
FixedParameters: 0 0 0

#Transform 112
Transform: AffineTransform_float_3_3
Parameters: 0.999998 0.000460111 -0.00159518 -0.000455802 0.999997 0.00225194 0.00159628 -0.00225121 0.999996 0.0334365 -0.0568195 0.0145172
FixedParameters: 0 0 0

#Transform 113
Transform: AffineTransform_float_3_3
Parameters: 0.999999 0.000448814 -0.00185398 -0.000444983 0.999998 0.0017314 0.00185462 -0.00173015 0.999997 0.0406225 -0.0738185 0.0311985
FixedParameters: 0 0 0

#Transform 114
Transform: AffineTransform_float_3_3
Parameters: 0.999998 0.000333624 -0.0017781 -0.000329644 0.999997 0.00217189 0.00177906 -0.00217145 0.999996 0.0327471 -0.0530599 0.00748639
FixedParameters: 0 0 0

#Transform 115
Transform: AffineTransform_float_3_3
Parameters: 0.999998 0.000294544 -0.00179473 -0.000290473 0.999999 0.00193574 0.0017949 -0.00193542 0.999996 0.0429827 -0.0667923 0.0317662
FixedParameters: 0 0 0

#Transform 116
Transform: AffineTransform_float_3_3
Parameters: 0.999998 0.000240549 -0.00194585 -0.000236367 0.999998 0.002001 0.00194642 -0.00200081 0.999996 0.045463 -0.0723202 0.0247728
FixedParameters: 0 0 0

#Transform 117
Transform: AffineTransform_float_3_3
Parameters: 0.999998 0.000762815 -0.00198148 -0.000756289 0.999995 0.00284356 0.00198348 -0.00284199 0.999994 0.039149 -0.0938051 0.0515799
FixedParameters: 0 0 0

#Transform 118
Transform: AffineTransform_float_3_3
Parameters: 0.999998 0.000787614 -0.00206652 -0.000783569 0.999997 0.00230358 0.0020684 -0.00230178 0.999995 0.0316978 -0.0707444 0.034044
FixedParameters: 0 0 0

#Transform 119
Transform: AffineTransform_float_3_3
Parameters: 0.999997 0.000774945 -0.0021523 -0.000770253 0.999998 0.00203059 0.00215409 -0.00202915 0.999996 0.0421243 -0.0722994 0.0378566
FixedParameters: 0 0 0

#Transform 120
Transform: AffineTransform_float_3_3
Parameters: 0.999997 0.000757016 -0.00214272 -0.000752805 0.999997 0.00226061 0.0021444 -0.00225882 0.999995 0.0307209 -0.0466774 0.00484614
FixedParameters: 0 0 0

#Transform 121
Transform: AffineTransform_float_3_3
Parameters: 0.999997 0.000901191 -0.00229564 -0.000895778 0.999997 0.00213429 0.00229735 -0.00213213 0.999995 0.0426512 -0.0601295 0.0197489
FixedParameters: 0 0 0

#Transform 122
Transform: AffineTransform_float_3_3
Parameters: 0.999997 0.000980726 -0.00242268 -0.000975061 0.999997 0.00207472 0.00242461 -0.00207194 0.999995 0.0432472 -0.0653897 0.0139338
FixedParameters: 0 0 0

#Transform 123
Transform: AffineTransform_float_3_3
Parameters: 0.999997 0.00109521 -0.00201778 -0.00108988 0.999996 0.0026138 0.0020203 -0.00261092 0.999995 0.0267892 -0.0130757 -0.030512
FixedParameters: 0 0 0

#Transform 124
Transform: AffineTransform_float_3_3
Parameters: 0.999997 0.00106885 -0.00205225 -0.00106315 0.999996 0.00252796 0.00205546 -0.00252586 0.999994 0.0325554 -0.0353136 -0.018508
FixedParameters: 0 0 0

#Transform 125
Transform: AffineTransform_float_3_3
Parameters: 0.999997 0.000830222 -0.00231621 -0.000823721 0.999997 0.00236356 0.00231803 -0.00236253 0.999994 0.0495662 -0.0590337 -0.004036
FixedParameters: 0 0 0

#Transform 126
Transform: AffineTransform_float_3_3
Parameters: 0.999997 0.00084737 -0.00210999 -0.000841943 0.999996 0.00261596 0.00211258 -0.00261385 0.999994 0.0392846 -0.0536474 -0.0258655
FixedParameters: 0 0 0

#Transform 127
Transform: AffineTransform_float_3_3
Parameters: 0.999998 0.000829474 -0.00196848 -0.000825074 0.999996 0.00266364 0.00197019 -0.00266192 0.999995 0.0351083 -0.0550402 -0.026729
FixedParameters: 0 0 0

#Transform 128
Transform: AffineTransform_float_3_3
Parameters: 0.999997 0.000912769 -0.00205231 -0.000908643 0.999996 0.00233889 0.00205483 -0.00233659 0.999995 0.0411767 -0.0555112 -0.00487253
FixedParameters: 0 0 0

#Transform 129
Transform: AffineTransform_float_3_3
Parameters: 0.999998 0.000889454 -0.00195126 -0.000884457 0.999997 0.00249885 0.00195351 -0.00249714 0.999995 0.0302037 -0.0546137 -0.0302332
FixedParameters: 0 0 0

#Transform 130
Transform: AffineTransform_float_3_3
Parameters: 0.999998 0.000873515 -0.00177895 -0.000868837 0.999997 0.00249364 0.00178198 -0.00249273 0.999996 0.0286447 -0.0123635 -0.0458848
FixedParameters: 0 0 0

#Transform 131
Transform: AffineTransform_float_3_3
Parameters: 0.999998 0.000944524 -0.00197135 -0.000941292 0.999998 0.0018332 0.00197355 -0.00183083 0.999997 0.0366006 -0.0337136 -0.0207361
FixedParameters: 0 0 0

#Transform 132
Transform: AffineTransform_float_3_3
Parameters: 0.999997 0.000884845 -0.00208367 -0.000880684 0.999997 0.00208674 0.00208527 -0.00208533 0.999995 0.0352239 -0.0348079 -0.0417616
FixedParameters: 0 0 0

#Transform 133
Transform: AffineTransform_float_3_3
Parameters: 0.999998 0.000999212 -0.00183797 -0.000994573 0.999997 0.00230226 0.00183986 -0.00229949 0.999996 0.0223684 -0.00979359 -0.051655
FixedParameters: 0 0 0

#Transform 134
Transform: AffineTransform_float_3_3
Parameters: 0.999998 0.000904326 -0.00193045 -0.000899624 0.999998 0.00204424 0.00193244 -0.00204294 0.999996 0.0347681 -0.0350631 -0.0241962
FixedParameters: 0 0 0

#Transform 135
Transform: AffineTransform_float_3_3
Parameters: 0.999998 0.000971278 -0.00196649 -0.000966832 0.999997 0.00230196 0.00196873 -0.00229958 0.999996 0.0341294 -0.0320201 -0.0433013
FixedParameters: 0 0 0

#Transform 136
Transform: AffineTransform_float_3_3
Parameters: 0.999998 0.000993977 -0.00173188 -0.000990437 0.999997 0.00237598 0.00173438 -0.00237345 0.999996 0.0171659 -0.0314623 -0.0447946
FixedParameters: 0 0 0

#Transform 137
Transform: AffineTransform_float_3_3
Parameters: 0.999997 0.0010908 -0.00190911 -0.00108687 0.999998 0.00188825 0.00191152 -0.00188574 0.999996 0.0364735 -0.0447339 -0.0130648
FixedParameters: 0 0 0

#Transform 138
Transform: AffineTransform_float_3_3
Parameters: 0.999998 0.000920422 -0.00175001 -0.000916107 0.999997 0.00230118 0.00175153 -0.0022994 0.999996 0.0290085 -0.0207338 -0.0408849
FixedParameters: 0 0 0

#Transform 139
Transform: AffineTransform_float_3_3
Parameters: 0.999998 0.000905198 -0.00176466 -0.000900982 0.999997 0.00238895 0.00176763 -0.00238658 0.999996 0.0296525 -0.0325344 -0.0346711
FixedParameters: 0 0 0

#Transform 140
Transform: AffineTransform_float_3_3
Parameters: 0.999998 0.000981244 -0.00184844 -0.000977688 0.999997 0.00218774 0.00185064 -0.00218639 0.999996 0.0338413 -0.0450083 -0.0302883
FixedParameters: 0 0 0

#Transform 141
Transform: AffineTransform_float_3_3
Parameters: 0.999998 0.000954937 -0.00176924 -0.000950754 0.999996 0.00250151 0.00177182 -0.00250042 0.999996 0.030375 -0.0300634 -0.0453821
FixedParameters: 0 0 0

#Transform 142
Transform: AffineTransform_float_3_3
Parameters: 0.999998 0.00105737 -0.00167139 -0.00105359 0.999997 0.00225234 0.00167358 -0.00225054 0.999996 0.0256974 -0.0145879 -0.0401979
FixedParameters: 0 0 0

#Transform 143
Transform: AffineTransform_float_3_3
Parameters: 0.999998 0.00115701 -0.00178003 -0.00115272 0.999998 0.00183666 0.00178222 -0.00183556 0.999997 0.0310478 -0.0447464 -0.0237284
FixedParameters: 0 0 0

#Transform 144
Transform: AffineTransform_float_3_3
Parameters: 0.999999 0.00095182 -0.00162708 -0.000948212 0.999998 0.00211483 0.0016294 -0.00211339 0.999996 0.0226693 0.000948959 -0.0582835
FixedParameters: 0 0 0

#Transform 145
Transform: AffineTransform_float_3_3
Parameters: 0.999998 0.000921477 -0.00150314 -0.000919134 0.999998 0.00186885 0.00150488 -0.00186773 0.999997 0.00993158 -0.0269984 -0.0242614
FixedParameters: 0 0 0

#Transform 146
Transform: AffineTransform_float_3_3
Parameters: 0.999997 0.00139655 -0.00164926 -0.00139517 0.999999 0.000490115 0.00164988 -0.000487497 0.999999 0.00478288 -0.0440707 0.00469474
FixedParameters: 0 0 0

#Transform 147
Transform: AffineTransform_float_3_3
Parameters: 0.999998 0.0011821 -0.001664 -0.00117971 0.999999 0.00139903 0.00166522 -0.00139674 0.999998 0.0138442 -0.0156232 -0.0387107
FixedParameters: 0 0 0

#Transform 148
Transform: AffineTransform_float_3_3
Parameters: 0.999998 0.0012569 -0.00152363 -0.00125443 0.999999 0.00137463 0.001526 -0.00137319 0.999998 0.00985329 0.00503955 -0.0499439
FixedParameters: 0 0 0

#Transform 149
Transform: AffineTransform_float_3_3
Parameters: 0.999998 0.000970738 -0.0019322 -0.000969741 0.999999 0.000666142 0.00193236 -0.000664471 0.999998 0.0281555 -0.0353902 -0.0109064
FixedParameters: 0 0 0

#Transform 150
Transform: AffineTransform_float_3_3
Parameters: 0.999998 0.000889062 -0.00181821 -0.000887228 0.999999 0.000937724 0.00181874 -0.000936573 0.999998 0.0188725 -0.00710754 -0.0373624
FixedParameters: 0 0 0

#Transform 151
Transform: AffineTransform_float_3_3
Parameters: 0.999998 0.00104783 -0.00138737 -0.00104589 0.999999 0.000863383 0.00138834 -0.000861939 0.999999 0.00728373 0.011701 -0.0421486
FixedParameters: 0 0 0

#Transform 152
Transform: AffineTransform_float_3_3
Parameters: 0.999999 0.000796127 -0.00160379 -0.000796317 1 0.000143135 0.00160459 -0.000141114 0.999999 0.0199182 0.0140724 -0.0526602
FixedParameters: 0 0 0

#Transform 153
Transform: AffineTransform_float_3_3
Parameters: 0.999998 0.00106524 -0.001782 -0.00106356 0.999999 0.000804321 0.00178346 -0.00080199 0.999998 0.0280262 -0.0250893 -0.047878
FixedParameters: 0 0 0

#Transform 154
Transform: AffineTransform_float_3_3
Parameters: 0.999999 0.00104331 -0.00147913 -0.00104313 0.999999 -3.78822e-05 0.00147927 3.96041e-05 0.999998 0.0121601 0.0176608 -0.0512608
FixedParameters: 0 0 0

#Transform 155
Transform: AffineTransform_float_3_3
Parameters: 0.999999 0.000853516 -0.00138026 -0.000856805 0.999998 -0.00185667 0.00137836 0.00185783 0.999997 0.0164981 0.0543966 -0.068412
FixedParameters: 0 0 0

#Transform 156
Transform: AffineTransform_float_3_3
Parameters: 0.999999 0.000678688 -0.00159251 -0.00068049 1 -0.00118471 0.00159227 0.00118568 0.999998 0.0359081 -0.00184255 -0.0670162
FixedParameters: 0 0 0

#Transform 157
Transform: AffineTransform_float_3_3
Parameters: 0.999999 0.000951576 -0.000948127 -0.000952451 0.999999 -0.00116897 0.000946282 0.00117087 0.999999 0.0135321 0.0547265 -0.101156
FixedParameters: 0 0 0

#Transform 158
Transform: AffineTransform_float_3_3
Parameters: 1 0.00111329 -0.000297328 -0.00111347 0.999999 -0.000428936 0.000296506 0.000428757 1 -0.0111089 0.0255948 -0.0961156
FixedParameters: 0 0 0

#Transform 159
Transform: AffineTransform_float_3_3
Parameters: 1 0.000895768 -0.000723835 -0.000895124 1 -0.000204956 0.000723116 0.00020542 1 0.00725773 -0.0491701 -0.0274168
FixedParameters: 0 0 0

#Transform 160
Transform: AffineTransform_float_3_3
Parameters: 0.999999 0.000753978 -0.000602394 -0.000753785 0.999999 0.000160808 0.000602636 -0.0001599 1 0.0082739 -0.014866 -0.0709199
FixedParameters: 0 0 0

#Transform 161
Transform: AffineTransform_float_3_3
Parameters: 1 0.0011015 -0.000353166 -0.00110104 0.999998 0.00131234 0.000355188 -0.00131165 0.999999 -0.0212218 -0.0178789 -0.0640685
FixedParameters: 0 0 0

#Transform 162
Transform: AffineTransform_float_3_3
Parameters: 1 0.000622908 -0.000916073 -0.000621732 0.999998 0.0013278 0.000917338 -0.00132728 0.999999 0.011408 -0.0460622 -0.0456391
FixedParameters: 0 0 0

#Transform 163
Transform: AffineTransform_float_3_3
Parameters: 0.999999 0.000678639 -0.000642961 -0.000676728 0.999998 0.00211713 0.000644808 -0.0021172 0.999997 0.0119908 -0.0177452 -0.0810144
FixedParameters: 0 0 0

#Transform 164
Transform: AffineTransform_float_3_3
Parameters: 0.999999 0.000962105 -0.000262866 -0.000961422 0.999996 0.0026497 0.000265364 -0.00264885 0.999996 -0.0235109 -0.0224813 -0.090605
FixedParameters: 0 0 0

#Transform 165
Transform: AffineTransform_float_3_3
Parameters: 1 -0.000290103 -0.000504129 0.000291308 0.999997 0.00247171 0.000502887 -0.00247204 0.999997 0.0376823 -0.0586501 -0.0605541
FixedParameters: 0 0 0

#Transform 166
Transform: AffineTransform_float_3_3
Parameters: 1 -0.000344058 -0.000363319 0.000345094 0.999996 0.0025434 0.000362629 -0.00254359 0.999996 0.0326232 -0.023601 -0.0697179
FixedParameters: 0 0 0

#Transform 167
Transform: AffineTransform_float_3_3
Parameters: 0.999999 -0.000509694 -0.000683924 0.000510708 0.999998 0.00186844 0.00068366 -0.00186909 0.999998 0.044947 -0.0520255 -0.0293834
FixedParameters: 0 0 0

#Transform 168
Transform: AffineTransform_float_3_3
Parameters: 0.999999 9.58576e-05 -0.00102384 -9.37384e-05 0.999998 0.00201754 0.001025 -0.00201737 0.999997 0.0341242 -0.0314032 -0.0585308
FixedParameters: 0 0 0

#Transform 169
Transform: AffineTransform_float_3_3
Parameters: 0.999999 0.000315993 -0.000841573 -0.000314428 0.999998 0.00189128 0.00084219 -0.00189085 0.999998 0.0201315 -0.0522689 -0.039424
FixedParameters: 0 0 0

#Transform 170
Transform: AffineTransform_float_3_3
Parameters: 0.999999 0.000770174 -0.00117867 -0.000769445 1 0.000878939 0.00117964 -0.000877216 0.999999 0.0311797 -0.0642454 -0.0297554
FixedParameters: 0 0 0

#Transform 171
Transform: AffineTransform_float_3_3
Parameters: 0.999999 0.000673314 -0.000721064 -0.000671155 0.999998 0.00206081 0.000722812 -0.00206079 0.999997 0.0130344 -0.00170321 -0.0686258
FixedParameters: 0 0 0

#Transform 172
Transform: AffineTransform_float_3_3
Parameters: 0.999999 0.00069522 -0.000666916 -0.000693684 0.999998 0.00211667 0.000667966 -0.00211677 0.999997 0.00316499 -0.0365957 -0.0535088
FixedParameters: 0 0 0

#Transform 173
Transform: AffineTransform_float_3_3
Parameters: 0.999999 0.000807561 -0.00107794 -0.0008053 0.999998 0.0019447 0.00107977 -0.00194452 0.999998 0.0219969 -0.0561654 -0.0386817
FixedParameters: 0 0 0

#Transform 174
Transform: AffineTransform_float_3_3
Parameters: 0.999999 0.000905371 -0.000648453 -0.000904911 0.999997 0.00248616 0.000650584 -0.00248611 0.999997 -0.00347317 -0.0462351 -0.0547068
FixedParameters: 0 0 0

#Transform 175
Transform: AffineTransform_float_3_3
Parameters: 0.999999 0.000941458 -0.000679521 -0.000939582 0.999997 0.00242616 0.000682098 -0.00242591 0.999997 -0.000228873 -0.0532247 -0.0401434
FixedParameters: 0 0 0

#Transform 176
Transform: AffineTransform_float_3_3
Parameters: 1 0.000781651 -0.000888107 -0.00078023 0.999998 0.00189897 0.000889726 -0.00189777 0.999998 0.0118577 -0.0698941 -0.0249249
FixedParameters: 0 0 0

#Transform 177
Transform: AffineTransform_float_3_3
Parameters: 1 0.000984986 -0.000722679 -0.000983126 0.999998 0.00165743 0.00072511 -0.00165694 0.999998 0.00239896 -0.0531315 -0.0478406
FixedParameters: 0 0 0

#Transform 178
Transform: AffineTransform_float_3_3
Parameters: 0.999998 0.00122803 -0.00121767 -0.00122743 0.999999 0.000183122 0.00121824 -0.000181502 0.999999 0.0232101 -0.0726428 -0.0367829
FixedParameters: 0 0 0

#Transform 179
Transform: AffineTransform_float_3_3
Parameters: 1 0.000374304 3.06702e-05 -0.000374315 1 0.000189751 -3.05282e-05 -0.000189774 1 -0.0201714 0.0690155 -0.0996973
FixedParameters: 0 0 0

#Transform 180
Transform: AffineTransform_float_3_3
Parameters: 1 0.000649216 0.000268245 -0.000649905 1 0.0010298 -0.000267003 -0.00103016 1 -0.0291129 0.0287175 -0.0773815
FixedParameters: 0 0 0

#Transform 181
Transform: AffineTransform_float_3_3
Parameters: 0.999999 0.000794143 -0.000321943 -0.000794402 0.999999 -0.000401829 0.000321305 0.00040234 1 0.0125782 0.00242042 -0.0626979
FixedParameters: 0 0 0

#Transform 182
Transform: AffineTransform_float_3_3
Parameters: 1 0.000381217 -0.00018654 -0.000380937 1 0.00111872 0.000187297 -0.00111858 1 -0.0187631 0.0308031 -0.106785
FixedParameters: 0 0 0

#Transform 183
Transform: AffineTransform_float_3_3
Parameters: 0.999999 0.000970645 -0.000271922 -0.000970811 0.999999 0.000685544 0.000272423 -0.000685946 1 -0.0147542 0.00132606 -0.0716212
FixedParameters: 0 0 0

#Transform 184
Transform: AffineTransform_float_3_3
Parameters: 0.999999 0.00070071 -0.000313012 -0.000700598 0.999999 0.000180324 0.000313265 -0.000179885 1 0.00174629 -0.0281374 -0.0700717
FixedParameters: 0 0 0

#Transform 185
Transform: AffineTransform_float_3_3
Parameters: 1 0.000459237 -0.000201054 -0.000458892 0.999999 0.00120025 0.000202059 -0.00120007 1 -0.0114028 -0.0087048 -0.0680026
FixedParameters: 0 0 0

#Transform 186
Transform: AffineTransform_float_3_3
Parameters: 0.999999 0.000961576 -4.53073e-06 -0.000961391 0.999999 0.00124148 5.4744e-06 -0.00124102 0.999999 -0.0174018 -0.0369749 -0.0412615
FixedParameters: 0 0 0

#Transform 187
Transform: AffineTransform_float_3_3
Parameters: 1 0.00088519 -0.00057126 -0.0008849 1 0.000116355 0.000571595 -0.000116715 1 0.0119563 -0.0645789 -0.0261842
FixedParameters: 0 0 0

#Transform 188
Transform: AffineTransform_float_3_3
Parameters: 0.999999 0.000766058 0.000234871 -0.000766534 0.999998 0.00156374 -0.000233921 -0.00156418 0.999998 -0.043411 0.00178038 -0.0731342
FixedParameters: 0 0 0

#Transform 189
Transform: AffineTransform_float_3_3
Parameters: 0.999999 0.000883614 0.000402124 -0.000884651 0.999998 0.00150706 -0.000400902 -0.00150732 0.999998 -0.0463872 -0.0137238 -0.0442448
FixedParameters: 0 0 0
