#Insight Transform File V1.0
#Transform 0
Transform: AffineTransform_float_3_3
Parameters: 1 -0.000401031 0.000254933 0.000401214 0.999998 -0.00156204 -0.000254603 0.0015622 0.999998 0.0176457 -0.029972 -0.0762663
FixedParameters: 0 0 0

#Transform 1
Transform: AffineTransform_float_3_3
Parameters: 1 -0.000576578 0.000291289 0.000576914 0.999999 -0.000577771 -0.000290622 0.000578107 1 0.0255722 -0.0205821 -0.0612257
FixedParameters: 0 0 0

#Transform 2
Transform: AffineTransform_float_3_3
Parameters: 1 -0.000320738 4.65495e-05 0.000320776 1 -0.000415044 -4.62833e-05 0.000415074 1 0.0155863 -0.0870816 0.0387126
FixedParameters: 0 0 0

#Transform 3
Transform: AffineTransform_float_3_3
Parameters: 1 -0.000228286 0.000142048 0.000228544 1 -0.00106017 -0.000141674 0.00106023 1 0.0159801 0.0400121 -0.0590547
FixedParameters: 0 0 0

#Transform 4
Transform: AffineTransform_float_3_3
Parameters: 1 -0.000179216 0.00011657 0.000179338 1 -0.000526502 -0.000116381 0.000526543 1 0.014512 0.00182762 -0.0742273
FixedParameters: 0 0 0

#Transform 5
Transform: AffineTransform_float_3_3
Parameters: 1 -0.000196123 -3.2282e-05 0.000196928 1 -0.000206227 3.17919e-05 0.000206247 1 0.0155416 -0.0126604 -0.0561609
FixedParameters: 0 0 0

#Transform 6
Transform: AffineTransform_float_3_3
Parameters: 1 -0.000314783 -7.40722e-05 0.000314706 1 -0.000519217 7.4399e-05 0.00051917 1 0.00809369 -0.0225845 -0.0374202
FixedParameters: 0 0 0

#Transform 7
Transform: AffineTransform_float_3_3
Parameters: 1 -0.000212172 4.97655e-05 0.00021163 1 -0.000277746 -5.0461e-05 0.000277718 1 0.00494047 -0.0161845 -0.0676921
FixedParameters: 0 0 0

#Transform 8
Transform: AffineTransform_float_3_3
Parameters: 1 -0.000206367 2.1319e-06 0.000206369 1 -0.00032917 -1.99604e-06 0.00032917 1 0.00632401 -0.0367196 -0.08556
FixedParameters: 0 0 0

#Transform 9
Transform: AffineTransform_float_3_3
Parameters: 1 -0.000282354 -4.14094e-05 0.000282344 1 -0.000124585 4.14797e-05 0.000124561 1 0.017872 -0.0357938 -0.0783718
FixedParameters: 0 0 0

#Transform 10
Transform: AffineTransform_float_3_3
Parameters: 1 -0.000238678 -0.000113259 0.000238669 1 -4.04173e-05 0.000113278 4.03632e-05 1 0.00804928 -0.0107019 -0.0602781
FixedParameters: 0 0 0

#Transform 11
Transform: AffineTransform_float_3_3
Parameters: 1 -3.22354e-05 -0.000233343 3.22456e-05 1 2.17375e-05 0.000233342 -2.17525e-05 1 0.00175677 -0.0417985 -0.00499318
FixedParameters: 0 0 0

#Transform 12
Transform: AffineTransform_float_3_3
Parameters: 1 0.000233898 -0.000269927 -0.000234021 1 -0.00022808 0.00026982 0.000228206 1 -0.00113105 -0.0296946 -0.00799524
FixedParameters: 0 0 0

#Transform 13
Transform: AffineTransform_float_3_3
Parameters: 1 0.000208308 -0.000151522 -0.000208412 1 -0.000345335 0.000151378 0.000345398 1 -0.00601997 0.0149827 -0.0403189
FixedParameters: 0 0 0

#Transform 14
Transform: AffineTransform_float_3_3
Parameters: 1 0.0002918 -0.000210254 -0.000291953 1 -0.000364212 0.000210041 0.000364334 1 -0.00541785 -0.0579288 -0.00301511
FixedParameters: 0 0 0

#Transform 15
Transform: AffineTransform_float_3_3
Parameters: 1 0.000443932 -0.000315555 -0.000444121 1 -0.000299683 0.000315289 0.000299964 1 -0.00749976 -0.0266636 -0.0348023
FixedParameters: 0 0 0

#Transform 16
Transform: AffineTransform_float_3_3
Parameters: 1 0.00037238 -0.000348963 -0.000372422 0.999999 -0.000115826 0.000348833 0.000115743 1 -0.00734398 -0.042419 0.00079146
FixedParameters: 0 0 0

#Transform 17
Transform: AffineTransform_float_3_3
Parameters: 1 0.000342172 -0.000240523 -0.000342209 1 -7.71168e-05 0.00024047 7.72814e-05 1 -0.0151133 -0.00718191 0.0546495
FixedParameters: 0 0 0

#Transform 18
Transform: AffineTransform_float_3_3
Parameters: 1 0.000321846 -0.000330641 -0.00032192 1 -0.000111993 0.000330569 0.000112206 1 -0.0126544 -0.00855796 0.0450587
FixedParameters: 0 0 0

#Transform 19
Transform: AffineTransform_float_3_3
Parameters: 1 0.000200317 -0.000141295 -0.000200338 1 -7.42e-05 0.000141266 7.42566e-05 1 -0.0178139 -0.0241697 0.0440955
FixedParameters: 0 0 0

#Transform 20
Transform: AffineTransform_float_3_3
Parameters: 1 0.000175042 -0.000123064 -0.000175052 1 -4.13614e-05 0.00012305 4.14045e-05 1 0.00587892 0.00403656 -0.0377782
FixedParameters: 0 0 0

#Transform 21
Transform: AffineTransform_float_3_3
Parameters: 1 -0.000160931 0.000119649 0.000160828 1 0.000432235 -0.000119788 -0.000432196 1 0.0145516 0.00605084 -0.0266909
FixedParameters: 0 0 0

#Transform 22
Transform: AffineTransform_float_3_3
Parameters: 1 -0.00013618 -5.02327e-05 0.000136252 0.999999 0.000717662 5.00372e-05 -0.000717675 0.999999 0.0128228 -0.017909 -0.00883696
FixedParameters: 0 0 0

#Transform 23
Transform: AffineTransform_float_3_3
Parameters: 1 -0.00010862 -5.85782e-05 0.000108729 0.999999 0.000931339 5.83758e-05 -0.000931351 0.999999 0.0139355 -0.0193846 -0.000977606
FixedParameters: 0 0 0

#Transform 24
Transform: AffineTransform_float_3_3
Parameters: 1 0.000138155 -0.000196729 -0.000137932 1 0.000566144 0.000196885 -0.00056609 1 -0.00840247 -0.0269751 -0.0205746
FixedParameters: 0 0 0

#Transform 25
Transform: AffineTransform_float_3_3
Parameters: 1 9.71042e-05 -0.000178145 -9.69347e-05 1 0.000475639 0.000178237 -0.000475604 1 -0.0132932 -0.042408 -0.00293848
FixedParameters: 0 0 0

#Transform 26
Transform: AffineTransform_float_3_3
Parameters: 1 0.000350456 -0.000239106 -0.000350293 1 0.000339191 0.000239344 -0.000339024 1 -0.0114925 -0.0273784 -0.0396156
FixedParameters: 0 0 0

#Transform 27
Transform: AffineTransform_float_3_3
Parameters: 1 0.000238696 -0.00025412 -0.00023835 0.999999 0.00060179 0.000254363 -0.000602011 1 -0.0125568 -0.0352186 -0.0189581
FixedParameters: 0 0 0

#Transform 28
Transform: AffineTransform_float_3_3
Parameters: 1 0.000209223 -0.000231671 -0.000209778 1 0.000568453 0.00023248 -0.000568389 1 -0.0064373 -0.00910304 -0.0427263
FixedParameters: 0 0 0

#Transform 29
Transform: AffineTransform_float_3_3
Parameters: 1 0.000182153 -0.000117478 -0.000182017 1 0.000577454 0.000117689 -0.000577412 1 -0.0105885 -0.0366355 -0.0507679
FixedParameters: 0 0 0

#Transform 30
Transform: AffineTransform_float_3_3
Parameters: 1 0.000136275 -1.49345e-05 -0.000136265 1 0.000347784 1.50293e-05 -0.00034778 1 -0.00463065 -0.0234751 -0.0629927
FixedParameters: 0 0 0

#Transform 31
Transform: AffineTransform_float_3_3
Parameters: 1 0.000123276 -7.70505e-05 -0.000123193 1 0.000537492 7.7183e-05 -0.000537473 1 -0.0044188 -0.0303955 -0.0579007
FixedParameters: 0 0 0

#Transform 32
Transform: AffineTransform_float_3_3
Parameters: 1 0.000122222 2.96273e-05 -0.000122245 1 0.00038258 -2.95338e-05 -0.000382587 1 -0.00235505 -0.0332036 -0.0771774
FixedParameters: 0 0 0

#Transform 33
Transform: AffineTransform_float_3_3
Parameters: 1 8.46907e-05 1.32891e-05 -8.47029e-05 1 0.000463436 -1.32106e-05 -0.000463438 1 -0.00242075 -0.0601808 -0.0549733
FixedParameters: 0 0 0

#Transform 34
Transform: AffineTransform_float_3_3
Parameters: 1 0.000134909 3.23272e-05 -0.000134932 1 0.000344873 -3.22341e-05 -0.000344882 1 -0.00361667 -0.048735 -0.0542957
FixedParameters: 0 0 0

#Transform 35
Transform: AffineTransform_float_3_3
Parameters: 1 0.000466826 0.000155397 -0.000466224 0.999999 0.000695852 -0.000155319 -0.000695965 0.999999 -0.0137021 0.012934 -0.00352957
FixedParameters: 0 0 0

#Transform 36
Transform: AffineTransform_float_3_3
Parameters: 1 0.00060931 0.00028687 -0.000609475 0.999999 0.000719763 -0.000287377 -0.00072013 0.999999 -0.0181199 -0.0269496 -0.0070986
FixedParameters: 0 0 0

#Transform 37
Transform: AffineTransform_float_3_3
Parameters: 0.999999 0.000620357 0.000409384 -0.000619941 0.999999 0.00049037 -0.000409347 -0.000490845 1 -0.0154344 -0.0221882 0.0050179
FixedParameters: 0 0 0

#Transform 38
Transform: AffineTransform_float_3_3
Parameters: 1 0.000555206 0.000329357 -0.00055538 0.999999 0.000639518 -0.00033003 -0.000639901 0.999999 -0.0177514 -0.0311818 -0.00735441
FixedParameters: 0 0 0

#Transform 39
Transform: AffineTransform_float_3_3
Parameters: 1 0.000596832 0.000120308 -0.000596942 0.999999 0.000458476 -0.000119761 -0.000458619 1 -0.0228892 -0.0116806 -0.0471884
FixedParameters: 0 0 0

#Transform 40
Transform: AffineTransform_float_3_3
Parameters: 1 0.000499555 0.000196523 -0.000499174 0.999999 0.000945816 -0.000196244 -0.000945043 1 -0.0291929 -0.0363616 -0.0459337
FixedParameters: 0 0 0

#Transform 41
Transform: AffineTransform_float_3_3
Parameters: 1 0.000439795 0.000144008 -0.000440146 1 0.00106971 -0.000143177 -0.00106984 1 -0.0304486 -0.0272937 -0.0275111
FixedParameters: 0 0 0

#Transform 42
Transform: AffineTransform_float_3_3
Parameters: 1 0.000475539 5.01176e-05 -0.000476284 0.999999 0.00131314 -4.97908e-05 -0.00131323 0.999999 -0.0311154 -0.025702 -0.0195022
FixedParameters: 0 0 0

#Transform 43
Transform: AffineTransform_float_3_3
Parameters: 1 0.000545634 0.000165425 -0.000546009 1 0.0010062 -0.000164436 -0.00100639 1 -0.030365 -0.0371795 -0.0234034
FixedParameters: 0 0 0

#Transform 44
Transform: AffineTransform_float_3_3
Parameters: 1 0.000435995 0.000140015 -0.000436329 1 0.00103778 -0.00013922 -0.0010379 1 -0.0240034 -0.0488249 -0.0342135
FixedParameters: 0 0 0

#Transform 45
Transform: AffineTransform_float_3_3
Parameters: 1 0.000339716 0.00011811 -0.000340009 0.999999 0.000963965 -0.00011755 -0.000963108 1 -0.0204511 -0.0351933 -0.0360344
FixedParameters: 0 0 0

#Transform 46
Transform: AffineTransform_float_3_3
Parameters: 1 0.000305918 0.000122127 -0.000306801 1 0.00110366 -0.000122374 -0.00110379 1 -0.0186351 -0.0305973 -0.0493834
FixedParameters: 0 0 0

#Transform 47
Transform: AffineTransform_float_3_3
Parameters: 1 0.000347839 0.00010088 -0.000347324 0.999999 0.00128629 -0.000100666 -0.00128633 0.999999 -0.0161193 -0.0320004 -0.0576798
FixedParameters: 0 0 0

#Transform 48
Transform: AffineTransform_float_3_3
Parameters: 1 0.000375582 5.68048e-05 -0.000374958 0.999999 0.00133691 -5.64824e-05 -0.00133692 0.999999 -0.0199228 -0.0295135 -0.0542529
FixedParameters: 0 0 0

#Transform 49
Transform: AffineTransform_float_3_3
Parameters: 1 0.000371078 0.000298226 -0.000372108 0.999998 0.0016578 -0.000297103 -0.00165802 0.999998 -0.0168602 -0.0178367 -0.0460745
FixedParameters: 0 0 0

#Transform 50
Transform: AffineTransform_float_3_3
Parameters: 1 0.000418824 9.63641e-05 -0.000418322 0.999999 0.00142051 -9.58559e-05 -0.00142056 0.999999 -0.018659 -0.0401307 -0.0521817
FixedParameters: 0 0 0

#Transform 51
Transform: AffineTransform_float_3_3
Parameters: 1 0.000337253 0.000102776 -0.000336779 0.999999 0.00146522 -0.000102469 -0.00146526 0.999999 -0.0180067 -0.0313041 -0.0319514
FixedParameters: 0 0 0

#Transform 52
Transform: AffineTransform_float_3_3
Parameters: 1 0.00025241 0.000196379 -0.000253008 0.999999 0.00141377 -0.000195774 -0.00141387 0.999999 -0.0163833 -0.0447478 -0.0198818
FixedParameters: 0 0 0

#Transform 53
Transform: AffineTransform_float_3_3
Parameters: 1 0.000297173 0.000344429 -0.000297324 0.999999 0.00134438 -0.000344311 -0.00134456 0.999999 -0.0201734 -0.0262459 -0.0179132
FixedParameters: 0 0 0

#Transform 54
Transform: AffineTransform_float_3_3
Parameters: 1 0.000149215 0.000286577 -0.000150068 0.999999 0.00141342 -0.000286264 -0.0014135 0.999999 -0.0123782 -0.0140615 -0.0333534
FixedParameters: 0 0 0

#Transform 55
Transform: AffineTransform_float_3_3
Parameters: 1 0.000198342 0.000419195 -0.000198487 0.999998 0.00170158 -0.000418482 -0.00170073 0.999999 -0.0134519 -0.00475308 -0.0121024
FixedParameters: 0 0 0

#Transform 56
Transform: AffineTransform_float_3_3
Parameters: 1 0.000288612 0.000351047 -0.000288807 0.999999 0.00138307 -0.00035093 -0.00138324 0.999999 -0.0141561 -0.0224104 -0.0548897
FixedParameters: 0 0 0

#Transform 57
Transform: AffineTransform_float_3_3
Parameters: 1 0.000305348 0.000424398 -0.000305669 0.999999 0.00129155 -0.00042429 -0.00129178 0.999999 -0.00950387 -0.0595498 -0.0626594
FixedParameters: 0 0 0

#Transform 58
Transform: AffineTransform_float_3_3
Parameters: 1 0.000137765 0.000462454 -0.000138912 0.999999 0.00176547 -0.000461372 -0.00176555 0.999999 -0.00395255 -0.0345641 -0.0581988
FixedParameters: 0 0 0

#Transform 59
Transform: AffineTransform_float_3_3
Parameters: 1 6.74542e-05 0.000512772 -6.80466e-05 0.999999 0.00184765 -0.0005125 -0.00184764 0.999998 0.00421582 -0.024082 -0.039691
FixedParameters: 0 0 0

#Transform 60
Transform: AffineTransform_float_3_3
Parameters: 1 1.05615e-05 0.000555047 -1.14906e-05 0.999998 0.00201 -0.000554981 -0.00200994 0.999998 0.00883373 -0.0359536 -0.052492
FixedParameters: 0 0 0

#Transform 61
Transform: AffineTransform_float_3_3
Parameters: 0.999999 -0.00022859 0.000724611 0.000227219 0.999998 0.00220839 -0.000724892 -0.00220794 0.999998 0.0142234 -0.0266335 -0.0514645
FixedParameters: 0 0 0

#Transform 62
Transform: AffineTransform_float_3_3
Parameters: 0.999999 -0.000174579 0.000691089 0.000173007 0.999997 0.00246007 -0.000691218 -0.00245971 0.999997 0.015971 -0.0133491 -0.0799904
FixedParameters: 0 0 0

#Transform 63
Transform: AffineTransform_float_3_3
Parameters: 0.999999 -0.000305273 0.000777719 0.000303763 0.999998 0.00218833 -0.000778232 -0.00218867 0.999997 0.0260236 -0.0822855 -0.0595278
FixedParameters: 0 0 0

#Transform 64
Transform: AffineTransform_float_3_3
Parameters: 1 -0.000580569 0.000736736 0.000578644 0.999997 0.0025885 -0.000738917 -0.00258845 0.999996 0.0333549 0.0409364 -0.106964
FixedParameters: 0 0 0

#Transform 65
Transform: AffineTransform_float_3_3
Parameters: 1 -0.000582286 0.000768008 0.000580278 0.999996 0.00288082 -0.000769834 -0.00288069 0.999996 0.0347125 0.00329293 -0.110915
FixedParameters: 0 0 0

#Transform 66
Transform: AffineTransform_float_3_3
Parameters: 1 -0.00068873 0.000696862 0.000687342 0.999996 0.00271336 -0.000699056 -0.00271223 0.999996 0.0314444 -0.0127293 -0.10338
FixedParameters: 0 0 0

#Transform 67
Transform: AffineTransform_float_3_3
Parameters: 1 -0.000680789 0.000668924 0.000678956 0.999996 0.00259859 -0.000670253 -0.00259847 0.999996 0.0304566 -0.012112 -0.12009
FixedParameters: 0 0 0

#Transform 68
Transform: AffineTransform_float_3_3
Parameters: 1 -0.000705493 0.000651677 0.000703436 0.999995 0.00281776 -0.000653581 -0.00281704 0.999996 0.0322097 -0.036678 -0.12258
FixedParameters: 0 0 0

#Transform 69
Transform: AffineTransform_float_3_3
Parameters: 1 -0.000710279 0.000668835 0.000708257 0.999995 0.00308457 -0.000670396 -0.00308343 0.999995 0.0290436 -0.0344859 -0.117074
FixedParameters: 0 0 0

#Transform 70
Transform: AffineTransform_float_3_3
Parameters: 1 -0.000675175 0.000733379 0.000673545 0.999995 0.00276985 -0.000735619 -0.00276903 0.999996 0.026354 -0.0506803 -0.0985642
FixedParameters: 0 0 0

#Transform 71
Transform: AffineTransform_float_3_3
Parameters: 1 -0.000646653 0.000862076 0.000644489 0.999996 0.00268216 -0.000863906 -0.00268181 0.999995 0.0273858 -0.0581112 -0.0940404
FixedParameters: 0 0 0

#Transform 72
Transform: AffineTransform_float_3_3
Parameters: 1 -0.0006512 0.000883151 0.000649142 0.999996 0.00258104 -0.000884918 -0.002581 0.999996 0.0275224 -0.042662 -0.10222
FixedParameters: 0 0 0

#Transform 73
Transform: AffineTransform_float_3_3
Parameters: 0.999999 -0.000543243 0.00121977 0.000540462 0.999997 0.00250035 -0.00122146 -0.0025001 0.999996 0.015274 -0.038909 -0.105585
FixedParameters: 0 0 0

#Transform 74
Transform: AffineTransform_float_3_3
Parameters: 0.999999 -0.000515193 0.00127685 0.000512536 0.999997 0.00233222 -0.00127821 -0.00233104 0.999996 0.0186188 -0.0284167 -0.109854
FixedParameters: 0 0 0

#Transform 75
Transform: AffineTransform_float_3_3
Parameters: 0.999999 -0.000581094 0.0011836 0.000578902 0.999997 0.00231884 -0.00118526 -0.0023176 0.999997 0.0172391 -0.0221772 -0.111247
FixedParameters: 0 0 0

#Transform 76
Transform: AffineTransform_float_3_3
Parameters: 0.999999 -0.000506978 0.00127242 0.00050395 0.999997 0.00249446 -0.00127392 -0.00249425 0.999996 0.020376 -0.0136883 -0.120176
FixedParameters: 0 0 0

#Transform 77
Transform: AffineTransform_float_3_3
Parameters: 0.999999 -0.000547487 0.00119612 0.000544909 0.999996 0.00267687 -0.0011973 -0.00267565 0.999996 0.0212889 -0.021956 -0.121029
FixedParameters: 0 0 0

#Transform 78
Transform: AffineTransform_float_3_3
Parameters: 0.999998 -0.000551463 0.00143136 0.000547217 0.999996 0.00282708 -0.00143275 -0.00282653 0.999995 0.0207888 -0.0146349 -0.115903
FixedParameters: 0 0 0

#Transform 79
Transform: AffineTransform_float_3_3
Parameters: 0.999999 -0.000503714 0.00123198 0.000500299 0.999995 0.00294718 -0.00123322 -0.00294697 0.999995 0.0242451 -0.0268472 -0.115745
FixedParameters: 0 0 0

#Transform 80
Transform: AffineTransform_float_3_3
Parameters: 0.999999 -0.000388775 0.00136523 0.000385085 0.999994 0.00326758 -0.00136595 -0.00326781 0.999994 0.0211579 -0.0268312 -0.115389
FixedParameters: 0 0 0

#Transform 81
Transform: AffineTransform_float_3_3
Parameters: 0.999999 -0.000435389 0.00128723 0.000431244 0.999994 0.00337879 -0.00128921 -0.00337773 0.999993 0.0209902 -0.0298078 -0.119691
FixedParameters: 0 0 0

#Transform 82
Transform: AffineTransform_float_3_3
Parameters: 0.999998 -0.000375711 0.00148425 0.000370679 0.999994 0.00368987 -0.00148594 -0.00368968 0.999992 0.0310286 -0.0283025 -0.117214
FixedParameters: 0 0 0

#Transform 83
Transform: AffineTransform_float_3_3
Parameters: 0.999998 -0.000461172 0.00142468 0.00045572 0.999992 0.00388217 -0.00142588 -0.00388083 0.999992 0.0234964 -0.00523407 -0.0948028
FixedParameters: 0 0 0

#Transform 84
Transform: AffineTransform_float_3_3
Parameters: 0.999999 -0.000420206 0.00139277 0.000415941 0.999993 0.00364878 -0.00139474 -0.00364759 0.999992 0.024182 -0.0167768 -0.0996721
FixedParameters: 0 0 0

#Transform 85
Transform: AffineTransform_float_3_3
Parameters: 0.999999 -0.000351089 0.00134972 0.000346229 0.999992 0.00396947 -0.00135152 -0.00396851 0.999991 0.0238306 -0.00540482 -0.11279
FixedParameters: 0 0 0

#Transform 86
Transform: AffineTransform_float_3_3
Parameters: 0.999998 -0.00025657 0.00154736 0.000251579 0.999994 0.00334936 -0.00154869 -0.0033486 0.999993 0.0216698 -0.0704514 -0.123508
FixedParameters: 0 0 0

#Transform 87
Transform: AffineTransform_float_3_3
Parameters: 0.999999 -0.000139197 0.0013052 0.000134303 0.999992 0.00390039 -0.00130612 -0.00390006 0.999992 0.0153566 0.0187297 -0.0916549
FixedParameters: 0 0 0

#Transform 88
Transform: AffineTransform_float_3_3
Parameters: 0.999999 -0.000203649 0.00132887 0.000198804 0.999992 0.00403533 -0.00132954 -0.00403572 0.999991 0.0252914 -0.00349455 -0.118513
FixedParameters: 0 0 0

#Transform 89
Transform: AffineTransform_float_3_3
Parameters: 0.999999 0.000105094 0.00121102 -0.000109815 0.999993 0.00388219 -0.0012108 -0.00388219 0.999991 0.00722708 0.0575981 -0.10949
FixedParameters: 0 0 0

#Transform 90
Transform: AffineTransform_float_3_3
Parameters: 0.999998 0.000785875 0.00149017 -0.000791216 0.999993 0.00352932 -0.001488 -0.00352991 0.999993 -0.0265766 -0.0246265 -0.108745
FixedParameters: 0 0 0

#Transform 91
Transform: AffineTransform_float_3_3
Parameters: 0.999998 0.000926926 0.0013006 -0.000931048 0.999993 0.00357651 -0.00129735 -0.00357716 0.999993 -0.0260542 -0.0427451 -0.113917
FixedParameters: 0 0 0

#Transform 92
Transform: AffineTransform_float_3_3
Parameters: 0.999998 0.000856338 0.00137407 -0.000861468 0.999991 0.00402801 -0.00137119 -0.00402917 0.99999 -0.0269823 -0.0349441 -0.0995674
FixedParameters: 0 0 0

#Transform 93
Transform: AffineTransform_float_3_3
Parameters: 0.999999 0.001006 0.00144332 -0.00101145 0.999992 0.00396186 -0.00143926 -0.00396357 0.999991 -0.0263067 -0.099118 -0.0820977
FixedParameters: 0 0 0

#Transform 94
Transform: AffineTransform_float_3_3
Parameters: 0.999998 0.00110294 0.00131991 -0.00110823 0.999991 0.00402873 -0.001316 -0.00402991 0.999992 -0.0299269 0.0234931 -0.150755
FixedParameters: 0 0 0

#Transform 95
Transform: AffineTransform_float_3_3
Parameters: 0.999999 0.00121732 0.00137398 -0.0012225 0.999991 0.0041368 -0.00136932 -0.00413896 0.99999 -0.0361689 -0.0172615 -0.13223
FixedParameters: 0 0 0

#Transform 96
Transform: AffineTransform_float_3_3
Parameters: 0.999998 0.00126142 0.0015038 -0.00126687 0.999991 0.00405229 -0.00149816 -0.00405392 0.99999 -0.0416521 -0.0327899 -0.115905
FixedParameters: 0 0 0

#Transform 97
Transform: AffineTransform_float_3_3
Parameters: 0.999998 0.00133026 0.00153145 -0.00133648 0.999991 0.00404691 -0.00152608 -0.00404886 0.99999 -0.0400411 -0.0212102 -0.148198
FixedParameters: 0 0 0

#Transform 98
Transform: AffineTransform_float_3_3
Parameters: 0.999997 0.00135468 0.00169045 -0.00136205 0.99999 0.00423608 -0.00168504 -0.00423851 0.999989 -0.0385877 -0.00103477 -0.179419
FixedParameters: 0 0 0

#Transform 99
Transform: AffineTransform_float_3_3
Parameters: 0.999998 0.00131233 0.00164313 -0.00131983 0.99999 0.00438378 -0.0016378 -0.00438594 0.999989 -0.0388561 -0.0112602 -0.172568
FixedParameters: 0 0 0

#Transform 100
Transform: AffineTransform_float_3_3
Parameters: 0.999998 0.00127107 0.0016335 -0.00127858 0.999989 0.00457527 -0.00162734 -0.00457723 0.999988 -0.040164 -0.036549 -0.137842
FixedParameters: 0 0 0

#Transform 101
Transform: AffineTransform_float_3_3
Parameters: 0.999998 0.00133927 0.00159282 -0.00134524 0.99999 0.00423502 -0.00158673 -0.00423709 0.99999 -0.038336 -0.00837076 -0.18335
FixedParameters: 0 0 0

#Transform 102
Transform: AffineTransform_float_3_3
Parameters: 0.999998 0.00127235 0.0016137 -0.00127852 0.99999 0.00423925 -0.00160817 -0.00424116 0.99999 -0.0387102 -0.0102766 -0.176289
FixedParameters: 0 0 0

#Transform 103
Transform: AffineTransform_float_3_3
Parameters: 0.999998 0.00117323 0.00175346 -0.00118094 0.999989 0.00449415 -0.00174746 -0.00449603 0.999988 -0.0393233 -0.035405 -0.151778
FixedParameters: 0 0 0

#Transform 104
Transform: AffineTransform_float_3_3
Parameters: 0.999998 0.00118678 0.0017078 -0.00119545 0.999988 0.00472914 -0.00170208 -0.00473134 0.999987 -0.0380536 -0.0277989 -0.179655
FixedParameters: 0 0 0

#Transform 105
Transform: AffineTransform_float_3_3
Parameters: 0.999998 0.00126527 0.00165591 -0.00127267 0.999988 0.00472834 -0.00164998 -0.00473031 0.999987 -0.0364883 -0.0402622 -0.204869
FixedParameters: 0 0 0

#Transform 106
Transform: AffineTransform_float_3_3
Parameters: 0.999999 0.00119761 0.00142973 -0.00120436 0.999988 0.00476612 -0.00142461 -0.00476835 0.999988 -0.0413704 -0.0450885 -0.236337
FixedParameters: 0 0 0

#Transform 107
Transform: AffineTransform_float_3_3
Parameters: 0.999998 0.00128695 0.00163464 -0.00129489 0.999987 0.00501349 -0.00162942 -0.00501584 0.999987 -0.0455988 -0.0412506 -0.223228
FixedParameters: 0 0 0

#Transform 108
Transform: AffineTransform_float_3_3
Parameters: 0.999998 0.00117151 0.00151754 -0.00117889 0.999988 0.00486805 -0.00151171 -0.00486941 0.999987 -0.0351399 -0.0547818 -0.229358
FixedParameters: 0 0 0

#Transform 109
Transform: AffineTransform_float_3_3
Parameters: 0.999998 0.00113758 0.00159668 -0.00114534 0.999987 0.0049247 -0.00159024 -0.00492609 0.999986 -0.0344997 -0.059959 -0.23757
FixedParameters: 0 0 0

#Transform 110
Transform: AffineTransform_float_3_3
Parameters: 0.999998 0.00121849 0.00158555 -0.00122659 0.999986 0.00513524 -0.00157929 -0.00513688 0.999985 -0.0402046 -0.0308544 -0.258594
FixedParameters: 0 0 0

#Transform 111
Transform: AffineTransform_float_3_3
Parameters: 0.999999 0.0012292 0.00144279 -0.00123663 0.999985 0.00540272 -0.00143589 -0.00540499 0.999984 -0.0338497 -0.0462196 -0.257291
FixedParameters: 0 0 0

#Transform 112
Transform: AffineTransform_float_3_3
Parameters: 0.999998 0.00121639 0.00136301 -0.00122412 0.999984 0.0054894 -0.00135567 -0.00549053 0.999984 -0.0337554 -0.0532983 -0.261095
FixedParameters: 0 0 0

#Transform 113
Transform: AffineTransform_float_3_3
Parameters: 0.999999 0.0011975 0.00140128 -0.00120554 0.999984 0.0054672 -0.00139409 -0.00546838 0.999984 -0.0346314 -0.0546018 -0.240787
FixedParameters: 0 0 0

#Transform 114
Transform: AffineTransform_float_3_3
Parameters: 0.999999 0.00121208 0.00134107 -0.0012198 0.999983 0.00566751 -0.00133472 -0.00566859 0.999983 -0.0365331 -0.0498104 -0.249418
FixedParameters: 0 0 0

#Transform 115
Transform: AffineTransform_float_3_3
Parameters: 0.999998 0.00130853 0.00143512 -0.00131735 0.999983 0.00568096 -0.00142764 -0.00568256 0.999983 -0.033387 -0.10564 -0.252785
FixedParameters: 0 0 0

#Transform 116
Transform: AffineTransform_float_3_3
Parameters: 0.999998 0.00138658 0.00141063 -0.00139543 0.999981 0.00605725 -0.00140202 -0.00605991 0.999981 -0.0394534 -0.0535719 -0.299598
FixedParameters: 0 0 0

#Transform 117
Transform: AffineTransform_float_3_3
Parameters: 0.999998 0.00142747 0.00154495 -0.00143704 0.99998 0.00626151 -0.0015366 -0.00626367 0.999979 -0.0381218 -0.06968 -0.316992
FixedParameters: 0 0 0

#Transform 118
Transform: AffineTransform_float_3_3
Parameters: 0.999998 0.00140456 0.00155745 -0.00141399 0.999979 0.00635324 -0.00154831 -0.00635531 0.999978 -0.0380614 -0.0781165 -0.313263
FixedParameters: 0 0 0

#Transform 119
Transform: AffineTransform_float_3_3
Parameters: 0.999998 0.00134521 0.00151734 -0.00135451 0.99998 0.00622709 -0.00150863 -0.00622984 0.999979 -0.0373124 -0.0734375 -0.301215
FixedParameters: 0 0 0

#Transform 120
Transform: AffineTransform_float_3_3
Parameters: 0.999998 0.00132084 0.00153601 -0.00133075 0.999978 0.00634182 -0.00152744 -0.00634396 0.999979 -0.0377033 -0.0994148 -0.286205
FixedParameters: 0 0 0

#Transform 121
Transform: AffineTransform_float_3_3
Parameters: 0.999998 0.00133396 0.00145462 -0.00134258 0.999977 0.00652079 -0.0014461 -0.00652271 0.999978 -0.0299578 -0.0565896 -0.335606
FixedParameters: 0 0 0

#Transform 122
Transform: AffineTransform_float_3_3
Parameters: 0.999998 0.00149129 0.00153745 -0.00150269 0.999975 0.00684903 -0.00152701 -0.00685171 0.999976 -0.0367701 -0.0720994 -0.344392
FixedParameters: 0 0 0

#Transform 123
Transform: AffineTransform_float_3_3
Parameters: 0.999998 0.00132167 0.00148154 -0.00133247 0.999972 0.00726781 -0.00147093 -0.00727067 0.999973 -0.032505 -0.0745168 -0.348577
FixedParameters: 0 0 0

#Transform 124
Transform: AffineTransform_float_3_3
Parameters: 0.999999 0.00131611 0.00140054 -0.00132742 0.999968 0.00786664 -0.0013903 -0.00786802 0.999968 -0.0285226 -0.0527125 -0.355318
FixedParameters: 0 0 0

#Transform 125
Transform: AffineTransform_float_3_3
Parameters: 0.999999 0.00132314 0.00138169 -0.00133354 0.99997 0.00767709 -0.00137165 -0.00767937 0.999969 -0.0292509 -0.0866395 -0.346798
FixedParameters: 0 0 0

#Transform 126
Transform: AffineTransform_float_3_3
Parameters: 0.999998 0.00136799 0.00145399 -0.0013793 0.99997 0.00760434 -0.00144344 -0.007606 0.99997 -0.0318969 -0.0900568 -0.334189
FixedParameters: 0 0 0

#Transform 127
Transform: AffineTransform_float_3_3
Parameters: 0.999998 0.00135826 0.00153241 -0.00137048 0.99997 0.00768662 -0.00152107 -0.00768842 0.999969 -0.0282537 -0.0482955 -0.361914
FixedParameters: 0 0 0

#Transform 128
Transform: AffineTransform_float_3_3
Parameters: 0.999998 0.00133356 0.00147951 -0.00134582 0.999969 0.00778763 -0.00146911 -0.00779021 0.999968 -0.0288762 -0.0607588 -0.34787
FixedParameters: 0 0 0

#Transform 129
Transform: AffineTransform_float_3_3
Parameters: 0.999998 0.00131671 0.00148974 -0.00132865 0.99997 0.007633 -0.00147989 -0.00763461 0.999969 -0.0293511 -0.0591793 -0.339277
FixedParameters: 0 0 0

#Transform 130
Transform: AffineTransform_float_3_3
Parameters: 0.999998 0.00126602 0.00159544 -0.00127906 0.99997 0.0076586 -0.00158548 -0.00766122 0.999969 -0.0291196 -0.0611074 -0.339694
FixedParameters: 0 0 0

#Transform 131
Transform: AffineTransform_float_3_3
Parameters: 0.999998 0.00130934 0.00149824 -0.0013197 0.999971 0.00754506 -0.0014884 -0.00754752 0.99997 -0.0295298 -0.0595196 -0.336352
FixedParameters: 0 0 0

#Transform 132
Transform: AffineTransform_float_3_3
Parameters: 0.999998 0.00129792 0.0015734 -0.00130975 0.99997 0.00765272 -0.00156359 -0.00765569 0.99997 -0.0287134 -0.0670437 -0.347453
FixedParameters: 0 0 0

#Transform 133
Transform: AffineTransform_float_3_3
Parameters: 0.999998 0.0013246 0.00155639 -0.00133653 0.999969 0.00773613 -0.00154601 -0.00773786 0.999969 -0.0261244 -0.0625168 -0.352245
FixedParameters: 0 0 0

#Transform 134
Transform: AffineTransform_float_3_3
Parameters: 0.999998 0.00131696 0.00156508 -0.00132973 0.999968 0.00794742 -0.00155451 -0.0079495 0.999968 -0.0294987 -0.07055 -0.329628
FixedParameters: 0 0 0

#Transform 135
Transform: AffineTransform_float_3_3
Parameters: 0.999998 0.00114677 0.00167955 -0.00115959 0.999969 0.00778972 -0.00167022 -0.00779237 0.999968 -0.0253296 -0.070317 -0.331745
FixedParameters: 0 0 0

#Transform 136
Transform: AffineTransform_float_3_3
Parameters: 0.999998 0.00124333 0.00161187 -0.00125544 0.999969 0.00771318 -0.00160204 -0.0077151 0.999969 -0.025109 -0.0543258 -0.354831
FixedParameters: 0 0 0

#Transform 137
Transform: AffineTransform_float_3_3
Parameters: 0.999998 0.00130689 0.00157351 -0.00131924 0.999967 0.00803588 -0.00156346 -0.00803885 0.999967 -0.028041 -0.0392019 -0.370383
FixedParameters: 0 0 0

#Transform 138
Transform: AffineTransform_float_3_3
Parameters: 0.999998 0.00132175 0.0015663 -0.00133467 0.999965 0.00822166 -0.00155571 -0.00822373 0.999965 -0.0285411 -0.0482183 -0.357007
FixedParameters: 0 0 0

#Transform 139
Transform: AffineTransform_float_3_3
Parameters: 0.999998 0.00127852 0.00159362 -0.00129163 0.999967 0.00807741 -0.00158263 -0.0080794 0.999967 -0.0288512 -0.0655856 -0.34345
FixedParameters: 0 0 0

#Transform 140
Transform: AffineTransform_float_3_3
Parameters: 0.999998 0.00135724 0.00150491 -0.00136907 0.999966 0.00818504 -0.00149381 -0.00818671 0.999966 -0.0305465 0.0141812 -0.345015
FixedParameters: 0 0 0

#Transform 141
Transform: AffineTransform_float_3_3
Parameters: 0.999998 0.00129223 0.00149101 -0.00130374 0.999967 0.00793986 -0.00148077 -0.0079426 0.999967 -0.0299594 -0.107246 -0.308999
FixedParameters: 0 0 0

#Transform 142
Transform: AffineTransform_float_3_3
Parameters: 0.999998 0.0012335 0.00150546 -0.00124521 0.999968 0.00791411 -0.00149617 -0.00791637 0.999967 -0.0293818 -0.0915479 -0.326739
FixedParameters: 0 0 0

#Transform 143
Transform: AffineTransform_float_3_3
Parameters: 0.999998 0.00126508 0.00159701 -0.00127756 0.999969 0.00771863 -0.00158763 -0.00772062 0.999969 -0.0272222 -0.105625 -0.358406
FixedParameters: 0 0 0

#Transform 144
Transform: AffineTransform_float_3_3
Parameters: 0.999999 0.00107305 0.00153806 -0.00108494 0.999967 0.00814077 -0.0015294 -0.00814159 0.999965 -0.0320941 -0.0546772 -0.292265
FixedParameters: 0 0 0

#Transform 145
Transform: AffineTransform_float_3_3
Parameters: 0.999998 0.0012353 0.00192074 -0.0012499 0.99997 0.00770394 -0.00191125 -0.00770648 0.999968 -0.0286698 -0.0209328 -0.355749
FixedParameters: 0 0 0

#Transform 146
Transform: AffineTransform_float_3_3
Parameters: 0.999998 0.00117659 0.00166804 -0.00119051 0.999964 0.00834821 -0.00165802 -0.00834998 0.999964 -0.0293225 -0.062248 -0.336538
FixedParameters: 0 0 0

#Transform 147
Transform: AffineTransform_float_3_3
Parameters: 0.999997 0.00121992 0.0017691 -0.00123322 0.999968 0.00796019 -0.00175956 -0.00796231 0.999967 -0.0283277 -0.0740503 -0.347411
FixedParameters: 0 0 0

#Transform 148
Transform: AffineTransform_float_3_3
Parameters: 0.999998 0.00109384 0.00171962 -0.00110738 0.999967 0.00802042 -0.00171138 -0.00802202 0.999966 -0.0255957 -0.0674355 -0.364748
FixedParameters: 0 0 0

#Transform 149
Transform: AffineTransform_float_3_3
Parameters: 0.999998 0.00119561 0.00171597 -0.00120953 0.999966 0.00814175 -0.00170591 -0.00814369 0.999965 -0.0269126 -0.0931702 -0.368041
FixedParameters: 0 0 0

#Transform 150
Transform: AffineTransform_float_3_3
Parameters: 0.999997 0.00118901 0.0019594 -0.00120475 0.999966 0.0081386 -0.00194986 -0.00814005 0.999965 -0.0268682 -0.0909959 -0.363451
FixedParameters: 0 0 0

#Transform 151
Transform: AffineTransform_float_3_3
Parameters: 0.999997 0.00117661 0.00196816 -0.00119253 0.999967 0.00815305 -0.00195881 -0.00815541 0.999965 -0.0277804 -0.10565 -0.340796
FixedParameters: 0 0 0

#Transform 152
Transform: AffineTransform_float_3_3
Parameters: 0.999997 0.00115102 0.00206408 -0.00116652 0.999969 0.00773109 -0.00205562 -0.0077339 0.999968 -0.0271499 -0.113448 -0.346632
FixedParameters: 0 0 0

#Transform 153
Transform: AffineTransform_float_3_3
Parameters: 0.999998 0.00106127 0.00204658 -0.00107759 0.999967 0.00809516 -0.0020382 -0.00809719 0.999965 -0.0302982 -0.0838845 -0.299936
FixedParameters: 0 0 0

#Transform 154
Transform: AffineTransform_float_3_3
Parameters: 0.999997 0.00103627 0.00212579 -0.00105191 0.999969 0.00779809 -0.00211745 -0.00780046 0.999968 -0.0239089 -0.0530151 -0.359577
FixedParameters: 0 0 0

#Transform 155
Transform: AffineTransform_float_3_3
Parameters: 0.999998 0.00104696 0.00205898 -0.00106364 0.999965 0.00826133 -0.00204991 -0.00826268 0.999964 -0.017954 -0.00238029 -0.356453
FixedParameters: 0 0 0

#Transform 156
Transform: AffineTransform_float_3_3
Parameters: 0.999997 0.00102248 0.00223827 -0.00104056 0.999968 0.00794238 -0.00222993 -0.00794493 0.999966 -0.0180103 -0.114454 -0.311854
FixedParameters: 0 0 0

#Transform 157
Transform: AffineTransform_float_3_3
Parameters: 0.999998 0.00114101 0.00204242 -0.00115853 0.999964 0.00838277 -0.00203243 -0.00838452 0.999963 -0.0213373 0.0181789 -0.400422
FixedParameters: 0 0 0

#Transform 158
Transform: AffineTransform_float_3_3
Parameters: 0.999997 0.00105511 0.0021108 -0.00107273 0.999965 0.00828548 -0.00210155 -0.00828792 0.999964 -0.020726 -0.0691674 -0.348111
FixedParameters: 0 0 0

#Transform 159
Transform: AffineTransform_float_3_3
Parameters: 0.999998 0.00107683 0.0020729 -0.00109333 0.999964 0.00836364 -0.0020637 -0.00836605 0.999963 -0.0218724 -0.0677686 -0.349157
FixedParameters: 0 0 0

#Transform 160
Transform: AffineTransform_float_3_3
Parameters: 0.999997 0.00106485 0.00216197 -0.00108186 0.999969 0.00779813 -0.0021526 -0.00780074 0.999967 -0.0247791 -0.0970909 -0.348103
FixedParameters: 0 0 0

#Transform 161
Transform: AffineTransform_float_3_3
Parameters: 0.999998 0.00107406 0.00208115 -0.00109081 0.999967 0.00807543 -0.00207264 -0.00807792 0.999965 -0.0207822 -0.0767101 -0.378169
FixedParameters: 0 0 0

#Transform 162
Transform: AffineTransform_float_3_3
Parameters: 0.999998 0.000936942 0.00210896 -0.000954538 0.999964 0.00840945 -0.00210073 -0.00841134 0.999963 -0.018152 -0.0911318 -0.32025
FixedParameters: 0 0 0

#Transform 163
Transform: AffineTransform_float_3_3
Parameters: 0.999998 0.000938949 0.00211237 -0.0009572 0.999965 0.00840504 -0.00210488 -0.00840665 0.999962 -0.0172366 -0.06858 -0.339466
FixedParameters: 0 0 0

#Transform 164
Transform: AffineTransform_float_3_3
Parameters: 0.999997 0.000842296 0.00225034 -0.000861189 0.999963 0.00848428 -0.00224336 -0.00848627 0.999961 -0.00667188 -0.0411172 -0.38647
FixedParameters: 0 0 0

#Transform 165
Transform: AffineTransform_float_3_3
Parameters: 0.999996 0.000635359 0.00262318 -0.000658527 0.999961 0.00882615 -0.00261736 -0.00882839 0.999957 0.00345608 -0.0558104 -0.378379
FixedParameters: 0 0 0

#Transform 166
Transform: AffineTransform_float_3_3
Parameters: 0.999996 0.000548141 0.00272151 -0.000571935 0.999962 0.00872891 -0.00271656 -0.00873015 0.999958 0.0053922 -0.0540998 -0.384193
FixedParameters: 0 0 0

#Transform 167
Transform: AffineTransform_float_3_3
Parameters: 0.999996 0.000471584 0.00271758 -0.000496865 0.999958 0.00909587 -0.00271311 -0.00909666 0.999955 0.00756767 -0.0213779 -0.395748
FixedParameters: 0 0 0

#Transform 168
Transform: AffineTransform_float_3_3
Parameters: 0.999995 0.000433651 0.00281946 -0.000459344 0.999958 0.00922605 -0.00281602 -0.00922755 0.999953 0.00807401 -0.0246366 -0.40302
FixedParameters: 0 0 0

#Transform 169
Transform: AffineTransform_float_3_3
Parameters: 0.999996 0.000340917 0.00286446 -0.000367575 0.999955 0.00944811 -0.00286108 -0.00944937 0.999951 0.0164174 -0.0262261 -0.418726
FixedParameters: 0 0 0

#Transform 170
Transform: AffineTransform_float_3_3
Parameters: 0.999995 4.44728e-05 0.00298863 -7.33593e-05 0.999953 0.00969898 -0.0029886 -0.00969937 0.999948 0.0259554 -0.043935 -0.428489
FixedParameters: 0 0 0

#Transform 171
Transform: AffineTransform_float_3_3
Parameters: 0.999996 -6.01225e-05 0.00283391 3.30426e-05 0.999953 0.00972177 -0.00283398 -0.00972155 0.999949 0.022541 -0.0740571 -0.399345
FixedParameters: 0 0 0

#Transform 172
Transform: AffineTransform_float_3_3
Parameters: 0.999996 6.13003e-05 0.00268999 -8.80916e-05 0.999952 0.00979883 -0.0026889 -0.00979813 0.999948 0.0198316 -0.071953 -0.413847
FixedParameters: 0 0 0

#Transform 173
Transform: AffineTransform_float_3_3
Parameters: 0.999996 -4.04647e-05 0.00261871 1.50294e-05 0.999952 0.00977069 -0.00261815 -0.00977036 0.999949 0.0202767 -0.0826835 -0.418285
FixedParameters: 0 0 0

#Transform 174
Transform: AffineTransform_float_3_3
Parameters: 0.999996 3.6783e-05 0.0026304 -6.28109e-05 0.999951 0.00987865 -0.00262981 -0.00987875 0.999947 0.0215179 -0.0613159 -0.441322
FixedParameters: 0 0 0

#Transform 175
Transform: AffineTransform_float_3_3
Parameters: 0.999997 0.000184773 0.00255741 -0.000210239 0.999951 0.00982587 -0.00255553 -0.00982588 0.999949 0.010595 -0.0604555 -0.459119
FixedParameters: 0 0 0

#Transform 176
Transform: AffineTransform_float_3_3
Parameters: 0.999997 9.00043e-05 0.00253193 -0.00011355 0.999955 0.00952587 -0.00253029 -0.00952629 0.999952 0.0154592 -0.0798847 -0.460676
FixedParameters: 0 0 0

#Transform 177
Transform: AffineTransform_float_3_3
Parameters: 0.999997 0.000226278 0.00255048 -0.0002502 0.999953 0.00971921 -0.00254832 -0.00971938 0.99995 0.00903514 -0.0710593 -0.456323
FixedParameters: 0 0 0

#Transform 178
Transform: AffineTransform_float_3_3
Parameters: 0.999997 0.000165207 0.00257911 -0.000189983 0.999952 0.00972934 -0.00257673 -0.0097292 0.999949 0.0106605 -0.0866403 -0.447021
FixedParameters: 0 0 0

#Transform 179
Transform: AffineTransform_float_3_3
Parameters: 0.999996 6.79429e-05 0.00264548 -9.34308e-05 0.999954 0.00962874 -0.00264491 -0.00962905 0.99995 0.0216252 -0.0714203 -0.478189
FixedParameters: 0 0 0

#Transform 180
Transform: AffineTransform_float_3_3
Parameters: 0.999997 0.000120497 0.00254314 -0.000145472 0.999951 0.00989997 -0.00254171 -0.00990053 0.999947 0.0210438 -0.0716763 -0.473567
FixedParameters: 0 0 0

#Transform 181
Transform: AffineTransform_float_3_3
Parameters: 0.999996 4.53178e-05 0.00264678 -7.1881e-05 0.999951 0.00991056 -0.00264612 -0.00991071 0.999948 0.0204829 -0.0693799 -0.444635
FixedParameters: 0 0 0

#Transform 182
Transform: AffineTransform_float_3_3
Parameters: 0.999996 5.28141e-05 0.00269152 -7.90097e-05 0.999952 0.009837 -0.00269119 -0.00983716 0.999948 0.0207493 -0.0940294 -0.444403
FixedParameters: 0 0 0

#Transform 183
Transform: AffineTransform_float_3_3
Parameters: 0.999996 3.1729e-05 0.00268232 -5.84022e-05 0.99995 0.0100504 -0.00268179 -0.0100504 0.999946 0.0204713 -0.0744928 -0.476861
FixedParameters: 0 0 0

#Transform 184
Transform: AffineTransform_float_3_3
Parameters: 0.999997 5.02587e-05 0.0027336 -7.87831e-05 0.999948 0.0102 -0.00273281 -0.0102004 0.999945 0.0204037 -0.0793404 -0.482788
FixedParameters: 0 0 0

#Transform 185
Transform: AffineTransform_float_3_3
Parameters: 0.999996 -5.6278e-05 0.00279311 2.85866e-05 0.999948 0.010194 -0.00279335 -0.0101947 0.999944 0.0212588 -0.0695294 -0.494146
FixedParameters: 0 0 0

#Transform 186
Transform: AffineTransform_float_3_3
Parameters: 0.999996 -9.4266e-05 0.00271768 6.60142e-05 0.999946 0.0103976 -0.00271844 -0.0103978 0.999942 0.0241725 -0.0836224 -0.483627
FixedParameters: 0 0 0

#Transform 187
Transform: AffineTransform_float_3_3
Parameters: 0.999996 -7.16301e-05 0.00276871 4.42534e-05 0.999948 0.0102149 -0.00276936 -0.0102146 0.999945 0.0226926 -0.0965658 -0.46893
FixedParameters: 0 0 0

#Transform 188
Transform: AffineTransform_float_3_3
Parameters: 0.999996 -3.69889e-05 0.00286565 9.41363e-06 0.999952 0.00974214 -0.00286665 -0.00974207 0.999948 0.0251391 -0.103601 -0.491117
FixedParameters: 0 0 0

#Transform 189
Transform: AffineTransform_float_3_3
Parameters: 0.999996 7.78396e-05 0.00270121 -0.000106172 0.999947 0.0102725 -0.00269991 -0.0102727 0.999943 0.0142507 -0.0844795 -0.460904
FixedParameters: 0 0 0
