#Insight Transform File V1.0
#Transform 0
Transform: AffineTransform_float_3_3
Parameters: 1 0.000393238 0.000190312 -0.00039335 0.999999 -0.00178225 -0.000191402 0.00178204 0.999999 -0.0063412 0.00272418 -0.163237
FixedParameters: 0 0 0

#Transform 1
Transform: AffineTransform_float_3_3
Parameters: 1 0.000462722 0.000134167 -0.000461905 0.999999 -0.000913442 -0.000134199 0.00091335 0.999999 -0.0107995 -0.0279853 -0.124926
FixedParameters: 0 0 0

#Transform 2
Transform: AffineTransform_float_3_3
Parameters: 1 0.00059534 4.72178e-05 -0.000595432 0.999998 -0.0014856 -4.77339e-05 0.00148552 0.999999 -0.0125241 -0.0225404 -0.0425803
FixedParameters: 0 0 0

#Transform 3
Transform: AffineTransform_float_3_3
Parameters: 1 0.000285612 -6.84053e-05 -0.000285131 0.999999 -0.000659183 6.88424e-05 0.000659254 1 -0.0121329 0.129993 -0.0908647
FixedParameters: 0 0 0

#Transform 4
Transform: AffineTransform_float_3_3
Parameters: 1 7.8367e-05 -0.000319306 -7.93947e-05 0.999998 -0.00163036 0.000318921 0.00163041 0.999998 -0.0159089 0.113467 -0.034065
FixedParameters: 0 0 0

#Transform 5
Transform: AffineTransform_float_3_3
Parameters: 1 0.000218708 -5.40203e-05 -0.00021966 0.999999 -0.00135654 5.38653e-05 0.0013565 0.999999 -0.0183472 0.0964211 -0.0257253
FixedParameters: 0 0 0

#Transform 6
Transform: AffineTransform_float_3_3
Parameters: 1 0.000279306 2.97591e-05 -0.000278658 1 -0.00132615 -2.97514e-05 0.00132651 0.999999 -0.017922 0.0621743 -0.016128
FixedParameters: 0 0 0

#Transform 7
Transform: AffineTransform_float_3_3
Parameters: 1 0.000198605 6.85387e-05 -0.000198434 1 -0.00114656 -6.91218e-05 0.00114654 1 -0.0242335 -0.0912854 0.079065
FixedParameters: 0 0 0

#Transform 8
Transform: AffineTransform_float_3_3
Parameters: 1 0.000221725 -5.40145e-05 -0.000221845 0.999999 -0.00124444 5.33346e-05 0.00124447 0.999999 -0.0218691 -0.0186823 0.100604
FixedParameters: 0 0 0

#Transform 9
Transform: AffineTransform_float_3_3
Parameters: 1 0.000137641 -0.000325559 -0.000137087 0.999999 -0.00130332 0.000325319 0.0013035 0.999999 -0.0128374 0.0766175 0.0394161
FixedParameters: 0 0 0

#Transform 10
Transform: AffineTransform_float_3_3
Parameters: 1 0.000126081 -0.000151977 -0.000126446 0.999999 -0.00124368 0.000151535 0.00124372 0.999999 -0.0124091 -0.00785534 0.0608127
FixedParameters: 0 0 0

#Transform 11
Transform: AffineTransform_float_3_3
Parameters: 1 0.000205187 -9.21156e-05 -0.00020473 1 -0.000621799 9.2674e-05 0.000621868 1 -0.0108416 -0.00124407 0.107315
FixedParameters: 0 0 0

#Transform 12
Transform: AffineTransform_float_3_3
Parameters: 1 -0.000126858 -4.53525e-05 0.000126779 0.999999 -0.000874399 4.55742e-05 0.000874388 0.999999 0.00282705 0.0996934 -0.00419038
FixedParameters: 0 0 0

#Transform 13
Transform: AffineTransform_float_3_3
Parameters: 1 -0.000166463 0.000176247 0.000166739 0.999999 -0.000782052 -0.000175986 0.000782111 0.999999 0.0126071 0.0929775 -0.0375789
FixedParameters: 0 0 0

#Transform 14
Transform: AffineTransform_float_3_3
Parameters: 1 -0.000225974 0.000249513 0.000225522 0.999999 -0.000734634 -0.000248614 0.00073469 0.999999 0.00797164 0.0884245 -0.0493397
FixedParameters: 0 0 0

#Transform 15
Transform: AffineTransform_float_3_3
Parameters: 1 -0.00034996 0.00040376 0.000350198 1 -0.000917414 -0.000403979 0.000916728 0.999999 -0.00483096 -0.0403847 0.0242744
FixedParameters: 0 0 0

#Transform 16
Transform: AffineTransform_float_3_3
Parameters: 1 -0.000283994 0.000329715 0.000283994 0.999999 -0.000866646 -0.000330036 0.000866802 0.999999 -0.00488208 -0.0103148 0.0433521
FixedParameters: 0 0 0

#Transform 17
Transform: AffineTransform_float_3_3
Parameters: 1 -0.0001699 1.37129e-06 0.0001699 1 -0.000118364 -1.33107e-06 0.000118364 1 0.0146287 0.103364 -0.0235613
FixedParameters: 0 0 0

#Transform 18
Transform: AffineTransform_float_3_3
Parameters: 1 5.92814e-05 -0.000163943 -5.92853e-05 1 -1.17571e-05 0.000163941 1.17766e-05 1 -0.00493677 0.0608064 0.0021676
FixedParameters: 0 0 0

#Transform 19
Transform: AffineTransform_float_3_3
Parameters: 1 -7.25593e-05 -8.66533e-05 7.25284e-05 1 -0.000178167 8.66792e-05 0.000178155 1 0.00347305 0.096356 -0.00868391
FixedParameters: 0 0 0

#Transform 20
Transform: AffineTransform_float_3_3
Parameters: 1 0.000414216 -0.00029317 -0.000414266 1 -8.47161e-05 0.000293099 8.4959e-05 1 0.00300023 -0.0205125 -0.0207587
FixedParameters: 0 0 0

#Transform 21
Transform: AffineTransform_float_3_3
Parameters: 1 0.000301511 -0.000406005 -0.000301218 0.999999 -0.000646895 0.000405048 0.000647195 0.999999 -0.00654203 0.0308678 0.0207588
FixedParameters: 0 0 0

#Transform 22
Transform: AffineTransform_float_3_3
Parameters: 0.999999 1.01675e-05 -0.000775075 -1.05885e-05 0.999999 -0.00118675 0.000775106 0.00118651 0.999999 0.00186765 0.0819526 -0.0131865
FixedParameters: 0 0 0

#Transform 23
Transform: AffineTransform_float_3_3
Parameters: 1 1.40895e-05 -0.000358884 -1.43221e-05 1 -0.00113794 0.000359537 0.00113798 1 -0.00436059 0.0902987 -0.0643132
FixedParameters: 0 0 0

#Transform 24
Transform: AffineTransform_float_3_3
Parameters: 1 0.00020759 -0.000234409 -0.00020775 0.999999 -0.00173681 0.000234325 0.001736 0.999998 -0.0140705 -0.0389617 0.0051639
FixedParameters: 0 0 0

#Transform 25
Transform: AffineTransform_float_3_3
Parameters: 1 0.000171698 -0.000579828 -0.000171196 0.999999 -0.000779396 0.000579744 0.00077934 1 -0.0138416 -0.0220118 0.0482448
FixedParameters: 0 0 0

#Transform 26
Transform: AffineTransform_float_3_3
Parameters: 1 -0.000126079 -0.000412891 0.000125365 0.999999 -0.000865125 0.000413108 0.000865021 0.999999 -0.000738606 0.0900194 -0.05514
FixedParameters: 0 0 0

#Transform 27
Transform: AffineTransform_float_3_3
Parameters: 1 9.01326e-05 -0.000271668 -9.06491e-05 0.999999 -0.000950992 0.000271496 0.000951041 0.999999 0.00449492 0.0195406 -0.0322015
FixedParameters: 0 0 0

#Transform 28
Transform: AffineTransform_float_3_3
Parameters: 1 1.15771e-05 -0.000423588 -1.22135e-05 0.999999 -0.000770296 0.000423507 0.000769963 1 -0.00185069 0.03264 -0.0024545
FixedParameters: 0 0 0

#Transform 29
Transform: AffineTransform_float_3_3
Parameters: 1 5.66504e-05 -0.000249774 -5.71044e-05 0.999999 -0.000908908 0.00024967 0.000908936 0.999999 0.0133246 0.0175684 -0.0155661
FixedParameters: 0 0 0

#Transform 30
Transform: AffineTransform_float_3_3
Parameters: 1 0.000289046 -0.000433898 -0.000288115 1 -0.000528628 0.000433838 0.000528966 1 -0.00376241 0.00871834 0.0254794
FixedParameters: 0 0 0

#Transform 31
Transform: AffineTransform_float_3_3
Parameters: 1 -0.000125012 -0.000416075 0.000125061 1 -0.000627638 0.000417045 0.000627565 0.999999 -0.000974749 0.0677116 -0.0328857
FixedParameters: 0 0 0

#Transform 32
Transform: AffineTransform_float_3_3
Parameters: 1 7.65826e-07 -0.00051975 -1.22177e-06 1 -0.000438621 0.000519749 0.000438622 1 7.26068e-05 0.069042 -0.0284244
FixedParameters: 0 0 0

#Transform 33
Transform: AffineTransform_float_3_3
Parameters: 1 0.000412928 -0.000293307 -0.00041299 1 -0.000104675 0.00029322 0.000104917 1 0.000251926 -0.0126312 -0.0545573
FixedParameters: 0 0 0

#Transform 34
Transform: AffineTransform_float_3_3
Parameters: 1 0.000464729 -0.000436408 -0.000464814 1 -9.69754e-05 0.000436318 9.7381e-05 1 -0.00375132 0.0104767 0.0333055
FixedParameters: 0 0 0

#Transform 35
Transform: AffineTransform_float_3_3
Parameters: 1 0.000153838 -9.39041e-05 -0.000153789 1 0.0002593 9.39839e-05 -0.000259271 1 0.00122266 0.0940756 -0.100874
FixedParameters: 0 0 0

#Transform 36
Transform: AffineTransform_float_3_3
Parameters: 1 0.000520557 -0.000174065 -0.000520452 1 0.000300475 0.000174378 -0.000300293 1 0.000109221 0.0140141 -0.0624949
FixedParameters: 0 0 0

#Transform 37
Transform: AffineTransform_float_3_3
Parameters: 1 0.00014143 -0.000101094 -0.00014144 1 -4.85002e-05 0.00010108 4.85288e-05 1 0.00131401 0.0725969 -0.103367
FixedParameters: 0 0 0

#Transform 38
Transform: AffineTransform_float_3_3
Parameters: 1 0.000415494 -0.000209617 -0.000415399 1 0.00022628 0.000209805 -0.000226106 1 -4.0293e-05 0.00720084 -0.0605729
FixedParameters: 0 0 0

#Transform 39
Transform: AffineTransform_float_3_3
Parameters: 1 0.000244069 -0.000150954 -0.000243957 1 0.000372143 0.000151136 -0.000372069 1 0.000954187 0.07548 -0.126751
FixedParameters: 0 0 0

#Transform 40
Transform: AffineTransform_float_3_3
Parameters: 1 0.000414118 -0.000144566 -0.000414049 1 0.000238947 0.000144764 -0.000238827 1 0.00156767 0.00754933 -0.0942507
FixedParameters: 0 0 0

#Transform 41
Transform: AffineTransform_float_3_3
Parameters: 1 0.000208814 -6.02671e-05 -0.000208806 1 6.91606e-05 6.0296e-05 -6.91354e-05 1 0.00317385 0.0585969 -0.136581
FixedParameters: 0 0 0

#Transform 42
Transform: AffineTransform_float_3_3
Parameters: 1 0.000373622 -0.00016386 -0.000373551 1 0.000216622 0.000164022 -0.0002165 1 0.000402581 -0.032862 -0.079764
FixedParameters: 0 0 0

#Transform 43
Transform: AffineTransform_float_3_3
Parameters: 1 8.70779e-05 -5.67535e-05 -8.70692e-05 1 7.69496e-05 5.67669e-05 -7.69397e-05 1 0.00146038 0.0312798 -0.118092
FixedParameters: 0 0 0

#Transform 44
Transform: AffineTransform_float_3_3
Parameters: 1 6.5844e-05 -3.20152e-05 -6.58267e-05 1 0.000270551 3.20508e-05 -0.000270547 1 4.61045e-05 0.0487438 -0.0997989
FixedParameters: 0 0 0

#Transform 45
Transform: AffineTransform_float_3_3
Parameters: 1 -4.87155e-06 -4.89911e-07 4.87148e-06 1 -7.58421e-05 4.9065e-07 7.58421e-05 1 0.00548994 0.0410951 -0.109228
FixedParameters: 0 0 0

#Transform 46
Transform: AffineTransform_float_3_3
Parameters: 1 0.00015915 -8.87556e-05 -0.000159073 1 0.000431284 8.88928e-05 -0.000431256 1 -1.82184e-06 0.0504528 -0.0867486
FixedParameters: 0 0 0

#Transform 47
Transform: AffineTransform_float_3_3
Parameters: 1 1.72121e-05 -1.07168e-05 -1.72116e-05 1 2.5018e-05 1.07176e-05 -2.50177e-05 1 0.0100632 0.0861593 -0.128747
FixedParameters: 0 0 0

#Transform 48
Transform: AffineTransform_float_3_3
Parameters: 1 0.000299812 -0.000205693 -0.000299786 1 6.43054e-05 0.000205731 -6.41821e-05 1 0.00791618 -0.0457003 -0.0501971
FixedParameters: 0 0 0

#Transform 49
Transform: AffineTransform_float_3_3
Parameters: 1 -9.27188e-05 -0.000411821 9.26698e-05 1 -5.95635e-05 0.000411832 5.94871e-05 1 0.0107834 0.138553 -0.0571103
FixedParameters: 0 0 0

#Transform 50
Transform: AffineTransform_float_3_3
Parameters: 1 4.77868e-06 -9.77154e-05 -4.74317e-06 1 0.000181703 9.77172e-05 -0.000181702 1 0.00725409 0.142004 -0.0731446
FixedParameters: 0 0 0

#Transform 51
Transform: AffineTransform_float_3_3
Parameters: 1 0.000141371 1.48175e-05 -0.000141401 1 0.000496543 -1.46149e-05 -0.000496204 0.999999 0.00635497 0.0913101 -0.0816243
FixedParameters: 0 0 0

#Transform 52
Transform: AffineTransform_float_3_3
Parameters: 1 0.000474005 6.90594e-05 -0.000474045 1 0.000293748 -6.87808e-05 -0.000293814 1 -0.00127939 0.0060594 -0.0677383
FixedParameters: 0 0 0

#Transform 53
Transform: AffineTransform_float_3_3
Parameters: 1 0.000349594 0.000129839 -0.000349736 1 0.000548845 -0.000129455 -0.000548936 1 -0.00149931 0.0519357 -0.0755871
FixedParameters: 0 0 0

#Transform 54
Transform: AffineTransform_float_3_3
Parameters: 1 0.000277421 0.000138157 -0.000277596 1 0.000634602 -0.000137805 -0.000634678 1 0.00156795 0.051076 -0.0676782
FixedParameters: 0 0 0

#Transform 55
Transform: AffineTransform_float_3_3
Parameters: 1 0.00067945 1.22582e-05 -0.000678652 0.999999 0.00078204 -1.17636e-05 -0.000782 0.999999 -0.00249117 0.003546 -0.0333495
FixedParameters: 0 0 0

#Transform 56
Transform: AffineTransform_float_3_3
Parameters: 1 0.000307318 2.83734e-06 -0.000307337 1 0.000613228 -2.39825e-06 -0.000612886 0.999999 0.00291269 0.0708514 -0.0595941
FixedParameters: 0 0 0

#Transform 57
Transform: AffineTransform_float_3_3
Parameters: 1 0.000105238 6.36482e-05 -0.000105321 1 0.000649183 -6.35115e-05 -0.000649196 1 0.00505277 0.0748766 -0.0811557
FixedParameters: 0 0 0

#Transform 58
Transform: AffineTransform_float_3_3
Parameters: 1 0.00024683 0.000213455 -0.000247073 1 0.000569926 -0.000213174 -0.000570031 1 -0.00274826 0.0495115 -0.0728055
FixedParameters: 0 0 0

#Transform 59
Transform: AffineTransform_float_3_3
Parameters: 1 0.000131545 5.7036e-05 -0.00013158 1 0.000306829 -5.69552e-05 -0.000306844 1 0.0102073 0.0987253 -0.137687
FixedParameters: 0 0 0

#Transform 60
Transform: AffineTransform_float_3_3
Parameters: 1 0.00019595 3.65629e-05 -0.000196011 0.999999 0.000828917 -3.62379e-05 -0.000828931 0.999999 0.00748327 0.0825589 -0.0833443
FixedParameters: 0 0 0

#Transform 61
Transform: AffineTransform_float_3_3
Parameters: 1 0.000266352 -7.7392e-05 -0.000266316 1 0.000230928 7.7515e-05 -0.000230887 1 0.00730327 0.0137024 -0.0913446
FixedParameters: 0 0 0

#Transform 62
Transform: AffineTransform_float_3_3
Parameters: 1 0.000250391 -7.3446e-05 -0.000250322 1 0.000470422 7.36816e-05 -0.000470386 1 0.00529571 0.0875765 -0.0628227
FixedParameters: 0 0 0

#Transform 63
Transform: AffineTransform_float_3_3
Parameters: 1 0.000111449 1.302e-05 -0.000111451 1 5.58869e-05 -1.30076e-05 -5.58898e-05 1 0.0110212 0.0700259 -0.117025
FixedParameters: 0 0 0

#Transform 64
Transform: AffineTransform_float_3_3
Parameters: 1 0.000435177 -4.9847e-05 -0.000435116 0.999999 0.000608717 5.03767e-05 -0.000608673 1 0.00641838 0.0237266 -0.0586299
FixedParameters: 0 0 0

#Transform 65
Transform: AffineTransform_float_3_3
Parameters: 1 0.000116174 -5.77129e-05 -0.000116122 1 0.000452875 5.78181e-05 -0.000452862 1 0.0133598 0.106576 -0.122032
FixedParameters: 0 0 0

#Transform 66
Transform: AffineTransform_float_3_3
Parameters: 1 8.3264e-05 -2.56414e-05 -8.32316e-05 1 0.000631143 2.57465e-05 -0.000631138 1 0.018782 0.0539374 -0.0954954
FixedParameters: 0 0 0

#Transform 67
Transform: AffineTransform_float_3_3
Parameters: 1 7.49526e-05 -6.32366e-05 -7.49796e-05 1 -0.000213837 6.32045e-05 0.000213846 1 0.0143314 0.0737142 -0.106895
FixedParameters: 0 0 0

#Transform 68
Transform: AffineTransform_float_3_3
Parameters: 1 2.09519e-05 5.0431e-05 -2.17392e-05 1 -0.000302349 -4.98764e-05 0.000302291 1 0.0167597 0.00657938 -0.0794907
FixedParameters: 0 0 0

#Transform 69
Transform: AffineTransform_float_3_3
Parameters: 1 1.12585e-05 5.88805e-05 -1.12548e-05 1 -3.11668e-05 -5.88812e-05 3.11655e-05 1 0.0156064 0.0320847 -0.117072
FixedParameters: 0 0 0

#Transform 70
Transform: AffineTransform_float_3_3
Parameters: 1 0.000453776 -0.000223717 -0.000453882 1 -0.000237039 0.000223502 0.000237241 1 0.0102208 -0.0375814 -0.0457216
FixedParameters: 0 0 0

#Transform 71
Transform: AffineTransform_float_3_3
Parameters: 1 2.23345e-05 -1.8721e-05 -2.23368e-05 1 -6.14381e-05 1.87182e-05 6.1439e-05 1 0.0130499 0.0996195 -0.128361
FixedParameters: 0 0 0

#Transform 72
Transform: AffineTransform_float_3_3
Parameters: 1 -5.28821e-05 -0.000193799 5.29829e-05 1 0.000260173 0.000193771 -0.000260194 1 0.0135724 0.0753557 -0.101656
FixedParameters: 0 0 0

#Transform 73
Transform: AffineTransform_float_3_3
Parameters: 1 6.3991e-05 -4.00762e-05 -6.39839e-05 1 8.83431e-05 4.00875e-05 -8.8338e-05 1 0.00735426 0.0533353 -0.105207
FixedParameters: 0 0 0

#Transform 74
Transform: AffineTransform_float_3_3
Parameters: 1 7.16799e-05 -5.56959e-05 -7.16923e-05 1 -0.000111463 5.56799e-05 0.000111471 1 0.0118077 0.0892583 -0.140106
FixedParameters: 0 0 0

#Transform 75
Transform: AffineTransform_float_3_3
Parameters: 1 0.000101468 -6.25038e-05 -0.000101448 1 0.000160239 6.25364e-05 -0.000160226 1 0.00903659 0.0668693 -0.146173
FixedParameters: 0 0 0

#Transform 76
Transform: AffineTransform_float_3_3
Parameters: 1 0.00010522 -8.44403e-05 -0.000105257 1 -0.00021564 8.43949e-05 0.000215658 1 0.005981 0.0101253 -0.122353
FixedParameters: 0 0 0

#Transform 77
Transform: AffineTransform_float_3_3
Parameters: 1 8.1753e-05 -5.72961e-05 -8.17536e-05 1 -5.87822e-06 5.72951e-05 5.88758e-06 1 0.0060445 0.0374862 -0.125683
FixedParameters: 0 0 0

#Transform 78
Transform: AffineTransform_float_3_3
Parameters: 1 9.95196e-06 -0.000215355 -9.86833e-06 1 0.000194159 0.000215359 -0.000194155 1 0.0111652 0.0299313 -0.134984
FixedParameters: 0 0 0

#Transform 79
Transform: AffineTransform_float_3_3
Parameters: 1 0.000310703 -0.000201252 -0.000310583 1 0.000297066 0.000201437 -0.000296941 1 0.00273176 -0.00695626 -0.0875057
FixedParameters: 0 0 0

#Transform 80
Transform: AffineTransform_float_3_3
Parameters: 1 -7.02047e-07 -0.00010078 7.06833e-07 1 2.37445e-05 0.00010078 -2.37447e-05 1 0.0150437 0.0771197 -0.152165
FixedParameters: 0 0 0

#Transform 81
Transform: AffineTransform_float_3_3
Parameters: 1 0.000121358 -6.30901e-05 -0.000121306 1 0.000418507 6.31916e-05 -0.000418492 1 0.00367241 0.0439613 -0.127046
FixedParameters: 0 0 0

#Transform 82
Transform: AffineTransform_float_3_3
Parameters: 1 2.10074e-05 -0.000185572 -2.08672e-05 1 0.000377643 0.000185588 -0.000377636 1 0.00897543 0.0604916 -0.138384
FixedParameters: 0 0 0

#Transform 83
Transform: AffineTransform_float_3_3
Parameters: 1 -1.47037e-05 -0.000121534 1.48308e-05 1 0.000522815 0.000121519 -0.000522818 1 0.0141352 0.0836467 -0.177892
FixedParameters: 0 0 0

#Transform 84
Transform: AffineTransform_float_3_3
Parameters: 1 4.1459e-05 -0.000185555 -4.11542e-05 0.999999 0.000821263 0.000185622 -0.000821247 0.999999 0.00912778 0.0369603 -0.160593
FixedParameters: 0 0 0

#Transform 85
Transform: AffineTransform_float_3_3
Parameters: 1 1.68566e-05 -0.00017409 -1.66751e-05 1 0.000521134 0.000174107 -0.000521128 1 0.0137186 0.0345271 -0.190292
FixedParameters: 0 0 0

#Transform 86
Transform: AffineTransform_float_3_3
Parameters: 1 0.000143369 5.70136e-05 -0.000143455 0.999999 0.000751994 -5.67979e-05 -0.00075201 0.999999 0.00645293 0.0523776 -0.18608
FixedParameters: 0 0 0

#Transform 87
Transform: AffineTransform_float_3_3
Parameters: 1 0.000115614 -4.33233e-05 -0.000115551 0.999999 0.000725383 4.3491e-05 -0.000725373 0.999999 0.00642342 0.0203929 -0.175926
FixedParameters: 0 0 0

#Transform 88
Transform: AffineTransform_float_3_3
Parameters: 1 6.51808e-05 -0.000225284 -6.54759e-05 1 0.0011296 0.000225871 -0.00112963 1 0.0120094 0.0864524 -0.180406
FixedParameters: 0 0 0

#Transform 89
Transform: AffineTransform_float_3_3
Parameters: 1 7.23356e-05 -2.48114e-06 -7.23308e-05 0.999999 0.00093432 2.61631e-06 -0.00093432 0.999999 0.00999772 0.0371181 -0.190735
FixedParameters: 0 0 0

#Transform 90
Transform: AffineTransform_float_3_3
Parameters: 1 0.000162482 -3.65491e-05 -0.000162359 0.999999 0.00149293 3.69061e-05 -0.00149292 0.999999 0.00402874 0.0261195 -0.137822
FixedParameters: 0 0 0

#Transform 91
Transform: AffineTransform_float_3_3
Parameters: 1 2.51335e-05 1.43402e-05 -2.51513e-05 1 0.000621587 -1.4309e-05 -0.000621587 1 0.00950105 0.0382769 -0.189237
FixedParameters: 0 0 0

#Transform 92
Transform: AffineTransform_float_3_3
Parameters: 1 4.6908e-05 -0.000185567 -4.66375e-05 0.999999 0.000728721 0.000185635 -0.000728704 0.999999 0.00768761 0.05923 -0.175542
FixedParameters: 0 0 0

#Transform 93
Transform: AffineTransform_float_3_3
Parameters: 1 5.86775e-05 -0.000232031 -5.89381e-05 1 0.000672119 0.000231297 -0.000672123 0.999999 0.00842006 0.0223284 -0.182493
FixedParameters: 0 0 0

#Transform 94
Transform: AffineTransform_float_3_3
Parameters: 1 6.7378e-05 -0.000292527 -6.69519e-05 0.999999 0.000728114 0.000292625 -0.000728075 0.999999 0.0107785 0.0681669 -0.205832
FixedParameters: 0 0 0

#Transform 95
Transform: AffineTransform_float_3_3
Parameters: 1 3.50833e-05 -0.000246241 -3.51157e-05 1 -6.57894e-05 0.000246237 6.58067e-05 1 0.00928294 0.000685727 -0.195421
FixedParameters: 0 0 0

#Transform 96
Transform: AffineTransform_float_3_3
Parameters: 1 0.000107729 -0.000257139 -0.000107451 1 0.000539912 0.000257255 -0.000539856 1 0.0102416 0.041109 -0.201586
FixedParameters: 0 0 0

#Transform 97
Transform: AffineTransform_float_3_3
Parameters: 1 0.000100237 -0.000339133 -0.000100039 1 0.000291408 0.000339192 -0.00029134 1 0.011976 0.0262529 -0.217707
FixedParameters: 0 0 0

#Transform 98
Transform: AffineTransform_float_3_3
Parameters: 1 0.000149649 -0.000340369 -0.000149827 1 0.000579835 0.00033973 -0.000579765 0.999999 0.00869464 -0.00328753 -0.169117
FixedParameters: 0 0 0

#Transform 99
Transform: AffineTransform_float_3_3
Parameters: 1 8.43555e-05 -0.000382895 -8.41313e-05 1 0.000292711 0.000382944 -0.000292646 1 0.013014 0.0740081 -0.224829
FixedParameters: 0 0 0

#Transform 100
Transform: AffineTransform_float_3_3
Parameters: 1 9.10806e-05 -0.000457109 -9.08129e-05 1 0.000292769 0.000457162 -0.000292686 1 0.0114935 0.0491456 -0.193072
FixedParameters: 0 0 0

#Transform 101
Transform: AffineTransform_float_3_3
Parameters: 1 7.73068e-05 -0.000310849 -7.74039e-05 1 -0.000156254 0.000310824 0.000156302 1 0.00996884 0.0241653 -0.191985
FixedParameters: 0 0 0

#Transform 102
Transform: AffineTransform_float_3_3
Parameters: 1 0.000118114 -0.000316538 -0.000117934 1 0.000285107 0.000316606 -0.000285032 1 0.00826243 0.00271642 -0.165769
FixedParameters: 0 0 0

#Transform 103
Transform: AffineTransform_float_3_3
Parameters: 1 4.33544e-05 -0.000313852 -4.32869e-05 1 0.000107485 0.000313862 -0.000107458 1 0.0077874 -0.0358803 -0.165698
FixedParameters: 0 0 0

#Transform 104
Transform: AffineTransform_float_3_3
Parameters: 1 9.58811e-05 -5.25724e-05 -9.58519e-05 1 0.000277776 5.26257e-05 -0.000277766 1 0.0102972 0.0730471 -0.229514
FixedParameters: 0 0 0

#Transform 105
Transform: AffineTransform_float_3_3
Parameters: 1 4.82308e-05 -0.000293622 -4.80791e-05 1 0.000258358 0.000293647 -0.00025833 1 0.009156 0.000449478 -0.186807
FixedParameters: 0 0 0

#Transform 106
Transform: AffineTransform_float_3_3
Parameters: 1 4.65126e-05 -0.000259279 -4.65486e-05 1 -6.94422e-05 0.000259273 6.94663e-05 1 0.0108652 0.043479 -0.21266
FixedParameters: 0 0 0

#Transform 107
Transform: AffineTransform_float_3_3
Parameters: 1 4.06736e-05 -0.0002994 -4.05906e-05 1 0.000138627 0.000299412 -0.000138603 1 0.0114162 0.0689458 -0.214247
FixedParameters: 0 0 0

#Transform 108
Transform: AffineTransform_float_3_3
Parameters: 1 0.000103637 -0.000215314 -0.000103548 1 0.000207202 0.000215357 -0.000207157 1 0.00861892 -0.00295694 -0.187532
FixedParameters: 0 0 0

#Transform 109
Transform: AffineTransform_float_3_3
Parameters: 1 8.78003e-05 -5.86487e-05 -8.77944e-05 1 4.98594e-05 5.86574e-05 -4.98491e-05 1 0.0119178 0.076127 -0.252819
FixedParameters: 0 0 0

#Transform 110
Transform: AffineTransform_float_3_3
Parameters: 1 5.05101e-05 -0.000280404 -5.02703e-05 1 0.000427481 0.000280447 -0.000427453 1 0.0116043 0.0302206 -0.223833
FixedParameters: 0 0 0

#Transform 111
Transform: AffineTransform_float_3_3
Parameters: 1 6.43632e-05 -0.000259382 -6.40536e-05 1 0.000596814 0.000259459 -0.000596781 1 0.0111563 0.0270666 -0.21957
FixedParameters: 0 0 0

#Transform 112
Transform: AffineTransform_float_3_3
Parameters: 1 0.000103449 -3.53837e-05 -0.000103398 0.999999 0.000715088 3.55316e-05 -0.000715081 0.999999 0.0115532 0.0297388 -0.256256
FixedParameters: 0 0 0

#Transform 113
Transform: AffineTransform_float_3_3
Parameters: 1 9.72525e-05 -4.32419e-05 -9.72112e-05 1 0.000478044 4.33348e-05 -0.000478035 1 0.0118811 0.00711591 -0.262521
FixedParameters: 0 0 0

#Transform 114
Transform: AffineTransform_float_3_3
Parameters: 1 9.96442e-06 -0.000337404 -1.03634e-05 1 0.00061979 0.000337984 -0.000619839 1 0.0192025 -0.0148181 -0.239502
FixedParameters: 0 0 0

#Transform 115
Transform: AffineTransform_float_3_3
Parameters: 1 4.10902e-05 -0.000471522 -4.1016e-05 1 0.000685836 0.000470765 -0.000685829 0.999999 0.0132959 0.0097127 -0.226076
FixedParameters: 0 0 0

#Transform 116
Transform: AffineTransform_float_3_3
Parameters: 1 7.92364e-05 -0.000491296 -7.85561e-05 0.999999 0.000675883 0.000491341 -0.000676149 1 0.0131787 -0.021813 -0.222272
FixedParameters: 0 0 0

#Transform 117
Transform: AffineTransform_float_3_3
Parameters: 1 5.8512e-05 -0.00040601 -5.86529e-05 1 -0.000173473 0.00040599 0.00017352 1 0.0165456 0.0221413 -0.281424
FixedParameters: 0 0 0

#Transform 118
Transform: AffineTransform_float_3_3
Parameters: 1 9.70955e-05 -0.000473487 -9.66392e-05 1 0.000481892 0.000473581 -0.000481801 1 0.00726615 0.00989066 -0.206981
FixedParameters: 0 0 0

#Transform 119
Transform: AffineTransform_float_3_3
Parameters: 1 7.98426e-05 -0.000527244 -7.9706e-05 1 0.000129599 0.000527264 -0.000129515 1 0.0111949 0.0592211 -0.243449
FixedParameters: 0 0 0

#Transform 120
Transform: AffineTransform_float_3_3
Parameters: 1 0.00016922 -0.000361206 -0.000169958 1 0.000109723 0.00036181 -0.000109656 1 0.00322381 -0.040565 -0.197434
FixedParameters: 0 0 0

#Transform 121
Transform: AffineTransform_float_3_3
Parameters: 1 0.000224592 -0.000328703 -0.000224578 1 2.18439e-05 0.000328712 -2.16963e-05 1 0.00798433 0.02501 -0.248038
FixedParameters: 0 0 0

#Transform 122
Transform: AffineTransform_float_3_3
Parameters: 1 0.000261736 -0.000368993 -0.000261577 1 0.000215152 0.000369105 -0.000214959 1 -0.0038042 -0.00510392 -0.23376
FixedParameters: 0 0 0

#Transform 123
Transform: AffineTransform_float_3_3
Parameters: 1 0.000325687 -0.000218784 -0.000325618 1 0.000159941 0.000218888 -0.000159799 1 -0.00613099 -0.0326398 -0.223135
FixedParameters: 0 0 0

#Transform 124
Transform: AffineTransform_float_3_3
Parameters: 1 0.000334971 -0.000221758 -0.00033487 1 0.00022751 0.00022191 -0.000227361 1 -0.00474645 -0.0504725 -0.242114
FixedParameters: 0 0 0

#Transform 125
Transform: AffineTransform_float_3_3
Parameters: 1 0.000385396 -0.000242783 -0.000385153 1 0.000500004 0.000243168 -0.000499816 1 -0.00338929 -0.0163692 -0.247628
FixedParameters: 0 0 0

#Transform 126
Transform: AffineTransform_float_3_3
Parameters: 1 0.00045169 -0.000289156 -0.000451403 1 0.000496084 0.000289604 -0.000495822 1 -0.006867 -0.0576985 -0.243227
FixedParameters: 0 0 0

#Transform 127
Transform: AffineTransform_float_3_3
Parameters: 1 0.000431022 -0.000291375 -0.00043092 1 0.000175746 0.000291527 -0.000175495 1 -0.000172739 0.0141442 -0.290092
FixedParameters: 0 0 0

#Transform 128
Transform: AffineTransform_float_3_3
Parameters: 1 0.000453106 -0.000289004 -0.000452807 1 0.000518038 0.000289473 -0.000517776 1 -0.00223451 0.00818605 -0.262549
FixedParameters: 0 0 0

#Transform 129
Transform: AffineTransform_float_3_3
Parameters: 1 0.00046154 -0.000288094 -0.000461166 0.999999 0.000648768 0.000288692 -0.000648502 0.999999 -0.00259235 -0.0183345 -0.245219
FixedParameters: 0 0 0

#Transform 130
Transform: AffineTransform_float_3_3
Parameters: 1 0.000416302 -0.000165856 -0.000416318 1 -4.86474e-05 0.000165816 4.87854e-05 1 -0.00352934 0.00148117 -0.306062
FixedParameters: 0 0 0

#Transform 131
Transform: AffineTransform_float_3_3
Parameters: 1 0.000439436 -0.000254209 -0.000438911 1 0.0010067 0.000254966 -0.00100647 1 -0.00513026 -0.00869833 -0.271069
FixedParameters: 0 0 0

#Transform 132
Transform: AffineTransform_float_3_3
Parameters: 1 0.000481211 -0.000285988 -0.000481169 1 0.000952635 0.000286044 -0.000953327 0.999999 -0.0051919 -0.0373646 -0.267064
FixedParameters: 0 0 0

#Transform 133
Transform: AffineTransform_float_3_3
Parameters: 1 0.00050707 -0.000133453 -0.000507471 0.999999 0.000643734 0.000133293 -0.00064363 1 -0.00427319 -0.0273281 -0.299721
FixedParameters: 0 0 0

#Transform 134
Transform: AffineTransform_float_3_3
Parameters: 1 0.000481662 -0.000285939 -0.000481616 1 0.00095962 0.000286003 -0.000960313 0.999999 -0.00625503 -0.047577 -0.251724
FixedParameters: 0 0 0

#Transform 135
Transform: AffineTransform_float_3_3
Parameters: 1 0.000475868 -0.000286571 -0.0004753 1 0.000869843 0.000287351 -0.000870506 0.999999 -0.00475072 -0.0175037 -0.271798
FixedParameters: 0 0 0

#Transform 136
Transform: AffineTransform_float_3_3
Parameters: 1 0.000473322 -0.000286819 -0.000472845 0.999999 0.000831391 0.000287606 -0.000831119 0.999999 -0.00395007 -0.0283642 -0.285365
FixedParameters: 0 0 0

#Transform 137
Transform: AffineTransform_float_3_3
Parameters: 1 0.000471841 -0.00028698 -0.000471377 0.999999 0.000808438 0.000287742 -0.000808167 0.999999 -0.00230052 -0.0164555 -0.309488
FixedParameters: 0 0 0

#Transform 138
Transform: AffineTransform_float_3_3
Parameters: 1 0.000430431 -0.000257098 -0.000430004 0.999999 0.000828916 0.000257811 -0.000828694 0.999999 -0.00555875 -0.0355151 -0.266976
FixedParameters: 0 0 0

#Transform 139
Transform: AffineTransform_float_3_3
Parameters: 1 0.000461476 -0.000288101 -0.000461103 0.999999 0.00064777 0.000288698 -0.000647504 0.999999 -0.00291173 -0.0202289 -0.300527
FixedParameters: 0 0 0

#Transform 140
Transform: AffineTransform_float_3_3
Parameters: 1 0.000561667 -0.000161235 -0.000560578 0.999999 0.000840939 0.000161611 -0.000840701 0.999999 -0.00246411 -0.00782529 -0.320114
FixedParameters: 0 0 0

#Transform 141
Transform: AffineTransform_float_3_3
Parameters: 1 0.000469395 -0.000287244 -0.000468952 0.999999 0.000770516 0.000287967 -0.000770247 0.999999 -0.0040493 -0.00705373 -0.281429
FixedParameters: 0 0 0

#Transform 142
Transform: AffineTransform_float_3_3
Parameters: 1 0.000402942 -0.000241566 -0.000402574 0.999999 0.000759418 0.000242177 -0.000759223 0.999999 -0.00198101 0.0413755 -0.275091
FixedParameters: 0 0 0

#Transform 143
Transform: AffineTransform_float_3_3
Parameters: 1 0.000359159 -0.000216553 -0.000358876 0.999999 0.000653821 0.000217023 -0.000653666 1 0.000695928 -0.0789913 -0.255594
FixedParameters: 0 0 0

#Transform 144
Transform: AffineTransform_float_3_3
Parameters: 1 0.000473258 -0.000286826 -0.000472781 0.999999 0.000830393 0.000287612 -0.000830121 0.999999 -0.0021865 0.00441713 -0.256334
FixedParameters: 0 0 0

#Transform 145
Transform: AffineTransform_float_3_3
Parameters: 1 0.000406634 -0.000249751 -0.000406309 0.999999 0.000651012 0.00025028 -0.000650809 1 -0.00171912 -0.0199067 -0.257614
FixedParameters: 0 0 0

#Transform 146
Transform: AffineTransform_float_3_3
Parameters: 1 0.000347946 -0.000213789 -0.000347708 1 0.000556315 0.000214176 -0.000556166 1 0.00231156 -0.00342066 -0.276549
FixedParameters: 0 0 0

#Transform 147
Transform: AffineTransform_float_3_3
Parameters: 1 0.000410584 -0.000246026 -0.000410202 0.999999 0.000775996 0.000246663 -0.000775793 0.999999 0.00281457 3.08072e-05 -0.290837
FixedParameters: 0 0 0

#Transform 148
Transform: AffineTransform_float_3_3
Parameters: 1 0.000400983 -0.000221377 -0.000400471 1 0.00112417 0.00022215 -0.00112399 1 0.000123088 -0.00506198 -0.291422
FixedParameters: 0 0 0

#Transform 149
Transform: AffineTransform_float_3_3
Parameters: 1 0.000389142 -0.00021803 -0.000388679 1 0.0010297 0.000218703 -0.00102953 1 -0.0021439 -0.0296469 -0.273864
FixedParameters: 0 0 0

#Transform 150
Transform: AffineTransform_float_3_3
Parameters: 1 0.000397047 -0.00021982 -0.000396549 1 0.00110136 0.000220566 -0.00110119 1 0.000259088 -0.0118469 -0.297107
FixedParameters: 0 0 0

#Transform 151
Transform: AffineTransform_float_3_3
Parameters: 1 0.000446613 -0.000244841 -0.000446544 0.999999 0.00128372 0.000245046 -0.00128353 0.999999 -0.00303116 -0.0115039 -0.305938
FixedParameters: 0 0 0

#Transform 152
Transform: AffineTransform_float_3_3
Parameters: 1 0.000491018 -9.94642e-05 -0.000491333 0.999999 0.00122674 9.9728e-05 -0.00122667 0.999999 -0.00680288 -0.0489644 -0.270176
FixedParameters: 0 0 0

#Transform 153
Transform: AffineTransform_float_3_3
Parameters: 1 0.000366305 -0.000204604 -0.000365834 1 0.000980502 0.000205275 -0.000981288 0.999999 -0.00145376 -0.0361361 -0.28476
FixedParameters: 0 0 0

#Transform 154
Transform: AffineTransform_float_3_3
Parameters: 1 0.000380302 -0.00020776 -0.000379828 1 0.00110937 0.000208475 -0.00110921 1 0.0028007 -0.0286935 -0.301415
FixedParameters: 0 0 0

#Transform 155
Transform: AffineTransform_float_3_3
Parameters: 1 0.000430161 -0.000238696 -0.000430156 0.999999 0.00118151 0.000238771 -0.00118133 0.999999 -0.00250795 -0.0419134 -0.266013
FixedParameters: 0 0 0

#Transform 156
Transform: AffineTransform_float_3_3
Parameters: 1 0.000355172 -0.00019983 -0.000354803 0.999999 0.000923525 0.000200485 -0.000923383 0.999999 -0.00095944 -0.0218886 -0.295317
FixedParameters: 0 0 0

#Transform 157
Transform: AffineTransform_float_3_3
Parameters: 1 0.000340557 -0.000194793 -0.000340235 0.999999 0.000824217 0.000195354 -0.000824084 0.999999 0.0011066 0.0151113 -0.293599
FixedParameters: 0 0 0

#Transform 158
Transform: AffineTransform_float_3_3
Parameters: 1 0.000393701 -4.05678e-05 -0.000394163 0.999999 0.0011985 4.05708e-05 -0.0011985 1 -0.00367006 -0.00274536 -0.28855
FixedParameters: 0 0 0

#Transform 159
Transform: AffineTransform_float_3_3
Parameters: 1 0.000493286 -0.000284711 -0.000493195 0.999999 0.00114072 0.000284895 -0.00114047 1 -0.0098567 -0.113637 -0.202785
FixedParameters: 0 0 0

#Transform 160
Transform: AffineTransform_float_3_3
Parameters: 1 0.000298421 -0.000153196 -0.000298082 1 0.00106313 0.000153702 -0.00106304 1 0.000905955 0.00677377 -0.269334
FixedParameters: 0 0 0

#Transform 161
Transform: AffineTransform_float_3_3
Parameters: 1 0.000493865 -0.000284648 -0.00049377 0.999999 0.0011497 0.000284842 -0.00114945 1 -0.00634426 -0.088506 -0.254693
FixedParameters: 0 0 0

#Transform 162
Transform: AffineTransform_float_3_3
Parameters: 1 0.000341135 -0.000172376 -0.000340685 0.999999 0.00126695 0.000173112 -0.00126684 0.999999 -0.000919912 0.00992079 -0.281299
FixedParameters: 0 0 0

#Transform 163
Transform: AffineTransform_float_3_3
Parameters: 1 0.000355202 -0.000181423 -0.000354723 0.999999 0.00128115 0.000182204 -0.00128102 0.999999 -0.00284359 -0.0491089 -0.234228
FixedParameters: 0 0 0

#Transform 164
Transform: AffineTransform_float_3_3
Parameters: 1 0.000337261 -0.000176087 -0.000336845 1 0.00114297 0.00017673 -0.00114285 1 0.000758607 0.00436792 -0.263512
FixedParameters: 0 0 0

#Transform 165
Transform: AffineTransform_float_3_3
Parameters: 1 0.000482434 -0.000285855 -0.000482381 0.999999 0.000971595 0.000285932 -0.000972288 0.999999 -0.00697779 -0.0454187 -0.240247
FixedParameters: 0 0 0

#Transform 166
Transform: AffineTransform_float_3_3
Parameters: 1 0.000419921 -0.000254267 -0.000419543 0.999999 0.000742386 0.00025489 -0.000742172 0.999999 -0.00687908 -0.0608014 -0.24963
FixedParameters: 0 0 0

#Transform 167
Transform: AffineTransform_float_3_3
Parameters: 0.999999 0.000628227 -0.000514643 -0.000627102 0.999999 0.00107966 0.00051587 -0.00107901 1 -0.0123057 -0.074639 -0.180373
FixedParameters: 0 0 0

#Transform 168
Transform: AffineTransform_float_3_3
Parameters: 1 0.000474013 -0.000418041 -0.000472934 0.999999 0.00127319 0.000419119 -0.0012728 0.999999 -0.00606569 0.0160222 -0.229388
FixedParameters: 0 0 0

#Transform 169
Transform: AffineTransform_float_3_3
Parameters: 1 0.0004581 -0.000508563 -0.00045777 1 0.000818377 0.000508451 -0.000818879 0.999999 -0.00669934 0.00263796 -0.208348
FixedParameters: 0 0 0

#Transform 170
Transform: AffineTransform_float_3_3
Parameters: 1 0.00055016 -0.000341309 -0.000550109 1 0.000811329 0.00034134 -0.000811921 0.999999 -0.00964624 -0.0519942 -0.18714
FixedParameters: 0 0 0

#Transform 171
Transform: AffineTransform_float_3_3
Parameters: 0.999999 0.000626271 -0.000555422 -0.000625877 1 0.000807995 0.000555572 -0.000808268 0.999999 -0.0106756 -0.0304651 -0.135732
FixedParameters: 0 0 0

#Transform 172
Transform: AffineTransform_float_3_3
Parameters: 1 0.000420253 -0.000420445 -0.000420361 1 -0.000128319 0.000420337 0.000128673 1 0.00295744 -0.0587797 -0.186831
FixedParameters: 0 0 0

#Transform 173
Transform: AffineTransform_float_3_3
Parameters: 1 0.000447915 -0.000375383 -0.000448218 1 0.000358597 0.000374891 -0.000358292 1 -0.00317572 -0.0515003 -0.181876
FixedParameters: 0 0 0

#Transform 174
Transform: AffineTransform_float_3_3
Parameters: 0.999999 0.000503639 -0.000757908 -0.0005027 1 0.000573744 0.000758438 -0.000573917 0.999999 0.00830023 0.0268618 -0.10047
FixedParameters: 0 0 0

#Transform 175
Transform: AffineTransform_float_3_3
Parameters: 1 0.000226138 -0.000441751 -0.000225653 1 0.00118291 0.000441344 -0.00118274 0.999999 0.00928346 0.0717529 -0.137883
FixedParameters: 0 0 0

#Transform 176
Transform: AffineTransform_float_3_3
Parameters: 1 0.000361508 -0.000496211 -0.000360671 0.999999 0.00140714 0.000496286 -0.00140681 0.999999 0.00748349 0.0165839 -0.101623
FixedParameters: 0 0 0

#Transform 177
Transform: AffineTransform_float_3_3
Parameters: 1 0.000474223 -0.000286721 -0.000473738 0.999999 0.000845362 0.000287523 -0.000845089 0.999999 0.00541052 -0.00234266 -0.134523
FixedParameters: 0 0 0

#Transform 178
Transform: AffineTransform_float_3_3
Parameters: 0.999999 0.000569631 -0.000552182 -0.000568512 0.999998 0.00151854 0.000552968 -0.00151794 0.999998 0.00106184 -0.00959287 -0.099821
FixedParameters: 0 0 0

#Transform 179
Transform: AffineTransform_float_3_3
Parameters: 1 0.000387266 -0.000475226 -0.000386311 0.999998 0.00159275 0.000475517 -0.00159241 0.999998 0.00373541 0.0209273 -0.103766
FixedParameters: 0 0 0

#Transform 180
Transform: AffineTransform_float_3_3
Parameters: 1 0.000386361 -0.000466216 -0.000384974 0.999999 0.00147253 0.000467224 -0.00147217 0.999999 0.00581987 0.0242526 -0.11072
FixedParameters: 0 0 0

#Transform 181
Transform: AffineTransform_float_3_3
Parameters: 0.999999 0.000477128 -0.000575878 -0.000476583 0.999999 0.00165583 0.000576956 -0.00165536 0.999999 0.00784462 -0.00340906 -0.0912935
FixedParameters: 0 0 0

#Transform 182
Transform: AffineTransform_float_3_3
Parameters: 1 0.000340118 -0.000524318 -0.000339232 0.999999 0.00137763 0.000524313 -0.00137731 0.999999 0.012218 -0.00403566 -0.111394
FixedParameters: 0 0 0

#Transform 183
Transform: AffineTransform_float_3_3
Parameters: 1 0.000369296 -0.000510631 -0.000368102 0.999999 0.00170438 0.000510819 -0.00170403 0.999999 0.00801287 0.0247095 -0.106808
FixedParameters: 0 0 0

#Transform 184
Transform: AffineTransform_float_3_3
Parameters: 1 0.000380714 -0.000478208 -0.000379821 0.999999 0.00151803 0.000478421 -0.0015177 0.999998 0.00830919 -0.0225616 -0.120656
FixedParameters: 0 0 0

#Transform 185
Transform: AffineTransform_float_3_3
Parameters: 1 0.000104663 -0.000516216 -0.000102901 0.999998 0.00169325 0.000516439 -0.00169314 0.999998 0.0265609 0.0702432 -0.135031
FixedParameters: 0 0 0

#Transform 186
Transform: AffineTransform_float_3_3
Parameters: 1 0.000259216 -0.000672051 -0.000257415 0.999999 0.00174656 0.000671884 -0.00174625 0.999998 0.00427598 -0.000376537 -0.0343909
FixedParameters: 0 0 0

#Transform 187
Transform: AffineTransform_float_3_3
Parameters: 1 -2.59039e-05 -0.000598661 2.6796e-05 0.999999 0.000745082 0.000598621 -0.000745114 0.999999 0.0109261 0.0814189 -0.0939136
FixedParameters: 0 0 0

#Transform 188
Transform: AffineTransform_float_3_3
Parameters: 1 0.000131756 -0.000476654 -0.00013173 1 0.000627979 0.000476006 -0.000627885 0.999999 0.0071331 -0.104383 -0.0681954
FixedParameters: 0 0 0

#Transform 189
Transform: AffineTransform_float_3_3
Parameters: 1 8.29944e-06 -0.00119189 -7.54394e-06 1 -2.75122e-05 0.00119139 2.72432e-05 0.999999 0.00832959 -0.0676702 0.0315056
FixedParameters: 0 0 0
