#Insight Transform File V1.0
#Transform 0
Transform: AffineTransform_float_3_3
Parameters: 1 -0.000504474 0.000272292 0.000504769 0.999998 -0.00156955 -0.000271649 0.00156979 0.999998 0.0248399 0.0377481 0.000712439
FixedParameters: 0 0 0

#Transform 1
Transform: AffineTransform_float_3_3
Parameters: 1 -0.000701343 0.000104878 0.000701929 0.999998 -0.00156486 -0.000104191 0.00156504 0.999998 5.70453e-05 -0.0493008 -0.0235841
FixedParameters: 0 0 0

#Transform 2
Transform: AffineTransform_float_3_3
Parameters: 1 -0.00038946 -0.000150791 0.000389263 0.999999 -0.00151025 0.000150458 0.00151016 0.999999 0.0110541 -0.0337172 0.0498567
FixedParameters: 0 0 0

#Transform 3
Transform: AffineTransform_float_3_3
Parameters: 1 -0.000441541 -1.20509e-05 0.000442352 1 -0.000292179 1.17417e-05 0.000292225 1 0.0187173 0.117173 -0.00621588
FixedParameters: 0 0 0

#Transform 4
Transform: AffineTransform_float_3_3
Parameters: 0.999999 -2.82439e-05 0.000775558 2.89496e-05 0.999999 -0.000444743 -0.000775595 0.000444444 1 0.0114632 0.0650269 -0.0502164
FixedParameters: 0 0 0

#Transform 5
Transform: AffineTransform_float_3_3
Parameters: 0.999999 -0.000699196 0.000353117 0.000699129 1 9.49808e-05 -0.000353249 -9.44869e-05 1 0.00971653 0.0569415 0.0297478
FixedParameters: 0 0 0

#Transform 6
Transform: AffineTransform_float_3_3
Parameters: 0.999999 -0.000739597 0.000210738 0.000739596 0.999999 3.21008e-06 -0.000210743 -2.89835e-06 1 0.00261077 0.0528144 0.0433179
FixedParameters: 0 0 0

#Transform 7
Transform: AffineTransform_float_3_3
Parameters: 1 0.000318439 0.00043756 -0.000318617 1 0.000204045 -0.000437429 -0.000204324 1 -0.0143349 -0.0934462 0.0354986
FixedParameters: 0 0 0

#Transform 8
Transform: AffineTransform_float_3_3
Parameters: 1 -6.32207e-05 -0.000114602 6.32859e-05 1 0.000284377 0.000114566 -0.000284392 1 0.0143108 -0.00463987 0.066993
FixedParameters: 0 0 0

#Transform 9
Transform: AffineTransform_float_3_3
Parameters: 1 -0.000233963 0.000219899 0.000233484 1 0.00111794 -0.00022055 -0.00111783 1 0.00508599 -0.0168138 -0.0259188
FixedParameters: 0 0 0

#Transform 10
Transform: AffineTransform_float_3_3
Parameters: 1 0.000392777 0.000482686 -0.000392913 0.999999 0.000929944 -0.000482603 -0.000929329 1 -0.0131128 -0.0501763 0.0164293
FixedParameters: 0 0 0

#Transform 11
Transform: AffineTransform_float_3_3
Parameters: 1 0.000389832 0.000553667 -0.000389872 1 3.62992e-05 -0.000553639 -3.67309e-05 1 -0.0126032 0.0334595 -0.0730078
FixedParameters: 0 0 0

#Transform 12
Transform: AffineTransform_float_3_3
Parameters: 1 0.000281762 0.000374576 -0.000282225 1 0.000618689 -0.000374227 -0.0006189 0.999999 -0.0181901 -0.0393564 0.0144404
FixedParameters: 0 0 0

#Transform 13
Transform: AffineTransform_float_3_3
Parameters: 1 0.000135783 0.000341187 -0.000135722 1 -9.01362e-05 -0.000341212 9.00435e-05 1 -0.0154648 0.0169182 -0.0853491
FixedParameters: 0 0 0

#Transform 14
Transform: AffineTransform_float_3_3
Parameters: 1 0.000442795 -8.43615e-05 -0.000442748 1 0.000279782 8.46092e-05 -0.000279707 1 -0.00949022 -0.0683709 -0.0419367
FixedParameters: 0 0 0

#Transform 15
Transform: AffineTransform_float_3_3
Parameters: 1 0.000276796 0.000356807 -0.000276959 1 0.000228327 -0.000356681 -0.000228524 1 -0.0042071 0.0535781 -0.098029
FixedParameters: 0 0 0

#Transform 16
Transform: AffineTransform_float_3_3
Parameters: 1 0.000274317 0.000113046 -0.000274362 1 0.000199069 -0.000112936 -0.000199131 1 -0.0193142 -0.0593657 -0.0498828
FixedParameters: 0 0 0

#Transform 17
Transform: AffineTransform_float_3_3
Parameters: 1 0.000215924 0.000191721 -0.000216001 1 0.000202299 -0.000191634 -0.000202382 1 -0.00996976 0.0262416 -0.0812734
FixedParameters: 0 0 0

#Transform 18
Transform: AffineTransform_float_3_3
Parameters: 1 0.000456748 2.1941e-05 -0.000456756 1 0.000187962 -2.17693e-05 -0.000187982 1 -0.00269434 -0.0421999 -0.078372
FixedParameters: 0 0 0

#Transform 19
Transform: AffineTransform_float_3_3
Parameters: 1 0.000559131 -9.64818e-05 -0.000559184 1 -0.000272733 9.61767e-05 0.00027284 1 -0.00390715 -0.0563692 -0.0426921
FixedParameters: 0 0 0

#Transform 20
Transform: AffineTransform_float_3_3
Parameters: 1 0.000670553 -0.000139085 -0.000670545 1 2.70652e-05 0.000139122 -2.68786e-05 1 -0.00121618 -0.0228819 -0.033333
FixedParameters: 0 0 0

#Transform 21
Transform: AffineTransform_float_3_3
Parameters: 1 0.000268319 0.000171477 -0.000268342 1 6.77891e-05 -0.000171441 -6.78811e-05 1 -0.010286 -0.0998716 0.00694896
FixedParameters: 0 0 0

#Transform 22
Transform: AffineTransform_float_3_3
Parameters: 1 0.000354958 0.000285939 -0.000354906 1 -9.08856e-05 -0.000286004 9.06826e-05 1 -0.00450063 -0.00062644 -0.0859045
FixedParameters: 0 0 0

#Transform 23
Transform: AffineTransform_float_3_3
Parameters: 1 9.1998e-05 0.000128255 -9.20022e-05 1 1.62976e-05 -0.000128252 -1.63212e-05 1 -0.0151065 -0.065339 -0.024713
FixedParameters: 0 0 0

#Transform 24
Transform: AffineTransform_float_3_3
Parameters: 1 0.00022712 0.000261129 -0.000226993 1 -0.000242803 -0.000261239 0.000242684 1 -0.00273107 0.0204763 -0.112876
FixedParameters: 0 0 0

#Transform 25
Transform: AffineTransform_float_3_3
Parameters: 1 0.000420589 0.000205751 -0.000421095 0.999999 -0.000758994 -0.000205822 0.000758764 0.999999 -0.00906328 -0.0351825 -0.00426982
FixedParameters: 0 0 0

#Transform 26
Transform: AffineTransform_float_3_3
Parameters: 1 0.000510453 0.000173104 -0.000510392 1 -0.000176289 -0.000173284 0.000176112 1 -0.0048195 -0.00905659 -0.0622581
FixedParameters: 0 0 0

#Transform 27
Transform: AffineTransform_float_3_3
Parameters: 1 0.000491175 0.0001955 -0.000491174 1 -2.8467e-06 -0.000195502 2.65465e-06 1 -0.00401572 -0.00277749 -0.0779807
FixedParameters: 0 0 0

#Transform 28
Transform: AffineTransform_float_3_3
Parameters: 1 0.000644422 -8.45547e-07 -0.000644422 1 3.57737e-05 8.91648e-07 -3.57726e-05 1 -0.0044832 -0.0403036 -0.042043
FixedParameters: 0 0 0

#Transform 29
Transform: AffineTransform_float_3_3
Parameters: 1 0.000663835 5.80199e-05 -0.000663797 0.999999 -0.000332655 -5.84615e-05 0.000332578 1 -0.00420028 -0.0469597 -0.0541947
FixedParameters: 0 0 0

#Transform 30
Transform: AffineTransform_float_3_3
Parameters: 1 0.00068336 -5.28895e-05 -0.000683355 1 4.96782e-05 5.29574e-05 -4.96059e-05 1 -0.00297276 -0.0339942 -0.0568721
FixedParameters: 0 0 0

#Transform 31
Transform: AffineTransform_float_3_3
Parameters: 0.999999 0.00074737 3.15105e-05 -0.000746585 1 0.00027817 -3.16004e-05 -0.000277817 0.999999 -0.0054608 -0.0212244 -0.0644768
FixedParameters: 0 0 0

#Transform 32
Transform: AffineTransform_float_3_3
Parameters: 0.999999 0.000712593 6.34889e-05 -0.000712663 1 0.000427428 -6.28176e-05 -0.000427175 0.999999 -0.0107365 -0.0521123 -0.0369884
FixedParameters: 0 0 0

#Transform 33
Transform: AffineTransform_float_3_3
Parameters: 0.999999 0.00078905 0.000192177 -0.000789125 0.999999 0.000196438 -0.000191867 -0.000196741 1 -0.0183834 -0.0582451 -0.0639561
FixedParameters: 0 0 0

#Transform 34
Transform: AffineTransform_float_3_3
Parameters: 0.999999 0.000923078 0.000352382 -0.000923234 0.999999 0.000569423 -0.000352711 -0.000570049 0.999999 -0.0193216 0.00878497 -0.0568622
FixedParameters: 0 0 0

#Transform 35
Transform: AffineTransform_float_3_3
Parameters: 0.999999 0.000722275 0.000111424 -0.000722297 1 2.36238e-05 -0.000111327 -2.34414e-05 1 -0.0208471 -0.042123 -0.0824975
FixedParameters: 0 0 0

#Transform 36
Transform: AffineTransform_float_3_3
Parameters: 0.999999 0.000883611 0.00027161 -0.000883819 0.999999 0.00085816 -0.000271601 -0.000858614 1 -0.0209405 -0.0243494 -0.0162021
FixedParameters: 0 0 0

#Transform 37
Transform: AffineTransform_float_3_3
Parameters: 0.999999 0.000764929 0.000150972 -0.000765029 1 0.000277125 -0.000150486 -0.000277012 0.999999 -0.0227391 -0.0459826 -0.0576505
FixedParameters: 0 0 0

#Transform 38
Transform: AffineTransform_float_3_3
Parameters: 0.999999 0.00086997 0.00027013 -0.000870089 0.999999 0.000645278 -0.000270326 -0.00064538 0.999999 -0.0261627 0.0177759 -0.0105778
FixedParameters: 0 0 0

#Transform 39
Transform: AffineTransform_float_3_3
Parameters: 1 0.000981699 0.000431596 -0.000981506 0.999999 0.000626344 -0.000430825 -0.000625854 1 -0.0266384 0.0175808 -0.0198896
FixedParameters: 0 0 0

#Transform 40
Transform: AffineTransform_float_3_3
Parameters: 0.999999 0.00081025 0.000534942 -0.00081026 0.999999 9.19918e-06 -0.000534926 -1.0066e-05 1 -0.0259747 -0.0993461 0.0540704
FixedParameters: 0 0 0

#Transform 41
Transform: AffineTransform_float_3_3
Parameters: 0.999999 0.000765535 0.000145754 -0.000765653 1 0.000349273 -0.000145157 -0.000349153 0.999999 -0.0176686 0.0192876 0.0873658
FixedParameters: 0 0 0

#Transform 42
Transform: AffineTransform_float_3_3
Parameters: 1 0.000939287 0.000616602 -0.000939664 1 0.000236857 -0.000616046 -0.000236736 1 -0.0200584 -0.0573007 0.0456989
FixedParameters: 0 0 0

#Transform 43
Transform: AffineTransform_float_3_3
Parameters: 0.999999 0.000874832 0.000270623 -0.000875034 0.999999 0.000721915 -0.000270821 -0.000721427 1 -0.0173655 0.0158842 0.0628338
FixedParameters: 0 0 0

#Transform 44
Transform: AffineTransform_float_3_3
Parameters: 1 0.000667196 0.000166646 -0.000666526 0.999999 0.000443017 -0.000166623 -0.000443183 1 -0.0175277 -0.0577132 0.10924
FixedParameters: 0 0 0

#Transform 45
Transform: AffineTransform_float_3_3
Parameters: 0.999999 0.000875076 -3.91671e-05 -0.000875615 0.999999 0.000629142 3.95171e-05 -0.000628761 0.999999 -0.0113754 0.0129124 0.0607867
FixedParameters: 0 0 0

#Transform 46
Transform: AffineTransform_float_3_3
Parameters: 1 0.000724606 6.48111e-05 -0.000725257 0.999999 0.000614328 -6.47336e-05 -0.000614453 1 -0.0132621 -0.0211579 0.114533
FixedParameters: 0 0 0

#Transform 47
Transform: AffineTransform_float_3_3
Parameters: 1 0.00090138 0.000319776 -0.000901024 1 0.000590279 -0.00031917 -0.000589518 1 -0.0157666 -0.0226228 0.0602247
FixedParameters: 0 0 0

#Transform 48
Transform: AffineTransform_float_3_3
Parameters: 0.999999 0.000840628 0.000197258 -0.000840768 0.999999 0.00101079 -0.000197067 -0.00101109 1 -0.0109719 -0.0258205 0.0712843
FixedParameters: 0 0 0

#Transform 49
Transform: AffineTransform_float_3_3
Parameters: 0.999999 0.00090665 0.000274285 -0.000907059 0.999999 0.0012184 -0.000273583 -0.00121887 0.999999 -0.00773429 -0.0206091 0.0179692
FixedParameters: 0 0 0

#Transform 50
Transform: AffineTransform_float_3_3
Parameters: 1 0.000766677 6.95168e-05 -0.000766595 0.999999 0.00127001 -6.90782e-05 -0.00127009 0.999999 -0.00702874 -0.01715 -0.0146675
FixedParameters: 0 0 0

#Transform 51
Transform: AffineTransform_float_3_3
Parameters: 1 0.000611225 0.000150423 -0.000612036 1 0.000742932 -0.000150265 -0.000742804 0.999999 -0.0144664 -0.0956898 0.0290768
FixedParameters: 0 0 0

#Transform 52
Transform: AffineTransform_float_3_3
Parameters: 1 0.000634023 -0.000119321 -0.000634281 0.999999 0.00125679 0.000119973 -0.00125667 0.999999 -0.00718594 -0.0457911 0.00573263
FixedParameters: 0 0 0

#Transform 53
Transform: AffineTransform_float_3_3
Parameters: 0.999999 0.000909398 -3.39677e-05 -0.000909058 0.999999 0.00118845 3.462e-05 -0.00118837 0.999999 -0.00815518 -0.0338452 0.0198879
FixedParameters: 0 0 0

#Transform 54
Transform: AffineTransform_float_3_3
Parameters: 0.999999 0.000948566 -0.000185854 -0.000948811 0.999999 0.00069152 0.000186305 -0.000692135 1 -0.00938061 0.00203498 0.00949657
FixedParameters: 0 0 0

#Transform 55
Transform: AffineTransform_float_3_3
Parameters: 1 0.000693044 -9.48479e-05 -0.000693548 0.999999 0.000357965 9.45309e-05 -0.000357865 1 -0.025199 -0.031934 0.0909487
FixedParameters: 0 0 0

#Transform 56
Transform: AffineTransform_float_3_3
Parameters: 0.999999 0.000974128 -3.39577e-05 -0.00097463 0.999999 0.000836521 3.46466e-05 -0.000836485 1 -0.0230719 -0.0399884 -0.00970261
FixedParameters: 0 0 0

#Transform 57
Transform: AffineTransform_float_3_3
Parameters: 1 0.00060726 -6.69868e-05 -0.000607235 1 0.000189944 6.72174e-05 -0.000189863 1 -0.0255288 -0.0283131 0.11727
FixedParameters: 0 0 0

#Transform 58
Transform: AffineTransform_float_3_3
Parameters: 0.999999 0.000899385 -0.000455778 -0.000899643 1 0.000286474 0.000455494 -0.000286279 1 -0.0116768 0.0281875 0.0697315
FixedParameters: 0 0 0

#Transform 59
Transform: AffineTransform_float_3_3
Parameters: 0.999999 0.000776831 -0.000122971 -0.000776719 1 0.000516846 0.000123836 -0.000516311 0.999999 -0.0179198 -0.0127257 0.0932796
FixedParameters: 0 0 0

#Transform 60
Transform: AffineTransform_float_3_3
Parameters: 1 0.00066274 -2.14959e-05 -0.000663287 0.999999 0.000588862 2.14634e-05 -0.000588865 1 -0.0248595 -0.0123627 0.103814
FixedParameters: 0 0 0

#Transform 61
Transform: AffineTransform_float_3_3
Parameters: 1 0.000547123 -3.64488e-06 -0.00054712 1 0.000344673 4.02203e-06 -0.000344669 1 -0.0234917 -0.0506771 0.109072
FixedParameters: 0 0 0

#Transform 62
Transform: AffineTransform_float_3_3
Parameters: 1 0.00065086 -3.64329e-05 -0.000651391 0.999999 0.000564679 3.63549e-05 -0.000564663 1 -0.0218188 -0.0197381 0.122281
FixedParameters: 0 0 0

#Transform 63
Transform: AffineTransform_float_3_3
Parameters: 1 0.00048164 7.16803e-05 -0.00048171 1 0.000494657 -7.12037e-05 -0.000494726 1 -0.0205698 -0.036298 0.113987
FixedParameters: 0 0 0

#Transform 64
Transform: AffineTransform_float_3_3
Parameters: 1 0.000567879 2.00214e-05 -0.000567894 1 0.000374237 -1.95964e-05 -0.00037426 1 -0.0214367 -0.00174999 0.0983301
FixedParameters: 0 0 0

#Transform 65
Transform: AffineTransform_float_3_3
Parameters: 0.999999 0.000772392 -0.000282603 -0.000772757 0.999999 0.000367266 0.000282357 -0.000366861 1 -0.0206481 0.0287921 0.0927868
FixedParameters: 0 0 0

#Transform 66
Transform: AffineTransform_float_3_3
Parameters: 1 0.000410671 -0.000137601 -0.000410542 1 0.000468599 0.000137986 -0.000468486 1 -0.0260898 -0.00726998 0.112175
FixedParameters: 0 0 0

#Transform 67
Transform: AffineTransform_float_3_3
Parameters: 1 0.000631327 -0.000313608 -0.000631639 0.999999 0.000414588 0.000313318 -0.000414223 1 -0.0150406 0.0182541 0.0988562
FixedParameters: 0 0 0

#Transform 68
Transform: AffineTransform_float_3_3
Parameters: 1 0.000371955 -0.00021244 -0.000372353 1 0.00041043 0.000211932 -0.000410303 1 -0.0236244 -0.0418565 0.126691
FixedParameters: 0 0 0

#Transform 69
Transform: AffineTransform_float_3_3
Parameters: 1 0.000681094 -0.000256181 -0.000681424 0.999999 0.000473125 0.000256012 -0.000472808 1 -0.0218609 -0.00416075 0.0994002
FixedParameters: 0 0 0

#Transform 70
Transform: AffineTransform_float_3_3
Parameters: 1 0.000488366 -0.000355351 -0.000487985 0.999999 0.000535287 0.000355874 -0.00053494 1 -0.0173573 0.00784349 0.136009
FixedParameters: 0 0 0

#Transform 71
Transform: AffineTransform_float_3_3
Parameters: 0.999999 0.000690508 -0.00052827 -0.000690549 0.999999 0.00050354 0.000528152 -0.000502842 0.999999 -0.0238646 -0.0199414 0.108071
FixedParameters: 0 0 0

#Transform 72
Transform: AffineTransform_float_3_3
Parameters: 1 0.000512633 -0.00038463 -0.000512315 0.999999 0.00111947 0.000384774 -0.00111945 1 -0.0150149 0.0184304 0.157839
FixedParameters: 0 0 0

#Transform 73
Transform: AffineTransform_float_3_3
Parameters: 1 0.000472125 -0.00042122 -0.000472153 0.999999 0.000645977 0.000421016 -0.000645611 0.999999 -0.0136785 -0.0153556 0.138063
FixedParameters: 0 0 0

#Transform 74
Transform: AffineTransform_float_3_3
Parameters: 0.999999 0.000564824 -0.000526523 -0.000563814 1 0.000892911 0.000527483 -0.000893253 0.999999 -0.010132 0.0176491 0.104264
FixedParameters: 0 0 0

#Transform 75
Transform: AffineTransform_float_3_3
Parameters: 1 0.000347637 -0.000490043 -0.000347426 0.999999 0.000798697 0.000489784 -0.000798388 0.999999 -0.0138702 -0.00755931 0.132078
FixedParameters: 0 0 0

#Transform 76
Transform: AffineTransform_float_3_3
Parameters: 1 0.000423518 -0.00046648 -0.000423065 1 0.000485083 0.00046689 -0.000484687 1 -0.0198612 -0.0254301 0.122527
FixedParameters: 0 0 0

#Transform 77
Transform: AffineTransform_float_3_3
Parameters: 1 0.000378258 -0.00045034 -0.000377495 0.999999 0.000846613 0.000450979 -0.000846273 0.999999 -0.0132559 0.0305746 0.150499
FixedParameters: 0 0 0

#Transform 78
Transform: AffineTransform_float_3_3
Parameters: 1 0.000374339 -0.000439401 -0.00037375 0.999999 0.000652708 0.000439827 -0.000652723 1 -0.00824753 0.0399808 0.145893
FixedParameters: 0 0 0

#Transform 79
Transform: AffineTransform_float_3_3
Parameters: 1 0.000196947 -0.000268785 -0.000196405 1 0.000879541 0.000269083 -0.000880372 0.999999 -0.00911701 -0.0208792 0.163733
FixedParameters: 0 0 0

#Transform 80
Transform: AffineTransform_float_3_3
Parameters: 1 0.00039518 -0.000420442 -0.000395096 0.999999 0.000780154 0.000420245 -0.000779853 0.999999 -0.00558502 0.0227046 0.130979
FixedParameters: 0 0 0

#Transform 81
Transform: AffineTransform_float_3_3
Parameters: 1 0.00037728 -0.000449685 -0.00037654 0.999999 0.000822621 0.000450305 -0.000822281 0.999999 -0.00134641 0.0226342 0.121887
FixedParameters: 0 0 0

#Transform 82
Transform: AffineTransform_float_3_3
Parameters: 1 0.000394366 -0.000429666 -0.000394119 1 0.000873 0.000429493 -0.00087363 0.999999 -0.012493 0.00246456 0.130562
FixedParameters: 0 0 0

#Transform 83
Transform: AffineTransform_float_3_3
Parameters: 0.999999 0.000593301 -0.000566529 -0.000593019 1 0.000692926 0.00056649 -0.000693222 0.999999 -0.0119921 0.0222462 0.103739
FixedParameters: 0 0 0

#Transform 84
Transform: AffineTransform_float_3_3
Parameters: 0.999999 0.00055883 -0.000600601 -0.000558766 0.999999 0.000515774 0.000600302 -0.000515478 1 -0.0122319 0.0355688 0.112157
FixedParameters: 0 0 0

#Transform 85
Transform: AffineTransform_float_3_3
Parameters: 1 0.00036627 -0.000428078 -0.000365939 1 0.000386254 0.000428361 -0.000385941 1 -0.0202778 -0.0114508 0.121602
FixedParameters: 0 0 0

#Transform 86
Transform: AffineTransform_float_3_3
Parameters: 1 0.000382183 -0.000419555 -0.00038172 1 0.000552533 0.000419977 -0.000552212 1 -0.0141529 0.0344196 0.112179
FixedParameters: 0 0 0

#Transform 87
Transform: AffineTransform_float_3_3
Parameters: 1 0.000332945 -0.000489319 -0.000332984 1 0.000545092 0.000488868 -0.000544797 0.999999 -0.0163374 0.00348922 0.149835
FixedParameters: 0 0 0

#Transform 88
Transform: AffineTransform_float_3_3
Parameters: 1 0.000395561 -0.000394599 -0.000395179 1 0.000484366 0.000394981 -0.000484054 1 -0.0158501 0.0120092 0.133383
FixedParameters: 0 0 0

#Transform 89
Transform: AffineTransform_float_3_3
Parameters: 1 0.000377317 -0.000432978 -0.000376773 0.999999 0.000628094 0.000433452 -0.000627767 0.999999 -0.0146277 0.00941095 0.118183
FixedParameters: 0 0 0

#Transform 90
Transform: AffineTransform_float_3_3
Parameters: 1 0.000384385 -0.000429945 -0.000384346 0.999999 0.000710761 0.000429678 -0.000710462 0.999999 -0.0141919 0.00167789 0.109598
FixedParameters: 0 0 0

#Transform 91
Transform: AffineTransform_float_3_3
Parameters: 1 0.000223613 -0.000528472 -0.000223124 1 0.00046217 0.000528679 -0.000461934 1 -0.0167098 -0.0533152 0.150809
FixedParameters: 0 0 0

#Transform 92
Transform: AffineTransform_float_3_3
Parameters: 0.999999 0.000607927 -0.000821111 -0.000607269 1 0.000706834 0.000821109 -0.000706804 0.999999 -0.00999662 0.0284207 0.108531
FixedParameters: 0 0 0

#Transform 93
Transform: AffineTransform_float_3_3
Parameters: 1 0.000648533 -0.000876011 -0.000647641 1 0.000477202 0.000876709 -0.000477003 0.999999 -0.0214254 0.0197777 0.0734853
FixedParameters: 0 0 0

#Transform 94
Transform: AffineTransform_float_3_3
Parameters: 1 0.000683088 -0.0008512 -0.000682789 1 0.000478807 0.000851121 -0.000478613 0.999999 -0.0235432 0.0348163 0.0545241
FixedParameters: 0 0 0

#Transform 95
Transform: AffineTransform_float_3_3
Parameters: 0.999999 0.000289688 -0.000914717 -0.000288828 0.999999 0.00121343 0.000914983 -0.00121333 0.999999 -0.018394 0.00537643 0.0403646
FixedParameters: 0 0 0

#Transform 96
Transform: AffineTransform_float_3_3
Parameters: 1 0.000505073 -0.000385585 -0.000504755 1 0.000412175 0.000386001 -0.000411785 1 -0.0248703 0.0127881 0.105637
FixedParameters: 0 0 0

#Transform 97
Transform: AffineTransform_float_3_3
Parameters: 1 0.000415855 -0.000550315 -0.00041535 1 0.000459093 0.000550696 -0.000458636 0.999999 -0.0246325 0.046516 0.134194
FixedParameters: 0 0 0

#Transform 98
Transform: AffineTransform_float_3_3
Parameters: 1 0.000200293 -0.000357138 -0.000200214 1 0.000111772 0.000357183 -0.000111629 1 -0.03198 -0.0633368 0.153877
FixedParameters: 0 0 0

#Transform 99
Transform: AffineTransform_float_3_3
Parameters: 1 0.000272333 -0.0004851 -0.000272081 1 0.000259352 0.000485241 -0.000259088 1 -0.0313137 -0.0180949 0.17702
FixedParameters: 0 0 0

#Transform 100
Transform: AffineTransform_float_3_3
Parameters: 1 0.000296905 -0.000327063 -0.000297035 1 -0.000198241 0.000326946 0.000198435 1 -0.0394337 -0.0716751 0.148674
FixedParameters: 0 0 0

#Transform 101
Transform: AffineTransform_float_3_3
Parameters: 1 0.000365616 -0.00049348 -0.000365861 1 -0.000247595 0.000493298 0.000247956 1 -0.037555 -0.0131497 0.133452
FixedParameters: 0 0 0

#Transform 102
Transform: AffineTransform_float_3_3
Parameters: 1 0.000332368 -0.000429843 -0.000332821 1 -0.000526498 0.000429493 0.000526784 1 -0.0405904 -0.0268794 0.14506
FixedParameters: 0 0 0

#Transform 103
Transform: AffineTransform_float_3_3
Parameters: 1 0.00052455 -0.00045301 -0.000525092 0.999999 -0.000598726 0.000452381 0.000599201 0.999999 -0.0439933 0.0150547 0.0855808
FixedParameters: 0 0 0

#Transform 104
Transform: AffineTransform_float_3_3
Parameters: 1 0.000447997 -0.000299904 -0.000448361 0.999999 -0.000606921 0.00029936 0.00060719 1 -0.0490798 -0.0125458 0.114542
FixedParameters: 0 0 0

#Transform 105
Transform: AffineTransform_float_3_3
Parameters: 1 0.000336161 -0.000481921 -0.000337068 0.999998 -0.0015475 0.000481565 0.00154786 0.999998 -0.0455496 0.0179773 0.0292467
FixedParameters: 0 0 0

#Transform 106
Transform: AffineTransform_float_3_3
Parameters: 1 0.000395068 -0.000414233 -0.000395489 0.999999 -0.00121501 0.000413957 0.00121537 0.999999 -0.0461478 0.0183573 0.035884
FixedParameters: 0 0 0

#Transform 107
Transform: AffineTransform_float_3_3
Parameters: 1 0.000339309 -0.00023928 -0.000339256 1 -0.00111242 0.000239211 0.00111261 1 -0.046607 -0.0276457 0.0634326
FixedParameters: 0 0 0

#Transform 108
Transform: AffineTransform_float_3_3
Parameters: 1 0.00031176 -0.000227203 -0.000311861 0.999999 -0.00151057 0.000226947 0.00151075 0.999999 -0.0523537 -0.0168536 0.014618
FixedParameters: 0 0 0

#Transform 109
Transform: AffineTransform_float_3_3
Parameters: 1 0.00034114 -0.000168848 -0.000340965 0.999999 -0.00121322 0.000168706 0.00121337 1 -0.0488805 -0.0281947 0.0572897
FixedParameters: 0 0 0

#Transform 110
Transform: AffineTransform_float_3_3
Parameters: 1 0.000189555 -8.022e-05 -0.000189204 0.999999 -0.00145461 8.03544e-05 0.00145467 0.999999 -0.0511402 -0.0311844 0.0331329
FixedParameters: 0 0 0

#Transform 111
Transform: AffineTransform_float_3_3
Parameters: 1 0.000220658 -0.000202471 -0.000220607 0.999999 -0.00131952 0.000202574 0.00131964 0.999999 -0.0483336 -0.00516215 0.00562184
FixedParameters: 0 0 0

#Transform 112
Transform: AffineTransform_float_3_3
Parameters: 1 0.00035799 -9.7668e-05 -0.000357642 0.999999 -0.00121478 9.74841e-05 0.00121488 1 -0.0550574 -0.0603377 0.0540591
FixedParameters: 0 0 0

#Transform 113
Transform: AffineTransform_float_3_3
Parameters: 1 0.00038468 -0.000122576 -0.000384422 0.999999 -0.00133557 0.000122234 0.0013357 0.999999 -0.0498272 0.00395407 -0.00310718
FixedParameters: 0 0 0

#Transform 114
Transform: AffineTransform_float_3_3
Parameters: 1 0.000502435 -4.28834e-05 -0.000502757 1 -0.00103708 4.30938e-05 0.0010371 1 -0.0576161 -0.0243114 0.026601
FixedParameters: 0 0 0

#Transform 115
Transform: AffineTransform_float_3_3
Parameters: 1 0.000398373 -0.000123115 -0.000398074 0.999999 -0.00116108 0.000122875 0.00116121 1 -0.054995 0.00488948 0.0138041
FixedParameters: 0 0 0

#Transform 116
Transform: AffineTransform_float_3_3
Parameters: 1 0.00021198 -9.71614e-05 -0.000211645 0.999999 -0.00128959 9.73005e-05 0.00128967 0.999999 -0.0513669 -0.0274712 0.00930017
FixedParameters: 0 0 0

#Transform 117
Transform: AffineTransform_float_3_3
Parameters: 1 0.000359892 -7.03578e-05 -0.000359414 0.999999 -0.000661932 7.0695e-05 0.000662014 1 -0.0493058 -0.0654713 0.0997813
FixedParameters: 0 0 0

#Transform 118
Transform: AffineTransform_float_3_3
Parameters: 1 0.00030891 -0.000522042 -0.000309107 0.999999 -0.000736792 0.0005224 0.000737146 0.999999 -0.0359372 0.103801 0.0224598
FixedParameters: 0 0 0

#Transform 119
Transform: AffineTransform_float_3_3
Parameters: 1 0.000502784 -0.00015486 -0.000502898 1 -0.00036792 0.00015449 0.000368076 1 -0.0572631 0.00944925 0.086576
FixedParameters: 0 0 0

#Transform 120
Transform: AffineTransform_float_3_3
Parameters: 1 0.000473107 -0.000138221 -0.000473476 1 -0.000446317 0.000139179 0.000446423 1 -0.045091 0.00802175 0.0856222
FixedParameters: 0 0 0

#Transform 121
Transform: AffineTransform_float_3_3
Parameters: 1 0.000286565 1.22511e-05 -0.000286564 1 -5.25603e-05 -1.22812e-05 5.25533e-05 1 -0.0454076 -0.00373323 0.0906481
FixedParameters: 0 0 0

#Transform 122
Transform: AffineTransform_float_3_3
Parameters: 1 0.000251537 4.08547e-05 -0.000251539 1 2.86625e-05 -4.08403e-05 -2.8683e-05 1 -0.0478011 -0.0529443 0.124218
FixedParameters: 0 0 0

#Transform 123
Transform: AffineTransform_float_3_3
Parameters: 1 -2.59207e-05 -0.00013357 2.59824e-05 1 0.000231001 0.000133558 -0.000231008 1 -0.0414721 0.0157655 0.139517
FixedParameters: 0 0 0

#Transform 124
Transform: AffineTransform_float_3_3
Parameters: 1 2.86744e-05 -5.96833e-05 -2.86362e-05 1 0.000320215 5.97017e-05 -0.000320212 1 -0.0410993 -0.0455371 0.118575
FixedParameters: 0 0 0

#Transform 125
Transform: AffineTransform_float_3_3
Parameters: 1 -4.83157e-05 4.43787e-05 4.82993e-05 1 0.000185197 -4.43966e-05 -0.000185193 1 -0.0450696 -0.0119057 0.0806291
FixedParameters: 0 0 0

#Transform 126
Transform: AffineTransform_float_3_3
Parameters: 1 -5.14788e-06 4.34332e-05 5.13203e-06 1 0.000182428 -4.34351e-05 -0.000182428 1 -0.0495581 -0.0262096 0.0832285
FixedParameters: 0 0 0

#Transform 127
Transform: AffineTransform_float_3_3
Parameters: 1 2.70579e-05 -9.70366e-05 -2.70352e-05 1 0.000117138 9.70429e-05 -0.000117133 1 -0.0467521 -0.015013 0.0991772
FixedParameters: 0 0 0

#Transform 128
Transform: AffineTransform_float_3_3
Parameters: 1 -0.000107223 -6.76343e-05 0.000107237 1 0.000102515 6.76123e-05 -0.00010253 1 -0.0468329 0.0053495 0.089557
FixedParameters: 0 0 0

#Transform 129
Transform: AffineTransform_float_3_3
Parameters: 1 -5.02276e-05 -0.000122579 5.02733e-05 1 0.000186393 0.00012256 -0.000186405 1 -0.0439381 0.00764147 0.0777346
FixedParameters: 0 0 0

#Transform 130
Transform: AffineTransform_float_3_3
Parameters: 1 5.732e-05 -9.05366e-05 -5.72875e-05 1 0.000179289 9.05571e-05 -0.000179278 1 -0.040301 -0.0156865 0.116329
FixedParameters: 0 0 0

#Transform 131
Transform: AffineTransform_float_3_3
Parameters: 1 -8.83792e-05 -1.66059e-05 8.83855e-05 1 0.000188162 1.65727e-05 -0.000188165 1 -0.0382685 0.0203254 0.0738384
FixedParameters: 0 0 0

#Transform 132
Transform: AffineTransform_float_3_3
Parameters: 1 0.00023263 -0.000371788 -0.000232503 1 0.000169931 0.000371867 -0.000169758 1 -0.0438045 -0.0108554 0.0618381
FixedParameters: 0 0 0

#Transform 133
Transform: AffineTransform_float_3_3
Parameters: 1 1.25809e-05 0.000233701 -1.28346e-05 1 0.000542802 -0.000233687 -0.000542808 1 -0.0246009 -0.13201 0.123883
FixedParameters: 0 0 0

#Transform 134
Transform: AffineTransform_float_3_3
Parameters: 1 -0.000369435 0.000441326 0.000369317 1 0.000859326 -0.000441196 -0.000859905 0.999999 -0.0215025 0.0515462 0.0749588
FixedParameters: 0 0 0

#Transform 135
Transform: AffineTransform_float_3_3
Parameters: 0.999999 -0.000409573 0.000534945 0.00040941 0.999999 0.00068746 -0.000534694 -0.00068699 0.999999 -0.00212169 0.141799 -0.0158987
FixedParameters: 0 0 0

#Transform 136
Transform: AffineTransform_float_3_3
Parameters: 0.999999 -0.000476537 0.000602622 0.000475788 1 0.00110724 -0.000602991 -0.00110663 0.999999 -0.0143712 0.0657045 0.00597289
FixedParameters: 0 0 0

#Transform 137
Transform: AffineTransform_float_3_3
Parameters: 0.999999 -0.00023049 0.000752628 0.000229737 0.999999 0.00143108 -0.000753169 -0.00143065 0.999998 -0.0155874 -0.0259636 0.00415797
FixedParameters: 0 0 0

#Transform 138
Transform: AffineTransform_float_3_3
Parameters: 1 -0.000470072 0.000407106 0.000469248 0.999999 0.00174431 -0.000408187 -0.00174389 0.999999 -0.0171157 -0.0333649 0.0660772
FixedParameters: 0 0 0

#Transform 139
Transform: AffineTransform_float_3_3
Parameters: 1 -0.000436253 0.000478429 0.000435162 0.999999 0.00176373 -0.000479408 -0.00176328 0.999999 -0.0100902 -0.0195986 0.0331135
FixedParameters: 0 0 0

#Transform 140
Transform: AffineTransform_float_3_3
Parameters: 0.999999 -0.000810402 5.09992e-05 0.000810059 0.999998 0.00173777 -5.2611e-05 -0.00173865 0.999998 -0.0155908 -0.00677269 0.0797577
FixedParameters: 0 0 0

#Transform 141
Transform: AffineTransform_float_3_3
Parameters: 0.999999 -0.000872331 0.000206846 0.000871812 0.999999 0.000827985 -0.000206958 -0.000828585 1 -0.0103519 0.00879806 0.0944718
FixedParameters: 0 0 0

#Transform 142
Transform: AffineTransform_float_3_3
Parameters: 1 -0.000950386 -2.4442e-05 0.000950213 0.999998 0.0015262 2.29221e-05 -0.00152627 0.999999 0.0011505 0.0267394 0.0334106
FixedParameters: 0 0 0

#Transform 143
Transform: AffineTransform_float_3_3
Parameters: 0.999999 -0.000579364 0.000697396 0.000578398 0.999999 0.00157084 -0.000697764 -0.0015709 0.999998 -0.0117052 0.0185904 0.0236599
FixedParameters: 0 0 0

#Transform 144
Transform: AffineTransform_float_3_3
Parameters: 1 -0.000394724 0.000869536 0.000394187 0.999999 0.00148502 -0.000869759 -0.0014855 0.999999 -0.0106746 0.00642615 0.0107343
FixedParameters: 0 0 0

#Transform 145
Transform: AffineTransform_float_3_3
Parameters: 0.999999 -0.000447164 0.000569706 0.000447645 1 0.000857614 -0.000570276 -0.000857953 0.999999 -0.00469567 0.0929677 -0.0439939
FixedParameters: 0 0 0

#Transform 146
Transform: AffineTransform_float_3_3
Parameters: 1 -0.00112927 5.63425e-05 0.00112888 0.999998 0.00128974 -5.78739e-05 -0.00128963 0.999999 -0.00465901 0.0397462 0.0340486
FixedParameters: 0 0 0

#Transform 147
Transform: AffineTransform_float_3_3
Parameters: 0.999999 -0.000638623 0.00052179 0.000638376 1 0.000237386 -0.000522093 -0.000236719 1 -0.00316161 0.0808385 0.0450167
FixedParameters: 0 0 0

#Transform 148
Transform: AffineTransform_float_3_3
Parameters: 0.999999 -0.000566651 0.000468091 0.000566609 1 4.566e-05 -0.000468142 -4.51295e-05 1 -0.0106396 -0.0725691 0.0860388
FixedParameters: 0 0 0

#Transform 149
Transform: AffineTransform_float_3_3
Parameters: 0.999999 -0.000772598 0.000616428 0.000772604 0.999999 -4.98876e-06 -0.000616419 5.94126e-06 1 -0.00675533 0.0449141 0.0818641
FixedParameters: 0 0 0

#Transform 150
Transform: AffineTransform_float_3_3
Parameters: 0.999999 -0.000846376 9.89163e-05 0.000846472 0.999999 -0.000570811 -9.78873e-05 0.00057132 0.999999 0.00323465 -0.0804166 0.0746787
FixedParameters: 0 0 0

#Transform 151
Transform: AffineTransform_float_3_3
Parameters: 0.999999 -0.000684985 0.000628472 0.000684688 0.999999 0.000236763 -0.000628796 -0.000235902 1 -0.00572551 0.0381319 0.108461
FixedParameters: 0 0 0

#Transform 152
Transform: AffineTransform_float_3_3
Parameters: 0.999999 -0.00103196 7.0221e-05 0.00103151 1 -0.000538177 -6.99101e-05 0.000537696 1 0.0169031 0.101933 0.0206002
FixedParameters: 0 0 0

#Transform 153
Transform: AffineTransform_float_3_3
Parameters: 1 -0.001183 0.000198567 0.0011832 1 -0.000397831 -0.000197484 0.000397705 1 0.0106116 0.0400871 0.0369435
FixedParameters: 0 0 0

#Transform 154
Transform: AffineTransform_float_3_3
Parameters: 1 -0.00120251 0.000128918 0.00120194 0.999999 -0.00013424 -0.000129218 0.000134862 0.999999 0.00253696 -0.028838 0.0719324
FixedParameters: 0 0 0

#Transform 155
Transform: AffineTransform_float_3_3
Parameters: 1 -0.00112894 0.000418244 0.00112974 0.999999 -0.00059553 -0.0004182 0.000595562 1 0.0108978 0.0593984 -0.014264
FixedParameters: 0 0 0

#Transform 156
Transform: AffineTransform_float_3_3
Parameters: 0.999999 -0.00133125 0.000394729 0.00133139 0.999999 -0.000127746 -0.000394246 0.000128202 1 0.000771968 0.00240371 0.0460637
FixedParameters: 0 0 0

#Transform 157
Transform: AffineTransform_float_3_3
Parameters: 0.999999 -0.00127865 0.00054919 0.00127856 0.999999 -0.000382162 -0.000548946 0.000382597 1 0.00585062 0.0438906 0.00388743
FixedParameters: 0 0 0

#Transform 158
Transform: AffineTransform_float_3_3
Parameters: 0.999999 -0.00141504 -9.12302e-05 0.00141508 0.999999 -9.6526e-06 9.13985e-05 8.79996e-06 1 0.00839765 0.00785367 -0.0245798
FixedParameters: 0 0 0

#Transform 159
Transform: AffineTransform_float_3_3
Parameters: 0.999999 -0.00127816 0.000194585 0.0012778 0.999999 -0.000389382 -0.000194324 0.00038891 1 -0.00422006 -0.0458575 0.0526912
FixedParameters: 0 0 0

#Transform 160
Transform: AffineTransform_float_3_3
Parameters: 0.999999 -0.00123672 0.000219113 0.00123645 0.999999 -0.00073575 -0.000218043 0.000736602 1 0.00046352 0.0441714 -0.0336495
FixedParameters: 0 0 0

#Transform 161
Transform: AffineTransform_float_3_3
Parameters: 0.999999 -0.00132575 0.00017395 0.00132543 0.999999 -0.000613006 -0.000172996 0.000612841 0.999999 -0.00012394 -0.0253605 0.0498546
FixedParameters: 0 0 0

#Transform 162
Transform: AffineTransform_float_3_3
Parameters: 1 -0.00107216 0.000160052 0.00107265 1 -0.000646248 -0.000159905 0.000646021 0.999999 0.00221996 0.0734706 -0.0461302
FixedParameters: 0 0 0

#Transform 163
Transform: AffineTransform_float_3_3
Parameters: 1 -0.00111754 -7.10237e-05 0.00111826 0.999999 -0.000699388 7.20197e-05 0.000699284 1 0.00283269 0.0433083 0.00789891
FixedParameters: 0 0 0

#Transform 164
Transform: AffineTransform_float_3_3
Parameters: 1 -0.00117544 -2.85979e-05 0.00117481 0.999999 -0.000854312 2.97923e-05 0.000854212 1 -0.00142084 0.0364425 -0.0280476
FixedParameters: 0 0 0

#Transform 165
Transform: AffineTransform_float_3_3
Parameters: 0.999999 -0.00122043 7.8517e-05 0.00122056 0.999999 -0.000636292 -7.68221e-05 0.000635887 0.999999 -0.000609891 0.0149067 -0.0325627
FixedParameters: 0 0 0

#Transform 166
Transform: AffineTransform_float_3_3
Parameters: 1 -0.0011886 -0.000207425 0.00118775 1 -0.000636412 0.000208186 0.00063623 1 0.00475655 0.0166059 0.0126568
FixedParameters: 0 0 0

#Transform 167
Transform: AffineTransform_float_3_3
Parameters: 0.999999 -0.000765721 0.000242636 0.00076563 1 0.000153689 -0.000242808 -0.000152974 0.999999 0.0077895 -0.0788221 -0.023919
FixedParameters: 0 0 0

#Transform 168
Transform: AffineTransform_float_3_3
Parameters: 1 -0.00115421 -0.000201169 0.00115368 1 0.000743217 0.000200083 -0.000743393 1 0.0141817 0.0412981 -0.0393824
FixedParameters: 0 0 0

#Transform 169
Transform: AffineTransform_float_3_3
Parameters: 1 -0.00112471 -0.000319434 0.0011248 0.999999 0.000157123 0.000319208 -0.000157842 1 0.0124074 0.00673559 -0.0546563
FixedParameters: 0 0 0

#Transform 170
Transform: AffineTransform_float_3_3
Parameters: 1 -0.00118809 -0.000230641 0.00118813 0.999999 0.000122625 0.000230477 -0.000123174 1 0.0175128 0.0320615 -0.0502615
FixedParameters: 0 0 0

#Transform 171
Transform: AffineTransform_float_3_3
Parameters: 1 -0.00101272 4.61601e-05 0.00101328 0.999999 0.000707698 -4.67014e-05 -0.00070851 1 0.00754387 0.0332876 -0.057273
FixedParameters: 0 0 0

#Transform 172
Transform: AffineTransform_float_3_3
Parameters: 1 -0.000956945 0.000507805 0.000956719 0.999999 0.000839831 -0.000508519 -0.000839765 0.999999 0.00177601 -0.00683072 -0.0316409
FixedParameters: 0 0 0

#Transform 173
Transform: AffineTransform_float_3_3
Parameters: 1 -0.00106027 -0.000101488 0.00106101 0.999999 0.000922133 0.000100407 -0.000921973 1 0.0105674 0.0529145 -0.027203
FixedParameters: 0 0 0

#Transform 174
Transform: AffineTransform_float_3_3
Parameters: 1 -0.000899673 0.000321948 0.000899368 0.999999 0.00133432 -0.000323472 -0.00133337 0.999999 0.0029647 -0.0302651 -0.0261
FixedParameters: 0 0 0

#Transform 175
Transform: AffineTransform_float_3_3
Parameters: 1 -0.000989413 -5.82048e-07 0.000989168 0.999999 0.00104858 -1.11814e-07 -0.00104861 1 0.0028995 -0.029511 0.0172455
FixedParameters: 0 0 0

#Transform 176
Transform: AffineTransform_float_3_3
Parameters: 0.999999 -0.000850855 0.000279392 0.000850857 0.999999 -4.03451e-06 -0.000279385 4.50995e-06 1 -0.0046366 -0.0789346 -0.0292837
FixedParameters: 0 0 0

#Transform 177
Transform: AffineTransform_float_3_3
Parameters: 0.999999 -0.000993416 6.39693e-05 0.000993404 0.999999 9.25189e-05 -6.4153e-05 -9.23916e-05 1 0.00206815 0.0266426 -0.0784446
FixedParameters: 0 0 0

#Transform 178
Transform: AffineTransform_float_3_3
Parameters: 1 -0.000998764 -0.000326166 0.000998814 0.999999 9.4997e-05 0.000326103 -9.56493e-05 1 0.0134756 0.0324127 -0.014529
FixedParameters: 0 0 0

#Transform 179
Transform: AffineTransform_float_3_3
Parameters: 0.999999 -0.000959385 -9.1572e-05 0.000959402 0.999999 9.11881e-05 9.13969e-05 -9.13636e-05 1 0.00361727 0.0385409 -0.0692879
FixedParameters: 0 0 0

#Transform 180
Transform: AffineTransform_float_3_3
Parameters: 1 -0.00103353 -0.000106194 0.00103278 0.999999 0.000348495 0.000106169 -0.000348771 1 0.00417725 0.0381673 -0.0709694
FixedParameters: 0 0 0

#Transform 181
Transform: AffineTransform_float_3_3
Parameters: 0.999999 -0.000866975 -9.12364e-05 0.00086774 0.999999 0.000989175 9.02058e-05 -0.0009893 1 0.00190202 0.0216683 -0.0306098
FixedParameters: 0 0 0

#Transform 182
Transform: AffineTransform_float_3_3
Parameters: 0.999999 -0.000708483 0.000168557 0.000708464 0.999999 5.65614e-05 -0.000168637 -5.63225e-05 1 -0.00390434 0.0497812 -0.0881365
FixedParameters: 0 0 0

#Transform 183
Transform: AffineTransform_float_3_3
Parameters: 1 -0.000482025 0.000166684 0.000481984 1 0.00012516 -0.000166804 -0.000125 1 -0.00534104 -0.0989328 -0.0130626
FixedParameters: 0 0 0

#Transform 184
Transform: AffineTransform_float_3_3
Parameters: 0.999999 -0.00090987 -0.000157244 0.000909145 0.999999 0.000295757 0.000157273 -0.000296099 1 0.00205111 -0.019074 0.0816467
FixedParameters: 0 0 0

#Transform 185
Transform: AffineTransform_float_3_3
Parameters: 1 -0.00112989 -0.000464175 0.00112987 1 7.11813e-05 0.000464124 -7.09503e-05 1 0.0109719 0.0589474 -0.0133567
FixedParameters: 0 0 0

#Transform 186
Transform: AffineTransform_float_3_3
Parameters: 1 -0.000525046 -0.0003561 0.000524054 0.999999 -0.00140819 0.000357449 0.00140781 0.999999 0.00217557 -0.196586 0.123035
FixedParameters: 0 0 0

#Transform 187
Transform: AffineTransform_float_3_3
Parameters: 0.999999 -0.000517899 -0.000693193 0.000517465 0.999998 -0.00150176 0.000693485 0.00150116 0.999998 0.00372209 0.0765179 0.352151
FixedParameters: 0 0 0

#Transform 188
Transform: AffineTransform_float_3_3
Parameters: 0.999999 -0.000829711 -0.000507999 0.000828357 0.999998 -0.00217048 0.000510646 0.00216969 0.999998 0.0218069 0.218118 0.28003
FixedParameters: 0 0 0

#Transform 189
Transform: AffineTransform_float_3_3
Parameters: 0.999999 -0.000879992 -0.000422146 0.00087866 0.999998 -0.0018962 0.000423844 0.00189549 0.999998 0.023581 0.146843 0.330333
FixedParameters: 0 0 0
