#Insight Transform File V1.0
#Transform 0
Transform: AffineTransform_float_3_3
Parameters: 1 -4.09909e-05 -2.14033e-05 4.1491e-05 0.999997 -0.00254448 2.20427e-05 0.00254452 0.999997 -0.0104022 0.0503851 0.0767279
FixedParameters: 0 0 0

#Transform 1
Transform: AffineTransform_float_3_3
Parameters: 1 9.84846e-06 -0.000110526 -1.0268e-05 0.999998 -0.00201712 0.000110229 0.00201712 0.999998 -0.0180583 -0.127773 0.0987746
FixedParameters: 0 0 0

#Transform 2
Transform: AffineTransform_float_3_3
Parameters: 1 6.53053e-05 -0.000237961 -6.61655e-05 0.999999 -0.00186354 0.00023746 0.00186357 0.999998 -0.0112275 0.130742 0.0230142
FixedParameters: 0 0 0

#Transform 3
Transform: AffineTransform_float_3_3
Parameters: 1 -0.000207196 -0.000173649 0.000206656 0.999998 -0.00158995 0.00017418 0.00158988 0.999998 3.783e-05 0.178215 -0.0560201
FixedParameters: 0 0 0

#Transform 4
Transform: AffineTransform_float_3_3
Parameters: 1 -0.000149393 2.57498e-05 0.000149485 0.999999 -0.00153377 -2.54194e-05 0.00153378 0.999999 -0.00404262 0.121527 -0.0324881
FixedParameters: 0 0 0

#Transform 5
Transform: AffineTransform_float_3_3
Parameters: 1 -0.000312178 0.000139337 0.000312619 0.999999 -0.00153902 -0.000138503 0.00153911 0.999999 0.00106496 0.0533639 -0.00516369
FixedParameters: 0 0 0

#Transform 6
Transform: AffineTransform_float_3_3
Parameters: 1 -6.69197e-05 3.93506e-05 6.70619e-05 0.999998 -0.00164437 -3.92582e-05 0.00164438 0.999998 -0.01089 -0.128074 0.0346644
FixedParameters: 0 0 0

#Transform 7
Transform: AffineTransform_float_3_3
Parameters: 1 0.00018438 -0.000208476 -0.000184441 0.999999 -0.00154864 0.00020859 0.00154875 0.999999 0.00349511 0.0284329 -0.0136654
FixedParameters: 0 0 0

#Transform 8
Transform: AffineTransform_float_3_3
Parameters: 1 8.90846e-05 -0.000354747 -9.01251e-05 0.999999 -0.00148551 0.000354353 0.00148557 0.999999 -0.00589959 0.0647206 -0.0374142
FixedParameters: 0 0 0

#Transform 9
Transform: AffineTransform_float_3_3
Parameters: 1 8.78023e-05 -0.000138767 -8.82071e-05 0.999999 -0.00150686 0.000138374 0.00150689 0.999999 -0.016107 0.0733918 -0.0591361
FixedParameters: 0 0 0

#Transform 10
Transform: AffineTransform_float_3_3
Parameters: 1 -0.000313909 0.000156759 0.000314304 0.999999 -0.00122036 -0.00015612 0.00122046 0.999999 0.0102516 0.0746298 -0.0197911
FixedParameters: 0 0 0

#Transform 11
Transform: AffineTransform_float_3_3
Parameters: 1 -0.000357009 3.93056e-05 0.000357116 0.999999 -0.00121688 -3.85645e-05 0.00121691 1 0.0105605 0.080457 -0.00779341
FixedParameters: 0 0 0

#Transform 12
Transform: AffineTransform_float_3_3
Parameters: 1 0.000201274 -9.99383e-05 -0.00020151 0.999999 -0.00125185 9.93061e-05 0.00125189 0.999999 0.00174231 -0.0592052 -0.00993493
FixedParameters: 0 0 0

#Transform 13
Transform: AffineTransform_float_3_3
Parameters: 1 0.000282187 -0.000253698 -0.000282732 1 -0.00110069 0.000252948 0.00110083 1 0.0111792 0.0429702 -0.0270694
FixedParameters: 0 0 0

#Transform 14
Transform: AffineTransform_float_3_3
Parameters: 1 0.000171152 0.00034233 -0.000170684 1 -0.000682641 -0.000342563 0.000682524 0.999999 -0.000572934 0.105471 -0.0961236
FixedParameters: 0 0 0

#Transform 15
Transform: AffineTransform_float_3_3
Parameters: 1 0.000319039 0.000134776 -0.000319503 0.999999 -0.00126103 -0.000135142 0.00126088 0.999999 0.00422264 0.0392618 -0.0666642
FixedParameters: 0 0 0

#Transform 16
Transform: AffineTransform_float_3_3
Parameters: 1 -0.000258509 -0.000356058 0.000257766 0.999999 -0.000963781 0.000356476 0.000964535 1 0.00895991 0.12439 -0.0354078
FixedParameters: 0 0 0

#Transform 17
Transform: AffineTransform_float_3_3
Parameters: 1 -0.000212666 -0.000299791 0.000212248 0.999999 -0.000695956 0.000300087 0.000695828 0.999999 0.00582929 0.103752 -0.0394453
FixedParameters: 0 0 0

#Transform 18
Transform: AffineTransform_float_3_3
Parameters: 1 4.94864e-05 -0.000413606 -4.92498e-05 0.999999 -0.00070291 0.000412969 0.000703007 0.999999 -0.0007384 0.0694831 0.00362254
FixedParameters: 0 0 0

#Transform 19
Transform: AffineTransform_float_3_3
Parameters: 1 9.15518e-05 -0.000302595 -9.17337e-05 1 -0.000300519 0.00030254 0.000300574 1 0.00290401 0.0787832 0.0100268
FixedParameters: 0 0 0

#Transform 20
Transform: AffineTransform_float_3_3
Parameters: 1 0.000517406 -0.000366016 -0.000517481 1 -0.000101829 0.00036591 0.000102208 1 0.00695705 -0.0126699 -0.0440625
FixedParameters: 0 0 0

#Transform 21
Transform: AffineTransform_float_3_3
Parameters: 1 0.000579214 -0.000286109 -0.000579275 1 -0.000106339 0.000285985 0.000106671 1 0.00431274 -0.0367967 -0.0145448
FixedParameters: 0 0 0

#Transform 22
Transform: AffineTransform_float_3_3
Parameters: 1 9.51877e-05 -0.000280105 -9.52137e-05 1 -7.50962e-05 0.000280029 7.48063e-05 1 -0.00134171 0.111371 -0.03557
FixedParameters: 0 0 0

#Transform 23
Transform: AffineTransform_float_3_3
Parameters: 1 0.000333416 0.000132942 -0.000333315 1 -0.000439513 -0.000133173 0.000439767 0.999999 0.00107747 0.0178797 -0.122455
FixedParameters: 0 0 0

#Transform 24
Transform: AffineTransform_float_3_3
Parameters: 1 0.000268513 -0.000208307 -0.000268683 1 -0.000408667 0.000208087 0.000408779 1 -0.00542091 0.0529087 -0.079446
FixedParameters: 0 0 0

#Transform 25
Transform: AffineTransform_float_3_3
Parameters: 1 -0.000127666 -0.000302906 0.000127605 1 -0.000100111 0.000302931 0.000100034 1 0.0108587 0.180037 -0.108125
FixedParameters: 0 0 0

#Transform 26
Transform: AffineTransform_float_3_3
Parameters: 1 9.34248e-05 -8.76092e-05 -9.35014e-05 1 -0.000437326 8.75275e-05 0.000437343 1 -0.00248995 0.117082 -0.114251
FixedParameters: 0 0 0

#Transform 27
Transform: AffineTransform_float_3_3
Parameters: 1 0.000212296 4.9319e-05 -0.000212277 1 -0.000196344 -4.94023e-05 0.000196323 1 -0.00318398 0.0965681 -0.134281
FixedParameters: 0 0 0

#Transform 28
Transform: AffineTransform_float_3_3
Parameters: 1 0.000172759 -2.52951e-05 -0.000172783 1 -0.000474894 2.5131e-05 0.000474903 1 -0.000437441 0.0783872 -0.146258
FixedParameters: 0 0 0

#Transform 29
Transform: AffineTransform_float_3_3
Parameters: 1 0.000251415 1.65798e-05 -0.000251399 1 -0.000468199 -1.68152e-05 0.000468191 1 -0.00416491 0.0581929 -0.132314
FixedParameters: 0 0 0

#Transform 30
Transform: AffineTransform_float_3_3
Parameters: 1 0.000309745 6.09937e-05 -0.000309678 1 -0.000545398 -6.13315e-05 0.00054536 1 -0.00560529 0.0437383 -0.129923
FixedParameters: 0 0 0

#Transform 31
Transform: AffineTransform_float_3_3
Parameters: 1 0.000164259 -7.83883e-06 -0.000164268 1 -0.00053559 7.66287e-06 0.000535593 1 -0.00645719 0.0197597 -0.132116
FixedParameters: 0 0 0

#Transform 32
Transform: AffineTransform_float_3_3
Parameters: 1 0.000335137 0.000102312 -0.000334411 0.999999 -0.000749693 -0.000102001 0.000749656 0.999999 -0.00921534 0.00615617 -0.133934
FixedParameters: 0 0 0

#Transform 33
Transform: AffineTransform_float_3_3
Parameters: 1 0.000192433 3.97385e-05 -0.000192362 0.999999 -0.000889445 -4.00807e-05 0.000889429 0.999999 -0.00850407 0.0695947 -0.134647
FixedParameters: 0 0 0

#Transform 34
Transform: AffineTransform_float_3_3
Parameters: 1 0.000210593 0.00021054 -0.000210191 0.999999 -0.00095387 -0.000210941 0.000953781 0.999999 -0.00598205 0.0190524 -0.158492
FixedParameters: 0 0 0

#Transform 35
Transform: AffineTransform_float_3_3
Parameters: 1 0.000293257 0.000131444 -0.000293883 0.999999 -0.000728244 -0.000131304 0.000728111 0.999999 -0.0109597 0.0746032 -0.104843
FixedParameters: 0 0 0

#Transform 36
Transform: AffineTransform_float_3_3
Parameters: 1 0.000137519 0.00018463 -0.000137101 1 -0.0010963 -0.000185059 0.00109625 1 -0.00753923 0.0115693 -0.143262
FixedParameters: 0 0 0

#Transform 37
Transform: AffineTransform_float_3_3
Parameters: 1 0.000237196 7.84658e-05 -0.000237875 0.999999 -0.000881609 -7.83171e-05 0.000881515 0.999999 -0.00258243 0.12627 -0.162354
FixedParameters: 0 0 0

#Transform 38
Transform: AffineTransform_float_3_3
Parameters: 1 8.7569e-05 -0.000101327 -8.77277e-05 0.999999 -0.000783583 0.00010119 0.000783601 0.999999 -0.0105016 0.103946 -0.0842815
FixedParameters: 0 0 0

#Transform 39
Transform: AffineTransform_float_3_3
Parameters: 1 7.76537e-05 1.21497e-05 -7.76365e-05 0.999999 -0.000705522 -1.22592e-05 0.00070552 1 0.00300538 0.090317 -0.146171
FixedParameters: 0 0 0

#Transform 40
Transform: AffineTransform_float_3_3
Parameters: 1 9.4925e-05 3.29391e-06 -9.49209e-05 1 -0.000619393 -3.4115e-06 0.000619392 1 0.00412849 0.0874989 -0.149236
FixedParameters: 0 0 0

#Transform 41
Transform: AffineTransform_float_3_3
Parameters: 1 0.000156549 3.91644e-05 -0.000156515 1 -0.000438203 -3.93015e-05 0.000438191 1 -0.00529815 0.0864601 -0.140071
FixedParameters: 0 0 0

#Transform 42
Transform: AffineTransform_float_3_3
Parameters: 1 0.000111142 -1.10003e-06 -0.000111143 1 -0.00060337 9.65911e-07 0.000603371 1 -0.00604992 0.0507103 -0.138313
FixedParameters: 0 0 0

#Transform 43
Transform: AffineTransform_float_3_3
Parameters: 1 0.000408175 -0.000179927 -0.000408329 1 -0.000429828 0.000179576 0.000429975 1 -0.0106547 -0.0192953 -0.0769353
FixedParameters: 0 0 0

#Transform 44
Transform: AffineTransform_float_3_3
Parameters: 1 0.000243254 9.92044e-05 -0.000243129 1 -0.000633569 -9.95125e-05 0.000633521 1 -0.00938652 0.0569461 -0.129039
FixedParameters: 0 0 0

#Transform 45
Transform: AffineTransform_float_3_3
Parameters: 1 0.000250004 -1.45153e-05 -0.000250018 1 -0.000474915 1.42778e-05 0.000474923 1 -0.00887631 0.0563899 -0.122014
FixedParameters: 0 0 0

#Transform 46
Transform: AffineTransform_float_3_3
Parameters: 1 0.000286798 -1.06939e-05 -0.000286815 0.999999 -0.000826029 1.02201e-05 0.000826035 0.999999 -0.0128501 0.0810047 -0.10184
FixedParameters: 0 0 0

#Transform 47
Transform: AffineTransform_float_3_3
Parameters: 1 0.000178107 -0.000166328 -0.000178379 0.999999 -0.000818022 0.000166036 0.000818081 0.999999 -0.0160036 0.0974044 -0.0719146
FixedParameters: 0 0 0

#Transform 48
Transform: AffineTransform_float_3_3
Parameters: 1 0.000471942 0.00010961 -0.000472004 0.999999 -0.000838764 -0.000109021 0.000838636 0.999999 -0.01075 0.0569958 -0.102269
FixedParameters: 0 0 0

#Transform 49
Transform: AffineTransform_float_3_3
Parameters: 1 0.000347912 0.000134379 -0.000347688 0.999999 -0.000830935 -0.000134957 0.000830841 0.999999 -0.00973468 0.108918 -0.119474
FixedParameters: 0 0 0

#Transform 50
Transform: AffineTransform_float_3_3
Parameters: 1 0.000226449 0.000152353 -0.000226908 1 -0.00113293 -0.000152427 0.0011328 1 -0.0103435 0.0900774 -0.117058
FixedParameters: 0 0 0

#Transform 51
Transform: AffineTransform_float_3_3
Parameters: 1 0.000391343 0.000111252 -0.000391188 0.999999 -0.000691278 -0.000111793 0.000691191 1 -0.0156734 0.0764123 -0.119924
FixedParameters: 0 0 0

#Transform 52
Transform: AffineTransform_float_3_3
Parameters: 1 0.000478145 6.53279e-05 -0.000478061 0.999999 -0.000643437 -6.59431e-05 0.000643374 1 -0.0173424 0.0697486 -0.09398
FixedParameters: 0 0 0

#Transform 53
Transform: AffineTransform_float_3_3
Parameters: 1 0.000311752 9.71525e-05 -0.000312192 0.999999 -0.00180443 -9.79667e-05 0.00180432 0.999999 -0.0107407 0.0511987 -0.105525
FixedParameters: 0 0 0

#Transform 54
Transform: AffineTransform_float_3_3
Parameters: 1 0.000408598 0.000125592 -0.000407766 1 -0.000983053 -0.000125709 0.000982982 1 -0.0157904 0.0516276 -0.1224
FixedParameters: 0 0 0

#Transform 55
Transform: AffineTransform_float_3_3
Parameters: 1 0.000410551 0.000107646 -0.000410428 1 -0.000572241 -0.000108115 0.000572152 1 -0.0166354 0.0525001 -0.113898
FixedParameters: 0 0 0

#Transform 56
Transform: AffineTransform_float_3_3
Parameters: 1 0.000333387 -7.0159e-05 -0.000333453 1 -0.000472879 6.98437e-05 0.000472926 1 -0.0172627 0.0497314 -0.107416
FixedParameters: 0 0 0

#Transform 57
Transform: AffineTransform_float_3_3
Parameters: 1 0.000285359 -9.14713e-05 -0.000285449 1 -0.000494706 9.11889e-05 0.000494759 1 -0.0157145 0.0648147 -0.129694
FixedParameters: 0 0 0

#Transform 58
Transform: AffineTransform_float_3_3
Parameters: 1 0.000175632 -0.000336538 -0.000175865 0.999999 -0.00121454 0.000336796 0.00121469 0.999999 -0.0283702 0.0809987 -0.0497642
FixedParameters: 0 0 0

#Transform 59
Transform: AffineTransform_float_3_3
Parameters: 1 0.000277069 -0.000242998 -0.000277468 1 -0.000964611 0.000242416 0.000963809 0.999999 -0.0285943 0.0717563 -0.0627901
FixedParameters: 0 0 0

#Transform 60
Transform: AffineTransform_float_3_3
Parameters: 1 0.000300289 -0.000354958 -0.000300944 1 -0.00102146 0.000354296 0.00102074 0.999999 -0.0282786 0.0753567 -0.0512988
FixedParameters: 0 0 0

#Transform 61
Transform: AffineTransform_float_3_3
Parameters: 1 0.000432982 -0.000463531 -0.000433001 0.999998 -0.00153571 0.000462319 0.0015362 0.999998 -0.0358531 0.038674 -0.00951645
FixedParameters: 0 0 0

#Transform 62
Transform: AffineTransform_float_3_3
Parameters: 1 0.000202766 -0.000500173 -0.000203761 0.999998 -0.00157896 0.000500217 0.0015792 0.999998 -0.0264247 0.0786822 -0.0626602
FixedParameters: 0 0 0

#Transform 63
Transform: AffineTransform_float_3_3
Parameters: 1 0.000374464 -0.000344932 -0.000374993 0.999998 -0.00161601 0.000344406 0.0016163 0.999998 -0.0349029 0.060633 -0.0413786
FixedParameters: 0 0 0

#Transform 64
Transform: AffineTransform_float_3_3
Parameters: 1 0.000272874 -0.00036249 -0.000273282 0.999999 -0.0013699 0.000362428 0.00137013 0.999999 -0.0280236 0.0886012 -0.0527994
FixedParameters: 0 0 0

#Transform 65
Transform: AffineTransform_float_3_3
Parameters: 0.999999 0.000347276 -0.0006331 -0.000348587 0.999998 -0.00150979 0.000632672 0.00150992 0.999999 -0.0316261 0.0653675 -0.00149895
FixedParameters: 0 0 0

#Transform 66
Transform: AffineTransform_float_3_3
Parameters: 1 0.000356999 -0.000416353 -0.000357797 0.999998 -0.00174515 0.000415743 0.00174455 0.999998 -0.0326042 0.0591117 -0.018948
FixedParameters: 0 0 0

#Transform 67
Transform: AffineTransform_float_3_3
Parameters: 1 0.00043158 -0.000508245 -0.000431747 0.999998 -0.00154534 0.000507029 0.00154587 0.999998 -0.0334912 0.0875575 -0.00712647
FixedParameters: 0 0 0

#Transform 68
Transform: AffineTransform_float_3_3
Parameters: 1 0.000448093 -0.000401255 -0.000448809 0.999999 -0.00170898 0.00040036 0.00170844 0.999998 -0.0389138 0.0359805 -0.0181846
FixedParameters: 0 0 0

#Transform 69
Transform: AffineTransform_float_3_3
Parameters: 1 0.000297639 -0.00028898 -0.000297963 0.999998 -0.00157339 0.000288728 0.0015736 0.999998 -0.0298924 0.0900095 -0.0335027
FixedParameters: 0 0 0

#Transform 70
Transform: AffineTransform_float_3_3
Parameters: 1 0.000283901 -0.000332078 -0.000284191 0.999999 -0.00131769 0.000332015 0.00131791 0.999999 -0.0356383 0.0822663 -0.0322169
FixedParameters: 0 0 0

#Transform 71
Transform: AffineTransform_float_3_3
Parameters: 0.999999 0.000453055 -0.000528364 -0.000454057 0.999999 -0.00150253 0.000527686 0.00150304 0.999999 -0.0385454 0.0769356 -0.0078816
FixedParameters: 0 0 0

#Transform 72
Transform: AffineTransform_float_3_3
Parameters: 1 0.000404763 -0.000455405 -0.000405608 0.999998 -0.0015711 0.000454817 0.0015715 0.999998 -0.0403578 0.0592974 -0.00387745
FixedParameters: 0 0 0

#Transform 73
Transform: AffineTransform_float_3_3
Parameters: 0.999999 0.000459694 -0.000623527 -0.000460752 0.999999 -0.00131791 0.000622999 0.00131852 0.999999 -0.037964 0.0893141 -0.00105356
FixedParameters: 0 0 0

#Transform 74
Transform: AffineTransform_float_3_3
Parameters: 0.999999 0.000558045 -0.000467551 -0.000558866 0.999998 -0.00150463 0.000466556 0.00150519 0.999999 -0.0437858 0.0523292 0.0151999
FixedParameters: 0 0 0

#Transform 75
Transform: AffineTransform_float_3_3
Parameters: 0.999999 0.00054063 -0.000510322 -0.000541365 0.999999 -0.00129378 0.000509607 0.00129437 0.999999 -0.0355893 0.0652497 0.020907
FixedParameters: 0 0 0

#Transform 76
Transform: AffineTransform_float_3_3
Parameters: 1 0.000733914 -0.000548399 -0.000734057 1 -0.000703021 0.00054826 0.00070292 1 -0.035615 0.0648486 0.0616666
FixedParameters: 0 0 0

#Transform 77
Transform: AffineTransform_float_3_3
Parameters: 1 0.00071621 -0.000569627 -0.000717167 0.999999 -0.00134263 0.000568515 0.00134348 0.999999 -0.0356201 0.00244549 0.0415887
FixedParameters: 0 0 0

#Transform 78
Transform: AffineTransform_float_3_3
Parameters: 0.999999 0.000422927 -0.000685052 -0.000424001 0.999999 -0.00121094 0.000684712 0.00121155 0.999999 -0.0266912 0.11812 -0.0247135
FixedParameters: 0 0 0

#Transform 79
Transform: AffineTransform_float_3_3
Parameters: 0.999999 0.0005208 -0.000545022 -0.000521543 0.999999 -0.00121812 0.000544438 0.00121872 0.999999 -0.034983 0.0865409 0.0238307
FixedParameters: 0 0 0

#Transform 80
Transform: AffineTransform_float_3_3
Parameters: 0.999999 0.000447182 -0.000633188 -0.000448387 0.999999 -0.00141326 0.000632608 0.00141386 0.999999 -0.031671 0.0810286 -0.0133769
FixedParameters: 0 0 0

#Transform 81
Transform: AffineTransform_float_3_3
Parameters: 0.999999 0.000413834 -0.000689041 -0.000415062 0.999999 -0.00131555 0.000688635 0.00131616 0.999999 -0.0297123 0.0917952 -0.0210191
FixedParameters: 0 0 0

#Transform 82
Transform: AffineTransform_float_3_3
Parameters: 0.999999 0.000637551 -0.000641112 -0.000638642 0.999999 -0.00130806 0.000640128 0.00130891 0.999999 -0.038385 0.0745926 0.0102772
FixedParameters: 0 0 0

#Transform 83
Transform: AffineTransform_float_3_3
Parameters: 0.999999 0.000506955 -0.00054574 -0.000507371 0.999999 -0.00144067 0.000545777 0.00144129 0.999999 -0.0328521 0.0764189 -0.00135182
FixedParameters: 0 0 0

#Transform 84
Transform: AffineTransform_float_3_3
Parameters: 0.999999 0.0004209 -0.000713308 -0.000421565 1 -0.000915452 0.000713302 0.000915148 0.999999 -0.0286337 0.069966 0.00379376
FixedParameters: 0 0 0

#Transform 85
Transform: AffineTransform_float_3_3
Parameters: 0.999999 0.000644987 -0.000655941 -0.000644937 0.999999 -0.000397497 0.000656241 0.000398374 0.999999 -0.0287997 0.0616219 0.0460888
FixedParameters: 0 0 0

#Transform 86
Transform: AffineTransform_float_3_3
Parameters: 1 0.000651079 -0.000701988 -0.000650496 1 -0.000614433 0.000701514 0.000614496 0.999999 -0.0313563 0.071449 0.0499317
FixedParameters: 0 0 0

#Transform 87
Transform: AffineTransform_float_3_3
Parameters: 0.999999 0.000552032 -0.00051967 -0.000552424 0.999999 -0.000994277 0.000519337 0.000993945 0.999999 -0.0449394 -0.0342239 0.0528226
FixedParameters: 0 0 0

#Transform 88
Transform: AffineTransform_float_3_3
Parameters: 0.999999 0.000396216 -0.000751573 -0.000396897 1 -0.000879551 0.000751641 0.000879242 0.999999 -0.0338425 0.106046 0.0319205
FixedParameters: 0 0 0

#Transform 89
Transform: AffineTransform_float_3_3
Parameters: 1 0.000349058 -0.000595951 -0.000349135 0.999999 -0.00124186 0.000595202 0.00124237 0.999999 -0.0287544 0.100916 -0.00905613
FixedParameters: 0 0 0

#Transform 90
Transform: AffineTransform_float_3_3
Parameters: 1 0.000418216 -0.000521191 -0.000418136 0.999999 -0.00126982 0.000520247 0.00127035 0.999999 -0.0295384 0.103772 -0.00518222
FixedParameters: 0 0 0

#Transform 91
Transform: AffineTransform_float_3_3
Parameters: 0.999999 0.000333296 -0.000663169 -0.000333387 1 -0.00112617 0.000662535 0.0011267 0.999999 -0.0277499 0.104651 -0.0156501
FixedParameters: 0 0 0

#Transform 92
Transform: AffineTransform_float_3_3
Parameters: 1 0.000458186 -0.000479317 -0.000457929 0.999999 -0.00119549 0.000478339 0.00119602 0.999999 -0.0301263 0.0899182 -0.00158471
FixedParameters: 0 0 0

#Transform 93
Transform: AffineTransform_float_3_3
Parameters: 0.999999 0.000655644 -0.000514629 -0.000656191 0.999999 -0.00109966 0.000513872 0.00110037 1 -0.0358634 0.0143475 0.0376922
FixedParameters: 0 0 0

#Transform 94
Transform: AffineTransform_float_3_3
Parameters: 0.999999 0.000448318 -0.000645206 -0.000449351 0.999999 -0.00125391 0.000644766 0.00125452 0.999999 -0.0303272 0.0876292 -0.0153093
FixedParameters: 0 0 0

#Transform 95
Transform: AffineTransform_float_3_3
Parameters: 0.999999 0.000496151 -0.000574206 -0.000497028 0.999999 -0.00128818 0.000573549 0.00128843 1 -0.0287531 0.0704959 -0.0111101
FixedParameters: 0 0 0

#Transform 96
Transform: AffineTransform_float_3_3
Parameters: 0.999999 0.000479214 -0.000585065 -0.000480317 0.999999 -0.00144268 0.000584366 0.00144327 0.999999 -0.0371538 0.0661379 0.0005405
FixedParameters: 0 0 0

#Transform 97
Transform: AffineTransform_float_3_3
Parameters: 1 0.000683185 -0.000633603 -0.000683889 0.999999 -0.00151288 0.000633113 0.00151287 0.999999 -0.0319399 0.0252711 0.0118961
FixedParameters: 0 0 0

#Transform 98
Transform: AffineTransform_float_3_3
Parameters: 1 0.000249929 -0.00061339 -0.00025005 0.999999 -0.00124245 0.000612887 0.00124285 0.999999 -0.026858 0.0923398 -0.0392398
FixedParameters: 0 0 0

#Transform 99
Transform: AffineTransform_float_3_3
Parameters: 0.999999 0.000268109 -0.000640443 -0.000268898 1 -0.00107212 0.000640553 0.0010725 0.999999 -0.026478 0.0816093 -0.0421966
FixedParameters: 0 0 0

#Transform 100
Transform: AffineTransform_float_3_3
Parameters: 0.999999 0.000403409 -0.000696993 -0.000404754 0.999998 -0.00139668 0.000696487 0.00139693 0.999999 -0.0308942 0.081771 -0.00430085
FixedParameters: 0 0 0

#Transform 101
Transform: AffineTransform_float_3_3
Parameters: 1 0.000341823 -0.000368227 -0.000341329 0.999999 -0.00123392 0.000367502 0.00123426 0.999999 -0.0282654 0.0991792 -0.0470977
FixedParameters: 0 0 0

#Transform 102
Transform: AffineTransform_float_3_3
Parameters: 1 0.000389753 -0.000530127 -0.000390264 0.999999 -0.00104921 0.000529931 0.00104931 1 -0.0408311 0.0793588 -0.0227827
FixedParameters: 0 0 0

#Transform 103
Transform: AffineTransform_float_3_3
Parameters: 0.999999 0.000472528 -0.000581249 -0.000473733 0.999999 -0.00160008 0.000580373 0.00159973 0.999998 -0.0315257 0.0575402 -0.00303253
FixedParameters: 0 0 0

#Transform 104
Transform: AffineTransform_float_3_3
Parameters: 1 0.000369973 -0.000431723 -0.000370943 0.999999 -0.00181756 0.000430934 0.00181792 0.999999 -0.0235808 0.0601531 -0.0492835
FixedParameters: 0 0 0

#Transform 105
Transform: AffineTransform_float_3_3
Parameters: 0.999999 0.000311297 -0.000814341 -0.000313248 0.999998 -0.00155673 0.000814054 0.00155727 0.999998 -0.0302467 0.0660318 -0.0192165
FixedParameters: 0 0 0

#Transform 106
Transform: AffineTransform_float_3_3
Parameters: 0.999999 0.000492748 -0.000540448 -0.000493974 0.999998 -0.00174094 0.000539367 0.00174057 0.999998 -0.0225369 0.0158758 -0.0187712
FixedParameters: 0 0 0

#Transform 107
Transform: AffineTransform_float_3_3
Parameters: 0.999999 0.000385858 -0.00055897 -0.000386573 0.999999 -0.00116334 0.000558757 0.0011638 0.999999 -0.0257342 0.136085 -0.0549665
FixedParameters: 0 0 0

#Transform 108
Transform: AffineTransform_float_3_3
Parameters: 0.999999 0.000361755 -0.000746845 -0.00036342 0.999999 -0.00150627 0.000746438 0.00150684 0.999998 -0.0249193 0.0996856 -0.0473238
FixedParameters: 0 0 0

#Transform 109
Transform: AffineTransform_float_3_3
Parameters: 1 0.00020422 -0.00052215 -0.000205251 0.999997 -0.0023575 0.000521046 0.00235781 0.999997 -0.0198687 0.0727293 -0.0768904
FixedParameters: 0 0 0

#Transform 110
Transform: AffineTransform_float_3_3
Parameters: 0.999999 0.000557593 -0.0004676 -0.00055842 0.999998 -0.00151162 0.000466598 0.00151217 0.999999 -0.0294513 0.0795504 -0.0112407
FixedParameters: 0 0 0

#Transform 111
Transform: AffineTransform_float_3_3
Parameters: 0.999999 0.000542517 -0.000469238 -0.000543499 0.999998 -0.00174561 0.000467979 0.00174521 0.999998 -0.0201988 0.0314693 -0.0450819
FixedParameters: 0 0 0

#Transform 112
Transform: AffineTransform_float_3_3
Parameters: 0.999999 0.00055417 -0.000467966 -0.000555048 0.999998 -0.00156451 0.000466915 0.00156506 0.999998 -0.0294662 0.0402804 -0.0151464
FixedParameters: 0 0 0

#Transform 113
Transform: AffineTransform_float_3_3
Parameters: 0.999999 0.0005687 -0.000466409 -0.000569364 0.999999 -0.00133997 0.000465569 0.00134053 0.999999 -0.0144569 0.11229 -0.0635694
FixedParameters: 0 0 0

#Transform 114
Transform: AffineTransform_float_3_3
Parameters: 1 0.000316874 -0.000594771 -0.000317044 0.999999 -0.001323 0.00059405 0.00132346 0.999999 -0.0204811 0.102328 -0.0788137
FixedParameters: 0 0 0

#Transform 115
Transform: AffineTransform_float_3_3
Parameters: 0.999999 0.000540838 -0.000469416 -0.000541845 0.999998 -0.00177155 0.000468136 0.00177116 0.999998 -0.0290531 0.0199119 -0.023727
FixedParameters: 0 0 0

#Transform 116
Transform: AffineTransform_float_3_3
Parameters: 1 0.000349309 -0.000557746 -0.000350308 0.999999 -0.00141956 0.000557438 0.00141999 0.999999 -0.0257869 0.107517 -0.0576509
FixedParameters: 0 0 0

#Transform 117
Transform: AffineTransform_float_3_3
Parameters: 1 0.000677878 -1.24271e-05 -0.000678709 0.999999 -0.00109971 1.13749e-05 0.00109967 1 -0.023752 0.0945171 -0.104363
FixedParameters: 0 0 0

#Transform 118
Transform: AffineTransform_float_3_3
Parameters: 0.999999 0.000606329 -0.000404058 -0.000606909 0.999999 -0.00144302 0.000402992 0.00144354 0.999999 -0.0301511 0.030097 -0.0129351
FixedParameters: 0 0 0

#Transform 119
Transform: AffineTransform_float_3_3
Parameters: 1 0.000625162 -8.87361e-05 -0.000624896 0.999998 -0.00188935 8.69317e-05 0.00188949 0.999998 -0.0121862 0.0648402 -0.103085
FixedParameters: 0 0 0

#Transform 120
Transform: AffineTransform_float_3_3
Parameters: 0.999999 0.000585355 -0.000414674 -0.000585513 0.999999 -0.00167052 0.000414169 0.00167013 0.999998 -0.0266268 0.0648792 -0.0440964
FixedParameters: 0 0 0

#Transform 121
Transform: AffineTransform_float_3_3
Parameters: 0.999999 0.000635188 -0.000312473 -0.000636109 0.999997 -0.00203876 0.000311819 0.00203917 0.999998 -0.00850005 0.0696784 -0.0811288
FixedParameters: 0 0 0

#Transform 122
Transform: AffineTransform_float_3_3
Parameters: 1 0.000418402 -0.000377941 -0.00041907 0.999998 -0.00165968 0.000377236 0.00166003 0.999998 -0.0263086 0.0850198 -0.0567444
FixedParameters: 0 0 0

#Transform 123
Transform: AffineTransform_float_3_3
Parameters: 0.999999 0.000732823 0.000108128 -0.000732705 0.999998 -0.00168359 -0.00010928 0.00168375 0.999998 -0.0200906 0.0493456 -0.117421
FixedParameters: 0 0 0

#Transform 124
Transform: AffineTransform_float_3_3
Parameters: 1 0.000665741 -3.87089e-05 -0.000665844 0.999999 -0.00132248 3.68819e-05 0.00132288 0.999999 -0.0228981 0.0747578 -0.102285
FixedParameters: 0 0 0

#Transform 125
Transform: AffineTransform_float_3_3
Parameters: 0.999999 0.000670885 -3.61766e-05 -0.000671232 0.999999 -0.00136894 3.56543e-05 0.00136931 0.999999 -0.00902998 0.0712743 -0.16176
FixedParameters: 0 0 0

#Transform 126
Transform: AffineTransform_float_3_3
Parameters: 1 0.000964484 -0.000140227 -0.000964531 0.999998 -0.00158254 0.000139321 0.00158188 0.999999 -0.0194782 -0.00334532 -0.0908446
FixedParameters: 0 0 0

#Transform 127
Transform: AffineTransform_float_3_3
Parameters: 0.999999 0.000779105 6.76406e-06 -0.000779336 0.999999 -0.00124893 -7.3955e-06 0.00124924 0.999999 -0.0164578 0.0982762 -0.128221
FixedParameters: 0 0 0

#Transform 128
Transform: AffineTransform_float_3_3
Parameters: 1 0.000981655 0.000293096 -0.000981174 0.999999 -0.00126406 -0.000294134 0.0012638 0.999999 -0.0219397 0.0862268 -0.108326
FixedParameters: 0 0 0

#Transform 129
Transform: AffineTransform_float_3_3
Parameters: 1 0.00109607 0.000312545 -0.00109551 0.999998 -0.00167443 -0.000313518 0.00167404 0.999999 -0.0247266 0.018146 -0.0839302
FixedParameters: 0 0 0

#Transform 130
Transform: AffineTransform_float_3_3
Parameters: 1 0.00108287 0.000290738 -0.00108305 0.999998 -0.00163691 -0.000292353 0.00163748 0.999999 -0.0296565 0.0442164 -0.0600696
FixedParameters: 0 0 0

#Transform 131
Transform: AffineTransform_float_3_3
Parameters: 0.999999 0.0011123 0.000364018 -0.00111131 0.999997 -0.00201523 -0.000365865 0.00201437 0.999998 -0.0293486 0.0329049 -0.0740482
FixedParameters: 0 0 0

#Transform 132
Transform: AffineTransform_float_3_3
Parameters: 1 0.00105714 0.000294456 -0.00105644 0.999997 -0.00212025 -0.000296322 0.00212085 0.999998 -0.0212039 0.0686019 -0.0997728
FixedParameters: 0 0 0

#Transform 133
Transform: AffineTransform_float_3_3
Parameters: 1 0.00109848 0.000342869 -0.00109816 0.999997 -0.00199719 -0.000345435 0.00199635 0.999998 -0.0279166 0.0347352 -0.0583113
FixedParameters: 0 0 0

#Transform 134
Transform: AffineTransform_float_3_3
Parameters: 1 0.000861738 0.00033757 -0.00086055 0.999996 -0.00244277 -0.000339271 0.00244214 0.999997 -0.0203235 0.0388175 -0.138789
FixedParameters: 0 0 0

#Transform 135
Transform: AffineTransform_float_3_3
Parameters: 1 0.000849211 0.000344337 -0.000848921 0.999998 -0.00196539 -0.000345792 0.00196507 0.999998 -0.0196733 0.0792542 -0.125858
FixedParameters: 0 0 0

#Transform 136
Transform: AffineTransform_float_3_3
Parameters: 1 0.000979111 0.000324463 -0.000978824 0.999997 -0.00207885 -0.00032665 0.00207848 0.999997 -0.0284184 0.0682583 -0.0836679
FixedParameters: 0 0 0

#Transform 137
Transform: AffineTransform_float_3_3
Parameters: 1 0.00102318 0.000271713 -0.00102234 0.999997 -0.00242699 -0.00027411 0.00242673 0.999997 -0.022675 0.0468899 -0.117521
FixedParameters: 0 0 0

#Transform 138
Transform: AffineTransform_float_3_3
Parameters: 1 0.000916628 0.00026678 -0.000915881 0.999997 -0.00226543 -0.000268425 0.00226489 0.999998 -0.0254632 0.0556716 -0.124674
FixedParameters: 0 0 0

#Transform 139
Transform: AffineTransform_float_3_3
Parameters: 1 0.00100383 0.000225819 -0.00100387 0.999997 -0.00220767 -0.000228558 0.00220713 0.999998 -0.0264226 0.0775999 -0.0997982
FixedParameters: 0 0 0

#Transform 140
Transform: AffineTransform_float_3_3
Parameters: 1 0.00108848 0.00023146 -0.00108708 0.999997 -0.00225115 -0.000234419 0.00225066 0.999998 -0.0293306 0.0106025 -0.0981844
FixedParameters: 0 0 0

#Transform 141
Transform: AffineTransform_float_3_3
Parameters: 1 0.00105679 0.000277123 -0.00105678 0.999997 -0.00191985 -0.00027936 0.00191919 0.999998 -0.0260771 0.0695248 -0.111445
FixedParameters: 0 0 0

#Transform 142
Transform: AffineTransform_float_3_3
Parameters: 1 0.00109201 0.000225626 -0.00109147 0.999997 -0.00224571 -0.000227961 0.00224551 0.999998 -0.0313195 0.0584806 -0.0857317
FixedParameters: 0 0 0

#Transform 143
Transform: AffineTransform_float_3_3
Parameters: 0.999999 0.00123643 0.000510135 -0.00123588 0.999998 -0.00164749 -0.000512277 0.00164742 0.999998 -0.026197 0.0864624 -0.135251
FixedParameters: 0 0 0

#Transform 144
Transform: AffineTransform_float_3_3
Parameters: 0.999999 0.00126231 0.000555954 -0.00126085 0.999998 -0.00175716 -0.00055769 0.00175605 0.999998 -0.0299586 0.0469902 -0.085826
FixedParameters: 0 0 0

#Transform 145
Transform: AffineTransform_float_3_3
Parameters: 1 0.00105038 0.000533817 -0.00105059 0.999999 -0.00134753 -0.00053545 0.00134664 0.999999 -0.0272176 0.0450439 -0.132042
FixedParameters: 0 0 0

#Transform 146
Transform: AffineTransform_float_3_3
Parameters: 1 0.000943584 0.000413875 -0.000943158 0.999998 -0.00156535 -0.000416341 0.00156545 0.999999 -0.0233701 0.0350956 -0.180509
FixedParameters: 0 0 0

#Transform 147
Transform: AffineTransform_float_3_3
Parameters: 1 0.000992693 0.000243853 -0.000993071 0.999998 -0.00140442 -0.000244693 0.00140385 0.999999 -0.0212196 0.0528826 -0.187104
FixedParameters: 0 0 0

#Transform 148
Transform: AffineTransform_float_3_3
Parameters: 1 0.00104631 0.000226324 -0.0010467 0.999998 -0.00148992 -0.000227493 0.00148936 0.999999 -0.0298098 0.0272057 -0.154218
FixedParameters: 0 0 0

#Transform 149
Transform: AffineTransform_float_3_3
Parameters: 1 0.000946095 0.000216237 -0.000946315 0.999998 -0.00194968 -0.000218044 0.00194953 0.999998 -0.019942 0.0379789 -0.205573
FixedParameters: 0 0 0

#Transform 150
Transform: AffineTransform_float_3_3
Parameters: 0.999999 0.00090053 0.000140532 -0.000900347 0.999998 -0.00152927 -0.000141971 0.00152934 0.999998 -0.0236432 0.0807994 -0.203108
FixedParameters: 0 0 0

#Transform 151
Transform: AffineTransform_float_3_3
Parameters: 0.999999 0.000890579 0.000117543 -0.000890491 0.999999 -0.00142425 -0.000118765 0.00142436 0.999999 -0.0270903 0.0570072 -0.193627
FixedParameters: 0 0 0

#Transform 152
Transform: AffineTransform_float_3_3
Parameters: 1 0.000989099 0.000155032 -0.000989677 0.999998 -0.00161029 -0.000156207 0.00161024 0.999998 -0.0311226 0.0072133 -0.203312
FixedParameters: 0 0 0

#Transform 153
Transform: AffineTransform_float_3_3
Parameters: 1 0.000911654 0.000124058 -0.000911568 0.999999 -0.00139258 -0.000125154 0.00139268 0.999999 -0.0285134 0.0759518 -0.202048
FixedParameters: 0 0 0

#Transform 154
Transform: AffineTransform_float_3_3
Parameters: 0.999999 0.000908433 -1.18925e-06 -0.000908667 0.999999 -0.00111957 4.07806e-07 0.00111955 1 -0.0296389 0.0366306 -0.194791
FixedParameters: 0 0 0

#Transform 155
Transform: AffineTransform_float_3_3
Parameters: 0.999999 0.000841603 2.34146e-05 -0.000841785 0.999999 -0.00140338 -2.44621e-05 0.00140366 0.999999 -0.0275062 0.00664082 -0.228333
FixedParameters: 0 0 0

#Transform 156
Transform: AffineTransform_float_3_3
Parameters: 0.999999 0.000828457 1.95109e-05 -0.000828635 0.999998 -0.00137312 -2.05334e-05 0.00137306 0.999999 -0.0288647 0.0218416 -0.247995
FixedParameters: 0 0 0

#Transform 157
Transform: AffineTransform_float_3_3
Parameters: 0.999999 0.000797736 -3.57848e-05 -0.000798619 0.999999 -0.00111225 3.44488e-05 0.00111225 1 -0.0288556 0.0161585 -0.224798
FixedParameters: 0 0 0

#Transform 158
Transform: AffineTransform_float_3_3
Parameters: 0.999999 0.000826009 0.000139431 -0.000825876 0.999999 -0.00130769 -0.000140338 0.00130743 0.999999 -0.0280688 0.0320445 -0.234676
FixedParameters: 0 0 0

#Transform 159
Transform: AffineTransform_float_3_3
Parameters: 0.999999 0.000819462 0.000188851 -0.000819171 0.999998 -0.00138478 -0.000189867 0.00138445 0.999999 -0.0339106 -0.051105 -0.196979
FixedParameters: 0 0 0

#Transform 160
Transform: AffineTransform_float_3_3
Parameters: 0.999999 0.000810937 0.000128534 -0.0008107 0.999998 -0.00176559 -0.000130272 0.00176536 0.999999 -0.0266654 0.0247821 -0.239821
FixedParameters: 0 0 0

#Transform 161
Transform: AffineTransform_float_3_3
Parameters: 0.999999 0.000818132 5.58147e-05 -0.000818188 0.999998 -0.00156512 -5.71227e-05 0.001565 0.999999 -0.0276764 0.0335456 -0.215635
FixedParameters: 0 0 0

#Transform 162
Transform: AffineTransform_float_3_3
Parameters: 1 0.00093419 -5.15e-05 -0.000934046 0.999998 -0.00176149 5.03372e-05 0.00176193 0.999999 -0.0304703 0.0259864 -0.194616
FixedParameters: 0 0 0

#Transform 163
Transform: AffineTransform_float_3_3
Parameters: 0.999999 0.000797626 -0.000101969 -0.00079821 0.999998 -0.00179616 0.000100227 0.00179629 0.999999 -0.0331673 0.0938903 -0.16826
FixedParameters: 0 0 0

#Transform 164
Transform: AffineTransform_float_3_3
Parameters: 1 0.00106 5.18144e-05 -0.00106087 0.999998 -0.00179346 -5.37356e-05 0.00179362 0.999998 -0.0337443 0.0415949 -0.172296
FixedParameters: 0 0 0

#Transform 165
Transform: AffineTransform_float_3_3
Parameters: 0.999999 0.00137883 -1.7392e-05 -0.00137877 0.999997 -0.00214184 1.50096e-05 0.00214161 0.999997 -0.0430344 -0.0158366 -0.0610023
FixedParameters: 0 0 0

#Transform 166
Transform: AffineTransform_float_3_3
Parameters: 0.999999 0.00125961 9.68373e-05 -0.00125964 0.999997 -0.00220611 -9.98889e-05 0.00220581 0.999998 -0.0385316 0.0628178 -0.140449
FixedParameters: 0 0 0

#Transform 167
Transform: AffineTransform_float_3_3
Parameters: 0.999999 0.00141435 1.8328e-05 -0.0014147 0.999997 -0.00196573 -2.12402e-05 0.00196503 0.999998 -0.0445786 0.0414667 -0.112013
FixedParameters: 0 0 0

#Transform 168
Transform: AffineTransform_float_3_3
Parameters: 0.999999 0.00132818 0.000158309 -0.00132805 0.999997 -0.0019608 -0.000160821 0.00196067 0.999998 -0.0405925 0.028544 -0.118823
FixedParameters: 0 0 0

#Transform 169
Transform: AffineTransform_float_3_3
Parameters: 0.999999 0.00117517 -3.94293e-05 -0.00117498 0.999997 -0.00194907 3.69148e-05 0.00194917 0.999998 -0.0381158 0.0252192 -0.135689
FixedParameters: 0 0 0

#Transform 170
Transform: AffineTransform_float_3_3
Parameters: 0.999999 0.00117912 -3.35749e-05 -0.00117891 0.999998 -0.00178536 3.1493e-05 0.00178579 0.999998 -0.0386105 0.0514825 -0.126394
FixedParameters: 0 0 0

#Transform 171
Transform: AffineTransform_float_3_3
Parameters: 0.999999 0.00122681 4.20301e-06 -0.00122647 0.999998 -0.00177969 -6.44098e-06 0.00178003 0.999999 -0.0423303 0.021694 -0.116425
FixedParameters: 0 0 0

#Transform 172
Transform: AffineTransform_float_3_3
Parameters: 1 0.00098853 0.000158989 -0.000988141 0.999997 -0.00193858 -0.000161568 0.00193824 0.999998 -0.0371901 0.0102629 -0.145124
FixedParameters: 0 0 0

#Transform 173
Transform: AffineTransform_float_3_3
Parameters: 0.999999 0.00118201 8.97532e-05 -0.0011814 0.999998 -0.0016081 -9.14255e-05 0.00160824 0.999999 -0.0373867 0.0323331 -0.1631
FixedParameters: 0 0 0

#Transform 174
Transform: AffineTransform_float_3_3
Parameters: 1 0.00100141 0.000170863 -0.00100185 0.999998 -0.00181963 -0.000172626 0.00181955 0.999998 -0.0391997 0.028972 -0.14973
FixedParameters: 0 0 0

#Transform 175
Transform: AffineTransform_float_3_3
Parameters: 1 0.00104397 0.0003132 -0.00104336 0.999998 -0.0014015 -0.000314682 0.00140116 0.999999 -0.0406258 0.0284919 -0.14645
FixedParameters: 0 0 0

#Transform 176
Transform: AffineTransform_float_3_3
Parameters: 0.999999 0.00114683 0.00029793 -0.00114687 0.999998 -0.00171872 -0.000299989 0.0017183 0.999999 -0.0398727 0.0157725 -0.15457
FixedParameters: 0 0 0

#Transform 177
Transform: AffineTransform_float_3_3
Parameters: 1 0.00101267 0.000271141 -0.00101204 0.999999 -0.00161963 -0.000273105 0.0016194 0.999999 -0.0384637 0.0443508 -0.17349
FixedParameters: 0 0 0

#Transform 178
Transform: AffineTransform_float_3_3
Parameters: 0.999999 0.00128696 0.000216626 -0.00128662 0.999998 -0.00140041 -0.000218787 0.00140017 0.999999 -0.0492929 0.00200844 -0.135128
FixedParameters: 0 0 0

#Transform 179
Transform: AffineTransform_float_3_3
Parameters: 0.999999 0.00119384 0.000285434 -0.00119334 0.999998 -0.0013298 -0.000287165 0.00132943 0.999999 -0.0397382 0.0349885 -0.152697
FixedParameters: 0 0 0

#Transform 180
Transform: AffineTransform_float_3_3
Parameters: 1 0.00100298 0.000319873 -0.00100228 0.999998 -0.00147173 -0.000321443 0.00147106 0.999999 -0.0393091 0.029048 -0.169018
FixedParameters: 0 0 0

#Transform 181
Transform: AffineTransform_float_3_3
Parameters: 1 0.000988256 0.000317018 -0.00098775 0.999999 -0.00120854 -0.000317962 0.00120823 0.999999 -0.0345847 0.039826 -0.16291
FixedParameters: 0 0 0

#Transform 182
Transform: AffineTransform_float_3_3
Parameters: 1 0.000954767 0.000164519 -0.000955255 0.999999 -0.000998541 -0.000165858 0.000998169 1 -0.0398656 0.0101598 -0.142361
FixedParameters: 0 0 0

#Transform 183
Transform: AffineTransform_float_3_3
Parameters: 1 0.00117824 -8.81405e-06 -0.00117852 0.999998 -0.00132657 7.13035e-06 0.00132691 0.999999 -0.0405 0.0126946 -0.103677
FixedParameters: 0 0 0

#Transform 184
Transform: AffineTransform_float_3_3
Parameters: 1 0.0011361 0.000194134 -0.00113585 0.999998 -0.00132539 -0.000195702 0.00132526 0.999999 -0.037699 0.0504962 -0.170754
FixedParameters: 0 0 0

#Transform 185
Transform: AffineTransform_float_3_3
Parameters: 1 0.00111969 7.19124e-05 -0.0011191 0.999998 -0.00187152 -7.3974e-05 0.0018717 0.999998 -0.0356742 0.0339471 -0.155594
FixedParameters: 0 0 0

#Transform 186
Transform: AffineTransform_float_3_3
Parameters: 1 0.00103942 7.80906e-05 -0.00103945 0.999998 -0.00152072 -7.98091e-05 0.00152087 0.999998 -0.0355854 -0.079614 -0.206986
FixedParameters: 0 0 0

#Transform 187
Transform: AffineTransform_float_3_3
Parameters: 0.999999 0.00142934 5.45641e-05 -0.00142958 0.999997 -0.00214388 -5.81254e-05 0.00214401 0.999998 -0.0373161 -0.0325632 -0.123897
FixedParameters: 0 0 0

#Transform 188
Transform: AffineTransform_float_3_3
Parameters: 0.999999 0.00143799 6.9841e-05 -0.00143816 0.999997 -0.00217963 -7.35419e-05 0.00217971 0.999998 -0.0352329 0.120054 -0.120749
FixedParameters: 0 0 0

#Transform 189
Transform: AffineTransform_float_3_3
Parameters: 0.999999 0.00145261 5.74931e-05 -0.00145227 0.999997 -0.00221984 -6.04985e-05 0.00222034 0.999997 -0.0412185 0.0811875 -0.119258
FixedParameters: 0 0 0
