#Insight Transform File V1.0
#Transform 0
Transform: AffineTransform_float_3_3
Parameters: 0.999999 -0.000718227 0.000459347 0.000718762 1 -0.0005081 -0.000458665 0.000507823 1 0.00344139 -0.0279089 -0.147672
FixedParameters: 0 0 0

#Transform 1
Transform: AffineTransform_float_3_3
Parameters: 1 -0.000290503 0.000531424 0.000290309 1 0.00018272 -0.00053153 -0.000182411 1 -0.00275892 -0.148324 -0.158117
FixedParameters: 0 0 0

#Transform 2
Transform: AffineTransform_float_3_3
Parameters: 1 -0.000268554 0.00051544 0.000268703 1 -0.000144268 -0.000515362 0.000144544 1 -0.00274349 -0.0628984 -0.17098
FixedParameters: 0 0 0

#Transform 3
Transform: AffineTransform_float_3_3
Parameters: 1 7.5173e-06 0.000425259 -7.98244e-06 1 0.000546892 -0.00042525 -0.000546899 1 0.00594682 0.113932 -0.250099
FixedParameters: 0 0 0

#Transform 4
Transform: AffineTransform_float_3_3
Parameters: 1 6.34127e-06 0.00035028 -6.83922e-06 0.999999 0.000710792 -0.00035027 -0.000710796 0.999999 0.00631596 0.103719 -0.251875
FixedParameters: 0 0 0

#Transform 5
Transform: AffineTransform_float_3_3
Parameters: 1 4.15536e-05 0.000365866 -4.16186e-05 1 0.000110517 -0.000365919 -0.000110891 1 -0.00295649 -0.00636914 -0.233603
FixedParameters: 0 0 0

#Transform 6
Transform: AffineTransform_float_3_3
Parameters: 1 0.000100744 0.000294729 -0.00010114 1 0.000670993 -0.000294593 -0.000671052 0.999999 -0.00819235 -0.0361672 -0.174413
FixedParameters: 0 0 0

#Transform 7
Transform: AffineTransform_float_3_3
Parameters: 1 9.44918e-05 0.000378677 -9.49505e-05 1 0.000605708 -0.000378562 -0.00060578 0.999999 -0.00739722 -0.0114069 -0.196847
FixedParameters: 0 0 0

#Transform 8
Transform: AffineTransform_float_3_3
Parameters: 1 5.68715e-05 0.000330025 -5.65746e-05 0.999999 0.000812258 -0.000330563 -0.000812583 1 -0.00727326 -0.0328064 -0.196367
FixedParameters: 0 0 0

#Transform 9
Transform: AffineTransform_float_3_3
Parameters: 1 0.000192582 0.000278818 -0.000192948 1 0.000656155 -0.000278565 -0.000656263 0.999999 -0.00836131 -0.0226061 -0.1654
FixedParameters: 0 0 0

#Transform 10
Transform: AffineTransform_float_3_3
Parameters: 1 0.000131827 0.000259898 -0.000131956 1 0.000246347 -0.000259833 -0.000246416 1 -0.00803752 -0.0137153 -0.168623
FixedParameters: 0 0 0

#Transform 11
Transform: AffineTransform_float_3_3
Parameters: 1 0.000216349 0.000216525 -0.000216741 0.999999 0.000905558 -0.000216132 -0.000905651 0.999999 -0.0145266 -0.112712 -0.120844
FixedParameters: 0 0 0

#Transform 12
Transform: AffineTransform_float_3_3
Parameters: 1 0.000251104 0.000260867 -0.000250588 1 0.000577399 -0.000261145 -0.000577474 1 -0.00539589 -0.00306444 -0.203876
FixedParameters: 0 0 0

#Transform 13
Transform: AffineTransform_float_3_3
Parameters: 1 0.000213301 0.000105581 -0.000213173 1 0.000555791 -0.000106724 -0.000555812 1 0.00110303 0.0149069 -0.230279
FixedParameters: 0 0 0

#Transform 14
Transform: AffineTransform_float_3_3
Parameters: 1 0.000152068 0.000202462 -0.000152104 1 9.1104e-05 -0.000202434 -9.11655e-05 1 -0.00287133 0.0222462 -0.196681
FixedParameters: 0 0 0

#Transform 15
Transform: AffineTransform_float_3_3
Parameters: 1 0.000151885 3.60678e-05 -0.000151909 1 0.000340734 -3.59643e-05 -0.000340744 1 -8.50893e-05 0.0830549 -0.142917
FixedParameters: 0 0 0

#Transform 16
Transform: AffineTransform_float_3_3
Parameters: 1 0.000232255 0.000145565 -0.000231555 1 0.000404028 -0.000145945 -0.00040404 1 -0.00711116 0.00648528 -0.140372
FixedParameters: 0 0 0

#Transform 17
Transform: AffineTransform_float_3_3
Parameters: 1 0.000249387 0.00017016 -0.000248707 1 0.00040276 -0.000170527 -0.000402788 1 -0.0155132 -0.140154 -0.0292568
FixedParameters: 0 0 0

#Transform 18
Transform: AffineTransform_float_3_3
Parameters: 1 0.000473984 0.000474187 -0.00047374 0.999999 0.000604627 -0.000474181 -0.00060502 0.999999 -0.0182302 -0.0464201 0.0551073
FixedParameters: 0 0 0

#Transform 19
Transform: AffineTransform_float_3_3
Parameters: 1 -0.000395603 -0.000568015 0.000395804 1 0.00017617 0.000567876 -0.000176619 1 0.0175793 0.0890861 -0.0188219
FixedParameters: 0 0 0

#Transform 20
Transform: AffineTransform_float_3_3
Parameters: 1 -9.89554e-05 -0.000207311 9.89706e-05 1 3.67366e-05 0.000207303 -3.67776e-05 1 0.0217563 0.054173 0.0222409
FixedParameters: 0 0 0

#Transform 21
Transform: AffineTransform_float_3_3
Parameters: 1 -0.000170921 2.44706e-05 0.000170915 1 0.00010502 -2.45065e-05 -0.000105012 1 2.99413e-05 0.00218454 0.105097
FixedParameters: 0 0 0

#Transform 22
Transform: AffineTransform_float_3_3
Parameters: 1 -0.000104249 0.00013387 0.000104255 1 -2.02092e-05 -0.000133866 2.02371e-05 1 -0.00470187 -0.00953097 0.103366
FixedParameters: 0 0 0

#Transform 23
Transform: AffineTransform_float_3_3
Parameters: 1 5.99783e-05 0.000133178 -6.00317e-05 1 0.000200704 -0.000133154 -0.00020072 1 -0.0110443 -0.070898 0.111086
FixedParameters: 0 0 0

#Transform 24
Transform: AffineTransform_float_3_3
Parameters: 1 0.000162593 0.000292913 -0.000162705 1 0.000190032 -0.000292851 -0.000190127 1 -0.0157041 -0.072109 0.12284
FixedParameters: 0 0 0

#Transform 25
Transform: AffineTransform_float_3_3
Parameters: 1 0.000530732 0.00014295 -0.000530005 1 0.000316691 -0.000143182 -0.000316787 1 -0.0201046 -0.0081985 0.0769412
FixedParameters: 0 0 0

#Transform 26
Transform: AffineTransform_float_3_3
Parameters: 1 0.000556319 -0.000295618 -0.000556325 1 -9.60849e-06 0.000295607 9.9374e-06 1 -0.0129231 0.0398265 0.0473364
FixedParameters: 0 0 0

#Transform 27
Transform: AffineTransform_float_3_3
Parameters: 1 0.000136647 -8.16633e-05 -0.000136686 1 -0.000233708 8.15994e-05 0.00023373 1 -0.0214912 0.0816254 0.0398035
FixedParameters: 0 0 0

#Transform 28
Transform: AffineTransform_float_3_3
Parameters: 1 0.000264168 -9.63629e-05 -0.000264187 1 -9.5485e-05 9.63125e-05 9.55359e-05 1 -0.0236495 0.100511 0.0839738
FixedParameters: 0 0 0

#Transform 29
Transform: AffineTransform_float_3_3
Parameters: 1 0.000239172 -7.34931e-05 -0.000239209 1 -0.000250361 7.33733e-05 0.000250396 1 -0.0168839 0.114415 0.0803495
FixedParameters: 0 0 0

#Transform 30
Transform: AffineTransform_float_3_3
Parameters: 1 0.000246004 -2.22275e-06 -0.000246004 1 -2.98157e-05 2.20808e-06 2.98168e-05 1 -0.027355 0.0604857 0.123771
FixedParameters: 0 0 0

#Transform 31
Transform: AffineTransform_float_3_3
Parameters: 1 0.000246186 -2.25306e-06 -0.000246186 1 -0.000170119 2.16929e-06 0.00017012 1 -0.0238505 -0.0861947 0.108107
FixedParameters: 0 0 0

#Transform 32
Transform: AffineTransform_float_3_3
Parameters: 1 0.000231543 0.000267059 -0.000231151 0.999999 -0.000733137 -0.000267398 0.000733014 0.999999 -0.0256859 -0.175689 0.0299661
FixedParameters: 0 0 0

#Transform 33
Transform: AffineTransform_float_3_3
Parameters: 1 -0.000133291 -2.20553e-05 0.000133246 0.999999 -0.00131705 2.22784e-05 0.00131705 0.999999 -0.0148397 0.0674233 -0.0202343
FixedParameters: 0 0 0

#Transform 34
Transform: AffineTransform_float_3_3
Parameters: 1 -0.000390263 -5.59857e-05 0.000390212 1 -0.000452586 5.63389e-05 0.000452542 1 0.0113423 0.141681 -0.0858085
FixedParameters: 0 0 0

#Transform 35
Transform: AffineTransform_float_3_3
Parameters: 1 -0.000681976 -1.17893e-05 0.000681967 0.999999 -0.000369985 1.22939e-05 0.000369969 1 0.0171724 0.121873 -0.0493922
FixedParameters: 0 0 0

#Transform 36
Transform: AffineTransform_float_3_3
Parameters: 0.999999 -0.00074212 -3.6588e-05 0.000742094 1 -0.000145854 3.68669e-05 0.000146142 1 0.0126362 0.0966321 -0.000269361
FixedParameters: 0 0 0

#Transform 37
Transform: AffineTransform_float_3_3
Parameters: 0.999999 -0.000971213 -0.000288989 0.000971028 0.999999 -0.000767751 0.00028897 0.000767215 1 0.0137812 0.014093 0.00822034
FixedParameters: 0 0 0

#Transform 38
Transform: AffineTransform_float_3_3
Parameters: 1 -0.000982252 -0.000496276 0.000982317 0.999999 9.45456e-05 0.000496279 -9.51782e-05 0.999999 0.0228824 0.0676245 -0.0110913
FixedParameters: 0 0 0

#Transform 39
Transform: AffineTransform_float_3_3
Parameters: 0.999999 -0.000878019 -0.000331467 0.000877927 0.999999 0.00107733 0.000330014 -0.00107797 1 0.00652454 -0.0259846 0.020874
FixedParameters: 0 0 0

#Transform 40
Transform: AffineTransform_float_3_3
Parameters: 0.999999 -0.000938652 0.000121511 0.000938511 0.999999 0.000516233 -0.000122417 -0.00051566 0.999999 0.0103031 -0.0426529 -0.0476929
FixedParameters: 0 0 0

#Transform 41
Transform: AffineTransform_float_3_3
Parameters: 1 -0.000654252 7.59253e-05 0.000654177 0.999999 0.000492515 -7.65697e-05 -0.000492415 1 0.00446121 -0.0918317 -0.00407733
FixedParameters: 0 0 0

#Transform 42
Transform: AffineTransform_float_3_3
Parameters: 0.999999 -0.000784951 0.00012942 0.000784916 0.999999 0.000134859 -0.000129632 -0.000134656 1 0.00991145 0.0311978 -0.090801
FixedParameters: 0 0 0

#Transform 43
Transform: AffineTransform_float_3_3
Parameters: 0.999999 -0.000788551 4.85874e-05 0.000788517 0.999999 0.000344984 -4.91314e-05 -0.000344907 1 0.0128735 0.0499815 -0.124313
FixedParameters: 0 0 0

#Transform 44
Transform: AffineTransform_float_3_3
Parameters: 0.999999 -0.00070474 9.68263e-05 0.000704791 1 -0.000346428 -9.62754e-05 0.000346908 0.999999 -0.00113362 0.0399075 -0.0973912
FixedParameters: 0 0 0

#Transform 45
Transform: AffineTransform_float_3_3
Parameters: 1 -0.000528056 -0.000225843 0.000527711 0.999999 -0.000763408 0.000226649 0.000763169 0.999999 0.0081451 0.121815 -0.0331694
FixedParameters: 0 0 0

#Transform 46
Transform: AffineTransform_float_3_3
Parameters: 0.999999 -0.00101887 -0.000112281 0.001019 1 -0.000733384 0.000112408 0.000732587 0.999999 0.00155788 -0.013793 0.0369175
FixedParameters: 0 0 0

#Transform 47
Transform: AffineTransform_float_3_3
Parameters: 1 -0.000988891 -0.00028533 0.00098896 0.999999 0.000169972 0.000285184 -0.000170193 0.999999 0.00349908 0.00119986 0.0618757
FixedParameters: 0 0 0

#Transform 48
Transform: AffineTransform_float_3_3
Parameters: 1 -0.000872137 -0.000580247 0.000871747 1 -0.000262276 0.000580815 0.000262543 1 0.00768583 0.0741163 -0.00181108
FixedParameters: 0 0 0

#Transform 49
Transform: AffineTransform_float_3_3
Parameters: 0.999999 -0.000817366 -0.00013132 0.000817422 1 0.000273372 0.000130935 -0.000273243 0.999999 -0.0111897 -5.4975e-05 0.087185
FixedParameters: 0 0 0

#Transform 50
Transform: AffineTransform_float_3_3
Parameters: 0.999999 -0.00064004 -0.000331066 0.000640214 1 0.0002625 0.00033073 -0.000262923 1 0.00216705 -0.0323265 0.0925634
FixedParameters: 0 0 0

#Transform 51
Transform: AffineTransform_float_3_3
Parameters: 0.999999 -0.000773189 -0.000550137 0.000772615 1 0.000272674 0.000550203 -0.000272643 1 0.00247875 -0.0271961 0.0880586
FixedParameters: 0 0 0

#Transform 52
Transform: AffineTransform_float_3_3
Parameters: 1 -0.000890203 -0.000455939 0.000890445 0.999999 0.000279183 0.000455569 -0.000279996 1 0.0014101 -0.0207912 0.0653089
FixedParameters: 0 0 0

#Transform 53
Transform: AffineTransform_float_3_3
Parameters: 1 -0.000534031 -0.00032841 0.000534246 1 0.000327861 0.000328059 -0.000328212 1 0.00158929 -0.00231264 0.102272
FixedParameters: 0 0 0

#Transform 54
Transform: AffineTransform_float_3_3
Parameters: 0.999999 -0.0007742 4.0225e-05 0.000774201 0.999999 -9.62292e-06 -4.02101e-05 9.68519e-06 1 -0.00782656 0.0643826 0.0608916
FixedParameters: 0 0 0

#Transform 55
Transform: AffineTransform_float_3_3
Parameters: 0.999999 -0.00091307 -0.000243624 0.000913125 0.999999 0.000111108 0.00024342 -0.000111553 1 -0.00453695 0.0334353 0.0850893
FixedParameters: 0 0 0

#Transform 56
Transform: AffineTransform_float_3_3
Parameters: 0.999999 -0.000839213 -0.000246748 0.000839121 0.999999 -0.000187213 0.000247062 0.000186799 1 -0.00739816 -0.00363792 0.0702555
FixedParameters: 0 0 0

#Transform 57
Transform: AffineTransform_float_3_3
Parameters: 1 -0.000372034 3.61985e-05 0.000372046 1 -0.000165717 -3.60751e-05 0.000165743 1 -0.0168123 -0.059772 0.129449
FixedParameters: 0 0 0

#Transform 58
Transform: AffineTransform_float_3_3
Parameters: 1 -0.000373294 -0.000172244 0.000373142 1 -0.000441947 0.000172574 0.000441818 1 0.0100975 0.140905 0.0288023
FixedParameters: 0 0 0

#Transform 59
Transform: AffineTransform_float_3_3
Parameters: 1 -0.000558828 0.000129785 0.000558884 1 -0.000215389 -0.000129544 0.000215534 1 -0.0091692 0.00393456 0.08066
FixedParameters: 0 0 0

#Transform 60
Transform: AffineTransform_float_3_3
Parameters: 1 -0.000664327 2.18436e-05 0.000664313 1 -4.09577e-05 -2.17267e-05 4.13299e-05 1 -0.0086738 0.0728402 0.0869766
FixedParameters: 0 0 0

#Transform 61
Transform: AffineTransform_float_3_3
Parameters: 1 -0.000345346 -8.64434e-05 0.00034535 1 1.97052e-05 8.64298e-05 -1.97649e-05 1 -0.00217383 -0.014124 0.123697
FixedParameters: 0 0 0

#Transform 62
Transform: AffineTransform_float_3_3
Parameters: 1 -0.00037495 -0.000147774 0.000375039 1 0.000302562 0.000147547 -0.000302673 1 -5.22534e-06 0.0394472 0.128689
FixedParameters: 0 0 0

#Transform 63
Transform: AffineTransform_float_3_3
Parameters: 1 -0.000351529 -5.61836e-05 0.000351567 1 0.000337577 5.59462e-05 -0.000337616 1 -0.00414272 0.0270298 0.141775
FixedParameters: 0 0 0

#Transform 64
Transform: AffineTransform_float_3_3
Parameters: 1 -0.000208548 -3.34241e-05 0.000208549 1 1.05984e-05 3.34196e-05 -1.06123e-05 1 -0.00893788 -0.0679846 0.179657
FixedParameters: 0 0 0

#Transform 65
Transform: AffineTransform_float_3_3
Parameters: 1 -0.000257094 -8.67052e-05 0.000257173 1 0.000454963 8.64712e-05 -0.000455008 1 -0.00555079 0.0618134 0.149678
FixedParameters: 0 0 0

#Transform 66
Transform: AffineTransform_float_3_3
Parameters: 1 -0.000188609 1.55077e-05 0.000188601 1 0.000261535 -1.56064e-05 -0.000261529 1 -0.0185931 -0.0293204 0.136364
FixedParameters: 0 0 0

#Transform 67
Transform: AffineTransform_float_3_3
Parameters: 1 -0.000247641 -7.31292e-05 0.000247716 1 0.000515399 7.28739e-05 -0.000515435 1 -0.0060188 0.0529354 0.146213
FixedParameters: 0 0 0

#Transform 68
Transform: AffineTransform_float_3_3
Parameters: 1 -0.00038799 3.98009e-05 0.000387142 1 0.000382368 -3.95298e-05 -0.000382394 1 -0.0155442 0.056425 0.131997
FixedParameters: 0 0 0

#Transform 69
Transform: AffineTransform_float_3_3
Parameters: 1 -0.000397735 4.29237e-05 0.00039687 1 0.000550322 -4.27935e-05 -0.000550344 1 -0.0145814 0.0629546 0.125381
FixedParameters: 0 0 0

#Transform 70
Transform: AffineTransform_float_3_3
Parameters: 1 -0.000347526 3.72016e-05 0.00034747 0.999999 0.000741586 -3.77169e-05 -0.00074156 0.999999 -0.0107601 -0.0151698 0.115523
FixedParameters: 0 0 0

#Transform 71
Transform: AffineTransform_float_3_3
Parameters: 1 -0.00031895 0.000275148 0.000318922 1 0.00111409 -0.000275173 -0.00111388 1 -0.0129425 0.0228837 0.129962
FixedParameters: 0 0 0

#Transform 72
Transform: AffineTransform_float_3_3
Parameters: 0.999999 -0.000625619 0.000279978 0.000625348 0.999999 0.00164643 -0.0002814 -0.00164698 0.999999 -0.00366009 0.0801416 0.0710166
FixedParameters: 0 0 0

#Transform 73
Transform: AffineTransform_float_3_3
Parameters: 0.999999 -0.000722529 0.000243936 0.000722374 0.999998 0.00165088 -0.000245685 -0.00165143 0.999999 -0.00258686 0.068709 0.0792712
FixedParameters: 0 0 0

#Transform 74
Transform: AffineTransform_float_3_3
Parameters: 1 -0.000495346 0.000287647 0.000495435 1 0.00095858 -0.000287831 -0.0009592 0.999999 -0.00585679 -0.027891 0.122099
FixedParameters: 0 0 0

#Transform 75
Transform: AffineTransform_float_3_3
Parameters: 1 -0.000602184 0.000209878 0.000602271 0.999999 0.00118385 -0.000210618 -0.00118356 1 0.000856625 0.0444981 0.115352
FixedParameters: 0 0 0

#Transform 76
Transform: AffineTransform_float_3_3
Parameters: 0.999999 -0.000806594 0.000180213 0.000805819 0.999998 0.00150076 -0.000181379 -0.00150049 0.999999 0.00821945 0.0309043 0.0783671
FixedParameters: 0 0 0

#Transform 77
Transform: AffineTransform_float_3_3
Parameters: 0.999999 -0.000785781 0.000112332 0.000786076 0.999999 0.00121395 -0.000113492 -0.00121339 0.999999 0.00704923 0.0333314 0.149981
FixedParameters: 0 0 0

#Transform 78
Transform: AffineTransform_float_3_3
Parameters: 0.999999 -0.00081227 0.000276384 0.000812325 0.999999 0.000958514 -0.000277256 -0.000958032 1 0.0151368 0.0513476 0.116796
FixedParameters: 0 0 0

#Transform 79
Transform: AffineTransform_float_3_3
Parameters: 0.999999 -0.0007527 0.000163846 0.000752908 0.999999 0.00114471 -0.000164883 -0.00114443 1 0.0115424 -0.010589 0.162158
FixedParameters: 0 0 0

#Transform 80
Transform: AffineTransform_float_3_3
Parameters: 0.999999 -0.000775636 0.000441139 0.000775345 0.999999 0.00105494 -0.00044201 -0.00105516 0.999999 0.0135765 0.0628361 0.132135
FixedParameters: 0 0 0

#Transform 81
Transform: AffineTransform_float_3_3
Parameters: 1 -0.000880615 9.16176e-05 0.000880938 0.999999 0.00125925 -9.29597e-05 -0.00125871 0.999999 0.0122837 0.043503 0.16781
FixedParameters: 0 0 0

#Transform 82
Transform: AffineTransform_float_3_3
Parameters: 0.999999 -0.000621052 0.00031752 0.000621149 1 0.000856287 -0.000317818 -0.000856797 1 0.0100375 -0.041562 0.180663
FixedParameters: 0 0 0

#Transform 83
Transform: AffineTransform_float_3_3
Parameters: 0.999999 -0.000799065 8.96487e-05 0.000798898 0.999999 0.000991763 -9.13613e-05 -0.000991618 1 0.0133275 0.0533292 0.180705
FixedParameters: 0 0 0

#Transform 84
Transform: AffineTransform_float_3_3
Parameters: 0.999999 -0.000792273 0.000140343 0.000792684 1 0.000516763 -0.000140286 -0.000516166 0.999999 0.00849014 0.00611049 0.15292
FixedParameters: 0 0 0

#Transform 85
Transform: AffineTransform_float_3_3
Parameters: 0.999999 -0.00071792 0.000108177 0.000717573 1 0.000784537 -0.000107971 -0.000785344 1 0.00956308 0.074947 0.166936
FixedParameters: 0 0 0

#Transform 86
Transform: AffineTransform_float_3_3
Parameters: 1 -0.000591241 -5.38999e-05 0.000591285 0.999999 0.000409063 5.34161e-05 -0.000409127 1 0.0119239 0.0195221 0.17229
FixedParameters: 0 0 0

#Transform 87
Transform: AffineTransform_float_3_3
Parameters: 1 -0.000646547 -0.000142635 0.000646695 0.999999 0.000521357 0.000141961 -0.000521541 1 0.0193389 0.0730778 0.152255
FixedParameters: 0 0 0

#Transform 88
Transform: AffineTransform_float_3_3
Parameters: 1 -0.000617522 -9.00826e-05 0.000618165 0.999999 0.000392962 9.04103e-05 -0.000393042 1 0.0129807 -0.0125623 0.149056
FixedParameters: 0 0 0

#Transform 89
Transform: AffineTransform_float_3_3
Parameters: 0.999999 -0.00074017 -2.06133e-05 0.000740763 0.999999 0.000511659 2.06689e-05 -0.000511659 1 0.011596 0.0484901 0.149873
FixedParameters: 0 0 0

#Transform 90
Transform: AffineTransform_float_3_3
Parameters: 1 -0.000603121 -8.41589e-05 0.000603787 0.999999 0.000563359 8.42923e-05 -0.000563429 1 0.0117011 0.0326155 0.15676
FixedParameters: 0 0 0

#Transform 91
Transform: AffineTransform_float_3_3
Parameters: 0.999999 -0.000715734 -1.81332e-05 0.000715577 1 0.000969182 1.81407e-05 -0.000969826 0.999999 0.00613921 0.00441405 0.14534
FixedParameters: 0 0 0

#Transform 92
Transform: AffineTransform_float_3_3
Parameters: 1 -0.000425028 -9.59873e-05 0.000425717 0.999999 0.000900198 9.59553e-05 -0.000899311 1 0.00831051 -0.0322174 0.167496
FixedParameters: 0 0 0

#Transform 93
Transform: AffineTransform_float_3_3
Parameters: 0.999999 -0.000685166 -8.41739e-05 0.000684569 0.999999 0.000903765 8.34548e-05 -0.000904872 1 0.0105661 0.0138477 0.125172
FixedParameters: 0 0 0

#Transform 94
Transform: AffineTransform_float_3_3
Parameters: 1 -0.000535019 -7.27378e-06 0.00053503 0.999999 0.000802 6.4156e-06 -0.000802008 0.999999 0.00500614 -0.0442743 0.147419
FixedParameters: 0 0 0

#Transform 95
Transform: AffineTransform_float_3_3
Parameters: 1 -0.000631584 -1.6991e-05 0.000632254 1 0.000871963 1.66537e-05 -0.000872889 1 0.00888363 0.0576973 0.116665
FixedParameters: 0 0 0

#Transform 96
Transform: AffineTransform_float_3_3
Parameters: 1 -0.000475906 -9.45838e-05 0.000476013 0.999999 0.000565246 9.40457e-05 -0.000565336 1 0.0107128 -0.0527154 0.125494
FixedParameters: 0 0 0

#Transform 97
Transform: AffineTransform_float_3_3
Parameters: 1 -0.00039295 -0.000181732 0.00039377 0.999999 0.000682749 0.000182008 -0.000682861 1 0.00919553 0.0500318 0.17586
FixedParameters: 0 0 0

#Transform 98
Transform: AffineTransform_float_3_3
Parameters: 1 -0.000541745 -0.000105361 0.000541745 1 2.35286e-06 0.000105358 -2.46702e-06 1 0.0180261 0.163542 0.135703
FixedParameters: 0 0 0

#Transform 99
Transform: AffineTransform_float_3_3
Parameters: 0.999999 -0.000685028 -3.61093e-05 0.00068484 0.999999 0.000795753 3.64001e-05 -0.000795827 0.999999 0.00996564 0.0839418 0.136353
FixedParameters: 0 0 0

#Transform 100
Transform: AffineTransform_float_3_3
Parameters: 1 -0.000500779 -0.000130916 0.000500135 0.999999 0.000879123 0.000130524 -0.000878372 1 0.00779257 -0.0174656 0.179978
FixedParameters: 0 0 0

#Transform 101
Transform: AffineTransform_float_3_3
Parameters: 1 -0.00042943 -0.000205124 0.000429739 0.999999 0.000754336 0.000204476 -0.000754512 0.999999 0.0099669 0.0461519 0.165407
FixedParameters: 0 0 0

#Transform 102
Transform: AffineTransform_float_3_3
Parameters: 1 -0.000577164 -0.000269889 0.000577294 0.999999 0.00069602 0.000270466 -0.000696357 1 0.0107472 0.0186171 0.155695
FixedParameters: 0 0 0

#Transform 103
Transform: AffineTransform_float_3_3
Parameters: 1 -0.000529413 -0.000293251 0.000529696 0.999999 0.000482682 0.000292739 -0.000482992 1 0.0107383 -0.0172623 0.156291
FixedParameters: 0 0 0

#Transform 104
Transform: AffineTransform_float_3_3
Parameters: 1 -0.000553634 -0.000258864 0.000553129 1 0.00063496 0.000258791 -0.000634959 0.999999 0.0114464 -0.00986099 0.141064
FixedParameters: 0 0 0

#Transform 105
Transform: AffineTransform_float_3_3
Parameters: 1 -0.000451648 -0.000247087 0.000451002 1 0.000345102 0.000247343 -0.000345381 1 0.00481616 -0.084965 0.155399
FixedParameters: 0 0 0

#Transform 106
Transform: AffineTransform_float_3_3
Parameters: 0.999999 -0.000676206 -0.0002584 0.000676386 1 0.000380302 0.000257948 -0.000380308 0.999999 0.0145744 0.0722726 0.145357
FixedParameters: 0 0 0

#Transform 107
Transform: AffineTransform_float_3_3
Parameters: 0.999999 -0.000732859 -0.000253347 0.000732854 0.999999 -9.5955e-06 0.000253361 9.22415e-06 1 0.0165197 0.0981235 0.105295
FixedParameters: 0 0 0

#Transform 108
Transform: AffineTransform_float_3_3
Parameters: 0.999999 -0.000849246 -0.000244563 0.000850058 0.999999 0.000489865 0.000244544 -0.000490249 1 0.0134887 0.0447565 0.123236
FixedParameters: 0 0 0

#Transform 109
Transform: AffineTransform_float_3_3
Parameters: 0.999999 -0.000741137 -0.000294474 0.000741505 0.999999 0.000653225 0.000293568 -0.000653317 0.999999 0.00840164 0.0145308 0.124104
FixedParameters: 0 0 0

#Transform 110
Transform: AffineTransform_float_3_3
Parameters: 0.999999 -0.000745196 -0.000425802 0.000745613 1 0.000508936 0.000425105 -0.000509227 0.999999 0.0112982 0.0410675 0.129501
FixedParameters: 0 0 0

#Transform 111
Transform: AffineTransform_float_3_3
Parameters: 0.999999 -0.000704769 -0.000419628 0.0007048 1 5.63761e-05 0.000419611 -5.66244e-05 0.999999 0.00899348 -0.0531285 0.093019
FixedParameters: 0 0 0

#Transform 112
Transform: AffineTransform_float_3_3
Parameters: 1 -0.000433742 -0.00028134 0.000433871 1 0.000228975 0.000281142 -0.000229219 1 0.00421431 -0.0205111 0.127586
FixedParameters: 0 0 0

#Transform 113
Transform: AffineTransform_float_3_3
Parameters: 0.999999 -0.000658633 -0.000303756 0.000658512 1 -0.00019944 0.000304019 0.000199039 1 0.014175 0.0939119 0.092586
FixedParameters: 0 0 0

#Transform 114
Transform: AffineTransform_float_3_3
Parameters: 0.999999 -0.000644571 -0.000355488 0.000644747 1 0.0002479 0.000355168 -0.000248359 1 -0.000932062 -0.0677579 0.0812571
FixedParameters: 0 0 0

#Transform 115
Transform: AffineTransform_float_3_3
Parameters: 1 -0.000568981 -0.000146868 0.000568985 1 1.23609e-05 0.000146854 -1.2528e-05 1 0.00421499 0.0774695 0.0784081
FixedParameters: 0 0 0

#Transform 116
Transform: AffineTransform_float_3_3
Parameters: 1 -0.000564168 -0.00016781 0.000564217 1 0.000194226 0.000167653 -0.000194072 0.999999 0.0104087 0.110486 0.0169187
FixedParameters: 0 0 0

#Transform 117
Transform: AffineTransform_float_3_3
Parameters: 1 -0.000476429 0.000176545 0.000476212 0.999999 0.000613749 -0.00017713 -0.000613581 1 -0.0109266 -0.0321331 0.0794586
FixedParameters: 0 0 0

#Transform 118
Transform: AffineTransform_float_3_3
Parameters: 1 -0.000962135 -0.000151489 0.000962083 0.999999 0.0006789 0.000151691 -0.000679217 1 -0.00561184 0.0295018 0.0702318
FixedParameters: 0 0 0

#Transform 119
Transform: AffineTransform_float_3_3
Parameters: 0.999999 -0.000880403 -8.68472e-05 0.000881074 0.999999 0.000575148 8.66474e-05 -0.000575269 1 -0.00255191 0.0448657 0.0806379
FixedParameters: 0 0 0

#Transform 120
Transform: AffineTransform_float_3_3
Parameters: 1 -0.000875855 -0.000380396 0.000876203 0.999998 0.00153643 0.000378271 -0.00153715 0.999999 0.00759877 -0.0171658 0.0498801
FixedParameters: 0 0 0

#Transform 121
Transform: AffineTransform_float_3_3
Parameters: 1 -0.000608757 -0.000280122 0.000609033 0.999999 0.00049369 0.000279521 -0.000494031 1 -0.00325285 -0.0973073 0.118882
FixedParameters: 0 0 0

#Transform 122
Transform: AffineTransform_float_3_3
Parameters: 1 -0.00108273 -0.000266865 0.00108279 0.999999 0.000182887 0.000266659 -0.000183122 0.999999 0.0110637 0.0717077 0.0915002
FixedParameters: 0 0 0

#Transform 123
Transform: AffineTransform_float_3_3
Parameters: 1 -0.00115358 -0.000228249 0.00115378 0.999999 0.000502872 0.000227278 -0.000503055 0.999999 0.00211584 0.0286456 0.0607571
FixedParameters: 0 0 0

#Transform 124
Transform: AffineTransform_float_3_3
Parameters: 0.999999 -0.0006662 0.000468518 0.000666055 1 0.000154307 -0.000468723 -0.000153683 1 -0.0112187 0.0668261 0.0391592
FixedParameters: 0 0 0

#Transform 125
Transform: AffineTransform_float_3_3
Parameters: 1 -0.000435963 0.000314106 0.000435791 1 0.000273617 -0.000314344 -0.000273343 1 -0.0150481 -0.0959965 0.00297143
FixedParameters: 0 0 0

#Transform 126
Transform: AffineTransform_float_3_3
Parameters: 1 -0.000420109 0.000287649 0.000420127 1 -3.087e-05 -0.000287623 3.11117e-05 1 -0.0107952 0.0868548 0.00288977
FixedParameters: 0 0 0

#Transform 127
Transform: AffineTransform_float_3_3
Parameters: 1 -0.000296876 0.000208279 0.000296836 1 9.79495e-05 -0.000208338 -9.78258e-05 1 -0.00856128 0.149588 -0.0449029
FixedParameters: 0 0 0

#Transform 128
Transform: AffineTransform_float_3_3
Parameters: 1 -0.000865591 -0.000292787 0.000865133 0.999999 0.000636397 0.000292381 -0.00063696 1 -0.00167031 0.100462 -0.058522
FixedParameters: 0 0 0

#Transform 129
Transform: AffineTransform_float_3_3
Parameters: 1 -0.000814045 0.000581926 0.000813681 1 0.000360165 -0.000582432 -0.000360155 1 -0.0124307 0.0866111 0.00519207
FixedParameters: 0 0 0

#Transform 130
Transform: AffineTransform_float_3_3
Parameters: 0.999999 -0.00079195 -4.35389e-05 0.000791891 0.999998 0.0018829 4.16816e-05 -0.00188299 0.999999 -0.00115456 -0.0551976 -0.0106953
FixedParameters: 0 0 0

#Transform 131
Transform: AffineTransform_float_3_3
Parameters: 1 -0.000320547 0.000256923 0.000319774 0.999999 0.00152611 -0.000258028 -0.00152595 0.999999 -0.0199306 -0.120344 0.0413038
FixedParameters: 0 0 0

#Transform 132
Transform: AffineTransform_float_3_3
Parameters: 0.999999 -0.000506667 0.000459915 0.000505837 0.999998 0.00153692 -0.000460785 -0.00153642 0.999998 -0.0187192 0.0662645 0.0068946
FixedParameters: 0 0 0

#Transform 133
Transform: AffineTransform_float_3_3
Parameters: 0.999999 -0.000594765 0.000371941 0.000594793 1 0.000823204 -0.000372155 -0.000823667 1 -0.00755426 0.111451 -0.0481591
FixedParameters: 0 0 0

#Transform 134
Transform: AffineTransform_float_3_3
Parameters: 0.999999 -0.000592759 0.000642024 0.000591702 0.999999 0.00127787 -0.000642852 -0.00127707 0.999999 -0.0100875 0.0727047 -0.0356752
FixedParameters: 0 0 0

#Transform 135
Transform: AffineTransform_float_3_3
Parameters: 0.999999 -0.000464216 0.000652374 0.000463393 1 0.00107908 -0.00065269 -0.00107844 0.999999 -0.0167653 0.0702414 -0.0481688
FixedParameters: 0 0 0

#Transform 136
Transform: AffineTransform_float_3_3
Parameters: 0.999999 -0.000505819 0.000597639 0.00050538 0.999999 0.00159674 -0.000599184 -0.00159699 0.999998 -0.0112982 -0.0615997 -0.0257518
FixedParameters: 0 0 0

#Transform 137
Transform: AffineTransform_float_3_3
Parameters: 1 -0.000533861 0.000800607 0.000533431 0.999999 0.00153625 -0.000801236 -0.00153621 0.999998 -0.0092964 -0.00162779 -0.0351085
FixedParameters: 0 0 0

#Transform 138
Transform: AffineTransform_float_3_3
Parameters: 1 -0.00060266 0.000277484 0.000602231 1 0.000896384 -0.000278613 -0.000896986 0.999999 -0.000799441 0.149347 -0.142293
FixedParameters: 0 0 0

#Transform 139
Transform: AffineTransform_float_3_3
Parameters: 1 -0.000619516 0.000306441 0.000619083 0.999999 0.000706373 -0.000307315 -0.000705993 0.999999 -0.00122364 0.0804835 -0.125989
FixedParameters: 0 0 0

#Transform 140
Transform: AffineTransform_float_3_3
Parameters: 1 -0.000445687 0.00050597 0.000445074 0.999999 0.000605765 -0.000506509 -0.000605315 0.999999 -0.0109281 -0.0775923 -0.094091
FixedParameters: 0 0 0

#Transform 141
Transform: AffineTransform_float_3_3
Parameters: 0.999999 -0.000597914 0.000608542 0.00059726 0.999999 0.000537857 -0.000609184 -0.000537129 0.999999 -0.0138978 -0.0162658 -0.0984316
FixedParameters: 0 0 0

#Transform 142
Transform: AffineTransform_float_3_3
Parameters: 1 -0.000423156 0.000373372 0.000422683 0.999999 0.000633171 -0.000373907 -0.000632855 0.999999 -0.00720836 0.0746534 -0.154658
FixedParameters: 0 0 0

#Transform 143
Transform: AffineTransform_float_3_3
Parameters: 1 -0.000350982 0.000431083 0.000350612 1 0.000428745 -0.000431384 -0.000428443 1 -0.0120941 0.0383041 -0.184231
FixedParameters: 0 0 0

#Transform 144
Transform: AffineTransform_float_3_3
Parameters: 1 -7.21394e-05 0.000489038 7.16792e-05 1 0.000470466 -0.000489105 -0.000470396 1 -0.0263439 -0.0104531 -0.130984
FixedParameters: 0 0 0

#Transform 145
Transform: AffineTransform_float_3_3
Parameters: 1 -0.000127708 0.000456873 0.000127427 0.999999 0.00032429 -0.000457018 -0.000324516 1 -0.0185718 0.0517399 -0.128847
FixedParameters: 0 0 0

#Transform 146
Transform: AffineTransform_float_3_3
Parameters: 1 -9.84108e-05 0.000528571 9.86143e-05 1 -0.000192443 -0.000528533 0.000192547 1 -0.0165018 -0.0125817 -0.197927
FixedParameters: 0 0 0

#Transform 147
Transform: AffineTransform_float_3_3
Parameters: 1 3.96181e-05 0.000579218 -3.96561e-05 1 3.27679e-05 -0.000579215 -3.28138e-05 1 -0.024801 -0.116995 -0.176611
FixedParameters: 0 0 0

#Transform 148
Transform: AffineTransform_float_3_3
Parameters: 1 -6.98654e-05 0.00040538 6.9855e-05 1 3.22867e-05 -0.000405447 -3.25733e-05 1 -0.0100344 0.0442223 -0.232849
FixedParameters: 0 0 0

#Transform 149
Transform: AffineTransform_float_3_3
Parameters: 1 -9.74892e-05 0.000463374 9.76653e-05 1 -0.000190084 -0.000463337 0.000190175 1 -0.00845742 0.0564433 -0.292693
FixedParameters: 0 0 0

#Transform 150
Transform: AffineTransform_float_3_3
Parameters: 1 -0.000115984 0.000417397 0.000116328 1 -0.000412054 -0.000417301 0.000412151 1 -0.0129422 -0.0284127 -0.271452
FixedParameters: 0 0 0

#Transform 151
Transform: AffineTransform_float_3_3
Parameters: 1 9.10347e-06 0.000543791 -8.94426e-06 1 -0.000146395 -0.000543794 0.000146386 1 -0.0222761 -0.0882524 -0.209565
FixedParameters: 0 0 0

#Transform 152
Transform: AffineTransform_float_3_3
Parameters: 1 -1.20114e-05 0.000491401 1.17548e-05 1 0.00026114 -0.000491407 -0.000261128 1 -0.0104167 0.0931737 -0.26934
FixedParameters: 0 0 0

#Transform 153
Transform: AffineTransform_float_3_3
Parameters: 1 -8.96576e-05 0.000478435 8.97059e-05 1 -5.03998e-05 -0.000478426 5.04856e-05 1 -0.0101418 0.00481134 -0.311176
FixedParameters: 0 0 0

#Transform 154
Transform: AffineTransform_float_3_3
Parameters: 1 3.60737e-05 0.000570222 -3.65651e-05 1 0.000430868 -0.000570191 -0.000430909 0.999999 -0.0191137 -0.0221098 -0.253693
FixedParameters: 0 0 0

#Transform 155
Transform: AffineTransform_float_3_3
Parameters: 1 3.66118e-05 0.000602436 -3.73387e-05 0.999999 0.00061633 -0.000602452 -0.000616718 1 -0.0143338 0.0246095 -0.276451
FixedParameters: 0 0 0

#Transform 156
Transform: AffineTransform_float_3_3
Parameters: 1 1.89879e-05 0.000593805 -1.89153e-05 1 0.000420836 -0.000592975 -0.000420827 1 -0.0182093 -0.0826812 -0.277524
FixedParameters: 0 0 0

#Transform 157
Transform: AffineTransform_float_3_3
Parameters: 1 4.80644e-05 0.000570905 -4.79144e-05 1 0.000584454 -0.000571416 -0.000584453 0.999999 -0.0186342 -0.0393033 -0.263187
FixedParameters: 0 0 0

#Transform 158
Transform: AffineTransform_float_3_3
Parameters: 1 3.89722e-05 0.000570414 -3.88722e-05 0.999999 0.000642493 -0.000570994 -0.000642824 1 -0.0163453 -0.0167604 -0.295959
FixedParameters: 0 0 0

#Transform 159
Transform: AffineTransform_float_3_3
Parameters: 1 6.74915e-05 0.000544806 -6.74938e-05 1 2.12694e-06 -0.000544806 -2.20048e-06 1 -0.0176396 -0.12619 -0.283372
FixedParameters: 0 0 0

#Transform 160
Transform: AffineTransform_float_3_3
Parameters: 1 -3.05847e-05 0.000557398 3.08691e-05 1 -0.000255139 -0.000557382 0.000255173 1 -0.0193074 0.0247666 -0.208123
FixedParameters: 0 0 0

#Transform 161
Transform: AffineTransform_float_3_3
Parameters: 1 -3.01199e-06 0.000651691 1.86015e-06 1 -0.00018247 -0.000651936 0.000182386 1 -0.0129266 0.100933 -0.240936
FixedParameters: 0 0 0

#Transform 162
Transform: AffineTransform_float_3_3
Parameters: 1 -1.95358e-05 0.000603091 1.96478e-05 1 -9.28157e-05 -0.000603088 9.28394e-05 1 -0.0211147 -0.0251252 -0.22821
FixedParameters: 0 0 0

#Transform 163
Transform: AffineTransform_float_3_3
Parameters: 1 1.6978e-05 0.000577748 -1.70951e-05 1 0.000101382 -0.000577744 -0.000101401 1 -0.0194234 -0.0299655 -0.249686
FixedParameters: 0 0 0

#Transform 164
Transform: AffineTransform_float_3_3
Parameters: 1 2.38912e-05 0.000641959 -2.38852e-05 1 -4.69759e-06 -0.00064196 4.66692e-06 1 -0.0213871 -0.0453338 -0.231268
FixedParameters: 0 0 0

#Transform 165
Transform: AffineTransform_float_3_3
Parameters: 1 2.47424e-05 0.000566411 -2.48069e-05 1 5.68621e-05 -0.000566408 -5.68902e-05 1 -0.0180779 -0.0188946 -0.268797
FixedParameters: 0 0 0

#Transform 166
Transform: AffineTransform_float_3_3
Parameters: 1 3.91575e-05 0.000558321 -3.98408e-05 1 -0.000120432 -0.000557763 0.000120332 1 -0.0300183 -0.0504072 -0.209086
FixedParameters: 0 0 0

#Transform 167
Transform: AffineTransform_float_3_3
Parameters: 1 0.000158159 0.000687828 -0.00015757 1 -0.000428555 -0.000687963 0.000428338 0.999999 -0.0311253 -0.0948214 -0.235605
FixedParameters: 0 0 0

#Transform 168
Transform: AffineTransform_float_3_3
Parameters: 1 0.000255946 0.00061866 -0.000255689 1 -0.000207979 -0.000618766 0.000207662 1 -0.0239842 -0.03794 -0.251436
FixedParameters: 0 0 0

#Transform 169
Transform: AffineTransform_float_3_3
Parameters: 0.999999 0.00037523 0.000794726 -0.000375299 1 -0.00050609 -0.000794618 0.000506375 1 -0.0354157 -0.0884114 -0.247848
FixedParameters: 0 0 0

#Transform 170
Transform: AffineTransform_float_3_3
Parameters: 1 0.000250058 0.000608151 -0.000249458 1 -0.000494111 -0.000608398 0.000493807 0.999999 -0.0191448 -0.0127585 -0.29319
FixedParameters: 0 0 0

#Transform 171
Transform: AffineTransform_float_3_3
Parameters: 0.999999 0.000429113 0.000630501 -0.000428271 0.999999 -0.000668205 -0.000631074 0.000667664 0.999999 -0.0352125 -0.130056 -0.260457
FixedParameters: 0 0 0

#Transform 172
Transform: AffineTransform_float_3_3
Parameters: 0.999999 0.000429538 0.000646425 -0.000429084 1 -0.000351697 -0.000646727 0.000351142 0.999999 -0.0337632 0.010315 -0.259425
FixedParameters: 0 0 0

#Transform 173
Transform: AffineTransform_float_3_3
Parameters: 0.999999 0.000339274 0.000699542 -0.000339083 1 -0.000544641 -0.000700724 0.000544135 0.999999 -0.0324652 -0.0357808 -0.284434
FixedParameters: 0 0 0

#Transform 174
Transform: AffineTransform_float_3_3
Parameters: 0.999999 0.000448014 0.000631219 -0.000447513 1 -0.000396881 -0.000631574 0.000396315 0.999999 -0.0366445 -0.104632 -0.237602
FixedParameters: 0 0 0

#Transform 175
Transform: AffineTransform_float_3_3
Parameters: 0.999999 0.000578147 0.000551359 -0.000577944 1 -0.000184311 -0.000551572 0.000183673 1 -0.0292345 0.018165 -0.279945
FixedParameters: 0 0 0

#Transform 176
Transform: AffineTransform_float_3_3
Parameters: 0.999999 0.000495685 0.000601305 -0.000496104 1 -0.000331679 -0.000601067 0.000331027 1 -0.0345221 -0.0618678 -0.254938
FixedParameters: 0 0 0

#Transform 177
Transform: AffineTransform_float_3_3
Parameters: 0.999999 0.000477265 0.000587084 -0.000477317 1 4.44316e-05 -0.000587041 -4.4992e-05 1 -0.0401926 -0.0751923 -0.270165
FixedParameters: 0 0 0

#Transform 178
Transform: AffineTransform_float_3_3
Parameters: 0.999999 0.000625683 0.000546022 -0.000626644 0.999999 0.000355722 -0.000546389 -0.000356437 1 -0.041717 -0.0983716 -0.238118
FixedParameters: 0 0 0

#Transform 179
Transform: AffineTransform_float_3_3
Parameters: 1 0.00075875 0.000715834 -0.0007592 1 0.000266212 -0.000715382 -0.000266362 1 -0.0492931 -0.156075 -0.261186
FixedParameters: 0 0 0

#Transform 180
Transform: AffineTransform_float_3_3
Parameters: 1 0.000723744 0.000721217 -0.000723607 0.999999 -0.000104778 -0.00072124 0.000103734 0.999999 -0.0521822 -0.0523733 -0.23327
FixedParameters: 0 0 0

#Transform 181
Transform: AffineTransform_float_3_3
Parameters: 0.999999 0.000676702 0.000592771 -0.000677025 0.999999 0.000271955 -0.000592402 -0.000272758 1 -0.0462814 0.0169146 -0.254147
FixedParameters: 0 0 0

#Transform 182
Transform: AffineTransform_float_3_3
Parameters: 1 0.000575076 0.000847399 -0.000575715 1 0.000336332 -0.000846963 -0.00033637 1 -0.0457123 -0.0250079 -0.261236
FixedParameters: 0 0 0

#Transform 183
Transform: AffineTransform_float_3_3
Parameters: 1 0.000667547 0.000948444 -0.000667827 1 0.000542074 -0.000948239 -0.000542347 0.999999 -0.0440093 -0.0290261 -0.257964
FixedParameters: 0 0 0

#Transform 184
Transform: AffineTransform_float_3_3
Parameters: 1 0.000522313 0.00090122 -0.000522757 0.999999 0.00067044 -0.000901101 -0.000670732 1 -0.0389526 0.00210903 -0.300117
FixedParameters: 0 0 0

#Transform 185
Transform: AffineTransform_float_3_3
Parameters: 1 0.000547667 0.00086227 -0.000548174 1 0.000253841 -0.000861944 -0.000253849 1 -0.0410607 -0.0135516 -0.295677
FixedParameters: 0 0 0

#Transform 186
Transform: AffineTransform_float_3_3
Parameters: 1 0.000482887 0.00101167 -0.000482089 1 -0.000428364 -0.00101204 0.000428324 0.999999 -0.047073 -0.162754 -0.313434
FixedParameters: 0 0 0

#Transform 187
Transform: AffineTransform_float_3_3
Parameters: 0.999999 0.000438098 0.000834434 -0.000437868 1 -0.000138109 -0.000834555 0.000137378 0.999999 -0.0430376 -0.0232696 -0.236673
FixedParameters: 0 0 0

#Transform 188
Transform: AffineTransform_float_3_3
Parameters: 1 0.000510161 0.00085747 -0.000509628 1 -0.000350914 -0.00085778 0.000350976 1 -0.0305473 -0.00849117 -0.330425
FixedParameters: 0 0 0

#Transform 189
Transform: AffineTransform_float_3_3
Parameters: 1 0.000558917 0.000963681 -0.000558673 1 -0.000162443 -0.000963815 0.000162302 1 -0.0339785 -0.258978 -0.375683
FixedParameters: 0 0 0
