#Insight Transform File V1.0
#Transform 0
Transform: AffineTransform_float_3_3
Parameters: 0.999999 0.000642859 -0.00139795 -0.000642548 1 -0.000373227 0.00139777 0.000373686 0.999999 -0.00503649 -0.0032205 -0.105244
FixedParameters: 0 0 0

#Transform 1
Transform: AffineTransform_float_3_3
Parameters: 0.999999 0.000436183 -0.00128816 -0.000435833 0.999999 -0.000170507 0.00128749 0.000171199 0.999999 -0.0147712 0.0309548 -0.123806
FixedParameters: 0 0 0

#Transform 2
Transform: AffineTransform_float_3_3
Parameters: 0.999999 0.000462399 -0.00139392 -0.00046317 1 -0.000458399 0.00139433 0.000459224 0.999999 -0.00901164 -0.0362253 -0.0930964
FixedParameters: 0 0 0

#Transform 3
Transform: AffineTransform_float_3_3
Parameters: 0.999999 0.000768193 -0.00101846 -0.000767982 1 0.000362853 0.00101816 -0.000362167 0.999999 -0.00507566 -0.0145951 -0.106701
FixedParameters: 0 0 0

#Transform 4
Transform: AffineTransform_float_3_3
Parameters: 0.999999 0.000521793 -0.000657878 -0.000522271 0.999999 -0.000351794 0.000657492 0.00035203 1 -0.0175938 0.033307 -0.114803
FixedParameters: 0 0 0

#Transform 5
Transform: AffineTransform_float_3_3
Parameters: 0.999999 0.000358263 -0.000627009 -0.000358929 1 -0.00053034 0.000626629 0.00053079 0.999999 -0.00917814 0.00377917 -0.0928587
FixedParameters: 0 0 0

#Transform 6
Transform: AffineTransform_float_3_3
Parameters: 1 0.00028305 -0.000579089 -0.000283601 1 -0.000475727 0.000578819 0.000476055 0.999999 -0.0127428 0.0325182 -0.0978987
FixedParameters: 0 0 0

#Transform 7
Transform: AffineTransform_float_3_3
Parameters: 0.999999 0.000365162 -0.000638189 -0.000366156 0.999999 -0.000766948 0.000637609 0.000766963 0.999999 -0.0036384 -0.0377501 -0.0624242
FixedParameters: 0 0 0

#Transform 8
Transform: AffineTransform_float_3_3
Parameters: 1 0.00031749 -0.000613657 -0.00031859 1 -0.000933399 0.000613044 0.00093379 1 -0.0168245 0.0422221 -0.0714704
FixedParameters: 0 0 0

#Transform 9
Transform: AffineTransform_float_3_3
Parameters: 1 -5.87589e-05 -0.00038891 5.78819e-05 1 -0.00118507 0.000389028 0.00118502 0.999999 -0.0209985 0.0038875 -0.0398799
FixedParameters: 0 0 0

#Transform 10
Transform: AffineTransform_float_3_3
Parameters: 1 0.000282333 -0.00043479 -0.000282941 0.999999 -0.000700074 0.000434394 0.000700319 0.999999 -0.0203918 0.0635206 -0.0597167
FixedParameters: 0 0 0

#Transform 11
Transform: AffineTransform_float_3_3
Parameters: 0.999999 0.000262099 -0.0008731 -0.000262821 1 -0.000926984 0.00087207 0.000927462 0.999999 -0.0122761 0.0281463 -0.054591
FixedParameters: 0 0 0

#Transform 12
Transform: AffineTransform_float_3_3
Parameters: 1 6.55304e-05 -0.000443823 -6.5928e-05 0.999999 -0.00043049 0.000443747 0.000430097 1 -0.00418231 -0.0751093 0.0084421
FixedParameters: 0 0 0

#Transform 13
Transform: AffineTransform_float_3_3
Parameters: 1 0.000209704 -3.50952e-05 -0.000209704 1 -1.24929e-06 3.50947e-05 1.26401e-06 1 -0.0226021 0.0722796 -0.00683736
FixedParameters: 0 0 0

#Transform 14
Transform: AffineTransform_float_3_3
Parameters: 1 0.000339398 1.42593e-06 -0.000340248 1 -0.000366464 -1.15154e-06 0.000366443 1 -0.0201006 0.0766842 -0.0722987
FixedParameters: 0 0 0

#Transform 15
Transform: AffineTransform_float_3_3
Parameters: 1 0.000287952 -0.000102755 -0.000288016 1 -0.000311565 0.000102576 0.000311624 1 -0.0221791 0.0368257 -0.0785667
FixedParameters: 0 0 0

#Transform 16
Transform: AffineTransform_float_3_3
Parameters: 1 7.26474e-05 -0.000165436 -7.25244e-05 0.999999 -0.00134438 0.000166073 0.00134439 0.999999 -0.0176248 -0.0168744 -0.00542014
FixedParameters: 0 0 0

#Transform 17
Transform: AffineTransform_float_3_3
Parameters: 1 8.97778e-05 -0.000135744 -9.0017e-05 1 -0.00104713 0.000135536 0.00104716 1 -0.0221995 0.0465998 -0.0119319
FixedParameters: 0 0 0

#Transform 18
Transform: AffineTransform_float_3_3
Parameters: 1 0.000208104 5.40826e-05 -0.000207912 0.999999 -0.00134967 -5.46636e-05 0.00134965 0.999999 -0.0204306 0.00237367 -0.0168074
FixedParameters: 0 0 0

#Transform 19
Transform: AffineTransform_float_3_3
Parameters: 1 0.000224662 9.2918e-05 -0.000224729 1 0.000360809 -9.27559e-05 -0.000360851 1 -0.0252975 0.0466987 0.019769
FixedParameters: 0 0 0

#Transform 20
Transform: AffineTransform_float_3_3
Parameters: 1 0.000113611 -9.76474e-05 -0.000113264 1 -0.00113224 9.82226e-05 0.00113225 1 -0.0141744 0.0122318 0.00784931
FixedParameters: 0 0 0

#Transform 21
Transform: AffineTransform_float_3_3
Parameters: 1 0.000284702 0.000356736 -0.000285139 1 0.000612288 -0.000356387 -0.000612491 0.999999 -0.0228826 0.059495 -0.0270469
FixedParameters: 0 0 0

#Transform 22
Transform: AffineTransform_float_3_3
Parameters: 1 -0.000306328 0.00042114 0.00030597 1 0.000425772 -0.0004214 -0.000425514 1 -0.010652 -0.00180101 0.0694183
FixedParameters: 0 0 0

#Transform 23
Transform: AffineTransform_float_3_3
Parameters: 1 -0.000104247 0.000652964 0.000103953 1 0.000225471 -0.000653011 -0.000225336 1 -0.0151406 0.0699331 0.00836092
FixedParameters: 0 0 0

#Transform 24
Transform: AffineTransform_float_3_3
Parameters: 0.999999 -0.000418583 0.000623122 0.000418347 0.999999 0.00132773 -0.000623924 -0.0013272 0.999999 -0.00872721 -0.00646267 0.0582622
FixedParameters: 0 0 0

#Transform 25
Transform: AffineTransform_float_3_3
Parameters: 0.999999 -0.000224293 0.000804424 0.000223896 0.999999 0.00111889 -0.000804636 -0.00111898 1 -0.0134394 0.0418832 0.00630321
FixedParameters: 0 0 0

#Transform 26
Transform: AffineTransform_float_3_3
Parameters: 0.999999 -0.000205867 0.000860767 0.00020546 1 0.00106115 -0.000860895 -0.00106079 0.999999 -0.0086311 0.00454453 0.0443863
FixedParameters: 0 0 0

#Transform 27
Transform: AffineTransform_float_3_3
Parameters: 0.999999 -0.000143217 0.000919495 0.000142545 1 0.0011372 -0.000919511 -0.00113693 0.999999 -0.0119101 0.040725 0.00571855
FixedParameters: 0 0 0

#Transform 28
Transform: AffineTransform_float_3_3
Parameters: 0.999999 -0.000298422 0.000820317 0.000297378 0.999998 0.00149143 -0.000820916 -0.00149138 0.999999 -0.00861303 0.0224286 0.0595535
FixedParameters: 0 0 0

#Transform 29
Transform: AffineTransform_float_3_3
Parameters: 0.999999 -0.000247156 0.000986109 0.00024613 0.999999 0.00123985 -0.000986412 -0.00123936 0.999998 -0.00404447 0.0089885 0.0567658
FixedParameters: 0 0 0

#Transform 30
Transform: AffineTransform_float_3_3
Parameters: 1 -0.000278983 0.00101288 0.000277313 0.999999 0.00150267 -0.00101338 -0.0015021 0.999998 -0.00933264 0.0301491 0.0488557
FixedParameters: 0 0 0

#Transform 31
Transform: AffineTransform_float_3_3
Parameters: 1 -0.000385711 0.00108856 0.000383569 0.999998 0.00187625 -0.00108884 -0.00187543 0.999997 0.0199274 -0.00277222 0.0223787
FixedParameters: 0 0 0

#Transform 32
Transform: AffineTransform_float_3_3
Parameters: 0.999998 -0.000684182 0.00184051 0.000680167 0.999997 0.00236733 -0.00184199 -0.00236661 0.999995 -0.000244878 0.0275004 0.0310389
FixedParameters: 0 0 0

#Transform 33
Transform: AffineTransform_float_3_3
Parameters: 0.999998 -0.000624414 0.0019677 0.000621376 0.999998 0.00182316 -0.00196904 -0.00182159 0.999997 0.00528988 0.00943396 0.0150302
FixedParameters: 0 0 0

#Transform 34
Transform: AffineTransform_float_3_3
Parameters: 0.999998 -0.00070985 0.00191384 0.00070559 0.999998 0.00197609 -0.00191516 -0.00197383 0.999996 0.00309779 0.0435061 0.00675723
FixedParameters: 0 0 0

#Transform 35
Transform: AffineTransform_float_3_3
Parameters: 0.999998 -0.000483012 0.00197498 0.000479765 0.999998 0.00186936 -0.00197585 -0.00186834 0.999997 0.00133373 0.0606078 -0.00443685
FixedParameters: 0 0 0

#Transform 36
Transform: AffineTransform_float_3_3
Parameters: 0.999998 -0.000550041 0.00201131 0.00054735 0.999998 0.00169213 -0.00201227 -0.00169214 0.999997 0.0081663 -0.00214796 0.0200076
FixedParameters: 0 0 0

#Transform 37
Transform: AffineTransform_float_3_3
Parameters: 0.999997 -0.000353023 0.00218636 0.000349355 0.999999 0.00178513 -0.00218669 -0.00178448 0.999996 -0.00185684 0.0397196 0.0013454
FixedParameters: 0 0 0

#Transform 38
Transform: AffineTransform_float_3_3
Parameters: 0.999998 -0.000483855 0.00197258 0.000481048 0.999999 0.00176039 -0.00197335 -0.00175937 0.999997 0.00930227 -0.00283901 0.0515625
FixedParameters: 0 0 0

#Transform 39
Transform: AffineTransform_float_3_3
Parameters: 0.999997 -0.000514509 0.00209392 0.000510827 0.999998 0.00186711 -0.00209491 -0.00186585 0.999996 0.00357123 0.0216448 0.023216
FixedParameters: 0 0 0

#Transform 40
Transform: AffineTransform_float_3_3
Parameters: 0.999997 -0.000563165 0.0021339 0.000559002 0.999997 0.0019411 -0.00213517 -0.00194004 0.999996 0.00292243 0.00633849 0.0710006
FixedParameters: 0 0 0

#Transform 41
Transform: AffineTransform_float_3_3
Parameters: 0.999997 -0.000294074 0.00228387 0.000290326 0.999998 0.00191231 -0.00228458 -0.00191184 0.999995 0.00229915 0.0322942 0.0551416
FixedParameters: 0 0 0

#Transform 42
Transform: AffineTransform_float_3_3
Parameters: 0.999995 -0.00142821 0.00261701 0.00142072 0.999995 0.00296383 -0.00262227 -0.00295995 0.999993 0.0262718 -0.0401475 -0.00746288
FixedParameters: 0 0 0

#Transform 43
Transform: AffineTransform_float_3_3
Parameters: 0.999995 -0.00126188 0.00289057 0.00125552 0.999997 0.00213675 -0.00289389 -0.00213305 0.999993 0.0152193 0.0743992 -0.0212334
FixedParameters: 0 0 0

#Transform 44
Transform: AffineTransform_float_3_3
Parameters: 0.999995 -0.00124837 0.00291821 0.001242 0.999997 0.00211899 -0.00292142 -0.00211529 0.999993 0.0193296 0.0380684 -0.00723441
FixedParameters: 0 0 0

#Transform 45
Transform: AffineTransform_float_3_3
Parameters: 0.999995 -0.001133 0.00298843 0.00112741 0.999998 0.00216906 -0.00299094 -0.00216587 0.999993 0.0167685 0.0408355 0.016085
FixedParameters: 0 0 0

#Transform 46
Transform: AffineTransform_float_3_3
Parameters: 0.999995 -0.00117396 0.00301027 0.00116761 0.999997 0.00204279 -0.00301299 -0.00203887 0.999993 0.0170051 0.0290414 0.00570365
FixedParameters: 0 0 0

#Transform 47
Transform: AffineTransform_float_3_3
Parameters: 0.999995 -0.00104075 0.00293257 0.0010352 0.999996 0.00219381 -0.00293473 -0.00219085 0.999993 0.0185234 0.0354003 0.0284686
FixedParameters: 0 0 0

#Transform 48
Transform: AffineTransform_float_3_3
Parameters: 0.999995 -0.00116602 0.00299996 0.00116099 0.999998 0.00182886 -0.00300215 -0.00182501 0.999994 0.0218865 0.00429209 0.0180658
FixedParameters: 0 0 0

#Transform 49
Transform: AffineTransform_float_3_3
Parameters: 0.999995 -0.00104882 0.0029328 0.00104298 0.999997 0.00200985 -0.00293494 -0.00200685 0.999994 0.0181838 0.0350956 0.0250228
FixedParameters: 0 0 0

#Transform 50
Transform: AffineTransform_float_3_3
Parameters: 0.999995 -0.00119747 0.00302284 0.0011915 0.999997 0.0019708 -0.00302548 -0.00196671 0.999994 0.0179968 0.00994229 0.00399389
FixedParameters: 0 0 0

#Transform 51
Transform: AffineTransform_float_3_3
Parameters: 0.999995 -0.00113405 0.00298517 0.00112796 0.999997 0.00201681 -0.00298767 -0.00201319 0.999994 0.0111861 0.0334549 0.0160129
FixedParameters: 0 0 0

#Transform 52
Transform: AffineTransform_float_3_3
Parameters: 0.999995 -0.0010813 0.00294597 0.0010761 0.999998 0.00174646 -0.00294715 -0.00174415 0.999994 0.015328 0.0296184 0.0121568
FixedParameters: 0 0 0

#Transform 53
Transform: AffineTransform_float_3_3
Parameters: 0.999994 -0.000965007 0.0031752 0.000958923 0.999998 0.00202903 -0.00317756 -0.00202514 0.999993 0.0128426 0.0322411 0.0462511
FixedParameters: 0 0 0

#Transform 54
Transform: AffineTransform_float_3_3
Parameters: 0.999995 -0.000984672 0.00308106 0.000978546 0.999998 0.00195883 -0.00308284 -0.00195592 0.999993 0.0161468 0.0177034 0.0409638
FixedParameters: 0 0 0

#Transform 55
Transform: AffineTransform_float_3_3
Parameters: 0.999994 -0.000901755 0.00319287 0.000894431 0.999998 0.00207883 -0.00319453 -0.00207534 0.999993 0.00969393 0.0359874 0.0535287
FixedParameters: 0 0 0

#Transform 56
Transform: AffineTransform_float_3_3
Parameters: 0.999994 -0.00104335 0.00328664 0.00103793 0.999997 0.00184943 -0.00328894 -0.00184616 0.999993 0.0145352 0.011189 0.0559056
FixedParameters: 0 0 0

#Transform 57
Transform: AffineTransform_float_3_3
Parameters: 0.999994 -0.000873366 0.00325811 0.000866788 0.999998 0.00205306 -0.00326013 -0.00204961 0.999992 0.00762971 0.041389 0.060284
FixedParameters: 0 0 0

#Transform 58
Transform: AffineTransform_float_3_3
Parameters: 0.999994 -0.00107013 0.00323703 0.00106413 0.999997 0.00183683 -0.00323888 -0.00183351 0.999993 0.0170667 -0.00326024 0.0737324
FixedParameters: 0 0 0

#Transform 59
Transform: AffineTransform_float_3_3
Parameters: 0.999995 -0.000751127 0.00327651 0.000745175 0.999998 0.00193905 -0.00327784 -0.00193637 0.999993 0.00738602 0.0515352 0.0815497
FixedParameters: 0 0 0

#Transform 60
Transform: AffineTransform_float_3_3
Parameters: 0.999994 -0.000939128 0.00321285 0.000933084 0.999998 0.00178164 -0.00321499 -0.00177919 0.999993 0.0165317 0.0193937 0.0710178
FixedParameters: 0 0 0

#Transform 61
Transform: AffineTransform_float_3_3
Parameters: 0.999994 -0.000833803 0.00322866 0.000827481 0.999998 0.00203218 -0.00323048 -0.00202904 0.999993 0.0131996 0.0392128 0.0659046
FixedParameters: 0 0 0

#Transform 62
Transform: AffineTransform_float_3_3
Parameters: 0.999994 -0.00110938 0.00316785 0.00110441 0.999998 0.00172252 -0.0031696 -0.00171864 0.999994 0.0183467 0.011881 0.0865989
FixedParameters: 0 0 0

#Transform 63
Transform: AffineTransform_float_3_3
Parameters: 0.999995 -0.000790953 0.00330869 0.000784261 0.999997 0.00224278 -0.00331037 -0.00224113 0.999992 0.00898429 0.0548366 0.0696823
FixedParameters: 0 0 0

#Transform 64
Transform: AffineTransform_float_3_3
Parameters: 0.999993 -0.00107231 0.00347094 0.00106626 0.999998 0.00184886 -0.00347337 -0.001845 0.999993 0.0122273 -0.00096353 0.0386194
FixedParameters: 0 0 0

#Transform 65
Transform: AffineTransform_float_3_3
Parameters: 0.999994 -0.000951326 0.00339653 0.000945568 0.999997 0.00183759 -0.00339848 -0.00183427 0.999993 0.0194255 0.00763168 0.0783172
FixedParameters: 0 0 0

#Transform 66
Transform: AffineTransform_float_3_3
Parameters: 0.999994 -0.00110876 0.00349089 0.00110318 0.999997 0.00175516 -0.00349323 -0.00175146 0.999992 0.0165058 0.06058 0.036163
FixedParameters: 0 0 0

#Transform 67
Transform: AffineTransform_float_3_3
Parameters: 0.999993 -0.00105928 0.00346058 0.001053 0.999997 0.00175515 -0.00346224 -0.00175188 0.999992 0.0202638 0.0265417 0.0719687
FixedParameters: 0 0 0

#Transform 68
Transform: AffineTransform_float_3_3
Parameters: 0.999993 -0.00123063 0.00355194 0.00122648 0.999999 0.00121133 -0.00355318 -0.00120664 0.999993 0.025048 0.0322607 0.0549781
FixedParameters: 0 0 0

#Transform 69
Transform: AffineTransform_float_3_3
Parameters: 0.999992 -0.00110094 0.00367992 0.00109566 0.999998 0.00143792 -0.00368186 -0.00143386 0.999992 0.0181162 0.0514396 0.0735962
FixedParameters: 0 0 0

#Transform 70
Transform: AffineTransform_float_3_3
Parameters: 0.999992 -0.00128238 0.00361067 0.00127708 0.999998 0.0013518 -0.00361238 -0.0013466 0.999993 0.0226543 0.0103056 0.0630741
FixedParameters: 0 0 0

#Transform 71
Transform: AffineTransform_float_3_3
Parameters: 0.999992 -0.0011563 0.00371499 0.00115028 0.999999 0.00152949 -0.00371733 -0.00152584 0.999992 0.0173438 0.0428663 0.0660154
FixedParameters: 0 0 0

#Transform 72
Transform: AffineTransform_float_3_3
Parameters: 0.999993 -0.00125212 0.00374228 0.0012473 0.999998 0.00135044 -0.00374446 -0.00134645 0.999992 0.0257463 0.0128314 0.0660174
FixedParameters: 0 0 0

#Transform 73
Transform: AffineTransform_float_3_3
Parameters: 0.999993 -0.00122048 0.00374066 0.00121472 0.999998 0.00154654 -0.00374238 -0.00154192 0.999992 0.0192522 0.0507881 0.071912
FixedParameters: 0 0 0

#Transform 74
Transform: AffineTransform_float_3_3
Parameters: 0.999992 -0.00127599 0.003761 0.00127095 0.999998 0.00137336 -0.00376331 -0.00136915 0.999992 0.0278771 0.00913636 0.0740107
FixedParameters: 0 0 0

#Transform 75
Transform: AffineTransform_float_3_3
Parameters: 0.999992 -0.00120601 0.00378334 0.00120017 0.999999 0.00154316 -0.00378499 -0.00153809 0.999992 0.0204473 0.0453191 0.0683117
FixedParameters: 0 0 0

#Transform 76
Transform: AffineTransform_float_3_3
Parameters: 0.999993 -0.00124185 0.00374494 0.00123661 0.999998 0.00128666 -0.00374638 -0.00128187 0.999992 0.0282775 0.00537995 0.0680267
FixedParameters: 0 0 0

#Transform 77
Transform: AffineTransform_float_3_3
Parameters: 0.999993 -0.00129744 0.00371264 0.00129181 0.999998 0.00154172 -0.00371458 -0.00153749 0.999992 0.0191023 0.0562782 0.0546809
FixedParameters: 0 0 0

#Transform 78
Transform: AffineTransform_float_3_3
Parameters: 0.999993 -0.00122623 0.00357919 0.00122021 0.999999 0.0014693 -0.00358107 -0.00146548 0.999993 0.0276663 0.0106676 0.0933836
FixedParameters: 0 0 0

#Transform 79
Transform: AffineTransform_float_3_3
Parameters: 0.999992 -0.00111316 0.00381731 0.0011077 0.999998 0.00147188 -0.00381851 -0.001467 0.999992 0.0207166 0.0626236 0.0809982
FixedParameters: 0 0 0

#Transform 80
Transform: AffineTransform_float_3_3
Parameters: 0.999992 -0.00116933 0.00400957 0.00116399 0.999999 0.0012123 -0.00401068 -0.00120789 0.999992 0.0247019 0.0312926 0.0933866
FixedParameters: 0 0 0

#Transform 81
Transform: AffineTransform_float_3_3
Parameters: 0.999992 -0.00136447 0.00395517 0.00136025 0.999998 0.00119469 -0.00395723 -0.00118973 0.999992 0.0284071 0.0254809 0.101833
FixedParameters: 0 0 0

#Transform 82
Transform: AffineTransform_float_3_3
Parameters: 0.999991 -0.0012874 0.00408006 0.00128339 0.999999 0.00113342 -0.00408177 -0.00112786 0.999991 0.0373314 0.0120629 0.121839
FixedParameters: 0 0 0

#Transform 83
Transform: AffineTransform_float_3_3
Parameters: 0.99999 -0.00148377 0.00406799 0.00148142 0.999998 0.000657085 -0.00406856 -0.000651317 0.999992 0.0390643 0.0396495 0.0882082
FixedParameters: 0 0 0

#Transform 84
Transform: AffineTransform_float_3_3
Parameters: 0.999991 -0.00142997 0.00396403 0.00142766 0.999999 0.00078002 -0.00396537 -0.000774065 0.999992 0.0342161 0.0399719 0.104573
FixedParameters: 0 0 0

#Transform 85
Transform: AffineTransform_float_3_3
Parameters: 0.999991 -0.00178281 0.00398349 0.00178105 0.999998 0.000248123 -0.00398362 -0.000240676 0.999992 0.0418576 0.0100843 0.103919
FixedParameters: 0 0 0

#Transform 86
Transform: AffineTransform_float_3_3
Parameters: 0.999991 -0.00173167 0.00403114 0.00173022 0.999998 0.000313456 -0.004032 -0.00030623 0.999991 0.0378281 0.0510344 0.100222
FixedParameters: 0 0 0

#Transform 87
Transform: AffineTransform_float_3_3
Parameters: 0.999991 -0.00145173 0.00395086 0.00145103 0.999999 0.000226442 -0.00395127 -0.00022036 0.999991 0.0376242 0.0531994 0.082418
FixedParameters: 0 0 0

#Transform 88
Transform: AffineTransform_float_3_3
Parameters: 0.999992 -0.00165456 0.0037995 0.00165328 0.999999 0.000316947 -0.00380032 -0.000310656 0.999993 0.0434675 0.0124302 0.115197
FixedParameters: 0 0 0

#Transform 89
Transform: AffineTransform_float_3_3
Parameters: 0.999991 -0.00143975 0.00382237 0.00143848 0.999999 0.000314001 -0.00382304 -0.000308385 0.999992 0.0336426 0.0603868 0.0856532
FixedParameters: 0 0 0

#Transform 90
Transform: AffineTransform_float_3_3
Parameters: 0.999992 -0.00196898 0.00365405 0.00196945 0.999998 -9.38041e-05 -0.0036538 0.000100125 0.999994 0.0448876 -0.0151972 0.119196
FixedParameters: 0 0 0

#Transform 91
Transform: AffineTransform_float_3_3
Parameters: 0.999991 -0.00160048 0.00392693 0.00160082 0.999999 -7.45463e-05 -0.00392679 8.08322e-05 0.999992 0.0394698 0.068588 0.10411
FixedParameters: 0 0 0

#Transform 92
Transform: AffineTransform_float_3_3
Parameters: 0.999991 -0.00159401 0.00388689 0.00159373 0.999999 0.000179547 -0.00388725 -0.000173886 0.999993 0.0466715 0.0360422 0.0957067
FixedParameters: 0 0 0

#Transform 93
Transform: AffineTransform_float_3_3
Parameters: 0.999991 -0.00153957 0.00391369 0.00153965 0.999999 -4.38218e-05 -0.00391368 4.91369e-05 0.999993 0.0462368 0.0328592 0.129486
FixedParameters: 0 0 0

#Transform 94
Transform: AffineTransform_float_3_3
Parameters: 0.999991 -0.00171715 0.00393767 0.00171749 0.999999 -7.31729e-05 -0.00393751 8.04119e-05 0.999992 0.0401407 0.0320094 0.0903207
FixedParameters: 0 0 0

#Transform 95
Transform: AffineTransform_float_3_3
Parameters: 0.999991 -0.00201334 0.00374927 0.00201426 0.999998 -0.000150169 -0.00374879 0.000157199 0.999993 0.0440376 -0.050166 0.148183
FixedParameters: 0 0 0

#Transform 96
Transform: AffineTransform_float_3_3
Parameters: 0.999991 -0.00178232 0.00385328 0.00178225 0.999998 -2.42498e-05 -0.00385331 3.12492e-05 0.999993 0.0429105 0.0927379 0.0631533
FixedParameters: 0 0 0

#Transform 97
Transform: AffineTransform_float_3_3
Parameters: 0.999991 -0.00165002 0.00407104 0.00164859 0.999999 0.000203913 -0.00407095 -0.000196342 0.999992 0.0253429 0.0690238 0.0850554
FixedParameters: 0 0 0

#Transform 98
Transform: AffineTransform_float_3_3
Parameters: 0.999991 -0.00172771 0.00382711 0.00172636 0.999998 0.000279627 -0.00382649 -0.000273173 0.999993 0.0407622 0.0389873 0.0834458
FixedParameters: 0 0 0

#Transform 99
Transform: AffineTransform_float_3_3
Parameters: 0.99999 -0.00184631 0.00389918 0.0018447 0.999998 0.000245289 -0.00389938 -0.000238539 0.999993 0.0385253 0.034015 0.0871175
FixedParameters: 0 0 0

#Transform 100
Transform: AffineTransform_float_3_3
Parameters: 0.99999 -0.00199009 0.00398488 0.00199014 0.999998 0.000133484 -0.0039852 -0.000125245 0.999992 0.0414887 0.0313246 0.067373
FixedParameters: 0 0 0

#Transform 101
Transform: AffineTransform_float_3_3
Parameters: 0.999991 -0.00181995 0.00387931 0.0018195 0.999998 9.44808e-05 -0.0038789 -8.66622e-05 0.999992 0.0427842 0.0308186 0.112929
FixedParameters: 0 0 0

#Transform 102
Transform: AffineTransform_float_3_3
Parameters: 0.99999 -0.00199945 0.00397646 0.00200147 0.999998 -0.000456642 -0.00397506 0.000465365 0.999992 0.0513174 0.0179375 0.111645
FixedParameters: 0 0 0

#Transform 103
Transform: AffineTransform_float_3_3
Parameters: 0.999989 -0.00197397 0.00409633 0.00197448 0.999998 -9.40861e-05 -0.00409608 0.000102631 0.999991 0.0472011 0.0547647 0.0873911
FixedParameters: 0 0 0

#Transform 104
Transform: AffineTransform_float_3_3
Parameters: 0.99999 -0.00205934 0.00401564 0.00206065 0.999998 -0.000360772 -0.00401462 0.000368788 0.999992 0.0545361 0.0243049 0.126825
FixedParameters: 0 0 0

#Transform 105
Transform: AffineTransform_float_3_3
Parameters: 0.99999 -0.00195223 0.00408123 0.00195281 0.999998 -0.000166098 -0.00408155 0.000174422 0.999991 0.0460814 0.0515584 0.093278
FixedParameters: 0 0 0

#Transform 106
Transform: AffineTransform_float_3_3
Parameters: 0.99999 -0.00202076 0.00399662 0.00202181 0.999998 -0.000163412 -0.00399607 0.000171939 0.999992 0.055389 0.0262965 0.122638
FixedParameters: 0 0 0

#Transform 107
Transform: AffineTransform_float_3_3
Parameters: 0.999989 -0.00209228 0.00404062 0.00209253 0.999998 -0.000163783 -0.00403956 0.000172149 0.999992 0.049168 0.0541783 0.0832415
FixedParameters: 0 0 0

#Transform 108
Transform: AffineTransform_float_3_3
Parameters: 0.99999 -0.00205179 0.00401061 0.00205318 0.999998 -0.00037633 -0.00400951 0.000385157 0.999992 0.0548075 0.0303627 0.130845
FixedParameters: 0 0 0

#Transform 109
Transform: AffineTransform_float_3_3
Parameters: 0.99999 -0.00193481 0.00405277 0.00193639 0.999998 -0.000463557 -0.0040523 0.000471174 0.999992 0.047961 0.0479016 0.117695
FixedParameters: 0 0 0

#Transform 110
Transform: AffineTransform_float_3_3
Parameters: 0.999991 -0.00166568 0.00389434 0.00166587 0.999999 -0.000166006 -0.00389336 0.000172674 0.999992 0.0440027 0.0451847 0.149429
FixedParameters: 0 0 0

#Transform 111
Transform: AffineTransform_float_3_3
Parameters: 0.99999 -0.0019742 0.00395619 0.00197635 0.999998 -0.000652356 -0.00395439 0.000660341 0.999992 0.0494718 -0.000374475 0.175242
FixedParameters: 0 0 0

#Transform 112
Transform: AffineTransform_float_3_3
Parameters: 0.99999 -0.00164677 0.00415195 0.00164799 0.999999 -0.000346954 -0.00415123 0.000354782 0.999991 0.0451485 0.0621891 0.155054
FixedParameters: 0 0 0

#Transform 113
Transform: AffineTransform_float_3_3
Parameters: 0.999991 -0.00194016 0.00393515 0.00194231 0.999998 -0.000655392 -0.00393338 0.000663026 0.999992 0.0494288 0.0111508 0.150209
FixedParameters: 0 0 0

#Transform 114
Transform: AffineTransform_float_3_3
Parameters: 0.99999 -0.00189885 0.00391848 0.0019004 0.999998 -0.000292513 -0.00391836 0.000299786 0.999993 0.0436777 0.0420469 0.151151
FixedParameters: 0 0 0

#Transform 115
Transform: AffineTransform_float_3_3
Parameters: 0.999991 -0.00170171 0.00406848 0.00170369 0.999999 -0.000340335 -0.0040683 0.000346575 0.999991 0.0403683 0.0563496 0.127329
FixedParameters: 0 0 0

#Transform 116
Transform: AffineTransform_float_3_3
Parameters: 0.99999 -0.00182217 0.0039472 0.00182188 0.999999 -0.000165141 -0.00394707 0.00017189 0.999993 0.0416109 0.0281625 0.155964
FixedParameters: 0 0 0

#Transform 117
Transform: AffineTransform_float_3_3
Parameters: 0.99999 -0.00155314 0.00403521 0.00155372 0.999999 -0.000170212 -0.00403565 0.000176028 0.999992 0.037507 0.035089 0.138546
FixedParameters: 0 0 0

#Transform 118
Transform: AffineTransform_float_3_3
Parameters: 0.999991 -0.00178485 0.00390893 0.00178566 0.999998 -0.000311443 -0.00390826 0.000318657 0.999992 0.0457129 0.00118846 0.174672
FixedParameters: 0 0 0

#Transform 119
Transform: AffineTransform_float_3_3
Parameters: 0.999991 -0.00161202 0.00385933 0.0016139 0.999999 -0.00034304 -0.00385918 0.000349219 0.999992 0.0449653 0.0521492 0.136872
FixedParameters: 0 0 0

#Transform 120
Transform: AffineTransform_float_3_3
Parameters: 0.999991 -0.0015967 0.00386715 0.00159773 0.999999 -0.000166369 -0.00386672 0.000172436 0.999992 0.0486256 0.0262552 0.181713
FixedParameters: 0 0 0

#Transform 121
Transform: AffineTransform_float_3_3
Parameters: 0.99999 -0.00138334 0.0041175 0.00138454 0.999999 -0.000407911 -0.00411767 0.000413473 0.999991 0.0471455 0.0484803 0.139639
FixedParameters: 0 0 0

#Transform 122
Transform: AffineTransform_float_3_3
Parameters: 0.999992 -0.00156937 0.00371886 0.00157034 0.999998 -0.000163194 -0.00371844 0.000169476 0.999993 0.0480414 0.0224021 0.173052
FixedParameters: 0 0 0

#Transform 123
Transform: AffineTransform_float_3_3
Parameters: 0.999992 -0.00138517 0.00390631 0.00138572 0.999999 -0.000110344 -0.0039061 0.000115324 0.999992 0.043142 0.0728268 0.142891
FixedParameters: 0 0 0

#Transform 124
Transform: AffineTransform_float_3_3
Parameters: 0.999992 -0.00148385 0.00374261 0.00148607 0.999999 -0.000399901 -0.00374237 0.000405637 0.999993 0.0534563 0.0235137 0.135033
FixedParameters: 0 0 0

#Transform 125
Transform: AffineTransform_float_3_3
Parameters: 0.999992 -0.00125995 0.00395964 0.00126014 0.999999 -6.27301e-05 -0.00395957 6.77573e-05 0.999993 0.0461847 0.0554695 0.131985
FixedParameters: 0 0 0

#Transform 126
Transform: AffineTransform_float_3_3
Parameters: 0.999991 -0.00154933 0.00378879 0.00155079 0.999999 -0.000400441 -0.003788 0.000405895 0.999993 0.0538414 0.00264503 0.151966
FixedParameters: 0 0 0

#Transform 127
Transform: AffineTransform_float_3_3
Parameters: 0.999992 -0.00135498 0.00395599 0.00135513 0.999999 -5.73487e-05 -0.00395592 6.31184e-05 0.999993 0.0485505 0.0534601 0.135774
FixedParameters: 0 0 0

#Transform 128
Transform: AffineTransform_float_3_3
Parameters: 0.99999 -0.00140694 0.00407136 0.00140749 0.999999 -0.000104077 -0.00407115 0.000110584 0.999992 0.0502583 0.0337051 0.12768
FixedParameters: 0 0 0

#Transform 129
Transform: AffineTransform_float_3_3
Parameters: 0.999992 -0.00138548 0.00391139 0.00138503 0.999999 0.000372863 -0.00391184 -0.000366515 0.999992 0.0405662 0.0439816 0.156752
FixedParameters: 0 0 0

#Transform 130
Transform: AffineTransform_float_3_3
Parameters: 0.999991 -0.00143248 0.00398594 0.0014318 0.999999 0.000224268 -0.00398638 -0.000219581 0.999992 0.0442353 0.0423782 0.128276
FixedParameters: 0 0 0

#Transform 131
Transform: AffineTransform_float_3_3
Parameters: 0.999991 -0.00134213 0.00398383 0.00134032 0.999999 0.000534048 -0.00398469 -0.000528299 0.999992 0.0489039 0.0111771 0.168413
FixedParameters: 0 0 0

#Transform 132
Transform: AffineTransform_float_3_3
Parameters: 0.999991 -0.00116693 0.00404163 0.00116424 0.999999 0.000530398 -0.00404178 -0.000525935 0.999992 0.0459823 0.0678999 0.140869
FixedParameters: 0 0 0

#Transform 133
Transform: AffineTransform_float_3_3
Parameters: 0.999991 -0.00134825 0.00397208 0.00134714 0.999999 0.000381341 -0.00397339 -0.000375558 0.999992 0.0494982 0.0225279 0.153799
FixedParameters: 0 0 0

#Transform 134
Transform: AffineTransform_float_3_3
Parameters: 0.999991 -0.00126832 0.00410393 0.00126641 0.999999 0.000530485 -0.0041047 -0.000525021 0.999991 0.0417533 0.0588412 0.128575
FixedParameters: 0 0 0

#Transform 135
Transform: AffineTransform_float_3_3
Parameters: 0.999992 -0.00138534 0.00390982 0.00138472 0.999999 0.000217397 -0.00391017 -0.000211953 0.999992 0.0445425 0.0399135 0.201658
FixedParameters: 0 0 0

#Transform 136
Transform: AffineTransform_float_3_3
Parameters: 0.999991 -0.0012691 0.004101 0.00126833 0.999999 0.000392529 -0.00410143 -0.000387062 0.999991 0.0448105 0.0394772 0.163339
FixedParameters: 0 0 0

#Transform 137
Transform: AffineTransform_float_3_3
Parameters: 0.999991 -0.00102546 0.00394381 0.0010258 0.999999 9.46186e-05 -0.00394374 -9.01309e-05 0.999992 0.0328207 0.0436066 0.167872
FixedParameters: 0 0 0

#Transform 138
Transform: AffineTransform_float_3_3
Parameters: 0.999991 -0.00145417 0.00379042 0.00145585 0.999999 -0.000435326 -0.00378957 0.000440956 0.999993 0.0467315 -0.00912804 0.169808
FixedParameters: 0 0 0

#Transform 139
Transform: AffineTransform_float_3_3
Parameters: 0.999991 -0.00104692 0.00394893 0.00104844 0.999999 -0.000228286 -0.00394852 0.000232952 0.999992 0.0424263 0.0636886 0.153116
FixedParameters: 0 0 0

#Transform 140
Transform: AffineTransform_float_3_3
Parameters: 0.999992 -0.00152656 0.00367377 0.00152838 0.999998 -0.000351872 -0.00367364 0.000357717 0.999993 0.0511896 0.00684855 0.153379
FixedParameters: 0 0 0

#Transform 141
Transform: AffineTransform_float_3_3
Parameters: 0.999991 -0.00101555 0.00393639 0.00101629 0.999999 4.19051e-05 -0.00393623 -3.796e-05 0.999993 0.0440627 0.0669625 0.136466
FixedParameters: 0 0 0

#Transform 142
Transform: AffineTransform_float_3_3
Parameters: 0.999992 -0.00127294 0.00382054 0.00127406 0.999999 -0.000358404 -0.00382005 0.000362736 0.999992 0.0490065 0.0194921 0.157976
FixedParameters: 0 0 0

#Transform 143
Transform: AffineTransform_float_3_3
Parameters: 0.999992 -0.00111584 0.00398798 0.00111706 0.999999 -0.000363395 -0.00398759 0.000367342 0.999992 0.0442632 0.0507846 0.137971
FixedParameters: 0 0 0

#Transform 144
Transform: AffineTransform_float_3_3
Parameters: 0.999992 -0.00112694 0.00398734 0.00113004 0.999999 -0.000663574 -0.0039871 0.00066808 0.999991 0.0408154 0.0365433 0.174639
FixedParameters: 0 0 0

#Transform 145
Transform: AffineTransform_float_3_3
Parameters: 0.999992 -0.00151401 0.00368442 0.00151905 0.999998 -0.00122521 -0.00368316 0.00123057 0.999992 0.0516122 0.00977932 0.180703
FixedParameters: 0 0 0

#Transform 146
Transform: AffineTransform_float_3_3
Parameters: 0.999992 -0.00111486 0.00397325 0.00111835 0.999999 -0.000930245 -0.0039714 0.000934132 0.999992 0.0409165 0.0597517 0.156234
FixedParameters: 0 0 0

#Transform 147
Transform: AffineTransform_float_3_3
Parameters: 0.999992 -0.00149025 0.0037222 0.00149503 0.999999 -0.0012909 -0.00372027 0.00129707 0.999992 0.0500058 0.0164458 0.182229
FixedParameters: 0 0 0

#Transform 148
Transform: AffineTransform_float_3_3
Parameters: 0.999991 -0.00133276 0.00397752 0.00133815 0.999998 -0.00129488 -0.00397601 0.00129965 0.999991 0.0437031 0.0604263 0.142454
FixedParameters: 0 0 0

#Transform 149
Transform: AffineTransform_float_3_3
Parameters: 0.999992 -0.00152017 0.00384718 0.00152504 0.999997 -0.00145062 -0.00384504 0.00145648 0.999992 0.050952 -0.000975578 0.183614
FixedParameters: 0 0 0

#Transform 150
Transform: AffineTransform_float_3_3
Parameters: 0.999992 -0.0013572 0.00393942 0.00136199 0.999999 -0.00116398 -0.00393734 0.00116927 0.999991 0.0457114 0.0590446 0.152148
FixedParameters: 0 0 0

#Transform 151
Transform: AffineTransform_float_3_3
Parameters: 0.999991 -0.00175303 0.00383605 0.00175833 0.999998 -0.00138991 -0.00383397 0.0013971 0.999992 0.0562976 0.00520791 0.165898
FixedParameters: 0 0 0

#Transform 152
Transform: AffineTransform_float_3_3
Parameters: 0.999991 -0.00139323 0.00414483 0.0013965 0.999998 -0.000930213 -0.00414334 0.000935461 0.999991 0.0510382 0.0669446 0.156522
FixedParameters: 0 0 0

#Transform 153
Transform: AffineTransform_float_3_3
Parameters: 0.999991 -0.00142833 0.00392748 0.00143351 0.999998 -0.00128278 -0.00392574 0.00128862 0.999991 0.0545846 0.0343419 0.161847
FixedParameters: 0 0 0

#Transform 154
Transform: AffineTransform_float_3_3
Parameters: 0.999991 -0.00127707 0.00407111 0.00128181 0.999999 -0.00101655 -0.00407013 0.00102112 0.999991 0.0425058 0.0482077 0.173102
FixedParameters: 0 0 0

#Transform 155
Transform: AffineTransform_float_3_3
Parameters: 0.999991 -0.00144793 0.0037934 0.00145252 0.999999 -0.00106263 -0.00379194 0.00106824 0.999993 0.0488827 0.0229307 0.148895
FixedParameters: 0 0 0

#Transform 156
Transform: AffineTransform_float_3_3
Parameters: 0.999991 -0.0014195 0.00384174 0.00142267 0.999998 -0.000869547 -0.00384087 0.000875966 0.999992 0.047531 0.0093004 0.16773
FixedParameters: 0 0 0

#Transform 157
Transform: AffineTransform_float_3_3
Parameters: 0.999991 -0.00121825 0.00403898 0.00122206 0.999999 -0.000849191 -0.00403766 0.000854083 0.999991 0.038867 0.0799474 0.151711
FixedParameters: 0 0 0

#Transform 158
Transform: AffineTransform_float_3_3
Parameters: 0.999991 -0.00134324 0.00396487 0.00134702 0.999998 -0.000926923 -0.00396397 0.000932639 0.999992 0.0458798 0.0278211 0.144011
FixedParameters: 0 0 0

#Transform 159
Transform: AffineTransform_float_3_3
Parameters: 0.999992 -0.00116085 0.00400518 0.00116409 0.999999 -0.000786251 -0.0040041 0.000790598 0.999992 0.0412182 0.0475621 0.162858
FixedParameters: 0 0 0

#Transform 160
Transform: AffineTransform_float_3_3
Parameters: 0.999991 -0.00140699 0.00385979 0.00141172 0.999999 -0.00106358 -0.00385842 0.00106907 0.999992 0.0539206 0.0191174 0.176422
FixedParameters: 0 0 0

#Transform 161
Transform: AffineTransform_float_3_3
Parameters: 0.999992 -0.00113477 0.00398778 0.0011384 0.999999 -0.00083925 -0.00398663 0.00084335 0.999992 0.0421283 0.0520408 0.164405
FixedParameters: 0 0 0

#Transform 162
Transform: AffineTransform_float_3_3
Parameters: 0.999992 -0.0012336 0.00392804 0.00123741 0.999999 -0.000871903 -0.00392661 0.000877095 0.999992 0.0451315 0.0181853 0.184483
FixedParameters: 0 0 0

#Transform 163
Transform: AffineTransform_float_3_3
Parameters: 0.999991 -0.0010467 0.00422484 0.00105064 0.999999 -0.000935851 -0.0042231 0.000940168 0.999991 0.0414195 0.0421215 0.15081
FixedParameters: 0 0 0

#Transform 164
Transform: AffineTransform_float_3_3
Parameters: 0.999991 -0.00127693 0.00407168 0.00128143 0.999998 -0.000989282 -0.0040708 0.000993406 0.999991 0.0394315 0.0372975 0.177207
FixedParameters: 0 0 0

#Transform 165
Transform: AffineTransform_float_3_3
Parameters: 0.999992 -0.00137167 0.00391537 0.00137628 0.999999 -0.00121429 -0.00391397 0.00121965 0.999991 0.052867 0.0318657 0.174051
FixedParameters: 0 0 0

#Transform 166
Transform: AffineTransform_float_3_3
Parameters: 0.999992 -0.000996519 0.0039003 0.00100076 0.999999 -0.000930294 -0.00389922 0.00093312 0.999992 0.0400499 0.0615573 0.149786
FixedParameters: 0 0 0

#Transform 167
Transform: AffineTransform_float_3_3
Parameters: 0.999991 -0.00164567 0.00375458 0.00165015 0.999997 -0.00124364 -0.00375244 0.00124972 0.999992 0.0491618 -0.0270721 0.148087
FixedParameters: 0 0 0

#Transform 168
Transform: AffineTransform_float_3_3
Parameters: 0.999991 -0.00153658 0.00379982 0.00154011 0.999998 -0.000921979 -0.00379861 0.000927385 0.999992 0.0488857 0.104123 0.110113
FixedParameters: 0 0 0

#Transform 169
Transform: AffineTransform_float_3_3
Parameters: 0.999991 -0.00141298 0.00415997 0.00141665 0.999998 -0.000809213 -0.00415845 0.000814676 0.999991 0.0492629 0.0653571 0.144575
FixedParameters: 0 0 0

#Transform 170
Transform: AffineTransform_float_3_3
Parameters: 0.999988 -0.00181317 0.00440241 0.00181742 0.999998 -0.000983316 -0.00439998 0.000990747 0.99999 0.0544602 0.01083 0.179783
FixedParameters: 0 0 0

#Transform 171
Transform: AffineTransform_float_3_3
Parameters: 0.99999 -0.001635 0.00429385 0.00163937 0.999998 -0.000930113 -0.00429245 0.000936534 0.99999 0.0537691 0.0422109 0.150168
FixedParameters: 0 0 0

#Transform 172
Transform: AffineTransform_float_3_3
Parameters: 0.999989 -0.00168298 0.00431824 0.00168789 0.999997 -0.00114456 -0.00431635 0.00115236 0.99999 0.0574739 -0.00329668 0.185555
FixedParameters: 0 0 0

#Transform 173
Transform: AffineTransform_float_3_3
Parameters: 0.999989 -0.00157879 0.0042592 0.00158316 0.999998 -0.000930454 -0.00425791 0.000936734 0.99999 0.049455 0.055906 0.176063
FixedParameters: 0 0 0

#Transform 174
Transform: AffineTransform_float_3_3
Parameters: 0.999989 -0.00177073 0.00436435 0.00177732 0.999997 -0.00147781 -0.00436142 0.00148564 0.999989 0.0569218 0.00328938 0.182055
FixedParameters: 0 0 0

#Transform 175
Transform: AffineTransform_float_3_3
Parameters: 0.99999 -0.0014656 0.00418182 0.00147024 0.999999 -0.00124234 -0.0041796 0.00124875 0.999991 0.0507289 0.0578518 0.187913
FixedParameters: 0 0 0

#Transform 176
Transform: AffineTransform_float_3_3
Parameters: 0.99999 -0.00175981 0.00408607 0.00176486 0.999998 -0.00138218 -0.0040835 0.00138894 0.99999 0.0592999 0.0165756 0.183757
FixedParameters: 0 0 0

#Transform 177
Transform: AffineTransform_float_3_3
Parameters: 0.999991 -0.00139068 0.00414326 0.00139394 0.999998 -0.000930215 -0.00414177 0.000935438 0.999991 0.0541165 0.0605268 0.177027
FixedParameters: 0 0 0

#Transform 178
Transform: AffineTransform_float_3_3
Parameters: 0.99999 -0.00162217 0.00427494 0.00162764 0.999997 -0.00138358 -0.00427274 0.00139071 0.99999 0.0583284 0.0196779 0.194213
FixedParameters: 0 0 0

#Transform 179
Transform: AffineTransform_float_3_3
Parameters: 0.999988 -0.00142879 0.0045387 0.00143424 0.999998 -0.00124236 -0.00453658 0.00124948 0.999989 0.0547722 0.0626887 0.16754
FixedParameters: 0 0 0

#Transform 180
Transform: AffineTransform_float_3_3
Parameters: 0.999991 -0.00137393 0.00412429 0.00137956 0.999998 -0.00128196 -0.00412268 0.00128835 0.999991 0.0584428 0.0525414 0.20535
FixedParameters: 0 0 0

#Transform 181
Transform: AffineTransform_float_3_3
Parameters: 0.999991 -0.00130157 0.00416017 0.00130742 0.999998 -0.00140076 -0.00415792 0.00140663 0.99999 0.0518223 0.0383757 0.194077
FixedParameters: 0 0 0

#Transform 182
Transform: AffineTransform_float_3_3
Parameters: 0.999991 -0.00181176 0.00400837 0.00181956 0.999997 -0.001983 -0.00400467 0.00198992 0.99999 0.0558853 -0.0236043 0.196266
FixedParameters: 0 0 0

#Transform 183
Transform: AffineTransform_float_3_3
Parameters: 0.99999 -0.00203087 0.00402752 0.00203809 0.999997 -0.00173074 -0.00402365 0.00173861 0.99999 0.054653 0.0171655 0.121818
FixedParameters: 0 0 0

#Transform 184
Transform: AffineTransform_float_3_3
Parameters: 0.999989 -0.0018011 0.00418819 0.00180759 0.999997 -0.00142043 -0.00418591 0.00142748 0.99999 0.0568983 0.110165 0.0594112
FixedParameters: 0 0 0

#Transform 185
Transform: AffineTransform_float_3_3
Parameters: 0.99999 -0.00161231 0.00426345 0.00161886 0.999998 -0.00160726 -0.00426004 0.00161381 0.99999 0.050227 0.0738528 0.102548
FixedParameters: 0 0 0

#Transform 186
Transform: AffineTransform_float_3_3
Parameters: 0.999991 -0.0016544 0.00407885 0.00166008 0.999997 -0.00146878 -0.00407628 0.0014751 0.99999 0.0523715 0.0342006 0.127575
FixedParameters: 0 0 0

#Transform 187
Transform: AffineTransform_float_3_3
Parameters: 0.99999 -0.00154396 0.00422993 0.00154962 0.999998 -0.00125097 -0.00422803 0.00125775 0.999991 0.041649 0.00444081 0.171294
FixedParameters: 0 0 0

#Transform 188
Transform: AffineTransform_float_3_3
Parameters: 0.999988 -0.00214239 0.00422233 0.00214935 0.999996 -0.00152583 -0.00421948 0.001535 0.99999 0.0544147 -0.0338872 0.152704
FixedParameters: 0 0 0

#Transform 189
Transform: AffineTransform_float_3_3
Parameters: 0.99999 -0.00217817 0.00394035 0.00218434 0.999997 -0.00146087 -0.00393683 0.00146954 0.999992 0.0572552 -0.00374552 0.174288
FixedParameters: 0 0 0
