#Insight Transform File V1.0
#Transform 0
Transform: AffineTransform_float_3_3
Parameters: 0.999999 0.000705855 -0.00061547 -0.000707175 0.999997 -0.00199725 0.000614311 0.00199809 0.999998 -0.0116589 0.0227887 0.0404121
FixedParameters: 0 0 0

#Transform 1
Transform: AffineTransform_float_3_3
Parameters: 1 0.000222988 -0.000650974 -0.000224822 0.999997 -0.00260164 0.000650053 0.00260104 0.999996 -0.00637583 0.0155624 0.0122222
FixedParameters: 0 0 0

#Transform 2
Transform: AffineTransform_float_3_3
Parameters: 1 0.000345228 -0.000447072 -0.000346096 0.999998 -0.00160666 0.000446793 0.00160695 0.999998 -0.0156297 0.0866863 -0.0262127
FixedParameters: 0 0 0

#Transform 3
Transform: AffineTransform_float_3_3
Parameters: 1 0.00052681 -0.000369959 -0.000527431 0.999998 -0.00160813 0.000369096 0.0016085 0.999998 -0.0177118 0.0258583 0.0197225
FixedParameters: 0 0 0

#Transform 4
Transform: AffineTransform_float_3_3
Parameters: 1 0.000473028 -0.0003299 -0.000473365 0.999999 -0.00137347 0.000329432 0.00137377 0.999999 -0.0172743 0.078546 -0.0224996
FixedParameters: 0 0 0

#Transform 5
Transform: AffineTransform_float_3_3
Parameters: 0.999999 0.000589454 -0.000566286 -0.000590169 0.999999 -0.00113304 0.000565781 0.0011337 0.999999 -0.0131392 0.020533 0.0217254
FixedParameters: 0 0 0

#Transform 6
Transform: AffineTransform_float_3_3
Parameters: 1 0.000463894 -0.000318694 -0.000464079 0.999999 -0.00118258 0.000318429 0.00118286 1 -0.017876 0.0630861 -0.0162003
FixedParameters: 0 0 0

#Transform 7
Transform: AffineTransform_float_3_3
Parameters: 0.999999 0.000596939 -0.000563946 -0.000597697 0.999999 -0.00117618 0.000563373 0.00117684 0.999999 -0.0131675 0.0238971 0.0322179
FixedParameters: 0 0 0

#Transform 8
Transform: AffineTransform_float_3_3
Parameters: 1 0.000557899 -0.000280652 -0.000558 0.999999 -0.00119435 0.000280151 0.00119465 1 -0.0184341 0.0423375 -0.0114189
FixedParameters: 0 0 0

#Transform 9
Transform: AffineTransform_float_3_3
Parameters: 0.999999 0.000626737 -0.000588794 -0.000627361 0.999999 -0.000996993 0.000588351 0.000996374 0.999999 -0.0127323 0.0114178 0.0376865
FixedParameters: 0 0 0

#Transform 10
Transform: AffineTransform_float_3_3
Parameters: 1 0.000584208 -0.000324354 -0.000584475 0.999999 -0.00128962 0.000323679 0.00128999 0.999999 -0.0175169 0.0394308 -0.00104443
FixedParameters: 0 0 0

#Transform 11
Transform: AffineTransform_float_3_3
Parameters: 0.999999 0.000629103 -0.000577334 -0.000628853 0.999999 -0.000997271 0.000576364 0.00099666 0.999999 -0.00594502 0.00848705 0.0474262
FixedParameters: 0 0 0

#Transform 12
Transform: AffineTransform_float_3_3
Parameters: 1 0.00042109 -0.000432654 -0.000421909 1 -0.000998512 0.000431792 0.000998877 1 -0.0157769 0.0592078 -0.0237286
FixedParameters: 0 0 0

#Transform 13
Transform: AffineTransform_float_3_3
Parameters: 0.999999 0.000557331 -0.00054131 -0.000557861 0.999999 -0.000997449 0.000541005 0.000996695 0.999999 -0.00847781 0.0355958 0.0319169
FixedParameters: 0 0 0

#Transform 14
Transform: AffineTransform_float_3_3
Parameters: 1 0.000497229 -0.000336391 -0.00049739 1 -0.00108446 0.000336144 0.00108478 1 -0.0110656 0.0697826 -0.0256863
FixedParameters: 0 0 0

#Transform 15
Transform: AffineTransform_float_3_3
Parameters: 0.999999 0.000617802 -0.000543293 -0.000617758 1 4.15368e-05 0.000543344 -4.08655e-05 1 -0.000143868 0.0704848 0.0258254
FixedParameters: 0 0 0

#Transform 16
Transform: AffineTransform_float_3_3
Parameters: 1 0.000167504 -0.000344486 -0.000167268 1 -0.000959119 0.000343622 0.000959255 1 -0.0197348 0.0523439 -0.0221868
FixedParameters: 0 0 0

#Transform 17
Transform: AffineTransform_float_3_3
Parameters: 1 0.000369777 9.77338e-05 -0.000369954 1 0.00113851 -9.69111e-05 -0.00113858 1 -0.0218595 0.0328003 0.00974269
FixedParameters: 0 0 0

#Transform 18
Transform: AffineTransform_float_3_3
Parameters: 1 0.000520135 -0.000247279 -0.000520077 1 0.000117652 0.000247401 -0.000117394 1 -0.00921143 7.63552e-05 0.0476604
FixedParameters: 0 0 0

#Transform 19
Transform: AffineTransform_float_3_3
Parameters: 1 0.000336033 1.70756e-05 -0.000336049 1 0.000471478 -1.67587e-05 -0.000471489 1 -0.0185373 0.0719419 0.0274641
FixedParameters: 0 0 0

#Transform 20
Transform: AffineTransform_float_3_3
Parameters: 1 0.000307065 -2.54431e-05 -0.000306961 1 0.00114894 2.61291e-05 -0.00114892 1 -0.017328 -0.0212061 -0.00340926
FixedParameters: 0 0 0

#Transform 21
Transform: AffineTransform_float_3_3
Parameters: 1 0.000505216 0.000514172 -0.000506796 0.999998 0.00194285 -0.00051362 -0.00194334 0.999998 -0.0210753 -0.00172706 0.0191382
FixedParameters: 0 0 0

#Transform 22
Transform: AffineTransform_float_3_3
Parameters: 1 0.000498196 0.000493328 -0.000498992 0.999998 0.00172079 -0.000492149 -0.00172037 0.999999 -0.0235159 0.0384493 -0.0162618
FixedParameters: 0 0 0

#Transform 23
Transform: AffineTransform_float_3_3
Parameters: 0.999999 0.000588054 0.000443239 -0.000589809 0.999996 0.00250482 -0.000441721 -0.0025053 0.999997 -0.015392 0.00358451 0.0190868
FixedParameters: 0 0 0

#Transform 24
Transform: AffineTransform_float_3_3
Parameters: 1 0.00041701 0.000510938 -0.000418392 0.999997 0.00231995 -0.000509582 -0.00232036 0.999997 -0.021573 0.0177956 -0.0351775
FixedParameters: 0 0 0

#Transform 25
Transform: AffineTransform_float_3_3
Parameters: 1 0.000507433 0.000307881 -0.000508253 0.999998 0.00203633 -0.000307208 -0.00203616 0.999997 -0.0114819 -0.0541246 0.0175083
FixedParameters: 0 0 0

#Transform 26
Transform: AffineTransform_float_3_3
Parameters: 1 0.000297601 0.000441433 -0.000298569 0.999998 0.00221372 -0.000440695 -0.00221397 0.999998 -0.0157913 0.0871885 -0.0443914
FixedParameters: 0 0 0

#Transform 27
Transform: AffineTransform_float_3_3
Parameters: 1 0.000289778 0.000458829 -0.000290333 0.999997 0.00265655 -0.000458413 -0.00265677 0.999997 -0.0182026 0.0616435 -0.0343064
FixedParameters: 0 0 0

#Transform 28
Transform: AffineTransform_float_3_3
Parameters: 1 0.000387552 0.000501705 -0.000388357 0.999996 0.00263901 -0.000500757 -0.00263847 0.999997 -0.0230048 0.0185076 -0.038057
FixedParameters: 0 0 0

#Transform 29
Transform: AffineTransform_float_3_3
Parameters: 1 0.000389409 0.000486047 -0.000390155 0.999996 0.00270493 -0.000485063 -0.00270527 0.999996 -0.0171308 -0.0148312 0.0177465
FixedParameters: 0 0 0

#Transform 30
Transform: AffineTransform_float_3_3
Parameters: 1 0.000412648 0.000528705 -0.000415108 0.999996 0.00280773 -0.000527834 -0.00280813 0.999996 -0.015276 0.0129045 -0.00915179
FixedParameters: 0 0 0

#Transform 31
Transform: AffineTransform_float_3_3
Parameters: 1 0.000236664 0.000493262 -0.000237471 0.999996 0.00272532 -0.000493095 -0.00272552 0.999996 -0.00678707 -0.0401216 0.0161838
FixedParameters: 0 0 0

#Transform 32
Transform: AffineTransform_float_3_3
Parameters: 1 0.000318054 0.000452364 -0.000319722 0.999996 0.00303652 -0.000451048 -0.00303678 0.999996 -0.0132148 0.0326845 0.00888863
FixedParameters: 0 0 0

#Transform 33
Transform: AffineTransform_float_3_3
Parameters: 1 0.00026172 0.00047891 -0.000263331 0.999996 0.0027594 -0.000478062 -0.00275963 0.999996 -0.012132 0.00165334 0.000275266
FixedParameters: 0 0 0

#Transform 34
Transform: AffineTransform_float_3_3
Parameters: 1 0.000323437 0.00045252 -0.000325215 0.999995 0.00315749 -0.000451093 -0.00315776 0.999995 -0.0129644 0.0224386 0.0108312
FixedParameters: 0 0 0

#Transform 35
Transform: AffineTransform_float_3_3
Parameters: 1 0.000230552 0.000425418 -0.000231801 0.999997 0.00268191 -0.000424779 -0.00268208 0.999997 -0.0115299 -0.000337148 0.014819
FixedParameters: 0 0 0

#Transform 36
Transform: AffineTransform_float_3_3
Parameters: 1 0.000278252 0.000490744 -0.000279745 0.999993 0.0035312 -0.000489937 -0.00353143 0.999993 -0.0138347 0.0450472 -0.015723
FixedParameters: 0 0 0

#Transform 37
Transform: AffineTransform_float_3_3
Parameters: 1 0.00029622 0.000469428 -0.000297265 0.999995 0.00316739 -0.000468692 -0.00316763 0.999995 -0.0113663 0.0124384 0.00447079
FixedParameters: 0 0 0

#Transform 38
Transform: AffineTransform_float_3_3
Parameters: 0.999998 0.00122955 0.00111755 -0.00123014 0.999999 0.000631892 -0.00111647 -0.000633276 0.999999 -0.0150572 0.141255 -0.0416825
FixedParameters: 0 0 0

#Transform 39
Transform: AffineTransform_float_3_3
Parameters: 0.999999 -0.000293412 0.00119557 0.000296342 0.999996 -0.00268218 -0.00119419 0.0026824 0.999996 0.0162829 0.0763368 -0.0342778
FixedParameters: 0 0 0

#Transform 40
Transform: AffineTransform_float_3_3
Parameters: 1 -0.000650201 0.000851812 0.000652236 0.999996 -0.00255016 -0.000850605 0.00254994 0.999996 0.0145945 0.0702393 0.0249288
FixedParameters: 0 0 0

#Transform 41
Transform: AffineTransform_float_3_3
Parameters: 0.999999 0.00041707 0.000699126 -0.000414877 0.999995 -0.00322763 -0.000700332 0.00322788 0.999995 -0.00900147 0.126849 -0.00163428
FixedParameters: 0 0 0

#Transform 42
Transform: AffineTransform_float_3_3
Parameters: 0.999999 -0.000129522 0.000809483 0.000132749 0.999994 -0.00352487 -0.000809331 0.00352507 0.999993 0.0011815 0.045536 0.00583572
FixedParameters: 0 0 0

#Transform 43
Transform: AffineTransform_float_3_3
Parameters: 1 0.000297098 0.000513353 -0.000294393 0.99999 -0.00463301 -0.000514738 0.00463265 0.999989 -0.0204128 0.0737788 0.0297188
FixedParameters: 0 0 0

#Transform 44
Transform: AffineTransform_float_3_3
Parameters: 0.999999 0.000383412 0.000562867 -0.000380429 0.999986 -0.0051442 -0.000564956 0.00514369 0.999986 -0.0262016 0.126577 0.00664716
FixedParameters: 0 0 0

#Transform 45
Transform: AffineTransform_float_3_3
Parameters: 1 -1.9249e-05 0.000532772 2.21471e-05 0.99999 -0.00440182 -0.000532609 0.00440137 0.999991 -0.0108185 0.0462716 0.0308919
FixedParameters: 0 0 0

#Transform 46
Transform: AffineTransform_float_3_3
Parameters: 1 0.000353894 0.000482972 -0.00035168 0.99999 -0.00446086 -0.000484744 0.00446046 0.99999 -0.0180036 0.0869637 0.0089913
FixedParameters: 0 0 0

#Transform 47
Transform: AffineTransform_float_3_3
Parameters: 1 -0.000146777 0.000305444 0.00014889 0.999989 -0.00483282 -0.000304577 0.00483291 0.999989 -0.00583507 0.00376723 0.0873038
FixedParameters: 0 0 0

#Transform 48
Transform: AffineTransform_float_3_3
Parameters: 1 0.000399548 0.000314107 -0.000397684 0.999991 -0.00418638 -0.000315721 0.00418607 0.999991 -0.012941 0.121331 0.0136298
FixedParameters: 0 0 0

#Transform 49
Transform: AffineTransform_float_3_3
Parameters: 1 0.000406349 0.000454996 -0.000404575 0.99999 -0.00429971 -0.000457088 0.00429928 0.99999 -0.020563 0.0845545 0.0146908
FixedParameters: 0 0 0

#Transform 50
Transform: AffineTransform_float_3_3
Parameters: 1 -0.000242818 1.68663e-05 0.000243043 0.999987 -0.0050695 -1.55082e-05 0.00506953 0.999987 0.00204953 0.0280876 0.0561019
FixedParameters: 0 0 0

#Transform 51
Transform: AffineTransform_float_3_3
Parameters: 1 0.000524252 0.000370761 -0.000523156 0.999989 -0.00468111 -0.000372933 0.00468063 0.999989 -0.0174158 0.102581 0.047596
FixedParameters: 0 0 0

#Transform 52
Transform: AffineTransform_float_3_3
Parameters: 1 -0.000232731 0.000133001 0.000233459 0.999986 -0.00540729 -0.000131101 0.00540735 0.999986 0.000376631 -0.00392913 0.0264885
FixedParameters: 0 0 0

#Transform 53
Transform: AffineTransform_float_3_3
Parameters: 1 0.000292929 0.000100597 -0.000292554 0.999987 -0.00498624 -0.000101846 0.00498702 0.999988 -0.0121208 0.0618761 0.0463527
FixedParameters: 0 0 0

#Transform 54
Transform: AffineTransform_float_3_3
Parameters: 1 0.000486262 0.000320875 -0.000484047 0.999987 -0.00494264 -0.000322631 0.00494225 0.999987 -0.0222072 0.132071 0.0155293
FixedParameters: 0 0 0

#Transform 55
Transform: AffineTransform_float_3_3
Parameters: 1 0.000486744 0.000306039 -0.000485773 0.999986 -0.00524242 -0.000308464 0.00524203 0.999986 -0.0175355 0.098007 0.0392918
FixedParameters: 0 0 0

#Transform 56
Transform: AffineTransform_float_3_3
Parameters: 0.999999 0.000870359 0.00015909 -0.000869097 0.999987 -0.0050841 -0.000164044 0.00508418 0.999987 -0.0359976 0.0634741 0.104914
FixedParameters: 0 0 0

#Transform 57
Transform: AffineTransform_float_3_3
Parameters: 1 0.000453139 7.42732e-05 -0.000452076 0.999982 -0.00599298 -7.72992e-05 0.00599285 0.999982 -0.0131483 0.0200721 0.0887431
FixedParameters: 0 0 0

#Transform 58
Transform: AffineTransform_float_3_3
Parameters: 0.999999 0.000716361 0.000143648 -0.000714792 0.999983 -0.00590947 -0.000148313 0.00590961 0.999983 -0.0202295 0.0820926 0.0561381
FixedParameters: 0 0 0

#Transform 59
Transform: AffineTransform_float_3_3
Parameters: 1 0.000549058 8.04136e-05 -0.000548095 0.999981 -0.00627945 -8.35495e-05 0.00627972 0.99998 -0.0154902 0.0594538 0.0495742
FixedParameters: 0 0 0

#Transform 60
Transform: AffineTransform_float_3_3
Parameters: 1 0.000192746 -5.25386e-05 -0.000192683 0.999974 -0.00711085 5.06853e-05 0.00711085 0.999974 -0.011673 0.0136832 0.09903
FixedParameters: 0 0 0

#Transform 61
Transform: AffineTransform_float_3_3
Parameters: 1 0.000650941 2.25077e-05 -0.000649924 0.999975 -0.00705409 -2.71951e-05 0.00705395 0.999975 -0.0138582 0.126046 0.0668291
FixedParameters: 0 0 0

#Transform 62
Transform: AffineTransform_float_3_3
Parameters: 0.999999 0.000717628 -7.45668e-05 -0.00071831 0.999975 -0.00705251 7.03038e-05 0.00705247 0.999975 -0.020534 0.0932082 0.0326322
FixedParameters: 0 0 0

#Transform 63
Transform: AffineTransform_float_3_3
Parameters: 0.999999 0.000871139 4.57022e-05 -0.000871323 0.999967 -0.00812345 -5.30837e-05 0.00812364 0.999967 -0.0245541 0.127092 0.0505587
FixedParameters: 0 0 0

#Transform 64
Transform: AffineTransform_float_3_3
Parameters: 0.999999 0.00148063 -0.000213667 -0.00148251 0.999934 -0.0114154 0.00019745 0.0114161 0.999935 -0.0267772 0.00467603 -0.0251048
FixedParameters: 0 0 0

#Transform 65
Transform: AffineTransform_float_3_3
Parameters: 0.999998 0.00157023 -0.000166309 -0.00157316 0.999856 -0.0168463 0.000140151 0.0168466 0.999858 -0.044585 0.190984 -0.0571103
FixedParameters: 0 0 0

#Transform 66
Transform: AffineTransform_float_3_3
Parameters: 0.999999 0.0016506 -0.000528095 -0.00165978 0.999847 -0.017409 0.000499222 0.0174096 0.999849 -0.0346393 0.106285 0.00646884
FixedParameters: 0 0 0

#Transform 67
Transform: AffineTransform_float_3_3
Parameters: 0.999998 0.00147111 -0.000710316 -0.00148404 0.999839 -0.0178791 0.000683117 0.0178802 0.99984 -0.0468247 0.119932 0.099194
FixedParameters: 0 0 0

#Transform 68
Transform: AffineTransform_float_3_3
Parameters: 0.999998 0.00131038 -0.00104127 -0.00132807 0.999849 -0.0173482 0.00101848 0.0173496 0.999849 -0.0399483 0.125385 0.113848
FixedParameters: 0 0 0

#Transform 69
Transform: AffineTransform_float_3_3
Parameters: 0.999996 0.00131824 -0.00268307 -0.00136791 0.999827 -0.0186005 0.00265785 0.0186048 0.999823 -0.0109527 0.053285 0.227232
FixedParameters: 0 0 0

#Transform 70
Transform: AffineTransform_float_3_3
Parameters: 0.999996 0.00117675 -0.00248493 -0.00122668 0.999803 -0.0197925 0.002461 0.0197956 0.999801 -0.0135865 0.17958 0.221903
FixedParameters: 0 0 0

#Transform 71
Transform: AffineTransform_float_3_3
Parameters: 0.999995 0.00121432 -0.00283704 -0.00127117 0.999795 -0.0202328 0.00281164 0.0202357 0.999791 -0.0209149 0.149906 0.257203
FixedParameters: 0 0 0

#Transform 72
Transform: AffineTransform_float_3_3
Parameters: 0.999995 0.00128826 -0.0028073 -0.00134522 0.999794 -0.02027 0.00278069 0.0202732 0.999791 -0.0254769 0.124417 0.277659
FixedParameters: 0 0 0

#Transform 73
Transform: AffineTransform_float_3_3
Parameters: 0.999994 0.00187055 -0.0029582 -0.00192352 0.999837 -0.0179603 0.00292454 0.0179662 0.999834 -0.0317568 0.0444124 0.191059
FixedParameters: 0 0 0

#Transform 74
Transform: AffineTransform_float_3_3
Parameters: 0.999995 0.00215443 -0.0024753 -0.00219432 0.999866 -0.0161839 0.00244015 0.0161897 0.999866 -0.0483114 0.0457623 0.14103
FixedParameters: 0 0 0

#Transform 75
Transform: AffineTransform_float_3_3
Parameters: 0.999995 0.00223707 -0.00212731 -0.00227129 0.999869 -0.0160479 0.00209166 0.0160519 0.999869 -0.0555348 0.191964 0.0453579
FixedParameters: 0 0 0

#Transform 76
Transform: AffineTransform_float_3_3
Parameters: 0.999995 0.00230077 -0.00225288 -0.00233721 0.999863 -0.0164352 0.00221478 0.0164415 0.999862 -0.0565544 0.161732 0.0791735
FixedParameters: 0 0 0

#Transform 77
Transform: AffineTransform_float_3_3
Parameters: 0.999994 0.0023926 -0.00233698 -0.00243148 0.999859 -0.0166351 0.00229647 0.0166408 0.999859 -0.0588452 0.147383 0.107166
FixedParameters: 0 0 0

#Transform 78
Transform: AffineTransform_float_3_3
Parameters: 0.999994 0.00249921 -0.00236357 -0.00253828 0.999852 -0.0169994 0.00232096 0.0170056 0.999853 -0.060857 0.133956 0.127735
FixedParameters: 0 0 0

#Transform 79
Transform: AffineTransform_float_3_3
Parameters: 0.999994 0.00236113 -0.00262604 -0.00240858 0.999835 -0.0179929 0.00258336 0.0179993 0.999835 -0.0606268 0.100854 0.123515
FixedParameters: 0 0 0

#Transform 80
Transform: AffineTransform_float_3_3
Parameters: 0.999993 0.00241194 -0.00287374 -0.00246524 0.999819 -0.0188255 0.00282858 0.0188321 0.999819 -0.0562944 0.0374309 0.168458
FixedParameters: 0 0 0

#Transform 81
Transform: AffineTransform_float_3_3
Parameters: 0.999993 0.00271863 -0.00259619 -0.00276398 0.99984 -0.0176749 0.00254751 0.0176825 0.99984 -0.064397 0.157716 0.122073
FixedParameters: 0 0 0

#Transform 82
Transform: AffineTransform_float_3_3
Parameters: 0.999993 0.00278217 -0.00266742 -0.00283146 0.999823 -0.018595 0.00261519 0.0186032 0.999824 -0.066057 0.153469 0.139105
FixedParameters: 0 0 0

#Transform 83
Transform: AffineTransform_float_3_3
Parameters: 0.999994 0.0019278 -0.0028774 -0.00198616 0.999787 -0.0205586 0.00283725 0.0205645 0.999785 -0.0523 0.0457684 0.12724
FixedParameters: 0 0 0

#Transform 84
Transform: AffineTransform_float_3_3
Parameters: 0.999995 0.00204487 -0.00251566 -0.00209357 0.99981 -0.0194077 0.0024752 0.0194121 0.999809 -0.0539714 0.120501 0.100812
FixedParameters: 0 0 0

#Transform 85
Transform: AffineTransform_float_3_3
Parameters: 0.999994 0.00263108 -0.00238936 -0.00267675 0.999808 -0.0194094 0.00233807 0.0194158 0.999809 -0.0692809 0.186637 0.091387
FixedParameters: 0 0 0

#Transform 86
Transform: AffineTransform_float_3_3
Parameters: 0.999993 0.00270385 -0.00249162 -0.00275147 0.999811 -0.019254 0.00243868 0.0192609 0.999812 -0.0731768 0.154641 0.139605
FixedParameters: 0 0 0

#Transform 87
Transform: AffineTransform_float_3_3
Parameters: 0.999992 0.00271274 -0.00284204 -0.00276895 0.999792 -0.0201803 0.00278682 0.0201887 0.999793 -0.0691054 0.12947 0.158455
FixedParameters: 0 0 0

#Transform 88
Transform: AffineTransform_float_3_3
Parameters: 0.99999 0.00231854 -0.00388481 -0.00240357 0.999755 -0.0220165 0.00383358 0.0220253 0.99975 -0.0530898 0.0120047 0.216833
FixedParameters: 0 0 0

#Transform 89
Transform: AffineTransform_float_3_3
Parameters: 0.999992 0.00276338 -0.00303347 -0.00282969 0.999755 -0.02194 0.00297204 0.0219488 0.999755 -0.0628917 0.152338 0.155677
FixedParameters: 0 0 0

#Transform 90
Transform: AffineTransform_float_3_3
Parameters: 0.999989 0.0036572 -0.00280475 -0.00371729 0.999754 -0.0218743 0.00272399 0.0218845 0.999757 -0.090001 0.179835 0.17225
FixedParameters: 0 0 0

#Transform 91
Transform: AffineTransform_float_3_3
Parameters: 0.999989 0.00315419 -0.00340344 -0.00322372 0.999783 -0.0205331 0.00333835 0.0205439 0.999784 -0.069713 0.0878869 0.217301
FixedParameters: 0 0 0

#Transform 92
Transform: AffineTransform_float_3_3
Parameters: 0.999987 0.00364279 -0.00348142 -0.00371398 0.999782 -0.0205361 0.00340594 0.0205482 0.999784 -0.0828814 0.146399 0.235694
FixedParameters: 0 0 0

#Transform 93
Transform: AffineTransform_float_3_3
Parameters: 0.999985 0.00422046 -0.00344544 -0.00429105 0.999778 -0.0206064 0.00335781 0.020621 0.999782 -0.0960493 0.183898 0.206897
FixedParameters: 0 0 0

#Transform 94
Transform: AffineTransform_float_3_3
Parameters: 0.999984 0.00430306 -0.00373675 -0.00437815 0.999783 -0.0203412 0.00364794 0.0203577 0.999786 -0.104302 0.144551 0.239672
FixedParameters: 0 0 0

#Transform 95
Transform: AffineTransform_float_3_3
Parameters: 0.999983 0.00451737 -0.00379434 -0.00459402 0.99978 -0.020456 0.00370182 0.0204726 0.999784 -0.104594 0.124259 0.254804
FixedParameters: 0 0 0

#Transform 96
Transform: AffineTransform_float_3_3
Parameters: 0.99998 0.00464175 -0.00423163 -0.0047288 0.99977 -0.0208904 0.0041335 0.0209094 0.999773 -0.100517 0.0573912 0.238186
FixedParameters: 0 0 0

#Transform 97
Transform: AffineTransform_float_3_3
Parameters: 0.999977 0.0048973 -0.00469729 -0.00499637 0.999761 -0.021274 0.00459182 0.0212974 0.999762 -0.103591 0.110441 0.28762
FixedParameters: 0 0 0

#Transform 98
Transform: AffineTransform_float_3_3
Parameters: 0.999977 0.00528823 -0.00437558 -0.00537887 0.999765 -0.0210135 0.00426349 0.021036 0.99977 -0.11422 0.175418 0.236485
FixedParameters: 0 0 0

#Transform 99
Transform: AffineTransform_float_3_3
Parameters: 0.999977 0.00527037 -0.0043909 -0.00536509 0.99975 -0.0217411 0.00427487 0.0217649 0.999754 -0.105728 0.156403 0.269155
FixedParameters: 0 0 0

#Transform 100
Transform: AffineTransform_float_3_3
Parameters: 0.999978 0.0050533 -0.00432319 -0.00514665 0.999744 -0.0220291 0.00421081 0.0220508 0.999748 -0.109101 0.148383 0.259833
FixedParameters: 0 0 0

#Transform 101
Transform: AffineTransform_float_3_3
Parameters: 0.999973 0.00531597 -0.00494562 -0.00542796 0.999723 -0.0228922 0.00482264 0.0229187 0.999726 -0.103913 0.0977934 0.300046
FixedParameters: 0 0 0

#Transform 102
Transform: AffineTransform_float_3_3
Parameters: 0.999974 0.00546614 -0.00483085 -0.00557351 0.999733 -0.0224498 0.00470657 0.022476 0.999737 -0.10617 0.19006 0.28165
FixedParameters: 0 0 0

#Transform 103
Transform: AffineTransform_float_3_3
Parameters: 0.999973 0.00501927 -0.00538195 -0.00514732 0.999694 -0.0242113 0.00525845 0.0242383 0.999693 -0.0901033 0.10974 0.284658
FixedParameters: 0 0 0

#Transform 104
Transform: AffineTransform_float_3_3
Parameters: 0.999971 0.00510647 -0.0055834 -0.00523967 0.999695 -0.0241292 0.00545876 0.0241579 0.999693 -0.0962672 0.144998 0.329333
FixedParameters: 0 0 0

#Transform 105
Transform: AffineTransform_float_3_3
Parameters: 0.999972 0.00536843 -0.00524423 -0.0054914 0.999702 -0.0237821 0.0051147 0.0238102 0.999703 -0.101482 0.20739 0.282887
FixedParameters: 0 0 0

#Transform 106
Transform: AffineTransform_float_3_3
Parameters: 0.999972 0.00544219 -0.00514536 -0.0055632 0.999702 -0.0238126 0.0050136 0.0238407 0.999704 -0.103261 0.162728 0.312775
FixedParameters: 0 0 0

#Transform 107
Transform: AffineTransform_float_3_3
Parameters: 0.999971 0.00529886 -0.00555746 -0.00543222 0.999691 -0.0242404 0.00542724 0.0242699 0.999691 -0.0996916 0.140523 0.339733
FixedParameters: 0 0 0

#Transform 108
Transform: AffineTransform_float_3_3
Parameters: 0.999971 0.00527726 -0.00557711 -0.00541226 0.999685 -0.0245009 0.00544618 0.0245303 0.999684 -0.102405 0.1273 0.361942
FixedParameters: 0 0 0

#Transform 109
Transform: AffineTransform_float_3_3
Parameters: 0.999968 0.00554439 -0.00577323 -0.00568887 0.999663 -0.0253113 0.00563081 0.0253431 0.999663 -0.0981612 0.0769211 0.35394
FixedParameters: 0 0 0

#Transform 110
Transform: AffineTransform_float_3_3
Parameters: 0.999967 0.00554759 -0.00594727 -0.0056926 0.999679 -0.0246579 0.00580906 0.0246913 0.999678 -0.101374 0.104057 0.395629
FixedParameters: 0 0 0

#Transform 111
Transform: AffineTransform_float_3_3
Parameters: 0.999967 0.00584518 -0.00569491 -0.00598209 0.999688 -0.0242657 0.00555229 0.0242984 0.99969 -0.105457 0.208918 0.335767
FixedParameters: 0 0 0

#Transform 112
Transform: AffineTransform_float_3_3
Parameters: 0.999967 0.00559236 -0.00596316 -0.00573805 0.999677 -0.0247487 0.00582335 0.0247828 0.999676 -0.0995107 0.1213 0.33681
FixedParameters: 0 0 0

#Transform 113
Transform: AffineTransform_float_3_3
Parameters: 0.999965 0.00589536 -0.00600007 -0.00603718 0.999695 -0.0239409 0.00585607 0.0239762 0.999695 -0.103386 0.186377 0.341616
FixedParameters: 0 0 0

#Transform 114
Transform: AffineTransform_float_3_3
Parameters: 0.999965 0.0059494 -0.0058939 -0.00608794 0.9997 -0.0237424 0.00575112 0.0237775 0.999701 -0.106963 0.202661 0.3277
FixedParameters: 0 0 0

#Transform 115
Transform: AffineTransform_float_3_3
Parameters: 0.999965 0.00588223 -0.00601572 -0.00602364 0.999701 -0.0237024 0.00587497 0.0237377 0.999701 -0.0988212 0.138014 0.346464
FixedParameters: 0 0 0

#Transform 116
Transform: AffineTransform_float_3_3
Parameters: 0.999964 0.00618682 -0.00580794 -0.00632256 0.999704 -0.0235201 0.0056603 0.0235553 0.999707 -0.117568 0.166904 0.401518
FixedParameters: 0 0 0

#Transform 117
Transform: AffineTransform_float_3_3
Parameters: 0.999965 0.00581317 -0.00594434 -0.00595064 0.99971 -0.0233525 0.00580613 0.0233871 0.99971 -0.108061 0.0952467 0.368518
FixedParameters: 0 0 0

#Transform 118
Transform: AffineTransform_float_3_3
Parameters: 0.999965 0.00594794 -0.00582837 -0.00607829 0.999728 -0.0225313 0.00569265 0.0225665 0.99973 -0.108012 0.148361 0.372445
FixedParameters: 0 0 0

#Transform 119
Transform: AffineTransform_float_3_3
Parameters: 0.999966 0.00600043 -0.00566226 -0.00612818 0.99972 -0.0228752 0.00552321 0.0229084 0.999723 -0.112495 0.157535 0.342225
FixedParameters: 0 0 0

#Transform 120
Transform: AffineTransform_float_3_3
Parameters: 0.999964 0.0060399 -0.00589493 -0.00617431 0.999713 -0.0231145 0.00575387 0.0231506 0.999716 -0.106501 0.125095 0.376508
FixedParameters: 0 0 0

#Transform 121
Transform: AffineTransform_float_3_3
Parameters: 0.999964 0.00621577 -0.00581313 -0.00634917 0.999712 -0.0231702 0.00566704 0.0232063 0.999715 -0.107569 0.18083 0.365031
FixedParameters: 0 0 0

#Transform 122
Transform: AffineTransform_float_3_3
Parameters: 0.999963 0.00631787 -0.00590089 -0.00645691 0.999698 -0.0237248 0.00574939 0.0237622 0.999701 -0.110058 0.129949 0.377905
FixedParameters: 0 0 0

#Transform 123
Transform: AffineTransform_float_3_3
Parameters: 0.999962 0.00637572 -0.0059197 -0.0065113 0.999709 -0.023245 0.00576884 0.0232829 0.999713 -0.116052 0.170782 0.368093
FixedParameters: 0 0 0

#Transform 124
Transform: AffineTransform_float_3_3
Parameters: 0.999961 0.00643169 -0.0061275 -0.0065745 0.999699 -0.023637 0.0059738 0.023676 0.999702 -0.108262 0.128477 0.36142
FixedParameters: 0 0 0

#Transform 125
Transform: AffineTransform_float_3_3
Parameters: 0.99996 0.00661328 -0.00607973 -0.00675371 0.999703 -0.0233998 0.00592235 0.0234398 0.999707 -0.118506 0.18035 0.376972
FixedParameters: 0 0 0

#Transform 126
Transform: AffineTransform_float_3_3
Parameters: 0.99996 0.00640442 -0.00633553 -0.00654972 0.999707 -0.0233122 0.00618391 0.0233528 0.999708 -0.109995 0.135766 0.365444
FixedParameters: 0 0 0

#Transform 127
Transform: AffineTransform_float_3_3
Parameters: 0.99996 0.00650952 -0.00621683 -0.0066519 0.999709 -0.0231697 0.00606493 0.0232095 0.999712 -0.119167 0.193575 0.388826
FixedParameters: 0 0 0

#Transform 128
Transform: AffineTransform_float_3_3
Parameters: 0.99996 0.00648922 -0.00624035 -0.00663182 0.999712 -0.0230714 0.00608851 0.0231122 0.999714 -0.112106 0.155131 0.364656
FixedParameters: 0 0 0

#Transform 129
Transform: AffineTransform_float_3_3
Parameters: 0.999961 0.00654493 -0.0059611 -0.00667224 0.999746 -0.0215052 0.00581852 0.0215448 0.999751 -0.125322 0.112278 0.338338
FixedParameters: 0 0 0

#Transform 130
Transform: AffineTransform_float_3_3
Parameters: 0.999961 0.00674401 -0.00562294 -0.00685746 0.999768 -0.0204448 0.00548352 0.0204825 0.999776 -0.137579 0.196386 0.323052
FixedParameters: 0 0 0

#Transform 131
Transform: AffineTransform_float_3_3
Parameters: 0.999963 0.00642772 -0.00587025 -0.00655065 0.999754 -0.0212082 0.00573255 0.0212453 0.999758 -0.126301 0.103203 0.367868
FixedParameters: 0 0 0

#Transform 132
Transform: AffineTransform_float_3_3
Parameters: 0.999962 0.00669401 -0.00569871 -0.00681102 0.99976 -0.0208012 0.00555782 0.0208389 0.999767 -0.127841 0.191338 0.351692
FixedParameters: 0 0 0

#Transform 133
Transform: AffineTransform_float_3_3
Parameters: 0.99996 0.00696792 -0.00574525 -0.00709021 0.99974 -0.0216387 0.00559282 0.0216785 0.99975 -0.125121 0.191255 0.344987
FixedParameters: 0 0 0

#Transform 134
Transform: AffineTransform_float_3_3
Parameters: 0.999958 0.00695852 -0.00590625 -0.00708722 0.99973 -0.0221293 0.00575047 0.02217 0.999738 -0.123249 0.165101 0.364705
FixedParameters: 0 0 0

#Transform 135
Transform: AffineTransform_float_3_3
Parameters: 0.999958 0.00694191 -0.00592685 -0.00707621 0.999712 -0.022921 0.00576619 0.0229617 0.99972 -0.119055 0.119357 0.380272
FixedParameters: 0 0 0

#Transform 136
Transform: AffineTransform_float_3_3
Parameters: 0.999957 0.00694947 -0.00610409 -0.00708741 0.999716 -0.0227889 0.00594416 0.0228309 0.999722 -0.121994 0.133383 0.408962
FixedParameters: 0 0 0

#Transform 137
Transform: AffineTransform_float_3_3
Parameters: 0.999955 0.00719879 -0.00608887 -0.00733612 0.999713 -0.0228126 0.00592306 0.0228558 0.999721 -0.124052 0.180251 0.356184
FixedParameters: 0 0 0

#Transform 138
Transform: AffineTransform_float_3_3
Parameters: 0.999955 0.00696299 -0.0063909 -0.00711037 0.999704 -0.0232751 0.0062267 0.0233205 0.999709 -0.122068 0.131036 0.401999
FixedParameters: 0 0 0

#Transform 139
Transform: AffineTransform_float_3_3
Parameters: 0.999955 0.00736159 -0.00612133 -0.00749982 0.999709 -0.0229248 0.00595112 0.0229695 0.999719 -0.124812 0.212285 0.37574
FixedParameters: 0 0 0

#Transform 140
Transform: AffineTransform_float_3_3
Parameters: 0.999955 0.00718773 -0.00611591 -0.00733054 0.999693 -0.0236681 0.00594395 0.0237116 0.999701 -0.121677 0.129708 0.398401
FixedParameters: 0 0 0

#Transform 141
Transform: AffineTransform_float_3_3
Parameters: 0.999955 0.00731447 -0.00618314 -0.00745637 0.999701 -0.0232945 0.00601089 0.0233404 0.99971 -0.122889 0.202826 0.401303
FixedParameters: 0 0 0

#Transform 142
Transform: AffineTransform_float_3_3
Parameters: 0.999954 0.00733811 -0.00623195 -0.00748672 0.999681 -0.0241284 0.00605333 0.0241735 0.999689 -0.111972 0.164726 0.426
FixedParameters: 0 0 0

#Transform 143
Transform: AffineTransform_float_3_3
Parameters: 0.999955 0.00732395 -0.00602491 -0.00746966 0.999669 -0.0246085 0.0058422 0.0246528 0.999679 -0.105682 0.184907 0.450547
FixedParameters: 0 0 0

#Transform 144
Transform: AffineTransform_float_3_3
Parameters: 0.999956 0.0073074 -0.00580913 -0.0074551 0.999642 -0.0257195 0.00561936 0.025762 0.999652 -0.101534 0.169768 0.478623
FixedParameters: 0 0 0

#Transform 145
Transform: AffineTransform_float_3_3
Parameters: 0.999957 0.00711873 -0.0059632 -0.00727233 0.999634 -0.0260483 0.00577577 0.0260898 0.999643 -0.0998534 0.104896 0.505114
FixedParameters: 0 0 0

#Transform 146
Transform: AffineTransform_float_3_3
Parameters: 0.999956 0.00713391 -0.00614038 -0.00728638 0.999657 -0.0251545 0.00595915 0.0251983 0.999665 -0.104825 0.167206 0.513726
FixedParameters: 0 0 0

#Transform 147
Transform: AffineTransform_float_3_3
Parameters: 0.999959 0.00713776 -0.00569657 -0.00727728 0.999663 -0.0249172 0.00551702 0.0249573 0.999673 -0.117508 0.195546 0.508889
FixedParameters: 0 0 0

#Transform 148
Transform: AffineTransform_float_3_3
Parameters: 0.999958 0.00726316 -0.00560731 -0.00740102 0.999659 -0.0250628 0.00542261 0.0251033 0.99967 -0.108739 0.208259 0.512008
FixedParameters: 0 0 0

#Transform 149
Transform: AffineTransform_float_3_3
Parameters: 0.999958 0.00727688 -0.00559783 -0.00741653 0.999655 -0.0251702 0.00541268 0.0252107 0.999667 -0.101134 0.185431 0.515052
FixedParameters: 0 0 0

#Transform 150
Transform: AffineTransform_float_3_3
Parameters: 0.999955 0.00725978 -0.0060192 -0.0074099 0.999652 -0.0252994 0.0058333 0.0253424 0.999662 -0.102611 0.109824 0.503537
FixedParameters: 0 0 0

#Transform 151
Transform: AffineTransform_float_3_3
Parameters: 0.999953 0.0074038 -0.00621208 -0.0075585 0.999652 -0.0252707 0.00602325 0.0253174 0.999661 -0.105876 0.168885 0.536131
FixedParameters: 0 0 0

#Transform 152
Transform: AffineTransform_float_3_3
Parameters: 0.999953 0.00750092 -0.00608591 -0.00764931 0.999663 -0.0248074 0.00589689 0.0248529 0.999674 -0.104207 0.215619 0.488307
FixedParameters: 0 0 0

#Transform 153
Transform: AffineTransform_float_3_3
Parameters: 0.999952 0.00750768 -0.00624801 -0.00766527 0.999646 -0.0254911 0.0060543 0.0255377 0.999655 -0.102439 0.129415 0.503513
FixedParameters: 0 0 0

#Transform 154
Transform: AffineTransform_float_3_3
Parameters: 0.999951 0.00767903 -0.00619417 -0.00783303 0.999651 -0.025239 0.00599826 0.0252864 0.999663 -0.105779 0.205895 0.494737
FixedParameters: 0 0 0

#Transform 155
Transform: AffineTransform_float_3_3
Parameters: 0.999952 0.00775092 -0.00590878 -0.00790039 0.999638 -0.0257326 0.00570684 0.0257784 0.999651 -0.10216 0.189335 0.501653
FixedParameters: 0 0 0

#Transform 156
Transform: AffineTransform_float_3_3
Parameters: 0.999953 0.00758025 -0.00604883 -0.00773474 0.999636 -0.0258627 0.00584999 0.0259088 0.999648 -0.0972502 0.148725 0.532
FixedParameters: 0 0 0

#Transform 157
Transform: AffineTransform_float_3_3
Parameters: 0.999952 0.00770549 -0.00601351 -0.0078613 0.999622 -0.0263663 0.00580705 0.0264127 0.999635 -0.0962443 0.172114 0.500252
FixedParameters: 0 0 0

#Transform 158
Transform: AffineTransform_float_3_3
Parameters: 0.999952 0.0076962 -0.0059798 -0.00784899 0.999631 -0.0260081 0.00577766 0.0260538 0.999644 -0.0996869 0.158817 0.533695
FixedParameters: 0 0 0

#Transform 159
Transform: AffineTransform_float_3_3
Parameters: 0.999953 0.00776676 -0.00593874 -0.00791967 0.999625 -0.026217 0.00573315 0.0262633 0.999639 -0.097414 0.180313 0.543555
FixedParameters: 0 0 0

#Transform 160
Transform: AffineTransform_float_3_3
Parameters: 0.999952 0.00768567 -0.00607985 -0.00784309 0.999624 -0.0262591 0.00587561 0.0263063 0.999636 -0.0963268 0.139422 0.531343
FixedParameters: 0 0 0

#Transform 161
Transform: AffineTransform_float_3_3
Parameters: 0.999953 0.00779426 -0.00587747 -0.00794535 0.999628 -0.0260907 0.00567191 0.0261359 0.999642 -0.0971036 0.203087 0.498979
FixedParameters: 0 0 0

#Transform 162
Transform: AffineTransform_float_3_3
Parameters: 0.999951 0.00779611 -0.00602271 -0.00794993 0.999629 -0.0260487 0.00581722 0.0260954 0.999642 -0.096036 0.159442 0.533536
FixedParameters: 0 0 0

#Transform 163
Transform: AffineTransform_float_3_3
Parameters: 0.999951 0.00785525 -0.00594272 -0.00800839 0.999629 -0.0260116 0.00573603 0.0260581 0.999644 -0.0954288 0.201318 0.500695
FixedParameters: 0 0 0

#Transform 164
Transform: AffineTransform_float_3_3
Parameters: 0.999953 0.00772132 -0.00600091 -0.0078755 0.999626 -0.0261836 0.00579716 0.02623 0.999639 -0.0968217 0.164702 0.533945
FixedParameters: 0 0 0

#Transform 165
Transform: AffineTransform_float_3_3
Parameters: 0.999951 0.00779259 -0.0060489 -0.00794995 0.999618 -0.0264561 0.00584027 0.0265031 0.999632 -0.0920269 0.200376 0.511726
FixedParameters: 0 0 0

#Transform 166
Transform: AffineTransform_float_3_3
Parameters: 0.999952 0.00777442 -0.00594064 -0.00792907 0.999622 -0.0263475 0.00573386 0.026393 0.999635 -0.0979652 0.169792 0.55922
FixedParameters: 0 0 0

#Transform 167
Transform: AffineTransform_float_3_3
Parameters: 0.999953 0.00781337 -0.00587077 -0.00796728 0.99961 -0.0267673 0.00565906 0.0268125 0.999624 -0.098578 0.181266 0.529046
FixedParameters: 0 0 0

#Transform 168
Transform: AffineTransform_float_3_3
Parameters: 0.999952 0.00784627 -0.00588745 -0.00799821 0.99962 -0.0263838 0.0056786 0.0264296 0.999635 -0.0979679 0.190417 0.560579
FixedParameters: 0 0 0

#Transform 169
Transform: AffineTransform_float_3_3
Parameters: 0.99995 0.00806723 -0.00580049 -0.00821852 0.999614 -0.0265455 0.00558469 0.0265923 0.99963 -0.0978461 0.185626 0.528943
FixedParameters: 0 0 0

#Transform 170
Transform: AffineTransform_float_3_3
Parameters: 0.999952 0.00794616 -0.00585777 -0.00809936 0.999615 -0.0265186 0.00564466 0.0265642 0.999631 -0.100708 0.184227 0.550753
FixedParameters: 0 0 0

#Transform 171
Transform: AffineTransform_float_3_3
Parameters: 0.999949 0.00801404 -0.00620007 -0.00818116 0.999592 -0.0273773 0.005979 0.0274264 0.999606 -0.09211 0.13418 0.532538
FixedParameters: 0 0 0

#Transform 172
Transform: AffineTransform_float_3_3
Parameters: 0.999948 0.00799108 -0.00625536 -0.00815752 0.9996 -0.02708 0.00603553 0.0271294 0.999614 -0.0974735 0.166187 0.555362
FixedParameters: 0 0 0

#Transform 173
Transform: AffineTransform_float_3_3
Parameters: 0.999948 0.00824509 -0.00600207 -0.00840376 0.999604 -0.0268524 0.00577791 0.0269013 0.999621 -0.101082 0.227382 0.543481
FixedParameters: 0 0 0

#Transform 174
Transform: AffineTransform_float_3_3
Parameters: 0.999949 0.00809979 -0.00608662 -0.00826128 0.999602 -0.0270035 0.00586552 0.0270527 0.999617 -0.100482 0.161961 0.547273
FixedParameters: 0 0 0

#Transform 175
Transform: AffineTransform_float_3_3
Parameters: 0.999947 0.00819105 -0.00619218 -0.00835485 0.999599 -0.0270448 0.0059677 0.0270954 0.999615 -0.100731 0.202178 0.555681
FixedParameters: 0 0 0

#Transform 176
Transform: AffineTransform_float_3_3
Parameters: 0.99995 0.00797696 -0.00605816 -0.00813918 0.999597 -0.0271887 0.00583839 0.0272373 0.999612 -0.0996207 0.152479 0.576692
FixedParameters: 0 0 0

#Transform 177
Transform: AffineTransform_float_3_3
Parameters: 0.999949 0.00809518 -0.00595966 -0.00825222 0.999604 -0.0269246 0.00573878 0.026972 0.999619 -0.101526 0.205276 0.565583
FixedParameters: 0 0 0

#Transform 178
Transform: AffineTransform_float_3_3
Parameters: 0.999951 0.00795619 -0.00592429 -0.00811661 0.999586 -0.0275812 0.00570248 0.0276277 0.999602 -0.0987391 0.147125 0.583352
FixedParameters: 0 0 0

#Transform 179
Transform: AffineTransform_float_3_3
Parameters: 0.99995 0.00805027 -0.00582956 -0.00820961 0.999579 -0.0278239 0.00560316 0.0278703 0.999596 -0.103694 0.196452 0.577668
FixedParameters: 0 0 0

#Transform 180
Transform: AffineTransform_float_3_3
Parameters: 0.999952 0.00792563 -0.00588662 -0.00808786 0.999572 -0.0280875 0.00566201 0.028133 0.999588 -0.100673 0.139379 0.620537
FixedParameters: 0 0 0

#Transform 181
Transform: AffineTransform_float_3_3
Parameters: 0.999954 0.00783026 -0.00557275 -0.00798196 0.999586 -0.0276366 0.00535416 0.0276796 0.999603 -0.107 0.178947 0.661797
FixedParameters: 0 0 0

#Transform 182
Transform: AffineTransform_float_3_3
Parameters: 0.999968 0.0062691 -0.00494057 -0.00640481 0.999586 -0.0280594 0.00476287 0.0280899 0.999594 -0.0848018 0.00767934 0.236856
FixedParameters: 0 0 0

#Transform 183
Transform: AffineTransform_float_3_3
Parameters: 0.999974 0.00595972 -0.0041121 -0.00608244 0.999512 -0.0306596 0.00392721 0.0306835 0.999521 -0.100157 0.144779 0.163099
FixedParameters: 0 0 0

#Transform 184
Transform: AffineTransform_float_3_3
Parameters: 0.999968 0.00683169 -0.00427445 -0.00695606 0.999529 -0.029888 0.00406799 0.0299169 0.999544 -0.119645 0.209792 0.210986
FixedParameters: 0 0 0

#Transform 185
Transform: AffineTransform_float_3_3
Parameters: 0.99996 0.00771467 -0.00461881 -0.00785287 0.999497 -0.030756 0.00437849 0.0307911 0.999517 -0.130485 0.181665 0.252612
FixedParameters: 0 0 0

#Transform 186
Transform: AffineTransform_float_3_3
Parameters: 0.999958 0.00787555 -0.00475683 -0.0080211 0.999473 -0.031468 0.00450704 0.0315047 0.999494 -0.134208 0.145675 0.286648
FixedParameters: 0 0 0

#Transform 187
Transform: AffineTransform_float_3_3
Parameters: 0.999956 0.00796788 -0.00488719 -0.00812086 0.999452 -0.0320931 0.004628 0.0321312 0.999473 -0.134121 0.125129 0.316315
FixedParameters: 0 0 0

#Transform 188
Transform: AffineTransform_float_3_3
Parameters: 0.999956 0.00783496 -0.0050229 -0.00799271 0.999447 -0.032285 0.0047666 0.0323237 0.999466 -0.142571 0.112157 0.343735
FixedParameters: 0 0 0

#Transform 189
Transform: AffineTransform_float_3_3
Parameters: 0.999958 0.00767356 -0.005124 -0.00783858 0.999424 -0.0330116 0.00486747 0.0330509 0.999442 -0.127079 0.0879939 0.357273
FixedParameters: 0 0 0
