#Insight Transform File V1.0
#Transform 0
Transform: AffineTransform_float_3_3
Parameters: 0.999999 -0.000752633 -0.000212726 0.0007528 0.999996 -0.00274574 0.000214948 0.00274604 0.999996 0.0168587 -0.00136465 0.0797216
FixedParameters: 0 0 0

#Transform 1
Transform: AffineTransform_float_3_3
Parameters: 1 -0.000512373 0.000234272 0.000513093 0.999997 -0.00248011 -0.000232721 0.00248034 0.999997 0.000614587 -0.0150995 0.0618083
FixedParameters: 0 0 0

#Transform 2
Transform: AffineTransform_float_3_3
Parameters: 1 -0.000639636 0.000300577 0.000640128 0.999997 -0.00230101 -0.000299517 0.00230139 0.999998 0.0037077 0.0188236 0.0475372
FixedParameters: 0 0 0

#Transform 3
Transform: AffineTransform_float_3_3
Parameters: 0.999999 -0.000661689 0.000409949 0.000662338 0.999998 -0.00188272 -0.000409308 0.00188325 0.999998 -0.0101491 0.0121098 0.0457792
FixedParameters: 0 0 0

#Transform 4
Transform: AffineTransform_float_3_3
Parameters: 1 -0.000595374 0.000396301 0.000596347 0.999998 -0.00178882 -0.000395128 0.00178928 0.999999 -0.0075093 0.00733833 0.0356412
FixedParameters: 0 0 0

#Transform 5
Transform: AffineTransform_float_3_3
Parameters: 0.999999 -0.00037513 0.000621488 0.000375958 0.999999 -0.00174194 -0.000620689 0.00174238 0.999999 -0.0107309 0.0018594 0.0163668
FixedParameters: 0 0 0

#Transform 6
Transform: AffineTransform_float_3_3
Parameters: 0.999999 -0.00080017 0.000250629 0.00080047 0.999998 -0.00149311 -0.000249165 0.0014935 0.999999 -0.00914801 0.0177991 0.00284097
FixedParameters: 0 0 0

#Transform 7
Transform: AffineTransform_float_3_3
Parameters: 0.999999 -0.000736077 0.000228924 0.000736281 0.999998 -0.00142416 -0.000227752 0.00142449 0.999999 -0.00205799 0.0178232 0.00570579
FixedParameters: 0 0 0

#Transform 8
Transform: AffineTransform_float_3_3
Parameters: 1 -0.000662704 0.000177113 0.000662764 0.999999 -0.00143434 -0.000176138 0.00143457 0.999999 -0.00697228 0.0164889 0.00647248
FixedParameters: 0 0 0

#Transform 9
Transform: AffineTransform_float_3_3
Parameters: 1 -0.000675488 0.000171039 0.000675498 0.999999 -0.00134011 -0.000170154 0.00134033 0.999999 -0.00701889 0.00912143 0.00877056
FixedParameters: 0 0 0

#Transform 10
Transform: AffineTransform_float_3_3
Parameters: 1 8.68397e-05 0.000220052 -8.61479e-05 0.999999 -0.00156211 -0.000220356 0.00156207 0.999999 -0.0140375 0.0373513 0.0142362
FixedParameters: 0 0 0

#Transform 11
Transform: AffineTransform_float_3_3
Parameters: 1 -0.00037644 -5.68393e-07 0.000376441 0.999999 -0.00146091 1.63484e-06 0.00146091 0.999999 -0.00214012 0.0263272 0.0201359
FixedParameters: 0 0 0

#Transform 12
Transform: AffineTransform_float_3_3
Parameters: 1 -0.0004596 -0.00012376 0.000460168 1 -0.0012885 0.000124476 0.001289 0.999999 -0.000202943 0.0160689 0.0231491
FixedParameters: 0 0 0

#Transform 13
Transform: AffineTransform_float_3_3
Parameters: 1 -0.000433313 7.05986e-05 0.000433461 1 -0.00103 -6.97392e-05 0.00103006 1 -0.0113494 0.00931132 0.021815
FixedParameters: 0 0 0

#Transform 14
Transform: AffineTransform_float_3_3
Parameters: 1 -0.00041318 7.77553e-05 0.000412899 1 -0.000978753 -7.78477e-05 0.000978007 0.999999 -0.0112447 0.0173534 0.0219323
FixedParameters: 0 0 0

#Transform 15
Transform: AffineTransform_float_3_3
Parameters: 1 0.000256213 -0.000294532 -0.000256406 1 -0.0010988 0.000294827 0.00109896 1 0.00684453 0.0201292 0.0276669
FixedParameters: 0 0 0

#Transform 16
Transform: AffineTransform_float_3_3
Parameters: 1 0.000418064 0.000172758 -0.000418609 1 -0.000992551 -0.000173172 0.000992391 1 -0.00872505 0.0242311 0.0106837
FixedParameters: 0 0 0

#Transform 17
Transform: AffineTransform_float_3_3
Parameters: 1 0.000371451 5.6504e-05 -0.000371325 1 -0.0010735 -5.73348e-05 0.00107345 1 0.000528568 0.0259421 0.0187745
FixedParameters: 0 0 0

#Transform 18
Transform: AffineTransform_float_3_3
Parameters: 1 -0.000389456 -1.49277e-05 0.000389443 1 -0.000979003 1.56816e-05 0.000978187 0.999999 -0.00729111 0.0202673 0.0167836
FixedParameters: 0 0 0

#Transform 19
Transform: AffineTransform_float_3_3
Parameters: 1 -0.000428603 2.95262e-05 0.000428677 1 -0.000978415 -2.86961e-05 0.000977635 0.999999 -0.0081415 0.0261819 0.00997884
FixedParameters: 0 0 0

#Transform 20
Transform: AffineTransform_float_3_3
Parameters: 1 -0.000384554 1.48763e-06 0.000385448 0.999999 -0.000769663 -1.34511e-06 0.00076968 0.999999 -0.00232621 0.0138856 0.0204994
FixedParameters: 0 0 0

#Transform 21
Transform: AffineTransform_float_3_3
Parameters: 1 -0.000372856 -1.83119e-05 0.000373718 0.999999 -0.000813835 1.84693e-05 0.000813837 0.999999 -0.0018266 0.00316684 0.0177068
FixedParameters: 0 0 0

#Transform 22
Transform: AffineTransform_float_3_3
Parameters: 1 0.000281634 -0.000376347 -0.000282269 0.999999 -0.000845006 0.000375871 0.000845218 0.999999 0.00871988 0.0200206 0.0186353
FixedParameters: 0 0 0

#Transform 23
Transform: AffineTransform_float_3_3
Parameters: 1 0.00013541 -0.000482523 -0.000136197 0.999999 -0.000815394 0.000482302 0.000815525 0.999999 0.00996478 0.00418925 0.0267694
FixedParameters: 0 0 0

#Transform 24
Transform: AffineTransform_float_3_3
Parameters: 1 -0.00018241 0.000192754 0.000182069 0.999999 0.000882837 -0.000193076 -0.000882767 0.999999 -0.00999366 -0.0232993 -0.00955041
FixedParameters: 0 0 0

#Transform 25
Transform: AffineTransform_float_3_3
Parameters: 1 0.000424343 0.000264087 -0.000424733 1 0.000723179 -0.000263458 -0.000722809 0.999999 -0.0030805 -0.0188357 -0.00739011
FixedParameters: 0 0 0

#Transform 26
Transform: AffineTransform_float_3_3
Parameters: 1 0.000233312 -0.000510575 -0.000233779 0.999999 0.000849506 0.000510515 -0.000849883 0.999999 0.00498829 -0.0179586 -0.00830394
FixedParameters: 0 0 0

#Transform 27
Transform: AffineTransform_float_3_3
Parameters: 1 0.000389709 0.000188659 -0.000390068 1 0.000940975 -0.000187944 -0.000940527 1 -0.00417864 -0.0258726 -0.0145367
FixedParameters: 0 0 0

#Transform 28
Transform: AffineTransform_float_3_3
Parameters: 1 0.000617118 0.000232309 -0.000617468 0.999999 0.000755193 -0.000231376 -0.000755479 0.999999 -0.00109481 -0.0255707 -0.0240375
FixedParameters: 0 0 0

#Transform 29
Transform: AffineTransform_float_3_3
Parameters: 1 0.000371 0.000147836 -0.000371309 1 0.0010596 -0.000147083 -0.00105971 1 -0.000817944 -0.0253137 -0.019236
FixedParameters: 0 0 0

#Transform 30
Transform: AffineTransform_float_3_3
Parameters: 1 0.0004959 0.000135398 -0.000496581 0.999999 0.00085249 -0.000135445 -0.00085263 0.999999 -0.000243921 -0.00459392 -0.0012508
FixedParameters: 0 0 0

#Transform 31
Transform: AffineTransform_float_3_3
Parameters: 1 0.00022166 -0.000451084 -0.000220711 1 0.00104742 0.000451514 -0.00104722 1 0.00426199 -0.0164657 -0.00900454
FixedParameters: 0 0 0

#Transform 32
Transform: AffineTransform_float_3_3
Parameters: 1 0.000474951 -0.000373462 -0.000474743 1 0.00085967 0.000373378 -0.000860125 0.999999 0.00156156 -0.010465 -0.0019139
FixedParameters: 0 0 0

#Transform 33
Transform: AffineTransform_float_3_3
Parameters: 0.999999 0.000576644 -0.000449743 -0.00057663 0.999999 0.000517549 0.000449448 -0.000517036 1 0.012008 -0.0077145 -0.00738309
FixedParameters: 0 0 0

#Transform 34
Transform: AffineTransform_float_3_3
Parameters: 1 0.000621523 0.000239579 -0.000622359 0.999999 0.000804099 -0.000239471 -0.000804402 0.999999 -0.00167573 -0.00907383 -0.00221087
FixedParameters: 0 0 0

#Transform 35
Transform: AffineTransform_float_3_3
Parameters: 1 0.000540668 0.00018065 -0.000541518 0.999999 0.00111766 -0.000180366 -0.00111786 1 -0.00807011 -0.0152622 -0.0183912
FixedParameters: 0 0 0

#Transform 36
Transform: AffineTransform_float_3_3
Parameters: 1 0.000428194 1.10198e-05 -0.000428218 0.999999 0.001318 -9.92449e-06 -0.00131801 0.999999 0.00215477 -0.016534 -0.0149684
FixedParameters: 0 0 0

#Transform 37
Transform: AffineTransform_float_3_3
Parameters: 1 0.000466242 -0.000108363 -0.000465941 0.999999 0.00136266 0.0001096 -0.00136256 0.999999 0.000177384 -0.0113362 -0.0179323
FixedParameters: 0 0 0

#Transform 38
Transform: AffineTransform_float_3_3
Parameters: 0.999999 0.000560472 -0.000598645 -0.000560144 0.999999 0.0013923 0.000599729 -0.00139165 0.999999 0.0148955 -0.0149962 -0.00774075
FixedParameters: 0 0 0

#Transform 39
Transform: AffineTransform_float_3_3
Parameters: 0.999999 0.000606592 -0.000453914 -0.000606846 0.999999 0.00119416 0.000454887 -0.00119363 0.999999 0.0121591 0.000472513 0.0014846
FixedParameters: 0 0 0

#Transform 40
Transform: AffineTransform_float_3_3
Parameters: 1 0.000623293 5.12986e-06 -0.000623753 0.999998 0.00145776 -4.23774e-06 -0.00145777 0.999999 0.00321469 -0.00758423 -0.0114928
FixedParameters: 0 0 0

#Transform 41
Transform: AffineTransform_float_3_3
Parameters: 1 0.00039798 -0.000234906 -0.000397272 0.999999 0.00149511 0.000236062 -0.00149492 0.999999 -0.00283071 -0.0218502 -0.0037912
FixedParameters: 0 0 0

#Transform 42
Transform: AffineTransform_float_3_3
Parameters: 1 0.000478562 -0.000353539 -0.000477937 0.999998 0.00151406 0.000354062 -0.00151373 0.999999 0.0110541 -0.0225603 -0.00335284
FixedParameters: 0 0 0

#Transform 43
Transform: AffineTransform_float_3_3
Parameters: 1 0.000511944 -0.000211396 -0.00051175 0.999998 0.00151316 0.000212019 -0.00151295 0.999999 -0.00169404 -0.0264156 -0.011375
FixedParameters: 0 0 0

#Transform 44
Transform: AffineTransform_float_3_3
Parameters: 1 0.000531598 -0.000221276 -0.000531374 0.999998 0.00151286 0.000221958 -0.00151264 0.999999 0.00912638 -0.0103114 -0.0171272
FixedParameters: 0 0 0

#Transform 45
Transform: AffineTransform_float_3_3
Parameters: 1 0.000428963 -0.000169041 -0.000428877 0.999998 0.00157344 0.000169465 -0.0015733 0.999998 0.00148203 -0.0159586 -0.0281629
FixedParameters: 0 0 0

#Transform 46
Transform: AffineTransform_float_3_3
Parameters: 1 0.0004894 -0.000198466 -0.000489187 0.999998 0.00165953 0.000199164 -0.00165934 0.999998 0.00082515 -0.0208303 -0.0341876
FixedParameters: 0 0 0

#Transform 47
Transform: AffineTransform_float_3_3
Parameters: 1 0.000350935 -0.000127179 -0.000350913 0.999999 0.00182168 0.000127498 -0.00182159 0.999999 -0.000866722 -0.0250037 -0.0327501
FixedParameters: 0 0 0

#Transform 48
Transform: AffineTransform_float_3_3
Parameters: 1 0.000308013 -0.000319117 -0.000308104 0.999998 0.00194783 0.000319808 -0.00194765 0.999998 0.00400448 -0.0162881 -0.0447206
FixedParameters: 0 0 0

#Transform 49
Transform: AffineTransform_float_3_3
Parameters: 1 0.00034136 -0.000360849 -0.000340413 0.999998 0.00191359 0.00036118 -0.00191394 0.999999 0.000829034 -0.0136066 -0.0338085
FixedParameters: 0 0 0

#Transform 50
Transform: AffineTransform_float_3_3
Parameters: 1 0.000259379 -0.000367045 -0.000259491 0.999998 0.00167169 0.000367437 -0.00167152 0.999998 0.00304892 -0.0122676 -0.0306814
FixedParameters: 0 0 0

#Transform 51
Transform: AffineTransform_float_3_3
Parameters: 1 0.000292442 -0.000222117 -0.000292033 0.999998 0.00191687 0.000222278 -0.00191675 0.999998 0.00281167 -0.0225091 -0.0297278
FixedParameters: 0 0 0

#Transform 52
Transform: AffineTransform_float_3_3
Parameters: 1 0.000301822 -0.000377997 -0.000300745 0.999998 0.00201008 0.000378249 -0.00200986 0.999998 0.00388186 -0.0159126 -0.036932
FixedParameters: 0 0 0

#Transform 53
Transform: AffineTransform_float_3_3
Parameters: 1 0.000276723 -0.000438385 -0.000275424 0.999998 0.00198662 0.000438523 -0.00198639 0.999998 0.00676608 -0.0237878 -0.0293762
FixedParameters: 0 0 0

#Transform 54
Transform: AffineTransform_float_3_3
Parameters: 1 0.000214607 -0.000532126 -0.000212888 0.999997 0.00202405 0.000532018 -0.00202442 0.999998 0.012845 -0.0294944 -0.0393698
FixedParameters: 0 0 0

#Transform 55
Transform: AffineTransform_float_3_3
Parameters: 1 0.00019333 -0.000621374 -0.000192061 0.999998 0.00209538 0.000621672 -0.00209516 0.999997 0.0145312 -0.0223198 -0.0372667
FixedParameters: 0 0 0

#Transform 56
Transform: AffineTransform_float_3_3
Parameters: 1 0.000226048 -0.000569547 -0.000224997 0.999998 0.00209474 0.000569983 -0.0020945 0.999997 0.0135829 -0.00946898 -0.0310349
FixedParameters: 0 0 0

#Transform 57
Transform: AffineTransform_float_3_3
Parameters: 1 0.000230493 -0.000587442 -0.000229367 0.999998 0.0020947 0.000587896 -0.00209445 0.999997 0.014029 -0.0154432 -0.0366882
FixedParameters: 0 0 0

#Transform 58
Transform: AffineTransform_float_3_3
Parameters: 1 0.000278743 -0.000616137 -0.000277497 0.999998 0.00209399 0.000616793 -0.00209367 0.999997 0.0149915 -0.0178488 -0.0460043
FixedParameters: 0 0 0

#Transform 59
Transform: AffineTransform_float_3_3
Parameters: 0.999999 0.000566546 -0.000550507 -0.000565823 0.999998 0.00186716 0.000552112 -0.00186655 0.999998 0.0152653 -0.0149972 -0.0512204
FixedParameters: 0 0 0

#Transform 60
Transform: AffineTransform_float_3_3
Parameters: 1 0.00027609 -0.000293693 -0.000275303 0.999998 0.00209333 0.000293887 -0.00209317 0.999998 0.00525862 -0.0195555 -0.0486256
FixedParameters: 0 0 0

#Transform 61
Transform: AffineTransform_float_3_3
Parameters: 1 0.000337337 -0.000335613 -0.000336443 0.999998 0.0019904 0.000335995 -0.00199018 0.999998 0.0042496 -0.018681 -0.056794
FixedParameters: 0 0 0

#Transform 62
Transform: AffineTransform_float_3_3
Parameters: 1 0.000359683 -0.000309919 -0.000358828 0.999997 0.00209199 0.000310463 -0.00209177 0.999998 0.00537507 -0.0235346 -0.0629505
FixedParameters: 0 0 0

#Transform 63
Transform: AffineTransform_float_3_3
Parameters: 1 0.000418304 -0.000261073 -0.000418149 0.999998 0.00198389 0.000263115 -0.00198369 0.999998 0.00898197 -0.0217061 -0.062416
FixedParameters: 0 0 0

#Transform 64
Transform: AffineTransform_float_3_3
Parameters: 1 0.000351208 -0.000295596 -0.000350413 0.999998 0.0020921 0.000296104 -0.0020919 0.999998 0.00220108 -0.0181514 -0.0658554
FixedParameters: 0 0 0

#Transform 65
Transform: AffineTransform_float_3_3
Parameters: 1 0.000313069 -0.000208914 -0.000313465 0.999998 0.00223554 0.000209772 -0.00223543 0.999998 -0.00098995 -0.0264192 -0.0640628
FixedParameters: 0 0 0

#Transform 66
Transform: AffineTransform_float_3_3
Parameters: 1 0.000382513 -0.000250897 -0.000381797 0.999998 0.00229851 0.000251661 -0.00229832 0.999998 0.00140168 -0.0241597 -0.0771715
FixedParameters: 0 0 0

#Transform 67
Transform: AffineTransform_float_3_3
Parameters: 1 0.000376156 -0.000329659 -0.000375095 0.999998 0.0022728 0.000330374 -0.00227255 0.999998 0.00115238 -0.0196372 -0.0773789
FixedParameters: 0 0 0

#Transform 68
Transform: AffineTransform_float_3_3
Parameters: 1 0.000546533 -0.000218532 -0.000546351 0.999997 0.00244674 0.00021932 -0.00244651 0.999997 -0.00393694 -0.0190741 -0.0701704
FixedParameters: 0 0 0

#Transform 69
Transform: AffineTransform_float_3_3
Parameters: 0.999999 0.000708703 -0.000227137 -0.000707928 0.999996 0.00264713 0.000229861 -0.00264681 0.999997 -0.00734728 -0.0183231 -0.0710053
FixedParameters: 0 0 0

#Transform 70
Transform: AffineTransform_float_3_3
Parameters: 0.999999 0.000851546 -0.000309803 -0.000851282 0.999997 0.00255557 0.000311369 -0.00255586 0.999997 -0.00505771 -0.0218707 -0.0722004
FixedParameters: 0 0 0

#Transform 71
Transform: AffineTransform_float_3_3
Parameters: 0.999999 0.000807096 -0.000245471 -0.000806728 0.999997 0.00251513 0.000247637 -0.00251554 0.999997 -0.00654044 -0.0171825 -0.0709946
FixedParameters: 0 0 0

#Transform 72
Transform: AffineTransform_float_3_3
Parameters: 1 0.000541369 -7.46341e-05 -0.00054051 0.999997 0.00258111 7.59758e-05 -0.00258182 0.999997 -0.0111182 -0.0109714 -0.084813
FixedParameters: 0 0 0

#Transform 73
Transform: AffineTransform_float_3_3
Parameters: 1 0.000609492 0.000192086 -0.00061006 0.999996 0.0026817 -0.000190291 -0.00268193 0.999997 -0.0189767 -0.0126469 -0.0799431
FixedParameters: 0 0 0

#Transform 74
Transform: AffineTransform_float_3_3
Parameters: 0.999999 0.000845738 9.01003e-05 -0.000845775 0.999996 0.0027468 -8.6916e-05 -0.00274635 0.999996 -0.0146623 -0.0179831 -0.100528
FixedParameters: 0 0 0

#Transform 75
Transform: AffineTransform_float_3_3
Parameters: 0.999999 0.000800403 -1.66912e-05 -0.000800298 0.999996 0.00276906 1.8755e-05 -0.00276902 0.999996 -0.0199943 -0.0207636 -0.10852
FixedParameters: 0 0 0

#Transform 76
Transform: AffineTransform_float_3_3
Parameters: 0.999999 0.000821614 -1.32495e-05 -0.00082242 0.999996 0.00272667 1.58138e-05 -0.00272666 0.999997 -0.016038 -0.0211806 -0.113473
FixedParameters: 0 0 0

#Transform 77
Transform: AffineTransform_float_3_3
Parameters: 1 0.000668809 4.98255e-05 -0.000669095 0.999995 0.00302812 -4.81761e-05 -0.00302818 0.999996 -0.0166237 -0.0190244 -0.104034
FixedParameters: 0 0 0

#Transform 78
Transform: AffineTransform_float_3_3
Parameters: 0.999999 0.000757944 -2.46414e-05 -0.000757768 0.999995 0.00295741 2.67476e-05 -0.00295817 0.999995 -0.0107206 -0.0249905 -0.105573
FixedParameters: 0 0 0

#Transform 79
Transform: AffineTransform_float_3_3
Parameters: 0.999999 0.000755807 6.91098e-06 -0.000755381 0.999995 0.00288276 -4.03083e-06 -0.00288276 0.999996 -0.0114934 -0.02491 -0.0945613
FixedParameters: 0 0 0

#Transform 80
Transform: AffineTransform_float_3_3
Parameters: 0.999999 0.000934514 -0.000125211 -0.000933707 0.999994 0.00316899 0.000128743 -0.00316815 0.999995 -0.00822924 -0.0268211 -0.0795058
FixedParameters: 0 0 0

#Transform 81
Transform: AffineTransform_float_3_3
Parameters: 0.999999 0.000860797 -0.000122858 -0.000860966 0.999995 0.00288135 0.0001259 -0.00288114 0.999996 -0.0103838 -0.0183733 -0.0915931
FixedParameters: 0 0 0

#Transform 82
Transform: AffineTransform_float_3_3
Parameters: 0.999999 0.000858774 -4.36071e-05 -0.000858486 0.999995 0.0030772 4.64894e-05 -0.00307712 0.999995 -0.00995226 -0.0204406 -0.0938623
FixedParameters: 0 0 0

#Transform 83
Transform: AffineTransform_float_3_3
Parameters: 1 0.000657518 -0.000124583 -0.000656748 0.999995 0.00302777 0.00012616 -0.0030276 0.999996 -0.00923225 -0.0140612 -0.101567
FixedParameters: 0 0 0

#Transform 84
Transform: AffineTransform_float_3_3
Parameters: 0.999999 0.000735782 -0.00012568 -0.000734977 0.999995 0.00313348 0.000127887 -0.00313329 0.999995 -0.00883178 -0.0255005 -0.102599
FixedParameters: 0 0 0

#Transform 85
Transform: AffineTransform_float_3_3
Parameters: 0.999999 0.000835826 -0.000143577 -0.000836195 0.999994 0.00331088 0.000146235 -0.00331065 0.999995 -0.00774787 -0.0211479 -0.115356
FixedParameters: 0 0 0

#Transform 86
Transform: AffineTransform_float_3_3
Parameters: 0.999999 0.000790813 -0.000152189 -0.000790199 0.999994 0.00342668 0.000154278 -0.00342644 0.999994 -0.0107399 -0.0209074 -0.125825
FixedParameters: 0 0 0

#Transform 87
Transform: AffineTransform_float_3_3
Parameters: 0.999999 0.000851488 -0.000363654 -0.000850535 0.999994 0.00313221 0.00036614 -0.00313161 0.999995 -0.00342089 -0.0281035 -0.106115
FixedParameters: 0 0 0

#Transform 88
Transform: AffineTransform_float_3_3
Parameters: 0.999999 0.000749156 -0.000217365 -0.000748229 0.999995 0.0031335 0.000218763 -0.00313318 0.999995 -0.00946824 -0.0221758 -0.095714
FixedParameters: 0 0 0

#Transform 89
Transform: AffineTransform_float_3_3
Parameters: 0.999999 0.000771134 -0.00023191 -0.000770498 0.999995 0.00321578 0.000234908 -0.00321624 0.999995 -0.00935895 -0.0188498 -0.0993632
FixedParameters: 0 0 0

#Transform 90
Transform: AffineTransform_float_3_3
Parameters: 1 0.00062733 -8.01585e-05 -0.000626776 0.999995 0.00325178 8.18267e-05 -0.00325248 0.999995 -0.0136541 -0.0251965 -0.0988081
FixedParameters: 0 0 0

#Transform 91
Transform: AffineTransform_float_3_3
Parameters: 1 0.000596535 -7.55981e-05 -0.000596444 0.999995 0.00328228 7.84463e-05 -0.003283 0.999994 -0.0106699 -0.0218068 -0.0909992
FixedParameters: 0 0 0

#Transform 92
Transform: AffineTransform_float_3_3
Parameters: 1 0.000635204 -7.49325e-05 -0.000634677 0.999994 0.00337506 7.67829e-05 -0.00337495 0.999995 -0.0126768 -0.0205724 -0.100566
FixedParameters: 0 0 0

#Transform 93
Transform: AffineTransform_float_3_3
Parameters: 1 0.000669141 -0.00013782 -0.000669114 0.999994 0.00326662 0.00014024 -0.00326645 0.999994 -0.0109905 -0.0174452 -0.0977846
FixedParameters: 0 0 0

#Transform 94
Transform: AffineTransform_float_3_3
Parameters: 1 0.000633969 -0.000105592 -0.000633244 0.999995 0.00327474 0.000107332 -0.0032754 0.999994 -0.0117316 -0.0137173 -0.111386
FixedParameters: 0 0 0

#Transform 95
Transform: AffineTransform_float_3_3
Parameters: 1 0.000673471 -6.90166e-05 -0.000672977 0.999994 0.00341641 7.11811e-05 -0.00341631 0.999994 -0.013925 -0.0182611 -0.115334
FixedParameters: 0 0 0

#Transform 96
Transform: AffineTransform_float_3_3
Parameters: 1 0.000672526 -0.000103665 -0.000671735 0.999993 0.00367955 0.000106142 -0.00367941 0.999993 -0.0128785 -0.0203271 -0.126697
FixedParameters: 0 0 0

#Transform 97
Transform: AffineTransform_float_3_3
Parameters: 1 0.000683214 -0.000186577 -0.0006828 0.999994 0.00343855 0.000189288 -0.0034383 0.999994 -0.00747602 -0.0235441 -0.124434
FixedParameters: 0 0 0

#Transform 98
Transform: AffineTransform_float_3_3
Parameters: 0.999999 0.000721563 -0.000197701 -0.00072018 0.999994 0.00345876 0.000200266 -0.00345787 0.999994 -0.00721912 -0.0207377 -0.118008
FixedParameters: 0 0 0

#Transform 99
Transform: AffineTransform_float_3_3
Parameters: 0.999999 0.000753312 -0.000159043 -0.000752145 0.999994 0.00353594 0.000161923 -0.0035365 0.999994 -0.0112861 -0.0218294 -0.10999
FixedParameters: 0 0 0

#Transform 100
Transform: AffineTransform_float_3_3
Parameters: 0.999999 0.000807104 -8.48677e-05 -0.00080691 0.999993 0.00367706 8.74553e-05 -0.00367632 0.999993 -0.009149 -0.027459 -0.113652
FixedParameters: 0 0 0

#Transform 101
Transform: AffineTransform_float_3_3
Parameters: 0.999999 0.000894961 -0.000233616 -0.000893554 0.999992 0.00389826 0.000237193 -0.00389784 0.999993 -0.00888004 -0.0206087 -0.0973853
FixedParameters: 0 0 0

#Transform 102
Transform: AffineTransform_float_3_3
Parameters: 0.999999 0.000897458 -0.000381076 -0.000896462 0.999993 0.00362358 0.000383772 -0.00362292 0.999994 -0.00558831 -0.0262026 -0.100444
FixedParameters: 0 0 0

#Transform 103
Transform: AffineTransform_float_3_3
Parameters: 0.999999 0.000882266 -0.000372874 -0.00088129 0.999993 0.00367681 0.000375554 -0.00367617 0.999993 -0.00342757 -0.0131588 -0.0888531
FixedParameters: 0 0 0

#Transform 104
Transform: AffineTransform_float_3_3
Parameters: 0.999999 0.000807134 -0.000254815 -0.000806573 0.999993 0.00367772 0.000257838 -0.00367732 0.999993 -0.00596571 -0.0171944 -0.0983917
FixedParameters: 0 0 0

#Transform 105
Transform: AffineTransform_float_3_3
Parameters: 0.999999 0.000793266 -0.0001931 -0.000792268 0.999993 0.00367779 0.00019557 -0.00367748 0.999993 -0.00736157 -0.0229105 -0.0966442
FixedParameters: 0 0 0

#Transform 106
Transform: AffineTransform_float_3_3
Parameters: 0.999999 0.000740066 -0.000301776 -0.000739161 0.999993 0.00367895 0.000304306 -0.00367852 0.999993 -0.00546338 -0.0169553 -0.0944669
FixedParameters: 0 0 0

#Transform 107
Transform: AffineTransform_float_3_3
Parameters: 1 0.000607703 -0.000235596 -0.000607287 0.999993 0.00368095 0.000237157 -0.00368068 0.999993 -0.00738422 -0.020865 -0.0958877
FixedParameters: 0 0 0

#Transform 108
Transform: AffineTransform_float_3_3
Parameters: 1 0.000664313 -0.000149921 -0.000663606 0.999992 0.00377582 0.000151574 -0.00377562 0.999993 -0.00880274 -0.025653 -0.102745
FixedParameters: 0 0 0

#Transform 109
Transform: AffineTransform_float_3_3
Parameters: 0.999999 0.000724332 -0.000293079 -0.000723447 0.999992 0.00375319 0.000295602 -0.00375278 0.999993 -0.00556668 -0.0191492 -0.102205
FixedParameters: 0 0 0

#Transform 110
Transform: AffineTransform_float_3_3
Parameters: 0.999999 0.000756164 -0.000309824 -0.0007552 0.999993 0.00367871 0.000312473 -0.00367825 0.999993 -0.00522052 -0.0177077 -0.0943897
FixedParameters: 0 0 0

#Transform 111
Transform: AffineTransform_float_3_3
Parameters: 0.999999 0.000766002 -0.000314743 -0.000765001 0.999993 0.00367856 0.000317464 -0.00367809 0.999993 -0.00731168 -0.022799 -0.111128
FixedParameters: 0 0 0

#Transform 112
Transform: AffineTransform_float_3_3
Parameters: 0.999999 0.000774698 -0.000213448 -0.00077433 0.999992 0.00392817 0.000216588 -0.00392786 0.999992 -0.00667648 -0.0266223 -0.113356
FixedParameters: 0 0 0

#Transform 113
Transform: AffineTransform_float_3_3
Parameters: 0.999999 0.000772961 -0.000217121 -0.000771547 0.999991 0.00422207 0.000220227 -0.00422114 0.999991 -0.0149475 -0.0334465 -0.118271
FixedParameters: 0 0 0

#Transform 114
Transform: AffineTransform_float_3_3
Parameters: 0.999999 0.000763761 -0.000309213 -0.000762097 0.999992 0.00407124 0.00031113 -0.00407158 0.999991 -0.00476582 -0.0233624 -0.122733
FixedParameters: 0 0 0

#Transform 115
Transform: AffineTransform_float_3_3
Parameters: 0.999999 0.000800952 -0.000484933 -0.000798463 0.999992 0.0039155 0.000488251 -0.00391473 0.999992 -0.00106592 -0.0216491 -0.118722
FixedParameters: 0 0 0

#Transform 116
Transform: AffineTransform_float_3_3
Parameters: 0.999999 0.000830897 -0.000605306 -0.000827953 0.999992 0.00388634 0.000607915 -0.00388535 0.999992 -0.00106704 -0.0253463 -0.112146
FixedParameters: 0 0 0

#Transform 117
Transform: AffineTransform_float_3_3
Parameters: 0.999999 0.000808325 -0.000471519 -0.000805627 0.99999 0.00424038 0.000475384 -0.00423964 0.999991 -0.00383679 -0.0182151 -0.111087
FixedParameters: 0 0 0

#Transform 118
Transform: AffineTransform_float_3_3
Parameters: 0.999999 0.000818185 -0.000335315 -0.000817145 0.999991 0.00416783 0.00033826 -0.0041673 0.999991 -0.0165791 -0.0188313 -0.125674
FixedParameters: 0 0 0

#Transform 119
Transform: AffineTransform_float_3_3
Parameters: 0.999999 0.000714644 -0.00028287 -0.000713551 0.999991 0.0042354 0.000285941 -0.00423501 0.999991 -0.00816163 -0.0224835 -0.125043
FixedParameters: 0 0 0

#Transform 120
Transform: AffineTransform_float_3_3
Parameters: 0.999999 0.000816899 -0.000334933 -0.000815877 0.999991 0.00414484 0.00033783 -0.00414432 0.999992 -0.013527 -0.0137806 -0.115278
FixedParameters: 0 0 0

#Transform 121
Transform: AffineTransform_float_3_3
Parameters: 0.999999 0.000892036 -0.000373046 -0.000890725 0.999991 0.00409031 0.000376493 -0.00409047 0.999991 -0.0116503 -0.0121896 -0.110942
FixedParameters: 0 0 0

#Transform 122
Transform: AffineTransform_float_3_3
Parameters: 0.999999 0.000856556 -0.000355136 -0.000855392 0.999991 0.00410925 0.0003583 -0.00410866 0.999992 -0.0132305 -0.0160833 -0.123957
FixedParameters: 0 0 0

#Transform 123
Transform: AffineTransform_float_3_3
Parameters: 0.999999 0.000813516 -0.000554263 -0.000811637 0.999992 0.00407108 0.000557484 -0.00407102 0.999991 -0.00345493 -0.0141846 -0.120954
FixedParameters: 0 0 0

#Transform 124
Transform: AffineTransform_float_3_3
Parameters: 1 0.000567285 -0.000210297 -0.000565959 0.999991 0.00414664 0.000211568 -0.0041464 0.999992 -0.00763931 -0.0238847 -0.129135
FixedParameters: 0 0 0

#Transform 125
Transform: AffineTransform_float_3_3
Parameters: 1 0.000241038 -0.000631734 -0.000238169 0.999986 0.0054111 0.000632499 -0.00541086 0.999985 0.028227 -0.0248063 -0.254901
FixedParameters: 0 0 0

#Transform 126
Transform: AffineTransform_float_3_3
Parameters: 0.999999 0.000198425 -0.000721862 -0.000194396 0.999984 0.0055494 0.000722188 -0.00554838 0.999984 0.0219736 0.0238224 -0.35316
FixedParameters: 0 0 0

#Transform 127
Transform: AffineTransform_float_3_3
Parameters: 0.999999 0.000445957 -0.000645484 -0.000442442 0.999987 0.0051048 0.000647808 -0.00510427 0.999986 0.00905648 0.0111443 -0.34534
FixedParameters: 0 0 0

#Transform 128
Transform: AffineTransform_float_3_3
Parameters: 1 0.000488293 -0.000426836 -0.000486154 0.999987 0.00506258 0.000429107 -0.0050622 0.999987 0.00651417 0.00803836 -0.353111
FixedParameters: 0 0 0

#Transform 129
Transform: AffineTransform_float_3_3
Parameters: 1 0.00043863 -0.000465748 -0.000435706 0.999985 0.00547455 0.000467806 -0.00547417 0.999985 0.00607958 -0.00131609 -0.348879
FixedParameters: 0 0 0

#Transform 130
Transform: AffineTransform_float_3_3
Parameters: 1 0.00042583 -0.000266065 -0.000423683 0.999985 0.00558531 0.00026849 -0.0055851 0.999985 0.000560645 -0.00411582 -0.351345
FixedParameters: 0 0 0

#Transform 131
Transform: AffineTransform_float_3_3
Parameters: 0.999999 0.000744615 0.000157997 -0.000745836 0.999984 0.00554651 -0.000153817 -0.00554753 0.999984 -0.0173123 -0.000556439 -0.352673
FixedParameters: 0 0 0

#Transform 132
Transform: AffineTransform_float_3_3
Parameters: 1 0.000492427 -0.000135945 -0.000491697 0.999983 0.0057039 0.000139239 -0.00570378 0.999983 -0.00348739 -0.00138888 -0.34683
FixedParameters: 0 0 0

#Transform 133
Transform: AffineTransform_float_3_3
Parameters: 0.999999 0.000717648 0.000312969 -0.000719427 0.999982 0.00583 -0.000308294 -0.00583041 0.999983 -0.0204809 -0.00440018 -0.354275
FixedParameters: 0 0 0

#Transform 134
Transform: AffineTransform_float_3_3
Parameters: 1 0.000694273 0.000263073 -0.000695982 0.999983 0.00592535 -0.000259451 -0.00592508 0.999982 -0.0173579 -0.00553627 -0.362812
FixedParameters: 0 0 0

#Transform 135
Transform: AffineTransform_float_3_3
Parameters: 0.999999 0.000899691 0.000168573 -0.000901066 0.999983 0.00570189 -0.000162425 -0.00570297 0.999984 -0.0194712 0.00625123 -0.390117
FixedParameters: 0 0 0

#Transform 136
Transform: AffineTransform_float_3_3
Parameters: 0.999999 0.000848595 0.00019693 -0.000849526 0.999982 0.00597092 -0.000191405 -0.00597062 0.999982 -0.0206116 0.000850547 -0.38216
FixedParameters: 0 0 0

#Transform 137
Transform: AffineTransform_float_3_3
Parameters: 0.999999 0.000814076 0.000190562 -0.000814923 0.999982 0.00596472 -0.000185475 -0.005965 0.999982 -0.0228127 0.00392526 -0.3715
FixedParameters: 0 0 0

#Transform 138
Transform: AffineTransform_float_3_3
Parameters: 0.999999 0.000806673 0.000241973 -0.000807985 0.999984 0.00563166 -0.000237442 -0.00563201 0.999984 -0.0201818 0.0072613 -0.371412
FixedParameters: 0 0 0

#Transform 139
Transform: AffineTransform_float_3_3
Parameters: 0.999999 0.00081501 0.000200813 -0.000815861 0.999984 0.00561743 -0.0001962 -0.00561713 0.999984 -0.0178677 0.00553193 -0.374274
FixedParameters: 0 0 0

#Transform 140
Transform: AffineTransform_float_3_3
Parameters: 0.999999 0.000823702 0.00027714 -0.000825199 0.999986 0.00523021 -0.000273011 -0.00523064 0.999986 -0.0213374 0.0163777 -0.380662
FixedParameters: 0 0 0

#Transform 141
Transform: AffineTransform_float_3_3
Parameters: 1 0.000657161 -0.000223134 -0.000656107 0.999986 0.00522633 0.000226852 -0.00522605 0.999987 -0.00732021 0.00518161 -0.363275
FixedParameters: 0 0 0

#Transform 142
Transform: AffineTransform_float_3_3
Parameters: 1 0.000458123 -0.000301792 -0.000457284 0.999988 0.00500876 0.000303715 -0.00500852 0.999988 -0.00362793 0.0195813 -0.367277
FixedParameters: 0 0 0

#Transform 143
Transform: AffineTransform_float_3_3
Parameters: 1 0.000543304 -0.000167694 -0.000542424 0.999987 0.00511105 0.000171024 -0.00511088 0.999987 -0.0039758 0.0179964 -0.363189
FixedParameters: 0 0 0

#Transform 144
Transform: AffineTransform_float_3_3
Parameters: 1 0.000479696 -0.000137763 -0.000479174 0.999987 0.00494901 0.000140322 -0.00494889 0.999987 -0.00654586 0.0163381 -0.352926
FixedParameters: 0 0 0

#Transform 145
Transform: AffineTransform_float_3_3
Parameters: 0.999999 0.000934118 0.000405637 -0.000935684 0.999989 0.00474591 -0.000401641 -0.00474662 0.999989 -0.0268194 0.0198969 -0.355435
FixedParameters: 0 0 0

#Transform 146
Transform: AffineTransform_float_3_3
Parameters: 0.999999 0.000877402 0.000290503 -0.000878926 0.999987 0.00501603 -0.000286141 -0.00501591 0.999987 -0.025305 0.023918 -0.339664
FixedParameters: 0 0 0

#Transform 147
Transform: AffineTransform_float_3_3
Parameters: 1 0.000474115 -0.000138567 -0.000473684 0.999989 0.00461806 0.000140791 -0.00461794 0.99999 -0.00740907 0.0348517 -0.344216
FixedParameters: 0 0 0

#Transform 148
Transform: AffineTransform_float_3_3
Parameters: 0.999999 0.00090644 0.000316178 -0.000908148 0.999987 0.00490664 -0.000311703 -0.00490718 0.999988 -0.024023 0.0267025 -0.350155
FixedParameters: 0 0 0

#Transform 149
Transform: AffineTransform_float_3_3
Parameters: 0.999999 0.000834235 0.0003985 -0.000836343 0.999988 0.00495646 -0.000393775 -0.00495649 0.999988 -0.0267462 0.0239956 -0.345491
FixedParameters: 0 0 0

#Transform 150
Transform: AffineTransform_float_3_3
Parameters: 0.999999 0.000892888 0.000459286 -0.000894668 0.999987 0.00491028 -0.00045448 -0.00491045 0.999987 -0.0291053 0.0164001 -0.34907
FixedParameters: 0 0 0

#Transform 151
Transform: AffineTransform_float_3_3
Parameters: 0.999999 0.000880024 0.000420731 -0.000882742 0.999987 0.00488579 -0.000416547 -0.0048865 0.999988 -0.0293306 0.0258695 -0.355574
FixedParameters: 0 0 0

#Transform 152
Transform: AffineTransform_float_3_3
Parameters: 0.999999 0.000834813 0.000386592 -0.000837296 0.999987 0.00501768 -0.000382663 -0.0050183 0.999988 -0.0299377 0.013304 -0.371525
FixedParameters: 0 0 0

#Transform 153
Transform: AffineTransform_float_3_3
Parameters: 0.999999 0.000865664 0.000302926 -0.000867475 0.999985 0.00530943 -0.000298219 -0.00530992 0.999986 -0.0214494 0.00666592 -0.378726
FixedParameters: 0 0 0

#Transform 154
Transform: AffineTransform_float_3_3
Parameters: 0.999999 0.000744473 0.000211995 -0.000745711 0.999987 0.00516652 -0.000207435 -0.00516622 0.999987 -0.0182287 0.00972343 -0.380211
FixedParameters: 0 0 0

#Transform 155
Transform: AffineTransform_float_3_3
Parameters: 0.999999 0.000841264 0.000241849 -0.000843002 0.999985 0.00555985 -0.000237925 -0.00555964 0.999985 -0.018962 0.00372975 -0.386522
FixedParameters: 0 0 0

#Transform 156
Transform: AffineTransform_float_3_3
Parameters: 0.999999 0.000792473 0.000329048 -0.000794287 0.999984 0.00559466 -0.000323841 -0.00559514 0.999985 -0.0201839 0.00736927 -0.405772
FixedParameters: 0 0 0

#Transform 157
Transform: AffineTransform_float_3_3
Parameters: 0.999999 0.000754738 0.000264262 -0.000756143 0.999985 0.00530543 -0.000260742 -0.00530579 0.999986 -0.0190823 0.00903909 -0.405651
FixedParameters: 0 0 0

#Transform 158
Transform: AffineTransform_float_3_3
Parameters: 0.999999 0.000886734 0.000229695 -0.000887853 0.999984 0.00549511 -0.000224458 -0.00549489 0.999984 -0.0213579 0.00781849 -0.395029
FixedParameters: 0 0 0

#Transform 159
Transform: AffineTransform_float_3_3
Parameters: 0.999999 0.000744503 0.000230276 -0.000745776 0.999983 0.00582056 -0.000226183 -0.00582028 0.999983 -0.0210747 -0.000915323 -0.40562
FixedParameters: 0 0 0

#Transform 160
Transform: AffineTransform_float_3_3
Parameters: 0.999999 0.000765209 0.000213559 -0.000765791 0.999983 0.00574447 -0.000208468 -0.00574475 0.999984 -0.0130916 -0.00162786 -0.421393
FixedParameters: 0 0 0

#Transform 161
Transform: AffineTransform_float_3_3
Parameters: 0.999999 0.000799388 0.00012085 -0.000799798 0.999983 0.00566311 -0.000117249 -0.00566328 0.999984 -0.0184677 0.003953 -0.414597
FixedParameters: 0 0 0

#Transform 162
Transform: AffineTransform_float_3_3
Parameters: 1 0.000523735 -6.32967e-05 -0.000522987 0.999986 0.00539318 6.62053e-05 -0.0053931 0.999986 -0.00296183 0.0166454 -0.408264
FixedParameters: 0 0 0

#Transform 163
Transform: AffineTransform_float_3_3
Parameters: 1 0.000668583 -0.000224886 -0.000667338 0.999984 0.0055832 0.000229132 -0.00558291 0.999985 -0.00584878 0.0141326 -0.407975
FixedParameters: 0 0 0

#Transform 164
Transform: AffineTransform_float_3_3
Parameters: 1 0.000569743 -0.000171899 -0.000568074 0.999982 0.00593376 0.000174921 -0.00593356 0.999983 -0.00390594 0.00493034 -0.421784
FixedParameters: 0 0 0

#Transform 165
Transform: AffineTransform_float_3_3
Parameters: 0.999999 0.000727651 -0.000256041 -0.000725252 0.999985 0.0054233 0.000260292 -0.00542293 0.999985 -0.00793238 0.0171134 -0.41279
FixedParameters: 0 0 0

#Transform 166
Transform: AffineTransform_float_3_3
Parameters: 1 0.00048103 -0.000137584 -0.000480484 0.999987 0.005028 0.000140199 -0.00502788 0.999988 -0.00566869 0.0371208 -0.356119
FixedParameters: 0 0 0

#Transform 167
Transform: AffineTransform_float_3_3
Parameters: 1 -0.000155077 0.000585303 0.000153388 0.999995 0.00336904 -0.000586551 -0.00336882 0.999994 -0.019642 0.0556148 -0.238884
FixedParameters: 0 0 0

#Transform 168
Transform: AffineTransform_float_3_3
Parameters: 1 0.000111713 0.000137827 -0.000112763 0.999993 0.0039274 -0.000137213 -0.00392743 0.999993 -0.00808881 0.0517946 -0.310143
FixedParameters: 0 0 0

#Transform 169
Transform: AffineTransform_float_3_3
Parameters: 1 0.000320776 2.48379e-05 -0.000321387 0.999992 0.00396314 -2.34528e-05 -0.00396316 0.999992 -0.00699295 0.0489676 -0.3629
FixedParameters: 0 0 0

#Transform 170
Transform: AffineTransform_float_3_3
Parameters: 1 0.000244273 0.000132414 -0.000244982 0.99999 0.00450326 -0.000131888 -0.00450332 0.99999 -0.00617446 0.0406852 -0.3795
FixedParameters: 0 0 0

#Transform 171
Transform: AffineTransform_float_3_3
Parameters: 1 0.000361148 0.000208598 -0.000362015 0.99999 0.0043261 -0.00020622 -0.00432623 0.99999 -0.00973111 0.0365672 -0.390213
FixedParameters: 0 0 0

#Transform 172
Transform: AffineTransform_float_3_3
Parameters: 1 0.00029736 0.000159482 -0.000298275 0.999991 0.0043883 -0.000158545 -0.00438838 0.999991 -0.00623411 0.0484556 -0.389938
FixedParameters: 0 0 0

#Transform 173
Transform: AffineTransform_float_3_3
Parameters: 1 0.000250613 0.000307374 -0.000251578 0.999989 0.00454479 -0.000306326 -0.00454491 0.999989 -0.0123451 0.0454535 -0.382913
FixedParameters: 0 0 0

#Transform 174
Transform: AffineTransform_float_3_3
Parameters: 1 0.00018549 0.000259476 -0.000186918 0.999989 0.00455299 -0.000258565 -0.00455307 0.999989 -0.00844253 0.0447083 -0.412593
FixedParameters: 0 0 0

#Transform 175
Transform: AffineTransform_float_3_3
Parameters: 1 0.000230029 0.000329391 -0.000232258 0.999989 0.00481812 -0.000328015 -0.00481826 0.999989 -0.0118498 0.0388397 -0.419604
FixedParameters: 0 0 0

#Transform 176
Transform: AffineTransform_float_3_3
Parameters: 1 0.00035602 0.000334913 -0.000357277 0.99999 0.00461895 -0.000332886 -0.00461915 0.99999 -0.0161199 0.0409275 -0.41132
FixedParameters: 0 0 0

#Transform 177
Transform: AffineTransform_float_3_3
Parameters: 1 0.000445063 0.000440889 -0.000447726 0.999989 0.00457355 -0.000438958 -0.00457312 0.99999 -0.0211208 0.0445983 -0.413185
FixedParameters: 0 0 0

#Transform 178
Transform: AffineTransform_float_3_3
Parameters: 1 0.00046178 0.000433523 -0.000463547 0.999989 0.00466491 -0.000431817 -0.00466527 0.999989 -0.0214009 0.0380817 -0.409186
FixedParameters: 0 0 0

#Transform 179
Transform: AffineTransform_float_3_3
Parameters: 1 0.000440348 0.00044539 -0.00044323 0.999988 0.00477865 -0.000443353 -0.00477821 0.999989 -0.0210021 0.03801 -0.418165
FixedParameters: 0 0 0

#Transform 180
Transform: AffineTransform_float_3_3
Parameters: 0.999999 0.000709821 0.000509464 -0.00071266 0.999987 0.0050435 -0.000504967 -0.00504418 0.999987 -0.0255415 0.0256168 -0.424629
FixedParameters: 0 0 0

#Transform 181
Transform: AffineTransform_float_3_3
Parameters: 0.999999 0.000723571 0.00048023 -0.000725788 0.999986 0.00514477 -0.000476818 -0.00514461 0.999987 -0.0263223 0.0176328 -0.422993
FixedParameters: 0 0 0

#Transform 182
Transform: AffineTransform_float_3_3
Parameters: 1 0.000433581 0.000453045 -0.000436008 0.999986 0.00518782 -0.000451236 -0.00518737 0.999987 -0.0198078 0.0195635 -0.42456
FixedParameters: 0 0 0

#Transform 183
Transform: AffineTransform_float_3_3
Parameters: 1 0.000475588 0.000431512 -0.000477725 0.999986 0.00512774 -0.000429301 -0.00512811 0.999986 -0.0220502 0.0266485 -0.418808
FixedParameters: 0 0 0

#Transform 184
Transform: AffineTransform_float_3_3
Parameters: 1 0.000392723 0.000313447 -0.000394711 0.999985 0.00538287 -0.000311494 -0.00538228 0.999986 -0.0159187 0.0215416 -0.410191
FixedParameters: 0 0 0

#Transform 185
Transform: AffineTransform_float_3_3
Parameters: 1 0.000405852 0.000466867 -0.000407969 0.999986 0.00518927 -0.000464454 -0.0051888 0.999987 -0.0216737 0.0334734 -0.414946
FixedParameters: 0 0 0

#Transform 186
Transform: AffineTransform_float_3_3
Parameters: 1 0.000366122 0.000303922 -0.000367081 0.999985 0.00534095 -0.000302717 -0.00534113 0.999985 -0.0154409 0.0271619 -0.420897
FixedParameters: 0 0 0

#Transform 187
Transform: AffineTransform_float_3_3
Parameters: 1 0.000352393 0.000280913 -0.000353955 0.999986 0.00526522 -0.000279455 -0.00526539 0.999986 -0.0118423 0.0250857 -0.42423
FixedParameters: 0 0 0

#Transform 188
Transform: AffineTransform_float_3_3
Parameters: 1 0.000357072 0.000266655 -0.000358392 0.999987 0.00508614 -0.000265243 -0.00508631 0.999987 -0.0114566 0.0326949 -0.419604
FixedParameters: 0 0 0

#Transform 189
Transform: AffineTransform_float_3_3
Parameters: 0.999999 0.000700024 0.000509926 -0.000702962 0.999985 0.00557055 -0.000506216 -0.00557062 0.999984 -0.0253139 0.0154525 -0.434102
FixedParameters: 0 0 0
