#Insight Transform File V1.0
#Transform 0
Transform: AffineTransform_float_3_3
Parameters: 0.999999 -0.000675985 0.000324984 0.000675701 0.999999 0.000437961 -0.000325576 -0.000437521 1 -0.0209432 -0.0253928 0.0590992
FixedParameters: 0 0 0

#Transform 1
Transform: AffineTransform_float_3_3
Parameters: 1 -0.000665794 0.000211899 0.000665579 0.999999 0.000507939 -0.000212575 -0.000507657 1 -0.0203624 -0.0143561 0.0458122
FixedParameters: 0 0 0

#Transform 2
Transform: AffineTransform_float_3_3
Parameters: 1 0.000109636 0.000183459 -0.000110035 1 0.00109895 -0.000183251 -0.00109899 1 -0.0217391 -0.0069396 -0.015971
FixedParameters: 0 0 0

#Transform 3
Transform: AffineTransform_float_3_3
Parameters: 0.999999 -0.000112422 0.00087799 0.000111058 0.999999 0.00128647 -0.000878761 -0.00128626 0.999999 -0.017855 -0.00775491 -0.0128718
FixedParameters: 0 0 0

#Transform 4
Transform: AffineTransform_float_3_3
Parameters: 0.999999 -0.000115071 0.000813409 0.000114037 1 0.00118562 -0.000814165 -0.00118542 0.999999 -0.0170994 -0.00286567 0.00395627
FixedParameters: 0 0 0

#Transform 5
Transform: AffineTransform_float_3_3
Parameters: 0.999999 -0.000282095 0.000832918 0.000281586 1 0.00111452 -0.000833137 -0.00111403 0.999999 -0.0187335 -0.00118556 0.00773498
FixedParameters: 0 0 0

#Transform 6
Transform: AffineTransform_float_3_3
Parameters: 0.999999 -0.000284976 0.000728628 0.00028344 0.999999 0.00106191 -0.00072928 -0.00106209 1 -0.0223313 0.00549427 0.0125054
FixedParameters: 0 0 0

#Transform 7
Transform: AffineTransform_float_3_3
Parameters: 1 -0.00041217 0.000952392 0.000412023 0.999999 7.96693e-05 -0.000952439 -7.94786e-05 0.999999 -0.0225835 -0.0124403 0.0425549
FixedParameters: 0 0 0

#Transform 8
Transform: AffineTransform_float_3_3
Parameters: 0.999999 -0.000223395 0.000866112 0.00022167 1 0.0010026 -0.000866606 -0.0010028 1 -0.0156373 0.0106882 0.0117788
FixedParameters: 0 0 0

#Transform 9
Transform: AffineTransform_float_3_3
Parameters: 1 -0.000167469 0.000690764 0.000166908 0.999999 0.00105995 -0.000691616 -0.00106029 1 -0.0146272 0.00608687 0.00543551
FixedParameters: 0 0 0

#Transform 10
Transform: AffineTransform_float_3_3
Parameters: 0.999999 -4.56245e-05 0.000777213 4.48843e-05 0.999999 0.00105766 -0.000777806 -0.00105817 1 -0.0161319 0.00379072 -0.00336789
FixedParameters: 0 0 0

#Transform 11
Transform: AffineTransform_float_3_3
Parameters: 1 0.000314997 0.000595023 -0.000315288 0.999999 0.000983948 -0.000594878 -0.000983503 0.999999 -0.0112108 0.000715412 -0.00451005
FixedParameters: 0 0 0

#Transform 12
Transform: AffineTransform_float_3_3
Parameters: 1 0.000361152 0.000373239 -0.000361932 1 0.00105125 -0.000372512 -0.00105152 1 -0.00403699 -0.00482342 -0.0116442
FixedParameters: 0 0 0

#Transform 13
Transform: AffineTransform_float_3_3
Parameters: 1 0.000536676 0.000482387 -0.000537097 0.999999 0.000881366 -0.000482808 -0.00088107 1 -0.00705267 -0.0246727 0.00214843
FixedParameters: 0 0 0

#Transform 14
Transform: AffineTransform_float_3_3
Parameters: 1 0.000285135 0.000590909 -0.000285016 0.999999 -0.000866801 -0.000590979 0.000867252 1 -0.0172184 -0.0185671 0.0156937
FixedParameters: 0 0 0

#Transform 15
Transform: AffineTransform_float_3_3
Parameters: 1 0.000220037 0.000628987 -0.00022047 1 -0.00036509 -0.000628697 0.000364798 0.999999 -0.00740902 -0.0284148 0.012693
FixedParameters: 0 0 0

#Transform 16
Transform: AffineTransform_float_3_3
Parameters: 1 -2.09506e-05 -1.58452e-05 2.09246e-05 0.999999 -0.000820735 1.58795e-05 0.000820735 0.999999 -0.0169419 0.00968041 0.0141514
FixedParameters: 0 0 0

#Transform 17
Transform: AffineTransform_float_3_3
Parameters: 1 0.000245867 0.000511613 -0.000245035 0.999999 -0.000812329 -0.000512012 0.000812078 0.999999 -0.016203 -0.0158977 0.00705485
FixedParameters: 0 0 0

#Transform 18
Transform: AffineTransform_float_3_3
Parameters: 1 0.000230204 0.000493706 -0.000229859 0.999999 -0.0012491 -0.000493864 0.00124885 0.999999 -0.0144927 -0.00575713 0.00223398
FixedParameters: 0 0 0

#Transform 19
Transform: AffineTransform_float_3_3
Parameters: 0.999999 -0.000239861 0.000856727 0.000240825 1 -0.000822541 -0.000857257 0.000822947 1 -0.0076814 0.0155831 0.00283636
FixedParameters: 0 0 0

#Transform 20
Transform: AffineTransform_float_3_3
Parameters: 1 0.000139146 0.000558259 -0.000138299 0.999999 -0.000758577 -0.000558469 0.000758422 0.999999 -0.00892327 -0.0033258 0.0192069
FixedParameters: 0 0 0

#Transform 21
Transform: AffineTransform_float_3_3
Parameters: 1 -0.000396352 -5.19547e-05 0.000397113 1 -0.00121865 5.24529e-05 0.00121922 0.999999 -0.0227997 0.00538072 -0.0131084
FixedParameters: 0 0 0

#Transform 22
Transform: AffineTransform_float_3_3
Parameters: 1 -0.00048191 0.000285573 0.00048219 0.999999 -0.00127153 -0.000285273 0.0012718 0.999999 -0.0132708 0.0104521 -0.00525565
FixedParameters: 0 0 0

#Transform 23
Transform: AffineTransform_float_3_3
Parameters: 1 -0.000460581 -6.11358e-05 0.000460568 1 -0.000113223 6.12401e-05 0.000113167 1 -0.0100968 0.00718764 -0.036594
FixedParameters: 0 0 0

#Transform 24
Transform: AffineTransform_float_3_3
Parameters: 1 0.000134779 -0.000495189 -0.000135028 1 -0.000251274 0.000495121 0.000251407 1 -0.0026292 -0.0349603 -0.0229748
FixedParameters: 0 0 0

#Transform 25
Transform: AffineTransform_float_3_3
Parameters: 1 -0.000370242 -0.000250758 0.000370493 0.999999 -0.00128459 0.000251226 0.00128442 0.999999 -0.00603615 0.0119795 -0.0196998
FixedParameters: 0 0 0

#Transform 26
Transform: AffineTransform_float_3_3
Parameters: 1 -0.000392146 -0.000331386 0.000391375 1 -0.00115531 0.000332273 0.00115564 0.999999 -0.00460203 0.00308637 -0.0143328
FixedParameters: 0 0 0

#Transform 27
Transform: AffineTransform_float_3_3
Parameters: 1 -0.000376162 -0.000306426 0.000375609 0.999999 -0.000879962 0.000307063 0.000880535 1 -0.0199083 -0.000570595 -0.017114
FixedParameters: 0 0 0

#Transform 28
Transform: AffineTransform_float_3_3
Parameters: 1 -0.000467484 -5.72324e-05 0.000467362 1 -0.00108525 5.82134e-05 0.0010852 1 -0.0152057 -0.00328673 -0.0305468
FixedParameters: 0 0 0

#Transform 29
Transform: AffineTransform_float_3_3
Parameters: 1 -0.000564615 -0.000146546 0.000564412 0.999999 -0.000693456 0.000147329 0.00069329 0.999999 -0.0135852 0.0239951 -0.0431004
FixedParameters: 0 0 0

#Transform 30
Transform: AffineTransform_float_3_3
Parameters: 1 -0.000670622 -7.90613e-06 0.000670616 0.999999 -0.000354823 8.38203e-06 0.000354812 1 -0.0156908 0.0117101 -0.0588999
FixedParameters: 0 0 0

#Transform 31
Transform: AffineTransform_float_3_3
Parameters: 1 -6.32332e-05 -0.000238669 6.31017e-05 1 -0.000275539 0.000238704 0.000275509 1 -0.0180865 0.024161 -0.0897632
FixedParameters: 0 0 0

#Transform 32
Transform: AffineTransform_float_3_3
Parameters: 1 -0.00020768 -0.000390399 0.000207166 1 -0.000657954 0.000390672 0.000657792 0.999999 -0.000918662 0.0249098 -0.102641
FixedParameters: 0 0 0

#Transform 33
Transform: AffineTransform_float_3_3
Parameters: 1 0.000390616 -0.000334301 -0.000390791 1 -0.000261799 0.000334096 0.00026206 1 0.000999226 0.00622729 -0.0904066
FixedParameters: 0 0 0

#Transform 34
Transform: AffineTransform_float_3_3
Parameters: 1 0.000246577 -0.000146698 -0.000246698 1 -0.000411866 0.000146495 0.000411938 1 -0.0108366 0.0252734 -0.104806
FixedParameters: 0 0 0

#Transform 35
Transform: AffineTransform_float_3_3
Parameters: 1 0.000344938 -0.000143458 -0.00034505 1 -0.000388501 0.00014319 0.000388599 1 -0.0115773 0.0207675 -0.107629
FixedParameters: 0 0 0

#Transform 36
Transform: AffineTransform_float_3_3
Parameters: 1 0.000430535 -0.000125576 -0.000430645 1 -0.000435969 0.0001252 0.000436077 1 -0.0103412 0.0162018 -0.107199
FixedParameters: 0 0 0

#Transform 37
Transform: AffineTransform_float_3_3
Parameters: 1 0.000321737 -0.000191814 -0.000321911 1 -0.000453017 0.000191523 0.00045314 1 -0.00736279 0.0266171 -0.0981397
FixedParameters: 0 0 0

#Transform 38
Transform: AffineTransform_float_3_3
Parameters: 1 0.000304672 -0.000181559 -0.000304782 1 -0.000300735 0.000181375 0.000300846 1 -0.0107369 0.0290898 -0.101804
FixedParameters: 0 0 0

#Transform 39
Transform: AffineTransform_float_3_3
Parameters: 1 0.000244571 -0.000150269 -0.000244635 1 -0.000211796 0.000150166 0.000211869 1 -0.0133916 0.0194586 -0.105077
FixedParameters: 0 0 0

#Transform 40
Transform: AffineTransform_float_3_3
Parameters: 1 0.000340947 -0.000197801 -0.00034099 1 -0.000109271 0.000197727 0.000109406 1 -0.0125326 0.0215481 -0.101067
FixedParameters: 0 0 0

#Transform 41
Transform: AffineTransform_float_3_3
Parameters: 1 0.000318793 -0.000316978 -0.000318821 1 -4.46286e-05 0.00031695 4.48307e-05 1 -0.0113069 0.0236059 -0.102742
FixedParameters: 0 0 0

#Transform 42
Transform: AffineTransform_float_3_3
Parameters: 1 0.000352386 -0.00020311 -0.000352413 1 -6.64419e-05 0.000203063 6.6585e-05 1 -0.0121455 0.0188552 -0.100375
FixedParameters: 0 0 0

#Transform 43
Transform: AffineTransform_float_3_3
Parameters: 1 0.000242813 -0.00027703 -0.00024242 1 -0.000102469 0.000277872 0.00010261 1 -0.0127578 0.0233312 -0.093053
FixedParameters: 0 0 0

#Transform 44
Transform: AffineTransform_float_3_3
Parameters: 1 0.000396051 -0.000330237 -0.000396083 1 -4.88663e-05 0.000330198 4.91279e-05 1 -0.0108407 0.0234125 -0.0899116
FixedParameters: 0 0 0

#Transform 45
Transform: AffineTransform_float_3_3
Parameters: 1 0.000394743 -0.000335413 -0.000394713 0.999999 3.23822e-05 0.000335424 -3.27115e-05 1 -0.0110869 0.0232817 -0.087385
FixedParameters: 0 0 0

#Transform 46
Transform: AffineTransform_float_3_3
Parameters: 1 0.000497922 -0.000431766 -0.000497673 0.999999 0.000278961 0.000432029 -0.000279125 1 -0.0138233 0.0178057 -0.102415
FixedParameters: 0 0 0

#Transform 47
Transform: AffineTransform_float_3_3
Parameters: 0.999999 0.000513382 -0.000495318 -0.000513285 1 9.8634e-05 0.000495419 -9.81254e-05 1 -0.00691624 0.0191693 -0.102406
FixedParameters: 0 0 0

#Transform 48
Transform: AffineTransform_float_3_3
Parameters: 1 0.000371023 -0.000379375 -0.000371071 1 -6.33455e-05 0.000379327 6.3627e-05 1 -0.0101831 0.0244662 -0.102689
FixedParameters: 0 0 0

#Transform 49
Transform: AffineTransform_float_3_3
Parameters: 1 0.000439083 -0.000246219 -0.000439088 1 -8.76422e-06 0.000246211 8.98044e-06 1 -0.0148332 0.0244674 -0.104199
FixedParameters: 0 0 0

#Transform 50
Transform: AffineTransform_float_3_3
Parameters: 1 0.000545869 -5.94167e-05 -0.000544881 0.999999 0.000797145 5.9836e-05 -0.000797065 0.999999 -0.00665922 0.013528 -0.168125
FixedParameters: 0 0 0

#Transform 51
Transform: AffineTransform_float_3_3
Parameters: 1 0.000380741 0.000461492 -0.000381084 1 0.000371619 -0.000461208 -0.000371971 1 -0.0102425 0.0314064 -0.228794
FixedParameters: 0 0 0

#Transform 52
Transform: AffineTransform_float_3_3
Parameters: 1 -0.000300432 0.00111571 0.000307009 0.999981 -0.00612645 -0.00111348 0.00612641 0.999981 -0.0154155 -0.00827747 0.294949
FixedParameters: 0 0 0

#Transform 53
Transform: AffineTransform_float_3_3
Parameters: 0.999999 -0.000283498 0.0010152 0.000289893 0.999981 -0.00620939 -0.00101362 0.00621068 0.99998 -0.012036 -0.0246278 0.263507
FixedParameters: 0 0 0

#Transform 54
Transform: AffineTransform_float_3_3
Parameters: 1 -0.00029549 0.00113139 0.000302713 0.99998 -0.00633439 -0.00112913 0.00633575 0.999979 -0.0140315 -0.0365342 0.24571
FixedParameters: 0 0 0

#Transform 55
Transform: AffineTransform_float_3_3
Parameters: 0.999999 -0.000372592 0.00138494 0.000381545 0.99998 -0.00627758 -0.00138217 0.00627789 0.999979 -0.019153 -0.0291444 0.221398
FixedParameters: 0 0 0

#Transform 56
Transform: AffineTransform_float_3_3
Parameters: 0.999999 -0.000346045 0.00135977 0.000354454 0.999981 -0.00619302 -0.0013574 0.00619324 0.99998 -0.018315 -0.0329018 0.210496
FixedParameters: 0 0 0

#Transform 57
Transform: AffineTransform_float_3_3
Parameters: 0.999999 -0.000361105 0.0013516 0.000369131 0.999981 -0.00609072 -0.00134908 0.00609098 0.99998 -0.0180816 -0.0220804 0.199754
FixedParameters: 0 0 0

#Transform 58
Transform: AffineTransform_float_3_3
Parameters: 1 -0.000286613 0.00113232 0.000292574 0.999983 -0.00576668 -0.0011304 0.00576662 0.999983 -0.0131085 -0.0252961 0.187543
FixedParameters: 0 0 0

#Transform 59
Transform: AffineTransform_float_3_3
Parameters: 1 -0.000282862 0.00113271 0.000289158 0.999984 -0.0055253 -0.00113138 0.00552605 0.999984 -0.0131662 -0.00656922 0.194083
FixedParameters: 0 0 0

#Transform 60
Transform: AffineTransform_float_3_3
Parameters: 1 -0.000283147 0.00113268 0.000289492 0.999985 -0.0055439 -0.00113133 0.00554445 0.999984 -0.0132006 -0.0183231 0.194672
FixedParameters: 0 0 0

#Transform 61
Transform: AffineTransform_float_3_3
Parameters: 0.999999 -0.000335208 0.00122958 0.000341588 0.999987 -0.00512186 -0.00122789 0.005122 0.999987 -0.0147592 -0.00611811 0.149346
FixedParameters: 0 0 0

#Transform 62
Transform: AffineTransform_float_3_3
Parameters: 0.999999 -0.000184066 0.00130408 0.000189373 0.999989 -0.00476067 -0.00130356 0.00476045 0.999988 -0.018222 0.00138957 0.147401
FixedParameters: 0 0 0

#Transform 63
Transform: AffineTransform_float_3_3
Parameters: 0.999999 -0.000190792 0.00129073 0.000195956 0.999989 -0.00475453 -0.00129015 0.00475432 0.999988 -0.0199871 -0.0102926 0.14872
FixedParameters: 0 0 0

#Transform 64
Transform: AffineTransform_float_3_3
Parameters: 0.999999 -0.000308799 0.00142526 0.000315501 0.999988 -0.00485121 -0.00142351 0.0048522 0.999988 -0.0183905 -0.0104838 0.139888
FixedParameters: 0 0 0

#Transform 65
Transform: AffineTransform_float_3_3
Parameters: 0.999999 -0.000264822 0.00148733 0.000271675 0.999989 -0.00470009 -0.00148605 0.00470098 0.999988 -0.0194685 -0.00841674 0.143542
FixedParameters: 0 0 0

#Transform 66
Transform: AffineTransform_float_3_3
Parameters: 0.999999 -0.000171362 0.00132483 0.000176923 0.999989 -0.00461491 -0.00132355 0.00461466 0.999988 -0.0156499 -0.0146345 0.14156
FixedParameters: 0 0 0

#Transform 67
Transform: AffineTransform_float_3_3
Parameters: 0.999999 -0.000116245 0.00138739 0.000120141 0.999996 -0.00300779 -0.00138681 0.00300744 0.999994 -0.0139233 -0.00481433 -0.0384633
FixedParameters: 0 0 0

#Transform 68
Transform: AffineTransform_float_3_3
Parameters: 1 -8.93113e-05 0.000447751 8.91636e-05 0.999999 -0.000832453 -0.000447153 0.000832517 0.999999 0.00642137 0.0162789 -0.137967
FixedParameters: 0 0 0

#Transform 69
Transform: AffineTransform_float_3_3
Parameters: 1 0.00024859 0.000536777 -0.000247173 0.999997 -0.00214362 -0.000537457 0.00214334 0.999997 -0.0039217 0.0414774 -0.113053
FixedParameters: 0 0 0

#Transform 70
Transform: AffineTransform_float_3_3
Parameters: 1 0.000498085 0.000924873 -0.000496796 0.999997 -0.00214848 -0.000925719 0.00214832 0.999997 -0.0195905 0.0321162 -0.132969
FixedParameters: 0 0 0

#Transform 71
Transform: AffineTransform_float_3_3
Parameters: 1 0.000611484 0.00098369 -0.00060926 0.999997 -0.00249588 -0.000985464 0.00249603 0.999996 -0.0224096 0.0554759 -0.173413
FixedParameters: 0 0 0

#Transform 72
Transform: AffineTransform_float_3_3
Parameters: 0.999999 0.000683026 0.00115201 -0.000679773 0.999996 -0.00276542 -0.00115321 0.00276459 0.999996 -0.0250141 0.0467516 -0.199703
FixedParameters: 0 0 0

#Transform 73
Transform: AffineTransform_float_3_3
Parameters: 0.999999 0.000760614 0.0011587 -0.000758095 0.999997 -0.00243798 -0.00115979 0.00243756 0.999996 -0.0246006 0.0658856 -0.202579
FixedParameters: 0 0 0

#Transform 74
Transform: AffineTransform_float_3_3
Parameters: 0.999999 0.00072935 0.00117393 -0.000727063 0.999997 -0.00249848 -0.00117585 0.0024981 0.999996 -0.0250719 0.0554779 -0.205513
FixedParameters: 0 0 0

#Transform 75
Transform: AffineTransform_float_3_3
Parameters: 0.999999 0.000818508 0.00112866 -0.000815996 0.999997 -0.00249995 -0.00113013 0.00249944 0.999996 -0.0234263 0.0663642 -0.217652
FixedParameters: 0 0 0

#Transform 76
Transform: AffineTransform_float_3_3
Parameters: 0.999999 0.000859606 0.00121712 -0.000856645 0.999997 -0.00213466 -0.00121859 0.00213333 0.999997 -0.0248521 0.0521788 -0.228643
FixedParameters: 0 0 0

#Transform 77
Transform: AffineTransform_float_3_3
Parameters: 0.999999 0.000951615 0.0010668 -0.000949647 0.999998 -0.00197307 -0.00106836 0.0019724 0.999997 -0.0216635 0.0527701 -0.211528
FixedParameters: 0 0 0

#Transform 78
Transform: AffineTransform_float_3_3
Parameters: 0.999999 0.000984837 0.00113357 -0.000982504 0.999998 -0.00201786 -0.00113534 0.00201698 0.999997 -0.0227244 0.0601671 -0.214065
FixedParameters: 0 0 0

#Transform 79
Transform: AffineTransform_float_3_3
Parameters: 0.999999 0.00101301 0.00118888 -0.00101046 0.999997 -0.00201032 -0.00119077 0.00200867 0.999997 -0.0235858 0.0474064 -0.225035
FixedParameters: 0 0 0

#Transform 80
Transform: AffineTransform_float_3_3
Parameters: 0.999999 0.000764836 0.000987754 -0.000763993 0.999999 -0.00133624 -0.000988921 0.00133551 0.999999 -0.0316982 0.0609723 -0.221167
FixedParameters: 0 0 0

#Transform 81
Transform: AffineTransform_float_3_3
Parameters: 0.999999 0.000567649 0.00110071 -0.000567692 1 -0.000393897 -0.00110069 0.000393435 0.999999 -0.0386791 0.0315719 -0.209827
FixedParameters: 0 0 0

#Transform 82
Transform: AffineTransform_float_3_3
Parameters: 0.999999 0.000679214 0.00129287 -0.000677658 0.999999 -0.00095345 -0.0012937 0.000952483 0.999998 -0.0415604 0.054467 -0.235964
FixedParameters: 0 0 0

#Transform 83
Transform: AffineTransform_float_3_3
Parameters: 0.999999 0.000798545 0.00115374 -0.000797825 0.999999 -0.00109126 -0.00115461 0.00109019 0.999999 -0.0371815 0.0676609 -0.245297
FixedParameters: 0 0 0

#Transform 84
Transform: AffineTransform_float_3_3
Parameters: 0.999999 0.000613844 0.00117025 -0.000612676 0.999999 -0.00126702 -0.00117092 0.00126636 0.999999 -0.0403538 0.0677989 -0.261723
FixedParameters: 0 0 0

#Transform 85
Transform: AffineTransform_float_3_3
Parameters: 0.999999 0.000701076 0.00120291 -0.000700219 0.999999 -0.00110365 -0.00120358 0.00110273 0.999999 -0.0404393 0.0845507 -0.257509
FixedParameters: 0 0 0

#Transform 86
Transform: AffineTransform_float_3_3
Parameters: 0.999999 0.000749789 0.00117985 -0.000749347 0.999999 -0.000954641 -0.00118036 0.000954238 0.999998 -0.0364344 0.0724707 -0.253819
FixedParameters: 0 0 0

#Transform 87
Transform: AffineTransform_float_3_3
Parameters: 0.999999 0.000748361 0.00118202 -0.000747339 0.999999 -0.000817386 -0.00118278 0.000816406 0.999999 -0.0403455 0.0742422 -0.256867
FixedParameters: 0 0 0

#Transform 88
Transform: AffineTransform_float_3_3
Parameters: 0.999999 0.000812139 0.00107531 -0.000810754 1 -0.000655405 -0.00107635 0.000655058 0.999999 -0.0386579 0.0634945 -0.261078
FixedParameters: 0 0 0

#Transform 89
Transform: AffineTransform_float_3_3
Parameters: 0.999999 0.000717433 0.00102576 -0.00071745 1 -0.000435375 -0.00102593 0.000434691 1 -0.0363294 0.0622731 -0.256195
FixedParameters: 0 0 0

#Transform 90
Transform: AffineTransform_float_3_3
Parameters: 0.999999 0.000894035 0.000907224 -0.000893412 0.999999 -0.000353151 -0.000907846 0.000352333 1 -0.0324855 0.0676749 -0.241143
FixedParameters: 0 0 0

#Transform 91
Transform: AffineTransform_float_3_3
Parameters: 0.999999 0.000892857 0.000906202 -0.000891701 0.999999 -0.000399125 -0.000906013 0.000398318 1 -0.0338596 0.0646984 -0.248665
FixedParameters: 0 0 0

#Transform 92
Transform: AffineTransform_float_3_3
Parameters: 0.999999 0.000896787 0.000909338 -0.000896375 0.999999 -0.000236191 -0.000909753 0.000235364 1 -0.032448 0.071998 -0.245141
FixedParameters: 0 0 0

#Transform 93
Transform: AffineTransform_float_3_3
Parameters: 1 0.000818808 0.000754897 -0.000818468 0.999999 -0.000236393 -0.000755276 0.000235961 1 -0.0279705 0.0786328 -0.247726
FixedParameters: 0 0 0

#Transform 94
Transform: AffineTransform_float_3_3
Parameters: 1 0.000853051 0.000822742 -0.000852678 0.999999 -0.000237179 -0.000823137 0.00023658 1 -0.0302524 0.0747864 -0.246163
FixedParameters: 0 0 0

#Transform 95
Transform: AffineTransform_float_3_3
Parameters: 0.999999 0.000741401 0.00109418 -0.000741795 1 -0.000235957 -0.00109408 0.000235123 1 -0.0368504 0.0709372 -0.268813
FixedParameters: 0 0 0

#Transform 96
Transform: AffineTransform_float_3_3
Parameters: 1 0.000646111 0.000847689 -0.000645732 1 -0.000233611 -0.000847983 0.00023332 1 -0.028668 0.078675 -0.271709
FixedParameters: 0 0 0

#Transform 97
Transform: AffineTransform_float_3_3
Parameters: 0.999999 0.00093689 0.000984741 -0.000936732 1 -9.32979e-05 -0.000984892 9.2851e-05 0.999999 -0.0299339 0.067477 -0.269202
FixedParameters: 0 0 0

#Transform 98
Transform: AffineTransform_float_3_3
Parameters: 1 0.000745539 0.000889344 -0.00074603 1 -0.000235486 -0.000889237 0.000234947 1 -0.0289703 0.0725911 -0.268946
FixedParameters: 0 0 0

#Transform 99
Transform: AffineTransform_float_3_3
Parameters: 1 0.000795312 0.000702769 -0.000795264 1 -4.34203e-05 -0.00070279 4.28965e-05 0.999999 -0.0249418 0.081279 -0.275767
FixedParameters: 0 0 0

#Transform 100
Transform: AffineTransform_float_3_3
Parameters: 1 0.000741265 0.000724204 -0.000741327 0.999999 3.96785e-05 -0.000724111 -4.07522e-05 0.999999 -0.0254042 0.0650743 -0.292235
FixedParameters: 0 0 0

#Transform 101
Transform: AffineTransform_float_3_3
Parameters: 1 0.00060742 0.000303277 -0.000607057 0.999999 0.000861003 -0.000302667 -0.000860761 0.999999 -0.00276855 0.109502 -0.366598
FixedParameters: 0 0 0

#Transform 102
Transform: AffineTransform_float_3_3
Parameters: 0.999999 0.000924203 0.000819966 -0.000923936 1 -0.000177616 -0.000820272 0.000177498 1 -0.0249926 0.0572322 -0.376462
FixedParameters: 0 0 0

#Transform 103
Transform: AffineTransform_float_3_3
Parameters: 1 0.000573977 0.000247868 -0.000574223 0.999999 0.00049585 -0.000247298 -0.000496134 1 -0.00427086 0.0455415 -0.340419
FixedParameters: 0 0 0

#Transform 104
Transform: AffineTransform_float_3_3
Parameters: 0.999999 0.000453752 0.000640914 -0.000453832 0.999999 -0.00132732 -0.000641252 0.0013267 0.999999 -0.0122855 0.0820919 -0.325362
FixedParameters: 0 0 0

#Transform 105
Transform: AffineTransform_float_3_3
Parameters: 0.999999 0.000547124 0.000510521 -0.00054693 1 -0.000190437 -0.000510729 0.000189878 1 -0.00378223 0.0561178 -0.378004
FixedParameters: 0 0 0

#Transform 106
Transform: AffineTransform_float_3_3
Parameters: 1 0.000281359 0.000246975 -0.000281212 1 -0.000297291 -0.000247142 0.000297152 1 0.000339154 0.0761722 -0.398022
FixedParameters: 0 0 0

#Transform 107
Transform: AffineTransform_float_3_3
Parameters: 1 0.00029519 0.000287941 -0.000294761 0.999999 -0.000744677 -0.000288381 0.000744507 0.999999 -0.000480925 0.100308 -0.385156
FixedParameters: 0 0 0

#Transform 108
Transform: AffineTransform_float_3_3
Parameters: 1 0.0002011 0.00023943 -0.000200706 0.999999 -0.000822985 -0.000239761 0.000822889 0.999999 0.000280785 0.107235 -0.403624
FixedParameters: 0 0 0

#Transform 109
Transform: AffineTransform_float_3_3
Parameters: 1 0.000156263 0.000170045 -0.000156834 0.999999 -0.000946113 -0.000169891 0.000946044 0.999999 0.00173673 0.107023 -0.423025
FixedParameters: 0 0 0

#Transform 110
Transform: AffineTransform_float_3_3
Parameters: 1 0.000101141 8.04418e-05 -0.000101026 0.999999 -0.000712954 -8.05859e-05 0.000712938 0.999999 0.00299231 0.103369 -0.412736
FixedParameters: 0 0 0

#Transform 111
Transform: AffineTransform_float_3_3
Parameters: 1 8.36573e-05 9.56423e-05 -8.34281e-05 1 -0.00117676 -9.58724e-05 0.00117674 1 0.0029318 0.0965314 -0.433433
FixedParameters: 0 0 0

#Transform 112
Transform: AffineTransform_float_3_3
Parameters: 1 0.000249483 9.62342e-05 -0.000249177 0.999999 -0.0015606 -9.70458e-05 0.00156055 0.999999 0.0042138 0.100035 -0.456939
FixedParameters: 0 0 0

#Transform 113
Transform: AffineTransform_float_3_3
Parameters: 1 0.000319948 0.000193828 -0.000320309 0.999999 -0.00135999 -0.000194282 0.00135985 0.999999 -0.00113182 0.0858042 -0.459077
FixedParameters: 0 0 0

#Transform 114
Transform: AffineTransform_float_3_3
Parameters: 1 0.000212831 0.000143825 -0.000212436 0.999999 -0.00135806 -0.000144436 0.001358 0.999999 0.00301247 0.0833626 -0.458339
FixedParameters: 0 0 0

#Transform 115
Transform: AffineTransform_float_3_3
Parameters: 1 0.000149297 0.000142635 -0.000148944 0.999999 -0.00122396 -0.000143034 0.00122392 0.999999 -0.00169139 0.0834574 -0.439032
FixedParameters: 0 0 0

#Transform 116
Transform: AffineTransform_float_3_3
Parameters: 1 0.000168338 0.000197185 -0.000168857 0.999999 -0.000979977 -0.00019709 0.000980699 1 -0.00263044 0.0978816 -0.442398
FixedParameters: 0 0 0

#Transform 117
Transform: AffineTransform_float_3_3
Parameters: 1 0.000124949 0.000138038 -0.000124633 1 -0.00112653 -0.000138352 0.0011265 1 -0.000703554 0.0967712 -0.462957
FixedParameters: 0 0 0

#Transform 118
Transform: AffineTransform_float_3_3
Parameters: 1 0.000118351 0.000206548 -0.000117981 0.999999 -0.000895524 -0.000206759 0.000895475 0.999999 -0.0030039 0.108866 -0.460282
FixedParameters: 0 0 0

#Transform 119
Transform: AffineTransform_float_3_3
Parameters: 1 0.000128025 0.000261906 -0.000127542 0.999999 -0.000920804 -0.000262141 0.000920737 0.999999 -0.005163 0.112258 -0.462288
FixedParameters: 0 0 0

#Transform 120
Transform: AffineTransform_float_3_3
Parameters: 1 0.000164911 0.000274154 -0.000164394 0.999999 -0.000965061 -0.000274497 0.000965775 1 -0.0046988 0.119409 -0.470366
FixedParameters: 0 0 0

#Transform 121
Transform: AffineTransform_float_3_3
Parameters: 1 0.000115895 0.000160997 -0.000115615 0.999999 -0.000869387 -0.000161198 0.00086935 0.999999 0.00239835 0.112889 -0.463739
FixedParameters: 0 0 0

#Transform 122
Transform: AffineTransform_float_3_3
Parameters: 1 0.0001731 4.6935e-05 -0.000172578 0.999999 -0.000761093 -4.63058e-05 0.000761083 0.999999 0.00500736 0.102218 -0.467917
FixedParameters: 0 0 0

#Transform 123
Transform: AffineTransform_float_3_3
Parameters: 1 0.000295787 0.000306307 -0.000294978 0.999999 -0.00131281 -0.000307116 0.00131263 0.999999 -0.00728564 0.107569 -0.476233
FixedParameters: 0 0 0

#Transform 124
Transform: AffineTransform_float_3_3
Parameters: 1 0.000132977 0.000248548 -0.000132643 1 -0.000670827 -0.000248727 0.000670761 0.999999 -0.00480588 0.10179 -0.476234
FixedParameters: 0 0 0

#Transform 125
Transform: AffineTransform_float_3_3
Parameters: 1 0.000320611 0.000587899 -0.00032041 0.999999 -0.000940418 -0.000588077 0.00094083 1 -0.00908038 0.109449 -0.440812
FixedParameters: 0 0 0

#Transform 126
Transform: AffineTransform_float_3_3
Parameters: 1 0.00036174 0.000566576 -0.000361522 0.999999 -0.000991089 -0.000566867 0.000991467 1 -0.011365 0.0962474 -0.411541
FixedParameters: 0 0 0

#Transform 127
Transform: AffineTransform_float_3_3
Parameters: 1 0.000376691 0.000555404 -0.000376094 0.999999 -0.00133677 -0.000555993 0.00133634 0.999999 -0.0142296 0.0878534 -0.439813
FixedParameters: 0 0 0

#Transform 128
Transform: AffineTransform_float_3_3
Parameters: 1 0.000117358 0.000154442 -0.000116979 1 -0.00121145 -0.00015476 0.00121141 1 0.000821748 0.0722715 -0.370361
FixedParameters: 0 0 0

#Transform 129
Transform: AffineTransform_float_3_3
Parameters: 0.999999 0.000141508 0.000792009 -0.000140439 0.999999 -0.00123617 -0.000791941 0.00123594 0.999999 -0.0192094 0.0979636 -0.345057
FixedParameters: 0 0 0

#Transform 130
Transform: AffineTransform_float_3_3
Parameters: 1 0.000419632 0.00108131 -0.000417482 0.999999 -0.00181781 -0.00108197 0.00181687 0.999998 -0.0266103 0.0848635 -0.346077
FixedParameters: 0 0 0

#Transform 131
Transform: AffineTransform_float_3_3
Parameters: 1 0.000503149 0.00107369 -0.000501014 0.999998 -0.00182328 -0.00107466 0.00182216 0.999998 -0.0217775 0.0710368 -0.37661
FixedParameters: 0 0 0

#Transform 132
Transform: AffineTransform_float_3_3
Parameters: 1 0.000456695 0.00103592 -0.000455462 0.999999 -0.00146291 -0.00103638 0.00146274 0.999999 -0.0252946 0.0903557 -0.351048
FixedParameters: 0 0 0

#Transform 133
Transform: AffineTransform_float_3_3
Parameters: 1 0.000408028 0.000961926 -0.00040612 0.999999 -0.00146186 -0.000962691 0.00146187 0.999999 -0.0224582 0.0912587 -0.32537
FixedParameters: 0 0 0

#Transform 134
Transform: AffineTransform_float_3_3
Parameters: 1 0.000325672 0.000956196 -0.000324848 0.999999 -0.00160543 -0.000957258 0.00160558 0.999998 -0.0211989 0.0958986 -0.329839
FixedParameters: 0 0 0

#Transform 135
Transform: AffineTransform_float_3_3
Parameters: 1 0.000353749 0.00104081 -0.000352014 0.999998 -0.00169712 -0.00104113 0.00169716 0.999998 -0.0242416 0.0942854 -0.327897
FixedParameters: 0 0 0

#Transform 136
Transform: AffineTransform_float_3_3
Parameters: 1 0.000383346 0.00107084 -0.000381296 0.999999 -0.00178913 -0.00107134 0.00178828 0.999998 -0.0250828 0.104195 -0.311003
FixedParameters: 0 0 0

#Transform 137
Transform: AffineTransform_float_3_3
Parameters: 1 0.000386238 0.0010192 -0.000384203 0.999998 -0.00187208 -0.00101978 0.00187126 0.999997 -0.0233932 0.0927562 -0.306253
FixedParameters: 0 0 0

#Transform 138
Transform: AffineTransform_float_3_3
Parameters: 1 0.000411283 0.00102418 -0.000409401 0.999999 -0.00178852 -0.00102478 0.00178765 0.999998 -0.02266 0.0900975 -0.296717
FixedParameters: 0 0 0

#Transform 139
Transform: AffineTransform_float_3_3
Parameters: 0.999999 0.000460023 0.000857656 -0.000458858 0.999999 -0.0011969 -0.000858339 0.0011961 0.999999 -0.0201848 0.0773816 -0.329023
FixedParameters: 0 0 0

#Transform 140
Transform: AffineTransform_float_3_3
Parameters: 1 0.000196447 0.000669055 -0.000195259 0.999999 -0.000896418 -0.000669431 0.00089696 1 -0.0185442 0.0891934 -0.317285
FixedParameters: 0 0 0

#Transform 141
Transform: AffineTransform_float_3_3
Parameters: 0.999999 0.000313923 0.000749263 -0.000312746 0.999999 -0.00137812 -0.00074971 0.00137763 0.999999 -0.0193213 0.0850659 -0.299051
FixedParameters: 0 0 0

#Transform 142
Transform: AffineTransform_float_3_3
Parameters: 0.999999 0.000286898 0.000722299 -0.000286361 0.999999 -0.00129759 -0.000723519 0.00129715 0.999999 -0.0229966 0.0936339 -0.312392
FixedParameters: 0 0 0

#Transform 143
Transform: AffineTransform_float_3_3
Parameters: 0.999999 0.000302089 0.00078894 -0.000300985 0.999999 -0.00126298 -0.000789284 0.00126249 0.999999 -0.0232942 0.102017 -0.307015
FixedParameters: 0 0 0

#Transform 144
Transform: AffineTransform_float_3_3
Parameters: 0.999999 0.000224072 0.00066474 -0.000223131 0.999999 -0.00137637 -0.000664939 0.00137606 0.999999 -0.0214859 0.0946748 -0.295432
FixedParameters: 0 0 0

#Transform 145
Transform: AffineTransform_float_3_3
Parameters: 0.999999 0.000421768 0.000765272 -0.000420544 0.999999 -0.00138004 -0.000766017 0.00137938 0.999999 -0.0217502 0.0986821 -0.30438
FixedParameters: 0 0 0

#Transform 146
Transform: AffineTransform_float_3_3
Parameters: 1 0.000438218 0.000358239 -0.000437178 0.999999 -0.000824279 -0.000358068 0.000823971 0.999999 -0.00913513 0.088603 -0.389755
FixedParameters: 0 0 0

#Transform 147
Transform: AffineTransform_float_3_3
Parameters: 0.999999 -5.3579e-05 0.000759131 5.84543e-05 0.999982 -0.00610838 -0.000759066 0.0061084 0.999981 -0.0155519 0.0765464 -0.0158996
FixedParameters: 0 0 0

#Transform 148
Transform: AffineTransform_float_3_3
Parameters: 1 -0.0001031 0.000288894 0.000104667 0.999979 -0.00644872 -0.000288249 0.00644875 0.999979 -0.00668766 0.0326081 0.197001
FixedParameters: 0 0 0

#Transform 149
Transform: AffineTransform_float_3_3
Parameters: 1 -0.000357399 9.80889e-05 0.000357682 0.999984 -0.005755 -9.63268e-05 0.00575506 0.999984 0.00911432 0.00453261 0.201927
FixedParameters: 0 0 0

#Transform 150
Transform: AffineTransform_float_3_3
Parameters: 0.999999 -0.000500465 0.000637031 0.000502975 0.999985 -0.00545232 -0.00063428 0.00545289 0.999985 -0.00143608 0.0110637 0.148162
FixedParameters: 0 0 0

#Transform 151
Transform: AffineTransform_float_3_3
Parameters: 0.999999 -0.000249687 0.000859385 0.000255366 0.999981 -0.00612591 -0.000857817 0.00612567 0.999981 -0.00857051 0.0239525 0.149299
FixedParameters: 0 0 0

#Transform 152
Transform: AffineTransform_float_3_3
Parameters: 1 -6.32174e-05 0.00110421 6.99404e-05 0.999981 -0.00625288 -0.00110265 0.00625291 0.99998 -0.0127706 0.022135 0.13979
FixedParameters: 0 0 0

#Transform 153
Transform: AffineTransform_float_3_3
Parameters: 1 4.10941e-05 0.00105206 -3.48882e-05 0.999982 -0.00589918 -0.00105215 0.0058998 0.999982 -0.0238083 0.0136566 0.0928743
FixedParameters: 0 0 0

#Transform 154
Transform: AffineTransform_float_3_3
Parameters: 1 0.000152969 0.00114128 -0.00014702 0.999984 -0.00552011 -0.00114118 0.00551986 0.999984 -0.0223278 0.0488657 0.0772666
FixedParameters: 0 0 0

#Transform 155
Transform: AffineTransform_float_3_3
Parameters: 0.999999 0.000113438 0.00144285 -0.000104912 0.999982 -0.00603328 -0.0014425 0.00603362 0.99998 -0.0258533 0.0355121 0.0765353
FixedParameters: 0 0 0

#Transform 156
Transform: AffineTransform_float_3_3
Parameters: 0.999999 0.000150367 0.00151578 -0.000141313 0.999981 -0.00606311 -0.00151677 0.00606331 0.99998 -0.0313004 0.0490199 0.0640274
FixedParameters: 0 0 0

#Transform 157
Transform: AffineTransform_float_3_3
Parameters: 0.999999 0.000229612 0.00132197 -0.00022292 0.999986 -0.00521122 -0.00132341 0.00520991 0.999986 -0.0285277 0.0675906 -0.0705652
FixedParameters: 0 0 0

#Transform 158
Transform: AffineTransform_float_3_3
Parameters: 1 -3.07514e-05 0.00114905 3.74251e-05 0.999985 -0.00560344 -0.00114825 0.00560342 0.999983 -0.0298882 0.0866911 -0.0909631
FixedParameters: 0 0 0

#Transform 159
Transform: AffineTransform_float_3_3
Parameters: 0.999999 -0.00025467 0.0018558 0.000266498 0.999981 -0.00618049 -0.00185539 0.00618068 0.999979 -0.0494096 0.0730272 -0.104595
FixedParameters: 0 0 0

#Transform 160
Transform: AffineTransform_float_3_3
Parameters: 0.999998 0.000109533 0.00189734 -9.76355e-05 0.999979 -0.00641278 -0.00189753 0.00641179 0.999978 -0.0538977 0.0838991 -0.149551
FixedParameters: 0 0 0

#Transform 161
Transform: AffineTransform_float_3_3
Parameters: 0.999999 0.000116458 0.00153239 -0.000110122 0.999989 -0.00453611 -0.00153328 0.00453585 0.999988 -0.0168596 0.0858676 -0.185693
FixedParameters: 0 0 0

#Transform 162
Transform: AffineTransform_float_3_3
Parameters: 0.999999 -0.000120909 0.00128492 0.000125362 0.999992 -0.00398946 -0.00128462 0.00399049 0.999991 -0.0215545 0.0641491 -0.155915
FixedParameters: 0 0 0

#Transform 163
Transform: AffineTransform_float_3_3
Parameters: 0.999999 -0.000167073 0.00134738 0.000173393 0.99999 -0.00449259 -0.00134662 0.00449316 0.999989 -0.026899 0.0652781 -0.18918
FixedParameters: 0 0 0

#Transform 164
Transform: AffineTransform_float_3_3
Parameters: 0.999999 -0.000271643 0.0014134 0.000278138 0.999988 -0.00481427 -0.001412 0.00481433 0.999987 -0.0311416 0.0767722 -0.205573
FixedParameters: 0 0 0

#Transform 165
Transform: AffineTransform_float_3_3
Parameters: 0.999999 -0.000120826 0.00122267 0.000127438 0.999986 -0.00542694 -0.00122177 0.00542714 0.999984 -0.0231077 0.0858047 -0.185697
FixedParameters: 0 0 0

#Transform 166
Transform: AffineTransform_float_3_3
Parameters: 0.999999 -0.000184643 0.00156148 0.00019337 0.999986 -0.00535417 -0.00156035 0.00535403 0.999984 -0.0311177 0.0894339 -0.21462
FixedParameters: 0 0 0

#Transform 167
Transform: AffineTransform_float_3_3
Parameters: 0.999999 3.26209e-05 0.00176047 -1.57651e-05 0.999957 -0.00931169 -0.00176096 0.00931154 0.999955 -0.0280519 0.0938639 0.0711911
FixedParameters: 0 0 0

#Transform 168
Transform: AffineTransform_float_3_3
Parameters: 0.999999 0.000218314 0.0017695 -0.000199984 0.999945 -0.0105443 -0.00177167 0.0105435 0.999943 -0.0304932 0.0857493 0.114063
FixedParameters: 0 0 0

#Transform 169
Transform: AffineTransform_float_3_3
Parameters: 0.999998 0.000331141 0.00160455 -0.000315218 0.999955 -0.00949387 -0.00160812 0.00949279 0.999954 -0.0270397 0.062989 -0.00917251
FixedParameters: 0 0 0

#Transform 170
Transform: AffineTransform_float_3_3
Parameters: 0.999998 0.000356337 0.00160123 -0.000343175 0.999964 -0.00853202 -0.00160345 0.00853226 0.999962 -0.0232115 0.0546709 -0.0620667
FixedParameters: 0 0 0

#Transform 171
Transform: AffineTransform_float_3_3
Parameters: 0.999996 0.000618855 0.00270077 -0.000593215 0.999957 -0.00926569 -0.00270663 0.00926461 0.999954 -0.0260229 0.0919545 -0.0253126
FixedParameters: 0 0 0

#Transform 172
Transform: AffineTransform_float_3_3
Parameters: 1 0.000591965 -2.19787e-05 -0.000592381 0.99913 -0.0416878 -2.35428e-06 0.0416877 0.999131 0.0583825 -0.134336 1.11746
FixedParameters: 0 0 0

#Transform 173
Transform: AffineTransform_float_3_3
Parameters: 0.999999 0.000544613 0.00090375 -0.000506753 0.999119 -0.0419581 -0.000925743 0.0419578 0.999119 0.0496985 -0.202201 1.12187
FixedParameters: 0 0 0

#Transform 174
Transform: AffineTransform_float_3_3
Parameters: 1 0.000490728 -7.61042e-05 -0.000493964 0.999058 -0.0433925 5.50896e-05 0.0433931 0.999058 0.0658065 -0.222438 1.15869
FixedParameters: 0 0 0

#Transform 175
Transform: AffineTransform_float_3_3
Parameters: 1 0.000459269 -0.00056372 -0.000486005 0.998833 -0.0482907 0.000540673 0.0482907 0.998833 0.076093 -0.180268 1.30132
FixedParameters: 0 0 0

#Transform 176
Transform: AffineTransform_float_3_3
Parameters: 1 0.000458645 0.000246177 -0.000446566 0.998863 -0.0476713 -0.000267383 0.0476714 0.998863 0.0709257 -0.18979 1.26883
FixedParameters: 0 0 0

#Transform 177
Transform: AffineTransform_float_3_3
Parameters: 1 0.000621748 -7.31043e-05 -0.000624942 0.999089 -0.0426606 4.62762e-05 0.0426611 0.99909 0.0765772 -0.172299 1.11471
FixedParameters: 0 0 0

#Transform 178
Transform: AffineTransform_float_3_3
Parameters: 0.999999 0.000288172 -2.85263e-05 -0.000289953 0.999065 -0.0432411 1.65192e-05 0.0432417 0.999064 0.0502667 -0.114308 1.14925
FixedParameters: 0 0 0

#Transform 179
Transform: AffineTransform_float_3_3
Parameters: 1 -0.000394623 -0.000323583 0.000381068 0.999199 -0.0400276 0.000338511 0.0400276 0.999199 0.052812 -0.0999752 1.11274
FixedParameters: 0 0 0

#Transform 180
Transform: AffineTransform_float_3_3
Parameters: 1 -0.00020089 1.69362e-05 0.000200975 0.99921 -0.0397445 -8.57971e-06 0.0397451 0.999209 0.0478441 -0.102493 1.07535
FixedParameters: 0 0 0

#Transform 181
Transform: AffineTransform_float_3_3
Parameters: 1 -0.000194173 1.76234e-05 0.000195165 0.999225 -0.0393433 -9.85136e-06 0.0393433 0.999226 0.045504 -0.0975396 1.0162
FixedParameters: 0 0 0

#Transform 182
Transform: AffineTransform_float_3_3
Parameters: 1 -0.000176182 1.94968e-05 0.000176726 0.999267 -0.0382675 -1.30265e-05 0.0382675 0.999267 0.0448776 -0.0852902 0.976898
FixedParameters: 0 0 0

#Transform 183
Transform: AffineTransform_float_3_3
Parameters: 1 -0.000300909 0.000349431 0.000313405 0.999293 -0.0375959 -0.000337402 0.0375958 0.999293 0.037262 -0.0959896 1.01876
FixedParameters: 0 0 0

#Transform 184
Transform: AffineTransform_float_3_3
Parameters: 0.999999 -0.000532379 0.00127042 0.000577749 0.999353 -0.0359663 -0.00125151 0.0359672 0.999352 0.0201123 -0.115344 0.975596
FixedParameters: 0 0 0

#Transform 185
Transform: AffineTransform_float_3_3
Parameters: 1 -0.000242481 0.000405128 0.000256933 0.999382 -0.0351352 -0.000395665 0.035136 0.999383 0.0319758 -0.117718 0.903671
FixedParameters: 0 0 0

#Transform 186
Transform: AffineTransform_float_3_3
Parameters: 1 -0.000228958 0.000996307 0.000263568 0.999396 -0.0347353 -0.000987603 0.034736 0.999396 0.0169311 -0.0965651 0.92008
FixedParameters: 0 0 0

#Transform 187
Transform: AffineTransform_float_3_3
Parameters: 1 -0.000372239 0.00115447 0.000412376 0.999375 -0.0353311 -0.0011403 0.0353321 0.999375 0.0118823 -0.103191 0.971166
FixedParameters: 0 0 0

#Transform 188
Transform: AffineTransform_float_3_3
Parameters: 1 -0.000141727 0.00105168 0.000178303 0.999371 -0.0354481 -0.00104554 0.0354486 0.999371 0.0196382 -0.127957 0.963584
FixedParameters: 0 0 0

#Transform 189
Transform: AffineTransform_float_3_3
Parameters: 1 -0.000344095 0.000588089 0.000364489 0.999361 -0.0357442 -0.000575549 0.0357443 0.999361 0.0181756 -0.099516 0.98036
FixedParameters: 0 0 0
