#Insight Transform File V1.0
#Transform 0
Transform: AffineTransform_float_3_3
Parameters: 0.999999 -0.000671832 0.00122319 0.000674421 0.999998 -0.00178633 -0.00122216 0.00178736 0.999998 -0.0164179 -0.0012433 0.0471596
FixedParameters: 0 0 0

#Transform 1
Transform: AffineTransform_float_3_3
Parameters: 0.999999 -0.000766773 0.00102643 0.000768013 0.999999 -0.00146997 -0.00102551 0.00147072 0.999998 -0.0208525 7.89193e-05 0.0420743
FixedParameters: 0 0 0

#Transform 2
Transform: AffineTransform_float_3_3
Parameters: 0.999999 -0.000766227 0.00102646 0.000767405 0.999999 -0.00143578 -0.00102562 0.00143592 0.999998 -0.0133372 0.00283648 0.0223796
FixedParameters: 0 0 0

#Transform 3
Transform: AffineTransform_float_3_3
Parameters: 1 -0.000751008 0.000892937 0.000751846 0.999999 -0.00122166 -0.000891542 0.00122298 0.999999 -0.0173136 0.00998469 0.0119648
FixedParameters: 0 0 0

#Transform 4
Transform: AffineTransform_float_3_3
Parameters: 1 -0.00049795 0.000958809 0.000498947 0.999999 -0.00122021 -0.000958034 0.00122114 0.999999 -0.0185511 0.00305875 0.0146709
FixedParameters: 0 0 0

#Transform 5
Transform: AffineTransform_float_3_3
Parameters: 1 -0.000438473 0.00092491 0.000439474 0.999999 -0.00126722 -0.000924239 0.00126801 0.999999 -0.0216456 0.0186055 0.0266183
FixedParameters: 0 0 0

#Transform 6
Transform: AffineTransform_float_3_3
Parameters: 1 -0.00047737 0.00085838 0.000478371 0.999999 -0.00161369 -0.000858196 0.00161308 0.999998 -0.0205929 0.0174139 0.0328985
FixedParameters: 0 0 0

#Transform 7
Transform: AffineTransform_float_3_3
Parameters: 0.999999 -0.000533665 0.000749435 0.000534418 0.999999 -0.00168576 -0.000749011 0.00168573 0.999998 -0.0106813 0.0230443 0.0317809
FixedParameters: 0 0 0

#Transform 8
Transform: AffineTransform_float_3_3
Parameters: 0.999999 -0.000535489 0.000741595 0.000535999 0.999998 -0.0015451 -0.000741322 0.00154527 0.999998 -0.0132619 0.0195451 0.0313842
FixedParameters: 0 0 0

#Transform 9
Transform: AffineTransform_float_3_3
Parameters: 0.999999 -0.000670572 0.000467994 0.000670912 0.999999 -0.00132056 -0.00046804 0.00132118 0.999999 -0.0139019 0.0158281 0.0396679
FixedParameters: 0 0 0

#Transform 10
Transform: AffineTransform_float_3_3
Parameters: 0.999999 -0.000498922 0.000578858 0.000500083 0.999999 -0.00138867 -0.000578396 0.00138924 0.999999 -0.0151618 0.0140268 0.0346175
FixedParameters: 0 0 0

#Transform 11
Transform: AffineTransform_float_3_3
Parameters: 1 -0.00044861 0.000354998 0.000449149 0.999999 -0.00138921 -0.000354676 0.00138953 0.999999 -0.0105423 0.0215834 0.0507007
FixedParameters: 0 0 0

#Transform 12
Transform: AffineTransform_float_3_3
Parameters: 1 -0.000372966 0.000318192 0.000372414 0.999999 -0.00123845 -0.000317745 0.00123866 0.999999 -0.00941539 0.00244361 0.0522235
FixedParameters: 0 0 0

#Transform 13
Transform: AffineTransform_float_3_3
Parameters: 1 -8.68231e-05 0.000452025 8.76392e-05 0.999999 -0.00139557 -0.000452707 0.00139564 0.999999 -0.0156464 0.00232597 0.0524524
FixedParameters: 0 0 0

#Transform 14
Transform: AffineTransform_float_3_3
Parameters: 1 -0.000183167 0.000500807 0.000184117 0.999999 -0.001394 -0.00050122 0.00139418 0.999999 -0.0119587 0.00786756 0.0375467
FixedParameters: 0 0 0

#Transform 15
Transform: AffineTransform_float_3_3
Parameters: 1 -0.000229411 0.000553362 0.000229613 0.999999 -0.00139331 -0.000553198 0.00139354 0.999999 -0.0133115 -0.00332119 0.0430157
FixedParameters: 0 0 0

#Transform 16
Transform: AffineTransform_float_3_3
Parameters: 1 -0.000228659 0.00067794 0.000229545 0.999999 -0.000994057 -0.000678402 0.000995166 0.999999 -0.0159293 -0.00472114 0.0432757
FixedParameters: 0 0 0

#Transform 17
Transform: AffineTransform_float_3_3
Parameters: 1 -0.000387259 3.79432e-05 0.000387352 0.999999 -0.00118275 -3.70605e-05 0.00118278 1 -0.00370111 -0.00338471 0.045177
FixedParameters: 0 0 0

#Transform 18
Transform: AffineTransform_float_3_3
Parameters: 1 -0.000324222 0.000505871 0.000324539 0.999999 -0.00118535 -0.0005047 0.00118507 1 -0.0126426 0.00631426 0.035335
FixedParameters: 0 0 0

#Transform 19
Transform: AffineTransform_float_3_3
Parameters: 1 -0.00010864 0.000533699 0.000108187 0.999999 -0.000834283 -0.000533961 0.000834377 0.999999 -0.0120974 -0.00289737 0.0338107
FixedParameters: 0 0 0

#Transform 20
Transform: AffineTransform_float_3_3
Parameters: 1 -7.69545e-05 0.000620766 7.7991e-05 0.999999 -0.000834966 -0.000620636 0.000835062 0.999999 -0.0133904 0.0110814 0.01388
FixedParameters: 0 0 0

#Transform 21
Transform: AffineTransform_float_3_3
Parameters: 1 -0.000281724 -0.000588955 0.000280734 0.999999 -0.000829045 0.000589396 0.000829518 1 0.00614287 4.73189e-06 0.0139586
FixedParameters: 0 0 0

#Transform 22
Transform: AffineTransform_float_3_3
Parameters: 1 0.00020593 -0.000542712 -0.000205683 1 0.000227744 0.000542806 -0.000227521 1 0.0114891 0.00248099 0.0350968
FixedParameters: 0 0 0

#Transform 23
Transform: AffineTransform_float_3_3
Parameters: 1 0.000401379 -0.000169163 -0.000401319 1 0.000178705 0.000169306 -0.00017857 1 0.00480729 -0.00812179 0.0420797
FixedParameters: 0 0 0

#Transform 24
Transform: AffineTransform_float_3_3
Parameters: 1 0.000552944 -9.2848e-05 -0.000552885 1 0.000319027 9.32008e-05 -0.000318924 1 0.00131339 -0.00230013 0.036393
FixedParameters: 0 0 0

#Transform 25
Transform: AffineTransform_float_3_3
Parameters: 1 0.000158844 -0.000673932 -0.000157599 1 0.000914089 0.000674173 -0.000914469 1 0.00148955 -0.0188894 -0.00118112
FixedParameters: 0 0 0

#Transform 26
Transform: AffineTransform_float_3_3
Parameters: 1 0.000175153 -0.000641753 -0.000173966 1 0.000921557 0.000642041 -0.000921333 1 0.00142845 -0.0175389 -0.00908737
FixedParameters: 0 0 0

#Transform 27
Transform: AffineTransform_float_3_3
Parameters: 1 0.000152688 -0.000684733 -0.000151942 1 0.000870993 0.000684073 -0.00087079 1 0.00276634 -0.00714033 -0.00564129
FixedParameters: 0 0 0

#Transform 28
Transform: AffineTransform_float_3_3
Parameters: 1 0.000186102 -0.000625333 -0.000184732 0.999999 0.00108557 0.000625687 -0.00108594 1 0.00234608 -0.00356215 -0.00609209
FixedParameters: 0 0 0

#Transform 29
Transform: AffineTransform_float_3_3
Parameters: 1 0.000356099 -0.000288475 -0.000355901 1 0.00111686 0.000288344 -0.00111666 1 -0.0035754 -0.0031804 -0.0107426
FixedParameters: 0 0 0

#Transform 30
Transform: AffineTransform_float_3_3
Parameters: 1 0.000182502 -0.000635825 -0.000180985 1 0.00118947 0.000636224 -0.00118924 0.999999 0.0023603 -0.0138987 0.00139203
FixedParameters: 0 0 0

#Transform 31
Transform: AffineTransform_float_3_3
Parameters: 1 0.000236395 -0.00053281 -0.000235439 0.999999 0.00131739 0.000532506 -0.00131714 0.999999 -0.0044046 -0.00479474 -0.00880549
FixedParameters: 0 0 0

#Transform 32
Transform: AffineTransform_float_3_3
Parameters: 1 0.000201951 -0.00060326 -0.000200284 0.999999 0.00137811 0.000603781 -0.00137787 0.999999 -0.00234677 -0.00869575 -0.00748059
FixedParameters: 0 0 0

#Transform 33
Transform: AffineTransform_float_3_3
Parameters: 1 0.000209081 -0.000585621 -0.00020804 0.999999 0.00127094 0.000585226 -0.0012707 0.999999 -0.00254325 -0.00479655 5.16322e-05
FixedParameters: 0 0 0

#Transform 34
Transform: AffineTransform_float_3_3
Parameters: 1 0.000202343 -0.000599022 -0.000200816 0.999999 0.00127108 0.000599501 -0.00127084 0.999999 0.00144319 -0.00649626 0.00109961
FixedParameters: 0 0 0

#Transform 35
Transform: AffineTransform_float_3_3
Parameters: 1 0.000393341 -0.000225978 -0.000393117 0.999999 0.00148415 0.00022622 -0.00148398 0.999999 -0.00437388 -0.00248249 -0.0128456
FixedParameters: 0 0 0

#Transform 36
Transform: AffineTransform_float_3_3
Parameters: 1 0.000249019 -0.000511134 -0.00024801 0.999999 0.00142415 0.000510916 -0.0014239 0.999999 -0.0013854 -0.0120519 -0.0114623
FixedParameters: 0 0 0

#Transform 37
Transform: AffineTransform_float_3_3
Parameters: 1 0.000361593 -0.000287732 -0.000361211 0.999999 0.00143981 0.000287846 -0.00143961 0.999999 -0.00311983 -0.007817 -0.0180871
FixedParameters: 0 0 0

#Transform 38
Transform: AffineTransform_float_3_3
Parameters: 1 0.000260165 -0.000235909 -0.000259895 0.999999 0.00151838 0.000235773 -0.00151826 0.999999 -0.00534159 -0.0147055 -0.0197408
FixedParameters: 0 0 0

#Transform 39
Transform: AffineTransform_float_3_3
Parameters: 1 0.000252345 -0.000510709 -0.00025114 0.999998 0.00161712 0.000510598 -0.00161687 0.999998 -0.00217077 -0.00615513 -0.0206324
FixedParameters: 0 0 0

#Transform 40
Transform: AffineTransform_float_3_3
Parameters: 1 0.000368127 -0.00028686 -0.000367523 0.999999 0.00182376 0.000287242 -0.00182356 0.999999 -0.00680634 -0.00768094 -0.0341724
FixedParameters: 0 0 0

#Transform 41
Transform: AffineTransform_float_3_3
Parameters: 1 0.000332648 -0.000359961 -0.000331721 0.999998 0.00190152 0.000360265 -0.00190129 0.999998 -0.000223555 -0.01756 -0.0240024
FixedParameters: 0 0 0

#Transform 42
Transform: AffineTransform_float_3_3
Parameters: 1 0.000225641 -0.000581052 -0.000224478 0.999997 0.00214978 0.000581511 -0.00214954 0.999997 0.00424752 -0.0115347 -0.0363905
FixedParameters: 0 0 0

#Transform 43
Transform: AffineTransform_float_3_3
Parameters: 1 0.000218921 -0.00059615 -0.000217626 0.999998 0.00220193 0.000596569 -0.00220169 0.999998 0.00274302 -0.0114589 -0.0425537
FixedParameters: 0 0 0

#Transform 44
Transform: AffineTransform_float_3_3
Parameters: 1 0.000376667 -0.000285708 -0.000375776 0.999997 0.00232569 0.000286465 -0.00232548 0.999997 -0.00679593 -0.0151692 -0.0489997
FixedParameters: 0 0 0

#Transform 45
Transform: AffineTransform_float_3_3
Parameters: 1 0.000311669 -0.000415316 -0.000310174 0.999997 0.00232706 0.00041577 -0.0023268 0.999997 -0.001023 -0.0116851 -0.0335028
FixedParameters: 0 0 0

#Transform 46
Transform: AffineTransform_float_3_3
Parameters: 1 0.000219808 -0.000590997 -0.000218211 0.999998 0.00209789 0.000592299 -0.00209765 0.999997 0.00125578 -0.00943494 -0.0303027
FixedParameters: 0 0 0

#Transform 47
Transform: AffineTransform_float_3_3
Parameters: 1 0.000228667 -0.000578176 -0.000227399 0.999998 0.00224674 0.000578658 -0.0022465 0.999998 -0.000422943 -0.00516834 -0.0233235
FixedParameters: 0 0 0

#Transform 48
Transform: AffineTransform_float_3_3
Parameters: 1 0.000290073 -0.000328263 -0.000288906 0.999997 0.00244423 0.000328685 -0.00244404 0.999997 -0.00761497 -0.00688453 -0.0335542
FixedParameters: 0 0 0

#Transform 49
Transform: AffineTransform_float_3_3
Parameters: 1 0.000301593 -0.000248045 -0.000300877 0.999997 0.00232684 0.000248454 -0.0023267 0.999998 -0.00914357 -0.00582562 -0.0357818
FixedParameters: 0 0 0

#Transform 50
Transform: AffineTransform_float_3_3
Parameters: 1 0.000281349 -0.000346406 -0.000280175 0.999998 0.0023274 0.00034672 -0.00232721 0.999997 -0.00720882 -0.00209256 -0.0373502
FixedParameters: 0 0 0

#Transform 51
Transform: AffineTransform_float_3_3
Parameters: 1 0.000265148 -0.000338621 -0.000264853 0.999997 0.00239964 0.00033935 -0.00239948 0.999997 -0.00738657 -0.00288014 -0.0380992
FixedParameters: 0 0 0

#Transform 52
Transform: AffineTransform_float_3_3
Parameters: 1 0.000262531 -0.000357378 -0.000261112 0.999996 0.00261517 0.000357729 -0.00261419 0.999997 -0.00703589 -0.00323508 -0.041249
FixedParameters: 0 0 0

#Transform 53
Transform: AffineTransform_float_3_3
Parameters: 1 0.000312025 -0.00042781 -0.000310559 0.999996 0.00273933 0.000427583 -0.00273967 0.999997 -0.0051301 -0.0120786 -0.0575892
FixedParameters: 0 0 0

#Transform 54
Transform: AffineTransform_float_3_3
Parameters: 1 0.000315548 -0.000424004 -0.000313564 0.999995 0.00284029 0.00042475 -0.00284062 0.999996 -0.00500117 -0.0114386 -0.0651055
FixedParameters: 0 0 0

#Transform 55
Transform: AffineTransform_float_3_3
Parameters: 1 0.000232474 -0.000591941 -0.000230358 0.999996 0.0029068 0.00059271 -0.00290655 0.999995 -0.00181817 -0.0111997 -0.0784573
FixedParameters: 0 0 0

#Transform 56
Transform: AffineTransform_float_3_3
Parameters: 1 0.000297565 -0.00058889 -0.000295472 0.999995 0.00289395 0.000590016 -0.00289421 0.999996 -0.00159371 -0.00251367 -0.0707554
FixedParameters: 0 0 0

#Transform 57
Transform: AffineTransform_float_3_3
Parameters: 1 0.000252871 -0.000666004 -0.00025153 0.999996 0.00300184 0.000666452 -0.00300214 0.999996 -0.000365128 -0.00281681 -0.0647807
FixedParameters: 0 0 0

#Transform 58
Transform: AffineTransform_float_3_3
Parameters: 0.999999 0.000325598 -0.000659152 -0.000323038 0.999995 0.0032741 0.000659766 -0.00327451 0.999994 -9.91808e-05 -0.00222183 -0.0689309
FixedParameters: 0 0 0

#Transform 59
Transform: AffineTransform_float_3_3
Parameters: 0.999999 0.000248125 -0.000698451 -0.000245121 0.999995 0.00309002 0.000699351 -0.00309029 0.999995 2.73659e-05 0.00251542 -0.0525634
FixedParameters: 0 0 0

#Transform 60
Transform: AffineTransform_float_3_3
Parameters: 1 0.000264842 -0.00052839 -0.000263044 0.999996 0.00293875 0.000529357 -0.00293929 0.999995 -0.00316853 0.000334267 -0.0621198
FixedParameters: 0 0 0

#Transform 61
Transform: AffineTransform_float_3_3
Parameters: 1 0.000271018 -0.000517568 -0.000269248 0.999996 0.00298603 0.000518572 -0.00298577 0.999996 -0.00354017 -0.00366766 -0.0537873
FixedParameters: 0 0 0

#Transform 62
Transform: AffineTransform_float_3_3
Parameters: 1 0.000293208 -0.000479567 -0.000291929 0.999995 0.00318261 0.000479928 -0.00318235 0.999995 -0.00875744 -0.00534649 -0.0633109
FixedParameters: 0 0 0

#Transform 63
Transform: AffineTransform_float_3_3
Parameters: 1 0.000298817 -0.00047131 -0.00029705 0.999994 0.00327451 0.000472652 -0.00327425 0.999994 -0.00407524 -0.0011164 -0.0696225
FixedParameters: 0 0 0

#Transform 64
Transform: AffineTransform_float_3_3
Parameters: 1 0.000285773 -0.000491405 -0.000284058 0.999995 0.00308875 0.000492556 -0.00308849 0.999995 -0.00812357 -0.00541683 -0.0651239
FixedParameters: 0 0 0

#Transform 65
Transform: AffineTransform_float_3_3
Parameters: 1 0.000247729 -0.000567411 -0.000245544 0.999995 0.00308953 0.000568326 -0.00308927 0.999995 -0.00240595 0.000211357 -0.0692872
FixedParameters: 0 0 0

#Transform 66
Transform: AffineTransform_float_3_3
Parameters: 0.999999 0.000176592 -0.000713779 -0.000174661 0.999995 0.00322099 0.000713858 -0.00322078 0.999994 0.000149247 -0.00128946 -0.0687813
FixedParameters: 0 0 0

#Transform 67
Transform: AffineTransform_float_3_3
Parameters: 0.999999 0.000260908 -0.00069462 -0.000258366 0.999994 0.00341284 0.000696185 -0.00341311 0.999994 0.000438624 0.00232099 -0.074556
FixedParameters: 0 0 0

#Transform 68
Transform: AffineTransform_float_3_3
Parameters: 0.999999 0.00021803 -0.000829636 -0.000214909 0.999995 0.00321459 0.000830869 -0.00321427 0.999994 -0.00375159 -0.000184084 -0.0680418
FixedParameters: 0 0 0

#Transform 69
Transform: AffineTransform_float_3_3
Parameters: 0.999999 0.000184528 -0.000910396 -0.000181558 0.999995 0.00309147 0.000910462 -0.00309178 0.999995 0.00411117 0.00682772 -0.0621262
FixedParameters: 0 0 0

#Transform 70
Transform: AffineTransform_float_3_3
Parameters: 0.999999 0.000139712 -0.000793029 -0.000136999 0.999994 0.00338978 0.000792881 -0.0033896 0.999994 0.00127532 0.00721818 -0.0503204
FixedParameters: 0 0 0

#Transform 71
Transform: AffineTransform_float_3_3
Parameters: 0.999999 0.000159201 -0.000882275 -0.000156071 0.999995 0.00327785 0.000882209 -0.00327821 0.999995 0.0030531 -0.00127041 -0.0401434
FixedParameters: 0 0 0

#Transform 72
Transform: AffineTransform_float_3_3
Parameters: 0.999999 0.000137756 -0.000938612 -0.000135145 0.999995 0.00328029 0.000938858 -0.00328069 0.999995 0.00422372 -0.00573274 -0.0503522
FixedParameters: 0 0 0

#Transform 73
Transform: AffineTransform_float_3_3
Parameters: 0.999999 0.000144672 -0.00101513 -0.000140703 0.999995 0.00304133 0.00101583 -0.00304167 0.999995 0.00569967 0.000972967 -0.0389772
FixedParameters: 0 0 0

#Transform 74
Transform: AffineTransform_float_3_3
Parameters: 1 0.000172572 -0.000978379 -0.000170116 0.999996 0.00307559 0.000978864 -0.00307531 0.999995 0.00517201 0.00258401 -0.0363367
FixedParameters: 0 0 0

#Transform 75
Transform: AffineTransform_float_3_3
Parameters: 0.999999 0.000191056 -0.000904553 -0.000188094 0.999995 0.00310636 0.000904665 -0.00310665 0.999995 0.00363561 0.000983019 -0.0362997
FixedParameters: 0 0 0

#Transform 76
Transform: AffineTransform_float_3_3
Parameters: 0.999999 0.000101241 -0.000855624 -9.84022e-05 0.999995 0.00295807 0.000856049 -0.00295772 0.999996 -0.00193592 0.00219515 -0.0530169
FixedParameters: 0 0 0

#Transform 77
Transform: AffineTransform_float_3_3
Parameters: 0.999999 0.000131302 -0.000794008 -0.0001289 0.999996 0.00290984 0.000794639 -0.00290968 0.999995 0.00135432 0.00342773 -0.0532058
FixedParameters: 0 0 0

#Transform 78
Transform: AffineTransform_float_3_3
Parameters: 1 0.000191296 -0.000682599 -0.000188296 0.999995 0.0031657 0.000683192 -0.00316547 0.999995 -0.000612148 -0.00514824 -0.0533011
FixedParameters: 0 0 0

#Transform 79
Transform: AffineTransform_float_3_3
Parameters: 0.999999 0.000170884 -0.000730443 -0.000168608 0.999995 0.00338115 0.000730506 -0.00338094 0.999994 -0.00530632 -0.00897798 -0.0730753
FixedParameters: 0 0 0

#Transform 80
Transform: AffineTransform_float_3_3
Parameters: 0.999999 0.000210297 -0.000826716 -0.000208012 0.999994 0.00353914 0.000827537 -0.00353805 0.999994 -0.00290343 -0.00504977 -0.0677216
FixedParameters: 0 0 0

#Transform 81
Transform: AffineTransform_float_3_3
Parameters: 0.999999 0.000222738 -0.000836328 -0.000220017 0.999995 0.00322893 0.000836681 -0.0032278 0.999995 0.00295066 -0.00621688 -0.0675486
FixedParameters: 0 0 0

#Transform 82
Transform: AffineTransform_float_3_3
Parameters: 0.999999 0.000209333 -0.000829602 -0.000206642 0.999995 0.00322872 0.000829893 -0.00322842 0.999994 0.00266456 0.00123247 -0.061725
FixedParameters: 0 0 0

#Transform 83
Transform: AffineTransform_float_3_3
Parameters: 1 0.000311256 -0.000945477 -0.000308699 0.999995 0.00322756 0.000946862 -0.00322763 0.999995 0.00580913 0.00642866 -0.0668376
FixedParameters: 0 0 0

#Transform 84
Transform: AffineTransform_float_3_3
Parameters: 0.999999 0.000249992 -0.000848592 -0.000246953 0.999994 0.00335334 0.000849159 -0.00335356 0.999994 -0.00503562 -0.000235974 -0.0635931
FixedParameters: 0 0 0

#Transform 85
Transform: AffineTransform_float_3_3
Parameters: 1 0.000159345 -0.00106532 -0.000155618 0.999994 0.00341524 0.00106578 -0.00341556 0.999994 0.00729738 0.00593217 -0.0615745
FixedParameters: 0 0 0

#Transform 86
Transform: AffineTransform_float_3_3
Parameters: 0.999999 0.000285211 -0.00126343 -0.000281054 0.999995 0.00322868 0.00126375 -0.00322862 0.999994 0.0119426 0.000638864 -0.0633834
FixedParameters: 0 0 0

#Transform 87
Transform: AffineTransform_float_3_3
Parameters: 0.999999 0.000323221 -0.00151333 -0.00031847 0.999994 0.00347868 0.00151492 -0.0034784 0.999993 0.00684425 -0.00581711 -0.0744542
FixedParameters: 0 0 0

#Transform 88
Transform: AffineTransform_float_3_3
Parameters: 0.999999 0.000299062 -0.00178746 -0.000292395 0.999994 0.00347987 0.00178889 -0.0034801 0.999992 0.013704 -0.0116039 -0.0589753
FixedParameters: 0 0 0

#Transform 89
Transform: AffineTransform_float_3_3
Parameters: 0.999998 0.000410884 -0.00194371 -0.000404465 0.999993 0.00360197 0.00194467 -0.00360089 0.999992 0.0183175 -0.000312786 -0.058573
FixedParameters: 0 0 0

#Transform 90
Transform: AffineTransform_float_3_3
Parameters: 0.999998 0.000384112 -0.00189255 -0.000376598 0.999993 0.00387009 0.00189439 -0.00386856 0.999991 0.0177348 -0.00635514 -0.0640127
FixedParameters: 0 0 0

#Transform 91
Transform: AffineTransform_float_3_3
Parameters: 0.999998 0.000347032 -0.00191006 -0.000339609 0.999992 0.00403929 0.00191217 -0.00403871 0.999989 0.0255023 -0.00852421 -0.0628518
FixedParameters: 0 0 0

#Transform 92
Transform: AffineTransform_float_3_3
Parameters: 0.999998 0.000363846 -0.00201587 -0.000355689 0.999991 0.00412291 0.00201724 -0.00412198 0.99999 0.0203693 -0.0125216 -0.0635412
FixedParameters: 0 0 0

#Transform 93
Transform: AffineTransform_float_3_3
Parameters: 0.999998 0.000354993 -0.00184812 -0.000348017 0.999992 0.00394042 0.00184889 -0.00393904 0.99999 0.0168608 -0.0127646 -0.0735829
FixedParameters: 0 0 0

#Transform 94
Transform: AffineTransform_float_3_3
Parameters: 0.999999 0.000380893 -0.00174368 -0.000373723 0.999993 0.00384239 0.00174505 -0.00384177 0.999991 0.0137617 -0.00630412 -0.0757372
FixedParameters: 0 0 0

#Transform 95
Transform: AffineTransform_float_3_3
Parameters: 0.999999 0.000341523 -0.00178692 -0.000333777 0.999992 0.0039145 0.00178801 -0.00391318 0.999991 0.0128915 -0.0098313 -0.0747808
FixedParameters: 0 0 0

#Transform 96
Transform: AffineTransform_float_3_3
Parameters: 0.999997 0.000303551 -0.00213888 -0.000295267 0.999991 0.00412406 0.0021402 -0.00412332 0.999989 0.0235511 -0.0177246 -0.0728217
FixedParameters: 0 0 0

#Transform 97
Transform: AffineTransform_float_3_3
Parameters: 0.999997 0.000368174 -0.00212799 -0.000358914 0.99999 0.00437313 0.00212999 -0.00437212 0.999988 0.0302055 -0.0190624 -0.0760127
FixedParameters: 0 0 0

#Transform 98
Transform: AffineTransform_float_3_3
Parameters: 0.999997 0.000438697 -0.00232037 -0.000429369 0.999991 0.00412272 0.00232193 -0.00412184 0.999989 0.0237156 -0.0166775 -0.0682879
FixedParameters: 0 0 0

#Transform 99
Transform: AffineTransform_float_3_3
Parameters: 0.999997 0.000324139 -0.00217599 -0.000314659 0.999991 0.00412386 0.00217702 -0.00412299 0.999989 0.0254729 -0.0105253 -0.0715643
FixedParameters: 0 0 0

#Transform 100
Transform: AffineTransform_float_3_3
Parameters: 0.999997 0.000443722 -0.0023164 -0.000433634 0.99999 0.00429267 0.00231811 -0.00429178 0.999988 0.0302852 -0.00428581 -0.0620162
FixedParameters: 0 0 0

#Transform 101
Transform: AffineTransform_float_3_3
Parameters: 0.999997 0.000443037 -0.00231649 -0.000433115 0.999991 0.00425667 0.00231816 -0.00425578 0.999988 0.0278476 -0.0094926 -0.0653097
FixedParameters: 0 0 0

#Transform 102
Transform: AffineTransform_float_3_3
Parameters: 0.999998 0.000483356 -0.00224012 -0.000473519 0.999991 0.00438032 0.00224226 -0.00437953 0.999988 0.02969 -0.00927354 -0.0670815
FixedParameters: 0 0 0

#Transform 103
Transform: AffineTransform_float_3_3
Parameters: 0.999997 0.000449969 -0.00231563 -0.000439704 0.999989 0.00462062 0.00231718 -0.00461972 0.999987 0.0255919 -0.0102149 -0.0766691
FixedParameters: 0 0 0

#Transform 104
Transform: AffineTransform_float_3_3
Parameters: 0.999997 0.000504359 -0.00234175 -0.00049346 0.999989 0.00470391 0.00234388 -0.00470273 0.999986 0.0284478 -0.00768815 -0.0889235
FixedParameters: 0 0 0

#Transform 105
Transform: AffineTransform_float_3_3
Parameters: 0.999997 0.000561168 -0.00236981 -0.000549898 0.999988 0.00472617 0.00237249 -0.0047247 0.999986 0.0314387 -0.0113548 -0.0849886
FixedParameters: 0 0 0

#Transform 106
Transform: AffineTransform_float_3_3
Parameters: 0.999997 0.000539919 -0.0023602 -0.000529127 0.999989 0.00464444 0.0023626 -0.00464308 0.999987 0.0271259 -0.00746492 -0.0857776
FixedParameters: 0 0 0

#Transform 107
Transform: AffineTransform_float_3_3
Parameters: 0.999997 0.000391932 -0.00244962 -0.000378919 0.999987 0.00510884 0.00245138 -0.00510813 0.999984 0.0324 -0.0188056 -0.105391
FixedParameters: 0 0 0

#Transform 108
Transform: AffineTransform_float_3_3
Parameters: 0.999996 0.000580748 -0.00268235 -0.000566125 0.999984 0.00546297 0.0026855 -0.0054617 0.999981 0.0363213 -0.0161591 -0.125712
FixedParameters: 0 0 0

#Transform 109
Transform: AffineTransform_float_3_3
Parameters: 0.999995 0.000750701 -0.00286789 -0.000734327 0.999982 0.00587834 0.0028725 -0.00587652 0.999979 0.03846 -0.018223 -0.135674
FixedParameters: 0 0 0

#Transform 110
Transform: AffineTransform_float_3_3
Parameters: 0.999996 0.000659225 -0.00296697 -0.000649097 0.999993 0.00358454 0.00296926 -0.003583 0.999989 0.0358332 -0.0410982 -0.00473341
FixedParameters: 0 0 0

#Transform 111
Transform: AffineTransform_float_3_3
Parameters: 0.999999 0.000191831 -0.00185983 -0.000183383 0.999989 0.00478699 0.00186039 -0.00478624 0.999987 0.0149176 -0.0154799 -0.0295481
FixedParameters: 0 0 0

#Transform 112
Transform: AffineTransform_float_3_3
Parameters: 0.999996 0.000437197 -0.00283647 -0.000421594 0.999984 0.00565577 0.00283906 -0.00565437 0.99998 0.044156 -0.0206323 -0.0546525
FixedParameters: 0 0 0

#Transform 113
Transform: AffineTransform_float_3_3
Parameters: 0.999996 0.000702402 -0.0029646 -0.000684968 0.999983 0.00586806 0.00296868 -0.0058658 0.999978 0.0382879 -0.0341082 -0.0560059
FixedParameters: 0 0 0

#Transform 114
Transform: AffineTransform_float_3_3
Parameters: 0.999996 0.000699286 -0.00297087 -0.000681779 0.999983 0.00586812 0.00297491 -0.00586587 0.999978 0.0372803 -0.0331017 -0.0576048
FixedParameters: 0 0 0

#Transform 115
Transform: AffineTransform_float_3_3
Parameters: 0.999995 0.000832119 -0.00298667 -0.000813996 0.999983 0.00586634 0.00299092 -0.00586327 0.999978 0.0394141 -0.0315071 -0.0618041
FixedParameters: 0 0 0

#Transform 116
Transform: AffineTransform_float_3_3
Parameters: 0.999995 0.000806279 -0.00287092 -0.000789997 0.999983 0.00570155 0.00287549 -0.0056994 0.99998 0.038442 -0.027108 -0.0517595
FixedParameters: 0 0 0

#Transform 117
Transform: AffineTransform_float_3_3
Parameters: 0.999995 0.000723367 -0.00291083 -0.000707061 0.999984 0.00555258 0.00291518 -0.00555025 0.99998 0.0328766 -0.0335262 -0.0460664
FixedParameters: 0 0 0

#Transform 118
Transform: AffineTransform_float_3_3
Parameters: 0.999996 0.00071675 -0.00292507 -0.000700593 0.999984 0.00557871 0.00292852 -0.0055764 0.99998 0.0343173 -0.0261226 -0.0449008
FixedParameters: 0 0 0

#Transform 119
Transform: AffineTransform_float_3_3
Parameters: 0.999996 0.000700908 -0.00295644 -0.000684912 0.999984 0.00556601 0.00296104 -0.00556376 0.99998 0.0327017 -0.0192714 -0.0448048
FixedParameters: 0 0 0

#Transform 120
Transform: AffineTransform_float_3_3
Parameters: 0.999995 0.000738868 -0.00307127 -0.000720884 0.999983 0.00575543 0.00307559 -0.00575259 0.999979 0.0386381 -0.026534 -0.0508821
FixedParameters: 0 0 0

#Transform 121
Transform: AffineTransform_float_3_3
Parameters: 0.999995 0.000659832 -0.00304218 -0.000642807 0.999984 0.00565101 0.0030455 -0.0056495 0.99998 0.0389348 -0.0218255 -0.0426497
FixedParameters: 0 0 0

#Transform 122
Transform: AffineTransform_float_3_3
Parameters: 0.999995 0.000597593 -0.00286614 -0.00058144 0.999985 0.0054616 0.00286854 -0.00545924 0.999981 0.0309022 -0.0177935 -0.03087
FixedParameters: 0 0 0

#Transform 123
Transform: AffineTransform_float_3_3
Parameters: 0.999996 0.000711401 -0.00292998 -0.000695667 0.999986 0.00541979 0.00293405 -0.0054175 0.999981 0.0316736 -0.0192588 -0.0295318
FixedParameters: 0 0 0

#Transform 124
Transform: AffineTransform_float_3_3
Parameters: 0.999995 0.000762237 -0.00282875 -0.000747445 0.999985 0.0054434 0.0028334 -0.00544177 0.999981 0.0306081 -0.0178573 -0.038943
FixedParameters: 0 0 0

#Transform 125
Transform: AffineTransform_float_3_3
Parameters: 0.999996 0.00064158 -0.00272524 -0.000626632 0.999985 0.00543622 0.00272901 -0.00543458 0.999981 0.0278923 -0.0306168 -0.0467691
FixedParameters: 0 0 0

#Transform 126
Transform: AffineTransform_float_3_3
Parameters: 0.999996 0.000554793 -0.00269096 -0.00054021 0.999985 0.00543835 0.0026938 -0.00543722 0.999982 0.0272396 -0.0287829 -0.0456646
FixedParameters: 0 0 0

#Transform 127
Transform: AffineTransform_float_3_3
Parameters: 0.999996 0.000768085 -0.00267767 -0.000746812 0.99997 0.00778746 0.00268317 -0.00778471 0.999966 0.0389392 -0.0265129 -0.176556
FixedParameters: 0 0 0

#Transform 128
Transform: AffineTransform_float_3_3
Parameters: 0.999992 0.000421866 -0.00413569 -0.000388321 0.999966 0.00820096 0.00413955 -0.00819972 0.999958 0.0810201 -0.00992501 -0.322887
FixedParameters: 0 0 0

#Transform 129
Transform: AffineTransform_float_3_3
Parameters: 0.999993 -6.35675e-05 -0.00372254 8.80649e-05 0.999978 0.0066479 0.00372223 -0.00664783 0.999971 0.0489281 0.0479416 -0.292111
FixedParameters: 0 0 0

#Transform 130
Transform: AffineTransform_float_3_3
Parameters: 0.999995 0.000110328 -0.00317048 -9.07401e-05 0.99998 0.00625587 0.00317115 -0.00625473 0.999976 0.0383661 0.0405837 -0.299294
FixedParameters: 0 0 0

#Transform 131
Transform: AffineTransform_float_3_3
Parameters: 0.999995 0.000154696 -0.00321735 -0.000134664 0.99998 0.00623096 0.00321859 -0.00623032 0.999975 0.0324532 0.0323533 -0.329763
FixedParameters: 0 0 0

#Transform 132
Transform: AffineTransform_float_3_3
Parameters: 0.999993 0.000172155 -0.00367725 -0.000149844 0.999981 0.00612927 0.0036778 -0.00612821 0.999974 0.0489196 0.0402691 -0.334389
FixedParameters: 0 0 0

#Transform 133
Transform: AffineTransform_float_3_3
Parameters: 0.999993 0.000235316 -0.00373475 -0.000211393 0.99998 0.00636681 0.00373654 -0.00636588 0.999973 0.050867 0.0327239 -0.35156
FixedParameters: 0 0 0

#Transform 134
Transform: AffineTransform_float_3_3
Parameters: 0.999994 7.80775e-05 -0.00345853 -5.53985e-05 0.999979 0.00650312 0.00345877 -0.00650278 0.999973 0.0509658 0.0464204 -0.358707
FixedParameters: 0 0 0

#Transform 135
Transform: AffineTransform_float_3_3
Parameters: 0.999994 0.000107124 -0.00347271 -8.41336e-05 0.999979 0.00652256 0.00347334 -0.00652143 0.999972 0.0510825 0.0333601 -0.346373
FixedParameters: 0 0 0

#Transform 136
Transform: AffineTransform_float_3_3
Parameters: 0.999995 0.00021416 -0.00317635 -0.00019318 0.999979 0.00652592 0.00317746 -0.00652633 0.999974 0.045719 0.0392146 -0.35057
FixedParameters: 0 0 0

#Transform 137
Transform: AffineTransform_float_3_3
Parameters: 0.999993 0.000245692 -0.00354221 -0.000222648 0.999979 0.00646407 0.00354371 -0.00646254 0.999973 0.0407634 0.0470741 -0.352633
FixedParameters: 0 0 0

#Transform 138
Transform: AffineTransform_float_3_3
Parameters: 0.999993 0.00024373 -0.00354242 -0.000220463 0.99998 0.00636589 0.00354342 -0.00636576 0.999974 0.0392201 0.0489288 -0.352107
FixedParameters: 0 0 0

#Transform 139
Transform: AffineTransform_float_3_3
Parameters: 0.999993 0.000247342 -0.00354203 -0.00022371 0.999979 0.00654466 0.00354358 -0.00654393 0.999972 0.0412405 0.0439667 -0.352357
FixedParameters: 0 0 0

#Transform 140
Transform: AffineTransform_float_3_3
Parameters: 0.999994 0.000360182 -0.0033179 -0.000338024 0.999978 0.00662867 0.00332052 -0.00662728 0.999972 0.0382443 0.0383204 -0.351648
FixedParameters: 0 0 0

#Transform 141
Transform: AffineTransform_float_3_3
Parameters: 0.999993 0.000246051 -0.00354218 -0.000222875 0.999978 0.00648127 0.00354368 -0.00648033 0.999973 0.0404996 0.0368948 -0.347702
FixedParameters: 0 0 0

#Transform 142
Transform: AffineTransform_float_3_3
Parameters: 0.999993 0.000368143 -0.00385141 -0.000343696 0.999979 0.00641634 0.00385452 -0.00641437 0.999972 0.0450659 0.0335375 -0.344138
FixedParameters: 0 0 0

#Transform 143
Transform: AffineTransform_float_3_3
Parameters: 0.999991 0.000353904 -0.00408281 -0.000328234 0.999979 0.00636685 0.00408519 -0.00636524 0.999972 0.0489316 0.0357635 -0.327433
FixedParameters: 0 0 0

#Transform 144
Transform: AffineTransform_float_3_3
Parameters: 0.999992 0.000455856 -0.00413787 -0.000430609 0.999981 0.00601525 0.00414047 -0.00601352 0.999973 0.0482732 0.0413245 -0.31216
FixedParameters: 0 0 0

#Transform 145
Transform: AffineTransform_float_3_3
Parameters: 0.99999 0.000379102 -0.0042894 -0.000353106 0.999982 0.00594296 0.00429234 -0.00594097 0.999973 0.0504689 0.0358075 -0.297277
FixedParameters: 0 0 0

#Transform 146
Transform: AffineTransform_float_3_3
Parameters: 0.999991 0.00033212 -0.00439785 -0.000304472 0.99998 0.00628982 0.00439952 -0.00628821 0.99997 0.05309 0.0423196 -0.299521
FixedParameters: 0 0 0

#Transform 147
Transform: AffineTransform_float_3_3
Parameters: 0.99999 0.000265104 -0.00429638 -0.000239017 0.999982 0.00594439 0.00429796 -0.00594338 0.999973 0.0520268 0.0440683 -0.315386
FixedParameters: 0 0 0

#Transform 148
Transform: AffineTransform_float_3_3
Parameters: 0.999992 0.000448638 -0.00413869 -0.000424909 0.999983 0.0056693 0.00414142 -0.0056676 0.999975 0.0467403 0.0501801 -0.303656
FixedParameters: 0 0 0

#Transform 149
Transform: AffineTransform_float_3_3
Parameters: 0.999992 0.000395373 -0.00411083 -0.000371966 0.999984 0.00577771 0.00411347 -0.0057759 0.999975 0.0458379 0.0440321 -0.299747
FixedParameters: 0 0 0

#Transform 150
Transform: AffineTransform_float_3_3
Parameters: 0.999992 0.000456427 -0.00413782 -0.000430957 0.999982 0.00604305 0.00414043 -0.00604073 0.999973 0.0469551 0.0460042 -0.314103
FixedParameters: 0 0 0

#Transform 151
Transform: AffineTransform_float_3_3
Parameters: 0.999992 0.000454314 -0.00413806 -0.000429677 0.999982 0.00594126 0.00414058 -0.00593954 0.999974 0.0470335 0.0403675 -0.318419
FixedParameters: 0 0 0

#Transform 152
Transform: AffineTransform_float_3_3
Parameters: 0.999992 0.000454314 -0.00413806 -0.000429677 0.999982 0.00594126 0.00414058 -0.00593954 0.999974 0.0470062 0.0429355 -0.316834
FixedParameters: 0 0 0

#Transform 153
Transform: AffineTransform_float_3_3
Parameters: 0.999991 0.000324391 -0.00428507 -0.000296376 0.99998 0.00634068 0.00428708 -0.00633919 0.999971 0.0518607 0.0414431 -0.304519
FixedParameters: 0 0 0

#Transform 154
Transform: AffineTransform_float_3_3
Parameters: 0.999991 0.000330792 -0.00439716 -0.000303892 0.999981 0.00620583 0.00439876 -0.00620423 0.999971 0.0518179 0.0449448 -0.328105
FixedParameters: 0 0 0

#Transform 155
Transform: AffineTransform_float_3_3
Parameters: 0.99999 0.000370342 -0.00431152 -0.000344445 0.999982 0.00605472 0.00431398 -0.00605361 0.999972 0.0501231 0.0433628 -0.320988
FixedParameters: 0 0 0

#Transform 156
Transform: AffineTransform_float_3_3
Parameters: 0.999989 0.000252323 -0.0045361 -0.000226153 0.999983 0.00573723 0.00453793 -0.00573682 0.999973 0.0538521 0.041711 -0.309714
FixedParameters: 0 0 0

#Transform 157
Transform: AffineTransform_float_3_3
Parameters: 0.999991 0.000405964 -0.00422719 -0.000382002 0.999984 0.00573704 0.00422901 -0.00573565 0.999975 0.046162 0.0523374 -0.306302
FixedParameters: 0 0 0

#Transform 158
Transform: AffineTransform_float_3_3
Parameters: 0.999991 0.000416716 -0.00419893 -0.000393141 0.999984 0.00556983 0.00420121 -0.00556835 0.999976 0.0476942 0.0512844 -0.299468
FixedParameters: 0 0 0

#Transform 159
Transform: AffineTransform_float_3_3
Parameters: 0.999991 0.000397742 -0.00424163 -0.000373616 0.999983 0.00568557 0.00424422 -0.00568344 0.999975 0.0484185 0.0477123 -0.300168
FixedParameters: 0 0 0

#Transform 160
Transform: AffineTransform_float_3_3
Parameters: 0.99999 0.000289103 -0.0044618 -0.000262971 0.999984 0.00572863 0.0044636 -0.00572791 0.999974 0.0524037 0.0455278 -0.303272
FixedParameters: 0 0 0

#Transform 161
Transform: AffineTransform_float_3_3
Parameters: 0.999991 0.000320325 -0.00439065 -0.000295955 0.999985 0.00552006 0.00439227 -0.00551908 0.999976 0.0508682 0.044266 -0.289869
FixedParameters: 0 0 0

#Transform 162
Transform: AffineTransform_float_3_3
Parameters: 0.999991 0.000416519 -0.00419726 -0.0003934 0.999985 0.00551782 0.00419951 -0.00551634 0.999976 0.0473274 0.0494457 -0.28411
FixedParameters: 0 0 0

#Transform 163
Transform: AffineTransform_float_3_3
Parameters: 0.999989 0.000246509 -0.0045367 -0.000221486 0.999985 0.00546467 0.00453883 -0.00546348 0.999975 0.0532122 0.0506788 -0.278539
FixedParameters: 0 0 0

#Transform 164
Transform: AffineTransform_float_3_3
Parameters: 0.999991 0.000320771 -0.00438975 -0.00029641 0.999985 0.00552005 0.00439138 -0.00551907 0.999976 0.0529055 0.0475009 -0.26675
FixedParameters: 0 0 0

#Transform 165
Transform: AffineTransform_float_3_3
Parameters: 0.99999 0.000306964 -0.0044175 -0.000282295 0.999985 0.00552029 0.00441898 -0.00551941 0.999976 0.0532262 0.0441282 -0.270513
FixedParameters: 0 0 0

#Transform 166
Transform: AffineTransform_float_3_3
Parameters: 0.999989 0.000257825 -0.00453553 -0.00023067 0.999982 0.0059974 0.00453706 -0.00599556 0.999971 0.0560954 0.0470179 -0.282681
FixedParameters: 0 0 0

#Transform 167
Transform: AffineTransform_float_3_3
Parameters: 0.99999 0.000377534 -0.00460116 -0.000351722 0.999984 0.00552003 0.00460388 -0.00551902 0.999974 0.0556954 0.0442329 -0.296101
FixedParameters: 0 0 0

#Transform 168
Transform: AffineTransform_float_3_3
Parameters: 0.99999 0.000313669 -0.00441848 -0.000288048 0.999983 0.00588004 0.0044202 -0.00587855 0.999973 0.0513354 0.0412779 -0.288125
FixedParameters: 0 0 0

#Transform 169
Transform: AffineTransform_float_3_3
Parameters: 0.99999 0.00036276 -0.00431743 -0.000337935 0.999983 0.0058222 0.00431924 -0.00582033 0.999974 0.04962 0.0449997 -0.296007
FixedParameters: 0 0 0

#Transform 170
Transform: AffineTransform_float_3_3
Parameters: 0.99999 0.000318799 -0.00440352 -0.000293022 0.999983 0.00576414 0.00440569 -0.00576319 0.999974 0.0513562 0.0435685 -0.30019
FixedParameters: 0 0 0

#Transform 171
Transform: AffineTransform_float_3_3
Parameters: 0.999991 0.00032412 -0.00439531 -0.000298352 0.999983 0.00582685 0.00439669 -0.00582527 0.999973 0.0513778 0.0462841 -0.308796
FixedParameters: 0 0 0

#Transform 172
Transform: AffineTransform_float_3_3
Parameters: 0.999991 0.000329357 -0.00437525 -0.000304557 0.999985 0.00558972 0.00437703 -0.00558808 0.999975 0.0507867 0.0483088 -0.297594
FixedParameters: 0 0 0

#Transform 173
Transform: AffineTransform_float_3_3
Parameters: 0.999989 0.000564874 -0.00465882 -0.000550145 0.999994 0.00321259 0.00466094 -0.00320957 0.999984 0.0545861 0.0776698 -0.131523
FixedParameters: 0 0 0

#Transform 174
Transform: AffineTransform_float_3_3
Parameters: 0.999995 -0.00090446 -0.00286213 0.000887247 0.999982 -0.00589376 0.00286712 0.00589094 0.999979 0.050058 -0.014453 0.431837
FixedParameters: 0 0 0

#Transform 175
Transform: AffineTransform_float_3_3
Parameters: 0.999993 -0.00126311 -0.00336238 0.00124426 0.999984 -0.00545258 0.0033688 0.00544809 0.999979 0.0745352 -0.0702124 0.434036
FixedParameters: 0 0 0

#Transform 176
Transform: AffineTransform_float_3_3
Parameters: 0.999994 -0.00128103 -0.00326244 0.0012654 0.999988 -0.00484952 0.00326855 0.00484572 0.999983 0.0709034 -0.0715791 0.393358
FixedParameters: 0 0 0

#Transform 177
Transform: AffineTransform_float_3_3
Parameters: 0.999994 -0.0013443 -0.00342287 0.00132736 0.999987 -0.00481537 0.00342952 0.00481014 0.999983 0.0680352 -0.0658066 0.375193
FixedParameters: 0 0 0

#Transform 178
Transform: AffineTransform_float_3_3
Parameters: 0.999993 -0.00129745 -0.0035475 0.00128025 0.999988 -0.0046805 0.00355335 0.00467607 0.999983 0.0688904 -0.0677198 0.374367
FixedParameters: 0 0 0

#Transform 179
Transform: AffineTransform_float_3_3
Parameters: 0.999992 -0.00137094 -0.00377442 0.00135365 0.999989 -0.00453038 0.00378013 0.00452482 0.999983 0.0734662 -0.0545666 0.378142
FixedParameters: 0 0 0

#Transform 180
Transform: AffineTransform_float_3_3
Parameters: 0.999993 -0.00127389 -0.00350943 0.00125667 0.999987 -0.00492386 0.00351608 0.00491971 0.999982 0.0700978 -0.040703 0.362469
FixedParameters: 0 0 0

#Transform 181
Transform: AffineTransform_float_3_3
Parameters: 0.999993 -0.00119599 -0.00343441 0.00117951 0.999988 -0.00479733 0.00344044 0.00479309 0.999983 0.0675852 -0.0426083 0.361013
FixedParameters: 0 0 0

#Transform 182
Transform: AffineTransform_float_3_3
Parameters: 0.999994 -0.00116731 -0.00347692 0.00115105 0.999989 -0.00457765 0.00348269 0.00457349 0.999983 0.0677399 -0.0526244 0.358891
FixedParameters: 0 0 0

#Transform 183
Transform: AffineTransform_float_3_3
Parameters: 0.999992 -0.00125753 -0.00365884 0.00123989 0.999988 -0.00478376 0.00366497 0.00477876 0.999982 0.0725622 -0.0436158 0.331521
FixedParameters: 0 0 0

#Transform 184
Transform: AffineTransform_float_3_3
Parameters: 0.999993 -0.00120478 -0.00357777 0.00118876 0.999988 -0.00466368 0.00358316 0.00465985 0.999983 0.0703227 -0.0401739 0.333924
FixedParameters: 0 0 0

#Transform 185
Transform: AffineTransform_float_3_3
Parameters: 0.999994 -0.00116956 -0.00348584 0.00115369 0.999989 -0.00457461 0.00349028 0.00457043 0.999983 0.0662416 -0.04441 0.337963
FixedParameters: 0 0 0

#Transform 186
Transform: AffineTransform_float_3_3
Parameters: 0.999994 -0.00112451 -0.00336424 0.00110804 0.999988 -0.00469733 0.00336896 0.00469372 0.999983 0.0640675 -0.0451388 0.335445
FixedParameters: 0 0 0

#Transform 187
Transform: AffineTransform_float_3_3
Parameters: 0.999993 -0.00113939 -0.00345126 0.00112395 0.999989 -0.00462304 0.00345639 0.00461914 0.999983 0.0656362 -0.0542564 0.339228
FixedParameters: 0 0 0

#Transform 188
Transform: AffineTransform_float_3_3
Parameters: 0.999994 -0.00119504 -0.00347916 0.00118046 0.99999 -0.00433324 0.00348464 0.00432888 0.999985 0.0697854 -0.0415982 0.301302
FixedParameters: 0 0 0

#Transform 189
Transform: AffineTransform_float_3_3
Parameters: 0.999993 -0.00151408 -0.00327858 0.00149948 0.999989 -0.00446432 0.00328542 0.00445892 0.999984 0.0707909 -0.0457696 0.347666
FixedParameters: 0 0 0
