#Insight Transform File V1.0
#Transform 0
Transform: AffineTransform_float_3_3
Parameters: 0.999999 0.000280782 0.00104936 -0.000282312 0.999999 0.00166872 -0.0010495 -0.00166972 0.999999 -0.0436691 -0.0394775 0.174982
FixedParameters: 0 0 0

#Transform 1
Transform: AffineTransform_float_3_3
Parameters: 1 0.000291022 0.000569545 -0.000291126 0.999999 0.000870443 -0.000569477 -0.000869871 1 -0.0348982 -0.0728503 0.177947
FixedParameters: 0 0 0

#Transform 2
Transform: AffineTransform_float_3_3
Parameters: 1 0.000205384 0.0007493 -0.000205496 0.999999 0.000992569 -0.000748462 -0.000992037 0.999999 -0.0414687 0.0448294 0.228346
FixedParameters: 0 0 0

#Transform 3
Transform: AffineTransform_float_3_3
Parameters: 1 0.000177576 0.00058132 -0.000178734 1 0.0011323 -0.00058094 -0.00113251 0.999999 -0.0366079 0.0156644 0.207646
FixedParameters: 0 0 0

#Transform 4
Transform: AffineTransform_float_3_3
Parameters: 1 0.000184615 0.00054143 -0.000185622 1 0.00107621 -0.000541055 -0.00107641 1 -0.0312604 0.0103286 0.186842
FixedParameters: 0 0 0

#Transform 5
Transform: AffineTransform_float_3_3
Parameters: 1 0.000135062 0.000597505 -0.000135436 0.999999 0.000721205 -0.000596442 -0.00072143 0.999999 -0.0311087 -0.00155355 0.173478
FixedParameters: 0 0 0

#Transform 6
Transform: AffineTransform_float_3_3
Parameters: 0.999999 0.000197434 0.000744472 -0.000198003 0.999999 0.000977999 -0.000744524 -0.00097739 0.999999 -0.0361241 -0.00231693 0.178354
FixedParameters: 0 0 0

#Transform 7
Transform: AffineTransform_float_3_3
Parameters: 1 0.000163746 0.000756066 -0.000163801 0.999999 0.000945393 -0.000755326 -0.000944801 0.999999 -0.03759 -0.0111801 0.184149
FixedParameters: 0 0 0

#Transform 8
Transform: AffineTransform_float_3_3
Parameters: 0.999999 0.000100813 0.000790494 -0.000101545 1 0.00110652 -0.000790782 -0.00110663 0.999999 -0.0423195 -0.0294779 0.177561
FixedParameters: 0 0 0

#Transform 9
Transform: AffineTransform_float_3_3
Parameters: 0.999999 2.21714e-05 0.00148843 -2.41784e-05 0.999998 0.00173531 -0.00148902 -0.00173581 0.999997 -0.0340411 -0.0762471 0.0637097
FixedParameters: 0 0 0

#Transform 10
Transform: AffineTransform_float_3_3
Parameters: 0.999999 -0.000109779 0.00140301 0.000107387 0.999998 0.00184616 -0.00140272 -0.0018464 0.999997 -0.0315377 -0.120662 0.0913772
FixedParameters: 0 0 0

#Transform 11
Transform: AffineTransform_float_3_3
Parameters: 1 -0.000416669 0.00107267 0.000415067 0.999998 0.00134464 -0.00107346 -0.00134427 0.999998 -0.0290938 0.0210312 0.0881393
FixedParameters: 0 0 0

#Transform 12
Transform: AffineTransform_float_3_3
Parameters: 1 -0.000421769 0.000518568 0.00042084 0.999999 0.00164177 -0.00051918 -0.00164225 0.999998 0.00682069 -0.0350486 -0.0324361
FixedParameters: 0 0 0

#Transform 13
Transform: AffineTransform_float_3_3
Parameters: 1 -0.000445387 0.000138979 0.000444987 1 -0.000308759 -0.000139573 0.000308946 1 0.0150331 -0.0190032 -0.143119
FixedParameters: 0 0 0

#Transform 14
Transform: AffineTransform_float_3_3
Parameters: 1 0.000328611 9.69667e-05 -0.00032841 1 -0.00071214 -9.73836e-05 0.000712591 0.999999 0.00173691 0.00191566 -0.180392
FixedParameters: 0 0 0

#Transform 15
Transform: AffineTransform_float_3_3
Parameters: 1 0.000618957 0.000325655 -0.000618745 1 -0.000325383 -0.000326057 0.00032498 1 -0.00641099 0.00946112 -0.102326
FixedParameters: 0 0 0

#Transform 16
Transform: AffineTransform_float_3_3
Parameters: 0.999999 0.00059905 0.000404215 -0.000598804 1 -0.000227351 -0.000404437 0.000227382 0.999999 -0.00984985 -0.0137696 -0.110364
FixedParameters: 0 0 0

#Transform 17
Transform: AffineTransform_float_3_3
Parameters: 1 0.000430577 0.000377029 -0.000430724 1 0.000194479 -0.000376862 -0.000194803 1 -0.0166672 -0.0966393 -0.0926008
FixedParameters: 0 0 0

#Transform 18
Transform: AffineTransform_float_3_3
Parameters: 1 0.000681621 -0.000154806 -0.000681681 0.999999 -0.000195214 0.00015454 0.000195425 1 0.00662849 -0.0611576 -0.0652104
FixedParameters: 0 0 0

#Transform 19
Transform: AffineTransform_float_3_3
Parameters: 1 0.000377857 5.04531e-06 -0.000377853 1 -0.000333913 -5.29765e-06 0.000333909 1 0.00844433 -0.00194261 -0.0901452
FixedParameters: 0 0 0

#Transform 20
Transform: AffineTransform_float_3_3
Parameters: 0.999999 0.000629902 0.000519122 -0.000631157 0.999999 0.000767995 -0.000518972 -0.000767732 1 -0.0132039 -0.0314575 0.000847307
FixedParameters: 0 0 0

#Transform 21
Transform: AffineTransform_float_3_3
Parameters: 1 0.000571682 0.000416672 -0.00057231 0.999999 0.000787973 -0.000415721 -0.000787595 1 -0.00660181 -0.0187293 0.03297
FixedParameters: 0 0 0

#Transform 22
Transform: AffineTransform_float_3_3
Parameters: 1 4.07052e-05 9.56854e-05 -4.07486e-05 1 0.00105433 -9.56228e-05 -0.00105433 1 -0.00726927 0.00688745 0.212724
FixedParameters: 0 0 0

#Transform 23
Transform: AffineTransform_float_3_3
Parameters: 1 2.41928e-05 0.000111829 -2.42879e-05 1 0.00113349 -0.000111798 -0.0011335 1 -0.00498857 0.043405 0.240954
FixedParameters: 0 0 0

#Transform 24
Transform: AffineTransform_float_3_3
Parameters: 1 5.14854e-05 0.000124622 -5.16908e-05 0.999999 0.00146021 -0.000124495 -0.00146022 0.999999 -0.00833064 -0.00134907 0.25975
FixedParameters: 0 0 0

#Transform 25
Transform: AffineTransform_float_3_3
Parameters: 1 -2.07127e-05 0.00015326 2.04662e-05 0.999999 0.00132033 -0.000153338 -0.00132032 0.999999 -0.00866173 0.00902562 0.24093
FixedParameters: 0 0 0

#Transform 26
Transform: AffineTransform_float_3_3
Parameters: 1 -3.78645e-05 0.000184682 3.74417e-05 0.999999 0.00157285 -0.000184824 -0.00157283 0.999998 -0.0105582 -0.00807681 0.252924
FixedParameters: 0 0 0

#Transform 27
Transform: AffineTransform_float_3_3
Parameters: 1 -2.66837e-05 0.000183821 2.62404e-05 0.999998 0.00163599 -0.000183931 -0.00163598 0.999998 -0.011166 -0.021271 0.231393
FixedParameters: 0 0 0

#Transform 28
Transform: AffineTransform_float_3_3
Parameters: 1 -3.93385e-05 0.000200129 3.89576e-05 0.999999 0.00174219 -0.000200312 -0.00174217 0.999999 -0.0117699 -0.0254643 0.227714
FixedParameters: 0 0 0

#Transform 29
Transform: AffineTransform_float_3_3
Parameters: 1 -2.09347e-05 0.000210321 2.12762e-05 0.999998 0.00198094 -0.00021094 -0.00198088 0.999998 -0.0133749 -0.0497146 0.224542
FixedParameters: 0 0 0

#Transform 30
Transform: AffineTransform_float_3_3
Parameters: 1 -2.17887e-05 0.000185111 2.13239e-05 0.999998 0.00168298 -0.000185207 -0.00168297 0.999998 -0.0122025 -0.0344156 0.237728
FixedParameters: 0 0 0

#Transform 31
Transform: AffineTransform_float_3_3
Parameters: 1 -0.000125061 0.000265988 0.000124829 0.999998 0.00194663 -0.000265652 -0.00194663 0.999998 -0.0148755 -0.040813 0.240116
FixedParameters: 0 0 0

#Transform 32
Transform: AffineTransform_float_3_3
Parameters: 1 -0.000125793 0.00026083 0.000125127 0.999998 0.00188184 -0.000261349 -0.00188177 0.999998 -0.0108912 0.00346255 0.199801
FixedParameters: 0 0 0

#Transform 33
Transform: AffineTransform_float_3_3
Parameters: 1 -0.00012274 0.000282333 0.000122329 0.999997 0.00215197 -0.000282039 -0.00215196 0.999997 -0.0118886 -0.0140534 0.165996
FixedParameters: 0 0 0

#Transform 34
Transform: AffineTransform_float_3_3
Parameters: 1 -9.60537e-05 0.000315664 9.51631e-05 0.999998 0.00191123 -0.000316076 -0.00191116 0.999998 -0.0190282 -0.0878281 0.193847
FixedParameters: 0 0 0

#Transform 35
Transform: AffineTransform_float_3_3
Parameters: 0.999999 -0.000618888 0.000382635 0.000617643 0.999997 0.0025628 -0.000383722 -0.00256335 0.999997 0.0265411 0.0194755 0.0414926
FixedParameters: 0 0 0

#Transform 36
Transform: AffineTransform_float_3_3
Parameters: 1 -0.0001714 -0.000148526 0.000171507 0.999997 0.00218881 0.000148217 -0.00218891 0.999997 0.0330473 0.0708084 0.0297603
FixedParameters: 0 0 0

#Transform 37
Transform: AffineTransform_float_3_3
Parameters: 0.999999 -0.000782074 0.000213944 0.000780722 0.999991 0.00436189 -0.000216871 -0.00436135 0.999991 0.0797819 0.0626679 -0.105027
FixedParameters: 0 0 0

#Transform 38
Transform: AffineTransform_float_3_3
Parameters: 1 -0.000391982 -5.75583e-05 0.000391616 0.999993 0.0035565 5.56082e-05 -0.00355663 0.999993 0.0532483 -0.0127125 -0.0434572
FixedParameters: 0 0 0

#Transform 39
Transform: AffineTransform_float_3_3
Parameters: 1 -0.000286382 0.000113931 0.000286252 0.999993 0.00377945 -0.000114902 -0.00377948 0.999993 0.0409359 -0.00535703 -0.000975415
FixedParameters: 0 0 0

#Transform 40
Transform: AffineTransform_float_3_3
Parameters: 1 -0.00019346 0.000479731 0.000191385 0.999992 0.00398705 -0.000480584 -0.00398691 0.999992 0.0279552 -0.0491132 0.0389825
FixedParameters: 0 0 0

#Transform 41
Transform: AffineTransform_float_3_3
Parameters: 1 -0.000191017 0.00041073 0.000189512 0.999992 0.00396241 -0.000411556 -0.00396231 0.999992 0.0262799 -0.068431 0.0581561
FixedParameters: 0 0 0

#Transform 42
Transform: AffineTransform_float_3_3
Parameters: 1 -0.000355652 5.28551e-05 0.000355844 0.999993 0.00359348 -5.41948e-05 -0.00359355 0.999993 0.0320572 -0.0670612 0.0830393
FixedParameters: 0 0 0

#Transform 43
Transform: AffineTransform_float_3_3
Parameters: 1 -0.000596641 -9.68708e-05 0.00059688 0.999995 0.00322062 9.4807e-05 -0.00322037 0.999994 0.04811 -0.0492277 0.0965775
FixedParameters: 0 0 0

#Transform 44
Transform: AffineTransform_float_3_3
Parameters: 1 -0.00063633 0.000216492 0.000635962 0.999993 0.00358535 -0.000219042 -0.00358609 0.999993 0.0463714 -0.0452264 0.107669
FixedParameters: 0 0 0

#Transform 45
Transform: AffineTransform_float_3_3
Parameters: 1 -0.000420783 0.000312844 0.000419693 0.999994 0.00343718 -0.000313647 -0.00343708 0.999994 0.0611466 -0.0159251 0.119941
FixedParameters: 0 0 0

#Transform 46
Transform: AffineTransform_float_3_3
Parameters: 1 -0.000545146 -7.93822e-05 0.000545041 0.999995 0.00295749 7.79608e-05 -0.00295687 0.999996 0.0552575 0.0324911 0.117702
FixedParameters: 0 0 0

#Transform 47
Transform: AffineTransform_float_3_3
Parameters: 1 -0.000447477 -4.29043e-05 0.000447488 0.999994 0.00347171 4.15027e-05 -0.0034719 0.999994 0.0503413 0.0429537 0.0743753
FixedParameters: 0 0 0

#Transform 48
Transform: AffineTransform_float_3_3
Parameters: 1 -0.000544025 0.000158253 0.000544082 0.999993 0.00365754 -0.000160171 -0.00365753 0.999994 0.05106 0.0117793 0.0577371
FixedParameters: 0 0 0

#Transform 49
Transform: AffineTransform_float_3_3
Parameters: 0.999997 -0.000462955 0.00216931 0.000447174 0.999972 0.00743 -0.00217335 -0.00742861 0.99997 0.033637 -0.0323465 -0.0769067
FixedParameters: 0 0 0

#Transform 50
Transform: AffineTransform_float_3_3
Parameters: 0.999999 -8.31807e-05 0.00133062 7.40915e-05 0.999979 0.00662169 -0.00133155 -0.00662143 0.999977 0.00220253 -0.0192228 0.0553525
FixedParameters: 0 0 0

#Transform 51
Transform: AffineTransform_float_3_3
Parameters: 0.999999 -1.36582e-06 0.00167882 -9.14565e-06 0.999981 0.00608493 -0.00167865 -0.00608453 0.99998 -0.0217267 -0.0231979 0.065116
FixedParameters: 0 0 0

#Transform 52
Transform: AffineTransform_float_3_3
Parameters: 0.999999 0.000300726 0.00165439 -0.000309874 0.999983 0.00582171 -0.0016521 -0.00582305 0.999982 -0.0225159 -0.0281873 0.0664088
FixedParameters: 0 0 0

#Transform 53
Transform: AffineTransform_float_3_3
Parameters: 0.999999 0.000418532 0.00153788 -0.000427423 0.999983 0.00587209 -0.00153586 -0.00587274 0.999982 -0.0227615 -0.0381969 0.0706483
FixedParameters: 0 0 0

#Transform 54
Transform: AffineTransform_float_3_3
Parameters: 0.999999 7.32827e-06 0.00119108 -1.41622e-05 0.999983 0.00591537 -0.00119159 -0.00591529 0.999982 0.00601075 -0.0609519 0.0881397
FixedParameters: 0 0 0

#Transform 55
Transform: AffineTransform_float_3_3
Parameters: 1 -0.000305114 0.00080704 0.000300744 0.999983 0.00580529 -0.000808836 -0.00580491 0.999983 0.0305132 -0.068089 0.0756124
FixedParameters: 0 0 0

#Transform 56
Transform: AffineTransform_float_3_3
Parameters: 1 -0.000312377 0.000721763 0.000308533 0.999983 0.00587493 -0.000724633 -0.00587538 0.999982 0.0299442 -0.0400926 0.0556842
FixedParameters: 0 0 0

#Transform 57
Transform: AffineTransform_float_3_3
Parameters: 1 -0.000348174 0.00072213 0.000343908 0.999983 0.00582057 -0.000723949 -0.00582023 0.999983 0.0182741 -0.036748 0.109761
FixedParameters: 0 0 0

#Transform 58
Transform: AffineTransform_float_3_3
Parameters: 0.999999 -0.000313154 0.000822773 0.000307622 0.999982 0.00607099 -0.000824379 -0.00607063 0.999981 0.0189646 -0.0259989 0.0708652
FixedParameters: 0 0 0

#Transform 59
Transform: AffineTransform_float_3_3
Parameters: 1 -0.000186799 0.000835925 0.000181486 0.999982 0.00606842 -0.000837355 -0.00606815 0.999981 0.0131238 -0.034742 0.056593
FixedParameters: 0 0 0

#Transform 60
Transform: AffineTransform_float_3_3
Parameters: 1 -5.89909e-05 0.000687481 5.49832e-05 0.999982 0.0060787 -0.000688236 -0.0060786 0.999982 0.0208908 -0.0298917 0.00739329
FixedParameters: 0 0 0

#Transform 61
Transform: AffineTransform_float_3_3
Parameters: 0.999999 -0.000306899 0.000757533 0.000302562 0.999989 0.00465052 -0.000758886 -0.00465017 0.999989 0.00995629 -0.0645084 0.0823716
FixedParameters: 0 0 0

#Transform 62
Transform: AffineTransform_float_3_3
Parameters: 0.999998 -0.000317015 0.00186601 0.000309288 0.999992 0.00410644 -0.00186781 -0.00410578 0.99999 -0.0264667 -0.136921 0.0426827
FixedParameters: 0 0 0

#Transform 63
Transform: AffineTransform_float_3_3
Parameters: 0.999993 -0.000491433 0.00384383 0.000469055 0.999983 0.00570025 -0.00384728 -0.00569875 0.999976 0.00401007 -0.0351131 -0.171167
FixedParameters: 0 0 0

#Transform 64
Transform: AffineTransform_float_3_3
Parameters: 0.999996 -0.000142548 0.00281495 0.000127396 0.999986 0.00531164 -0.00281608 -0.00531145 0.999982 -0.0342487 -0.0486002 -0.0436049
FixedParameters: 0 0 0

#Transform 65
Transform: AffineTransform_float_3_3
Parameters: 0.999997 -0.000307488 0.00247797 0.000294114 0.999986 0.00539825 -0.00247998 -0.00539777 0.999983 -0.0231513 -0.0422728 -0.0623932
FixedParameters: 0 0 0

#Transform 66
Transform: AffineTransform_float_3_3
Parameters: 0.999996 -0.000390757 0.00254613 0.000375735 0.999983 0.00581858 -0.00254772 -0.00581827 0.99998 -0.0182097 -0.0606295 -0.0619628
FixedParameters: 0 0 0

#Transform 67
Transform: AffineTransform_float_3_3
Parameters: 0.999997 -0.000411142 0.00269839 0.000394695 0.999981 0.00610073 -0.00270143 -0.0061001 0.999978 -0.0239235 -0.0856992 -0.0661843
FixedParameters: 0 0 0

#Transform 68
Transform: AffineTransform_float_3_3
Parameters: 0.999997 -0.000426178 0.00271787 0.00040974 0.999982 0.00605526 -0.00272106 -0.00605453 0.999978 -0.0236891 -0.122452 -0.0936249
FixedParameters: 0 0 0

#Transform 69
Transform: AffineTransform_float_3_3
Parameters: 0.999997 -0.000397504 0.00253454 0.000380888 0.999979 0.00645261 -0.00253727 -0.00645223 0.999976 -0.0150232 -0.130573 -0.0920991
FixedParameters: 0 0 0

#Transform 70
Transform: AffineTransform_float_3_3
Parameters: 0.999997 -0.000458453 0.0025364 0.000440624 0.999976 0.00688845 -0.00253946 -0.0068873 0.999973 -0.00917467 -0.117416 -0.123882
FixedParameters: 0 0 0

#Transform 71
Transform: AffineTransform_float_3_3
Parameters: 0.999997 -0.000468051 0.00246944 0.000451786 0.999979 0.00635817 -0.00247244 -0.00635702 0.999976 -0.00925984 -0.123719 -0.113204
FixedParameters: 0 0 0

#Transform 72
Transform: AffineTransform_float_3_3
Parameters: 0.999997 -0.000427571 0.00250112 0.000411428 0.999979 0.00645644 -0.00250419 -0.00645541 0.999976 -0.0113667 -0.0920826 -0.0938507
FixedParameters: 0 0 0

#Transform 73
Transform: AffineTransform_float_3_3
Parameters: 0.999996 -0.000318656 0.00264752 0.000299378 0.999975 0.00693756 -0.00265002 -0.0069366 0.999973 -0.0123402 -0.0616999 -0.117997
FixedParameters: 0 0 0

#Transform 74
Transform: AffineTransform_float_3_3
Parameters: 0.999997 -0.000461063 0.00249472 0.000444103 0.999978 0.00659484 -0.00249701 -0.00659376 0.999975 -0.0115968 -0.119941 -0.104466
FixedParameters: 0 0 0

#Transform 75
Transform: AffineTransform_float_3_3
Parameters: 0.999997 -0.000218628 0.00243954 0.000201969 0.999976 0.00689989 -0.00244153 -0.00689981 0.999973 -0.00715982 -0.087605 -0.118234
FixedParameters: 0 0 0

#Transform 76
Transform: AffineTransform_float_3_3
Parameters: 0.999997 -0.000187122 0.00237709 0.000171512 0.999979 0.00647805 -0.00237881 -0.00647814 0.999976 -0.0212954 -0.0690446 -0.00713747
FixedParameters: 0 0 0

#Transform 77
Transform: AffineTransform_float_3_3
Parameters: 0.999998 -0.000235846 0.00196403 0.000223782 0.999983 0.005795 -0.00196486 -0.00579466 0.999981 -0.0192591 -0.0974755 -0.0206674
FixedParameters: 0 0 0

#Transform 78
Transform: AffineTransform_float_3_3
Parameters: 0.999999 -0.000272655 0.000997262 0.000267345 0.999989 0.00477553 -0.000998003 -0.00477511 0.999988 0.0105363 -0.084019 0.000945803
FixedParameters: 0 0 0

#Transform 79
Transform: AffineTransform_float_3_3
Parameters: 0.999999 -3.81098e-05 0.00121164 3.32469e-05 0.999992 0.00400657 -0.00121179 -0.0040056 0.999991 -0.00581857 -0.0554591 0.0853033
FixedParameters: 0 0 0

#Transform 80
Transform: AffineTransform_float_3_3
Parameters: 0.999999 -0.00020275 0.000953408 0.000199488 0.999995 0.00305386 -0.000953555 -0.00305406 0.999995 -0.0444503 0.0305134 0.478163
FixedParameters: 0 0 0

#Transform 81
Transform: AffineTransform_float_3_3
Parameters: 0.999999 -0.00040392 0.00122646 0.000396107 0.999983 0.00583542 -0.00122905 -0.00583456 0.999982 -0.047851 -0.0674837 0.357705
FixedParameters: 0 0 0

#Transform 82
Transform: AffineTransform_float_3_3
Parameters: 0.999996 -0.00153764 0.00217134 0.00151431 0.999941 0.0106753 -0.00218827 -0.010672 0.99994 -0.0485076 -0.0545304 0.600395
FixedParameters: 0 0 0

#Transform 83
Transform: AffineTransform_float_3_3
Parameters: 0.999999 -0.00057036 0.00152694 0.000565063 0.999994 0.00350463 -0.0015291 -0.0035035 0.999993 -0.0421888 0.0971973 0.423012
FixedParameters: 0 0 0

#Transform 84
Transform: AffineTransform_float_3_3
Parameters: 1 -0.00067412 0.00108032 0.000671913 0.999998 0.00200171 -0.00108187 -0.00200119 0.999997 -0.0404066 0.167487 0.669466
FixedParameters: 0 0 0

#Transform 85
Transform: AffineTransform_float_3_3
Parameters: 0.999999 -0.0009505 0.00112952 0.000949211 0.999999 0.000773462 -0.00113017 -0.000772233 0.999998 -0.0515351 0.156437 0.705931
FixedParameters: 0 0 0

#Transform 86
Transform: AffineTransform_float_3_3
Parameters: 0.999999 -0.000956921 0.00111368 0.000955964 0.999999 0.0010062 -0.00111528 -0.0010046 0.999999 -0.0545634 0.105434 0.691828
FixedParameters: 0 0 0

#Transform 87
Transform: AffineTransform_float_3_3
Parameters: 1 -0.000732503 0.000981405 0.000730086 0.999997 0.00208975 -0.000982004 -0.00208987 0.999997 -0.0487152 0.0356491 0.649577
FixedParameters: 0 0 0

#Transform 88
Transform: AffineTransform_float_3_3
Parameters: 0.999999 -0.000673563 0.00114302 0.000669526 0.999995 0.00302769 -0.00114511 -0.0030268 0.999995 -0.050985 0.022435 0.6149
FixedParameters: 0 0 0

#Transform 89
Transform: AffineTransform_float_3_3
Parameters: 0.999999 -0.000589406 0.00130495 0.000585404 0.999995 0.00321546 -0.00130639 -0.00321459 0.999994 -0.0560184 -0.0112708 0.598806
FixedParameters: 0 0 0

#Transform 90
Transform: AffineTransform_float_3_3
Parameters: 0.999999 -0.000732512 0.00123244 0.000728948 0.999996 0.00255289 -0.00123417 -0.00255174 0.999996 -0.0482856 0.0969253 0.618626
FixedParameters: 0 0 0

#Transform 91
Transform: AffineTransform_float_3_3
Parameters: 0.999999 -0.000640276 0.00119133 0.000636363 0.999996 0.00284144 -0.00119303 -0.00284142 0.999995 -0.0461261 0.0977777 0.61997
FixedParameters: 0 0 0

#Transform 92
Transform: AffineTransform_float_3_3
Parameters: 0.999999 -0.000610579 0.00126035 0.000605766 0.999995 0.00310546 -0.00126223 -0.00310542 0.999994 -0.0472024 0.0946413 0.614715
FixedParameters: 0 0 0

#Transform 93
Transform: AffineTransform_float_3_3
Parameters: 0.999999 -0.000656824 0.00119528 0.000651927 0.999995 0.00340087 -0.00119781 -0.00340029 0.999993 -0.0476376 0.0642105 0.575573
FixedParameters: 0 0 0

#Transform 94
Transform: AffineTransform_float_3_3
Parameters: 0.999999 -0.000651811 0.00118565 0.000647495 0.999995 0.00309082 -0.00118777 -0.00309078 0.999995 -0.0449904 0.0986721 0.561542
FixedParameters: 0 0 0

#Transform 95
Transform: AffineTransform_float_3_3
Parameters: 0.999999 -0.000621861 0.00126239 0.000616811 0.999994 0.00347437 -0.0012639 -0.00347385 0.999993 -0.045598 0.0715523 0.558616
FixedParameters: 0 0 0

#Transform 96
Transform: AffineTransform_float_3_3
Parameters: 0.999999 -0.000685532 0.00117796 0.000680216 0.999992 0.0039684 -0.00118063 -0.00396783 0.999991 -0.0415799 -0.0160156 0.455783
FixedParameters: 0 0 0

#Transform 97
Transform: AffineTransform_float_3_3
Parameters: 0.999998 -0.00076484 0.00150721 0.000758968 0.999993 0.00368058 -0.00150967 -0.00367934 0.999991 -0.0181236 -0.06706 0.310847
FixedParameters: 0 0 0

#Transform 98
Transform: AffineTransform_float_3_3
Parameters: 0.999999 -0.000510905 -0.000500325 0.000511814 0.999999 0.000881719 0.000499474 -0.000881376 1 0.0454154 0.0895878 0.285512
FixedParameters: 0 0 0

#Transform 99
Transform: AffineTransform_float_3_3
Parameters: 0.999999 -0.000973535 5.84379e-05 0.000973223 0.999999 0.00059124 -5.83062e-05 -0.000592091 1 0.0388653 0.0313191 0.131507
FixedParameters: 0 0 0

#Transform 100
Transform: AffineTransform_float_3_3
Parameters: 0.999998 -0.00148771 0.000548696 0.00148669 0.999998 0.000558935 -0.000549051 -0.000558269 1 0.0219754 0.0191607 0.0961095
FixedParameters: 0 0 0

#Transform 101
Transform: AffineTransform_float_3_3
Parameters: 0.999999 -0.00142395 0.000661585 0.00142368 0.999998 0.000549328 -0.00066233 -0.000548361 1 0.0186919 0.00352965 0.10284
FixedParameters: 0 0 0

#Transform 102
Transform: AffineTransform_float_3_3
Parameters: 0.999998 -0.00152435 0.00077636 0.0015241 0.999999 0.000541168 -0.000777264 -0.00054057 1 0.0264072 -0.0253299 0.0893307
FixedParameters: 0 0 0

#Transform 103
Transform: AffineTransform_float_3_3
Parameters: 0.999998 -0.00156528 0.0010724 0.00156413 0.999998 0.00073321 -0.00107392 -0.000731623 0.999999 0.0103122 -0.0181865 0.0764554
FixedParameters: 0 0 0

#Transform 104
Transform: AffineTransform_float_3_3
Parameters: 0.999998 -0.00153659 0.00116937 0.00153514 0.999998 0.00102462 -0.00117082 -0.00102201 0.999999 0.020202 -0.0309802 0.0608246
FixedParameters: 0 0 0

#Transform 105
Transform: AffineTransform_float_3_3
Parameters: 0.999998 -0.00160372 0.00114144 0.00160178 0.999998 0.00129631 -0.00114403 -0.001295 0.999999 0.0199407 -0.0314896 0.0318844
FixedParameters: 0 0 0

#Transform 106
Transform: AffineTransform_float_3_3
Parameters: 0.999998 -0.00185339 0.00108952 0.00185188 0.999997 0.00168907 -0.0010925 -0.00168784 0.999998 0.0359766 -0.0596731 0.00444272
FixedParameters: 0 0 0

#Transform 107
Transform: AffineTransform_float_3_3
Parameters: 0.999998 -0.00202934 0.000997209 0.0020272 0.999997 0.00169865 -0.0010002 -0.0016961 0.999998 0.03956 0.0187802 0.0149992
FixedParameters: 0 0 0

#Transform 108
Transform: AffineTransform_float_3_3
Parameters: 0.999997 -0.00171079 0.00146685 0.0017073 0.999996 0.00213798 -0.00147003 -0.0021355 0.999997 0.0364667 -0.00994962 0.0116505
FixedParameters: 0 0 0

#Transform 109
Transform: AffineTransform_float_3_3
Parameters: 0.999997 -0.00174589 0.0017058 0.00174311 0.999997 0.00149847 -0.00170913 -0.00149573 0.999997 0.0248575 -0.0132552 0.0577208
FixedParameters: 0 0 0

#Transform 110
Transform: AffineTransform_float_3_3
Parameters: 0.999996 -0.00186786 0.0018408 0.00186525 0.999997 0.00134113 -0.00184391 -0.00133747 0.999997 0.0263912 0.0338068 0.0345726
FixedParameters: 0 0 0

#Transform 111
Transform: AffineTransform_float_3_3
Parameters: 0.999997 -0.00173003 0.00177355 0.00172588 0.999996 0.00215444 -0.00177733 -0.0021508 0.999996 0.0249361 -0.0413546 0.0332645
FixedParameters: 0 0 0

#Transform 112
Transform: AffineTransform_float_3_3
Parameters: 0.999997 -0.00173511 0.00179308 0.00172981 0.999995 0.00262946 -0.00179769 -0.00262578 0.999995 0.0257979 -0.0647665 0.0332293
FixedParameters: 0 0 0

#Transform 113
Transform: AffineTransform_float_3_3
Parameters: 0.999989 -0.00171125 0.00438167 0.00168353 0.999978 0.00637193 -0.00439267 -0.00636482 0.99997 0.017177 -0.171157 -0.204353
FixedParameters: 0 0 0

#Transform 114
Transform: AffineTransform_float_3_3
Parameters: 0.999992 -0.00128529 0.00352963 0.00126335 0.999979 0.00623638 -0.00353785 -0.00623121 0.999974 0.00892583 -0.155694 -0.112002
FixedParameters: 0 0 0

#Transform 115
Transform: AffineTransform_float_3_3
Parameters: 0.999992 -0.00152669 0.00366728 0.00150244 0.999977 0.00655276 -0.00367694 -0.00654651 0.999971 0.00574939 -0.159512 -0.127492
FixedParameters: 0 0 0

#Transform 116
Transform: AffineTransform_float_3_3
Parameters: 0.999991 -0.00172339 0.00388643 0.00169993 0.99998 0.00607298 -0.0038962 -0.00606597 0.999973 -0.000447236 -0.123288 -0.112592
FixedParameters: 0 0 0

#Transform 117
Transform: AffineTransform_float_3_3
Parameters: 0.999965 -0.00204809 0.00807593 0.00199176 0.999974 0.00697652 -0.00809089 -0.00696035 0.999944 -0.102231 -0.106328 -0.144622
FixedParameters: 0 0 0

#Transform 118
Transform: AffineTransform_float_3_3
Parameters: 0.999985 -0.00174943 0.0050481 0.0017233 0.999985 0.00522191 -0.0050578 -0.00521354 0.999973 -0.0149959 -0.118756 -0.172988
FixedParameters: 0 0 0

#Transform 119
Transform: AffineTransform_float_3_3
Parameters: 0.999989 -0.00162045 0.00443563 0.00159533 0.999982 0.00572976 -0.00444453 -0.00572235 0.999974 -0.0131603 -0.211054 -0.116898
FixedParameters: 0 0 0

#Transform 120
Transform: AffineTransform_float_3_3
Parameters: 0.999993 -0.00192273 0.0034259 0.00190704 0.999988 0.0045965 -0.00343419 -0.00458997 0.999983 0.0176392 -0.0333945 -0.213197
FixedParameters: 0 0 0

#Transform 121
Transform: AffineTransform_float_3_3
Parameters: 0.999991 -0.00203233 0.00380795 0.00201579 0.999989 0.00431974 -0.00381674 -0.00431274 0.999983 -0.0063756 -0.0675009 -0.134087
FixedParameters: 0 0 0

#Transform 122
Transform: AffineTransform_float_3_3
Parameters: 0.999994 -0.00184614 0.00307926 0.00183657 0.999994 0.00293616 -0.00308388 -0.00293124 0.999991 -0.0706583 0.00534754 0.243965
FixedParameters: 0 0 0

#Transform 123
Transform: AffineTransform_float_3_3
Parameters: 0.999993 -0.00182451 0.0030144 0.00181441 0.999993 0.00311887 -0.00301953 -0.00311346 0.999991 -0.0853268 -0.000456931 0.378077
FixedParameters: 0 0 0

#Transform 124
Transform: AffineTransform_float_3_3
Parameters: 0.999994 -0.00173521 0.00297573 0.00172544 0.999993 0.00325678 -0.00298122 -0.00325147 0.99999 -0.104547 -0.0110785 0.546496
FixedParameters: 0 0 0

#Transform 125
Transform: AffineTransform_float_3_3
Parameters: 0.999994 -0.00183815 0.00292689 0.00182877 0.999994 0.00309412 -0.00293202 -0.00308928 0.999991 -0.102281 -0.0680119 0.433159
FixedParameters: 0 0 0

#Transform 126
Transform: AffineTransform_float_3_3
Parameters: 0.999995 -0.00164478 0.00267859 0.00163568 0.999992 0.00343214 -0.00268496 -0.00342828 0.999991 -0.0679896 -0.148899 0.338643
FixedParameters: 0 0 0

#Transform 127
Transform: AffineTransform_float_3_3
Parameters: 0.999994 -0.00200245 0.00279879 0.00199526 0.999995 0.00246046 -0.00280361 -0.0024551 0.999993 -0.0507829 -0.100424 0.191553
FixedParameters: 0 0 0

#Transform 128
Transform: AffineTransform_float_3_3
Parameters: 0.999994 -0.00192927 0.00300738 0.00192064 0.999994 0.00275414 -0.00301259 -0.0027484 0.999991 -0.0486334 -0.0678505 0.167571
FixedParameters: 0 0 0

#Transform 129
Transform: AffineTransform_float_3_3
Parameters: 0.999995 -0.00145599 0.00273443 0.00144696 0.999994 0.00324773 -0.00273972 -0.00324329 0.999991 -0.0544922 -0.0370636 0.232413
FixedParameters: 0 0 0

#Transform 130
Transform: AffineTransform_float_3_3
Parameters: 0.999995 -0.00145945 0.00271141 0.00145097 0.999994 0.00297597 -0.00271547 -0.00297215 0.999992 -0.0519007 -0.00675835 0.216756
FixedParameters: 0 0 0

#Transform 131
Transform: AffineTransform_float_3_3
Parameters: 0.999994 -0.00161021 0.00274984 0.00160232 0.999994 0.00282121 -0.00275435 -0.0028173 0.999992 -0.0422699 -0.014122 0.174831
FixedParameters: 0 0 0

#Transform 132
Transform: AffineTransform_float_3_3
Parameters: 0.999995 -0.00165016 0.00273779 0.00164256 0.999995 0.00275251 -0.00274227 -0.00274841 0.999992 -0.0371469 -0.021751 0.160288
FixedParameters: 0 0 0

#Transform 133
Transform: AffineTransform_float_3_3
Parameters: 0.999995 -0.00159288 0.00271225 0.00158502 0.999995 0.00287324 -0.00271672 -0.00286817 0.999992 -0.0373156 -0.0261049 0.137055
FixedParameters: 0 0 0

#Transform 134
Transform: AffineTransform_float_3_3
Parameters: 0.999995 -0.0015841 0.00267551 0.00157586 0.999994 0.00308545 -0.00267987 -0.00308198 0.999992 -0.0338373 -0.0687191 0.136075
FixedParameters: 0 0 0

#Transform 135
Transform: AffineTransform_float_3_3
Parameters: 0.999995 -0.00153235 0.00259026 0.00152399 0.999994 0.00312825 -0.00259524 -0.00312474 0.999992 -0.0318497 -0.0744828 0.115984
FixedParameters: 0 0 0

#Transform 136
Transform: AffineTransform_float_3_3
Parameters: 0.999996 -0.00140552 0.00245967 0.0013992 0.999996 0.00241687 -0.002463 -0.00241345 0.999994 -0.0300778 -0.0342456 0.102522
FixedParameters: 0 0 0

#Transform 137
Transform: AffineTransform_float_3_3
Parameters: 0.999997 -0.00129503 0.00228844 0.00128846 0.999996 0.00272066 -0.00229207 -0.00271823 0.999994 -0.0222011 -0.140468 0.0359136
FixedParameters: 0 0 0

#Transform 138
Transform: AffineTransform_float_3_3
Parameters: 0.999996 -0.00126435 0.00238678 0.00125903 0.999996 0.00249385 -0.00239014 -0.00249126 0.999994 -0.0224976 -0.115491 0.00831811
FixedParameters: 0 0 0

#Transform 139
Transform: AffineTransform_float_3_3
Parameters: 0.999998 -0.00148781 0.00181039 0.00148697 0.999999 0.000691049 -0.0018114 -0.000688479 0.999999 0.00111415 -0.0320525 -0.155328
FixedParameters: 0 0 0

#Transform 140
Transform: AffineTransform_float_3_3
Parameters: 0.999998 -0.00144104 0.00148586 0.00144061 0.999999 0.000431684 -0.00148552 -0.000429753 0.999999 0.0192891 -0.0420006 -0.20346
FixedParameters: 0 0 0

#Transform 141
Transform: AffineTransform_float_3_3
Parameters: 0.999998 -0.00148352 0.00136509 0.00148364 0.999999 -8.49508e-05 -0.00136498 8.67775e-05 0.999999 0.0224544 -0.0257624 -0.248285
FixedParameters: 0 0 0

#Transform 142
Transform: AffineTransform_float_3_3
Parameters: 0.999998 -0.00159644 0.00115978 0.00159644 0.999999 -2.55479e-05 -0.0011598 2.75429e-05 0.999999 0.0264176 -0.000659264 -0.162685
FixedParameters: 0 0 0

#Transform 143
Transform: AffineTransform_float_3_3
Parameters: 0.999998 -0.00171101 0.00160944 0.00171004 0.999998 0.000389303 -0.00161015 -0.000387452 0.999999 0.0232609 -0.0198418 -0.134171
FixedParameters: 0 0 0

#Transform 144
Transform: AffineTransform_float_3_3
Parameters: 0.999994 -0.00192155 0.00271928 0.00191543 0.999995 0.00231345 -0.00272306 -0.00230799 0.999994 -0.00174172 -0.0662923 -0.10006
FixedParameters: 0 0 0

#Transform 145
Transform: AffineTransform_float_3_3
Parameters: 0.999996 -0.00141144 0.00232789 0.00140761 0.999997 0.00191469 -0.0023307 -0.00191154 0.999996 -0.0230234 -0.0575557 0.00677087
FixedParameters: 0 0 0

#Transform 146
Transform: AffineTransform_float_3_3
Parameters: 0.999997 -0.00120643 0.00199125 0.00120268 0.999998 0.00177349 -0.00199414 -0.00177152 0.999996 -0.0135707 -0.0431995 0.0459769
FixedParameters: 0 0 0

#Transform 147
Transform: AffineTransform_float_3_3
Parameters: 0.999997 -0.00126671 0.00215794 0.00126308 0.999998 0.00157265 -0.00216051 -0.00157001 0.999996 -0.0109196 -0.0702268 0.0201021
FixedParameters: 0 0 0

#Transform 148
Transform: AffineTransform_float_3_3
Parameters: 0.999998 -0.00126504 0.00197618 0.00126131 0.999997 0.0019966 -0.00197803 -0.0019937 0.999996 -0.0193832 -0.03481 0.121898
FixedParameters: 0 0 0

#Transform 149
Transform: AffineTransform_float_3_3
Parameters: 0.999997 -0.00120893 0.00197122 0.00120475 0.999997 0.0021894 -0.0019734 -0.00218759 0.999996 -0.0277818 0.00494487 0.147481
FixedParameters: 0 0 0

#Transform 150
Transform: AffineTransform_float_3_3
Parameters: 0.999998 -0.00127169 0.00172584 0.00126897 0.999997 0.00171137 -0.00172873 -0.00170895 0.999997 -0.0281898 -0.00764415 0.219064
FixedParameters: 0 0 0

#Transform 151
Transform: AffineTransform_float_3_3
Parameters: 0.999996 -0.00118151 0.00246761 0.00117661 0.999997 0.00220189 -0.00247066 -0.00219858 0.999995 -0.0303725 0.0256966 0.214408
FixedParameters: 0 0 0

#Transform 152
Transform: AffineTransform_float_3_3
Parameters: 0.999997 -0.00121981 0.00224483 0.00121309 0.999995 0.00315717 -0.0022487 -0.00315468 0.999992 -0.0205839 -0.011574 0.221863
FixedParameters: 0 0 0

#Transform 153
Transform: AffineTransform_float_3_3
Parameters: 0.999997 -0.00125092 0.00224191 0.00124429 0.999995 0.00291406 -0.00224486 -0.00291149 0.999993 -0.0185858 0.00178189 0.195304
FixedParameters: 0 0 0

#Transform 154
Transform: AffineTransform_float_3_3
Parameters: 0.999997 -0.00136936 0.00224364 0.00136309 0.999994 0.00301988 -0.00224806 -0.00301673 0.999992 -0.0192266 -0.00332827 0.178327
FixedParameters: 0 0 0

#Transform 155
Transform: AffineTransform_float_3_3
Parameters: 0.999997 -0.00119505 0.00221906 0.00118892 0.999994 0.00301608 -0.00222242 -0.00301343 0.999994 -0.018076 -0.0121433 0.173494
FixedParameters: 0 0 0

#Transform 156
Transform: AffineTransform_float_3_3
Parameters: 0.999996 -0.00120305 0.00266434 0.00119345 0.999993 0.00344668 -0.00266841 -0.00344294 0.999991 -0.0148144 -0.0643705 0.109279
FixedParameters: 0 0 0

#Transform 157
Transform: AffineTransform_float_3_3
Parameters: 0.999996 -0.0013724 0.0023778 0.00136342 0.999992 0.00372364 -0.00238248 -0.00372023 0.99999 -0.0194219 0.00230517 0.147072
FixedParameters: 0 0 0

#Transform 158
Transform: AffineTransform_float_3_3
Parameters: 0.999996 -0.00117188 0.00246603 0.00116228 0.999992 0.00378583 -0.00247072 -0.00378272 0.99999 -0.0202096 -0.0122469 0.122719
FixedParameters: 0 0 0

#Transform 159
Transform: AffineTransform_float_3_3
Parameters: 0.999996 -0.00115351 0.00241443 0.00114428 0.999993 0.00358097 -0.00241801 -0.00357812 0.999991 -0.0263333 -0.0815619 0.166336
FixedParameters: 0 0 0

#Transform 160
Transform: AffineTransform_float_3_3
Parameters: 0.999997 -0.000998695 0.00214715 0.000991422 0.999993 0.00347122 -0.00215022 -0.00346907 0.999991 -0.0274745 -0.0476798 0.148948
FixedParameters: 0 0 0

#Transform 161
Transform: AffineTransform_float_3_3
Parameters: 0.999998 -0.000879515 0.00201471 0.000872346 0.999993 0.00355226 -0.00201797 -0.00355079 0.999991 -0.0153633 -0.0517011 0.136776
FixedParameters: 0 0 0

#Transform 162
Transform: AffineTransform_float_3_3
Parameters: 0.999997 -0.00097285 0.00219089 0.000964054 0.999991 0.00416362 -0.00219481 -0.0041615 0.999989 -0.0160162 -0.100426 0.0426563
FixedParameters: 0 0 0

#Transform 163
Transform: AffineTransform_float_3_3
Parameters: 0.999997 -0.000906668 0.00223109 0.000896815 0.999992 0.00398899 -0.0022345 -0.00398708 0.999989 -0.0135693 -0.0603728 0.0496389
FixedParameters: 0 0 0

#Transform 164
Transform: AffineTransform_float_3_3
Parameters: 0.999997 -0.00102584 0.00225375 0.00101548 0.999989 0.00455889 -0.00225813 -0.00455699 0.999988 -0.00495418 -0.124037 -0.0502417
FixedParameters: 0 0 0

#Transform 165
Transform: AffineTransform_float_3_3
Parameters: 0.999998 -0.00110168 0.00185596 0.00109419 0.999991 0.00421553 -0.0018614 -0.00421305 0.99999 0.00983173 -0.116582 -0.127743
FixedParameters: 0 0 0

#Transform 166
Transform: AffineTransform_float_3_3
Parameters: 0.999998 -0.00136783 0.00170948 0.00136075 0.999991 0.00404997 -0.00171485 -0.00404706 0.99999 0.0178273 -0.13041 -0.212204
FixedParameters: 0 0 0

#Transform 167
Transform: AffineTransform_float_3_3
Parameters: 0.999998 -0.00137471 0.00146081 0.00137105 0.999996 0.00250867 -0.00146401 -0.00250629 0.999996 0.0215 -0.140785 -0.371853
FixedParameters: 0 0 0

#Transform 168
Transform: AffineTransform_float_3_3
Parameters: 0.999998 -0.00131934 0.00138781 0.00131713 0.999998 0.001656 -0.00139019 -0.00165384 0.999998 0.0180914 -0.155955 -0.419038
FixedParameters: 0 0 0

#Transform 169
Transform: AffineTransform_float_3_3
Parameters: 0.999998 -0.00131089 0.00119262 0.00130814 0.999997 0.00211313 -0.00119491 -0.00211248 0.999997 0.0159872 -0.170642 -0.439301
FixedParameters: 0 0 0

#Transform 170
Transform: AffineTransform_float_3_3
Parameters: 0.999998 -0.00137164 0.0010094 0.00136951 0.999997 0.00192281 -0.00101216 -0.00192108 0.999998 0.0218003 -0.0713614 -0.305466
FixedParameters: 0 0 0

#Transform 171
Transform: AffineTransform_float_3_3
Parameters: 0.999998 -0.00134914 0.00110175 0.00134577 0.999995 0.0029766 -0.00110559 -0.00297479 0.999995 0.0249636 -0.0860035 -0.262896
FixedParameters: 0 0 0

#Transform 172
Transform: AffineTransform_float_3_3
Parameters: 0.999998 -0.00126546 0.0012081 0.00126054 0.999993 0.0034176 -0.00121258 -0.00341571 0.999993 0.0207393 -0.10208 -0.212077
FixedParameters: 0 0 0

#Transform 173
Transform: AffineTransform_float_3_3
Parameters: 0.999998 -0.00131085 0.00130178 0.00130564 0.999993 0.00353122 -0.00130602 -0.00352903 0.999993 0.0302631 -0.0842623 -0.27568
FixedParameters: 0 0 0

#Transform 174
Transform: AffineTransform_float_3_3
Parameters: 0.999999 -0.00135773 0.00127336 0.00135372 0.999995 0.00270445 -0.00127647 -0.00270216 0.999995 0.0233207 -0.201965 -0.264139
FixedParameters: 0 0 0

#Transform 175
Transform: AffineTransform_float_3_3
Parameters: 0.999998 -0.0011735 0.0016459 0.0011691 0.999995 0.00290783 -0.00164867 -0.00290562 0.999995 0.0118697 -0.108943 -0.164923
FixedParameters: 0 0 0

#Transform 176
Transform: AffineTransform_float_3_3
Parameters: 0.999999 -0.000801953 0.00129942 0.000797579 0.999995 0.00300469 -0.00130134 -0.00300281 0.999994 -0.00323758 -0.0544003 -0.0274105
FixedParameters: 0 0 0

#Transform 177
Transform: AffineTransform_float_3_3
Parameters: 0.999999 -0.000771087 0.00114122 0.000767899 0.999996 0.00259168 -0.00114321 -0.00259057 0.999996 -0.00334394 -0.043346 0.00902631
FixedParameters: 0 0 0

#Transform 178
Transform: AffineTransform_float_3_3
Parameters: 0.999999 -0.000791469 0.00106296 0.000788894 0.999997 0.00251017 -0.00106493 -0.00250948 0.999996 -0.00481285 -0.0934875 0.0213735
FixedParameters: 0 0 0

#Transform 179
Transform: AffineTransform_float_3_3
Parameters: 0.999999 -0.000783016 0.00112235 0.000780278 0.999996 0.00273711 -0.00112379 -0.00273641 0.999996 -0.00531999 -0.119925 0.019644
FixedParameters: 0 0 0

#Transform 180
Transform: AffineTransform_float_3_3
Parameters: 0.999999 -0.000757858 0.00127853 0.000753842 0.999996 0.00291449 -0.00128004 -0.00291275 0.999995 -0.00883917 -0.130783 -0.0101715
FixedParameters: 0 0 0

#Transform 181
Transform: AffineTransform_float_3_3
Parameters: 0.999999 -0.000904933 0.00126359 0.000900544 0.999995 0.003121 -0.00126646 -0.00312028 0.999994 -0.00238006 -0.169123 -0.0120758
FixedParameters: 0 0 0

#Transform 182
Transform: AffineTransform_float_3_3
Parameters: 0.999999 -0.000840039 0.00133516 0.000834659 0.999991 0.00401581 -0.00133875 -0.00401429 0.999992 -0.000148598 -0.166432 -0.0558886
FixedParameters: 0 0 0

#Transform 183
Transform: AffineTransform_float_3_3
Parameters: 0.999999 -0.00105397 0.0011332 0.0010491 0.999991 0.00420629 -0.00113845 -0.00420501 0.99999 0.0184576 -0.0902238 -0.168964
FixedParameters: 0 0 0

#Transform 184
Transform: AffineTransform_float_3_3
Parameters: 0.999999 -0.000881131 0.0010979 0.000876534 0.999992 0.00392802 -0.00110206 -0.00392713 0.999992 0.00934751 -0.0992926 -0.105307
FixedParameters: 0 0 0

#Transform 185
Transform: AffineTransform_float_3_3
Parameters: 0.999999 -0.000913801 0.00112232 0.000909576 0.999992 0.00383766 -0.00112562 -0.00383587 0.999992 0.0109665 -0.103383 -0.0795909
FixedParameters: 0 0 0

#Transform 186
Transform: AffineTransform_float_3_3
Parameters: 0.999999 -0.000993996 0.0008316 0.000992007 0.999997 0.00222464 -0.000833509 -0.00222368 0.999998 0.010055 0.0191815 -0.022646
FixedParameters: 0 0 0

#Transform 187
Transform: AffineTransform_float_3_3
Parameters: 1 -0.000822869 0.000837524 0.000820663 0.999995 0.00307451 -0.000840552 -0.00307326 0.999995 0.0159772 -0.0530967 -0.037213
FixedParameters: 0 0 0

#Transform 188
Transform: AffineTransform_float_3_3
Parameters: 0.999999 -0.000655455 0.0012093 0.000650185 0.999992 0.00403544 -0.00121095 -0.00403463 0.999992 -0.00494678 -0.0936474 0.00549642
FixedParameters: 0 0 0

#Transform 189
Transform: AffineTransform_float_3_3
Parameters: 0.999998 -0.000914715 0.00195771 0.000905205 0.999987 0.00496065 -0.00196266 -0.00495921 0.999986 -0.0230847 -0.132195 -0.0655953
FixedParameters: 0 0 0
