#Insight Transform File V1.0
#Transform 0
Transform: AffineTransform_float_3_3
Parameters: 1 0.000376311 0.000304014 -0.000376025 1 -0.000471206 -0.000304368 0.000470977 1 -0.0273206 -0.00807435 -0.0825121
FixedParameters: 0 0 0

#Transform 1
Transform: AffineTransform_float_3_3
Parameters: 0.999999 -8.71738e-05 0.00095357 8.57393e-05 0.999997 0.00204117 -0.000954129 -0.00204148 0.999997 -0.0132361 -0.088709 -0.148367
FixedParameters: 0 0 0

#Transform 2
Transform: AffineTransform_float_3_3
Parameters: 0.999999 0.000988997 0.000269695 -0.000989578 0.999993 0.00345392 -0.000266533 -0.00345363 0.999994 0.00952372 -0.0874623 -0.215312
FixedParameters: 0 0 0

#Transform 3
Transform: AffineTransform_float_3_3
Parameters: 1 0.000467928 -9.76076e-05 -0.000468337 1 0.000397618 9.71112e-05 -0.000397463 1 0.0235716 0.00585694 -0.177318
FixedParameters: 0 0 0

#Transform 4
Transform: AffineTransform_float_3_3
Parameters: 1 -0.000120854 0.000371324 0.000120566 1 0.000388206 -0.000371418 -0.000388117 1 0.018265 0.0350475 -0.190695
FixedParameters: 0 0 0

#Transform 5
Transform: AffineTransform_float_3_3
Parameters: 1 -0.000244267 0.000262137 0.000244172 1 0.000182682 -0.000262227 -0.000182554 1 0.0254762 0.00934042 -0.187874
FixedParameters: 0 0 0

#Transform 6
Transform: AffineTransform_float_3_3
Parameters: 1 -0.000281357 0.00033064 0.000281057 1 0.000454573 -0.000330896 -0.000454387 1 0.0227903 -0.0397227 -0.184283
FixedParameters: 0 0 0

#Transform 7
Transform: AffineTransform_float_3_3
Parameters: 1 -0.000342086 0.000374841 0.000341679 1 0.000543087 -0.000375212 -0.000542831 1 0.024974 -0.00512528 -0.195461
FixedParameters: 0 0 0

#Transform 8
Transform: AffineTransform_float_3_3
Parameters: 1 -0.000512506 0.000357267 0.000512458 0.999999 0.000747181 -0.000357164 -0.000746878 0.999999 0.0231926 -0.0498188 -0.202157
FixedParameters: 0 0 0

#Transform 9
Transform: AffineTransform_float_3_3
Parameters: 1 -0.000534021 0.000316905 0.000533693 1 0.000819181 -0.000317802 -0.000819179 0.999999 0.0250989 -0.0328384 -0.177799
FixedParameters: 0 0 0

#Transform 10
Transform: AffineTransform_float_3_3
Parameters: 1 -0.000419876 0.000327281 0.000419577 1 0.000456506 -0.000327664 -0.000456231 1 0.00861425 -0.131208 -0.138226
FixedParameters: 0 0 0

#Transform 11
Transform: AffineTransform_float_3_3
Parameters: 1 -0.000265471 6.50683e-05 0.000265412 1 0.000457422 -6.53111e-05 -0.000457387 1 0.00503851 0.0280909 0.105703
FixedParameters: 0 0 0

#Transform 12
Transform: AffineTransform_float_3_3
Parameters: 1 0.000330378 -0.000193573 -0.000330699 1 0.000426962 0.000192987 -0.00042677 1 0.00441953 -0.029825 0.0888857
FixedParameters: 0 0 0

#Transform 13
Transform: AffineTransform_float_3_3
Parameters: 1 0.000374717 -6.57451e-05 -0.000374647 1 0.000529589 6.6142e-05 -0.000529539 1 0.000883533 -0.0508008 0.0260614
FixedParameters: 0 0 0

#Transform 14
Transform: AffineTransform_float_3_3
Parameters: 1 0.000309212 5.49533e-05 -0.000309278 1 0.000604966 -5.45792e-05 -0.000605 1 -0.00761021 -0.00990515 0.0646481
FixedParameters: 0 0 0

#Transform 15
Transform: AffineTransform_float_3_3
Parameters: 1 0.000462502 0.000107617 -0.000462578 1 0.00109456 -0.000106628 -0.00109466 1 -0.0104713 -0.0366645 0.00599382
FixedParameters: 0 0 0

#Transform 16
Transform: AffineTransform_float_3_3
Parameters: 1 0.000399928 -4.92487e-05 -0.000399879 1 0.000498879 4.96476e-05 -0.00049884 1 -0.000958167 -0.0941752 -0.0743199
FixedParameters: 0 0 0

#Transform 17
Transform: AffineTransform_float_3_3
Parameters: 1 0.000600803 -0.000104936 -0.000599841 0.999999 0.000487978 0.000105033 -0.000487803 1 0.00676397 -0.0301768 -0.110933
FixedParameters: 0 0 0

#Transform 18
Transform: AffineTransform_float_3_3
Parameters: 1 0.00041932 8.29534e-06 -0.000419332 0.999999 0.000783988 -7.63785e-06 -0.000783994 0.999999 -0.00831372 -0.0841666 -0.0798962
FixedParameters: 0 0 0

#Transform 19
Transform: AffineTransform_float_3_3
Parameters: 1 -2.75891e-05 -0.000121568 2.7576e-05 1 -5.41971e-05 0.000121571 5.41904e-05 1 0.00181841 -0.129459 -0.0458557
FixedParameters: 0 0 0

#Transform 20
Transform: AffineTransform_float_3_3
Parameters: 1 -0.000294127 0.000417315 0.000293501 0.999999 0.000749809 -0.000417756 -0.000749564 0.999999 -0.00582626 -0.0281065 0.0113687
FixedParameters: 0 0 0

#Transform 21
Transform: AffineTransform_float_3_3
Parameters: 0.999999 -0.000499429 0.000953665 0.000497353 0.999997 0.00192593 -0.000955302 -0.00192551 0.999998 -0.00330128 -0.0997625 -0.0458773
FixedParameters: 0 0 0

#Transform 22
Transform: AffineTransform_float_3_3
Parameters: 0.999998 -0.000631314 0.00211634 0.000624487 0.999995 0.00314964 -0.00211818 -0.00314898 0.999993 -0.047976 -0.120884 0.0233877
FixedParameters: 0 0 0

#Transform 23
Transform: AffineTransform_float_3_3
Parameters: 0.999998 -0.000563756 0.00193715 0.000559853 0.999998 0.00224116 -0.00193776 -0.00223961 0.999996 -0.0438023 -0.0500347 0.0407152
FixedParameters: 0 0 0

#Transform 24
Transform: AffineTransform_float_3_3
Parameters: 1 -0.000641557 0.000894576 0.000641017 1 0.000251618 -0.000895 -0.00025184 1 -0.0431725 -0.022884 0.186702
FixedParameters: 0 0 0

#Transform 25
Transform: AffineTransform_float_3_3
Parameters: 1 -0.000217947 0.000339439 0.000217941 1 8.68445e-06 -0.000339443 -8.5365e-06 1 -0.022977 -0.0345516 0.185645
FixedParameters: 0 0 0

#Transform 26
Transform: AffineTransform_float_3_3
Parameters: 1 -0.000349878 0.000313169 0.000349785 1 0.000148799 -0.000313273 -0.00014858 1 -0.0246727 -0.0309591 0.126641
FixedParameters: 0 0 0

#Transform 27
Transform: AffineTransform_float_3_3
Parameters: 0.999999 -0.000355844 0.000857721 0.000355254 1 0.00090045 -0.000858924 -0.000900304 1 -0.0189017 -0.0937835 0.0428208
FixedParameters: 0 0 0

#Transform 28
Transform: AffineTransform_float_3_3
Parameters: 1 -0.000326769 0.000952272 0.000325568 0.999999 0.00133676 -0.000952763 -0.00133615 0.999998 -0.0199174 -0.093504 0.036389
FixedParameters: 0 0 0

#Transform 29
Transform: AffineTransform_float_3_3
Parameters: 0.999999 -0.000421353 0.00089546 0.000420417 0.999999 0.00132765 -0.000896272 -0.00132742 0.999999 -0.0157664 -0.0303 0.0180252
FixedParameters: 0 0 0

#Transform 30
Transform: AffineTransform_float_3_3
Parameters: 1 -0.000641977 0.00106934 0.00064078 0.999999 0.00147651 -0.00107006 -0.00147607 0.999998 -0.0296753 -0.114375 0.0501673
FixedParameters: 0 0 0

#Transform 31
Transform: AffineTransform_float_3_3
Parameters: 0.999999 -0.00086833 0.00112561 0.000866594 0.999999 0.00123342 -0.00112614 -0.00123296 0.999999 -0.0317982 -0.0259264 0.0425824
FixedParameters: 0 0 0

#Transform 32
Transform: AffineTransform_float_3_3
Parameters: 1 -0.000859622 0.00083936 0.00085845 0.999999 0.00097073 -0.000840209 -0.000970205 0.999999 -0.0341126 -0.0100145 0.0719831
FixedParameters: 0 0 0

#Transform 33
Transform: AffineTransform_float_3_3
Parameters: 0.999999 -0.000646875 0.000609655 0.000646242 0.999999 0.00104786 -0.000610164 -0.00104713 1 -0.0290743 -0.0285388 0.0939543
FixedParameters: 0 0 0

#Transform 34
Transform: AffineTransform_float_3_3
Parameters: 0.999999 -0.000716554 0.00068782 0.000715222 0.999999 0.00153066 -0.00068924 -0.00153058 0.999998 -0.0322631 -0.0500123 0.0912391
FixedParameters: 0 0 0

#Transform 35
Transform: AffineTransform_float_3_3
Parameters: 0.999999 -0.000521693 0.00082202 0.000519601 0.999999 0.00175983 -0.00082303 -0.00175903 0.999998 -0.0257966 -0.0800104 0.0760015
FixedParameters: 0 0 0

#Transform 36
Transform: AffineTransform_float_3_3
Parameters: 0.999999 -0.000424993 0.000951413 0.000423312 0.999999 0.0017564 -0.000952569 -0.0017556 0.999998 -0.0211623 -0.0857545 0.0532461
FixedParameters: 0 0 0

#Transform 37
Transform: AffineTransform_float_3_3
Parameters: 0.999999 -0.000357394 0.000938886 0.000355766 0.999998 0.00209564 -0.000939201 -0.00209504 0.999998 -0.0205114 -0.0981522 0.0384632
FixedParameters: 0 0 0

#Transform 38
Transform: AffineTransform_float_3_3
Parameters: 0.999999 -0.000486884 0.000796066 0.000485581 0.999998 0.00186078 -0.000797541 -0.00186001 0.999998 -0.0250181 -0.174439 0.0447769
FixedParameters: 0 0 0

#Transform 39
Transform: AffineTransform_float_3_3
Parameters: 0.999999 -0.000602457 0.000942651 0.000600745 0.999998 0.00211503 -0.000944067 -0.00211482 0.999997 -0.015702 -0.0135855 0.0270209
FixedParameters: 0 0 0

#Transform 40
Transform: AffineTransform_float_3_3
Parameters: 1 -0.000500073 0.000999121 0.00050038 1 1.10122e-05 -0.00099824 -1.00784e-05 0.999999 -0.0162294 0.0147873 -0.0591299
FixedParameters: 0 0 0

#Transform 41
Transform: AffineTransform_float_3_3
Parameters: 1 -0.00024794 0.000664894 0.000246198 0.999998 0.00191338 -0.000665017 -0.00191311 0.999998 -0.0106786 -0.0640024 -0.0074834
FixedParameters: 0 0 0

#Transform 42
Transform: AffineTransform_float_3_3
Parameters: 0.999999 -0.000459812 0.000653063 0.000458725 0.999998 0.0022239 -0.000654795 -0.00222331 0.999998 -0.00898256 -0.0992404 -0.107769
FixedParameters: 0 0 0

#Transform 43
Transform: AffineTransform_float_3_3
Parameters: 1 -0.00034874 0.000346814 0.000348372 0.999999 0.0004413 -0.000347173 -0.000441574 1 -0.00506181 -0.0675588 -0.211562
FixedParameters: 0 0 0

#Transform 44
Transform: AffineTransform_float_3_3
Parameters: 0.999999 -0.000247348 0.000760367 0.000246021 0.999998 0.00154061 -0.000761639 -0.00154019 0.999998 -0.0132032 -0.113617 -0.145644
FixedParameters: 0 0 0

#Transform 45
Transform: AffineTransform_float_3_3
Parameters: 0.999998 0.00102657 0.00150373 -0.00102978 0.999998 0.00218339 -0.001502 -0.00218485 0.999996 -0.0520228 -0.111666 -0.0484267
FixedParameters: 0 0 0

#Transform 46
Transform: AffineTransform_float_3_3
Parameters: 0.999999 0.000502394 0.00149731 -0.000507387 0.999994 0.00337687 -0.00149641 -0.00337728 0.999993 -0.0439283 -0.103506 0.0142003
FixedParameters: 0 0 0

#Transform 47
Transform: AffineTransform_float_3_3
Parameters: 0.999999 2.1141e-05 0.00139669 -2.35414e-05 0.999999 0.00170527 -0.00139675 -0.00170529 0.999997 -0.0305898 -0.162682 0.0199606
FixedParameters: 0 0 0

#Transform 48
Transform: AffineTransform_float_3_3
Parameters: 0.999998 -4.72585e-05 0.00202178 4.85105e-05 1 -0.000584953 -0.00202127 0.000584918 0.999998 -0.0670142 -0.0454757 0.00134164
FixedParameters: 0 0 0

#Transform 49
Transform: AffineTransform_float_3_3
Parameters: 0.999999 -0.000318789 0.00149736 0.000317948 1 0.000422837 -0.00149681 -0.000422463 0.999999 -0.0394128 -0.0575807 0.0050841
FixedParameters: 0 0 0

#Transform 50
Transform: AffineTransform_float_3_3
Parameters: 0.999996 -0.0012148 0.00265091 0.00121184 0.999999 0.00110138 -0.00265226 -0.0010988 0.999996 -0.0374084 -0.0824574 0.0149847
FixedParameters: 0 0 0

#Transform 51
Transform: AffineTransform_float_3_3
Parameters: 0.999997 -0.000982438 0.00214033 0.000982851 1 -0.000167923 -0.00214012 0.000170243 0.999997 -0.0363508 -0.0183829 0.142002
FixedParameters: 0 0 0

#Transform 52
Transform: AffineTransform_float_3_3
Parameters: 0.999996 -0.00117721 0.00234707 0.00117634 0.999999 0.000393593 -0.00234779 -0.000390485 0.999997 -0.0332162 -0.0335473 0.120004
FixedParameters: 0 0 0

#Transform 53
Transform: AffineTransform_float_3_3
Parameters: 0.999996 -0.00123762 0.00256522 0.00123663 0.999999 0.000376896 -0.00256599 -0.000373819 0.999996 -0.0374468 -0.0698792 0.0716195
FixedParameters: 0 0 0

#Transform 54
Transform: AffineTransform_float_3_3
Parameters: 0.999997 -0.000935508 0.00232566 0.000937885 0.999999 -0.000990809 -0.00232523 0.000993179 0.999997 -0.0481133 0.0938451 -0.037397
FixedParameters: 0 0 0

#Transform 55
Transform: AffineTransform_float_3_3
Parameters: 0.999996 -0.00112901 0.00232004 0.00113114 0.999999 -0.000537876 -0.002319 0.000540716 0.999997 -0.0480174 -0.113944 0.107201
FixedParameters: 0 0 0

#Transform 56
Transform: AffineTransform_float_3_3
Parameters: 0.999998 -0.000889653 0.00216883 0.000887391 0.999999 0.00119027 -0.0021694 -0.00118754 0.999997 -0.0514141 -0.15686 0.169004
FixedParameters: 0 0 0

#Transform 57
Transform: AffineTransform_float_3_3
Parameters: 0.999996 -0.000911399 0.00248472 0.000908279 0.999998 0.00150199 -0.00248559 -0.00149912 0.999996 -0.0455846 -0.0467713 0.0900067
FixedParameters: 0 0 0

#Transform 58
Transform: AffineTransform_float_3_3
Parameters: 0.999997 -0.000891274 0.00245641 0.000886897 0.999997 0.00208076 -0.0024579 -0.00207805 0.999995 -0.0477162 -0.0681183 0.184525
FixedParameters: 0 0 0

#Transform 59
Transform: AffineTransform_float_3_3
Parameters: 0.999996 -0.000901459 0.00266501 0.000894343 0.999996 0.00256484 -0.00266668 -0.00256315 0.999993 -0.0468205 -0.0353316 0.128375
FixedParameters: 0 0 0

#Transform 60
Transform: AffineTransform_float_3_3
Parameters: 0.999996 -0.000968305 0.00271942 0.000961955 0.999997 0.00223089 -0.00272156 -0.00222782 0.999994 -0.0490157 -0.047993 0.134396
FixedParameters: 0 0 0

#Transform 61
Transform: AffineTransform_float_3_3
Parameters: 0.999991 -0.00151058 0.00404392 0.00150123 0.999996 0.00237494 -0.00404717 -0.00236881 0.999989 -0.061783 -0.068736 0.151714
FixedParameters: 0 0 0

#Transform 62
Transform: AffineTransform_float_3_3
Parameters: 0.999982 -0.000681044 0.0058448 0.000670049 0.999998 0.00182936 -0.00584558 -0.00182547 0.999981 -0.165999 -0.020749 0.269735
FixedParameters: 0 0 0

#Transform 63
Transform: AffineTransform_float_3_3
Parameters: 0.99999 -0.00172711 0.00419464 0.00171706 0.999996 0.00242054 -0.00419831 -0.00241358 0.999988 -0.0953598 -0.0827423 0.241799
FixedParameters: 0 0 0

#Transform 64
Transform: AffineTransform_float_3_3
Parameters: 0.999989 -0.00201487 0.0043262 0.00200535 0.999995 0.00233342 -0.00433014 -0.00232495 0.999988 -0.0940347 -0.107359 0.228915
FixedParameters: 0 0 0

#Transform 65
Transform: AffineTransform_float_3_3
Parameters: 0.99999 -0.00182892 0.00404729 0.00182324 0.999998 0.00140019 -0.00404967 -0.00139228 0.999991 -0.0907456 -0.0265606 0.212759
FixedParameters: 0 0 0

#Transform 66
Transform: AffineTransform_float_3_3
Parameters: 0.999992 -0.00149688 0.00379598 0.001489 0.999996 0.00195975 -0.00379867 -0.00195445 0.999991 -0.0832643 -0.0329211 0.209886
FixedParameters: 0 0 0

#Transform 67
Transform: AffineTransform_float_3_3
Parameters: 0.999991 -0.00178695 0.00394313 0.0017805 0.999997 0.00176476 -0.00394545 -0.00175764 0.999991 -0.104332 -0.155323 0.175224
FixedParameters: 0 0 0

#Transform 68
Transform: AffineTransform_float_3_3
Parameters: 0.999992 -0.00152412 0.00378121 0.00151772 0.999998 0.00159519 -0.00378328 -0.00158971 0.999992 -0.0964113 -0.129945 0.160893
FixedParameters: 0 0 0

#Transform 69
Transform: AffineTransform_float_3_3
Parameters: 0.999992 -0.00156475 0.00369042 0.00156043 0.999998 0.0010833 -0.00369225 -0.00107771 0.999993 -0.079469 -0.00529238 0.145535
FixedParameters: 0 0 0

#Transform 70
Transform: AffineTransform_float_3_3
Parameters: 0.999993 -0.00137163 0.00344226 0.00137187 0.999999 0.000223254 -0.00344244 -0.000218307 0.999994 -0.102218 0.108697 0.0458672
FixedParameters: 0 0 0

#Transform 71
Transform: AffineTransform_float_3_3
Parameters: 0.999995 -0.0010848 0.003223 0.00108159 0.999999 0.000889688 -0.00322356 -0.000886233 0.999994 -0.11213 -0.0606359 0.193438
FixedParameters: 0 0 0

#Transform 72
Transform: AffineTransform_float_3_3
Parameters: 0.999994 -0.00107766 0.00327812 0.00107234 0.999999 0.00155736 -0.00328022 -0.0015538 0.999993 -0.106349 -0.0354294 0.165538
FixedParameters: 0 0 0

#Transform 73
Transform: AffineTransform_float_3_3
Parameters: 0.999991 -0.00111726 0.00414894 0.0011014 0.999992 0.00389421 -0.00415353 -0.00388928 0.999984 -0.0957607 -0.0379071 0.139479
FixedParameters: 0 0 0

#Transform 74
Transform: AffineTransform_float_3_3
Parameters: 0.999991 -0.000990224 0.00417018 0.000972732 0.999991 0.00419049 -0.00417487 -0.00418654 0.999983 -0.100733 -0.0695434 0.169579
FixedParameters: 0 0 0

#Transform 75
Transform: AffineTransform_float_3_3
Parameters: 0.999991 -0.00104766 0.00397617 0.00103144 0.999991 0.00402684 -0.00397998 -0.00402239 0.999984 -0.0929712 -0.0348059 0.142812
FixedParameters: 0 0 0

#Transform 76
Transform: AffineTransform_float_3_3
Parameters: 0.999992 -0.00101713 0.00403533 0.00100202 0.999992 0.00383815 -0.00403983 -0.0038337 0.999984 -0.0949774 -0.0702264 0.127195
FixedParameters: 0 0 0

#Transform 77
Transform: AffineTransform_float_3_3
Parameters: 0.999994 -0.000839675 0.0034057 0.000828238 0.999994 0.00337898 -0.00340777 -0.00337604 0.999988 -0.0897344 -0.0647326 0.0987115
FixedParameters: 0 0 0

#Transform 78
Transform: AffineTransform_float_3_3
Parameters: 0.999994 -0.000827457 0.00309841 0.000816828 0.999994 0.00340179 -0.00310079 -0.00339891 0.99999 -0.0746301 -0.0188167 0.0875223
FixedParameters: 0 0 0

#Transform 79
Transform: AffineTransform_float_3_3
Parameters: 0.999995 -0.000902514 0.00319994 0.000892471 0.999994 0.00330184 -0.00320317 -0.00329878 0.99999 -0.0763888 -0.0517437 0.0933782
FixedParameters: 0 0 0

#Transform 80
Transform: AffineTransform_float_3_3
Parameters: 0.999992 -0.00108263 0.00371627 0.00106966 0.999993 0.00367843 -0.00371993 -0.00367372 0.999986 -0.0962942 -0.105555 0.109799
FixedParameters: 0 0 0

#Transform 81
Transform: AffineTransform_float_3_3
Parameters: 0.999992 -0.00125243 0.00385228 0.00123671 0.999991 0.00417171 -0.00385731 -0.00416685 0.999984 -0.0974586 -0.0588141 0.176621
FixedParameters: 0 0 0

#Transform 82
Transform: AffineTransform_float_3_3
Parameters: 0.99999 -0.00119653 0.00431409 0.00117495 0.999987 0.00492372 -0.00431934 -0.00491791 0.999979 -0.0998106 -0.0376962 0.153376
FixedParameters: 0 0 0

#Transform 83
Transform: AffineTransform_float_3_3
Parameters: 0.999988 -0.00130434 0.00472416 0.00127915 0.999985 0.00530903 -0.00473043 -0.00530232 0.999975 -0.110108 -0.0909368 0.0973108
FixedParameters: 0 0 0

#Transform 84
Transform: AffineTransform_float_3_3
Parameters: 0.999988 -0.00160583 0.00462474 0.00158608 0.999989 0.00437009 -0.00463157 -0.00436307 0.99998 -0.111784 -0.153767 0.0582192
FixedParameters: 0 0 0

#Transform 85
Transform: AffineTransform_float_3_3
Parameters: 0.999991 -0.00124525 0.00414585 0.00122662 0.999989 0.00450491 -0.00415181 -0.00449987 0.999981 -0.0976365 -0.0512903 0.0652949
FixedParameters: 0 0 0

#Transform 86
Transform: AffineTransform_float_3_3
Parameters: 0.999993 -0.0011484 0.00376335 0.00113223 0.99999 0.00413438 -0.00376773 -0.00412966 0.999985 -0.0908792 -0.0767049 0.0580386
FixedParameters: 0 0 0

#Transform 87
Transform: AffineTransform_float_3_3
Parameters: 0.999982 -0.00355929 0.00468215 0.00357673 0.999987 -0.00375051 -0.00466882 0.00376718 0.999982 -0.142047 -0.0839881 -0.0462681
FixedParameters: 0 0 0

#Transform 88
Transform: AffineTransform_float_3_3
Parameters: 0.999987 -0.0047295 0.00208224 0.00474139 0.999971 -0.00596033 -0.00205378 0.00596996 0.99998 -0.014871 -0.0521248 -0.0771386
FixedParameters: 0 0 0

#Transform 89
Transform: AffineTransform_float_3_3
Parameters: 0.999998 -0.00136115 0.00185849 0.00136108 0.999999 0.000291342 -0.00185908 -0.000289037 0.999998 -0.0423161 -0.0622782 0.133356
FixedParameters: 0 0 0

#Transform 90
Transform: AffineTransform_float_3_3
Parameters: 0.999997 -0.00170423 0.0020225 0.0017066 0.999998 -0.000907474 -0.00202131 0.000911757 0.999997 -0.018867 0.0044339 -0.00389486
FixedParameters: 0 0 0

#Transform 91
Transform: AffineTransform_float_3_3
Parameters: 0.999996 -0.00163834 0.00223324 0.00163946 0.999998 -0.000337777 -0.00223236 0.00034184 0.999998 -0.0261739 -0.00685422 0.0175089
FixedParameters: 0 0 0

#Transform 92
Transform: AffineTransform_float_3_3
Parameters: 0.999996 -0.00185676 0.00177797 0.00185786 0.999998 -0.000744332 -0.00177583 0.000747354 0.999998 -0.00550083 0.0292365 -0.0164068
FixedParameters: 0 0 0

#Transform 93
Transform: AffineTransform_float_3_3
Parameters: 0.999997 -0.00186407 0.00189561 0.00186536 0.999998 -0.000875769 -0.00189384 0.000879319 0.999998 -0.0199542 0.0286394 -0.00651945
FixedParameters: 0 0 0

#Transform 94
Transform: AffineTransform_float_3_3
Parameters: 0.999997 -0.00182832 0.00194005 0.00183015 0.999998 -0.00112247 -0.00193831 0.00112611 0.999998 -0.019912 0.0267408 -0.00929638
FixedParameters: 0 0 0

#Transform 95
Transform: AffineTransform_float_3_3
Parameters: 0.999997 -0.0017625 0.00197186 0.00176484 0.999998 -0.00124698 -0.00196988 0.00124997 0.999998 -0.0251189 0.0195017 -0.00038613
FixedParameters: 0 0 0

#Transform 96
Transform: AffineTransform_float_3_3
Parameters: 0.999997 -0.00173933 0.00178037 0.00174178 0.999998 -0.00135399 -0.00177805 0.00135673 0.999998 -0.0246803 0.0171377 0.017804
FixedParameters: 0 0 0

#Transform 97
Transform: AffineTransform_float_3_3
Parameters: 0.999997 -0.00175244 0.00169449 0.00175458 0.999998 -0.00131225 -0.00169222 0.00131526 0.999998 -0.025009 -0.00909945 0.0247363
FixedParameters: 0 0 0

#Transform 98
Transform: AffineTransform_float_3_3
Parameters: 0.999997 -0.00171506 0.00128786 0.00171661 0.999998 -0.00115222 -0.00128668 0.00115461 0.999999 -0.0340599 -0.00838532 0.149874
FixedParameters: 0 0 0

#Transform 99
Transform: AffineTransform_float_3_3
Parameters: 0.999998 -0.00128914 0.000965533 0.00128954 0.999999 -0.00088176 -0.000963814 0.00088204 0.999999 -0.0338389 0.0607995 0.267227
FixedParameters: 0 0 0

#Transform 100
Transform: AffineTransform_float_3_3
Parameters: 0.999999 -0.000975545 0.000774956 0.00097638 0.999999 -0.000870568 -0.000774175 0.000871289 0.999999 -0.0406376 0.0580164 0.350164
FixedParameters: 0 0 0

#Transform 101
Transform: AffineTransform_float_3_3
Parameters: 1 -0.00089027 0.000561094 0.000890878 1 -0.000567879 -0.000560133 0.000568023 1 -0.0328654 -0.0241489 0.239084
FixedParameters: 0 0 0

#Transform 102
Transform: AffineTransform_float_3_3
Parameters: 1 -0.00109148 0.000375153 0.00109186 1 -0.000462744 -0.000374142 0.000463224 0.999999 -0.00197637 0.0398968 0.118711
FixedParameters: 0 0 0

#Transform 103
Transform: AffineTransform_float_3_3
Parameters: 0.999999 -0.00126479 0.000247395 0.00126509 0.999997 -0.00199622 -0.000244179 0.00199612 0.999998 0.00108555 0.0799227 0.097511
FixedParameters: 0 0 0

#Transform 104
Transform: AffineTransform_float_3_3
Parameters: 1 -0.00107411 0.00054291 0.00107413 1 -4.05363e-05 -0.000542873 4.08485e-05 1 -0.0199123 0.0260936 0.173089
FixedParameters: 0 0 0

#Transform 105
Transform: AffineTransform_float_3_3
Parameters: 0.999992 -0.00386301 0.000803492 0.00386954 0.99996 -0.00808496 -0.000772142 0.00808896 0.999967 -0.0920706 0.0253903 0.127605
FixedParameters: 0 0 0

#Transform 106
Transform: AffineTransform_float_3_3
Parameters: 0.999991 -0.00411091 -0.000133701 0.00410984 0.999956 -0.00852669 0.000168815 0.00852615 0.999964 0.000455286 -0.0319614 0.0650951
FixedParameters: 0 0 0

#Transform 107
Transform: AffineTransform_float_3_3
Parameters: 0.999999 -0.00137718 0.000436748 0.00137852 0.999994 -0.0033192 -0.000432186 0.00331902 0.999994 -0.0326099 -0.0384187 0.217935
FixedParameters: 0 0 0

#Transform 108
Transform: AffineTransform_float_3_3
Parameters: 0.999998 -0.00153483 0.000623823 0.00153682 0.999995 -0.00296071 -0.000619288 0.00296123 0.999995 -0.0320993 0.00420277 0.172497
FixedParameters: 0 0 0

#Transform 109
Transform: AffineTransform_float_3_3
Parameters: 0.999999 -0.00161394 0.000833362 0.00161666 0.999995 -0.00278824 -0.000828942 0.00278903 0.999996 -0.0284555 0.0172601 0.154596
FixedParameters: 0 0 0

#Transform 110
Transform: AffineTransform_float_3_3
Parameters: 0.999998 -0.00176396 0.000969266 0.00176651 0.999996 -0.00218727 -0.000965162 0.00218923 0.999997 -0.0255336 -0.0258953 0.11437
FixedParameters: 0 0 0

#Transform 111
Transform: AffineTransform_float_3_3
Parameters: 0.999998 -0.00171745 0.000921613 0.00171897 0.999997 -0.00156223 -0.000918972 0.00156388 0.999998 0.000124217 0.049855 0.0598121
FixedParameters: 0 0 0

#Transform 112
Transform: AffineTransform_float_3_3
Parameters: 0.999998 -0.00142994 0.000677197 0.00143101 0.999998 -0.00167819 -0.000675148 0.00167861 0.999998 0.00468776 0.0485399 0.0878335
FixedParameters: 0 0 0

#Transform 113
Transform: AffineTransform_float_3_3
Parameters: 0.999999 -0.00132997 -1.02597e-05 0.00132967 0.999997 -0.00213899 1.28083e-05 0.00213886 0.999997 0.0201176 0.0542027 0.0987274
FixedParameters: 0 0 0

#Transform 114
Transform: AffineTransform_float_3_3
Parameters: 0.999998 -0.00197407 0.000281863 0.00197539 0.999994 -0.00308532 -0.000276032 0.00308572 0.999995 0.0447834 0.0228023 0.0537617
FixedParameters: 0 0 0

#Transform 115
Transform: AffineTransform_float_3_3
Parameters: 0.999998 -0.00162452 0.000273414 0.00162582 0.999992 -0.00386034 -0.000266803 0.00386047 0.999992 0.03908 -0.0349058 0.10245
FixedParameters: 0 0 0

#Transform 116
Transform: AffineTransform_float_3_3
Parameters: 0.999999 -0.00153443 0.000657959 0.00153806 0.99999 -0.00432962 -0.000651046 0.00433039 0.99999 0.0233272 -0.0265527 0.122152
FixedParameters: 0 0 0

#Transform 117
Transform: AffineTransform_float_3_3
Parameters: 0.999999 -0.00147694 0.000646096 0.00147914 0.999991 -0.00408167 -0.000639909 0.00408227 0.999991 0.0191495 0.0217102 0.113073
FixedParameters: 0 0 0

#Transform 118
Transform: AffineTransform_float_3_3
Parameters: 0.999999 -0.00113301 0.000984902 0.00113374 0.999998 -0.00151383 -0.000983711 0.00151483 0.999998 -0.0168527 -0.0309692 0.228093
FixedParameters: 0 0 0

#Transform 119
Transform: AffineTransform_float_3_3
Parameters: 0.999997 -0.000931133 0.00194397 0.000932679 0.999999 -0.00112826 -0.00194278 0.00113002 0.999997 -0.0557152 0.0638668 0.198682
FixedParameters: 0 0 0

#Transform 120
Transform: AffineTransform_float_3_3
Parameters: 0.999999 -0.000500389 0.00153196 0.000504927 0.999995 -0.00310375 -0.00153049 0.00310484 0.999993 -0.080922 0.0551702 0.193181
FixedParameters: 0 0 0

#Transform 121
Transform: AffineTransform_float_3_3
Parameters: 0.999999 -0.00044515 0.00120573 0.000449263 0.999993 -0.00359706 -0.00120428 0.00359718 0.999993 -0.0864172 -0.0110282 0.253853
FixedParameters: 0 0 0

#Transform 122
Transform: AffineTransform_float_3_3
Parameters: 0.999999 -4.51116e-05 0.00119935 4.99024e-05 0.999992 -0.00396024 -0.00119935 0.0039598 0.999991 -0.0996933 -0.0239458 0.248382
FixedParameters: 0 0 0

#Transform 123
Transform: AffineTransform_float_3_3
Parameters: 0.999999 0.000217288 0.00105676 -0.00021338 0.999993 -0.0038769 -0.00105782 0.00387719 0.999992 -0.0896246 0.0176679 0.268111
FixedParameters: 0 0 0

#Transform 124
Transform: AffineTransform_float_3_3
Parameters: 0.999999 0.000213236 0.000517444 -0.000212072 0.999995 -0.00328998 -0.000518313 0.00329054 0.999995 -0.0549953 0.00239252 0.225726
FixedParameters: 0 0 0

#Transform 125
Transform: AffineTransform_float_3_3
Parameters: 0.999999 2.42787e-05 0.000591049 -2.26651e-05 0.999997 -0.00269397 -0.00059116 0.00269391 0.999996 -0.051987 -0.00731372 0.202664
FixedParameters: 0 0 0

#Transform 126
Transform: AffineTransform_float_3_3
Parameters: 0.999999 0.000141941 0.00061885 -0.000140851 0.999998 -0.0022773 -0.000619456 0.0022771 0.999997 -0.0529329 0.00423218 0.184129
FixedParameters: 0 0 0

#Transform 127
Transform: AffineTransform_float_3_3
Parameters: 0.999999 0.000317866 0.000729746 -0.000316554 0.999998 -0.001691 -0.000731172 0.00169141 0.999998 -0.0564791 -0.00762158 0.180019
FixedParameters: 0 0 0

#Transform 128
Transform: AffineTransform_float_3_3
Parameters: 0.999999 -0.000352856 0.000606735 0.000353323 1 -0.000962947 -0.000605589 0.000963328 1 -0.041357 -0.0167262 0.234477
FixedParameters: 0 0 0

#Transform 129
Transform: AffineTransform_float_3_3
Parameters: 0.999999 -8.04721e-05 0.000729453 8.12815e-05 1 -0.000554736 -0.000729364 0.000554854 0.999999 -0.0401084 0.0556273 0.231048
FixedParameters: 0 0 0

#Transform 130
Transform: AffineTransform_float_3_3
Parameters: 0.999999 -0.000423535 0.000624139 0.000424394 0.999999 -0.000688561 -0.000623555 0.00068909 0.999999 -0.0387701 0.0274107 0.248727
FixedParameters: 0 0 0

#Transform 131
Transform: AffineTransform_float_3_3
Parameters: 0.999999 -0.000426651 0.000617748 0.00042752 0.999999 -0.000703064 -0.000617147 0.000703591 0.999999 -0.038701 -0.00311568 0.243994
FixedParameters: 0 0 0

#Transform 132
Transform: AffineTransform_float_3_3
Parameters: 0.999999 -0.000447579 0.000592543 0.000448113 0.999999 -0.000502936 -0.000592143 0.000502951 1 -0.0374631 -0.00789115 0.241919
FixedParameters: 0 0 0

#Transform 133
Transform: AffineTransform_float_3_3
Parameters: 0.999999 5.19918e-05 0.000764119 -5.12293e-05 1 -0.000498964 -0.00076417 0.000498886 0.999999 -0.0490798 -0.00945301 0.26285
FixedParameters: 0 0 0

#Transform 134
Transform: AffineTransform_float_3_3
Parameters: 0.999999 -0.000369789 0.00073606 0.000370334 0.999999 -0.000411953 -0.000735806 0.000411982 1 -0.0447788 -0.0257367 0.272773
FixedParameters: 0 0 0

#Transform 135
Transform: AffineTransform_float_3_3
Parameters: 0.999999 -0.000296276 0.000685337 0.000296257 1 -0.000612749 -0.000684485 0.000613105 0.999999 -0.0468616 -0.029281 0.262351
FixedParameters: 0 0 0

#Transform 136
Transform: AffineTransform_float_3_3
Parameters: 0.999999 -0.000306614 0.000682704 0.000306999 1 -0.000281342 -0.000682531 0.000281761 0.999999 -0.0400899 0.00798943 0.262876
FixedParameters: 0 0 0

#Transform 137
Transform: AffineTransform_float_3_3
Parameters: 0.999999 -0.000373998 0.000748254 0.000374121 1 -8.20533e-05 -0.000748192 8.2613e-05 0.999999 -0.0414512 0.0121556 0.270292
FixedParameters: 0 0 0

#Transform 138
Transform: AffineTransform_float_3_3
Parameters: 0.999999 -0.000318053 0.000722956 0.000318216 0.999999 -0.000155743 -0.000722908 0.000155688 1 -0.0432604 0.014278 0.273331
FixedParameters: 0 0 0

#Transform 139
Transform: AffineTransform_float_3_3
Parameters: 0.999999 -0.000319783 0.000637453 0.000319938 0.999999 -0.000170002 -0.000637396 0.000169894 1 -0.0359536 0.0475392 0.272145
FixedParameters: 0 0 0

#Transform 140
Transform: AffineTransform_float_3_3
Parameters: 1 -0.000291388 0.000626491 0.000291477 1 -7.04066e-05 -0.000626449 7.07718e-05 1 -0.0374315 0.0244093 0.29817
FixedParameters: 0 0 0

#Transform 141
Transform: AffineTransform_float_3_3
Parameters: 1 -0.000205556 0.000455246 0.000205456 1 0.000110685 -0.000455291 -0.000110498 1 -0.0306619 0.0494389 0.292891
FixedParameters: 0 0 0

#Transform 142
Transform: AffineTransform_float_3_3
Parameters: 1 -3.57087e-05 0.000371056 3.56834e-05 1 3.40611e-05 -0.000371058 -3.40346e-05 1 -0.0305353 0.0169009 0.320342
FixedParameters: 0 0 0

#Transform 143
Transform: AffineTransform_float_3_3
Parameters: 1 -0.00022198 0.000326296 0.000221995 1 -2.33284e-05 -0.000326286 2.34733e-05 1 -0.025807 -0.00536941 0.325899
FixedParameters: 0 0 0

#Transform 144
Transform: AffineTransform_float_3_3
Parameters: 1 -0.000303086 0.000326123 0.000303066 1 3.08344e-05 -0.000326142 -3.06367e-05 1 -0.0340754 -0.014331 0.311001
FixedParameters: 0 0 0

#Transform 145
Transform: AffineTransform_float_3_3
Parameters: 1 -0.000355856 0.000556874 0.000356153 1 0.000170671 -0.000556127 -0.000170338 1 -0.0346528 -0.0463264 0.269202
FixedParameters: 0 0 0

#Transform 146
Transform: AffineTransform_float_3_3
Parameters: 1 -0.000333793 0.00060152 0.000333643 1 0.000124715 -0.000601604 -0.000124314 1 -0.0386895 -0.00106289 0.273029
FixedParameters: 0 0 0

#Transform 147
Transform: AffineTransform_float_3_3
Parameters: 1 -0.000352701 0.000531514 0.000352197 1 0.0004736 -0.000531848 -0.000473225 0.999999 -0.0368301 -0.0020198 0.279595
FixedParameters: 0 0 0

#Transform 148
Transform: AffineTransform_float_3_3
Parameters: 1 -0.000184773 0.000454977 0.000184855 1 0.000445535 -0.000454273 -0.00044543 1 -0.0339942 -0.00334226 0.27959
FixedParameters: 0 0 0

#Transform 149
Transform: AffineTransform_float_3_3
Parameters: 1 -0.000265569 0.000454701 0.000265186 1 0.00042045 -0.000454924 -0.000420208 1 -0.0345045 -0.00362561 0.266665
FixedParameters: 0 0 0

#Transform 150
Transform: AffineTransform_float_3_3
Parameters: 1 -0.000247061 0.000389004 0.000246608 1 0.000581947 -0.000389291 -0.000581754 1 -0.0273689 -0.00845979 0.238983
FixedParameters: 0 0 0

#Transform 151
Transform: AffineTransform_float_3_3
Parameters: 1 -0.000195967 0.000413165 0.000195364 0.999999 0.000729891 -0.000413451 -0.000729729 0.999999 -0.0291484 -0.00500245 0.204722
FixedParameters: 0 0 0

#Transform 152
Transform: AffineTransform_float_3_3
Parameters: 0.999999 0.000419041 0.000634766 -0.00041956 1 0.00040873 -0.000634423 -0.000409262 0.999999 -0.0337862 -0.0426488 0.0436484
FixedParameters: 0 0 0

#Transform 153
Transform: AffineTransform_float_3_3
Parameters: 0.999999 0.0004398 -0.000711472 -0.000440072 1 -0.000907269 0.000710162 0.000907946 1 0.00340851 -0.0375558 0.0663835
FixedParameters: 0 0 0

#Transform 154
Transform: AffineTransform_float_3_3
Parameters: 0.999999 0.000326577 -0.000975964 -0.000327003 1 -0.000988178 0.000975675 0.000988803 0.999999 0.0282746 0.0139919 -0.0248425
FixedParameters: 0 0 0

#Transform 155
Transform: AffineTransform_float_3_3
Parameters: 1 0.000199042 -0.000528442 -0.000199734 0.999999 -0.00120692 0.000528755 0.00120655 1 0.0274595 0.0157331 -0.0823907
FixedParameters: 0 0 0

#Transform 156
Transform: AffineTransform_float_3_3
Parameters: 1 -0.000149113 -0.000331644 0.000149325 0.999999 -0.00121486 0.000331495 0.00121481 0.999999 0.0258271 0.00421876 -0.0583571
FixedParameters: 0 0 0

#Transform 157
Transform: AffineTransform_float_3_3
Parameters: 1 -0.000546948 -0.000410358 0.000546754 1 -0.000236976 0.000410617 0.000236528 1 -0.002275 -0.137223 0.0885053
FixedParameters: 0 0 0

#Transform 158
Transform: AffineTransform_float_3_3
Parameters: 0.999999 -0.000503531 0.000519044 0.000503002 0.999999 0.000449588 -0.000519547 -0.000449581 1 -0.0296462 0.03043 0.136438
FixedParameters: 0 0 0

#Transform 159
Transform: AffineTransform_float_3_3
Parameters: 0.999999 -0.00049297 0.000673192 0.000492964 1 0.000462668 -0.000672853 -0.00046292 1 -0.0331077 0.0623009 0.220309
FixedParameters: 0 0 0

#Transform 160
Transform: AffineTransform_float_3_3
Parameters: 0.999999 -0.000496477 0.000574906 0.000496556 1 0.000354554 -0.000574389 -0.000354047 1 -0.0341395 0.0255485 0.222058
FixedParameters: 0 0 0

#Transform 161
Transform: AffineTransform_float_3_3
Parameters: 1 -0.000408578 0.000502883 0.000408259 0.999999 0.000255088 -0.000503143 -0.000255193 1 -0.0348254 -0.00123192 0.243175
FixedParameters: 0 0 0

#Transform 162
Transform: AffineTransform_float_3_3
Parameters: 1 -0.000369882 0.000443366 0.00036959 0.999999 0.000259337 -0.000443609 -0.000259524 1 -0.0379665 -0.018732 0.24652
FixedParameters: 0 0 0

#Transform 163
Transform: AffineTransform_float_3_3
Parameters: 1 -0.000411373 0.000415095 0.000411034 1 0.000408309 -0.000415431 -0.000407968 1 -0.0391572 -0.0397093 0.253548
FixedParameters: 0 0 0

#Transform 164
Transform: AffineTransform_float_3_3
Parameters: 1 -0.000446159 0.000149898 0.000446561 1 0.000283289 -0.000149282 -0.000283219 1 -0.0302584 -0.0698498 0.30257
FixedParameters: 0 0 0

#Transform 165
Transform: AffineTransform_float_3_3
Parameters: 1 -0.000468294 0.000277781 0.000468547 1 0.000419886 -0.000277305 -0.000419689 1 -0.0348322 -0.00950095 0.306251
FixedParameters: 0 0 0

#Transform 166
Transform: AffineTransform_float_3_3
Parameters: 1 -0.000466169 0.000332369 0.000465823 1 0.000519862 -0.000332853 -0.000519552 1 -0.0337638 -0.0168375 0.267999
FixedParameters: 0 0 0

#Transform 167
Transform: AffineTransform_float_3_3
Parameters: 1 -0.000353669 0.000591854 0.000353173 1 0.000418663 -0.00059215 -0.000418245 0.999999 -0.0381419 0.016867 0.256768
FixedParameters: 0 0 0

#Transform 168
Transform: AffineTransform_float_3_3
Parameters: 1 -0.00046847 0.000498439 0.000468599 1 0.000359266 -0.000497907 -0.000358863 1 -0.0366859 0.0210401 0.251358
FixedParameters: 0 0 0

#Transform 169
Transform: AffineTransform_float_3_3
Parameters: 1 -0.000467423 0.000457212 0.000467584 1 0.000355498 -0.000456675 -0.000355134 1 -0.0348107 0.0339239 0.256278
FixedParameters: 0 0 0

#Transform 170
Transform: AffineTransform_float_3_3
Parameters: 0.999999 -0.000496663 0.000515065 0.00049609 0.999999 0.000555916 -0.000515617 -0.000555405 0.999999 -0.0369388 0.0248487 0.275491
FixedParameters: 0 0 0

#Transform 171
Transform: AffineTransform_float_3_3
Parameters: 1 -0.000494506 0.000440405 0.000494333 1 0.000195638 -0.000440598 -0.000195202 1 -0.031673 0.029815 0.260746
FixedParameters: 0 0 0

#Transform 172
Transform: AffineTransform_float_3_3
Parameters: 1 -0.000524013 0.000488752 0.000524025 0.999999 0.000485107 -0.000488392 -0.000484658 1 -0.0340465 0.0172198 0.26044
FixedParameters: 0 0 0

#Transform 173
Transform: AffineTransform_float_3_3
Parameters: 1 -0.000438939 0.00053153 0.000437877 0.999998 0.00154632 -0.000532092 -0.00154643 0.999999 -0.0188466 -0.00891719 0.190665
FixedParameters: 0 0 0

#Transform 174
Transform: AffineTransform_float_3_3
Parameters: 1 -0.000354276 0.000531099 0.00035285 0.999997 0.00209785 -0.000531761 -0.00209753 0.999997 -0.0129332 0.0263303 0.244519
FixedParameters: 0 0 0

#Transform 175
Transform: AffineTransform_float_3_3
Parameters: 1 -0.000144492 0.000510179 0.000142475 0.999994 0.00322861 -0.000510354 -0.00322852 0.999994 -0.0141628 -0.00736431 0.284083
FixedParameters: 0 0 0

#Transform 176
Transform: AffineTransform_float_3_3
Parameters: 1 -0.000181857 0.000444807 0.000180239 0.999994 0.00325432 -0.000445234 -0.00325422 0.999994 -0.0224259 -0.0675363 0.305699
FixedParameters: 0 0 0

#Transform 177
Transform: AffineTransform_float_3_3
Parameters: 1 -0.000284646 0.000403759 0.000283891 0.999998 0.00192855 -0.000404033 -0.00192838 0.999998 -0.0214014 0.0261934 0.325097
FixedParameters: 0 0 0

#Transform 178
Transform: AffineTransform_float_3_3
Parameters: 1 -0.000350148 0.000480467 0.000349319 0.999998 0.001534 -0.000480694 -0.00153373 0.999998 -0.0181675 -0.00643875 0.304494
FixedParameters: 0 0 0

#Transform 179
Transform: AffineTransform_float_3_3
Parameters: 1 4.18517e-05 0.00105095 -4.40063e-05 0.999999 0.0014336 -0.00105131 -0.00143364 0.999998 -0.0642697 -0.0213421 0.363425
FixedParameters: 0 0 0

#Transform 180
Transform: AffineTransform_float_3_3
Parameters: 0.999999 0.000168712 0.000972952 -0.000170865 0.999998 0.00161245 -0.000972917 -0.00161239 0.999999 -0.0574779 0.0182955 0.407235
FixedParameters: 0 0 0

#Transform 181
Transform: AffineTransform_float_3_3
Parameters: 1 -0.00018268 0.000703469 0.000181089 0.999999 0.00163745 -0.000703344 -0.00163862 0.999999 -0.0381214 0.0280359 0.401908
FixedParameters: 0 0 0

#Transform 182
Transform: AffineTransform_float_3_3
Parameters: 1 -0.000287727 0.00066599 0.000287189 0.999999 0.00116739 -0.000667173 -0.00116696 0.999999 -0.0376917 0.0541495 0.390428
FixedParameters: 0 0 0

#Transform 183
Transform: AffineTransform_float_3_3
Parameters: 1 -0.000305998 0.000550029 0.000305015 1 0.00103737 -0.000550686 -0.00103703 1 -0.0342074 0.0533259 0.396625
FixedParameters: 0 0 0

#Transform 184
Transform: AffineTransform_float_3_3
Parameters: 1 -0.000326859 0.000530794 0.000326302 1 0.00113246 -0.000530689 -0.00113217 0.999999 -0.0343345 0.0340761 0.394301
FixedParameters: 0 0 0

#Transform 185
Transform: AffineTransform_float_3_3
Parameters: 1 -0.000377342 0.000358705 0.000377938 0.999999 0.00126411 -0.000359303 -0.00126385 0.999999 -0.0318139 0.0156496 0.391538
FixedParameters: 0 0 0

#Transform 186
Transform: AffineTransform_float_3_3
Parameters: 1 -0.00040726 0.000284491 0.000407209 0.999999 0.00122219 -0.000284641 -0.00122202 0.999999 -0.0298757 0.0185434 0.399622
FixedParameters: 0 0 0

#Transform 187
Transform: AffineTransform_float_3_3
Parameters: 1 -0.000174318 0.000320826 0.000173847 1 0.000936187 -0.000321226 -0.000936927 0.999999 -0.0158539 0.0924596 0.442594
FixedParameters: 0 0 0

#Transform 188
Transform: AffineTransform_float_3_3
Parameters: 1 -0.000129571 0.000460336 0.000128098 0.999998 0.00194225 -0.000460883 -0.00194212 0.999998 -0.0299314 -0.0179485 0.51248
FixedParameters: 0 0 0

#Transform 189
Transform: AffineTransform_float_3_3
Parameters: 1 4.72132e-05 0.000523452 -4.86447e-05 0.999999 0.00151874 -0.00052333 -0.00151878 0.999998 -0.0296124 0.0440601 0.366857
FixedParameters: 0 0 0
