#Insight Transform File V1.0
#Transform 0
Transform: AffineTransform_float_3_3
Parameters: 1 -0.000953536 0.000437273 0.000954225 0.999992 -0.00371725 -0.000433222 0.00371814 0.999993 0.0126848 0.0730053 -0.13548
FixedParameters: 0 0 0

#Transform 1
Transform: AffineTransform_float_3_3
Parameters: 1 -0.000856055 0.000490592 0.000858114 0.999993 -0.00377892 -0.00048772 0.00377896 0.999993 0.00764859 0.0758484 -0.131828
FixedParameters: 0 0 0

#Transform 2
Transform: AffineTransform_float_3_3
Parameters: 0.999999 -0.00122551 0.000610378 0.00122778 0.999993 -0.00364527 -0.00060589 0.00364598 0.999994 0.00712112 0.0667631 -0.129754
FixedParameters: 0 0 0

#Transform 3
Transform: AffineTransform_float_3_3
Parameters: 0.999999 -0.00126059 0.000723985 0.00126338 0.999993 -0.00348234 -0.000719621 0.00348338 0.999994 0.00451264 0.0663334 -0.124841
FixedParameters: 0 0 0

#Transform 4
Transform: AffineTransform_float_3_3
Parameters: 0.999999 -0.00121244 0.000853677 0.00121479 0.999993 -0.00349933 -0.000849932 0.00350061 0.999993 0.00199948 0.0691266 -0.117597
FixedParameters: 0 0 0

#Transform 5
Transform: AffineTransform_float_3_3
Parameters: 1 -0.000703671 0.000755838 0.000705591 0.999998 -0.00192232 -0.000754855 0.00192343 0.999998 0.0177069 0.0499807 -0.127494
FixedParameters: 0 0 0

#Transform 6
Transform: AffineTransform_float_3_3
Parameters: 0.999999 -0.000328079 0.000887556 0.00033006 0.999998 -0.00225462 -0.000885955 0.00225517 0.999997 -0.0121481 0.0972868 -0.133184
FixedParameters: 0 0 0

#Transform 7
Transform: AffineTransform_float_3_3
Parameters: 1 -0.000237493 0.000152552 0.000238114 0.999996 -0.00287667 -0.000152147 0.00287677 0.999996 0.00241935 0.10137 -0.0603872
FixedParameters: 0 0 0

#Transform 8
Transform: AffineTransform_float_3_3
Parameters: 1 -0.000182601 0.000130037 0.000183116 0.999995 -0.00296077 -0.000129917 0.00296084 0.999995 0.00191739 0.10054 -0.0645492
FixedParameters: 0 0 0

#Transform 9
Transform: AffineTransform_float_3_3
Parameters: 1 -0.000263878 0.000230163 0.000263757 0.999995 -0.00313209 -0.000229825 0.00313223 0.999995 0.004348 0.0861535 -0.0461362
FixedParameters: 0 0 0

#Transform 10
Transform: AffineTransform_float_3_3
Parameters: 1 -0.000247919 0.000259629 0.00024935 0.999995 -0.00312028 -0.000259069 0.00312044 0.999995 0.0027439 0.0786743 -0.0580428
FixedParameters: 0 0 0

#Transform 11
Transform: AffineTransform_float_3_3
Parameters: 1 -0.000234207 0.000260093 0.000234826 0.999995 -0.00318555 -0.000259065 0.00318567 0.999995 -0.000734407 0.0638507 -0.0772145
FixedParameters: 0 0 0

#Transform 12
Transform: AffineTransform_float_3_3
Parameters: 1 -0.000510365 7.38641e-05 0.000510534 0.999995 -0.00290812 -7.18582e-05 0.00290822 0.999996 0.0046838 0.0207648 -0.0492785
FixedParameters: 0 0 0

#Transform 13
Transform: AffineTransform_float_3_3
Parameters: 1 0.000316015 -0.000410307 -0.000316404 1 0.00111629 0.000410661 -0.00111604 1 -0.00244089 -0.0757672 0.15571
FixedParameters: 0 0 0

#Transform 14
Transform: AffineTransform_float_3_3
Parameters: 1 0.0011848 -0.000161425 -0.0011851 0.999999 0.000644542 0.000162121 -0.000644589 0.999999 -0.00733801 0.0727973 0.0613508
FixedParameters: 0 0 0

#Transform 15
Transform: AffineTransform_float_3_3
Parameters: 0.999999 0.000731854 -0.000640926 -0.000731265 1 0.000410624 0.000641489 -0.00041058 1 0.0116457 0.105034 0.00191669
FixedParameters: 0 0 0

#Transform 16
Transform: AffineTransform_float_3_3
Parameters: 0.999999 0.000680046 -0.000492432 -0.000680123 1 -7.77046e-05 0.000492326 7.83743e-05 1 0.00832479 0.0948962 -0.00699459
FixedParameters: 0 0 0

#Transform 17
Transform: AffineTransform_float_3_3
Parameters: 1 0.000354967 -0.00049354 -0.000355127 0.999999 -0.000137967 0.000493414 0.000137873 1 0.00426977 0.0870529 -0.00135911
FixedParameters: 0 0 0

#Transform 18
Transform: AffineTransform_float_3_3
Parameters: 1 0.000294925 -0.0002667 -0.000294283 1 -0.000384331 0.000265948 0.000384518 1 -0.00157449 0.0652923 -0.0158464
FixedParameters: 0 0 0

#Transform 19
Transform: AffineTransform_float_3_3
Parameters: 0.999999 0.00072102 -3.70699e-05 -0.000721489 0.999999 0.000768559 3.73291e-05 -0.000768484 0.999999 0.000475453 -0.0238613 0.00297379
FixedParameters: 0 0 0

#Transform 20
Transform: AffineTransform_float_3_3
Parameters: 1 0.00054786 0.000214886 -0.000547928 0.999999 0.000903437 -0.000215271 -0.000903621 0.999999 -0.00376026 -0.0319788 0.00726642
FixedParameters: 0 0 0

#Transform 21
Transform: AffineTransform_float_3_3
Parameters: 0.999999 0.000530148 -0.000595856 -0.000529623 1 0.000440277 0.000596322 -0.000439645 0.999999 0.0102934 -0.0231787 0.0472244
FixedParameters: 0 0 0

#Transform 22
Transform: AffineTransform_float_3_3
Parameters: 0.999999 0.000800737 -0.000693167 -0.00080037 1 0.000220366 0.000693481 -0.000220151 1 0.0098181 0.0435985 0.0010712
FixedParameters: 0 0 0

#Transform 23
Transform: AffineTransform_float_3_3
Parameters: 0.999999 0.000592437 -0.00061309 -0.00059265 1 0.000255886 0.000612543 -0.000255139 1 0.00887039 0.0717136 -0.0202708
FixedParameters: 0 0 0

#Transform 24
Transform: AffineTransform_float_3_3
Parameters: 0.999999 0.000539437 -0.000563084 -0.000539094 0.999999 0.000325219 0.000563407 -0.000325055 1 0.00636026 0.0791273 -0.046286
FixedParameters: 0 0 0

#Transform 25
Transform: AffineTransform_float_3_3
Parameters: 0.999999 0.000568095 -0.000517309 -0.00056762 0.999999 0.000459066 0.00051783 -0.000458479 1 0.0065125 0.0676786 -0.0781913
FixedParameters: 0 0 0

#Transform 26
Transform: AffineTransform_float_3_3
Parameters: 1 0.000269122 -8.15153e-05 -0.000269057 1 0.00039823 8.17296e-05 -0.000398186 1 0.00296219 0.109428 -0.270038
FixedParameters: 0 0 0

#Transform 27
Transform: AffineTransform_float_3_3
Parameters: 1 0.000767706 -0.000888082 -0.000764721 0.999996 0.00289444 0.000890372 -0.00289394 0.999995 0.0301786 0.0949152 -0.145562
FixedParameters: 0 0 0

#Transform 28
Transform: AffineTransform_float_3_3
Parameters: 0.999999 0.00095034 -0.000953928 -0.000947697 0.999997 0.00214379 0.000955381 -0.00214281 0.999997 0.0169451 0.0534089 -0.105117
FixedParameters: 0 0 0

#Transform 29
Transform: AffineTransform_float_3_3
Parameters: 0.999999 0.000920932 -0.0010093 -0.00091915 0.999999 0.00138585 0.00101008 -0.00138529 0.999999 0.0198628 0.0547156 -0.115977
FixedParameters: 0 0 0

#Transform 30
Transform: AffineTransform_float_3_3
Parameters: 0.999999 0.000905819 -0.00103507 -0.00090421 0.999999 0.00125657 0.00103561 -0.00125555 0.999999 0.0207891 0.0451974 -0.108591
FixedParameters: 0 0 0

#Transform 31
Transform: AffineTransform_float_3_3
Parameters: 0.999999 0.000863555 -0.000905679 -0.000862663 0.999999 0.00125007 0.000907512 -0.00124851 0.999999 0.0182177 0.033235 -0.0951103
FixedParameters: 0 0 0

#Transform 32
Transform: AffineTransform_float_3_3
Parameters: 1 0.000779702 -0.000899791 -0.000779046 0.999999 0.00114118 0.000901218 -0.00114023 0.999999 0.0166127 0.0326262 -0.0841346
FixedParameters: 0 0 0

#Transform 33
Transform: AffineTransform_float_3_3
Parameters: 0.999999 0.000863107 -0.000905714 -0.00086192 0.999999 0.000949423 0.000906492 -0.000948735 0.999999 0.016144 0.0386578 -0.0948535
FixedParameters: 0 0 0

#Transform 34
Transform: AffineTransform_float_3_3
Parameters: 1 0.000755145 -0.00085679 -0.000753871 0.999999 0.00105068 0.000857525 -0.00104937 0.999999 0.0167062 0.0585893 -0.103647
FixedParameters: 0 0 0

#Transform 35
Transform: AffineTransform_float_3_3
Parameters: 1 0.000719891 -0.000835797 -0.000718441 0.999999 0.000870857 0.00083704 -0.00087055 0.999999 0.0208343 0.0661381 -0.117392
FixedParameters: 0 0 0

#Transform 36
Transform: AffineTransform_float_3_3
Parameters: 1 0.000714042 -0.000897144 -0.000713622 1 0.00099958 0.000898247 -0.000998307 0.999999 0.017026 0.0759642 -0.125978
FixedParameters: 0 0 0

#Transform 37
Transform: AffineTransform_float_3_3
Parameters: 0.999999 0.000642458 -0.000765488 -0.000641337 1 0.00103202 0.000765934 -0.00103101 0.999999 0.0139562 0.0774408 -0.135429
FixedParameters: 0 0 0

#Transform 38
Transform: AffineTransform_float_3_3
Parameters: 1 0.000653624 -0.000765592 -0.000653326 0.999999 0.00110719 0.000766688 -0.00110664 1 0.0144142 0.0678439 -0.131004
FixedParameters: 0 0 0

#Transform 39
Transform: AffineTransform_float_3_3
Parameters: 1 0.000707616 -0.000803056 -0.000706277 0.999999 0.00117582 0.000803841 -0.00117511 0.999999 0.014786 0.0592575 -0.120592
FixedParameters: 0 0 0

#Transform 40
Transform: AffineTransform_float_3_3
Parameters: 1 0.000696169 -0.000778015 -0.000694779 0.999999 0.00153063 0.000778407 -0.0015304 0.999998 0.0114336 0.0446783 -0.135574
FixedParameters: 0 0 0

#Transform 41
Transform: AffineTransform_float_3_3
Parameters: 1 0.000836193 -0.000843154 -0.000834936 0.999998 0.00183067 0.00084501 -0.00182924 0.999998 0.00705135 0.0155797 -0.121564
FixedParameters: 0 0 0

#Transform 42
Transform: AffineTransform_float_3_3
Parameters: 1 0.000783647 -0.000873093 -0.00078177 0.999998 0.00164184 0.000873926 -0.00164132 0.999998 0.00795907 0.0378254 -0.117898
FixedParameters: 0 0 0

#Transform 43
Transform: AffineTransform_float_3_3
Parameters: 0.999999 0.000744304 -0.00099607 -0.000742958 0.999998 0.00160986 0.000997225 -0.00160971 0.999998 0.0105632 0.0301589 -0.111122
FixedParameters: 0 0 0

#Transform 44
Transform: AffineTransform_float_3_3
Parameters: 0.999999 0.000757533 -0.000957288 -0.000756265 0.999998 0.00163436 0.000958523 -0.00163424 0.999998 0.00769906 0.0295795 -0.103385
FixedParameters: 0 0 0

#Transform 45
Transform: AffineTransform_float_3_3
Parameters: 1 0.00069934 -0.000877476 -0.000697958 0.999999 0.00153403 0.000879258 -0.0015337 0.999998 0.0021155 0.0351239 -0.110775
FixedParameters: 0 0 0

#Transform 46
Transform: AffineTransform_float_3_3
Parameters: 0.999999 0.000964531 -0.000927384 -0.000962137 0.999997 0.00248992 0.000930063 -0.00248899 0.999996 0.0104265 0.00666705 -0.151522
FixedParameters: 0 0 0

#Transform 47
Transform: AffineTransform_float_3_3
Parameters: 0.999999 0.00112372 -0.000673021 -0.00112228 0.999997 0.00214066 0.000675214 -0.00213998 0.999997 -0.0143993 0.0171011 -0.141989
FixedParameters: 0 0 0

#Transform 48
Transform: AffineTransform_float_3_3
Parameters: 0.999999 0.00125369 -0.000860131 -0.00125217 0.999998 0.001457 0.000862044 -0.00145569 0.999998 -0.0069705 0.0302693 -0.113338
FixedParameters: 0 0 0

#Transform 49
Transform: AffineTransform_float_3_3
Parameters: 0.999999 0.00103438 -0.000678353 -0.00103428 1 7.75859e-05 0.000678503 -7.70782e-05 1 -0.00733042 0.0271132 -0.132118
FixedParameters: 0 0 0

#Transform 50
Transform: AffineTransform_float_3_3
Parameters: 0.999999 0.00131438 -0.000255373 -0.00131479 0.999999 -0.00136942 0.000253987 0.00136956 0.999999 -0.0294657 0.0251079 -0.183631
FixedParameters: 0 0 0

#Transform 51
Transform: AffineTransform_float_3_3
Parameters: 0.999999 0.00180393 -0.000180246 -0.00180422 0.999995 -0.00257685 0.00017533 0.0025769 0.999997 -0.0438855 0.0833636 -0.235736
FixedParameters: 0 0 0

#Transform 52
Transform: AffineTransform_float_3_3
Parameters: 0.999999 0.00165047 -0.000682092 -0.00165251 0.999997 -0.00214699 0.000678024 0.0021478 0.999997 -0.0121072 0.11239 -0.223009
FixedParameters: 0 0 0

#Transform 53
Transform: AffineTransform_float_3_3
Parameters: 0.999998 0.00166869 -0.00101202 -0.00167121 0.999995 -0.00264714 0.00100733 0.00264951 0.999996 -0.0184395 0.0542151 -0.115083
FixedParameters: 0 0 0

#Transform 54
Transform: AffineTransform_float_3_3
Parameters: 0.999998 0.00166709 -0.00104218 -0.00166975 0.999994 -0.00291969 0.0010374 0.00292124 0.999995 -0.0228683 0.0380097 -0.0803149
FixedParameters: 0 0 0

#Transform 55
Transform: AffineTransform_float_3_3
Parameters: 0.999998 0.00151184 -0.00123706 -0.00151585 0.999994 -0.00300735 0.00123292 0.00301007 0.999995 -0.017544 0.0315195 -0.0584621
FixedParameters: 0 0 0

#Transform 56
Transform: AffineTransform_float_3_3
Parameters: 0.999999 0.00148136 -0.00114214 -0.00148507 0.999994 -0.00315687 0.0011377 0.00315833 0.999994 -0.0228891 0.00628485 -0.0133581
FixedParameters: 0 0 0

#Transform 57
Transform: AffineTransform_float_3_3
Parameters: 0.999996 0.00160078 -0.00203827 -0.00160162 0.999999 -0.000527155 0.00203683 0.000531009 0.999998 -0.0152342 -0.107967 0.0276044
FixedParameters: 0 0 0

#Transform 58
Transform: AffineTransform_float_3_3
Parameters: 0.999997 0.00185103 -0.00199789 -0.00185261 0.999998 -0.000983435 0.00199618 0.000987222 0.999998 -0.0120544 0.0296762 -0.0450576
FixedParameters: 0 0 0

#Transform 59
Transform: AffineTransform_float_3_3
Parameters: 0.999997 0.00163183 -0.00177582 -0.0016349 0.999996 -0.00225839 0.00177237 0.00226188 0.999996 -0.0132594 0.0790631 -0.0850137
FixedParameters: 0 0 0

#Transform 60
Transform: AffineTransform_float_3_3
Parameters: 0.999997 0.00182853 -0.00176037 -0.00183153 0.999997 -0.00145628 0.00175835 0.0014595 0.999997 -0.0111975 0.080025 -0.091362
FixedParameters: 0 0 0

#Transform 61
Transform: AffineTransform_float_3_3
Parameters: 0.999997 0.0018273 -0.00161923 -0.00182928 0.999997 -0.00153135 0.00161641 0.00153408 0.999997 -0.016304 0.0673192 -0.113927
FixedParameters: 0 0 0

#Transform 62
Transform: AffineTransform_float_3_3
Parameters: 0.999998 0.00161337 -0.00106083 -0.00161627 0.999996 -0.00245498 0.00105619 0.00245653 0.999996 -0.0374097 0.126787 -0.161513
FixedParameters: 0 0 0

#Transform 63
Transform: AffineTransform_float_3_3
Parameters: 0.999999 0.00163817 -0.000764208 -0.00163958 0.999997 -0.00165126 0.000760445 0.00165192 0.999998 -0.0489916 0.0219769 -0.102434
FixedParameters: 0 0 0

#Transform 64
Transform: AffineTransform_float_3_3
Parameters: 0.999998 0.00178114 -0.00147057 -0.00177935 0.999998 0.00115736 0.00147209 -0.00115429 0.999998 -0.0372615 -0.113958 -0.00838484
FixedParameters: 0 0 0

#Transform 65
Transform: AffineTransform_float_3_3
Parameters: 0.999997 0.00171668 -0.00140409 -0.00171807 0.999998 -0.000879692 0.00140269 0.000882235 0.999999 -0.0260443 -0.0516752 -0.0394511
FixedParameters: 0 0 0

#Transform 66
Transform: AffineTransform_float_3_3
Parameters: 0.999997 0.00169633 -0.00149022 -0.00169684 0.999999 -0.000356426 0.00148977 0.000358331 0.999999 -0.0235463 -0.0196361 0.0030887
FixedParameters: 0 0 0

#Transform 67
Transform: AffineTransform_float_3_3
Parameters: 0.999997 0.00156007 -0.00148987 -0.00156032 0.999998 0.000567405 0.00149041 -0.000564978 0.999998 -0.0148265 0.0108889 -0.0446868
FixedParameters: 0 0 0

#Transform 68
Transform: AffineTransform_float_3_3
Parameters: 0.999997 0.00166989 -0.00165685 -0.00166876 0.999999 0.000514477 0.00165766 -0.000512054 0.999998 -0.0126168 0.0472881 -0.0685657
FixedParameters: 0 0 0

#Transform 69
Transform: AffineTransform_float_3_3
Parameters: 0.999997 0.0016614 -0.00167256 -0.0016604 0.999999 0.000311996 0.00167354 -0.00030957 0.999998 -0.0124011 0.0607728 -0.0861346
FixedParameters: 0 0 0

#Transform 70
Transform: AffineTransform_float_3_3
Parameters: 0.999997 0.00153931 -0.00152799 -0.00153843 0.999999 0.000298843 0.00152886 -0.000296375 0.999999 -0.0150574 0.0690895 -0.102846
FixedParameters: 0 0 0

#Transform 71
Transform: AffineTransform_float_3_3
Parameters: 0.999998 0.0014721 -0.00151075 -0.00147169 0.999999 0.000148974 0.00151113 -0.000146762 0.999999 -0.0117677 0.0723123 -0.112973
FixedParameters: 0 0 0

#Transform 72
Transform: AffineTransform_float_3_3
Parameters: 0.999998 0.00176317 -0.00151211 -0.00176338 0.999999 -5.4277e-05 0.00151186 5.64778e-05 0.999999 -0.0173324 0.050445 -0.110815
FixedParameters: 0 0 0

#Transform 73
Transform: AffineTransform_float_3_3
Parameters: 0.999997 0.00158419 -0.00155679 -0.00158284 0.999998 0.000615526 0.00155784 -0.000612808 0.999998 -0.0145497 0.0384777 -0.13847
FixedParameters: 0 0 0

#Transform 74
Transform: AffineTransform_float_3_3
Parameters: 0.999997 0.00154759 -0.00158119 -0.0015474 0.999999 0.000485298 0.00158228 -0.000483542 0.999999 -0.0128679 0.021481 -0.124284
FixedParameters: 0 0 0

#Transform 75
Transform: AffineTransform_float_3_3
Parameters: 0.999997 0.00148787 -0.00153686 -0.00148781 0.999999 0.000308806 0.00153825 -0.000306496 0.999999 -0.0143373 0.0120249 -0.110177
FixedParameters: 0 0 0

#Transform 76
Transform: AffineTransform_float_3_3
Parameters: 0.999997 0.00145837 -0.00164844 -0.0014571 0.999998 0.000561594 0.00164915 -0.000559445 0.999998 -0.014014 -8.3516e-06 -0.110097
FixedParameters: 0 0 0

#Transform 77
Transform: AffineTransform_float_3_3
Parameters: 0.999998 0.00156861 -0.00160474 -0.00156722 0.999998 0.000617255 0.00160574 -0.000615775 0.999999 -0.0167896 -0.00957296 -0.120212
FixedParameters: 0 0 0

#Transform 78
Transform: AffineTransform_float_3_3
Parameters: 0.999998 0.00154304 -0.00169992 -0.0015425 0.999998 0.000739023 0.00170094 -0.000737339 0.999998 -0.0158241 0.00731835 -0.127109
FixedParameters: 0 0 0

#Transform 79
Transform: AffineTransform_float_3_3
Parameters: 0.999997 0.00161649 -0.00146062 -0.00161589 0.999999 0.000841129 0.0014621 -0.000839079 0.999998 -0.0191221 0.0160123 -0.144071
FixedParameters: 0 0 0

#Transform 80
Transform: AffineTransform_float_3_3
Parameters: 0.999998 0.00157288 -0.00130264 -0.00157169 0.999998 0.000874841 0.00130364 -0.000872936 0.999999 -0.018488 0.0309176 -0.154362
FixedParameters: 0 0 0

#Transform 81
Transform: AffineTransform_float_3_3
Parameters: 0.999999 0.00149029 -0.000483766 -0.00148985 0.999999 0.000907405 0.000485601 -0.000907286 0.999999 -0.0314312 0.0305728 -0.195847
FixedParameters: 0 0 0

#Transform 82
Transform: AffineTransform_float_3_3
Parameters: 0.999999 0.00124971 -0.000354892 -0.00124883 0.999999 0.000799831 0.000355505 -0.000799788 0.999999 -0.0281386 0.0259147 -0.208824
FixedParameters: 0 0 0

#Transform 83
Transform: AffineTransform_float_3_3
Parameters: 0.999999 0.00132377 -0.000471089 -0.00132272 0.999998 0.000779884 0.000471767 -0.000779481 0.999999 -0.0296418 0.0420317 -0.214923
FixedParameters: 0 0 0

#Transform 84
Transform: AffineTransform_float_3_3
Parameters: 0.999999 0.00138153 -0.000697032 -0.0013812 0.999999 0.000949721 0.000697909 -0.000949542 0.999999 -0.0236966 0.0302653 -0.211133
FixedParameters: 0 0 0

#Transform 85
Transform: AffineTransform_float_3_3
Parameters: 0.999999 0.00112397 -0.000745746 -0.00112352 0.999999 0.000661147 0.000746372 -0.000660345 0.999999 -0.0166565 0.0337964 -0.208472
FixedParameters: 0 0 0

#Transform 86
Transform: AffineTransform_float_3_3
Parameters: 0.999999 0.00113543 -0.000688863 -0.001135 0.999999 0.000697027 0.000689586 -0.000696336 0.999999 -0.0178788 0.0292842 -0.200751
FixedParameters: 0 0 0

#Transform 87
Transform: AffineTransform_float_3_3
Parameters: 0.999999 0.00116156 -0.000665651 -0.00116093 0.999999 0.000868984 0.00066681 -0.000868311 0.999999 -0.0201441 0.0105473 -0.202644
FixedParameters: 0 0 0

#Transform 88
Transform: AffineTransform_float_3_3
Parameters: 1 0.000877857 -0.000561772 -0.000876907 0.999998 0.00172581 0.000563063 -0.00172568 0.999998 -0.0276558 0.0183273 -0.237916
FixedParameters: 0 0 0

#Transform 89
Transform: AffineTransform_float_3_3
Parameters: 0.999999 0.000534312 -0.00123355 -0.000535996 0.999999 -0.00122971 0.00123253 0.0012306 0.999998 -0.0105614 0.0773212 -0.339765
FixedParameters: 0 0 0

#Transform 90
Transform: AffineTransform_float_3_3
Parameters: 0.999999 0.000576507 -0.000782254 -0.000575859 1 0.000710807 0.000782186 -0.000710779 0.999999 -0.0225663 -0.0957128 -0.234187
FixedParameters: 0 0 0

#Transform 91
Transform: AffineTransform_float_3_3
Parameters: 1 0.000514701 -0.000225052 -0.000514394 0.999999 0.000679895 0.000225752 -0.000679663 0.999999 -0.021024 0.00683175 -0.277469
FixedParameters: 0 0 0

#Transform 92
Transform: AffineTransform_float_3_3
Parameters: 1 0.000437978 -0.000443466 -0.000437517 0.999999 0.000546651 0.000443917 -0.000546707 1 -0.0127897 0.0250301 -0.27206
FixedParameters: 0 0 0

#Transform 93
Transform: AffineTransform_float_3_3
Parameters: 0.999999 0.00046313 -0.000552162 -0.0004632 0.999999 0.000435955 0.000551689 -0.000435866 1 -0.0167412 0.0343121 -0.271032
FixedParameters: 0 0 0

#Transform 94
Transform: AffineTransform_float_3_3
Parameters: 0.999999 0.000583895 0.00168445 -0.000585139 0.999999 0.00125424 -0.0016837 -0.00125569 0.999998 -0.0909899 0.0944101 -0.233074
FixedParameters: 0 0 0

#Transform 95
Transform: AffineTransform_float_3_3
Parameters: 1 0.000611307 0.000438295 -0.000612797 0.999993 0.00350462 -0.000436077 -0.00350507 0.999993 -0.0356611 0.022575 -0.178787
FixedParameters: 0 0 0

#Transform 96
Transform: AffineTransform_float_3_3
Parameters: 0.999992 -0.00131478 0.00368505 0.0012923 0.999982 0.00594942 -0.00369277 -0.00594468 0.999976 -0.073341 -0.0620989 -0.391696
FixedParameters: 0 0 0

#Transform 97
Transform: AffineTransform_float_3_3
Parameters: 0.999998 -0.000215162 0.0017557 0.000211515 0.999998 0.00183588 -0.00175588 -0.00183466 0.999997 -0.0528194 -0.00439017 -0.412529
FixedParameters: 0 0 0

#Transform 98
Transform: AffineTransform_float_3_3
Parameters: 0.999999 -0.00034636 0.00186099 0.000343204 0.999998 0.00196709 -0.00186143 -0.00196623 0.999996 -0.0494586 -0.00890993 -0.39343
FixedParameters: 0 0 0

#Transform 99
Transform: AffineTransform_float_3_3
Parameters: 0.999998 -0.00027656 0.00171325 0.000273948 0.999998 0.0018263 -0.00171418 -0.00182485 0.999997 -0.0458739 -0.0206863 -0.383537
FixedParameters: 0 0 0

#Transform 100
Transform: AffineTransform_float_3_3
Parameters: 0.999998 -0.000255283 0.00160222 0.000252425 0.999998 0.00176319 -0.00160253 -0.00176281 0.999997 -0.0436585 -0.0198028 -0.390926
FixedParameters: 0 0 0

#Transform 101
Transform: AffineTransform_float_3_3
Parameters: 0.999998 -0.000333944 0.00172602 0.000331087 0.999999 0.00147636 -0.00172729 -0.00147606 0.999998 -0.04441 -0.0276215 -0.390305
FixedParameters: 0 0 0

#Transform 102
Transform: AffineTransform_float_3_3
Parameters: 0.999998 -4.53805e-05 0.00203495 4.39622e-05 1 0.000659224 -0.0020347 -0.000659027 0.999998 -0.0595847 -0.0391687 -0.348527
FixedParameters: 0 0 0

#Transform 103
Transform: AffineTransform_float_3_3
Parameters: 0.999997 0.000593505 0.00210722 -0.000593668 1 3.07462e-06 -0.00210716 -4.23074e-06 0.999997 -0.0828047 -0.0058005 -0.313867
FixedParameters: 0 0 0

#Transform 104
Transform: AffineTransform_float_3_3
Parameters: 0.999999 0.000469107 0.0017756 -0.000469227 1 -7.81064e-07 -0.00177553 9.04525e-07 0.999998 -0.0713804 -0.000232153 -0.303262
FixedParameters: 0 0 0

#Transform 105
Transform: AffineTransform_float_3_3
Parameters: 0.999998 0.000453599 0.00186052 -0.000454065 1 -0.000142279 -0.00186007 0.000141906 0.999998 -0.0743344 0.0158154 -0.274035
FixedParameters: 0 0 0

#Transform 106
Transform: AffineTransform_float_3_3
Parameters: 0.999998 0.000394273 0.00185935 -0.000394282 1 -3.72013e-05 -0.00185933 3.70806e-05 0.999998 -0.0745145 0.0147172 -0.264217
FixedParameters: 0 0 0

#Transform 107
Transform: AffineTransform_float_3_3
Parameters: 0.999998 0.000401592 0.00192158 -0.000401888 1 3.85969e-05 -0.0019215 -3.87954e-05 0.999998 -0.0746597 0.0114985 -0.258128
FixedParameters: 0 0 0

#Transform 108
Transform: AffineTransform_float_3_3
Parameters: 0.999998 7.94301e-05 0.00211355 -7.96696e-05 1 -9.39874e-05 -0.00211443 9.3679e-05 0.999998 -0.0694288 0.0203941 -0.245261
FixedParameters: 0 0 0

#Transform 109
Transform: AffineTransform_float_3_3
Parameters: 0.999997 -0.000185372 0.00233388 0.000184709 1 -7.70818e-05 -0.00233332 7.79212e-05 0.999997 -0.076558 -0.011415 -0.225585
FixedParameters: 0 0 0

#Transform 110
Transform: AffineTransform_float_3_3
Parameters: 0.999998 0.000395784 0.00195982 -0.000396129 1 5.03872e-05 -0.00195973 -5.05937e-05 0.999998 -0.0783242 -0.000564973 -0.261364
FixedParameters: 0 0 0

#Transform 111
Transform: AffineTransform_float_3_3
Parameters: 0.999999 0.000612348 0.00176457 -0.000612701 1 5.76246e-05 -0.00176445 -5.84408e-05 0.999999 -0.0721467 -0.00124584 -0.254014
FixedParameters: 0 0 0

#Transform 112
Transform: AffineTransform_float_3_3
Parameters: 0.999998 0.000511942 0.0016506 -0.000511954 0.999999 0.000233833 -0.00165088 -0.000235043 0.999998 -0.0678679 -0.0105177 -0.256519
FixedParameters: 0 0 0

#Transform 113
Transform: AffineTransform_float_3_3
Parameters: 0.999998 0.000298602 0.001644 -0.000299765 0.999999 0.000487605 -0.00164285 -0.000488159 0.999998 -0.0597288 0.00300601 -0.279964
FixedParameters: 0 0 0

#Transform 114
Transform: AffineTransform_float_3_3
Parameters: 0.999998 0.00027788 0.00162892 -0.000279007 0.999999 0.000579514 -0.00162911 -0.000579941 0.999998 -0.0594428 -0.00998393 -0.277482
FixedParameters: 0 0 0

#Transform 115
Transform: AffineTransform_float_3_3
Parameters: 0.999999 0.000231677 0.00147428 -0.000232568 0.999999 0.000560511 -0.00147454 -0.000560715 0.999999 -0.0579591 -0.000300976 -0.265422
FixedParameters: 0 0 0

#Transform 116
Transform: AffineTransform_float_3_3
Parameters: 0.999997 -0.000725983 0.00251657 0.000724362 1 0.000281872 -0.002517 -0.000279556 0.999997 -0.0680867 -0.0162917 -0.278691
FixedParameters: 0 0 0

#Transform 117
Transform: AffineTransform_float_3_3
Parameters: 0.999999 -0.000310692 0.00143918 0.000310993 1 7.04262e-05 -0.0014384 -6.99971e-05 0.999999 -0.0379288 -0.0326785 -0.29134
FixedParameters: 0 0 0

#Transform 118
Transform: AffineTransform_float_3_3
Parameters: 1 -0.000300764 0.0011571 0.000300394 1 0.000512588 -0.00115797 -0.000513202 0.999999 -0.0315651 0.0601176 -0.313109
FixedParameters: 0 0 0

#Transform 119
Transform: AffineTransform_float_3_3
Parameters: 0.999999 -0.000146854 0.000724843 0.000145753 0.999999 0.000759132 -0.000725065 -0.00075892 0.999999 -0.0077337 0.130641 -0.368445
FixedParameters: 0 0 0

#Transform 120
Transform: AffineTransform_float_3_3
Parameters: 1 -0.000226651 0.000975394 0.0002251 0.999998 0.00148666 -0.00097577 -0.00148665 0.999998 -0.0137705 0.0673336 -0.344099
FixedParameters: 0 0 0

#Transform 121
Transform: AffineTransform_float_3_3
Parameters: 1 -0.000441695 0.0010055 0.000440761 0.999999 0.00113568 -0.00100621 -0.00113523 0.999999 -0.013038 0.0734114 -0.322734
FixedParameters: 0 0 0

#Transform 122
Transform: AffineTransform_float_3_3
Parameters: 0.999999 -0.000523047 0.00120694 0.000521123 0.999999 0.0010051 -0.00120716 -0.0010043 0.999999 -0.016326 0.0505944 -0.319712
FixedParameters: 0 0 0

#Transform 123
Transform: AffineTransform_float_3_3
Parameters: 0.999999 -0.000551867 0.00137618 0.00054944 0.999999 0.00139371 -0.00137746 -0.00139352 0.999998 -0.0242746 0.0212189 -0.315737
FixedParameters: 0 0 0

#Transform 124
Transform: AffineTransform_float_3_3
Parameters: 0.999999 -0.000468935 0.00133584 0.000467896 0.999999 0.00143081 -0.0013366 -0.00143088 0.999998 -0.0220301 0.00556099 -0.303273
FixedParameters: 0 0 0

#Transform 125
Transform: AffineTransform_float_3_3
Parameters: 0.999999 -0.000579342 0.00130313 0.000576875 0.999998 0.00169222 -0.00130397 -0.00169116 0.999998 -0.0225089 0.00784309 -0.304276
FixedParameters: 0 0 0

#Transform 126
Transform: AffineTransform_float_3_3
Parameters: 0.999999 -0.000598769 0.00133809 0.000596247 0.999999 0.00167807 -0.00133895 -0.00167648 0.999997 -0.0197886 0.0255891 -0.311198
FixedParameters: 0 0 0

#Transform 127
Transform: AffineTransform_float_3_3
Parameters: 0.999999 -0.000633903 0.00142199 0.000631226 0.999997 0.0021314 -0.00142328 -0.00213005 0.999997 -0.0195959 0.0292688 -0.327219
FixedParameters: 0 0 0

#Transform 128
Transform: AffineTransform_float_3_3
Parameters: 0.999996 -0.00100821 0.00275594 0.00099412 0.999987 0.00494953 -0.00276115 -0.00494667 0.999984 -0.0310521 0.009014 -0.496074
FixedParameters: 0 0 0

#Transform 129
Transform: AffineTransform_float_3_3
Parameters: 0.999999 -0.00035007 0.00173512 0.000346927 0.999998 0.00168345 -0.0017357 -0.00168311 0.999997 -0.0403647 0.101537 -0.423169
FixedParameters: 0 0 0

#Transform 130
Transform: AffineTransform_float_3_3
Parameters: 0.999998 -0.00042054 0.00160781 0.000419683 0.999999 0.00067918 -0.00160812 -0.000678708 0.999999 -0.0371111 0.0881224 -0.378156
FixedParameters: 0 0 0

#Transform 131
Transform: AffineTransform_float_3_3
Parameters: 0.999999 -0.000591794 0.00177998 0.000590085 0.999999 0.000998913 -0.00178005 -0.000998606 0.999998 -0.0395864 0.0406446 -0.372264
FixedParameters: 0 0 0

#Transform 132
Transform: AffineTransform_float_3_3
Parameters: 0.999998 -0.000439265 0.00189271 0.000441384 1 -0.00129164 -0.00189225 0.00129285 0.999997 -0.066817 0.133511 -0.50192
FixedParameters: 0 0 0

#Transform 133
Transform: AffineTransform_float_3_3
Parameters: 0.999997 -0.000272977 0.00220345 0.000272181 1 0.000154465 -0.00220356 -0.000154153 0.999997 -0.0731548 -0.112914 -0.328171
FixedParameters: 0 0 0

#Transform 134
Transform: AffineTransform_float_3_3
Parameters: 0.999998 -0.000356721 0.00198785 0.000355675 1 0.00023412 -0.00198804 -0.000233593 0.999998 -0.0599243 -0.00833498 -0.357228
FixedParameters: 0 0 0

#Transform 135
Transform: AffineTransform_float_3_3
Parameters: 0.999997 -0.000257921 0.0023959 0.000258604 1 -0.000293819 -0.00239661 0.000294639 0.999997 -0.0763028 0.0159193 -0.352804
FixedParameters: 0 0 0

#Transform 136
Transform: AffineTransform_float_3_3
Parameters: 0.999971 -0.00344476 0.00669551 0.00344907 0.999994 -0.000641072 -0.00669313 0.000664473 0.999978 -0.171833 -0.118283 -0.545637
FixedParameters: 0 0 0

#Transform 137
Transform: AffineTransform_float_3_3
Parameters: 0.999981 -0.000772206 0.00599144 0.000773949 0.999999 -0.000353864 -0.00599136 0.000358698 0.999982 -0.145159 0.0545965 -0.263278
FixedParameters: 0 0 0

#Transform 138
Transform: AffineTransform_float_3_3
Parameters: 0.999989 -0.000719753 0.00468166 0.000720597 1 -0.000249258 -0.00468089 0.000252872 0.999989 -0.117268 0.0635255 -0.273194
FixedParameters: 0 0 0

#Transform 139
Transform: AffineTransform_float_3_3
Parameters: 0.999989 -0.000702062 0.00474797 0.000702671 1 -4.96508e-05 -0.00474851 5.3251e-05 0.999989 -0.114172 0.0733348 -0.287899
FixedParameters: 0 0 0

#Transform 140
Transform: AffineTransform_float_3_3
Parameters: 0.999988 -0.000926235 0.00481679 0.000927079 1 -6.88471e-05 -0.00481734 7.3366e-05 0.999989 -0.11816 0.0455274 -0.294003
FixedParameters: 0 0 0

#Transform 141
Transform: AffineTransform_float_3_3
Parameters: 0.999988 -0.000948202 0.00482743 0.000948944 1 -0.000145837 -0.0048273 0.000150557 0.999989 -0.113349 0.0257904 -0.297118
FixedParameters: 0 0 0

#Transform 142
Transform: AffineTransform_float_3_3
Parameters: 0.999988 -0.000983496 0.00484746 0.000984706 1 -0.000194297 -0.00484723 0.000198504 0.999988 -0.116235 0.00914586 -0.289158
FixedParameters: 0 0 0

#Transform 143
Transform: AffineTransform_float_3_3
Parameters: 0.999987 -0.000984484 0.00496969 0.000985207 0.999999 -6.34893e-05 -0.00497024 6.8425e-05 0.999988 -0.117911 -0.00943619 -0.283016
FixedParameters: 0 0 0

#Transform 144
Transform: AffineTransform_float_3_3
Parameters: 0.999987 -0.00102259 0.00487167 0.00102382 1 -0.000195348 -0.00487143 0.000199983 0.999988 -0.115808 -0.00403911 -0.271255
FixedParameters: 0 0 0

#Transform 145
Transform: AffineTransform_float_3_3
Parameters: 0.999988 -0.000819822 0.00481498 0.000820185 1 -0.000113407 -0.00481491 0.000117759 0.999989 -0.113216 -0.00971263 -0.265734
FixedParameters: 0 0 0

#Transform 146
Transform: AffineTransform_float_3_3
Parameters: 0.999988 -0.000954133 0.00482421 0.000956035 0.999999 -0.000323447 -0.00482462 0.000327801 0.999989 -0.115457 -0.00202875 -0.263605
FixedParameters: 0 0 0

#Transform 147
Transform: AffineTransform_float_3_3
Parameters: 0.999989 -0.000817571 0.0047421 0.000819254 0.999999 -0.000255565 -0.00474181 0.000258887 0.999989 -0.117288 0.0148168 -0.261982
FixedParameters: 0 0 0

#Transform 148
Transform: AffineTransform_float_3_3
Parameters: 0.999988 -0.000861916 0.00477593 0.000862079 0.999999 -9.33045e-05 -0.00477588 9.79944e-05 0.999989 -0.111901 0.0230467 -0.279321
FixedParameters: 0 0 0

#Transform 149
Transform: AffineTransform_float_3_3
Parameters: 0.999991 -0.000732692 0.00417922 0.000735077 0.999999 -0.00068136 -0.00417899 0.000683928 0.999991 -0.122675 -0.0116238 -0.282801
FixedParameters: 0 0 0

#Transform 150
Transform: AffineTransform_float_3_3
Parameters: 0.999992 -0.000706456 0.00409082 0.000710531 0.999999 -0.000896589 -0.00409027 0.000899707 0.999991 -0.117936 0.0641466 -0.31223
FixedParameters: 0 0 0

#Transform 151
Transform: AffineTransform_float_3_3
Parameters: 0.999991 -0.000857776 0.00397514 0.000861241 0.999999 -0.000836961 -0.00397445 0.000841116 0.999992 -0.107972 0.05699 -0.328947
FixedParameters: 0 0 0

#Transform 152
Transform: AffineTransform_float_3_3
Parameters: 0.999991 -0.00106425 0.00411667 0.00106786 0.999999 -0.000830008 -0.00411568 0.000834767 0.999991 -0.109828 0.0387163 -0.32462
FixedParameters: 0 0 0

#Transform 153
Transform: AffineTransform_float_3_3
Parameters: 0.99999 -0.00108672 0.00430626 0.00108949 0.999999 -0.000706466 -0.0043055 0.000711374 0.99999 -0.113786 0.0152167 -0.335203
FixedParameters: 0 0 0

#Transform 154
Transform: AffineTransform_float_3_3
Parameters: 0.999991 -0.00111191 0.00425864 0.00111532 0.999999 -0.000788483 -0.00425766 0.000793505 0.999991 -0.110602 0.00313446 -0.32394
FixedParameters: 0 0 0

#Transform 155
Transform: AffineTransform_float_3_3
Parameters: 0.99999 -0.00105256 0.0043143 0.00105566 0.999999 -0.00068134 -0.00431279 0.00068595 0.99999 -0.110175 -0.00473365 -0.321082
FixedParameters: 0 0 0

#Transform 156
Transform: AffineTransform_float_3_3
Parameters: 0.99999 -0.00114511 0.0041363 0.00114777 0.999999 -0.000709099 -0.00413545 0.000714564 0.999991 -0.103511 -0.0130552 -0.349106
FixedParameters: 0 0 0

#Transform 157
Transform: AffineTransform_float_3_3
Parameters: 0.999992 -0.000897446 0.0040512 0.000899213 0.999999 -0.000518274 -0.00405153 0.00052246 0.999992 -0.0960718 0.00432788 -0.394235
FixedParameters: 0 0 0

#Transform 158
Transform: AffineTransform_float_3_3
Parameters: 0.999992 -0.000923011 0.00404599 0.000925738 0.999999 -0.000635426 -0.00404607 0.000639361 0.999991 -0.102111 0.0170386 -0.402645
FixedParameters: 0 0 0

#Transform 159
Transform: AffineTransform_float_3_3
Parameters: 0.999992 -0.000902316 0.00405265 0.000904194 1 -0.000528516 -0.00405294 0.000533189 0.999992 -0.10175 0.0289175 -0.395438
FixedParameters: 0 0 0

#Transform 160
Transform: AffineTransform_float_3_3
Parameters: 0.999991 -0.000970544 0.00416025 0.000971351 1 -0.000216779 -0.00416081 0.00022088 0.999992 -0.104131 0.0310152 -0.400871
FixedParameters: 0 0 0

#Transform 161
Transform: AffineTransform_float_3_3
Parameters: 0.99999 -0.00109756 0.00420023 0.00109803 0.999999 -0.000215483 -0.00419939 0.00022023 0.999992 -0.105646 0.0339017 -0.392558
FixedParameters: 0 0 0

#Transform 162
Transform: AffineTransform_float_3_3
Parameters: 0.999989 -0.00127306 0.00434793 0.00127358 0.999999 -0.000217237 -0.00434704 0.000222494 0.999991 -0.104628 0.0328457 -0.389822
FixedParameters: 0 0 0

#Transform 163
Transform: AffineTransform_float_3_3
Parameters: 0.999989 -0.00133767 0.00433486 0.00133889 0.999999 -0.000100242 -0.0043353 0.000105639 0.99999 -0.10373 0.0235947 -0.387436
FixedParameters: 0 0 0

#Transform 164
Transform: AffineTransform_float_3_3
Parameters: 0.999995 -0.000895513 0.00280791 0.000894885 1 0.000229185 -0.00280897 -0.000227244 0.999997 -0.0677493 0.044636 -0.333898
FixedParameters: 0 0 0

#Transform 165
Transform: AffineTransform_float_3_3
Parameters: 0.999997 -0.000269487 0.00250592 0.000270783 1 -0.000572512 -0.00250595 0.000573419 0.999996 -0.0766787 0.080343 -0.24388
FixedParameters: 0 0 0

#Transform 166
Transform: AffineTransform_float_3_3
Parameters: 0.999997 -0.00052854 0.00267101 0.000529038 1 -0.000294672 -0.00267023 0.000295688 0.999997 -0.0795461 0.0402196 -0.247172
FixedParameters: 0 0 0

#Transform 167
Transform: AffineTransform_float_3_3
Parameters: 0.999996 -0.000647188 0.00275205 0.000651154 0.999999 -0.00124897 -0.00275116 0.00125075 0.999996 -0.0850254 0.0267316 -0.240283
FixedParameters: 0 0 0

#Transform 168
Transform: AffineTransform_float_3_3
Parameters: 0.999995 -0.000581398 0.00282043 0.000592214 0.999993 -0.00373471 -0.00281806 0.00373572 0.999989 -0.0950534 0.0528156 -0.240151
FixedParameters: 0 0 0

#Transform 169
Transform: AffineTransform_float_3_3
Parameters: 0.999992 -0.000186791 0.00392523 0.000198545 0.999996 -0.0029653 -0.00392544 0.00296627 0.999988 -0.13349 0.0441773 -0.212178
FixedParameters: 0 0 0

#Transform 170
Transform: AffineTransform_float_3_3
Parameters: 0.999993 0.000519722 0.00377403 -0.000512185 0.999998 -0.00205102 -0.00377496 0.00204924 0.99999 -0.149897 0.0296215 -0.204183
FixedParameters: 0 0 0

#Transform 171
Transform: AffineTransform_float_3_3
Parameters: 0.999993 0.000221232 0.00385464 -0.000215369 0.999999 -0.0015099 -0.00385438 0.00150858 0.999992 -0.14368 0.0338722 -0.202122
FixedParameters: 0 0 0

#Transform 172
Transform: AffineTransform_float_3_3
Parameters: 0.999995 -0.000611415 0.00308409 0.00061481 0.999999 -0.00125937 -0.00308359 0.0012609 0.999994 -0.103651 0.0149348 -0.197984
FixedParameters: 0 0 0

#Transform 173
Transform: AffineTransform_float_3_3
Parameters: 0.999993 0.000480963 0.00370742 -0.000476328 0.999999 -0.00121518 -0.0037073 0.00121334 0.999993 -0.144394 0.0420735 -0.192815
FixedParameters: 0 0 0

#Transform 174
Transform: AffineTransform_float_3_3
Parameters: 0.999993 0.000540097 0.00385432 -0.000535407 0.999999 -0.0010752 -0.00385469 0.00107279 0.999992 -0.145753 0.0382488 -0.188602
FixedParameters: 0 0 0

#Transform 175
Transform: AffineTransform_float_3_3
Parameters: 0.999991 8.19063e-05 0.00405214 -7.73192e-05 0.999999 -0.00101274 -0.00405156 0.0010125 0.999991 -0.147982 0.0318497 -0.190401
FixedParameters: 0 0 0

#Transform 176
Transform: AffineTransform_float_3_3
Parameters: 0.999992 -3.50127e-05 0.00415143 3.86155e-05 1 -0.000937099 -0.0041515 0.000936486 0.999991 -0.14345 0.0226162 -0.201886
FixedParameters: 0 0 0

#Transform 177
Transform: AffineTransform_float_3_3
Parameters: 0.999992 -9.33666e-05 0.00415984 9.78856e-05 1 -0.00104392 -0.00415978 0.0010447 0.999991 -0.140728 0.0155303 -0.210028
FixedParameters: 0 0 0

#Transform 178
Transform: AffineTransform_float_3_3
Parameters: 0.999992 -0.000236891 0.00410005 0.000241029 0.999999 -0.00111678 -0.00409913 0.00111779 0.999991 -0.136092 0.0145897 -0.208417
FixedParameters: 0 0 0

#Transform 179
Transform: AffineTransform_float_3_3
Parameters: 0.999989 -0.000334846 0.00463674 0.000337341 1 -0.000437689 -0.00463599 0.000438571 0.999989 -0.142737 0.00162298 -0.243437
FixedParameters: 0 0 0

#Transform 180
Transform: AffineTransform_float_3_3
Parameters: 0.99999 -0.00084077 0.00434931 0.000842303 1 -0.000399253 -0.00434909 0.00040212 0.99999 -0.130928 0.00156881 -0.193665
FixedParameters: 0 0 0

#Transform 181
Transform: AffineTransform_float_3_3
Parameters: 0.99999 -0.000948235 0.00439685 0.000950414 0.999999 -0.00046786 -0.00439641 0.000471753 0.99999 -0.122829 0.0101716 -0.202604
FixedParameters: 0 0 0

#Transform 182
Transform: AffineTransform_float_3_3
Parameters: 0.999991 -0.00104162 0.0042473 0.00104323 1 -0.000413457 -0.00424687 0.000418302 0.999991 -0.124043 0.0124153 -0.21474
FixedParameters: 0 0 0

#Transform 183
Transform: AffineTransform_float_3_3
Parameters: 0.99999 -0.0010551 0.00447084 0.00105687 0.999999 -0.000270887 -0.0044704 0.000275439 0.99999 -0.126718 0.0106294 -0.230546
FixedParameters: 0 0 0

#Transform 184
Transform: AffineTransform_float_3_3
Parameters: 0.999989 -0.000895471 0.00447113 0.000897758 0.999999 -0.000320461 -0.0044707 0.000324484 0.999991 -0.128187 0.00603271 -0.212668
FixedParameters: 0 0 0

#Transform 185
Transform: AffineTransform_float_3_3
Parameters: 0.999989 -0.000943237 0.00445791 0.000944509 0.999999 -0.000362629 -0.00445771 0.000366146 0.99999 -0.128005 0.0163466 -0.21451
FixedParameters: 0 0 0

#Transform 186
Transform: AffineTransform_float_3_3
Parameters: 0.99999 -0.000936027 0.00439392 0.000937655 0.999999 -0.000348638 -0.0043929 0.00035195 0.999991 -0.126245 0.0118677 -0.217096
FixedParameters: 0 0 0

#Transform 187
Transform: AffineTransform_float_3_3
Parameters: 0.99999 -0.000910099 0.00438291 0.000910608 1 -0.000218963 -0.00438212 0.000222467 0.99999 -0.12546 0.0101512 -0.205579
FixedParameters: 0 0 0

#Transform 188
Transform: AffineTransform_float_3_3
Parameters: 0.999991 -0.000638164 0.00421428 0.000639447 1 -0.00021623 -0.0042141 0.000218509 0.999991 -0.132165 -0.00549598 -0.208092
FixedParameters: 0 0 0

#Transform 189
Transform: AffineTransform_float_3_3
Parameters: 0.999991 -0.000732392 0.00418265 0.00073329 1 -0.000171419 -0.0041825 0.000174443 0.999991 -0.129455 0.00310109 -0.200287
FixedParameters: 0 0 0
