#Insight Transform File V1.0
#Transform 0
Transform: AffineTransform_float_3_3
Parameters: 1 0.000230283 0.000135742 -0.000230525 1 0.00114187 -0.000135244 -0.00114193 1 -0.00902568 -0.0714342 0.155879
FixedParameters: 0 0 0

#Transform 1
Transform: AffineTransform_float_3_3
Parameters: 1 0.000252588 0.000154737 -0.000252042 0.999999 0.0009738 -0.000154771 -0.000973848 0.999999 -0.00969212 -0.0613254 0.147876
FixedParameters: 0 0 0

#Transform 2
Transform: AffineTransform_float_3_3
Parameters: 1 0.000185604 0.000139597 -0.000184981 0.999999 0.000806163 -0.000139824 -0.000806185 0.999999 -0.0102319 -0.0564306 0.147889
FixedParameters: 0 0 0

#Transform 3
Transform: AffineTransform_float_3_3
Parameters: 1 0.000128222 0.000106103 -0.000128368 1 0.00100825 -0.000105872 -0.00100828 1 -0.00696432 -0.0451469 0.136982
FixedParameters: 0 0 0

#Transform 4
Transform: AffineTransform_float_3_3
Parameters: 1 0.000295173 6.69213e-05 -0.000295249 1 0.00107725 -6.63137e-05 -0.00107729 1 -0.0061304 -0.0561452 0.122192
FixedParameters: 0 0 0

#Transform 5
Transform: AffineTransform_float_3_3
Parameters: 1 0.000273598 -6.54573e-05 -0.000272548 1 0.00102706 6.54638e-05 -0.001027 1 -0.00171859 -0.0613955 0.117291
FixedParameters: 0 0 0

#Transform 6
Transform: AffineTransform_float_3_3
Parameters: 1 4.88356e-05 3.5782e-05 -4.8889e-05 0.999999 0.000746596 -3.57091e-05 -0.000746599 0.999999 -0.0050613 -0.0615229 0.136457
FixedParameters: 0 0 0

#Transform 7
Transform: AffineTransform_float_3_3
Parameters: 1 0.000161181 -0.000154989 -0.000161 1 0.000583383 0.000155177 -0.000583333 1 0.000779511 -0.0258946 0.128964
FixedParameters: 0 0 0

#Transform 8
Transform: AffineTransform_float_3_3
Parameters: 1 0.00019091 -0.000209036 -0.000190646 1 0.00063084 0.000209277 -0.00063076 1 0.00221114 -0.0321072 0.120092
FixedParameters: 0 0 0

#Transform 9
Transform: AffineTransform_float_3_3
Parameters: 1 0.000177976 -0.000205456 -0.000177725 1 0.000609885 0.000205673 -0.000609812 1 0.00480944 -0.0403411 0.106522
FixedParameters: 0 0 0

#Transform 10
Transform: AffineTransform_float_3_3
Parameters: 1 0.00022891 -0.000140641 -0.000228747 1 0.000578939 0.000140906 -0.000578875 1 0.000575734 -0.0486925 0.114835
FixedParameters: 0 0 0

#Transform 11
Transform: AffineTransform_float_3_3
Parameters: 1 0.000143525 -0.00017394 -0.000143786 0.999999 0.000764392 0.00017331 -0.000764321 0.999999 0.000596972 -0.0629432 0.117665
FixedParameters: 0 0 0

#Transform 12
Transform: AffineTransform_float_3_3
Parameters: 1 0.000177689 -0.000229245 -0.000177351 0.999999 0.000736786 0.000229506 -0.000736705 0.999999 0.00181672 -0.0591928 0.115786
FixedParameters: 0 0 0

#Transform 13
Transform: AffineTransform_float_3_3
Parameters: 1 0.00023174 -0.000207427 -0.000231468 1 0.00065423 0.00020773 -0.000654134 1 0.00178038 -0.0577172 0.116542
FixedParameters: 0 0 0

#Transform 14
Transform: AffineTransform_float_3_3
Parameters: 1 0.000266512 -0.000134894 -0.000266306 0.999999 0.000761339 0.000135299 -0.000761267 0.999999 0.000387313 -0.0526052 0.111593
FixedParameters: 0 0 0

#Transform 15
Transform: AffineTransform_float_3_3
Parameters: 1 0.00030034 -0.00018362 -0.000300087 0.999999 0.000690481 0.000184034 -0.000690371 0.999999 0.00439327 -0.0531893 0.105506
FixedParameters: 0 0 0

#Transform 16
Transform: AffineTransform_float_3_3
Parameters: 1 0.00025322 -0.00031589 -0.000253582 0.999999 0.0007677 0.000316805 -0.000767569 0.999999 0.00547198 -0.0572326 0.101795
FixedParameters: 0 0 0

#Transform 17
Transform: AffineTransform_float_3_3
Parameters: 1 0.00043986 -0.000188714 -0.000439619 0.999999 0.000638665 0.000189276 -0.000638498 1 0.00499326 -0.035282 0.0811223
FixedParameters: 0 0 0

#Transform 18
Transform: AffineTransform_float_3_3
Parameters: 1 0.000390997 -0.000230227 -0.000390728 1 0.000584735 0.000230684 -0.000584555 1 0.005541 -0.0341923 0.0813777
FixedParameters: 0 0 0

#Transform 19
Transform: AffineTransform_float_3_3
Parameters: 1 0.000460362 -0.000214002 -0.000459295 0.999999 0.00051117 0.000213946 -0.000510943 1 -0.000401344 -0.0431975 0.077224
FixedParameters: 0 0 0

#Transform 20
Transform: AffineTransform_float_3_3
Parameters: 1 0.000173234 0.000240259 -0.000173503 1 0.000558731 -0.000240065 -0.000558815 1 -0.0161732 -0.0203928 0.0134762
FixedParameters: 0 0 0

#Transform 21
Transform: AffineTransform_float_3_3
Parameters: 1 0.000473581 -0.000253377 -0.000473494 1 0.00017209 0.00025354 -0.00017185 1 0.00228343 -0.0391284 0.0671624
FixedParameters: 0 0 0

#Transform 22
Transform: AffineTransform_float_3_3
Parameters: 1 0.000462254 -0.000250408 -0.000462065 1 0.000377289 0.000250757 -0.000377058 1 0.00455659 -0.0353533 0.0576113
FixedParameters: 0 0 0

#Transform 23
Transform: AffineTransform_float_3_3
Parameters: 1 0.00047207 -0.000258044 -0.000471907 1 0.000314371 0.00025834 -0.000314127 1 0.00530651 -0.0339668 0.0583609
FixedParameters: 0 0 0

#Transform 24
Transform: AffineTransform_float_3_3
Parameters: 1 0.00047785 -0.000220986 -0.00047774 1 0.00024697 0.000221222 -0.000246758 1 0.00497037 -0.0386971 0.0555364
FixedParameters: 0 0 0

#Transform 25
Transform: AffineTransform_float_3_3
Parameters: 1 0.000436094 -0.000159102 -0.000436537 1 0.000262433 0.000158481 -0.000262273 1 0.00423752 -0.0404269 0.0564217
FixedParameters: 0 0 0

#Transform 26
Transform: AffineTransform_float_3_3
Parameters: 1 0.000358481 0.000203406 -0.00035752 0.999999 -0.00105233 -0.0002033 0.00105306 1 -0.0151508 -0.0556936 0.0259425
FixedParameters: 0 0 0

#Transform 27
Transform: AffineTransform_float_3_3
Parameters: 1 -0.000627362 9.06033e-05 0.000627365 1 -1.61016e-05 -9.0583e-05 1.62152e-05 1 0.00411529 -0.0334258 0.056503
FixedParameters: 0 0 0

#Transform 28
Transform: AffineTransform_float_3_3
Parameters: 1 -0.00066519 -7.65136e-05 0.000664606 0.999999 -0.00037525 7.61632e-05 0.00037517 1 0.00999522 -0.03337 0.0348041
FixedParameters: 0 0 0

#Transform 29
Transform: AffineTransform_float_3_3
Parameters: 1 -0.000638548 2.84964e-05 0.000638067 0.999999 -0.000789389 -2.8338e-05 0.000789446 0.999999 0.0081196 -0.0272992 0.031412
FixedParameters: 0 0 0

#Transform 30
Transform: AffineTransform_float_3_3
Parameters: 1 -0.000585604 3.67259e-05 0.000585644 0.999999 -0.000540248 -3.60931e-05 0.000540291 1 0.00534955 -0.043487 0.0412485
FixedParameters: 0 0 0

#Transform 31
Transform: AffineTransform_float_3_3
Parameters: 1 -0.000437699 -0.000118227 0.000437554 0.999999 -0.000611225 0.000118762 0.000611121 1 0.0171239 -0.044883 0.0746966
FixedParameters: 0 0 0

#Transform 32
Transform: AffineTransform_float_3_3
Parameters: 1 0.00027844 -0.000147883 -0.00027852 1 -0.000270093 0.000147733 0.000270175 1 0.000917271 -0.0491588 0.0835046
FixedParameters: 0 0 0

#Transform 33
Transform: AffineTransform_float_3_3
Parameters: 1 -0.000374 -5.62915e-05 0.000374004 1 3.2227e-05 5.62674e-05 -3.22691e-05 1 0.0121814 -0.0385835 0.0748526
FixedParameters: 0 0 0

#Transform 34
Transform: AffineTransform_float_3_3
Parameters: 1 0.000248656 -0.000168634 -0.000248667 1 -3.28024e-05 0.000168618 3.28863e-05 1 0.0021945 -0.0628625 0.0859355
FixedParameters: 0 0 0

#Transform 35
Transform: AffineTransform_float_3_3
Parameters: 1 -0.000484778 -0.000249303 0.000484928 1 0.000302422 0.00024901 -0.000302664 1 0.0118961 -0.0416763 0.070913
FixedParameters: 0 0 0

#Transform 36
Transform: AffineTransform_float_3_3
Parameters: 1 0.000222435 -0.000134048 -0.000222374 1 0.000228565 0.00013415 -0.000228506 1 0.0066141 -0.044029 0.0629896
FixedParameters: 0 0 0

#Transform 37
Transform: AffineTransform_float_3_3
Parameters: 1 0.00040043 -0.000248948 -0.000400827 1 0.000260014 0.000248306 -0.000259793 1 0.00899874 -0.0480493 0.0565816
FixedParameters: 0 0 0

#Transform 38
Transform: AffineTransform_float_3_3
Parameters: 1 0.000382333 -0.000363529 -0.000382141 1 0.000264204 0.000363731 -0.000263926 1 0.0131563 -0.0580987 0.0583993
FixedParameters: 0 0 0

#Transform 39
Transform: AffineTransform_float_3_3
Parameters: 1 0.0004035 -0.000382525 -0.000403297 1 0.000264562 0.000382738 -0.000264253 1 0.0139453 -0.0567725 0.0680167
FixedParameters: 0 0 0

#Transform 40
Transform: AffineTransform_float_3_3
Parameters: 1 0.000265874 -0.000207882 -0.000265765 1 0.000260498 0.00020802 -0.000260387 1 0.0108983 -0.0413951 0.0679296
FixedParameters: 0 0 0

#Transform 41
Transform: AffineTransform_float_3_3
Parameters: 1 0.000312928 -0.000221782 -0.000312837 1 0.000205276 0.00022191 -0.000205137 1 0.0109865 -0.0390893 0.070041
FixedParameters: 0 0 0

#Transform 42
Transform: AffineTransform_float_3_3
Parameters: 1 -0.000195963 1.56729e-05 0.000195958 1 0.000140353 -1.57279e-05 -0.000140347 1 0.0114664 -0.0376595 0.0788251
FixedParameters: 0 0 0

#Transform 43
Transform: AffineTransform_float_3_3
Parameters: 1 -0.000170925 -4.14155e-05 0.000170931 1 7.68789e-05 4.13892e-05 -7.6893e-05 1 0.00799967 -0.0372643 0.0711498
FixedParameters: 0 0 0

#Transform 44
Transform: AffineTransform_float_3_3
Parameters: 1 -0.000151163 -0.000108145 0.00015122 1 0.000262975 0.000108065 -0.000263008 1 0.0156829 -0.0535144 0.0775752
FixedParameters: 0 0 0

#Transform 45
Transform: AffineTransform_float_3_3
Parameters: 1 0.000280598 -0.000405133 -0.000280448 1 0.00018498 0.000405236 -0.000184752 1 0.0138515 -0.0492204 0.0855781
FixedParameters: 0 0 0

#Transform 46
Transform: AffineTransform_float_3_3
Parameters: 1 0.000285362 -0.000351997 -0.000285239 1 0.000175091 0.000352096 -0.00017489 1 0.00698064 -0.0491107 0.0859133
FixedParameters: 0 0 0

#Transform 47
Transform: AffineTransform_float_3_3
Parameters: 1 0.000138381 -0.000354478 -0.000138306 1 0.000106166 0.000354508 -0.000106068 1 0.00505649 -0.076767 0.101679
FixedParameters: 0 0 0

#Transform 48
Transform: AffineTransform_float_3_3
Parameters: 1 0.000305319 -0.000400449 -0.000305632 1 0.000266527 0.000399762 -0.000266261 1 0.01405 -0.0513723 0.082549
FixedParameters: 0 0 0

#Transform 49
Transform: AffineTransform_float_3_3
Parameters: 1 0.000374353 -0.000420152 -0.000374138 1 0.000256249 0.000420343 -0.000255934 1 0.0160838 -0.0556145 0.0790537
FixedParameters: 0 0 0

#Transform 50
Transform: AffineTransform_float_3_3
Parameters: 1 0.000489117 -0.000419573 -0.00048879 1 0.000389739 0.000419954 -0.000389328 1 0.0165134 -0.0463206 0.0744798
FixedParameters: 0 0 0

#Transform 51
Transform: AffineTransform_float_3_3
Parameters: 1 0.000457996 -0.000444558 -0.00045776 1 0.000264939 0.0004448 -0.000264532 1 0.0154353 -0.0451613 0.0592423
FixedParameters: 0 0 0

#Transform 52
Transform: AffineTransform_float_3_3
Parameters: 1 0.000378204 -0.000369349 -0.000377951 1 0.000342514 0.000369608 -0.000342235 1 0.0132034 -0.0599692 0.0775815
FixedParameters: 0 0 0

#Transform 53
Transform: AffineTransform_float_3_3
Parameters: 1 0.000458698 -0.000448914 -0.000458468 0.999999 0.00028337 0.000449146 -0.000283402 1 0.0150575 -0.0590673 0.06179
FixedParameters: 0 0 0

#Transform 54
Transform: AffineTransform_float_3_3
Parameters: 1 0.000416327 -0.000471451 -0.000415891 0.999999 0.000487868 0.000471829 -0.00048792 1 0.016133 -0.0593555 0.0545744
FixedParameters: 0 0 0

#Transform 55
Transform: AffineTransform_float_3_3
Parameters: 1 0.000557581 -0.000429997 -0.000556855 0.999999 0.000800272 0.000430824 -0.000801131 1 0.014625 -0.0709795 0.0214175
FixedParameters: 0 0 0

#Transform 56
Transform: AffineTransform_float_3_3
Parameters: 1 0.000546169 -0.000393021 -0.000545658 0.999999 0.000649219 0.00039373 -0.00064879 0.999999 0.0140898 -0.0571241 0.0270433
FixedParameters: 0 0 0

#Transform 57
Transform: AffineTransform_float_3_3
Parameters: 1 0.000446692 -0.000460888 -0.000446646 0.999999 0.000621897 0.000460594 -0.000621464 0.999999 0.0171457 -0.0448669 0.0400677
FixedParameters: 0 0 0

#Transform 58
Transform: AffineTransform_float_3_3
Parameters: 0.999999 0.000364273 -0.000582504 -0.000364912 1 0.00063019 0.00058264 -0.000629774 0.999999 0.0201645 -0.0475033 0.0412855
FixedParameters: 0 0 0

#Transform 59
Transform: AffineTransform_float_3_3
Parameters: 0.999999 0.00040256 -0.000604353 -0.000401544 0.999999 0.000808392 0.000604937 -0.000809244 1 0.0202131 -0.0580412 0.0318573
FixedParameters: 0 0 0

#Transform 60
Transform: AffineTransform_float_3_3
Parameters: 0.999999 0.000600075 -0.000552623 -0.000599087 0.999999 0.000858958 0.000553587 -0.000859634 1 0.0141277 -0.0650675 0.00445701
FixedParameters: 0 0 0

#Transform 61
Transform: AffineTransform_float_3_3
Parameters: 0.999999 0.000603999 -0.000546874 -0.000603608 0.999999 0.000803661 0.00054693 -0.000804318 1 0.0217657 -0.0638848 0.00537467
FixedParameters: 0 0 0

#Transform 62
Transform: AffineTransform_float_3_3
Parameters: 0.999999 0.000553908 -0.000485312 -0.000553618 0.999999 0.000802222 0.000485285 -0.000803002 1 0.019239 -0.0580126 0.0149216
FixedParameters: 0 0 0

#Transform 63
Transform: AffineTransform_float_3_3
Parameters: 0.999999 0.000443578 -0.000641097 -0.000443135 1 0.000953357 0.000642439 -0.000952817 1 0.0220231 -0.0639131 0.00981477
FixedParameters: 0 0 0

#Transform 64
Transform: AffineTransform_float_3_3
Parameters: 0.999999 0.000403682 -0.000658937 -0.00040385 1 0.000867994 0.000659276 -0.000868365 0.999999 0.0232385 -0.0595215 -0.00243434
FixedParameters: 0 0 0

#Transform 65
Transform: AffineTransform_float_3_3
Parameters: 0.999999 0.00048653 -0.000711255 -0.000485754 1 0.000871686 0.000711215 -0.000871868 0.999999 0.0204677 -0.0699803 -0.0130785
FixedParameters: 0 0 0

#Transform 66
Transform: AffineTransform_float_3_3
Parameters: 0.999999 0.000616796 -0.000497116 -0.000616431 0.999999 0.000857807 0.000497259 -0.000858511 1 0.013555 -0.0600329 -0.019206
FixedParameters: 0 0 0

#Transform 67
Transform: AffineTransform_float_3_3
Parameters: 0.999999 0.000587135 -0.000638683 -0.000586593 0.999999 0.000807059 0.000638716 -0.000807627 1 0.0222907 -0.0518149 -0.0105728
FixedParameters: 0 0 0

#Transform 68
Transform: AffineTransform_float_3_3
Parameters: 0.999999 0.000442552 -0.00067763 -0.000441558 1 0.00107271 0.0006777 -0.00107209 0.999999 0.0228606 -0.0662512 -0.00163787
FixedParameters: 0 0 0

#Transform 69
Transform: AffineTransform_float_3_3
Parameters: 0.999999 0.00058102 -0.000567945 -0.00058048 1 0.00088448 0.000568085 -0.000884694 0.999999 0.0234105 -0.057493 0.0127795
FixedParameters: 0 0 0

#Transform 70
Transform: AffineTransform_float_3_3
Parameters: 1 0.000499341 -0.000475968 -0.000498644 0.999999 0.00121411 0.000476302 -0.00121361 0.999999 0.0179789 -0.0710377 0.0241821
FixedParameters: 0 0 0

#Transform 71
Transform: AffineTransform_float_3_3
Parameters: 1 0.000477591 -0.000489287 -0.000476776 0.999999 0.00130192 0.000489651 -0.00130144 0.999999 0.0181268 -0.0474294 -0.00469958
FixedParameters: 0 0 0

#Transform 72
Transform: AffineTransform_float_3_3
Parameters: 1 0.000423039 -0.000462144 -0.000422208 0.999998 0.0014211 0.00046244 -0.00142113 0.999999 0.0117529 -0.0600963 -0.00159081
FixedParameters: 0 0 0

#Transform 73
Transform: AffineTransform_float_3_3
Parameters: 0.999999 0.000376287 -0.000634532 -0.000374912 0.999999 0.00144539 0.00063474 -0.00144489 0.999998 0.0148808 -0.0766783 -0.022665
FixedParameters: 0 0 0

#Transform 74
Transform: AffineTransform_float_3_3
Parameters: 0.999999 0.00056986 -0.000684395 -0.000569652 1 0.00110524 0.000685302 -0.00110447 0.999999 0.0281504 -0.072509 -0.0293866
FixedParameters: 0 0 0

#Transform 75
Transform: AffineTransform_float_3_3
Parameters: 0.999999 -0.00050582 -0.000547547 0.000506419 0.999999 0.0012593 0.000546769 -0.00125988 0.999999 0.0366836 -0.0839743 -0.0258818
FixedParameters: 0 0 0

#Transform 76
Transform: AffineTransform_float_3_3
Parameters: 0.999999 0.000571085 -0.000554313 -0.00057089 0.999999 0.00135291 0.000555506 -0.00135228 0.999999 0.0143296 -0.0803615 -0.0364709
FixedParameters: 0 0 0

#Transform 77
Transform: AffineTransform_float_3_3
Parameters: 0.999999 0.000670337 -0.000472396 -0.00066991 0.999999 0.000943001 0.000472772 -0.000943241 0.999999 0.0191692 -0.0743606 0.00731078
FixedParameters: 0 0 0

#Transform 78
Transform: AffineTransform_float_3_3
Parameters: 0.999999 0.000764676 -0.000382703 -0.000764422 0.999999 0.000938595 0.00038325 -0.000938883 0.999999 0.0117769 -0.0621686 -0.00511488
FixedParameters: 0 0 0

#Transform 79
Transform: AffineTransform_float_3_3
Parameters: 0.999999 0.000774355 -0.000389867 -0.000774087 0.999999 0.00093871 0.000390433 -0.000938979 0.999999 0.0192637 -0.0519118 -0.0141993
FixedParameters: 0 0 0

#Transform 80
Transform: AffineTransform_float_3_3
Parameters: 0.999999 0.000730647 -0.00043501 -0.000730226 0.999999 0.00101038 0.000435608 -0.00100972 1 0.0131862 -0.0573147 -0.0280526
FixedParameters: 0 0 0

#Transform 81
Transform: AffineTransform_float_3_3
Parameters: 0.999999 0.000674449 -0.000391877 -0.00067405 0.999999 0.00109372 0.000392474 -0.00109316 1 0.0117465 -0.0639455 -0.0274803
FixedParameters: 0 0 0

#Transform 82
Transform: AffineTransform_float_3_3
Parameters: 0.999999 0.000693532 -0.000277255 -0.000693377 0.999999 0.0011055 0.00027791 -0.00110509 1 0.0168125 -0.0672703 -0.0179714
FixedParameters: 0 0 0

#Transform 83
Transform: AffineTransform_float_3_3
Parameters: 0.999999 0.000704656 -0.00030207 -0.0007045 0.999999 0.00101814 0.000302627 -0.00101769 1 0.00964805 -0.0762548 -0.0267629
FixedParameters: 0 0 0

#Transform 84
Transform: AffineTransform_float_3_3
Parameters: 1 0.000613696 -0.000312433 -0.000613536 0.999999 0.0010003 0.000312774 -0.00100079 0.999999 0.0158601 -0.062545 -0.0194179
FixedParameters: 0 0 0

#Transform 85
Transform: AffineTransform_float_3_3
Parameters: 0.999999 0.000749118 -0.00049016 -0.000748886 1 0.000710372 0.000490337 -0.000710511 1 0.0139243 -0.0609878 -0.0098066
FixedParameters: 0 0 0

#Transform 86
Transform: AffineTransform_float_3_3
Parameters: 1 0.000760943 -0.000823373 -0.000760854 1 7.25874e-05 0.000823445 -7.26741e-05 1 0.0296195 -0.0416789 -0.0292808
FixedParameters: 0 0 0

#Transform 87
Transform: AffineTransform_float_3_3
Parameters: 1 0.000875499 -0.000642622 -0.000875212 1 0.000228603 0.000643012 -0.000228374 1 0.0272128 -0.0201011 -0.0617146
FixedParameters: 0 0 0

#Transform 88
Transform: AffineTransform_float_3_3
Parameters: 1 0.000850427 -0.000559019 -0.000850303 1 0.000115959 0.000559207 -0.000115904 1 0.0248325 -0.00977483 -0.0761724
FixedParameters: 0 0 0

#Transform 89
Transform: AffineTransform_float_3_3
Parameters: 1 0.000899127 -0.000583211 -0.000899026 1 9.21181e-05 0.000583367 -9.1965e-05 1 0.0260658 -0.0253643 -0.0824666
FixedParameters: 0 0 0

#Transform 90
Transform: AffineTransform_float_3_3
Parameters: 1 0.000810599 -0.000799928 -0.000810444 1 0.000100851 0.000800082 -0.00010045 1 0.0211881 -0.0638578 -0.0671841
FixedParameters: 0 0 0

#Transform 91
Transform: AffineTransform_float_3_3
Parameters: 1 0.000806203 -0.000877458 -0.000806329 0.999999 -0.000837774 0.000876392 0.000837857 0.999999 0.0330674 0.0430827 -0.0779738
FixedParameters: 0 0 0

#Transform 92
Transform: AffineTransform_float_3_3
Parameters: 0.999999 0.000423451 -0.00127329 -0.000423423 1 2.25107e-05 0.00127327 -2.27722e-05 0.999999 0.0125912 -0.0632071 -0.0520017
FixedParameters: 0 0 0

#Transform 93
Transform: AffineTransform_float_3_3
Parameters: 0.999999 -0.000746619 -0.00119747 0.000747334 1 0.000323967 0.00119702 -0.000324861 0.999999 0.0419835 -0.0672155 -0.0657934
FixedParameters: 0 0 0

#Transform 94
Transform: AffineTransform_float_3_3
Parameters: 1 0.000402404 -0.000970081 -0.000402565 1 -4.7493e-05 0.000970071 4.82729e-05 0.999999 0.040739 -0.0488194 -0.0773744
FixedParameters: 0 0 0

#Transform 95
Transform: AffineTransform_float_3_3
Parameters: 0.999999 -0.000593727 -0.000695635 0.00059346 1 -0.000208811 0.000695911 0.00020843 0.999999 0.0371768 -0.0186669 -0.0949115
FixedParameters: 0 0 0

#Transform 96
Transform: AffineTransform_float_3_3
Parameters: 1 -0.000654149 -0.000918688 0.000654439 1 -0.000269886 0.000918554 0.000269609 1 0.0492463 -0.0239398 -0.0911544
FixedParameters: 0 0 0

#Transform 97
Transform: AffineTransform_float_3_3
Parameters: 1 -0.00036373 -0.00106263 0.000364193 0.999999 0.000656955 0.00106269 -0.000657308 1 0.0517406 -0.108969 -0.0846878
FixedParameters: 0 0 0

#Transform 98
Transform: AffineTransform_float_3_3
Parameters: 1 0.000368221 -0.00100687 -0.000368151 0.999999 8.05876e-05 0.00100693 -8.02911e-05 0.999999 0.042934 0.0678468 -0.126699
FixedParameters: 0 0 0

#Transform 99
Transform: AffineTransform_float_3_3
Parameters: 0.999999 0.000464621 -0.000845564 -0.000464243 1 -8.76157e-05 0.000846332 8.83801e-05 0.999999 0.0459731 0.0537794 -0.145073
FixedParameters: 0 0 0

#Transform 100
Transform: AffineTransform_float_3_3
Parameters: 1 0.000469484 -0.00102108 -0.000469758 0.999999 0.000168793 0.00102039 -0.000168258 0.999999 0.0482946 0.0441775 -0.131747
FixedParameters: 0 0 0

#Transform 101
Transform: AffineTransform_float_3_3
Parameters: 1 -0.000495936 -0.000915975 0.000496079 1 0.000574461 0.000915969 -0.000574505 1 0.0591752 0.0322441 -0.110124
FixedParameters: 0 0 0

#Transform 102
Transform: AffineTransform_float_3_3
Parameters: 1 -0.000199281 -0.000535816 0.000200361 0.999998 0.00173049 0.000535632 -0.00172984 0.999998 0.0509124 -0.0442265 -0.0884687
FixedParameters: 0 0 0

#Transform 103
Transform: AffineTransform_float_3_3
Parameters: 1 -0.000421563 -0.000374858 0.000422251 0.999998 0.00186978 0.00037375 -0.00187012 0.999998 0.0484819 -0.0823054 -0.0843705
FixedParameters: 0 0 0

#Transform 104
Transform: AffineTransform_float_3_3
Parameters: 0.999999 -0.000363515 -0.000726974 0.000365406 0.999999 0.00179074 0.000726137 -0.00179129 0.999998 0.059237 -0.079116 -0.0871125
FixedParameters: 0 0 0

#Transform 105
Transform: AffineTransform_float_3_3
Parameters: 1 -0.000318026 -0.000464959 0.000318722 0.999998 0.00158819 0.000464445 -0.00158851 0.999998 0.0505125 -0.0734647 -0.0837136
FixedParameters: 0 0 0

#Transform 106
Transform: AffineTransform_float_3_3
Parameters: 0.999999 -0.000395541 -0.000704351 0.000397033 0.999999 0.00160973 0.000703583 -0.00160942 0.999999 0.057043 -0.0746357 -0.0662046
FixedParameters: 0 0 0

#Transform 107
Transform: AffineTransform_float_3_3
Parameters: 1 0.00066219 -0.000910151 -0.000660497 0.999999 0.00123217 0.000910903 -0.00123139 0.999999 0.0450954 -0.0217856 -0.0911523
FixedParameters: 0 0 0

#Transform 108
Transform: AffineTransform_float_3_3
Parameters: 1 0.000526675 -0.00085933 -0.000525884 1 0.000477249 0.000859795 -0.000477684 1 0.0439393 0.0149512 -0.122152
FixedParameters: 0 0 0

#Transform 109
Transform: AffineTransform_float_3_3
Parameters: 1 -0.000334521 -0.000620641 0.000334818 1 0.000239743 0.00062048 -0.000240159 1 0.0431212 0.0204469 -0.139773
FixedParameters: 0 0 0

#Transform 110
Transform: AffineTransform_float_3_3
Parameters: 0.999999 -0.000217258 -0.000704286 0.000217392 1 9.48677e-05 0.000704244 -9.51739e-05 0.999999 0.0531921 0.0269655 -0.132448
FixedParameters: 0 0 0

#Transform 111
Transform: AffineTransform_float_3_3
Parameters: 0.999999 0.000397646 -0.000651384 -0.000397457 1 0.000144778 0.000651498 -0.00014426 1 0.0406339 0.0132194 -0.123956
FixedParameters: 0 0 0

#Transform 112
Transform: AffineTransform_float_3_3
Parameters: 1 -0.000192112 -0.00064374 0.000192117 1 3.42575e-06 0.000643738 -3.6731e-06 1 0.0538345 0.000496916 -0.114178
FixedParameters: 0 0 0

#Transform 113
Transform: AffineTransform_float_3_3
Parameters: 0.999999 0.00111561 -0.000857371 -0.00111544 0.999999 -0.000697791 0.000856126 0.000698816 0.999999 0.0525376 0.00712585 -0.115669
FixedParameters: 0 0 0

#Transform 114
Transform: AffineTransform_float_3_3
Parameters: 0.999999 0.00115002 -0.000784734 -0.00115002 0.999999 -0.000331542 0.00078481 0.00033243 1 0.0495629 0.0435028 -0.163136
FixedParameters: 0 0 0

#Transform 115
Transform: AffineTransform_float_3_3
Parameters: 0.999998 0.00165894 -0.000899896 -0.00166113 0.999998 -0.00136652 0.000897533 0.00136764 0.999999 0.0493726 0.0466015 -0.119731
FixedParameters: 0 0 0

#Transform 116
Transform: AffineTransform_float_3_3
Parameters: 0.999998 0.00144973 -0.000760349 -0.00144938 0.999999 0.000213681 0.000760984 -0.000211928 0.999999 0.0344149 -0.00247335 -0.175737
FixedParameters: 0 0 0

#Transform 117
Transform: AffineTransform_float_3_3
Parameters: 0.999999 0.000746939 -0.00101097 -0.000747183 1 -0.000105855 0.00101077 0.000106026 1 0.0766832 0.098304 -0.231263
FixedParameters: 0 0 0

#Transform 118
Transform: AffineTransform_float_3_3
Parameters: 1 0.000774587 -0.000861364 -0.000775002 1 -0.00022349 0.00086098 0.000223484 1 0.0637355 0.0562646 -0.263306
FixedParameters: 0 0 0

#Transform 119
Transform: AffineTransform_float_3_3
Parameters: 1 0.00075743 -0.000813088 -0.000757887 0.999999 -0.000224486 0.000812748 0.000225273 1 0.0682109 0.0741995 -0.27888
FixedParameters: 0 0 0

#Transform 120
Transform: AffineTransform_float_3_3
Parameters: 1 0.000678918 -0.00073189 -0.000678839 1 5.82363e-05 0.00073196 -5.81383e-05 1 0.0610525 0.0581914 -0.283906
FixedParameters: 0 0 0

#Transform 121
Transform: AffineTransform_float_3_3
Parameters: 0.999999 0.000589569 -0.000783227 -0.000589801 1 -0.000147486 0.000783052 0.00014841 0.999999 0.0616504 0.0631374 -0.291986
FixedParameters: 0 0 0

#Transform 122
Transform: AffineTransform_float_3_3
Parameters: 0.999999 0.00013535 -0.00069812 -0.000135332 1 1.28359e-05 0.000698123 -1.26469e-05 1 0.0636375 0.053542 -0.311533
FixedParameters: 0 0 0

#Transform 123
Transform: AffineTransform_float_3_3
Parameters: 0.999999 -5.38783e-05 -0.000926657 5.3571e-05 1 0.000291307 0.000927152 -0.000291436 0.999999 0.0753098 0.0526737 -0.341568
FixedParameters: 0 0 0

#Transform 124
Transform: AffineTransform_float_3_3
Parameters: 1 -7.99963e-05 -0.000986291 8.02542e-05 0.999999 0.000444056 0.000985371 -0.000444638 0.999999 0.0778067 0.0615684 -0.354729
FixedParameters: 0 0 0

#Transform 125
Transform: AffineTransform_float_3_3
Parameters: 1 -0.00033098 -0.000589635 0.00033026 1 0.000107554 0.000590089 -0.000107974 1 0.0529381 -0.00337832 -0.215649
FixedParameters: 0 0 0

#Transform 126
Transform: AffineTransform_float_3_3
Parameters: 0.999999 0.000524732 -0.000784153 -0.000523549 1 0.000714577 0.000784864 -0.000714649 0.999999 0.0534072 -0.0260668 -0.19912
FixedParameters: 0 0 0

#Transform 127
Transform: AffineTransform_float_3_3
Parameters: 1 -6.04441e-05 -0.000616756 6.03867e-05 1 0.000640147 0.000617205 -0.000640252 0.999999 0.0517136 0.121075 -0.312816
FixedParameters: 0 0 0

#Transform 128
Transform: AffineTransform_float_3_3
Parameters: 0.999999 0.000169741 -0.000711592 -0.000169836 1 -4.99363e-05 0.000711547 4.97338e-05 1 0.0587499 0.085127 -0.317128
FixedParameters: 0 0 0

#Transform 129
Transform: AffineTransform_float_3_3
Parameters: 0.999999 0.00050341 -0.000926885 -0.000503814 1 -0.000238622 0.000926579 0.000238216 1 0.0630348 0.044531 -0.276767
FixedParameters: 0 0 0

#Transform 130
Transform: AffineTransform_float_3_3
Parameters: 1 0.000491424 -0.000925517 -0.000491991 1 -0.000269361 0.000925281 0.00027027 0.999999 0.0626154 0.0338516 -0.274044
FixedParameters: 0 0 0

#Transform 131
Transform: AffineTransform_float_3_3
Parameters: 0.999999 0.000466142 -0.000873068 -0.000466251 0.999999 -4.83932e-05 0.000872995 4.87632e-05 1 0.0587699 0.017915 -0.27529
FixedParameters: 0 0 0

#Transform 132
Transform: AffineTransform_float_3_3
Parameters: 1 0.000489935 -0.00100644 -0.000489924 1 3.96582e-05 0.00100651 -3.86729e-05 0.999999 0.0630849 -0.00153521 -0.262988
FixedParameters: 0 0 0

#Transform 133
Transform: AffineTransform_float_3_3
Parameters: 1 0.000688149 -0.000921799 -0.000688206 1 -0.000300292 0.000922197 0.0003002 1 0.0661336 -0.0123193 -0.154008
FixedParameters: 0 0 0

#Transform 134
Transform: AffineTransform_float_3_3
Parameters: 1 0.000769951 -0.000903912 -0.000769881 1 5.52456e-05 0.000903959 -5.51935e-05 1 0.0662325 0.0546175 -0.149392
FixedParameters: 0 0 0

#Transform 135
Transform: AffineTransform_float_3_3
Parameters: 0.999999 0.000862063 -0.00120561 -0.000862146 1 0.000196598 0.00120507 -0.000195838 0.999999 0.0724726 0.0331573 -0.193394
FixedParameters: 0 0 0

#Transform 136
Transform: AffineTransform_float_3_3
Parameters: 0.999999 0.000914019 -0.00111536 -0.000912715 0.999999 0.00083424 0.001116 -0.00083352 0.999999 0.0618217 0.0478792 -0.226362
FixedParameters: 0 0 0

#Transform 137
Transform: AffineTransform_float_3_3
Parameters: 0.999999 0.000972479 -0.00115776 -0.000971024 0.999999 0.000641822 0.00115897 -0.00064091 0.999999 0.0641379 0.121294 -0.225092
FixedParameters: 0 0 0

#Transform 138
Transform: AffineTransform_float_3_3
Parameters: 0.999999 0.000863715 -0.00103101 -0.000862847 1 0.000679577 0.00103132 -0.000678672 0.999999 0.0584723 0.10139 -0.233244
FixedParameters: 0 0 0

#Transform 139
Transform: AffineTransform_float_3_3
Parameters: 0.999999 0.00118338 -0.0012957 -0.00118257 0.999999 0.000847317 0.00129736 -0.00084605 0.999998 0.0632857 0.0812673 -0.222241
FixedParameters: 0 0 0

#Transform 140
Transform: AffineTransform_float_3_3
Parameters: 0.999999 0.00121158 -0.0013102 -0.00121108 0.999999 0.000729654 0.0013116 -0.000728722 0.999999 0.0641761 0.0585116 -0.222257
FixedParameters: 0 0 0

#Transform 141
Transform: AffineTransform_float_3_3
Parameters: 0.999999 0.00117945 -0.00129906 -0.00117837 0.999999 0.000955291 0.00130095 -0.000953574 0.999999 0.0641138 0.0302632 -0.22737
FixedParameters: 0 0 0

#Transform 142
Transform: AffineTransform_float_3_3
Parameters: 0.999998 0.00138863 -0.0014284 -0.00138545 0.999997 0.00192642 0.00143162 -0.00192465 0.999997 0.0610126 -0.00294584 -0.210026
FixedParameters: 0 0 0

#Transform 143
Transform: AffineTransform_float_3_3
Parameters: 0.999998 0.0013594 -0.00136287 -0.00135742 0.999998 0.0014121 0.00136545 -0.00141062 0.999998 0.065424 -0.000643554 -0.209855
FixedParameters: 0 0 0

#Transform 144
Transform: AffineTransform_float_3_3
Parameters: 0.999999 0.0011565 -0.00134148 -0.00115389 0.999998 0.00137338 0.00134291 -0.00137158 0.999998 0.0665222 0.0118078 -0.215903
FixedParameters: 0 0 0

#Transform 145
Transform: AffineTransform_float_3_3
Parameters: 0.999998 0.00108305 -0.00121581 -0.00108044 0.999998 0.00148373 0.00121728 -0.00148195 0.999998 0.0631423 0.0219006 -0.23621
FixedParameters: 0 0 0

#Transform 146
Transform: AffineTransform_float_3_3
Parameters: 0.999998 0.00190236 -0.000871674 -0.0019025 0.999997 -0.00067625 0.000870778 0.000677731 0.999999 0.0658954 -0.0177153 -0.131249
FixedParameters: 0 0 0

#Transform 147
Transform: AffineTransform_float_3_3
Parameters: 0.999998 0.00196471 -0.000270846 -0.0019648 0.999997 -0.00173052 0.000267136 0.00173148 0.999998 0.00791956 -0.0359957 -0.0330316
FixedParameters: 0 0 0

#Transform 148
Transform: AffineTransform_float_3_3
Parameters: 0.999998 0.00173826 -0.00141469 -0.00173821 0.999999 0.00022077 0.00141455 -0.000218962 0.999999 0.048191 0.0175982 -0.135278
FixedParameters: 0 0 0

#Transform 149
Transform: AffineTransform_float_3_3
Parameters: 0.999997 0.00152561 -0.00219224 -0.00151713 0.999991 0.0039027 0.00219882 -0.00389909 0.99999 0.0977056 0.00516844 -0.144843
FixedParameters: 0 0 0

#Transform 150
Transform: AffineTransform_float_3_3
Parameters: 0.999997 0.00154157 -0.00179652 -0.00153667 0.999994 0.00281843 0.00180013 -0.00281548 0.999994 0.0789384 0.0362315 -0.183215
FixedParameters: 0 0 0

#Transform 151
Transform: AffineTransform_float_3_3
Parameters: 0.999997 0.00138155 -0.00168496 -0.001377 0.999994 0.00297402 0.00168946 -0.00297111 0.999994 0.0787444 0.0393734 -0.213391
FixedParameters: 0 0 0

#Transform 152
Transform: AffineTransform_float_3_3
Parameters: 0.999998 0.0013729 -0.00169631 -0.0013673 0.999994 0.00325546 0.00170156 -0.00325211 0.999993 0.0821986 0.0207987 -0.212104
FixedParameters: 0 0 0

#Transform 153
Transform: AffineTransform_float_3_3
Parameters: 0.999997 0.00130104 -0.00170177 -0.00129513 0.999993 0.00332588 0.00170668 -0.00332319 0.999993 0.0810389 0.0187069 -0.211891
FixedParameters: 0 0 0

#Transform 154
Transform: AffineTransform_float_3_3
Parameters: 0.999998 0.00135075 -0.00172959 -0.00134495 0.999993 0.00354439 0.00173372 -0.00354142 0.999993 0.0799811 -0.00264362 -0.206226
FixedParameters: 0 0 0

#Transform 155
Transform: AffineTransform_float_3_3
Parameters: 0.999997 0.00127598 -0.00166479 -0.00126937 0.999991 0.00388329 0.00166919 -0.00388074 0.999991 0.0784152 -0.00849701 -0.201878
FixedParameters: 0 0 0

#Transform 156
Transform: AffineTransform_float_3_3
Parameters: 0.999998 0.00136995 -0.0016985 -0.00136442 0.999992 0.0035316 0.00170272 -0.00352954 0.999992 0.0814506 -0.00190795 -0.208138
FixedParameters: 0 0 0

#Transform 157
Transform: AffineTransform_float_3_3
Parameters: 0.999998 0.00135162 -0.00172828 -0.00134534 0.999992 0.00353288 0.00173322 -0.00353083 0.999992 0.0823302 0.011755 -0.222367
FixedParameters: 0 0 0

#Transform 158
Transform: AffineTransform_float_3_3
Parameters: 0.999997 0.00135809 -0.00171656 -0.00135181 0.999992 0.00367249 0.00172102 -0.00367042 0.999992 0.0820337 0.020564 -0.226961
FixedParameters: 0 0 0

#Transform 159
Transform: AffineTransform_float_3_3
Parameters: 0.999998 0.00123596 -0.00166063 -0.00123007 0.999993 0.00353211 0.00166476 -0.00352928 0.999992 0.083046 0.0403103 -0.244795
FixedParameters: 0 0 0

#Transform 160
Transform: AffineTransform_float_3_3
Parameters: 0.999997 0.00134756 -0.00160141 -0.0013421 0.999993 0.00352818 0.00160631 -0.00352603 0.999992 0.0817358 0.0388642 -0.255988
FixedParameters: 0 0 0

#Transform 161
Transform: AffineTransform_float_3_3
Parameters: 0.999998 0.00125243 -0.00152375 -0.00124712 0.999992 0.00366646 0.00152831 -0.00366437 0.999992 0.0706565 0.0278105 -0.209303
FixedParameters: 0 0 0

#Transform 162
Transform: AffineTransform_float_3_3
Parameters: 0.999997 0.00140188 -0.00164584 -0.00139628 0.999993 0.00362341 0.00165049 -0.00362139 0.999993 0.067993 0.0281035 -0.208806
FixedParameters: 0 0 0

#Transform 163
Transform: AffineTransform_float_3_3
Parameters: 0.999997 0.00144507 -0.00157639 -0.00143978 0.999992 0.00353836 0.00158198 -0.00353642 0.999992 0.066289 0.00690402 -0.2277
FixedParameters: 0 0 0

#Transform 164
Transform: AffineTransform_float_3_3
Parameters: 0.999998 0.00126274 -0.00148303 -0.00125812 0.999993 0.00337969 0.00148782 -0.00337769 0.999994 0.0676978 0.017627 -0.259575
FixedParameters: 0 0 0

#Transform 165
Transform: AffineTransform_float_3_3
Parameters: 0.999998 0.00112551 -0.00146952 -0.00112102 0.999993 0.00336895 0.00147336 -0.00336738 0.999994 0.0634257 0.0221831 -0.274945
FixedParameters: 0 0 0

#Transform 166
Transform: AffineTransform_float_3_3
Parameters: 0.999998 0.00120201 -0.00143425 -0.0011966 0.999992 0.00363394 0.00143784 -0.00363218 0.999993 0.066764 0.00846874 -0.252823
FixedParameters: 0 0 0

#Transform 167
Transform: AffineTransform_float_3_3
Parameters: 0.999999 0.00111034 -0.0014291 -0.00110541 0.999993 0.00359089 0.0014333 -0.00358946 0.999993 0.0683691 0.0182398 -0.287628
FixedParameters: 0 0 0

#Transform 168
Transform: AffineTransform_float_3_3
Parameters: 0.999998 0.00101529 -0.00124405 -0.00101138 0.999994 0.00318607 0.00124713 -0.00318483 0.999994 0.0649638 0.0385812 -0.293136
FixedParameters: 0 0 0

#Transform 169
Transform: AffineTransform_float_3_3
Parameters: 0.999998 0.00142983 -0.00147396 -0.00142592 0.999995 0.00289019 0.00147801 -0.00288814 0.999994 0.0599026 0.0178499 -0.174376
FixedParameters: 0 0 0

#Transform 170
Transform: AffineTransform_float_3_3
Parameters: 0.999998 0.0011662 -0.00151057 -0.00116269 0.999996 0.00253855 0.00151315 -0.00253722 0.999995 0.0641488 0.0556968 -0.216867
FixedParameters: 0 0 0

#Transform 171
Transform: AffineTransform_float_3_3
Parameters: 0.999998 0.00120015 -0.00152844 -0.00119534 0.999995 0.00307959 0.00153162 -0.00307719 0.999994 0.0636968 0.0218581 -0.206222
FixedParameters: 0 0 0

#Transform 172
Transform: AffineTransform_float_3_3
Parameters: 0.999999 0.00115868 -0.00136756 -0.00115443 0.999994 0.00321412 0.00137076 -0.00321312 0.999994 0.0609705 0.0404719 -0.214384
FixedParameters: 0 0 0

#Transform 173
Transform: AffineTransform_float_3_3
Parameters: 0.999998 0.00121962 -0.00141895 -0.00121495 0.999994 0.00324617 0.00142261 -0.00324488 0.999993 0.062227 0.0311295 -0.217687
FixedParameters: 0 0 0

#Transform 174
Transform: AffineTransform_float_3_3
Parameters: 0.999999 0.0011178 -0.00141302 -0.00111273 0.999995 0.00321124 0.0014168 -0.00321027 0.999994 0.0615521 0.0266269 -0.231361
FixedParameters: 0 0 0

#Transform 175
Transform: AffineTransform_float_3_3
Parameters: 0.999999 0.00104381 -0.00145187 -0.00103894 0.999993 0.0035322 0.00145552 -0.00353047 0.999992 0.0619932 0.0196668 -0.23915
FixedParameters: 0 0 0

#Transform 176
Transform: AffineTransform_float_3_3
Parameters: 0.999999 0.0012023 -0.0013285 -0.00119756 0.999993 0.00366397 0.00133219 -0.00366202 0.999992 0.0599148 0.0046239 -0.244074
FixedParameters: 0 0 0

#Transform 177
Transform: AffineTransform_float_3_3
Parameters: 0.999999 0.00105418 -0.00129383 -0.00104979 0.999992 0.00392582 0.00129749 -0.00392437 0.999992 0.0583178 -0.00626255 -0.255831
FixedParameters: 0 0 0

#Transform 178
Transform: AffineTransform_float_3_3
Parameters: 0.999999 0.00113197 -0.00134443 -0.00112707 0.999991 0.00396963 0.00134879 -0.00396787 0.999991 0.0596741 -0.00698674 -0.245534
FixedParameters: 0 0 0

#Transform 179
Transform: AffineTransform_float_3_3
Parameters: 0.999999 0.000931433 -0.00116452 -0.00092635 0.99999 0.00437166 0.00116884 -0.00436989 0.99999 0.0545575 -0.0148387 -0.239597
FixedParameters: 0 0 0

#Transform 180
Transform: AffineTransform_float_3_3
Parameters: 0.999999 0.00094327 -0.00114717 -0.000938339 0.99999 0.0043709 0.00115159 -0.00436914 0.99999 0.0512136 0.00183879 -0.240195
FixedParameters: 0 0 0

#Transform 181
Transform: AffineTransform_float_3_3
Parameters: 0.999999 0.000933895 -0.00116735 -0.000929049 0.99999 0.0042622 0.00117148 -0.00426132 0.99999 0.0568062 0.0279554 -0.284485
FixedParameters: 0 0 0

#Transform 182
Transform: AffineTransform_float_3_3
Parameters: 0.999999 0.000827673 -0.00124539 -0.000822899 0.999992 0.0039961 0.0012482 -0.00399533 0.999991 0.0626595 0.0443197 -0.319566
FixedParameters: 0 0 0

#Transform 183
Transform: AffineTransform_float_3_3
Parameters: 0.999999 0.000683016 -0.00111727 -0.000678599 0.999992 0.00405857 0.00111986 -0.00405836 0.999991 0.0599171 0.0303626 -0.332919
FixedParameters: 0 0 0

#Transform 184
Transform: AffineTransform_float_3_3
Parameters: 0.999999 0.000746342 -0.00109651 -0.000741624 0.999991 0.00424016 0.00109986 -0.00423984 0.999991 0.0532946 -0.0188228 -0.334676
FixedParameters: 0 0 0

#Transform 185
Transform: AffineTransform_float_3_3
Parameters: 0.999999 0.00105136 -0.000867291 -0.00104796 0.999993 0.00370281 0.000871107 -0.00370225 0.999993 0.0501795 0.0144888 -0.281727
FixedParameters: 0 0 0

#Transform 186
Transform: AffineTransform_float_3_3
Parameters: 0.999999 0.000886821 -0.000831416 -0.000882189 0.999986 0.00517878 0.000836126 -0.00517856 0.999986 0.0657574 -8.08466e-05 -0.245162
FixedParameters: 0 0 0

#Transform 187
Transform: AffineTransform_float_3_3
Parameters: 0.999999 0.000932707 0.000336105 -0.000934959 0.999983 0.00565402 -0.000330974 -0.00565445 0.999984 0.00672041 -0.0638629 -0.277249
FixedParameters: 0 0 0

#Transform 188
Transform: AffineTransform_float_3_3
Parameters: 1 0.00118905 -9.12481e-05 -0.00118891 0.99999 0.00422686 9.71111e-05 -0.00422741 0.999991 0.0224522 -0.0356542 -0.133267
FixedParameters: 0 0 0

#Transform 189
Transform: AffineTransform_float_3_3
Parameters: 1 0.00108075 -0.000199003 -0.00108004 0.999989 0.00453737 0.000203741 -0.00453768 0.99999 0.0268837 -0.0601291 -0.1338
FixedParameters: 0 0 0
