#Insight Transform File V1.0
#Transform 0
Transform: AffineTransform_float_3_3
Parameters: 1 -0.000201019 0.000121033 0.000201138 1 -0.000492137 -0.000120835 0.000492185 1 0.012421 0.0692464 0.101765
FixedParameters: 0 0 0

#Transform 1
Transform: AffineTransform_float_3_3
Parameters: 1 -0.00026265 0.000125369 0.000263014 0.999999 -0.0014832 -0.000124711 0.00148326 0.999999 0.0157672 0.0191445 -0.00133422
FixedParameters: 0 0 0

#Transform 2
Transform: AffineTransform_float_3_3
Parameters: 1 -4.65944e-05 0.000213929 4.6985e-05 0.999999 -0.000913083 -0.000213844 0.000913103 0.999999 0.018702 0.0506802 0.00372765
FixedParameters: 0 0 0

#Transform 3
Transform: AffineTransform_float_3_3
Parameters: 1 -0.000150563 9.75457e-05 0.0001506 1 -0.00019176 -9.74879e-05 0.00019179 1 0.0105653 0.0580097 0.0701828
FixedParameters: 0 0 0

#Transform 4
Transform: AffineTransform_float_3_3
Parameters: 1 -0.000156559 7.64587e-05 0.000156687 0.999999 -0.000837689 -7.61963e-05 0.000837713 0.999999 0.0199772 -0.00378046 0.0314093
FixedParameters: 0 0 0

#Transform 5
Transform: AffineTransform_float_3_3
Parameters: 1 -5.03284e-05 3.33913e-05 5.03314e-05 1 -4.3874e-05 -3.33869e-05 4.38773e-05 1 0.016436 0.0621222 0.0422481
FixedParameters: 0 0 0

#Transform 6
Transform: AffineTransform_float_3_3
Parameters: 1 -3.42334e-05 0.000132205 3.43586e-05 1 -0.000473315 -0.000132173 0.000473324 1 0.0207162 0.0443546 0.0107431
FixedParameters: 0 0 0

#Transform 7
Transform: AffineTransform_float_3_3
Parameters: 1 -4.99798e-05 3.07474e-05 4.99863e-05 1 -0.00010502 -3.07369e-05 0.000105024 1 0.00965893 0.0854615 0.0259897
FixedParameters: 0 0 0

#Transform 8
Transform: AffineTransform_float_3_3
Parameters: 1 -1.28866e-05 7.4996e-07 1.28869e-05 1 -0.000209603 -7.44557e-07 0.000209603 1 0.011557 0.00557339 0.074602
FixedParameters: 0 0 0

#Transform 9
Transform: AffineTransform_float_3_3
Parameters: 1 -8.82316e-05 4.50815e-05 8.82695e-05 1 -0.000420215 -4.50073e-05 0.000420223 1 0.0145091 0.0797179 -0.000448145
FixedParameters: 0 0 0

#Transform 10
Transform: AffineTransform_float_3_3
Parameters: 1 -8.63837e-05 -0.000110969 8.63537e-05 1 -0.00013536 0.000110992 0.000135341 1 0.00413431 0.0827827 0.0272454
FixedParameters: 0 0 0

#Transform 11
Transform: AffineTransform_float_3_3
Parameters: 1 -0.000110165 -3.10106e-05 0.000110146 1 -0.000292908 3.10751e-05 0.000292901 1 0.00955556 0.0730023 0.00524882
FixedParameters: 0 0 0

#Transform 12
Transform: AffineTransform_float_3_3
Parameters: 1 -0.000103684 4.60107e-05 0.000103746 1 -0.000671737 -4.58714e-05 0.000671747 1 0.00231537 -0.0943034 0.0637999
FixedParameters: 0 0 0

#Transform 13
Transform: AffineTransform_float_3_3
Parameters: 1 -9.32819e-05 -1.0482e-05 9.32774e-05 1 -0.000215722 1.05223e-05 0.00021572 1 0.0046917 0.0860288 -0.0183719
FixedParameters: 0 0 0

#Transform 14
Transform: AffineTransform_float_3_3
Parameters: 1 4.39746e-06 0.00014149 -4.3842e-06 1 -4.68552e-05 -0.00014149 4.68539e-05 1 0.00236478 0.0387026 -0.0583548
FixedParameters: 0 0 0

#Transform 15
Transform: AffineTransform_float_3_3
Parameters: 1 0.000114297 0.000290266 -0.000114838 1 -5.31489e-05 -0.000291092 5.30442e-05 1 0.00720748 0.0153221 -0.0392818
FixedParameters: 0 0 0

#Transform 16
Transform: AffineTransform_float_3_3
Parameters: 1 9.63447e-06 -5.57155e-07 -9.6343e-06 1 0.000156703 5.60174e-07 -0.000156703 1 0.00968271 0.0472715 0.00575873
FixedParameters: 0 0 0

#Transform 17
Transform: AffineTransform_float_3_3
Parameters: 1 -2.82567e-05 -4.78292e-05 2.82645e-05 1 8.17172e-05 4.78246e-05 -8.17199e-05 1 0.00907632 0.040277 0.0130186
FixedParameters: 0 0 0

#Transform 18
Transform: AffineTransform_float_3_3
Parameters: 1 -2.88417e-06 1.67379e-07 2.88419e-06 1 -4.69111e-05 -1.67108e-07 4.69111e-05 1 0.0129973 0.00438021 -0.0456666
FixedParameters: 0 0 0

#Transform 19
Transform: AffineTransform_float_3_3
Parameters: 1 0.000224711 -0.000152223 -0.000224676 1 0.000114921 0.000152274 -0.000114853 1 -0.00249578 -0.00515573 0.0410347
FixedParameters: 0 0 0

#Transform 20
Transform: AffineTransform_float_3_3
Parameters: 1 0.000172088 0.00020331 -0.000172278 1 0.000467005 -0.000203149 -0.000467075 1 0.00156024 -0.00585323 0.0025986
FixedParameters: 0 0 0

#Transform 21
Transform: AffineTransform_float_3_3
Parameters: 1 0.000464785 -1.85905e-05 -0.000464809 1 1.71234e-05 1.86625e-05 -1.67631e-05 1 0.00177717 0.0117179 -0.0455559
FixedParameters: 0 0 0

#Transform 22
Transform: AffineTransform_float_3_3
Parameters: 1 0.000367366 -0.000251891 -0.00036731 1 0.000110864 0.000251972 -0.000110679 1 -0.012625 -0.0013283 0.0385589
FixedParameters: 0 0 0

#Transform 23
Transform: AffineTransform_float_3_3
Parameters: 1 0.000229453 -0.000399263 -0.000228978 1 -0.000430183 0.000398497 0.000430414 1 -0.0125771 -0.0206251 0.0306458
FixedParameters: 0 0 0

#Transform 24
Transform: AffineTransform_float_3_3
Parameters: 1 0.000272385 -0.000436841 -0.000272195 1 -0.000436953 0.000437417 0.000437229 1 -0.0117157 -0.0538308 -0.0259399
FixedParameters: 0 0 0

#Transform 25
Transform: AffineTransform_float_3_3
Parameters: 0.999999 0.000634582 -0.000460526 -0.000634988 0.999999 -0.000441134 0.000459965 0.000441718 1 -0.00656331 -0.0136038 -0.0325174
FixedParameters: 0 0 0

#Transform 26
Transform: AffineTransform_float_3_3
Parameters: 0.999999 0.000614461 -0.000439805 -0.000614703 1 -0.00027553 0.000439466 0.00027607 1 -0.0100505 -0.0217932 -0.00870942
FixedParameters: 0 0 0

#Transform 27
Transform: AffineTransform_float_3_3
Parameters: 1 0.000440543 -0.000526886 -0.000439792 0.999999 -0.000605756 0.000526597 0.000606306 0.999999 -0.0120596 -0.0218739 0.0179427
FixedParameters: 0 0 0

#Transform 28
Transform: AffineTransform_float_3_3
Parameters: 0.999999 0.000668627 -0.000283805 -0.000668387 0.999999 -0.000583929 0.000283837 0.000584346 1 -0.00896589 -0.0152168 -0.0172131
FixedParameters: 0 0 0

#Transform 29
Transform: AffineTransform_float_3_3
Parameters: 0.999999 0.00060142 -0.000439178 -0.000601847 0.999999 -0.000486137 0.000438592 0.000486665 1 -0.00638404 -0.0253684 -0.0333022
FixedParameters: 0 0 0

#Transform 30
Transform: AffineTransform_float_3_3
Parameters: 1 0.000540199 -0.000395659 -0.000540569 0.999999 -0.000467238 0.000395154 0.000467665 1 -0.010343 -0.05167 -0.000416767
FixedParameters: 0 0 0

#Transform 31
Transform: AffineTransform_float_3_3
Parameters: 1 0.000495963 -0.000368428 -0.000496374 0.999999 -0.000558631 0.000367873 0.000558997 1 -0.0108535 -0.0524328 0.00823526
FixedParameters: 0 0 0

#Transform 32
Transform: AffineTransform_float_3_3
Parameters: 0.999999 0.000599375 -0.000434276 -0.000599723 0.999999 -0.000399832 0.000433796 0.000400353 1 -0.00919998 -0.0288868 -0.0220842
FixedParameters: 0 0 0

#Transform 33
Transform: AffineTransform_float_3_3
Parameters: 0.999999 0.000485519 -0.000661446 -0.000485595 0.999999 -7.56435e-05 0.000661317 7.59428e-05 1 -0.0221643 -0.0176593 0.0458687
FixedParameters: 0 0 0

#Transform 34
Transform: AffineTransform_float_3_3
Parameters: 0.999999 0.000563941 -0.000630713 -0.000564455 1 -0.000407281 0.000630253 0.000407992 0.999999 -0.023723 -0.0328487 -0.00732746
FixedParameters: 0 0 0

#Transform 35
Transform: AffineTransform_float_3_3
Parameters: 1 0.000471661 -0.00035922 -0.000472202 0.999999 -0.000752491 0.00035851 0.000752829 0.999999 -0.0153293 -0.0559119 -0.0621195
FixedParameters: 0 0 0

#Transform 36
Transform: AffineTransform_float_3_3
Parameters: 1 0.000517581 -7.81892e-05 -0.000517667 0.999999 -0.000553047 7.76166e-05 0.000553127 1 -0.0239266 -0.0659184 -0.0703333
FixedParameters: 0 0 0

#Transform 37
Transform: AffineTransform_float_3_3
Parameters: 1 0.000524201 -0.000381549 -0.000524502 1 -0.000394079 0.000381136 0.000394479 1 -0.0221019 -0.0409627 -0.0800641
FixedParameters: 0 0 0

#Transform 38
Transform: AffineTransform_float_3_3
Parameters: 1 0.000390724 -0.000292366 -0.000391013 1 -0.000494847 0.000291979 0.000495075 1 -0.0205072 -0.0447436 -0.0668897
FixedParameters: 0 0 0

#Transform 39
Transform: AffineTransform_float_3_3
Parameters: 1 0.000409861 -0.000298132 -0.000410042 1 -0.000304671 0.000297882 0.000304916 1 -0.0203776 -0.041563 -0.0708411
FixedParameters: 0 0 0

#Transform 40
Transform: AffineTransform_float_3_3
Parameters: 1 0.000480502 -0.000345303 -0.000480676 1 -0.000251029 0.000345062 0.000251361 1 -0.0230725 -0.0384387 -0.0630386
FixedParameters: 0 0 0

#Transform 41
Transform: AffineTransform_float_3_3
Parameters: 1 0.000632226 -0.000148845 -0.000632321 0.999999 -0.000317836 0.000148443 0.000318024 1 -0.0227239 -0.0466071 -0.0577975
FixedParameters: 0 0 0

#Transform 42
Transform: AffineTransform_float_3_3
Parameters: 0.999999 0.000723088 -0.000517621 -0.000723424 0.999999 -0.000324464 0.000517151 0.000325212 1 -0.0307794 -0.0505322 -0.0358126
FixedParameters: 0 0 0

#Transform 43
Transform: AffineTransform_float_3_3
Parameters: 0.999999 0.000766722 -0.000542113 -0.000766914 0.999999 -0.000176904 0.000541841 0.000177736 1 -0.0375459 -0.0437758 -0.0269919
FixedParameters: 0 0 0

#Transform 44
Transform: AffineTransform_float_3_3
Parameters: 0.999999 0.000762203 -0.000541907 -0.000762474 0.999999 -0.000249769 0.000541526 0.000250595 1 -0.0328614 -0.0388673 -0.050094
FixedParameters: 0 0 0

#Transform 45
Transform: AffineTransform_float_3_3
Parameters: 1 0.000761774 -0.000541827 -0.000762046 0.999999 -0.000256756 0.000541558 0.000257582 1 -0.0366189 -0.0371564 -0.0542221
FixedParameters: 0 0 0

#Transform 46
Transform: AffineTransform_float_3_3
Parameters: 1 0.000797607 -0.000688968 -0.000797781 1 -0.000169642 0.000688783 0.000169804 1 -0.0359825 -0.041104 -0.0508525
FixedParameters: 0 0 0

#Transform 47
Transform: AffineTransform_float_3_3
Parameters: 0.999999 0.000715748 -0.00062523 -0.000715805 0.999999 -6.4495e-05 0.000625081 6.5047e-05 1 -0.0386543 -0.0406633 -0.051224
FixedParameters: 0 0 0

#Transform 48
Transform: AffineTransform_float_3_3
Parameters: 0.999999 0.000757464 -0.000541709 -0.000757765 1 -0.000327095 0.000541177 0.000326978 1 -0.0321962 -0.0660293 -0.0994643
FixedParameters: 0 0 0

#Transform 49
Transform: AffineTransform_float_3_3
Parameters: 0.999999 0.000709791 -0.000619006 -0.00071007 0.999999 -0.000224754 0.000618686 0.000225632 1 -0.0329573 -0.0266044 -0.0782607
FixedParameters: 0 0 0

#Transform 50
Transform: AffineTransform_float_3_3
Parameters: 0.999999 0.000677483 -0.000681813 -0.000677542 1 -4.26215e-05 0.000681754 4.35453e-05 1 -0.037746 -0.044727 -0.0453583
FixedParameters: 0 0 0

#Transform 51
Transform: AffineTransform_float_3_3
Parameters: 0.999999 0.000769632 -0.000542244 -0.000769773 0.999999 -0.000129992 0.000542043 0.000130826 1 -0.033211 -0.0270885 -0.0669075
FixedParameters: 0 0 0

#Transform 52
Transform: AffineTransform_float_3_3
Parameters: 0.999999 0.000819665 -0.000421957 -0.000820174 1 -0.000667199 0.000420827 0.000666952 1 -0.0305495 -0.0291104 -0.0996176
FixedParameters: 0 0 0

#Transform 53
Transform: AffineTransform_float_3_3
Parameters: 0.999999 0.000851334 -0.000423349 -0.000851465 0.999999 -0.000154685 0.000423085 0.000155406 1 -0.0324313 -0.0137912 -0.0677048
FixedParameters: 0 0 0

#Transform 54
Transform: AffineTransform_float_3_3
Parameters: 0.999999 0.000762698 -0.00054193 -0.000762961 0.999999 -0.000241784 0.00054156 0.00024261 1 -0.0316077 -0.0434682 -0.0677904
FixedParameters: 0 0 0

#Transform 55
Transform: AffineTransform_float_3_3
Parameters: 0.999999 0.000588332 -0.00043214 -0.000588798 0.999999 -0.000538418 0.000431506 0.000538927 1 -0.0201167 -0.0762044 -0.112265
FixedParameters: 0 0 0

#Transform 56
Transform: AffineTransform_float_3_3
Parameters: 1 0.000585255 -0.000788313 -0.000584877 1 -0.00031729 0.000787458 0.000317323 1 -0.0290989 -0.0887701 0.015119
FixedParameters: 0 0 0

#Transform 57
Transform: AffineTransform_float_3_3
Parameters: 1 0.000349426 -0.000973959 -0.000349368 0.999999 1.3788e-05 0.000974034 -1.34499e-05 1 -0.026473 0.0944456 -0.0457922
FixedParameters: 0 0 0

#Transform 58
Transform: AffineTransform_float_3_3
Parameters: 0.999999 0.000763256 -0.000541955 -0.000763508 0.999999 -0.0002328 0.000541599 0.000233628 1 -0.0299787 -0.00840183 -0.0522083
FixedParameters: 0 0 0

#Transform 59
Transform: AffineTransform_float_3_3
Parameters: 0.999999 0.000681769 -0.000507684 -0.000681949 1 -0.000793252 0.000507379 0.000793045 0.999999 -0.024013 -0.0239794 -0.0558947
FixedParameters: 0 0 0

#Transform 60
Transform: AffineTransform_float_3_3
Parameters: 0.999999 0.000536239 -0.000591617 -0.000536654 0.999999 -0.00037108 0.000591162 0.000371371 1 -0.0301562 -0.12368 0.0425414
FixedParameters: 0 0 0

#Transform 61
Transform: AffineTransform_float_3_3
Parameters: 1 0.000602 -0.000987633 -0.000602883 1 -0.000489954 0.000987072 0.000489863 1 -0.028865 0.0327583 -0.00300366
FixedParameters: 0 0 0

#Transform 62
Transform: AffineTransform_float_3_3
Parameters: 0.999999 0.00074923 -0.000541333 -0.000749675 1 -0.000459848 0.000540607 0.000459722 1 -0.0185536 -0.0641009 -0.0760548
FixedParameters: 0 0 0

#Transform 63
Transform: AffineTransform_float_3_3
Parameters: 1 0.000733949 -0.000776973 -0.000733758 1 8.44628e-05 0.000777182 -8.42594e-05 1 -0.0201301 -0.0686023 -0.0242758
FixedParameters: 0 0 0

#Transform 64
Transform: AffineTransform_float_3_3
Parameters: 1 0.000982706 -0.000685796 -0.000982654 1 -5.5486e-06 0.00068587 5.95939e-06 1 -0.018781 -0.0447018 -0.0380498
FixedParameters: 0 0 0

#Transform 65
Transform: AffineTransform_float_3_3
Parameters: 0.999999 0.000759789 -0.000541798 -0.000760102 0.999999 -0.000288696 0.000541358 0.00028952 1 -0.0145169 -0.0464933 -0.0655689
FixedParameters: 0 0 0

#Transform 66
Transform: AffineTransform_float_3_3
Parameters: 0.999999 0.000754059 -0.000541554 -0.000754419 1 -0.000381993 0.000540941 0.000381872 1 -0.0121602 -0.0249648 -0.0631638
FixedParameters: 0 0 0

#Transform 67
Transform: AffineTransform_float_3_3
Parameters: 0.999999 0.000579091 -0.000425822 -0.000579552 0.999999 -0.000541843 0.000425194 0.000542336 1 -0.0128995 -0.123351 -0.0310994
FixedParameters: 0 0 0

#Transform 68
Transform: AffineTransform_float_3_3
Parameters: 0.999999 0.000738123 -0.000806182 -0.000738379 0.999999 -0.000560758 0.000806074 0.000560706 1 -0.0186512 -0.0235801 0.0150817
FixedParameters: 0 0 0

#Transform 69
Transform: AffineTransform_float_3_3
Parameters: 0.999999 0.000707602 -0.000539443 -0.000708256 0.999999 -0.0011301 0.000538533 0.0011309 0.999999 -0.00260441 -0.0335731 -0.0852852
FixedParameters: 0 0 0

#Transform 70
Transform: AffineTransform_float_3_3
Parameters: 1 0.000744344 -0.000541048 -0.000744867 1 -0.000538702 0.000540331 0.00053857 1 -0.0157655 -0.0862426 -0.00625989
FixedParameters: 0 0 0

#Transform 71
Transform: AffineTransform_float_3_3
Parameters: 1 0.000567628 -0.000780709 -0.000567777 0.999999 -0.000674561 0.000779403 0.000674215 1 -0.0150889 0.0140415 -0.0144009
FixedParameters: 0 0 0

#Transform 72
Transform: AffineTransform_float_3_3
Parameters: 0.999999 0.000759603 -0.000541789 -0.00075992 0.999999 -0.000291691 0.000541345 0.000292514 1 -0.00608676 -0.00874688 -0.0659565
FixedParameters: 0 0 0

#Transform 73
Transform: AffineTransform_float_3_3
Parameters: 1 0.000603482 -0.0010469 -0.000603489 1 -3.16555e-05 0.00104694 3.1982e-05 0.999999 -0.0195871 -0.0367678 0.00831749
FixedParameters: 0 0 0

#Transform 74
Transform: AffineTransform_float_3_3
Parameters: 1 0.000742549 -0.000540965 -0.000743103 1 -0.000567648 0.000540207 0.000567514 1 -0.0068069 -0.0152899 -0.0525023
FixedParameters: 0 0 0

#Transform 75
Transform: AffineTransform_float_3_3
Parameters: 1 0.000538715 -0.00105975 -0.000538353 1 -0.000138632 0.00106044 0.000138532 1 -0.0200379 -0.0468955 0.0191954
FixedParameters: 0 0 0

#Transform 76
Transform: AffineTransform_float_3_3
Parameters: 1 0.000730703 -0.000857082 -0.000731142 1 -0.000291296 0.000856742 0.000291611 1 -0.00876711 -0.016781 -0.0368823
FixedParameters: 0 0 0

#Transform 77
Transform: AffineTransform_float_3_3
Parameters: 0.999999 0.000547287 -0.00118621 -0.000546479 1 -0.000280761 0.00118617 0.000280864 0.999999 -0.0198451 -0.0248413 -0.00296434
FixedParameters: 0 0 0

#Transform 78
Transform: AffineTransform_float_3_3
Parameters: 1 0.000346783 -0.00110376 -0.000346604 1 -0.000587027 0.00110363 0.000586598 0.999999 -0.0104965 0.0114106 -0.0258238
FixedParameters: 0 0 0

#Transform 79
Transform: AffineTransform_float_3_3
Parameters: 1 0.00049708 -0.000751575 -0.00049761 1 -0.000357496 0.000751341 0.000358244 0.999999 -0.0113049 -0.0715988 0.0106475
FixedParameters: 0 0 0

#Transform 80
Transform: AffineTransform_float_3_3
Parameters: 0.999999 0.000576118 -0.000592691 -0.00057677 0.999999 -0.000615443 0.000591888 0.000614846 1 -0.00269079 0.0121501 -0.0745744
FixedParameters: 0 0 0

#Transform 81
Transform: AffineTransform_float_3_3
Parameters: 0.999999 0.000570525 -0.000807993 -0.000570191 1 -0.000332487 0.000807008 0.000332519 1 -0.0108021 -0.0968767 -0.00133376
FixedParameters: 0 0 0

#Transform 82
Transform: AffineTransform_float_3_3
Parameters: 0.999999 0.000571968 -0.000599473 -0.000572305 1 -0.00028043 0.000599152 0.000281116 1 -0.00175214 0.0190082 -0.0856907
FixedParameters: 0 0 0

#Transform 83
Transform: AffineTransform_float_3_3
Parameters: 1 0.000505021 -0.000906409 -0.000504699 1 -0.000277248 0.000905682 0.000278212 0.999999 -0.00920304 -0.00640995 -0.0348781
FixedParameters: 0 0 0

#Transform 84
Transform: AffineTransform_float_3_3
Parameters: 0.999999 0.000630438 -0.000532993 -0.000630804 0.999999 -0.000342907 0.00053256 0.000343579 1 -0.00578325 -0.0216249 -0.0711353
FixedParameters: 0 0 0

#Transform 85
Transform: AffineTransform_float_3_3
Parameters: 0.999999 0.000581357 -0.000523898 -0.000581863 0.999999 -0.000483163 0.000523335 0.000483772 0.999999 -0.00346309 -0.0340371 -0.106676
FixedParameters: 0 0 0

#Transform 86
Transform: AffineTransform_float_3_3
Parameters: 0.999999 0.000523234 -0.000483177 -0.00052298 1 -0.00032817 0.000483647 0.000328714 1 -0.00461833 -0.0313596 -0.0861403
FixedParameters: 0 0 0

#Transform 87
Transform: AffineTransform_float_3_3
Parameters: 1 0.000271218 -0.000501834 -0.000270975 1 -0.00113539 0.00050134 0.00113575 0.999999 0.00352667 -0.166001 -0.171852
FixedParameters: 0 0 0

#Transform 88
Transform: AffineTransform_float_3_3
Parameters: 0.999999 0.000217346 -0.000847328 -0.000219418 0.999999 -0.00158668 0.000847289 0.00158615 0.999998 0.00125306 -0.0271444 -0.00268883
FixedParameters: 0 0 0

#Transform 89
Transform: AffineTransform_float_3_3
Parameters: 1 7.82275e-05 -0.000269937 -7.87352e-05 0.999999 -0.000940533 0.000269789 0.000940575 0.999999 0.0206121 0.175263 -0.168723
FixedParameters: 0 0 0

#Transform 90
Transform: AffineTransform_float_3_3
Parameters: 1 -4.23149e-07 -0.000328535 4.95705e-07 1 -0.00112524 0.000327844 0.00112529 1 0.00705439 0.0825521 -0.104872
FixedParameters: 0 0 0

#Transform 91
Transform: AffineTransform_float_3_3
Parameters: 1 2.78425e-05 -0.000314152 -2.86538e-05 0.999999 -0.00128026 0.000313958 0.00128028 0.999999 0.00794404 0.0496799 -0.0770258
FixedParameters: 0 0 0

#Transform 92
Transform: AffineTransform_float_3_3
Parameters: 1 0.000193019 -0.000279999 -0.000192948 1 -0.000987101 0.000280395 0.00098631 0.999999 0.0168386 0.0161584 -0.0981103
FixedParameters: 0 0 0

#Transform 93
Transform: AffineTransform_float_3_3
Parameters: 1 0.000323072 -0.00027189 -0.000323142 1 -0.00116489 0.000271827 0.00116511 1 0.0162281 -0.01528 -0.0812436
FixedParameters: 0 0 0

#Transform 94
Transform: AffineTransform_float_3_3
Parameters: 1 9.49375e-05 -0.000264904 -9.4925e-05 1 -0.00104069 0.000265397 0.00104078 1 0.00812149 -0.174398 -0.030902
FixedParameters: 0 0 0

#Transform 95
Transform: AffineTransform_float_3_3
Parameters: 1 0.000471308 -0.000447169 -0.000472156 1 -0.000941108 0.000446158 0.000941529 1 0.00715825 -0.075167 -0.018044
FixedParameters: 0 0 0

#Transform 96
Transform: AffineTransform_float_3_3
Parameters: 1 9.89627e-05 -0.000249798 -9.95405e-05 1 -0.00114312 0.000249449 0.00114317 1 0.0194199 0.122347 -0.165917
FixedParameters: 0 0 0

#Transform 97
Transform: AffineTransform_float_3_3
Parameters: 1 0.000247445 -0.000219077 -0.000247963 1 -0.00116713 0.000218376 0.00116724 1 0.0160056 0.0379645 -0.128532
FixedParameters: 0 0 0

#Transform 98
Transform: AffineTransform_float_3_3
Parameters: 1 0.000181467 -0.000175783 -0.000181909 0.999999 -0.00123909 0.000175211 0.00123915 0.999999 0.0206137 0.0797101 -0.161788
FixedParameters: 0 0 0

#Transform 99
Transform: AffineTransform_float_3_3
Parameters: 1 0.000137891 -0.000261466 -0.00013858 0.999999 -0.00130484 0.000260982 0.00130492 0.999999 0.0207659 0.0475887 -0.179718
FixedParameters: 0 0 0

#Transform 100
Transform: AffineTransform_float_3_3
Parameters: 1 0.000141 -0.0004922 -0.000141545 0.999998 -0.001952 0.000491648 0.00195222 0.999998 0.0273533 0.0107928 -0.154234
FixedParameters: 0 0 0

#Transform 101
Transform: AffineTransform_float_3_3
Parameters: 1 0.000244762 -0.000302839 -0.000244369 0.999999 -0.00172369 0.000302081 0.00172299 0.999998 0.0240811 -0.0175015 -0.150723
FixedParameters: 0 0 0

#Transform 102
Transform: AffineTransform_float_3_3
Parameters: 1 0.000298938 -0.000255227 -0.000298971 1 -0.00117037 0.000255218 0.00117056 1 0.0264025 -0.0310337 -0.124315
FixedParameters: 0 0 0

#Transform 103
Transform: AffineTransform_float_3_3
Parameters: 1 0.000201674 -0.000186947 -0.000202116 1 -0.00116422 0.000186354 0.00116429 1 0.0278371 -0.0324563 -0.143571
FixedParameters: 0 0 0

#Transform 104
Transform: AffineTransform_float_3_3
Parameters: 1 0.000188658 -0.000364574 -0.000189008 0.999999 -0.00125417 0.000364791 0.00125435 0.999999 0.0172517 -0.110275 -0.101167
FixedParameters: 0 0 0

#Transform 105
Transform: AffineTransform_float_3_3
Parameters: 1 0.000175754 -0.000173879 -0.00017621 0.999999 -0.00129183 0.000173301 0.00129189 0.999999 0.0272786 0.00137776 -0.13556
FixedParameters: 0 0 0

#Transform 106
Transform: AffineTransform_float_3_3
Parameters: 1 0.000111756 -0.000141752 -0.000112219 0.999998 -0.00161141 0.000141268 0.00161144 0.999998 0.0255642 -0.013168 -0.178237
FixedParameters: 0 0 0

#Transform 107
Transform: AffineTransform_float_3_3
Parameters: 1 0.000198515 -0.00018994 -0.000199013 0.999999 -0.00129528 0.000189302 0.00129536 0.999999 0.0214632 -0.00246099 -0.139958
FixedParameters: 0 0 0

#Transform 108
Transform: AffineTransform_float_3_3
Parameters: 1 4.74254e-05 -0.000178684 -4.76109e-05 0.999998 -0.00207645 0.000179055 0.00207651 0.999998 0.0235953 -0.00245851 -0.190704
FixedParameters: 0 0 0

#Transform 109
Transform: AffineTransform_float_3_3
Parameters: 1 0.000171236 -0.000236514 -0.000171779 1 -0.00113447 0.000236002 0.00113455 1 0.021878 0.0360818 -0.174541
FixedParameters: 0 0 0

#Transform 110
Transform: AffineTransform_float_3_3
Parameters: 1 0.000198154 -0.000197846 -0.000198184 0.999999 -0.00150064 0.000197942 0.00150076 0.999999 0.0229296 0.00319403 -0.193339
FixedParameters: 0 0 0

#Transform 111
Transform: AffineTransform_float_3_3
Parameters: 1 0.000211517 -0.000186392 -0.000211828 1 -0.000978932 0.000185941 0.000978073 0.999999 0.0208367 -0.00597686 -0.155506
FixedParameters: 0 0 0

#Transform 112
Transform: AffineTransform_float_3_3
Parameters: 1 0.000202215 -0.000263383 -0.000202704 0.999999 -0.000929063 0.000263006 0.00092917 0.999999 0.0162942 -0.0421312 -0.123362
FixedParameters: 0 0 0

#Transform 113
Transform: AffineTransform_float_3_3
Parameters: 1 0.000141005 -0.000283876 -0.000141459 0.999999 -0.000801151 0.00028365 0.000801231 0.999999 0.0147374 -0.0012942 -0.162312
FixedParameters: 0 0 0

#Transform 114
Transform: AffineTransform_float_3_3
Parameters: 1 4.83179e-05 -0.000192344 -4.80204e-05 0.999999 -0.000710958 0.000193089 0.000711014 1 0.0140579 -0.0615834 -0.148465
FixedParameters: 0 0 0

#Transform 115
Transform: AffineTransform_float_3_3
Parameters: 1 0.000107813 -9.82551e-05 -0.000107927 1 -0.000583061 9.81293e-05 0.000583082 1 0.0180947 0.0191275 -0.159013
FixedParameters: 0 0 0

#Transform 116
Transform: AffineTransform_float_3_3
Parameters: 1 4.91599e-05 -6.64619e-05 -4.92683e-05 0.999999 -0.000815795 6.63816e-05 0.000815802 0.999999 0.0125042 -0.0383052 -0.15867
FixedParameters: 0 0 0

#Transform 117
Transform: AffineTransform_float_3_3
Parameters: 1 0.000189774 -0.000154009 -0.000189941 1 -0.0005452 0.000153802 0.000545258 1 0.0172414 0.016047 -0.142684
FixedParameters: 0 0 0

#Transform 118
Transform: AffineTransform_float_3_3
Parameters: 1 0.000169317 -0.000230995 -0.000169495 1 -0.000384906 0.000230865 0.000384984 1 0.0104665 0.00516062 -0.135118
FixedParameters: 0 0 0

#Transform 119
Transform: AffineTransform_float_3_3
Parameters: 1 9.57612e-05 -0.000207605 -9.56626e-05 1 -0.00112069 0.000208081 0.00112077 1 0.0123797 -0.00531434 -0.165093
FixedParameters: 0 0 0

#Transform 120
Transform: AffineTransform_float_3_3
Parameters: 1 0.000171779 -0.000270759 -0.000171363 0.999999 -0.000789584 0.000269863 0.000789382 1 0.00926125 0.0325597 -0.119897
FixedParameters: 0 0 0

#Transform 121
Transform: AffineTransform_float_3_3
Parameters: 1 0.000239697 -0.000440717 -0.000240458 1 -0.000923408 0.000440237 0.000922682 0.999999 0.016252 0.0372144 -0.0924139
FixedParameters: 0 0 0

#Transform 122
Transform: AffineTransform_float_3_3
Parameters: 0.999999 2.18336e-06 -0.000835063 -3.7317e-06 1 -0.000922896 0.000834935 0.000922901 0.999999 -0.0104783 0.0711051 -0.0291805
FixedParameters: 0 0 0

#Transform 123
Transform: AffineTransform_float_3_3
Parameters: 0.999999 6.44012e-05 -0.000782844 -6.43759e-05 0.999999 -0.000848452 0.000782837 0.000849233 1 -0.00381069 0.0590581 -0.0381038
FixedParameters: 0 0 0

#Transform 124
Transform: AffineTransform_float_3_3
Parameters: 0.999999 0.00025017 -0.000858218 -0.000251233 1 -0.000619394 0.000857908 0.000619824 0.999999 -0.00522278 -0.00222565 0.0239641
FixedParameters: 0 0 0

#Transform 125
Transform: AffineTransform_float_3_3
Parameters: 0.999999 0.000200106 -0.000723811 -0.000200964 0.999999 -0.00099928 0.000724045 0.000999265 1 -0.000501818 -0.0266359 0.0190839
FixedParameters: 0 0 0

#Transform 126
Transform: AffineTransform_float_3_3
Parameters: 1 0.000111391 -0.000648548 -0.000112091 1 -0.000973917 0.000649021 0.0009741 1 -0.00379552 0.0579146 -0.0185939
FixedParameters: 0 0 0

#Transform 127
Transform: AffineTransform_float_3_3
Parameters: 0.999999 0.000304766 -0.000680431 -0.000304641 0.999999 -0.000986874 0.000679981 0.000986094 0.999999 -0.0137842 -0.0217164 0.0443935
FixedParameters: 0 0 0

#Transform 128
Transform: AffineTransform_float_3_3
Parameters: 1 -1.33064e-05 -0.000678994 1.27104e-05 0.999998 -0.00147504 0.000679098 0.00147477 0.999999 -0.00407346 0.105769 -0.012218
FixedParameters: 0 0 0

#Transform 129
Transform: AffineTransform_float_3_3
Parameters: 1 2.59598e-05 -0.000601076 -2.67132e-05 0.999999 -0.00177105 0.000600982 0.00177116 0.999999 -0.0121495 0.0328948 -0.0179759
FixedParameters: 0 0 0

#Transform 130
Transform: AffineTransform_float_3_3
Parameters: 1 4.0632e-05 -0.000518956 -4.05589e-05 0.999999 -0.00126166 0.000518975 0.00126179 0.999999 -0.00941211 0.101655 -0.0338689
FixedParameters: 0 0 0

#Transform 131
Transform: AffineTransform_float_3_3
Parameters: 1 0.000208631 -0.000637555 -0.00020954 0.999999 -0.00134949 0.0006363 0.00134981 0.999999 -0.0104957 0.0406285 0.0148385
FixedParameters: 0 0 0

#Transform 132
Transform: AffineTransform_float_3_3
Parameters: 1 0.000164048 -0.000586591 -0.00016506 0.999999 -0.00134361 0.000586839 0.00134384 0.999999 -0.0100373 0.0719484 -0.0171957
FixedParameters: 0 0 0

#Transform 133
Transform: AffineTransform_float_3_3
Parameters: 1 0.000451765 -0.000519986 -0.000452814 0.999999 -0.00105984 0.000518991 0.00105937 0.999999 -0.0178712 0.0250773 0.0311264
FixedParameters: 0 0 0

#Transform 134
Transform: AffineTransform_float_3_3
Parameters: 1 0.000332157 -0.000469268 -0.000332728 0.999999 -0.00120918 0.000469154 0.00120953 0.999999 -0.0177548 0.0259448 -0.00309979
FixedParameters: 0 0 0

#Transform 135
Transform: AffineTransform_float_3_3
Parameters: 0.999999 0.000435143 -0.000546604 -0.000435621 0.999999 -0.00100878 0.000546503 0.00100836 0.999999 -0.0195918 0.0234633 0.0227255
FixedParameters: 0 0 0

#Transform 136
Transform: AffineTransform_float_3_3
Parameters: 1 0.00039987 -0.00041796 -0.000400397 0.999999 -0.00130633 0.000417605 0.0013067 0.999999 -0.0226428 -0.0122511 0.0229409
FixedParameters: 0 0 0

#Transform 137
Transform: AffineTransform_float_3_3
Parameters: 1 0.000291184 -0.000431013 -0.000291718 0.999999 -0.00127469 0.000430961 0.00127497 0.999999 -0.0193669 0.0401685 -0.0232129
FixedParameters: 0 0 0

#Transform 138
Transform: AffineTransform_float_3_3
Parameters: 0.999999 0.000371218 -0.000649121 -0.000372023 1 -0.00105485 0.000649028 0.00105537 1 -0.0224416 0.0584765 0.00887796
FixedParameters: 0 0 0

#Transform 139
Transform: AffineTransform_float_3_3
Parameters: 1 0.000428687 -0.000505038 -0.000428709 0.999999 -0.00139147 0.000503967 0.00139199 0.999999 -0.0220532 -0.00505391 -0.0103329
FixedParameters: 0 0 0

#Transform 140
Transform: AffineTransform_float_3_3
Parameters: 0.999999 0.000320422 -0.000690394 -0.000321882 1 -0.00105193 0.000689595 0.00105237 0.999999 -0.0232216 0.0946911 -0.00176685
FixedParameters: 0 0 0

#Transform 141
Transform: AffineTransform_float_3_3
Parameters: 1 0.000300916 -0.000611989 -0.000302209 1 -0.00105048 0.000611233 0.00105085 1 -0.021474 0.0665994 -0.0439935
FixedParameters: 0 0 0

#Transform 142
Transform: AffineTransform_float_3_3
Parameters: 0.999999 0.000425105 -0.000641762 -0.000425898 1 -0.0010581 0.000641552 0.00105869 1 -0.0246882 0.0281016 0.00348455
FixedParameters: 0 0 0

#Transform 143
Transform: AffineTransform_float_3_3
Parameters: 0.999999 0.000315097 -0.000632688 -0.000315971 1 -0.00113655 0.000632661 0.00113698 0.999999 -0.0181758 0.0912022 -0.0610693
FixedParameters: 0 0 0

#Transform 144
Transform: AffineTransform_float_3_3
Parameters: 0.999999 0.000711006 -0.000539604 -0.000711602 0.999999 -0.0010752 0.000538764 0.001076 1 -0.0130813 -0.00885579 -0.0794386
FixedParameters: 0 0 0

#Transform 145
Transform: AffineTransform_float_3_3
Parameters: 0.999999 0.000608015 -0.000467318 -0.000608449 0.999999 -0.00106871 0.000466708 0.00106931 1 -0.0313748 -0.0176625 0.00210873
FixedParameters: 0 0 0

#Transform 146
Transform: AffineTransform_float_3_3
Parameters: 1 0.000576386 -0.000287926 -0.000576632 0.999999 -0.00140888 0.000286992 0.00140925 0.999999 -0.0117129 -0.0187441 -0.0892466
FixedParameters: 0 0 0

#Transform 147
Transform: AffineTransform_float_3_3
Parameters: 0.999999 0.000652268 -0.000305314 -0.000653137 1 -0.00100685 0.000305259 0.00100724 1 -0.021752 -0.00258461 -0.0600609
FixedParameters: 0 0 0

#Transform 148
Transform: AffineTransform_float_3_3
Parameters: 1 0.000565635 -0.000341123 -0.000565839 0.999999 -0.00112685 0.000340538 0.00112727 1 -0.0132698 -0.0057736 -0.0674161
FixedParameters: 0 0 0

#Transform 149
Transform: AffineTransform_float_3_3
Parameters: 1 0.000534593 -0.000110523 -0.000534263 1 -0.00106312 0.000110077 0.00106328 1 -0.0168966 0.0311833 -0.116653
FixedParameters: 0 0 0

#Transform 150
Transform: AffineTransform_float_3_3
Parameters: 0.999999 0.000636449 -0.000339526 -0.000636611 0.999999 -0.00107006 0.000338854 0.00107053 1 -0.0211713 -0.0472896 -0.0618657
FixedParameters: 0 0 0

#Transform 151
Transform: AffineTransform_float_3_3
Parameters: 1 0.000575972 -4.52478e-06 -0.000575978 0.999999 -0.00077382 3.63337e-06 0.000773824 0.999999 -0.0162096 0.102561 -0.138423
FixedParameters: 0 0 0

#Transform 152
Transform: AffineTransform_float_3_3
Parameters: 1 0.000565909 4.31033e-06 -0.00056672 0.999998 -0.00149158 -5.55338e-06 0.00149153 0.999999 -0.0151948 -0.021653 -0.12871
FixedParameters: 0 0 0

#Transform 153
Transform: AffineTransform_float_3_3
Parameters: 1 0.000580668 -4.24887e-05 -0.000581644 1 -0.000876331 4.20089e-05 0.000877612 0.999999 -0.0220291 0.0394582 -0.112441
FixedParameters: 0 0 0

#Transform 154
Transform: AffineTransform_float_3_3
Parameters: 1 0.000636125 -2.56314e-05 -0.000636143 1 -0.000922651 2.44773e-05 0.000922088 0.999999 -0.0202833 0.0111375 -0.106105
FixedParameters: 0 0 0

#Transform 155
Transform: AffineTransform_float_3_3
Parameters: 1 0.000594109 2.81624e-05 -0.00059488 0.999999 -0.00082999 -2.85804e-05 0.000829908 0.999999 -0.0173681 0.0054639 -0.134206
FixedParameters: 0 0 0

#Transform 156
Transform: AffineTransform_float_3_3
Parameters: 0.999999 0.000717081 -8.66684e-05 -0.000717221 1 -0.000667845 8.57664e-05 0.000668311 0.999999 -0.0248372 -0.0201769 -0.104277
FixedParameters: 0 0 0

#Transform 157
Transform: AffineTransform_float_3_3
Parameters: 1 0.000665357 -0.000168306 -0.000665616 0.999999 -0.000773786 0.000167276 0.000774009 0.999999 -0.0251844 -0.040192 -0.0827534
FixedParameters: 0 0 0

#Transform 158
Transform: AffineTransform_float_3_3
Parameters: 1 0.00056355 -3.81031e-05 -0.000562998 0.999999 -0.000945917 3.78144e-05 0.00094506 0.999999 -0.0229412 0.00123997 -0.119305
FixedParameters: 0 0 0

#Transform 159
Transform: AffineTransform_float_3_3
Parameters: 1 0.000554793 2.05937e-06 -0.000554222 0.999999 -0.00131449 -2.82641e-06 0.00131452 0.999999 -0.0237946 -0.0315742 -0.0888618
FixedParameters: 0 0 0

#Transform 160
Transform: AffineTransform_float_3_3
Parameters: 1 0.000511265 5.14934e-05 -0.000511391 0.999999 -0.00123657 -5.14983e-05 0.0012365 1 -0.0166803 -0.0155066 -0.132236
FixedParameters: 0 0 0

#Transform 161
Transform: AffineTransform_float_3_3
Parameters: 1 0.000577677 -1.40097e-05 -0.000577148 0.999999 -0.00131594 1.31807e-05 0.001316 0.999999 -0.0215771 0.0124435 -0.0562506
FixedParameters: 0 0 0

#Transform 162
Transform: AffineTransform_float_3_3
Parameters: 1 0.000229705 0.0001836 -0.000230261 0.999999 -0.00071588 -0.00018336 0.000715747 0.999999 -0.00672885 0.125939 -0.154692
FixedParameters: 0 0 0

#Transform 163
Transform: AffineTransform_float_3_3
Parameters: 1 0.000432629 0.000245543 -0.000432935 1 -0.00105581 -0.00024601 0.00105555 1 -0.0143895 -0.00246223 -0.120993
FixedParameters: 0 0 0

#Transform 164
Transform: AffineTransform_float_3_3
Parameters: 1 0.000266423 0.000225116 -0.000266676 0.999999 -0.00127004 -0.000225346 0.00126987 0.999999 -0.00675639 0.0549297 -0.148562
FixedParameters: 0 0 0

#Transform 165
Transform: AffineTransform_float_3_3
Parameters: 1 0.000364397 0.000131209 -0.00036408 0.999999 -0.00123226 -0.000132229 0.00123217 0.999999 -0.0059169 0.00653056 -0.164178
FixedParameters: 0 0 0

#Transform 166
Transform: AffineTransform_float_3_3
Parameters: 1 0.000425983 9.87742e-05 -0.000425768 1 -0.00111794 -9.98489e-05 0.00111785 1 -0.0132619 -0.00973956 -0.140778
FixedParameters: 0 0 0

#Transform 167
Transform: AffineTransform_float_3_3
Parameters: 1 0.000368213 7.25303e-05 -0.000368 0.999999 -0.0015052 -7.37609e-05 0.00150515 0.999999 -0.0114714 -0.0295252 -0.152559
FixedParameters: 0 0 0

#Transform 168
Transform: AffineTransform_float_3_3
Parameters: 1 0.000306479 0.000164433 -0.000305418 0.999999 -0.00150907 -0.000164665 0.00150901 0.999999 -0.00445385 0.00520025 -0.186067
FixedParameters: 0 0 0

#Transform 169
Transform: AffineTransform_float_3_3
Parameters: 1 0.000359214 4.66729e-05 -0.000358522 0.999999 -0.00136143 -4.69592e-05 0.00136143 0.999999 -0.012099 -0.0155005 -0.156472
FixedParameters: 0 0 0

#Transform 170
Transform: AffineTransform_float_3_3
Parameters: 1 0.000233905 0.000121482 -0.00023369 0.999998 -0.00196366 -0.000121263 0.00196359 0.999998 -0.00212929 -0.0585117 -0.223149
FixedParameters: 0 0 0

#Transform 171
Transform: AffineTransform_float_3_3
Parameters: 1 0.000410495 0.000101282 -0.000409618 0.999998 -0.00154274 -0.000101856 0.0015427 0.999999 -0.0122844 -0.0166791 -0.133709
FixedParameters: 0 0 0

#Transform 172
Transform: AffineTransform_float_3_3
Parameters: 1 0.000122402 8.82787e-05 -0.000122098 0.999998 -0.00175251 -8.88297e-05 0.00175249 0.999998 0.00608256 0.117785 -0.25583
FixedParameters: 0 0 0

#Transform 173
Transform: AffineTransform_float_3_3
Parameters: 1 0.000134291 0.000182938 -0.000134513 0.999998 -0.00164976 -0.000182935 0.00164967 0.999998 -0.00230597 0.0318308 -0.222243
FixedParameters: 0 0 0

#Transform 174
Transform: AffineTransform_float_3_3
Parameters: 1 0.000195558 0.000121951 -0.000195148 0.999998 -0.0017058 -0.00012274 0.00170575 0.999998 -0.00606439 -0.0140519 -0.196391
FixedParameters: 0 0 0

#Transform 175
Transform: AffineTransform_float_3_3
Parameters: 1 0.000294125 0.000155854 -0.000294478 0.999999 -0.00151243 -0.000156298 0.00151229 0.999999 -0.00896871 -0.00656191 -0.209006
FixedParameters: 0 0 0

#Transform 176
Transform: AffineTransform_float_3_3
Parameters: 1 0.000509436 8.28203e-05 -0.0005087 1 -0.00103392 -8.31822e-05 0.00103388 1 -0.0209057 -0.0493442 -0.151258
FixedParameters: 0 0 0

#Transform 177
Transform: AffineTransform_float_3_3
Parameters: 1 0.000449253 0.000174079 -0.000448848 0.999999 -0.00117924 -0.000175261 0.00117909 1 -0.0151767 0.00553649 -0.197459
FixedParameters: 0 0 0

#Transform 178
Transform: AffineTransform_float_3_3
Parameters: 1 0.00052399 0.000136517 -0.000523725 1 -0.00099361 -0.00013768 0.000993466 1 -0.0175638 -0.00571602 -0.154
FixedParameters: 0 0 0

#Transform 179
Transform: AffineTransform_float_3_3
Parameters: 1 0.00041722 6.48385e-05 -0.000416491 0.999999 -0.00126575 -6.5203e-05 0.00126573 0.999999 -0.0150316 -0.065878 -0.156388
FixedParameters: 0 0 0

#Transform 180
Transform: AffineTransform_float_3_3
Parameters: 1 0.000351734 8.86713e-05 -0.000351532 0.999999 -0.00117351 -8.9619e-05 0.00117345 1 -0.0102115 0.0317124 -0.181608
FixedParameters: 0 0 0

#Transform 181
Transform: AffineTransform_float_3_3
Parameters: 1 0.000500188 -6.51815e-06 -0.000500198 0.999999 -0.000866351 5.65146e-06 0.000866357 0.999999 -0.0165927 0.00899932 -0.172207
FixedParameters: 0 0 0

#Transform 182
Transform: AffineTransform_float_3_3
Parameters: 1 0.0001672 -9.36319e-05 -0.000167512 0.999998 -0.00163668 9.29616e-05 0.00163671 0.999998 -0.00363326 0.0595069 -0.216946
FixedParameters: 0 0 0

#Transform 183
Transform: AffineTransform_float_3_3
Parameters: 1 0.000417796 -8.44401e-05 -0.000418289 0.999999 -0.0014166 8.45153e-05 0.00141666 0.999999 -0.00794454 -0.0179484 -0.139838
FixedParameters: 0 0 0

#Transform 184
Transform: AffineTransform_float_3_3
Parameters: 0.999999 0.000728556 -0.00058773 -0.000728307 0.999999 -0.000273864 0.000588144 0.000274759 1 -0.0177076 0.0332475 -0.00754853
FixedParameters: 0 0 0

#Transform 185
Transform: AffineTransform_float_3_3
Parameters: 0.999999 0.000735121 -0.00023712 -0.000735192 0.999999 -0.000150066 0.000236899 0.000150415 1 -0.0115103 -0.0482321 -0.0878804
FixedParameters: 0 0 0

#Transform 186
Transform: AffineTransform_float_3_3
Parameters: 1 0.000532216 -0.000133268 -0.000531733 1 -0.000331657 0.000133729 0.000331837 1 -0.0109972 -0.053955 -0.149188
FixedParameters: 0 0 0

#Transform 187
Transform: AffineTransform_float_3_3
Parameters: 1 0.000526262 -0.000110667 -0.000526335 1 -0.000328252 0.000110321 0.000328369 1 -0.00962891 -0.0634344 -0.155679
FixedParameters: 0 0 0

#Transform 188
Transform: AffineTransform_float_3_3
Parameters: 1 0.000473145 -6.73659e-05 -0.000473185 1 -0.000294801 6.70869e-05 0.000294864 1 -0.0078764 -0.0455949 -0.182506
FixedParameters: 0 0 0

#Transform 189
Transform: AffineTransform_float_3_3
Parameters: 1 0.000487744 -2.98144e-05 -0.000488585 1 -0.000382796 3.00095e-05 0.000382777 1 -0.012045 -0.0780524 -0.161634
FixedParameters: 0 0 0
