#Insight Transform File V1.0
#Transform 0
Transform: AffineTransform_float_3_3
Parameters: 0.999999 0.0005029 -0.000656297 -0.000504847 0.999995 -0.003002 0.000653803 0.00300185 0.999995 -0.00218202 -0.13052 0.0277831
FixedParameters: 0 0 0

#Transform 1
Transform: AffineTransform_float_3_3
Parameters: 0.999999 0.000689254 -0.000537502 -0.000690193 0.999999 -0.00139949 0.000536262 0.00140027 0.999999 -0.00623753 -0.0540472 0.0961756
FixedParameters: 0 0 0

#Transform 2
Transform: AffineTransform_float_3_3
Parameters: 1 0.000399666 -0.000465925 -0.0004009 0.999999 -0.00131853 0.000464746 0.0013189 0.999999 -0.00315895 -0.0639813 0.110769
FixedParameters: 0 0 0

#Transform 3
Transform: AffineTransform_float_3_3
Parameters: 1 0.000377373 -0.000313491 -0.000377596 0.999999 -0.00125552 0.000313234 0.00125579 0.999999 -0.000794878 -0.098479 0.0978107
FixedParameters: 0 0 0

#Transform 4
Transform: AffineTransform_float_3_3
Parameters: 1 8.33038e-05 -0.000178788 -8.21558e-05 1 -0.000675933 0.000178921 0.000676049 1 0.00437163 -0.214676 0.141344
FixedParameters: 0 0 0

#Transform 5
Transform: AffineTransform_float_3_3
Parameters: 1 0.000298387 -0.000436127 -0.00029809 1 0.000340921 0.00043633 -0.00034066 1 0.0103394 -0.0432937 0.132059
FixedParameters: 0 0 0

#Transform 6
Transform: AffineTransform_float_3_3
Parameters: 1 -0.00017845 -0.000387222 0.00017909 1 -0.000230888 0.000386736 0.000230798 1 0.0346188 0.100669 0.0202947
FixedParameters: 0 0 0

#Transform 7
Transform: AffineTransform_float_3_3
Parameters: 1 -3.35393e-05 -0.000339919 3.44391e-05 0.999999 0.00133439 0.000339706 -0.00133441 0.999999 0.0422213 0.00319537 0.00852826
FixedParameters: 0 0 0

#Transform 8
Transform: AffineTransform_float_3_3
Parameters: 1 -7.09764e-05 -0.000125358 7.11757e-05 0.999999 0.00079541 0.000125245 -0.000795428 0.999999 0.0289136 -0.100274 0.0265034
FixedParameters: 0 0 0

#Transform 9
Transform: AffineTransform_float_3_3
Parameters: 1 -0.000123124 -3.42292e-05 0.000123183 0.999999 0.00085605 3.40184e-05 -0.000856058 0.999999 0.0134806 -0.184267 0.0810676
FixedParameters: 0 0 0

#Transform 10
Transform: AffineTransform_float_3_3
Parameters: 1 -0.000137072 8.75146e-05 0.000136811 0.999999 0.00144646 -8.80333e-05 -0.00144644 0.999999 0.0400498 -0.0271502 0.0158203
FixedParameters: 0 0 0

#Transform 11
Transform: AffineTransform_float_3_3
Parameters: 1 -3.64712e-05 7.76501e-05 3.6257e-05 0.999999 0.00133203 -7.78695e-05 -0.00133202 0.999999 0.0381169 -0.0358336 0.019073
FixedParameters: 0 0 0

#Transform 12
Transform: AffineTransform_float_3_3
Parameters: 1 -9.83301e-05 -1.48299e-06 9.88982e-05 1 0.0010761 1.96153e-06 -0.00107606 1 0.0274529 -0.0734786 0.0355933
FixedParameters: 0 0 0

#Transform 13
Transform: AffineTransform_float_3_3
Parameters: 1 -0.000135398 -4.28405e-05 0.000135471 0.999999 0.000853767 4.26092e-05 -0.000853779 0.999999 0.0164509 -0.14094 0.0628794
FixedParameters: 0 0 0

#Transform 14
Transform: AffineTransform_float_3_3
Parameters: 1 -0.000319866 -0.000439839 0.000320175 0.999999 0.00129035 0.000439459 -0.00129068 0.999999 0.00539413 -0.0735915 0.103527
FixedParameters: 0 0 0

#Transform 15
Transform: AffineTransform_float_3_3
Parameters: 1 -7.40955e-05 -0.000322161 7.3853e-05 1 0.000511319 0.000321272 -0.000511404 1 0.0218904 -0.0346576 0.0864593
FixedParameters: 0 0 0

#Transform 16
Transform: AffineTransform_float_3_3
Parameters: 1 1.25081e-05 -4.00575e-05 -1.24325e-05 1 0.00103405 3.99608e-05 -0.00103405 1 0.00692861 -0.146158 0.0856633
FixedParameters: 0 0 0

#Transform 17
Transform: AffineTransform_float_3_3
Parameters: 1 -0.000262972 -0.00029971 0.000263195 1 0.0003707 0.000299515 -0.000370858 1 0.0134133 -0.0515198 0.0942273
FixedParameters: 0 0 0

#Transform 18
Transform: AffineTransform_float_3_3
Parameters: 1 -7.84717e-05 -0.000271557 7.84134e-05 1 -0.000107377 0.000271573 0.000107334 1 0.00978091 -0.154629 8.14524e-05
FixedParameters: 0 0 0

#Transform 19
Transform: AffineTransform_float_3_3
Parameters: 1 0.000165739 4.3521e-05 -0.000165761 1 0.000261471 -4.34344e-05 -0.000261485 1 -0.0085136 -0.155817 0.0264424
FixedParameters: 0 0 0

#Transform 20
Transform: AffineTransform_float_3_3
Parameters: 0.999999 0.00081584 0.000399307 -0.000815788 0.999999 -6.509e-05 -0.000399413 6.44384e-05 1 -0.00992369 -0.0121356 0.0357602
FixedParameters: 0 0 0

#Transform 21
Transform: AffineTransform_float_3_3
Parameters: 1 0.00050016 -3.10213e-05 -0.00050014 1 0.000324827 3.13462e-05 -0.000324796 1 -0.00905239 -0.0644224 -0.015113
FixedParameters: 0 0 0

#Transform 22
Transform: AffineTransform_float_3_3
Parameters: 1 0.000521534 -0.000170239 -0.000521245 0.999999 0.000846085 0.000171121 -0.000845907 0.999999 -0.0111522 -0.0771288 0.0224217
FixedParameters: 0 0 0

#Transform 23
Transform: AffineTransform_float_3_3
Parameters: 1 0.000461363 -0.000293291 -0.000460943 0.999999 0.000715143 0.000293951 -0.000714872 0.999999 -0.00890653 -0.0980058 0.0261648
FixedParameters: 0 0 0

#Transform 24
Transform: AffineTransform_float_3_3
Parameters: 1 0.000417031 -0.000291064 -0.000417032 1 -2.51067e-06 0.000291062 2.75343e-06 1 -0.025579 -0.104398 0.15095
FixedParameters: 0 0 0

#Transform 25
Transform: AffineTransform_float_3_3
Parameters: 1 0.00039722 -0.000485094 -0.000396357 1 0.000871093 0.000485606 -0.000871051 1 -0.014144 -0.110341 0.22319
FixedParameters: 0 0 0

#Transform 26
Transform: AffineTransform_float_3_3
Parameters: 0.999999 0.000648957 -0.000544903 -0.000648497 1 0.000953388 0.000545204 -0.00095272 1 -0.0126275 -0.0215315 0.195546
FixedParameters: 0 0 0

#Transform 27
Transform: AffineTransform_float_3_3
Parameters: 0.999999 0.000541619 -0.000571786 -0.000540811 1 0.000638129 0.000572384 -0.00063879 1 -0.0123198 -0.0558415 0.189683
FixedParameters: 0 0 0

#Transform 28
Transform: AffineTransform_float_3_3
Parameters: 0.999999 0.000511219 -0.000543406 -0.000511023 1 0.000180319 0.00054359 -0.000179763 1 -0.0145815 -0.0243932 0.148072
FixedParameters: 0 0 0

#Transform 29
Transform: AffineTransform_float_3_3
Parameters: 1 0.000381766 -0.000405471 -0.000381371 1 0.000487217 0.000405842 -0.000486907 1 -0.0108085 -0.0413736 0.168872
FixedParameters: 0 0 0

#Transform 30
Transform: AffineTransform_float_3_3
Parameters: 0.999999 0.000705074 -0.000753689 -0.000704894 0.999999 0.000104112 0.000753779 -0.000103392 1 -0.0198011 0.016241 0.0978986
FixedParameters: 0 0 0

#Transform 31
Transform: AffineTransform_float_3_3
Parameters: 0.999999 0.00063087 -0.000579583 -0.00063067 1 0.000172922 0.000579801 -0.00017219 1 -0.0243372 -0.0320501 0.11029
FixedParameters: 0 0 0

#Transform 32
Transform: AffineTransform_float_3_3
Parameters: 1 0.000695523 -0.000802244 -0.000695257 1 0.000484459 0.00080219 -0.000484318 0.999999 -0.0253316 -0.0972936 0.029039
FixedParameters: 0 0 0

#Transform 33
Transform: AffineTransform_float_3_3
Parameters: 0.999999 0.000610068 -0.000971924 -0.000608704 1 0.000999608 0.000972205 -0.000998462 0.999999 -0.0289924 -0.0455001 0.0522985
FixedParameters: 0 0 0

#Transform 34
Transform: AffineTransform_float_3_3
Parameters: 1 0.000765458 -0.000846987 -0.00076455 0.999999 0.000823086 0.000847463 -0.000823107 0.999999 -0.0188486 -0.0512374 0.014531
FixedParameters: 0 0 0

#Transform 35
Transform: AffineTransform_float_3_3
Parameters: 1 0.000700711 -0.000832088 -0.000699742 0.999999 0.000889846 0.000832607 -0.000889655 0.999999 -0.0269049 -0.0657134 0.0291644
FixedParameters: 0 0 0

#Transform 36
Transform: AffineTransform_float_3_3
Parameters: 1 0.000702665 -0.000801751 -0.000702207 0.999999 0.000589561 0.000801796 -0.000589753 1 -0.0232146 -0.0905483 0.0293603
FixedParameters: 0 0 0

#Transform 37
Transform: AffineTransform_float_3_3
Parameters: 0.999999 0.000533193 -0.000750669 -0.000533647 1 7.9127e-05 0.00074994 -7.83646e-05 0.999999 -0.0239728 -0.0839622 0.0980744
FixedParameters: 0 0 0

#Transform 38
Transform: AffineTransform_float_3_3
Parameters: 1 0.000675506 -0.000859711 -0.000674645 1 0.000798116 0.000860061 -0.00079793 0.999999 -0.0269025 -0.0856326 0.0229341
FixedParameters: 0 0 0

#Transform 39
Transform: AffineTransform_float_3_3
Parameters: 1 0.000716469 -0.000833681 -0.000715691 0.999999 0.00115283 0.000833705 -0.00115171 0.999999 -0.0309941 -0.0819026 0.045566
FixedParameters: 0 0 0

#Transform 40
Transform: AffineTransform_float_3_3
Parameters: 1 0.000685216 -0.000822928 -0.000684252 1 0.000549184 0.000823766 -0.000548994 0.999999 -0.0293305 -0.0950292 0.101346
FixedParameters: 0 0 0

#Transform 41
Transform: AffineTransform_float_3_3
Parameters: 0.999999 0.000707951 -0.000768191 -0.000707427 1 0.000306492 0.000768587 -0.000306342 1 -0.0278469 -0.0514171 0.0924396
FixedParameters: 0 0 0

#Transform 42
Transform: AffineTransform_float_3_3
Parameters: 0.999999 0.000903951 -0.00100803 -0.000902597 0.999999 0.00121268 0.00100856 -0.00121187 0.999999 -0.0324377 -0.0508061 0.0110248
FixedParameters: 0 0 0

#Transform 43
Transform: AffineTransform_float_3_3
Parameters: 1 0.000655509 -0.000882519 -0.000654699 0.999999 0.000734467 0.000882698 -0.000734628 0.999999 -0.0256269 -0.0383748 0.11983
FixedParameters: 0 0 0

#Transform 44
Transform: AffineTransform_float_3_3
Parameters: 0.999999 0.000949917 -0.000878271 -0.000949497 0.999999 0.000516246 0.000878467 -0.000515896 1 -0.0272912 0.000717667 0.073688
FixedParameters: 0 0 0

#Transform 45
Transform: AffineTransform_float_3_3
Parameters: 0.999999 0.000971089 -0.000929776 -0.000969562 0.999999 0.0014072 0.000930842 -0.00140641 0.999998 -0.0281513 -0.0325529 0.0222245
FixedParameters: 0 0 0

#Transform 46
Transform: AffineTransform_float_3_3
Parameters: 0.999999 0.000917696 -0.001001 -0.000916083 0.999999 0.00135014 0.00100181 -0.00134931 0.999998 -0.032312 -0.0472333 0.0312759
FixedParameters: 0 0 0

#Transform 47
Transform: AffineTransform_float_3_3
Parameters: 1 0.00068055 -0.000901443 -0.000678723 0.999999 0.00133019 0.000902437 -0.001329 0.999998 -0.0305903 -0.0962178 0.0895233
FixedParameters: 0 0 0

#Transform 48
Transform: AffineTransform_float_3_3
Parameters: 1 0.000722111 -0.000848337 -0.000720856 0.999998 0.00139925 0.000848673 -0.00139845 0.999999 -0.0348375 -0.0839682 0.0761425
FixedParameters: 0 0 0

#Transform 49
Transform: AffineTransform_float_3_3
Parameters: 1 0.000665207 -0.000954971 -0.00066341 0.999999 0.00167158 0.000956824 -0.0016704 0.999998 -0.0305134 -0.108906 0.0419273
FixedParameters: 0 0 0

#Transform 50
Transform: AffineTransform_float_3_3
Parameters: 0.999999 0.000899235 -0.000897026 -0.000897824 0.999998 0.00185245 0.000899137 -0.00185189 0.999998 -0.0301462 -0.0885679 0.0455286
FixedParameters: 0 0 0

#Transform 51
Transform: AffineTransform_float_3_3
Parameters: 1 0.00074884 -0.000847853 -0.000747737 0.999998 0.00181006 0.000849381 -0.00180891 0.999998 -0.0311896 -0.0854172 0.0613076
FixedParameters: 0 0 0

#Transform 52
Transform: AffineTransform_float_3_3
Parameters: 1 0.000689383 -0.000915394 -0.000687755 0.999999 0.00161766 0.00091734 -0.00161742 0.999998 -0.0289363 -0.0646179 0.0300816
FixedParameters: 0 0 0

#Transform 53
Transform: AffineTransform_float_3_3
Parameters: 1 0.00075053 -0.000847081 -0.0007494 0.999998 0.00182799 0.000848641 -0.00182684 0.999998 -0.0263603 -0.0402291 0.0298207
FixedParameters: 0 0 0

#Transform 54
Transform: AffineTransform_float_3_3
Parameters: 1 0.000711515 -0.000918149 -0.000709748 0.999998 0.00199034 0.000919704 -0.00199044 0.999998 -0.0217397 -0.0522292 0.0573446
FixedParameters: 0 0 0

#Transform 55
Transform: AffineTransform_float_3_3
Parameters: 1 0.000734372 -0.000864979 -0.000733276 0.999998 0.00177081 0.000866397 -0.00176966 0.999998 -0.0253502 -0.0646358 0.0269685
FixedParameters: 0 0 0

#Transform 56
Transform: AffineTransform_float_3_3
Parameters: 1 0.00077356 -0.000821868 -0.000772382 0.999998 0.00191283 0.000823644 -0.00191168 0.999998 -0.0243768 -0.0566799 0.0099317
FixedParameters: 0 0 0

#Transform 57
Transform: AffineTransform_float_3_3
Parameters: 1 0.000757785 -0.000851639 -0.000756309 0.999998 0.00198939 0.000853434 -0.00198916 0.999998 -0.0255214 -0.0672253 0.0421805
FixedParameters: 0 0 0

#Transform 58
Transform: AffineTransform_float_3_3
Parameters: 1 0.000665978 -0.000995635 -0.000663663 0.999998 0.0021228 0.00099724 -0.00212254 0.999997 -0.0292103 -0.0780724 0.0606161
FixedParameters: 0 0 0

#Transform 59
Transform: AffineTransform_float_3_3
Parameters: 0.999999 0.000808337 -0.000801496 -0.000806738 0.999997 0.0022324 0.000803676 -0.00223122 0.999997 -0.0139789 -0.036376 0.0486752
FixedParameters: 0 0 0

#Transform 60
Transform: AffineTransform_float_3_3
Parameters: 1 0.000694418 -0.000782592 -0.000692521 0.999998 0.00194584 0.000783541 -0.00194483 0.999997 -0.0265983 -0.127863 0.102413
FixedParameters: 0 0 0

#Transform 61
Transform: AffineTransform_float_3_3
Parameters: 1 0.000720792 -0.000894857 -0.000719364 0.999997 0.0018831 0.000896331 -0.00188227 0.999998 -0.0241167 -0.0618375 0.0176081
FixedParameters: 0 0 0

#Transform 62
Transform: AffineTransform_float_3_3
Parameters: 0.999999 0.000733478 -0.000900532 -0.000731541 0.999998 0.00214102 0.000902329 -0.00214076 0.999997 -0.031946 -0.0714946 0.0207522
FixedParameters: 0 0 0

#Transform 63
Transform: AffineTransform_float_3_3
Parameters: 1 0.000724983 -0.000895011 -0.000723457 0.999998 0.00195064 0.000896656 -0.00194947 0.999997 -0.0369122 -0.0910933 0.0217705
FixedParameters: 0 0 0

#Transform 64
Transform: AffineTransform_float_3_3
Parameters: 1 0.000815117 -0.000886484 -0.000813337 0.999998 0.002082 0.000888657 -0.00208162 0.999997 -0.0355949 -0.0798613 0.0261407
FixedParameters: 0 0 0

#Transform 65
Transform: AffineTransform_float_3_3
Parameters: 1 0.000794667 -0.000946122 -0.000792844 0.999998 0.00197387 0.000948038 -0.00197343 0.999997 -0.036975 -0.0975875 0.0127925
FixedParameters: 0 0 0

#Transform 66
Transform: AffineTransform_float_3_3
Parameters: 0.999999 0.000899826 -0.00100537 -0.000897936 0.999997 0.00216303 0.00100717 -0.00216266 0.999997 -0.0343829 -0.0676303 -0.0171919
FixedParameters: 0 0 0

#Transform 67
Transform: AffineTransform_float_3_3
Parameters: 1 0.000807699 -0.000951128 -0.000804758 0.999996 0.0025532 0.000953905 -0.00255273 0.999996 -0.0377099 -0.0725817 0.0060234
FixedParameters: 0 0 0

#Transform 68
Transform: AffineTransform_float_3_3
Parameters: 0.999999 0.00088786 -0.00105284 -0.000885441 0.999997 0.00231994 0.00105474 -0.00231952 0.999997 -0.0372962 -0.101765 0.00478101
FixedParameters: 0 0 0

#Transform 69
Transform: AffineTransform_float_3_3
Parameters: 0.999999 0.000919951 -0.00102451 -0.000917865 0.999997 0.0022474 0.00102647 -0.00224602 0.999997 -0.0366901 -0.0922428 -0.0247961
FixedParameters: 0 0 0

#Transform 70
Transform: AffineTransform_float_3_3
Parameters: 0.999999 0.000929682 -0.00101453 -0.000927448 0.999997 0.0023282 0.0010167 -0.00232741 0.999997 -0.0337435 -0.0951676 -0.0335349
FixedParameters: 0 0 0

#Transform 71
Transform: AffineTransform_float_3_3
Parameters: 1 0.00076216 -0.000972104 -0.000760157 0.999997 0.00233891 0.000973547 -0.00233759 0.999996 -0.0360851 -0.136965 0.00252843
FixedParameters: 0 0 0

#Transform 72
Transform: AffineTransform_float_3_3
Parameters: 1 0.000785797 -0.000967597 -0.000783498 0.999997 0.00216305 0.000969718 -0.00216293 0.999997 -0.0326499 -0.106058 -0.0371567
FixedParameters: 0 0 0

#Transform 73
Transform: AffineTransform_float_3_3
Parameters: 0.999999 0.000883482 -0.00103289 -0.000880852 0.999997 0.00222724 0.00103551 -0.00222555 0.999997 -0.032256 -0.0898534 -0.0436507
FixedParameters: 0 0 0

#Transform 74
Transform: AffineTransform_float_3_3
Parameters: 0.999999 0.000856448 -0.000994423 -0.000853895 0.999997 0.00226237 0.000996933 -0.00226114 0.999997 -0.0331898 -0.0958429 -0.0504038
FixedParameters: 0 0 0

#Transform 75
Transform: AffineTransform_float_3_3
Parameters: 0.999999 0.00073273 -0.0009005 -0.000730815 0.999998 0.00212904 0.000902276 -0.00212878 0.999997 -0.030475 -0.0950292 -0.0580244
FixedParameters: 0 0 0

#Transform 76
Transform: AffineTransform_float_3_3
Parameters: 1 0.000636795 -0.00101888 -0.000634821 0.999997 0.0019219 0.00102009 -0.00192107 0.999998 -0.0322625 -0.0712503 0.0219466
FixedParameters: 0 0 0

#Transform 77
Transform: AffineTransform_float_3_3
Parameters: 0.999999 0.000883489 -0.00104695 -0.00088084 0.999996 0.00271896 0.0010486 -0.0027186 0.999996 -0.0392641 -0.0769506 0.0456675
FixedParameters: 0 0 0

#Transform 78
Transform: AffineTransform_float_3_3
Parameters: 0.999999 0.00100877 -0.00101554 -0.00100625 0.999996 0.00275322 0.001018 -0.00275231 0.999996 -0.0402183 -0.109375 -0.0277933
FixedParameters: 0 0 0

#Transform 79
Transform: AffineTransform_float_3_3
Parameters: 0.999999 0.000859176 -0.00114733 -0.000855615 0.999995 0.00301019 0.00115064 -0.00300878 0.999995 -0.0405603 -0.0837447 0.0134984
FixedParameters: 0 0 0

#Transform 80
Transform: AffineTransform_float_3_3
Parameters: 0.999999 0.000889938 -0.00108087 -0.000887507 0.999995 0.0029215 0.00108355 -0.00292077 0.999994 -0.043594 -0.0670017 0.0352069
FixedParameters: 0 0 0

#Transform 81
Transform: AffineTransform_float_3_3
Parameters: 0.999999 0.000919267 -0.00110375 -0.000915543 0.999995 0.00318823 0.00110777 -0.00318736 0.999994 -0.0394107 -0.0446229 0.0626723
FixedParameters: 0 0 0

#Transform 82
Transform: AffineTransform_float_3_3
Parameters: 0.999999 0.000971583 -0.00129971 -0.000967921 0.999995 0.00291684 0.0013027 -0.00291491 0.999995 -0.0391917 -0.0430636 -0.00760289
FixedParameters: 0 0 0

#Transform 83
Transform: AffineTransform_float_3_3
Parameters: 0.999998 0.000965047 -0.00129885 -0.000961018 0.999996 0.00282529 0.00130258 -0.00282394 0.999995 -0.0488225 -0.103491 0.014153
FixedParameters: 0 0 0

#Transform 84
Transform: AffineTransform_float_3_3
Parameters: 0.999999 0.00087137 -0.00112518 -0.000868678 0.999995 0.00292251 0.00112775 -0.00292174 0.999994 -0.0447235 -0.0977714 0.021561
FixedParameters: 0 0 0

#Transform 85
Transform: AffineTransform_float_3_3
Parameters: 0.999999 0.00087191 -0.0011244 -0.000869282 0.999996 0.00292295 0.00112689 -0.00292124 0.999995 -0.0505233 -0.0806606 0.0105599
FixedParameters: 0 0 0

#Transform 86
Transform: AffineTransform_float_3_3
Parameters: 0.999999 0.000870893 -0.00122524 -0.000866787 0.999996 0.00302954 0.00122868 -0.00302856 0.999995 -0.0486762 -0.0774069 -0.0222588
FixedParameters: 0 0 0

#Transform 87
Transform: AffineTransform_float_3_3
Parameters: 0.999999 0.000791183 -0.00108988 -0.00078769 0.999995 0.00311317 0.00109291 -0.00311294 0.999995 -0.0403382 -0.0739622 -0.0261392
FixedParameters: 0 0 0

#Transform 88
Transform: AffineTransform_float_3_3
Parameters: 0.999999 0.000816634 -0.00112061 -0.00081269 0.999995 0.00312059 0.00112242 -0.00312025 0.999995 -0.0418344 -0.0820781 -0.0293055
FixedParameters: 0 0 0

#Transform 89
Transform: AffineTransform_float_3_3
Parameters: 0.999999 0.000827458 -0.00104741 -0.000824256 0.999995 0.00301038 0.00104915 -0.00300919 0.999995 -0.041924 -0.0983013 -0.0522132
FixedParameters: 0 0 0

#Transform 90
Transform: AffineTransform_float_3_3
Parameters: 0.999999 0.000884942 -0.00110252 -0.00088102 0.999995 0.00317229 0.00110491 -0.00317148 0.999994 -0.0462778 -0.0764402 -0.0574402
FixedParameters: 0 0 0

#Transform 91
Transform: AffineTransform_float_3_3
Parameters: 1 0.00081219 -0.00100243 -0.000808587 0.999994 0.00334807 0.0010045 -0.00334699 0.999994 -0.0479289 -0.0744933 -0.0281597
FixedParameters: 0 0 0

#Transform 92
Transform: AffineTransform_float_3_3
Parameters: 0.999999 0.000750214 -0.0010458 -0.000746641 0.999996 0.00293059 0.00104782 -0.00292919 0.999995 -0.0481433 -0.106655 -0.0253004
FixedParameters: 0 0 0

#Transform 93
Transform: AffineTransform_float_3_3
Parameters: 0.999999 0.000774827 -0.00116278 -0.00077139 0.999996 0.00292875 0.00116551 -0.00292716 0.999995 -0.0469848 -0.0917787 -0.0472673
FixedParameters: 0 0 0

#Transform 94
Transform: AffineTransform_float_3_3
Parameters: 0.999999 0.000808312 -0.00118297 -0.000804555 0.999995 0.00300315 0.00118596 -0.0030018 0.999995 -0.050294 -0.0789248 -0.0293206
FixedParameters: 0 0 0

#Transform 95
Transform: AffineTransform_float_3_3
Parameters: 0.999999 0.000743592 -0.00106061 -0.000741262 0.999996 0.0029304 0.00106244 -0.00293001 0.999994 -0.0513207 -0.119695 -0.00726778
FixedParameters: 0 0 0

#Transform 96
Transform: AffineTransform_float_3_3
Parameters: 0.999999 0.00081158 -0.00106793 -0.000808452 0.999995 0.003043 0.00107107 -0.00304148 0.999995 -0.0464858 -0.0662793 -0.0527416
FixedParameters: 0 0 0

#Transform 97
Transform: AffineTransform_float_3_3
Parameters: 0.999999 0.000883828 -0.00105807 -0.000880539 0.999995 0.00310966 0.00106167 -0.00310928 0.999995 -0.0459072 -0.0847383 -0.0597932
FixedParameters: 0 0 0

#Transform 98
Transform: AffineTransform_float_3_3
Parameters: 1 0.000709761 -0.000989988 -0.000706289 0.999995 0.0030444 0.000991937 -0.00304316 0.999995 -0.0481412 -0.0904904 -0.0245516
FixedParameters: 0 0 0

#Transform 99
Transform: AffineTransform_float_3_3
Parameters: 1 0.000728475 -0.000923556 -0.000726763 0.999996 0.00274982 0.000925887 -0.00274869 0.999995 -0.0423601 -0.164129 -0.0214969
FixedParameters: 0 0 0

#Transform 100
Transform: AffineTransform_float_3_3
Parameters: 1 0.000763628 -0.000931147 -0.0007611 0.999996 0.00271399 0.000932989 -0.00271307 0.999996 -0.04632 -0.0827654 0.00811688
FixedParameters: 0 0 0

#Transform 101
Transform: AffineTransform_float_3_3
Parameters: 1 0.000819733 -0.000972902 -0.00081671 0.999996 0.00282324 0.000975191 -0.00282309 0.999996 -0.0493644 -0.0444565 -0.00464263
FixedParameters: 0 0 0

#Transform 102
Transform: AffineTransform_float_3_3
Parameters: 0.999999 0.00063687 -0.000864022 -0.000634821 0.999996 0.00265272 0.000864978 -0.00265213 0.999997 -0.0512154 -0.109994 0.0270031
FixedParameters: 0 0 0

#Transform 103
Transform: AffineTransform_float_3_3
Parameters: 0.999999 0.000778349 -0.000438001 -0.000777201 0.999996 0.00257341 0.000439974 -0.00257374 0.999996 -0.0391216 -0.0786597 0.0721467
FixedParameters: 0 0 0

#Transform 104
Transform: AffineTransform_float_3_3
Parameters: 0.999999 0.000790774 -0.000475967 -0.000789433 0.999996 0.00257055 0.000477998 -0.00257081 0.999996 -0.0428151 -0.157343 0.0385854
FixedParameters: 0 0 0

#Transform 105
Transform: AffineTransform_float_3_3
Parameters: 0.999999 0.000778371 -0.000458334 -0.000776973 0.999996 0.00279625 0.000460566 -0.00279561 0.999996 -0.0413172 -0.135677 0.0927865
FixedParameters: 0 0 0

#Transform 106
Transform: AffineTransform_float_3_3
Parameters: 0.999999 0.000892617 -0.00053713 -0.000891287 0.999996 0.00280661 0.00053917 -0.00280671 0.999996 -0.0361631 -0.0742903 0.0110131
FixedParameters: 0 0 0

#Transform 107
Transform: AffineTransform_float_3_3
Parameters: 0.999999 0.000800784 -0.000359991 -0.000799946 0.999996 0.00278211 0.000362328 -0.00278161 0.999996 -0.0374307 -0.109342 0.084114
FixedParameters: 0 0 0

#Transform 108
Transform: AffineTransform_float_3_3
Parameters: 0.999999 0.00067923 -0.000468437 -0.000677888 0.999996 0.00265232 0.000469864 -0.0026521 0.999997 -0.0336487 -0.00283316 0.095486
FixedParameters: 0 0 0

#Transform 109
Transform: AffineTransform_float_3_3
Parameters: 0.999999 0.000698935 -0.000393991 -0.000697698 0.999995 0.00302803 0.000395925 -0.0030279 0.999996 -0.0408547 0.00689861 0.133006
FixedParameters: 0 0 0

#Transform 110
Transform: AffineTransform_float_3_3
Parameters: 1 0.000610399 -0.000182814 -0.000609941 0.999995 0.00287543 0.00018502 -0.00287525 0.999996 -0.0437524 -0.106975 0.189817
FixedParameters: 0 0 0

#Transform 111
Transform: AffineTransform_float_3_3
Parameters: 0.999999 0.00078844 -0.000442259 -0.000787208 0.999994 0.00337074 0.000444395 -0.00337016 0.999994 -0.0301921 0.0193085 0.178074
FixedParameters: 0 0 0

#Transform 112
Transform: AffineTransform_float_3_3
Parameters: 1 0.000570598 -0.000473387 -0.000568603 0.999994 0.00335393 0.000474846 -0.00335347 0.999994 -0.0438888 -0.0472009 0.177939
FixedParameters: 0 0 0

#Transform 113
Transform: AffineTransform_float_3_3
Parameters: 0.999999 0.000822318 -0.000464033 -0.0008209 0.999994 0.0034127 0.000466465 -0.00341205 0.999994 -0.0507956 -0.0509821 0.14294
FixedParameters: 0 0 0

#Transform 114
Transform: AffineTransform_float_3_3
Parameters: 0.999999 0.000842083 -0.000493223 -0.00084084 0.999995 0.00302769 0.000495265 -0.00302697 0.999995 -0.0352052 -0.0390729 0.241077
FixedParameters: 0 0 0

#Transform 115
Transform: AffineTransform_float_3_3
Parameters: 0.999999 0.000741428 -0.000416655 -0.000739935 0.999994 0.00319637 0.000419151 -0.00319583 0.999994 -0.0326934 -0.0137634 0.199416
FixedParameters: 0 0 0

#Transform 116
Transform: AffineTransform_float_3_3
Parameters: 0.999999 0.000858306 -0.000529207 -0.000856911 0.999996 0.00241346 0.000531352 -0.00241263 0.999997 -0.0319176 -0.0166662 0.241556
FixedParameters: 0 0 0

#Transform 117
Transform: AffineTransform_float_3_3
Parameters: 0.999999 0.00103455 -0.000334175 -0.0010339 0.999996 0.00270276 0.000337648 -0.00270214 0.999996 -0.033421 0.0256035 0.254338
FixedParameters: 0 0 0

#Transform 118
Transform: AffineTransform_float_3_3
Parameters: 0.999999 0.000905455 -0.000322424 -0.000905025 0.999996 0.00246321 0.000324889 -0.0024627 0.999997 -0.0338735 -0.0853478 0.252601
FixedParameters: 0 0 0

#Transform 119
Transform: AffineTransform_float_3_3
Parameters: 0.999999 0.000958131 -0.000275571 -0.000957795 0.999996 0.0027206 0.000278666 -0.00272015 0.999996 -0.0348935 0.0043926 0.260402
FixedParameters: 0 0 0

#Transform 120
Transform: AffineTransform_float_3_3
Parameters: 0.999999 0.00104591 -0.000380073 -0.00104485 0.999995 0.00284576 0.000383869 -0.00284598 0.999996 -0.0338542 -0.010252 0.252126
FixedParameters: 0 0 0

#Transform 121
Transform: AffineTransform_float_3_3
Parameters: 1 0.00108029 -0.000590517 -0.00107793 0.999996 0.00271695 0.000592968 -0.00271668 0.999996 -0.0374604 0.00920648 0.237592
FixedParameters: 0 0 0

#Transform 122
Transform: AffineTransform_float_3_3
Parameters: 1 0.00112682 -0.000489955 -0.00112569 0.999996 0.00233006 0.000493331 -0.00232903 0.999997 -0.0381604 0.0153526 0.253634
FixedParameters: 0 0 0

#Transform 123
Transform: AffineTransform_float_3_3
Parameters: 0.999999 0.000939917 -0.0004687 -0.000939214 0.999997 0.0026307 0.000470769 -0.00262959 0.999996 -0.0393618 0.0311731 0.269108
FixedParameters: 0 0 0

#Transform 124
Transform: AffineTransform_float_3_3
Parameters: 0.999999 0.000820762 -0.000163634 -0.000820916 0.999995 0.0029222 0.000166279 -0.00292294 0.999996 -0.0338679 -0.0853721 0.271136
FixedParameters: 0 0 0

#Transform 125
Transform: AffineTransform_float_3_3
Parameters: 0.999999 0.000966791 -0.000480109 -0.000965401 0.999996 0.00265946 0.00048313 -0.0026586 0.999997 -0.0335166 0.0199195 0.261482
FixedParameters: 0 0 0

#Transform 126
Transform: AffineTransform_float_3_3
Parameters: 1 0.00114908 -0.000487089 -0.00114777 0.999996 0.00283987 0.000489441 -0.00283945 0.999995 -0.0388332 -0.0811408 0.266769
FixedParameters: 0 0 0

#Transform 127
Transform: AffineTransform_float_3_3
Parameters: 1 0.00101559 -0.000618877 -0.00101368 0.999995 0.0028921 0.000621902 -0.00289189 0.999995 -0.0399332 0.0198192 0.273959
FixedParameters: 0 0 0

#Transform 128
Transform: AffineTransform_float_3_3
Parameters: 1 0.00113076 -0.000620409 -0.00112924 0.999996 0.00257248 0.000623501 -0.00257213 0.999996 -0.0370357 -0.00128298 0.231202
FixedParameters: 0 0 0

#Transform 129
Transform: AffineTransform_float_3_3
Parameters: 1 0.00110112 -0.000673395 -0.00109937 0.999995 0.00301144 0.000676277 -0.00301011 0.999995 -0.0383696 0.0218081 0.248879
FixedParameters: 0 0 0

#Transform 130
Transform: AffineTransform_float_3_3
Parameters: 1 0.00102838 -0.000617807 -0.00102618 0.999995 0.0031378 0.000621286 -0.00313758 0.999995 -0.035167 -0.0118456 0.27586
FixedParameters: 0 0 0

#Transform 131
Transform: AffineTransform_float_3_3
Parameters: 0.999999 0.00105741 -0.000490613 -0.00105581 0.999993 0.00341132 0.000494646 -0.00341039 0.999994 -0.0374274 -0.0483379 0.241374
FixedParameters: 0 0 0

#Transform 132
Transform: AffineTransform_float_3_3
Parameters: 1 0.00105193 -0.000572445 -0.00105027 0.999995 0.00291705 0.000575733 -0.00291689 0.999995 -0.0374431 -0.0325873 0.28656
FixedParameters: 0 0 0

#Transform 133
Transform: AffineTransform_float_3_3
Parameters: 1 0.00107889 -0.00057926 -0.00107759 0.999996 0.00261127 0.000582082 -0.00261014 0.999997 -0.0348238 -0.00923215 0.25738
FixedParameters: 0 0 0

#Transform 134
Transform: AffineTransform_float_3_3
Parameters: 1 0.00108609 -0.000536688 -0.0010847 0.999995 0.00285193 0.000540035 -0.00285181 0.999996 -0.0316611 0.0113759 0.244601
FixedParameters: 0 0 0

#Transform 135
Transform: AffineTransform_float_3_3
Parameters: 1 0.00116293 -0.000424792 -0.00116211 0.999995 0.00293165 0.000428764 -0.00293171 0.999995 -0.0332121 -0.0789758 0.269761
FixedParameters: 0 0 0

#Transform 136
Transform: AffineTransform_float_3_3
Parameters: 1 0.00104865 -0.000727374 -0.00104674 0.999995 0.00285373 0.000729696 -0.00285329 0.999995 -0.0310971 0.0439568 0.241979
FixedParameters: 0 0 0

#Transform 137
Transform: AffineTransform_float_3_3
Parameters: 0.999999 0.00115597 -0.000718058 -0.00115413 0.999995 0.00284723 0.000720977 -0.00284666 0.999995 -0.0414946 -0.0122583 0.25848
FixedParameters: 0 0 0

#Transform 138
Transform: AffineTransform_float_3_3
Parameters: 0.999999 0.00138173 -0.000450556 -0.00138034 0.999994 0.00312465 0.000454838 -0.00312445 0.999995 -0.0341632 -0.0308167 0.219037
FixedParameters: 0 0 0

#Transform 139
Transform: AffineTransform_float_3_3
Parameters: 1 0.00112586 -0.000614952 -0.00112448 0.999995 0.00295249 0.000617939 -0.00295219 0.999995 -0.0324104 -0.0406478 0.268436
FixedParameters: 0 0 0

#Transform 140
Transform: AffineTransform_float_3_3
Parameters: 0.999999 0.00122747 -0.000682121 -0.00122534 0.999994 0.00321267 0.000686221 -0.00321209 0.999994 -0.0336903 0.0574927 0.199408
FixedParameters: 0 0 0

#Transform 141
Transform: AffineTransform_float_3_3
Parameters: 0.999999 0.00122658 -0.000660447 -0.00122461 0.999994 0.00319173 0.00066449 -0.0031912 0.999994 -0.0360285 -0.00713853 0.238956
FixedParameters: 0 0 0

#Transform 142
Transform: AffineTransform_float_3_3
Parameters: 0.999999 0.00123445 -0.000670102 -0.00123273 0.999994 0.00300033 0.00067376 -0.00299883 0.999995 -0.0351735 -0.0107105 0.226131
FixedParameters: 0 0 0

#Transform 143
Transform: AffineTransform_float_3_3
Parameters: 0.999999 0.00121221 -0.000743386 -0.00120973 0.999994 0.00318241 0.000747313 -0.0031817 0.999994 -0.0420897 -0.0292934 0.260218
FixedParameters: 0 0 0

#Transform 144
Transform: AffineTransform_float_3_3
Parameters: 0.999999 0.00138111 -0.000868474 -0.00137875 0.999995 0.00298751 0.000872125 -0.00298624 0.999995 -0.0411306 0.0148079 0.214434
FixedParameters: 0 0 0

#Transform 145
Transform: AffineTransform_float_3_3
Parameters: 0.999999 0.0011867 -0.00099431 -0.00118386 0.999995 0.00295625 0.00099805 -0.00295537 0.999996 -0.0525253 -0.0151983 0.231439
FixedParameters: 0 0 0

#Transform 146
Transform: AffineTransform_float_3_3
Parameters: 0.999998 0.00141704 -0.000902768 -0.0014143 0.999995 0.00275886 0.00090692 -0.00275739 0.999996 -0.0504287 -0.0607146 0.205438
FixedParameters: 0 0 0

#Transform 147
Transform: AffineTransform_float_3_3
Parameters: 0.999998 0.00136822 -0.0009692 -0.0013652 0.999995 0.0027186 0.000972972 -0.00271703 0.999996 -0.0548806 0.010491 0.271173
FixedParameters: 0 0 0

#Transform 148
Transform: AffineTransform_float_3_3
Parameters: 0.999998 0.00130192 -0.00107537 -0.00129946 0.999995 0.00283752 0.00107885 -0.0028359 0.999995 -0.0510082 -0.022014 0.204838
FixedParameters: 0 0 0

#Transform 149
Transform: AffineTransform_float_3_3
Parameters: 0.999999 0.00133001 -0.00084391 -0.00132766 0.999995 0.00272217 0.000847486 -0.00272101 0.999996 -0.0453031 -0.0317111 0.283815
FixedParameters: 0 0 0

#Transform 150
Transform: AffineTransform_float_3_3
Parameters: 0.999998 0.00140356 -0.000902295 -0.00140116 0.999996 0.00254179 0.000905851 -0.00254128 0.999996 -0.0448599 0.0822069 0.226865
FixedParameters: 0 0 0

#Transform 151
Transform: AffineTransform_float_3_3
Parameters: 0.999998 0.00130809 -0.00104365 -0.00130493 0.999996 0.00258882 0.00104676 -0.00258718 0.999996 -0.0528481 -0.0497705 0.237224
FixedParameters: 0 0 0

#Transform 152
Transform: AffineTransform_float_3_3
Parameters: 0.999999 0.00126765 -0.000808617 -0.00126581 0.999996 0.00252664 0.000811482 -0.00252568 0.999996 -0.0427592 0.025675 0.242109
FixedParameters: 0 0 0

#Transform 153
Transform: AffineTransform_float_3_3
Parameters: 0.999998 0.00131767 -0.00100274 -0.00131531 0.999997 0.00229375 0.00100525 -0.0022922 0.999997 -0.0406138 -0.0167781 0.202179
FixedParameters: 0 0 0

#Transform 154
Transform: AffineTransform_float_3_3
Parameters: 0.999999 0.00120385 -0.000808951 -0.00120262 0.999998 0.00143646 0.000810744 -0.00143553 0.999999 -0.050035 -0.168655 0.337942
FixedParameters: 0 0 0

#Transform 155
Transform: AffineTransform_float_3_3
Parameters: 0.999999 0.00128095 -0.000973411 -0.00127872 0.999998 0.00170596 0.00097599 -0.00170448 0.999998 -0.0403717 0.0942552 0.338106
FixedParameters: 0 0 0

#Transform 156
Transform: AffineTransform_float_3_3
Parameters: 0.999998 0.0013995 -0.000927675 -0.00139771 0.999997 0.00185815 0.000930271 -0.00185661 0.999998 -0.0371013 0.101796 0.29045
FixedParameters: 0 0 0

#Transform 157
Transform: AffineTransform_float_3_3
Parameters: 0.999999 0.00138032 -0.000799855 -0.00137961 0.999998 0.00150055 0.000801574 -0.00149905 0.999998 -0.0346145 0.00514226 0.258689
FixedParameters: 0 0 0

#Transform 158
Transform: AffineTransform_float_3_3
Parameters: 0.999999 0.00127666 -0.000839804 -0.0012751 0.999997 0.00191889 0.0008421 -0.00191779 0.999998 -0.0361326 -0.0941618 0.283348
FixedParameters: 0 0 0

#Transform 159
Transform: AffineTransform_float_3_3
Parameters: 0.999998 0.00138424 -0.00090921 -0.00138218 0.999997 0.00204848 0.000912276 -0.00204701 0.999997 -0.0343232 0.03334 0.248843
FixedParameters: 0 0 0

#Transform 160
Transform: AffineTransform_float_3_3
Parameters: 0.999998 0.00153243 -0.00103112 -0.00153076 0.999997 0.00158993 0.00103348 -0.00158876 0.999998 -0.0330073 -0.0162113 0.227729
FixedParameters: 0 0 0

#Transform 161
Transform: AffineTransform_float_3_3
Parameters: 0.999998 0.00143301 -0.000954367 -0.00143128 0.999997 0.00177591 0.000956852 -0.00177423 0.999998 -0.0355014 -0.0438613 0.268434
FixedParameters: 0 0 0

#Transform 162
Transform: AffineTransform_float_3_3
Parameters: 0.999998 0.00145944 -0.00104971 -0.00145757 0.999998 0.00168295 0.00105202 -0.00168093 0.999998 -0.026688 0.0658014 0.195348
FixedParameters: 0 0 0

#Transform 163
Transform: AffineTransform_float_3_3
Parameters: 0.999998 0.00143387 -0.000963615 -0.00143246 0.999998 0.00156497 0.000965586 -0.00156419 0.999998 -0.0314791 -0.0308665 0.203777
FixedParameters: 0 0 0

#Transform 164
Transform: AffineTransform_float_3_3
Parameters: 0.999998 0.00143826 -0.000951812 -0.00143626 0.999997 0.00192589 0.000954746 -0.00192421 0.999998 -0.0297453 -0.048929 0.245419
FixedParameters: 0 0 0

#Transform 165
Transform: AffineTransform_float_3_3
Parameters: 0.999998 0.00148969 -0.000976943 -0.00148766 0.999997 0.0021832 0.000979906 -0.00218138 0.999997 -0.0189497 0.0337479 0.214981
FixedParameters: 0 0 0

#Transform 166
Transform: AffineTransform_float_3_3
Parameters: 0.999999 0.00150221 -0.00111095 -0.00149946 0.999997 0.00194963 0.00111423 -0.00194862 0.999998 -0.0216526 -0.0113063 0.210876
FixedParameters: 0 0 0

#Transform 167
Transform: AffineTransform_float_3_3
Parameters: 0.999998 0.00139669 -0.000927583 -0.001395 0.999997 0.00181324 0.000930043 -0.0018117 0.999998 -0.0183214 0.000224445 0.234723
FixedParameters: 0 0 0

#Transform 168
Transform: AffineTransform_float_3_3
Parameters: 0.999999 0.00129884 -0.000865552 -0.00129844 0.999998 0.00166795 0.000867852 -0.0016668 0.999999 -0.0194624 -0.0676721 0.22816
FixedParameters: 0 0 0

#Transform 169
Transform: AffineTransform_float_3_3
Parameters: 0.999999 0.00130504 -0.000869523 -0.00130373 0.999998 0.00167416 0.000871376 -0.00167388 0.999998 -0.0186371 -0.0223132 0.228753
FixedParameters: 0 0 0

#Transform 170
Transform: AffineTransform_float_3_3
Parameters: 0.999999 0.00154418 -0.00104126 -0.00154257 0.999998 0.00154111 0.00104362 -0.00153988 0.999998 -0.0166054 -0.0659044 0.165931
FixedParameters: 0 0 0

#Transform 171
Transform: AffineTransform_float_3_3
Parameters: 0.999998 0.00146789 -0.000893109 -0.00146656 0.999998 0.00136684 0.00089551 -0.00136489 0.999998 -0.0189496 -0.117166 0.213609
FixedParameters: 0 0 0

#Transform 172
Transform: AffineTransform_float_3_3
Parameters: 0.999998 0.00132464 -0.00102191 -0.00132306 0.999998 0.00129575 0.00102362 -0.00129439 0.999999 -0.0118681 0.0727929 0.177367
FixedParameters: 0 0 0

#Transform 173
Transform: AffineTransform_float_3_3
Parameters: 0.999998 0.00144279 -0.00098242 -0.0014414 0.999998 0.0012613 0.000984392 -0.00125948 0.999999 -0.0166015 0.000528869 0.140585
FixedParameters: 0 0 0

#Transform 174
Transform: AffineTransform_float_3_3
Parameters: 0.999999 0.00135656 -0.000895778 -0.0013548 0.999997 0.00190791 0.00089835 -0.00190653 0.999998 -0.00966449 -0.000405456 0.150852
FixedParameters: 0 0 0

#Transform 175
Transform: AffineTransform_float_3_3
Parameters: 0.999998 0.00139407 -0.0008147 -0.00139248 0.999998 0.0016088 0.000817482 -0.00160848 0.999998 -0.00987251 -0.0778749 0.11578
FixedParameters: 0 0 0

#Transform 176
Transform: AffineTransform_float_3_3
Parameters: 0.999999 0.00141467 -0.000816255 -0.00141373 0.999997 0.0019496 0.000818355 -0.00194838 0.999998 -0.0092381 -0.0850429 0.150386
FixedParameters: 0 0 0

#Transform 177
Transform: AffineTransform_float_3_3
Parameters: 0.999999 0.00135905 -0.000895861 -0.00135722 0.999997 0.00194784 0.000898551 -0.00194645 0.999998 -0.00798386 -0.0213765 0.124483
FixedParameters: 0 0 0

#Transform 178
Transform: AffineTransform_float_3_3
Parameters: 0.999998 0.00144364 -0.000794567 -0.00144189 0.999997 0.00216702 0.000798152 -0.00216543 0.999997 -0.00723449 -0.0829125 0.119706
FixedParameters: 0 0 0

#Transform 179
Transform: AffineTransform_float_3_3
Parameters: 0.999999 0.0013593 -0.00089587 -0.00135746 0.999997 0.00195183 0.000898571 -0.00195045 0.999998 -0.00350476 -0.045438 0.135526
FixedParameters: 0 0 0

#Transform 180
Transform: AffineTransform_float_3_3
Parameters: 0.999999 0.0013593 -0.00089587 -0.00135746 0.999997 0.00195183 0.000898571 -0.00195045 0.999998 -0.000347161 -0.0285953 0.0846774
FixedParameters: 0 0 0

#Transform 181
Transform: AffineTransform_float_3_3
Parameters: 0.999998 0.00145453 -0.000758803 -0.00145324 0.999997 0.00194633 0.000761861 -0.00194518 0.999998 -0.00737491 -0.0688391 0.122802
FixedParameters: 0 0 0

#Transform 182
Transform: AffineTransform_float_3_3
Parameters: 0.999998 0.0015111 -0.000690957 -0.00150984 0.999997 0.00209152 0.000694695 -0.00209108 0.999997 -0.00972773 -0.0194935 0.0640026
FixedParameters: 0 0 0

#Transform 183
Transform: AffineTransform_float_3_3
Parameters: 0.999998 0.00136966 -0.000896233 -0.00136747 0.999997 0.00211706 0.00089939 -0.00211659 0.999997 -0.0108985 -0.0711295 0.108398
FixedParameters: 0 0 0

#Transform 184
Transform: AffineTransform_float_3_3
Parameters: 0.999999 0.00137486 -0.000896445 -0.00137316 0.999997 0.00220134 0.000898957 -0.00219996 0.999997 -0.0059836 -0.0192652 0.0923525
FixedParameters: 0 0 0

#Transform 185
Transform: AffineTransform_float_3_3
Parameters: 0.999998 0.00139519 -0.000897125 -0.00139284 0.999996 0.00252627 0.000900596 -0.00252579 0.999996 -0.00969833 -0.0133694 0.102758
FixedParameters: 0 0 0

#Transform 186
Transform: AffineTransform_float_3_3
Parameters: 0.999999 0.00137486 -0.000896445 -0.00137316 0.999997 0.00220134 0.000898957 -0.00219996 0.999997 -0.00989477 -0.0407745 0.0646528
FixedParameters: 0 0 0

#Transform 187
Transform: AffineTransform_float_3_3
Parameters: 0.999998 0.00142305 -0.000898115 -0.00142053 0.999995 0.00297389 0.000901976 -0.00297246 0.999995 -0.00438262 -0.03618 0.0673655
FixedParameters: 0 0 0

#Transform 188
Transform: AffineTransform_float_3_3
Parameters: 0.999999 0.00128233 -0.000791872 -0.00127953 0.999994 0.00318506 0.000796251 -0.00318412 0.999994 0.000612198 -0.083206 0.110419
FixedParameters: 0 0 0

#Transform 189
Transform: AffineTransform_float_3_3
Parameters: 0.999999 0.00136596 -0.000826917 -0.00136315 0.999994 0.00306169 0.000831491 -0.00306052 0.999995 0.00150316 -0.0258207 0.0526101
FixedParameters: 0 0 0
