#Insight Transform File V1.0
#Transform 0
Transform: AffineTransform_float_3_3
Parameters: 1 -0.000187791 -0.000534493 0.000187358 0.999997 -0.00245006 0.00053472 0.00244999 0.999997 -0.00246027 -0.000121649 0.00850642
FixedParameters: 0 0 0

#Transform 1
Transform: AffineTransform_float_3_3
Parameters: 1 -0.000178649 -0.000444678 0.000177761 0.999998 -0.0019033 0.000444542 0.00190319 0.999998 -0.00165871 0.0471258 0.0321786
FixedParameters: 0 0 0

#Transform 2
Transform: AffineTransform_float_3_3
Parameters: 1 -0.000176314 -0.000342753 0.000175766 0.999998 -0.00197218 0.000342634 0.00197211 0.999998 0.00273121 -0.0202679 -0.0149386
FixedParameters: 0 0 0

#Transform 3
Transform: AffineTransform_float_3_3
Parameters: 1 -2.13952e-05 -0.00024388 2.06935e-05 0.999999 -0.00142427 0.000243817 0.00142426 0.999999 0.00898697 -0.0660105 0.0119567
FixedParameters: 0 0 0

#Transform 4
Transform: AffineTransform_float_3_3
Parameters: 1 -0.000289631 -0.000265118 0.000289586 0.999998 -0.00161428 0.000265361 0.00161417 0.999998 0.0092245 0.0960965 -0.0333446
FixedParameters: 0 0 0

#Transform 5
Transform: AffineTransform_float_3_3
Parameters: 1 -0.000214178 -0.000121784 0.000213774 0.999998 -0.0016264 0.000122357 0.00162635 0.999998 0.00705455 0.0524799 -0.0581102
FixedParameters: 0 0 0

#Transform 6
Transform: AffineTransform_float_3_3
Parameters: 1 -6.93259e-05 -0.000355806 6.9093e-05 1 -0.00111914 0.000356652 0.00111913 1 -0.00117633 0.017363 -0.000552642
FixedParameters: 0 0 0

#Transform 7
Transform: AffineTransform_float_3_3
Parameters: 1 -0.000221962 -0.000449571 0.000221084 0.999999 -0.000909358 0.000449888 0.000910096 1 -0.00615021 0.0837143 -0.0488959
FixedParameters: 0 0 0

#Transform 8
Transform: AffineTransform_float_3_3
Parameters: 1 -1.02957e-05 -0.000662498 9.44509e-06 1 -0.000641972 0.000662511 0.000641959 0.999999 -0.0203886 0.061642 -0.0186686
FixedParameters: 0 0 0

#Transform 9
Transform: AffineTransform_float_3_3
Parameters: 1 0.000271521 -0.000473427 -0.000271804 1 -0.000298792 0.000473264 0.000299049 1 -0.0209911 -0.085275 0.0118042
FixedParameters: 0 0 0

#Transform 10
Transform: AffineTransform_float_3_3
Parameters: 0.999999 0.000257933 -0.000747557 -0.000257899 1 2.27482e-05 0.000747569 -2.23625e-05 0.999999 -0.0254925 0.0425222 0.0206549
FixedParameters: 0 0 0

#Transform 11
Transform: AffineTransform_float_3_3
Parameters: 1 -6.65302e-06 -0.000618403 6.13282e-06 1 -0.000420607 0.000618408 0.000420599 0.999999 -0.0161572 0.104455 -0.0876858
FixedParameters: 0 0 0

#Transform 12
Transform: AffineTransform_float_3_3
Parameters: 1 0.00012613 -0.000500603 -0.000126873 0.999999 -0.000741883 0.000500416 0.00074201 0.999999 -0.0173576 -0.0398977 0.0121226
FixedParameters: 0 0 0

#Transform 13
Transform: AffineTransform_float_3_3
Parameters: 1 -8.46359e-05 -0.000375975 8.45661e-05 0.999999 -0.000851771 0.000376932 0.000851745 0.999999 -0.00998523 0.0912844 -0.0137913
FixedParameters: 0 0 0

#Transform 14
Transform: AffineTransform_float_3_3
Parameters: 1 -0.000102527 -0.000303148 0.000102099 0.999999 -0.000745913 0.000303244 0.000745507 1 -0.00507374 0.0857034 -0.0886848
FixedParameters: 0 0 0

#Transform 15
Transform: AffineTransform_float_3_3
Parameters: 1 7.35627e-05 -0.00031092 -7.32377e-05 0.999999 -0.000794064 0.000310235 0.000794157 0.999999 -0.00674122 9.08303e-05 -0.00169098
FixedParameters: 0 0 0

#Transform 16
Transform: AffineTransform_float_3_3
Parameters: 1 -0.000149584 -0.000192403 0.000149378 1 -0.000535553 0.000192563 0.000535496 1 0.000669404 0.101763 -0.0592778
FixedParameters: 0 0 0

#Transform 17
Transform: AffineTransform_float_3_3
Parameters: 1 0.000192872 4.09816e-05 -0.000192803 0.999999 -0.000837278 -4.13045e-05 0.000837262 0.999999 0.00323658 -0.020976 -0.0366087
FixedParameters: 0 0 0

#Transform 18
Transform: AffineTransform_float_3_3
Parameters: 1 0.000175889 -0.000230389 -0.000176048 1 -0.000346232 0.000230267 0.000346313 1 -0.0100063 -0.0277669 0.05201
FixedParameters: 0 0 0

#Transform 19
Transform: AffineTransform_float_3_3
Parameters: 1 -4.56243e-05 -0.000167824 4.55655e-05 1 -0.000175138 0.00016784 0.000175123 1 -0.00165629 0.0820009 -0.01939
FixedParameters: 0 0 0

#Transform 20
Transform: AffineTransform_float_3_3
Parameters: 1 0.000309237 -0.000215463 -0.000309234 1 7.33725e-06 0.000215467 -7.20399e-06 1 -0.00489546 0.00856548 0.0361259
FixedParameters: 0 0 0

#Transform 21
Transform: AffineTransform_float_3_3
Parameters: 1 9.27116e-05 -8.58077e-05 -9.28034e-05 1 -0.000535001 8.57085e-05 0.000535017 1 -0.00423337 0.0449636 -0.010732
FixedParameters: 0 0 0

#Transform 22
Transform: AffineTransform_float_3_3
Parameters: 1 7.81961e-05 -4.60199e-05 -7.81761e-05 1 0.000216451 4.60538e-05 -0.000216444 1 -0.00474602 0.000126633 0.075159
FixedParameters: 0 0 0

#Transform 23
Transform: AffineTransform_float_3_3
Parameters: 1 -5.32992e-06 -0.000123252 5.38275e-06 1 0.000214295 0.00012325 -0.000214296 1 -0.001473 0.0906653 -0.0202924
FixedParameters: 0 0 0

#Transform 24
Transform: AffineTransform_float_3_3
Parameters: 1 0.000110277 -6.3093e-05 -0.000110233 1 0.00035068 6.31704e-05 -0.000350666 1 -0.0052359 0.0540997 0.0470584
FixedParameters: 0 0 0

#Transform 25
Transform: AffineTransform_float_3_3
Parameters: 1 6.05618e-05 -3.66002e-05 -6.05513e-05 1 0.000143427 3.66176e-05 -0.000143423 1 -0.00249353 0.0885144 0.00113568
FixedParameters: 0 0 0

#Transform 26
Transform: AffineTransform_float_3_3
Parameters: 1 5.464e-05 -0.000113213 -5.45599e-05 1 0.000353922 0.000113251 -0.00035391 1 -0.00453073 0.0693773 0.0303842
FixedParameters: 0 0 0

#Transform 27
Transform: AffineTransform_float_3_3
Parameters: 1 0.000247725 -0.000162448 -0.00024764 1 0.000261758 0.000162577 -0.000261677 1 -0.00612844 0.0232055 0.058082
FixedParameters: 0 0 0

#Transform 28
Transform: AffineTransform_float_3_3
Parameters: 1 0.000340196 -0.000223971 -0.000340046 1 0.000336042 0.0002242 -0.00033589 1 -0.00592833 0.016419 0.0531758
FixedParameters: 0 0 0

#Transform 29
Transform: AffineTransform_float_3_3
Parameters: 1 0.000422138 -0.000337688 -0.000421754 0.999999 0.000568121 0.000338167 -0.000567836 1 -0.00559933 0.0484839 0.0405278
FixedParameters: 0 0 0

#Transform 30
Transform: AffineTransform_float_3_3
Parameters: 1 0.000428369 -0.000158523 -0.000428155 0.999999 0.000674497 0.000159101 -0.000674361 1 -0.0070156 0.0127963 0.0738434
FixedParameters: 0 0 0

#Transform 31
Transform: AffineTransform_float_3_3
Parameters: 1 0.000371404 -0.000243612 -0.000371214 1 0.000389173 0.000243901 -0.000388992 1 -0.00458523 0.0557515 0.027488
FixedParameters: 0 0 0

#Transform 32
Transform: AffineTransform_float_3_3
Parameters: 1 0.000354757 -0.000219952 -0.000354452 0.999999 0.000691842 0.000220443 -0.000691686 0.999999 -0.00291677 0.0604401 0.00185929
FixedParameters: 0 0 0

#Transform 33
Transform: AffineTransform_float_3_3
Parameters: 1 0.000315183 -0.000192999 -0.000314922 0.999999 0.000676318 0.000193425 -0.000676197 1 -0.00744794 0.0673318 0.0375498
FixedParameters: 0 0 0

#Transform 34
Transform: AffineTransform_float_3_3
Parameters: 1 0.000359948 -0.000248855 -0.00035992 1 5.72245e-05 0.000248896 -5.70453e-05 1 -0.00452123 0.049104 0.0264646
FixedParameters: 0 0 0

#Transform 35
Transform: AffineTransform_float_3_3
Parameters: 1 0.000277377 -0.000188893 -0.000277333 1 0.00011658 0.000188957 -0.000116476 1 -0.00286122 0.0670218 0.00190168
FixedParameters: 0 0 0

#Transform 36
Transform: AffineTransform_float_3_3
Parameters: 1 0.000293833 -0.000337377 -0.00029376 1 0.000107072 0.00033744 -0.000106874 1 -0.0139173 0.0762497 0.0360241
FixedParameters: 0 0 0

#Transform 37
Transform: AffineTransform_float_3_3
Parameters: 1 0.000588139 -5.3299e-05 -0.000588134 1 5.08464e-05 5.33587e-05 -5.07836e-05 1 -0.0239436 0.00954732 0.0478171
FixedParameters: 0 0 0

#Transform 38
Transform: AffineTransform_float_3_3
Parameters: 0.999999 0.000759594 0.000168117 -0.000760294 1 0.000311077 -0.000168401 -0.000311028 0.999999 -0.017992 0.0230711 0.00284117
FixedParameters: 0 0 0

#Transform 39
Transform: AffineTransform_float_3_3
Parameters: 0.999999 0.000709637 0.000116234 -0.000709659 0.999999 9.49627e-05 -0.000116099 -9.51275e-05 1 -0.0246027 -0.0319442 0.0359105
FixedParameters: 0 0 0

#Transform 40
Transform: AffineTransform_float_3_3
Parameters: 0.999999 0.000788865 -0.000186181 -0.000788915 0.999999 -0.000135182 0.000185968 0.000135475 1 -0.02448 0.0208558 0.0425782
FixedParameters: 0 0 0

#Transform 41
Transform: AffineTransform_float_3_3
Parameters: 1 0.000668001 -0.000129633 -0.000668137 0.999999 -0.000524361 0.000128932 0.000524534 1 -0.0252795 0.0235493 0.0275829
FixedParameters: 0 0 0

#Transform 42
Transform: AffineTransform_float_3_3
Parameters: 1 0.000468046 -0.000205076 -0.000468114 1 -0.000165671 0.000204921 0.000165863 1 -0.0263482 0.06396 0.0128075
FixedParameters: 0 0 0

#Transform 43
Transform: AffineTransform_float_3_3
Parameters: 1 0.000456755 -0.000235051 -0.000456761 1 -1.37845e-05 0.000235038 1.39992e-05 1 -0.0275605 0.0599406 0.0208415
FixedParameters: 0 0 0

#Transform 44
Transform: AffineTransform_float_3_3
Parameters: 1 0.000514122 -0.000150549 -0.000514135 1 -4.20878e-05 0.000150506 4.22425e-05 1 -0.030493 0.0496602 0.0196442
FixedParameters: 0 0 0

#Transform 45
Transform: AffineTransform_float_3_3
Parameters: 0.999999 0.000725256 0.000115512 -0.000725336 0.999999 0.000349479 -0.000115005 -0.000349646 1 -0.028869 0.0292675 -0.00728333
FixedParameters: 0 0 0

#Transform 46
Transform: AffineTransform_float_3_3
Parameters: 1 0.00063383 -8.8902e-06 -0.000634397 1 0.000280574 8.43277e-06 -0.000280601 1 -0.0312531 0.0302808 -0.0162697
FixedParameters: 0 0 0

#Transform 47
Transform: AffineTransform_float_3_3
Parameters: 1 0.000467279 -0.000263572 -0.000467607 1 0.000463358 0.000263192 -0.00046315 1 -0.0300606 0.0441063 -0.000640388
FixedParameters: 0 0 0

#Transform 48
Transform: AffineTransform_float_3_3
Parameters: 1 0.00055935 -0.000123092 -0.00055926 1 0.000366 0.000123502 -0.000365862 1 -0.0354343 0.0235107 0.0646138
FixedParameters: 0 0 0

#Transform 49
Transform: AffineTransform_float_3_3
Parameters: 1 0.000438585 -0.000301172 -0.000438328 1 0.000425959 0.000301546 -0.000425694 1 -0.0326659 0.0652277 0.0289267
FixedParameters: 0 0 0

#Transform 50
Transform: AffineTransform_float_3_3
Parameters: 1 0.000459567 -0.00028864 -0.000459783 0.999999 0.000617045 0.000288394 -0.000616818 0.999999 -0.0342512 0.0173918 0.00025076
FixedParameters: 0 0 0

#Transform 51
Transform: AffineTransform_float_3_3
Parameters: 1 0.000473746 2.26868e-05 -0.00047296 0.999999 0.00072141 -2.25727e-05 -0.000721383 0.999999 -0.0245189 0.0434928 -0.00869843
FixedParameters: 0 0 0

#Transform 52
Transform: AffineTransform_float_3_3
Parameters: 1 0.00045806 0.000124071 -0.000458111 1 0.000204661 -0.000123884 -0.000204774 1 -0.0238498 0.0472426 -0.0605225
FixedParameters: 0 0 0

#Transform 53
Transform: AffineTransform_float_3_3
Parameters: 1 0.000194832 -0.00024469 -0.000195165 1 0.000487114 0.000244067 -0.000487057 1 -0.0396413 0.0334409 0.00838306
FixedParameters: 0 0 0

#Transform 54
Transform: AffineTransform_float_3_3
Parameters: 1 0.00039795 -0.000385701 -0.000397398 0.999999 0.000714727 0.00038627 -0.00071442 0.999999 -0.0271103 0.0763863 0.00234178
FixedParameters: 0 0 0

#Transform 55
Transform: AffineTransform_float_3_3
Parameters: 1 0.000483598 5.72021e-05 -0.000483641 1 0.000841621 -5.64245e-05 -0.000842613 1 -0.0336234 -0.0643581 0.0410678
FixedParameters: 0 0 0

#Transform 56
Transform: AffineTransform_float_3_3
Parameters: 1 0.000444087 -0.000291265 -0.000443852 1 0.000403611 0.000291624 -0.000403352 1 -0.0368457 0.0772421 0.0667367
FixedParameters: 0 0 0

#Transform 57
Transform: AffineTransform_float_3_3
Parameters: 0.999999 0.000756369 0.000162312 -0.000756474 0.999999 0.000323648 -0.000161822 -0.000323893 1 -0.0301171 -0.0393048 0.0501566
FixedParameters: 0 0 0

#Transform 58
Transform: AffineTransform_float_3_3
Parameters: 1 0.000570343 -6.26039e-05 -0.000570359 1 -0.000126426 6.24597e-05 0.000126497 1 -0.0275833 -0.0316323 0.142509
FixedParameters: 0 0 0

#Transform 59
Transform: AffineTransform_float_3_3
Parameters: 1 0.000556412 -8.3932e-05 -0.000556454 1 -0.000109934 8.38657e-05 0.000110371 1 -0.0282132 0.0667633 0.120051
FixedParameters: 0 0 0

#Transform 60
Transform: AffineTransform_float_3_3
Parameters: 1 0.000661416 5.7546e-05 -0.000661414 1 -1.74543e-05 -5.75691e-05 1.73781e-05 1 -0.0283065 -0.038516 0.115854
FixedParameters: 0 0 0

#Transform 61
Transform: AffineTransform_float_3_3
Parameters: 1 0.000612589 0.000104016 -0.000612599 1 4.88066e-05 -0.000103956 -4.8934e-05 1 -0.0239236 0.0431408 0.0900389
FixedParameters: 0 0 0

#Transform 62
Transform: AffineTransform_float_3_3
Parameters: 1 0.000351612 0.000118604 -0.000351629 1 7.09371e-05 -0.000118554 -7.10205e-05 1 -0.0262388 -0.0254971 0.14549
FixedParameters: 0 0 0

#Transform 63
Transform: AffineTransform_float_3_3
Parameters: 1 0.000411898 4.4858e-06 -0.000411901 1 0.000314332 -4.22686e-06 -0.000314335 1 -0.0298995 0.0680182 0.144881
FixedParameters: 0 0 0

#Transform 64
Transform: AffineTransform_float_3_3
Parameters: 1 0.000431864 0.000121373 -0.00043183 1 -0.000139384 -0.000121493 0.000139279 1 -0.0268994 -0.0471847 0.075155
FixedParameters: 0 0 0

#Transform 65
Transform: AffineTransform_float_3_3
Parameters: 1 0.00044455 8.90899e-05 -0.000444535 1 -8.41611e-05 -8.91647e-05 8.40819e-05 1 -0.0307204 -0.0296791 0.0866197
FixedParameters: 0 0 0

#Transform 66
Transform: AffineTransform_float_3_3
Parameters: 0.999999 0.000817771 0.000289756 -0.000817704 0.999999 -0.000116606 -0.000289946 0.000116132 1 -0.022948 -0.00359323 -0.0113446
FixedParameters: 0 0 0

#Transform 67
Transform: AffineTransform_float_3_3
Parameters: 1 0.000565542 0.000307596 -0.000564848 1 0.000201644 -0.000307936 -0.000201943 1 -0.0220268 -0.0782458 0.047533
FixedParameters: 0 0 0

#Transform 68
Transform: AffineTransform_float_3_3
Parameters: 1 0.000252216 3.42611e-05 -0.000252211 1 -8.25199e-05 -3.43027e-05 8.25026e-05 1 -0.0189402 0.0839083 0.0404587
FixedParameters: 0 0 0

#Transform 69
Transform: AffineTransform_float_3_3
Parameters: 1 0.000371365 0.000397399 -0.000370999 1 -0.000460381 -0.000397741 0.000460086 1 -0.0147671 -0.0535759 0.0116507
FixedParameters: 0 0 0

#Transform 70
Transform: AffineTransform_float_3_3
Parameters: 1 6.59584e-05 7.71341e-05 -6.59725e-05 1 9.13942e-05 -7.7122e-05 -9.14044e-05 1 -0.0159114 0.0838928 0.00214277
FixedParameters: 0 0 0

#Transform 71
Transform: AffineTransform_float_3_3
Parameters: 1 0.000329347 0.000455491 -0.000329197 1 -0.000164045 -0.000455599 0.000163745 1 -0.0155664 0.0192482 -0.0638166
FixedParameters: 0 0 0

#Transform 72
Transform: AffineTransform_float_3_3
Parameters: 1 0.000365373 0.000482275 -0.000365441 1 7.02496e-05 -0.000482223 -7.0602e-05 1 -0.0165523 -0.0466553 0.0233582
FixedParameters: 0 0 0

#Transform 73
Transform: AffineTransform_float_3_3
Parameters: 1 0.000350444 0.000431565 -0.000350502 1 6.70044e-05 -0.000431517 -6.73068e-05 1 -0.013204 0.0650317 -0.039714
FixedParameters: 0 0 0

#Transform 74
Transform: AffineTransform_float_3_3
Parameters: 1 0.000388467 0.000434804 -0.000388698 1 0.000265034 -0.000434598 -0.000265372 1 -0.0180572 -0.0380148 0.0041557
FixedParameters: 0 0 0

#Transform 75
Transform: AffineTransform_float_3_3
Parameters: 1 0.000237076 0.000447252 -0.000237192 1 0.00013018 -0.00044719 -0.000130392 1 -0.0223772 0.0523025 -0.0630831
FixedParameters: 0 0 0

#Transform 76
Transform: AffineTransform_float_3_3
Parameters: 1 0.000282361 0.000407277 -0.000282294 1 -8.31478e-05 -0.000407324 8.29178e-05 1 -0.0211538 -0.0334694 -0.0814602
FixedParameters: 0 0 0

#Transform 77
Transform: AffineTransform_float_3_3
Parameters: 1 0.000249211 0.000456105 -0.000249732 1 0.00057128 -0.00045582 -0.000571507 0.999999 -0.0256699 -0.0282559 -0.004563
FixedParameters: 0 0 0

#Transform 78
Transform: AffineTransform_float_3_3
Parameters: 1 0.000241494 0.000454936 -0.000241862 1 0.000404443 -0.00045474 -0.000404663 1 -0.0152914 0.0797155 -0.0799232
FixedParameters: 0 0 0

#Transform 79
Transform: AffineTransform_float_3_3
Parameters: 1 0.000356514 0.000368939 -0.000355886 1 0.000256834 -0.000369324 -0.000257048 1 -0.017572 0.0428016 -0.0803702
FixedParameters: 0 0 0

#Transform 80
Transform: AffineTransform_float_3_3
Parameters: 1 0.000228855 0.000269597 -0.000228853 1 -4.15383e-06 -0.000269599 4.03044e-06 1 -0.0146536 -0.117724 -0.00531337
FixedParameters: 0 0 0

#Transform 81
Transform: AffineTransform_float_3_3
Parameters: 1 0.000383452 0.000450964 -0.000383303 0.999999 0.000741332 -0.000450965 -0.000741629 0.999999 -0.0239471 0.038376 -0.036272
FixedParameters: 0 0 0

#Transform 82
Transform: AffineTransform_float_3_3
Parameters: 1 0.000228197 0.000324179 -0.000228222 1 3.81476e-05 -0.000324162 -3.82956e-05 1 -0.0119327 0.0514831 -0.13254
FixedParameters: 0 0 0

#Transform 83
Transform: AffineTransform_float_3_3
Parameters: 1 0.000418062 0.000340313 -0.000417665 0.999999 0.00061862 -0.000340365 -0.000618857 0.999999 -0.0238763 -0.00925846 -0.0414036
FixedParameters: 0 0 0

#Transform 84
Transform: AffineTransform_float_3_3
Parameters: 1 0.000245173 0.000303243 -0.000245206 1 5.50627e-05 -0.000303216 -5.52114e-05 1 -0.0108728 0.0781017 -0.0994303
FixedParameters: 0 0 0

#Transform 85
Transform: AffineTransform_float_3_3
Parameters: 1 0.000403832 0.000339979 -0.000403258 1 0.000359013 -0.000340258 -0.000359239 1 -0.0171312 0.024697 -0.0520522
FixedParameters: 0 0 0

#Transform 86
Transform: AffineTransform_float_3_3
Parameters: 1 0.000431652 0.000320511 -0.000431881 1 0.000357182 -0.000320203 -0.000357458 1 -0.0251924 -0.0383129 -0.0185157
FixedParameters: 0 0 0

#Transform 87
Transform: AffineTransform_float_3_3
Parameters: 1 0.0004571 0.000315511 -0.00045671 0.999999 0.000679249 -0.000315459 -0.000679489 0.999999 -0.024105 0.00351385 -0.0394998
FixedParameters: 0 0 0

#Transform 88
Transform: AffineTransform_float_3_3
Parameters: 1 0.00025944 4.51196e-05 -0.000258695 0.999999 0.000812812 -4.52673e-05 -0.000812787 0.999999 -0.0178849 -0.0888127 0.00784845
FixedParameters: 0 0 0

#Transform 89
Transform: AffineTransform_float_3_3
Parameters: 1 0.000425864 0.000351531 -0.000426603 1 0.00104191 -0.000350765 -0.00104221 1 -0.0108415 0.0243451 -0.0300892
FixedParameters: 0 0 0

#Transform 90
Transform: AffineTransform_float_3_3
Parameters: 1 0.000414499 0.000353186 -0.000414365 0.999999 0.000883842 -0.000353108 -0.000883149 1 -0.00541273 0.00211941 -0.0502686
FixedParameters: 0 0 0

#Transform 91
Transform: AffineTransform_float_3_3
Parameters: 1 0.000422356 0.000354892 -0.000423118 1 0.00106519 -0.000354114 -0.00106549 1 -0.00751892 -0.0311404 0.018894
FixedParameters: 0 0 0

#Transform 92
Transform: AffineTransform_float_3_3
Parameters: 1 0.000264268 0.000452658 -0.00026413 0.999999 0.000750722 -0.00045283 -0.000750913 0.999999 -0.00667199 0.0522849 -0.0512406
FixedParameters: 0 0 0

#Transform 93
Transform: AffineTransform_float_3_3
Parameters: 1 0.00034003 0.000198975 -0.000339489 0.999999 0.000696131 -0.000199071 -0.000696218 0.999999 -0.00513253 0.0610527 -0.0240401
FixedParameters: 0 0 0

#Transform 94
Transform: AffineTransform_float_3_3
Parameters: 1 0.000181702 0.000335868 -0.000181573 1 0.000659251 -0.000334815 -0.000659335 1 -0.00297307 0.0558256 -0.0584833
FixedParameters: 0 0 0

#Transform 95
Transform: AffineTransform_float_3_3
Parameters: 1 0.000222258 0.000277659 -0.000222064 0.999999 0.00101571 -0.000277863 -0.00101484 1 -0.00384911 -0.044265 0.0223717
FixedParameters: 0 0 0

#Transform 96
Transform: AffineTransform_float_3_3
Parameters: 1 0.000182563 0.000264412 -0.000182877 1 0.000593802 -0.000264195 -0.000593899 1 -0.00363172 0.0527113 -0.0649716
FixedParameters: 0 0 0

#Transform 97
Transform: AffineTransform_float_3_3
Parameters: 1 0.00030979 0.000201673 -0.000309458 0.999999 0.00118993 -0.000201628 -0.00119001 1 -0.00770314 -0.0687058 0.000286993
FixedParameters: 0 0 0

#Transform 98
Transform: AffineTransform_float_3_3
Parameters: 1 0.000322835 0.000190594 -0.000322368 0.999999 0.000921586 -0.000190569 -0.000921661 0.999999 -0.0102822 0.0632945 -0.0501096
FixedParameters: 0 0 0

#Transform 99
Transform: AffineTransform_float_3_3
Parameters: 1 0.000261596 0.000201362 -0.00026201 1 0.00101151 -0.000200954 -0.00101162 1 -0.0132787 -0.033292 -0.0243995
FixedParameters: 0 0 0

#Transform 100
Transform: AffineTransform_float_3_3
Parameters: 1 0.000210549 0.000200669 -0.000210821 0.999999 0.000678024 -0.000200383 -0.000678109 1 -0.00774318 0.0503427 -0.0732095
FixedParameters: 0 0 0

#Transform 101
Transform: AffineTransform_float_3_3
Parameters: 1 0.000199078 0.000240805 -0.000199484 0.999999 0.000844175 -0.000240469 -0.000844271 0.999999 -0.0138882 0.00268531 -0.0510963
FixedParameters: 0 0 0

#Transform 102
Transform: AffineTransform_float_3_3
Parameters: 1 0.000242887 0.000293257 -0.000243346 0.999999 0.000783534 -0.000292876 -0.000783676 0.999999 -0.0119573 0.017372 -0.0792703
FixedParameters: 0 0 0

#Transform 103
Transform: AffineTransform_float_3_3
Parameters: 1 0.000242949 0.000355016 -0.000243542 0.999999 0.000835829 -0.00035461 -0.000836002 0.999999 -0.0111529 0.00095019 -0.0891054
FixedParameters: 0 0 0

#Transform 104
Transform: AffineTransform_float_3_3
Parameters: 1 0.000124879 0.00023962 -0.000125465 1 0.00120742 -0.000239441 -0.00120749 0.999999 -0.00664817 -0.0318517 -0.0317941
FixedParameters: 0 0 0

#Transform 105
Transform: AffineTransform_float_3_3
Parameters: 1 0.000122532 0.000300526 -0.000122189 0.999999 0.000790042 -0.000300902 -0.000790068 0.999999 -0.000298205 0.0259516 -0.0876433
FixedParameters: 0 0 0

#Transform 106
Transform: AffineTransform_float_3_3
Parameters: 1 0.000108918 0.000247348 -0.000109479 1 0.00112127 -0.000247225 -0.00112133 1 0.000866106 0.0447794 -0.0635452
FixedParameters: 0 0 0

#Transform 107
Transform: AffineTransform_float_3_3
Parameters: 1 2.36881e-05 0.000315228 -2.35653e-05 1 0.00109075 -0.000315867 -0.00109072 1 0.00448647 0.0195034 -0.0524366
FixedParameters: 0 0 0

#Transform 108
Transform: AffineTransform_float_3_3
Parameters: 1 -2.92823e-05 0.000263532 2.92503e-05 1 0.0011329 -0.000262907 -0.00113285 1 0.0127841 0.0292647 -0.0640109
FixedParameters: 0 0 0

#Transform 109
Transform: AffineTransform_float_3_3
Parameters: 1 -6.18311e-05 0.000284752 6.11106e-05 0.999999 0.00125217 -0.000285028 -0.00125214 0.999999 0.0126102 0.0288298 -0.0609874
FixedParameters: 0 0 0

#Transform 110
Transform: AffineTransform_float_3_3
Parameters: 1 -6.31362e-05 0.000256613 6.25155e-05 1 0.00119505 -0.000256886 -0.00119501 1 0.0127177 -0.0038061 -0.0969005
FixedParameters: 0 0 0

#Transform 111
Transform: AffineTransform_float_3_3
Parameters: 1 6.52792e-05 8.65649e-05 -6.55672e-05 0.999998 0.00162336 -8.6475e-05 -0.00162337 0.999998 0.00493595 -0.00906693 -0.0184522
FixedParameters: 0 0 0

#Transform 112
Transform: AffineTransform_float_3_3
Parameters: 1 -3.95291e-05 -6.94265e-05 3.97478e-05 0.999998 0.00162926 6.91748e-05 -0.00162927 0.999998 0.00700586 0.0854962 -0.0517437
FixedParameters: 0 0 0

#Transform 113
Transform: AffineTransform_float_3_3
Parameters: 1 0.000125411 0.000186995 -0.000125952 0.999999 0.00142863 -0.000186758 -0.00142868 0.999999 0.00977935 -0.0482284 -0.0152884
FixedParameters: 0 0 0

#Transform 114
Transform: AffineTransform_float_3_3
Parameters: 1 4.21097e-05 0.000236759 -4.2269e-05 0.999999 0.00153116 -0.000235939 -0.00153114 0.999999 0.00468166 0.0430827 -0.0360859
FixedParameters: 0 0 0

#Transform 115
Transform: AffineTransform_float_3_3
Parameters: 1 3.02258e-05 0.000331401 -2.98345e-05 0.999999 0.0014962 -0.000331189 -0.00149613 0.999999 0.0105308 -0.0206261 -0.0212209
FixedParameters: 0 0 0

#Transform 116
Transform: AffineTransform_float_3_3
Parameters: 1 4.40609e-05 0.000362182 -4.38554e-05 0.999998 0.00162569 -0.000361918 -0.00162564 0.999998 0.0123241 0.045522 -0.0534049
FixedParameters: 0 0 0

#Transform 117
Transform: AffineTransform_float_3_3
Parameters: 1 5.82345e-05 0.000410876 -5.98178e-05 0.999998 0.00190943 -0.000410896 -0.00190948 0.999998 0.00353946 0.0238556 -0.020366
FixedParameters: 0 0 0

#Transform 118
Transform: AffineTransform_float_3_3
Parameters: 1 8.08882e-05 0.00040605 -8.24266e-05 0.999998 0.00187695 -0.000405989 -0.00187702 0.999998 0.00419974 0.0189409 -0.0245897
FixedParameters: 0 0 0

#Transform 119
Transform: AffineTransform_float_3_3
Parameters: 1 1.74657e-05 0.000427056 -1.80217e-05 0.999998 0.00162785 -0.000427746 -0.00162816 0.999999 0.00395615 0.0355923 -0.0526146
FixedParameters: 0 0 0

#Transform 120
Transform: AffineTransform_float_3_3
Parameters: 1 8.67123e-05 0.000348643 -8.72658e-05 0.999998 0.00194558 -0.000349118 -0.00194559 0.999998 -0.000417676 0.0286196 -0.019067
FixedParameters: 0 0 0

#Transform 121
Transform: AffineTransform_float_3_3
Parameters: 1 0.000304653 0.000482091 -0.000305997 0.999998 0.00222106 -0.000481671 -0.0022213 0.999998 -0.00782464 0.0534959 -0.0258676
FixedParameters: 0 0 0

#Transform 122
Transform: AffineTransform_float_3_3
Parameters: 1 0.000317958 0.000458717 -0.000318859 0.999998 0.00185949 -0.000458347 -0.00185973 0.999998 -0.00357566 -0.0503953 -0.0101796
FixedParameters: 0 0 0

#Transform 123
Transform: AffineTransform_float_3_3
Parameters: 1 0.000306017 0.000474675 -0.000307163 0.999998 0.00205464 -0.000474229 -0.00205488 0.999998 -0.00716099 0.00988958 0.00425107
FixedParameters: 0 0 0

#Transform 124
Transform: AffineTransform_float_3_3
Parameters: 1 0.00024927 0.000512509 -0.00025053 0.999998 0.00201419 -0.000512316 -0.0020144 0.999998 0.000460734 -0.0527157 0.0183645
FixedParameters: 0 0 0

#Transform 125
Transform: AffineTransform_float_3_3
Parameters: 1 0.000270344 0.000508709 -0.000271879 0.999998 0.00229239 -0.000508403 -0.00229262 0.999997 0.00152512 0.10783 -0.052327
FixedParameters: 0 0 0

#Transform 126
Transform: AffineTransform_float_3_3
Parameters: 1 0.000228556 0.000537823 -0.000229654 0.999998 0.00229511 -0.000536895 -0.00229527 0.999997 0.00170632 0.039414 -0.0404453
FixedParameters: 0 0 0

#Transform 127
Transform: AffineTransform_float_3_3
Parameters: 1 0.000215643 0.000463676 -0.00021636 0.999997 0.00219495 -0.000462815 -0.00219413 0.999998 0.000314 0.0446688 -0.068596
FixedParameters: 0 0 0

#Transform 128
Transform: AffineTransform_float_3_3
Parameters: 1 0.000198629 0.000480712 -0.000199467 0.999998 0.00229679 -0.000479921 -0.00229689 0.999997 0.000627765 0.0441259 -0.0649261
FixedParameters: 0 0 0

#Transform 129
Transform: AffineTransform_float_3_3
Parameters: 1 0.000241307 0.000538742 -0.000242678 0.999996 0.00254479 -0.000537633 -0.00254496 0.999996 -0.000357946 0.0141937 -0.0658161
FixedParameters: 0 0 0

#Transform 130
Transform: AffineTransform_float_3_3
Parameters: 1 0.000190046 0.000564657 -0.00019127 0.999998 0.00229759 -0.000563904 -0.00229772 0.999997 0.000535314 -0.0509898 -0.0838257
FixedParameters: 0 0 0

#Transform 131
Transform: AffineTransform_float_3_3
Parameters: 1 0.000184415 0.000582799 -0.000185316 0.999996 0.00266406 -0.000582685 -0.00266448 0.999997 0.00265195 0.0135661 -0.0530578
FixedParameters: 0 0 0

#Transform 132
Transform: AffineTransform_float_3_3
Parameters: 1 8.84485e-05 0.000566598 -8.94502e-05 0.999998 0.00209852 -0.000566225 -0.00209853 0.999997 0.00613015 -0.0264938 -0.107406
FixedParameters: 0 0 0

#Transform 133
Transform: AffineTransform_float_3_3
Parameters: 1 0.000226088 0.000545346 -0.000226565 0.999997 0.00244362 -0.000544932 -0.00244373 0.999997 -0.00395971 -0.0915108 -0.0124996
FixedParameters: 0 0 0

#Transform 134
Transform: AffineTransform_float_3_3
Parameters: 1 0.000162028 0.000588792 -0.000163481 0.999997 0.00241795 -0.000588185 -0.0024184 0.999997 -0.00187141 0.106892 -0.0386383
FixedParameters: 0 0 0

#Transform 135
Transform: AffineTransform_float_3_3
Parameters: 1 0.000240518 0.000546088 -0.000242101 0.999996 0.00272052 -0.000545077 -0.00272104 0.999997 -0.000230578 0.149781 -0.0524838
FixedParameters: 0 0 0

#Transform 136
Transform: AffineTransform_float_3_3
Parameters: 0.999999 0.000226644 0.000856595 -0.000229162 0.999997 0.00228356 -0.000855733 -0.0022842 0.999998 -0.00219168 0.0533081 -0.0364676
FixedParameters: 0 0 0

#Transform 137
Transform: AffineTransform_float_3_3
Parameters: 0.999999 0.000283624 0.00079721 -0.000285696 0.999996 0.00268261 -0.000796553 -0.00268327 0.999997 -0.00240781 -0.0212302 0.044359
FixedParameters: 0 0 0

#Transform 138
Transform: AffineTransform_float_3_3
Parameters: 0.999999 0.000134436 0.000694496 -0.000136428 0.999997 0.00241968 -0.000693963 -0.00241979 0.999997 6.29672e-05 0.0543148 -0.00777691
FixedParameters: 0 0 0

#Transform 139
Transform: AffineTransform_float_3_3
Parameters: 0.999999 0.000300438 0.000932503 -0.000303118 0.999997 0.00257893 -0.000931724 -0.00257842 0.999996 -0.000238961 -0.0802652 0.0193961
FixedParameters: 0 0 0

#Transform 140
Transform: AffineTransform_float_3_3
Parameters: 0.999999 0.000294982 0.000899521 -0.000297515 0.999996 0.00260454 -0.000898811 -0.00260435 0.999997 -0.000869172 -0.00963739 0.0250703
FixedParameters: 0 0 0

#Transform 141
Transform: AffineTransform_float_3_3
Parameters: 1 0.00024898 0.000911624 -0.000251574 0.999997 0.0025941 -0.000910981 -0.00259348 0.999996 0.00184405 0.0735938 -0.0234118
FixedParameters: 0 0 0

#Transform 142
Transform: AffineTransform_float_3_3
Parameters: 0.999999 0.000207154 0.000830502 -0.000208888 0.999997 0.00236055 -0.000830211 -0.00236076 0.999997 0.00119344 0.0411759 -0.0190015
FixedParameters: 0 0 0

#Transform 143
Transform: AffineTransform_float_3_3
Parameters: 0.999999 0.000161711 0.000697434 -0.000164334 0.999996 0.00285781 -0.000696748 -0.00285795 0.999995 -0.00500602 0.0366283 0.0381618
FixedParameters: 0 0 0

#Transform 144
Transform: AffineTransform_float_3_3
Parameters: 1 0.000184019 0.000636021 -0.000184959 0.999997 0.00245854 -0.000635805 -0.00245864 0.999997 -0.00512192 0.00620482 -0.00296354
FixedParameters: 0 0 0

#Transform 145
Transform: AffineTransform_float_3_3
Parameters: 1 0.00022817 0.000633827 -0.000230373 0.999996 0.0028144 -0.000632782 -0.00281461 0.999996 -0.0055746 0.0439714 -0.000517111
FixedParameters: 0 0 0

#Transform 146
Transform: AffineTransform_float_3_3
Parameters: 1 0.000239655 0.000638076 -0.000240868 0.999997 0.00265947 -0.000637612 -0.00265964 0.999996 -0.000214338 0.0101304 -0.00247558
FixedParameters: 0 0 0

#Transform 147
Transform: AffineTransform_float_3_3
Parameters: 1 0.000381803 0.000615637 -0.000384459 0.999996 0.00280076 -0.00061455 -0.00280119 0.999996 -0.00549215 0.0645418 -0.0087564
FixedParameters: 0 0 0

#Transform 148
Transform: AffineTransform_float_3_3
Parameters: 1 0.000343664 0.000482704 -0.000345698 0.999995 0.00292796 -0.000481744 -0.00292824 0.999995 -0.00794987 0.0105999 0.00962898
FixedParameters: 0 0 0

#Transform 149
Transform: AffineTransform_float_3_3
Parameters: 1 0.000340393 0.000486532 -0.000341733 0.999995 0.00296977 -0.00048622 -0.00296907 0.999996 -0.00534185 0.064863 -0.0233541
FixedParameters: 0 0 0

#Transform 150
Transform: AffineTransform_float_3_3
Parameters: 1 0.000363878 0.000550958 -0.000365158 0.999997 0.00257377 -0.000550673 -0.00257314 0.999997 -0.00764961 0.0172576 -0.0266143
FixedParameters: 0 0 0

#Transform 151
Transform: AffineTransform_float_3_3
Parameters: 1 0.000310623 0.000503416 -0.000311332 0.999996 0.00287205 -0.000502444 -0.00287223 0.999995 -0.00561586 -0.0105978 0.0156158
FixedParameters: 0 0 0

#Transform 152
Transform: AffineTransform_float_3_3
Parameters: 0.999999 0.000435899 0.000668298 -0.000438118 0.999996 0.00286473 -0.000667421 -0.00286522 0.999995 -0.00438451 0.0328674 -0.042493
FixedParameters: 0 0 0

#Transform 153
Transform: AffineTransform_float_3_3
Parameters: 1 0.000407833 0.000441853 -0.000409717 0.999996 0.00302204 -0.000440563 -0.00302236 0.999996 -0.0113043 0.0171575 -0.0656707
FixedParameters: 0 0 0

#Transform 154
Transform: AffineTransform_float_3_3
Parameters: 1 0.000379137 0.000460244 -0.000380334 0.999995 0.00298432 -0.000459691 -0.00298364 0.999995 -0.0142251 0.000264961 -0.0256972
FixedParameters: 0 0 0

#Transform 155
Transform: AffineTransform_float_3_3
Parameters: 1 0.000409806 0.000434393 -0.000410686 0.999996 0.00286566 -0.00043367 -0.00286592 0.999996 -0.00936912 0.0246995 -0.0415389
FixedParameters: 0 0 0

#Transform 156
Transform: AffineTransform_float_3_3
Parameters: 1 0.000416285 0.000421873 -0.000417738 0.999997 0.00266179 -0.000420712 -0.0026621 0.999997 -0.00820459 0.0171563 -0.059849
FixedParameters: 0 0 0

#Transform 157
Transform: AffineTransform_float_3_3
Parameters: 1 0.000374917 0.000443568 -0.000376296 0.999996 0.00248241 -0.000442695 -0.00248304 0.999997 -0.0105884 0.0218654 -0.0636394
FixedParameters: 0 0 0

#Transform 158
Transform: AffineTransform_float_3_3
Parameters: 0.999999 0.000626932 0.000639255 -0.000628459 0.999997 0.00246005 -0.000637672 -0.00246076 0.999996 -0.0217634 -0.00811328 -0.0671825
FixedParameters: 0 0 0

#Transform 159
Transform: AffineTransform_float_3_3
Parameters: 1 0.000627933 0.000414821 -0.000628472 0.999997 0.00259362 -0.000413189 -0.00259404 0.999997 -0.0229219 -0.0185198 -0.0590657
FixedParameters: 0 0 0

#Transform 160
Transform: AffineTransform_float_3_3
Parameters: 0.999999 0.000642701 0.000416473 -0.000643396 0.999996 0.00277104 -0.000414536 -0.00277148 0.999996 -0.0219368 -0.0213336 -0.0353017
FixedParameters: 0 0 0

#Transform 161
Transform: AffineTransform_float_3_3
Parameters: 0.999999 0.000677609 0.000445702 -0.000678862 0.999997 0.00230504 -0.000443511 -0.0023056 0.999997 -0.0229783 -0.0496063 -0.0661614
FixedParameters: 0 0 0

#Transform 162
Transform: AffineTransform_float_3_3
Parameters: 0.999999 0.000722674 0.000626467 -0.000724812 0.999997 0.00249458 -0.00062526 -0.00249449 0.999997 -0.0202198 0.0406442 -0.0942943
FixedParameters: 0 0 0

#Transform 163
Transform: AffineTransform_float_3_3
Parameters: 0.999999 0.000765809 0.000529143 -0.00076718 0.999995 0.00282182 -0.000526444 -0.00282253 0.999996 -0.0215309 0.0288809 -0.0823363
FixedParameters: 0 0 0

#Transform 164
Transform: AffineTransform_float_3_3
Parameters: 0.999999 0.000754881 0.000447931 -0.000756288 0.999996 0.00273208 -0.000446243 -0.0027327 0.999996 -0.0237313 0.0160199 -0.0938744
FixedParameters: 0 0 0

#Transform 165
Transform: AffineTransform_float_3_3
Parameters: 0.999999 0.000670265 0.00044359 -0.000671736 0.999996 0.00283148 -0.000442231 -0.00283202 0.999996 -0.0258304 0.00662396 -0.0747615
FixedParameters: 0 0 0

#Transform 166
Transform: AffineTransform_float_3_3
Parameters: 0.999999 0.000736969 0.00036208 -0.000737296 0.999996 0.0026799 -0.000359756 -0.00268034 0.999997 -0.0250949 -0.0193425 -0.0929755
FixedParameters: 0 0 0

#Transform 167
Transform: AffineTransform_float_3_3
Parameters: 0.999999 0.000865759 0.000483965 -0.000867237 0.999996 0.00260208 -0.000481896 -0.00260286 0.999997 -0.0331025 -0.0310483 -0.0858957
FixedParameters: 0 0 0

#Transform 168
Transform: AffineTransform_float_3_3
Parameters: 0.999999 0.000785147 0.000280224 -0.000785578 0.999996 0.00262558 -0.000278541 -0.00262596 0.999997 -0.0283243 -0.0445382 -0.0529747
FixedParameters: 0 0 0

#Transform 169
Transform: AffineTransform_float_3_3
Parameters: 0.999999 0.000769961 0.000309717 -0.000770418 0.999997 0.00242722 -0.000308296 -0.00242764 0.999997 -0.0297086 -0.0269334 -0.0532052
FixedParameters: 0 0 0

#Transform 170
Transform: AffineTransform_float_3_3
Parameters: 0.999999 0.000827135 0.000268096 -0.000827537 0.999996 0.00259436 -0.000266207 -0.00259381 0.999997 -0.0287935 -0.0290091 -0.0612098
FixedParameters: 0 0 0

#Transform 171
Transform: AffineTransform_float_3_3
Parameters: 0.999999 0.000794223 0.000294268 -0.000794811 0.999996 0.00276932 -0.000292309 -0.00276973 0.999996 -0.0261057 0.00849924 -0.0871345
FixedParameters: 0 0 0

#Transform 172
Transform: AffineTransform_float_3_3
Parameters: 0.999999 0.000821235 0.000329167 -0.000822057 0.999995 0.00283186 -0.000326954 -0.00283234 0.999996 -0.0285597 0.00897985 -0.0802535
FixedParameters: 0 0 0

#Transform 173
Transform: AffineTransform_float_3_3
Parameters: 0.999999 0.000860939 0.000278616 -0.00086157 0.999995 0.00289787 -0.000276151 -0.00289736 0.999996 -0.0272275 0.00407971 -0.0775027
FixedParameters: 0 0 0

#Transform 174
Transform: AffineTransform_float_3_3
Parameters: 0.999999 0.000946857 0.000209707 -0.000948383 0.999995 0.0028147 -0.000207058 -0.00281512 0.999996 -0.0366928 0.000524591 -0.0820744
FixedParameters: 0 0 0

#Transform 175
Transform: AffineTransform_float_3_3
Parameters: 0.999999 0.00101608 0.000131293 -0.00101634 0.999995 0.00278525 -0.000128886 -0.00278549 0.999996 -0.0373191 -0.00876575 -0.0755728
FixedParameters: 0 0 0

#Transform 176
Transform: AffineTransform_float_3_3
Parameters: 0.999999 0.00100482 3.25766e-05 -0.0010054 0.999995 0.00313498 -2.90264e-05 -0.00313473 0.999995 -0.0385917 0.00442089 -0.0600573
FixedParameters: 0 0 0

#Transform 177
Transform: AffineTransform_float_3_3
Parameters: 0.999999 0.00105259 0.000146736 -0.00105311 0.999994 0.00334809 -0.000143184 -0.00334838 0.999995 -0.0336351 -0.0807127 0.00401966
FixedParameters: 0 0 0

#Transform 178
Transform: AffineTransform_float_3_3
Parameters: 0.999999 0.000950891 0.000168073 -0.000951553 0.999994 0.00333738 -0.000165223 -0.00333768 0.999995 -0.0314552 0.0172062 -0.0606159
FixedParameters: 0 0 0

#Transform 179
Transform: AffineTransform_float_3_3
Parameters: 0.999999 0.000923755 0.000218101 -0.000924909 0.999993 0.0036324 -0.000214951 -0.00363244 0.999993 -0.0264242 -0.00605941 -0.0268605
FixedParameters: 0 0 0

#Transform 180
Transform: AffineTransform_float_3_3
Parameters: 0.999999 0.000874119 0.000239302 -0.000875298 0.999994 0.00342344 -0.000236812 -0.00342384 0.999994 -0.0254562 -0.0136803 -0.00971436
FixedParameters: 0 0 0

#Transform 181
Transform: AffineTransform_float_3_3
Parameters: 0.999999 0.000854657 0.0001449 -0.000854593 0.999994 0.00334329 -0.000141871 -0.00334348 0.999995 -0.0270344 -0.0107582 -0.0261952
FixedParameters: 0 0 0

#Transform 182
Transform: AffineTransform_float_3_3
Parameters: 0.999999 0.000941266 0.000253695 -0.000942075 0.999993 0.00351802 -0.000249841 -0.0035175 0.999994 -0.0312544 -0.0205488 -0.0417126
FixedParameters: 0 0 0

#Transform 183
Transform: AffineTransform_float_3_3
Parameters: 0.999999 0.000926294 0.000106521 -0.000926611 0.999993 0.00362529 -0.000103425 -0.00362547 0.999994 -0.0268778 -0.0176157 -0.0430634
FixedParameters: 0 0 0

#Transform 184
Transform: AffineTransform_float_3_3
Parameters: 0.999999 0.00102317 0.000220006 -0.00102444 0.999992 0.00391113 -0.000215742 -0.00391156 0.999992 -0.0253193 -0.0091336 -0.0322455
FixedParameters: 0 0 0

#Transform 185
Transform: AffineTransform_float_3_3
Parameters: 0.999999 0.000967849 0.000267955 -0.000968174 0.999992 0.00403297 -0.000263769 -0.00403338 0.999992 -0.0245766 -0.0324051 0.0068348
FixedParameters: 0 0 0

#Transform 186
Transform: AffineTransform_float_3_3
Parameters: 0.999999 0.000897674 0.000235394 -0.000899042 0.999992 0.0038588 -0.000232204 -0.0038592 0.999993 -0.0225758 -0.00337525 -0.028654
FixedParameters: 0 0 0

#Transform 187
Transform: AffineTransform_float_3_3
Parameters: 0.999999 0.000928791 0.000317214 -0.000929398 0.999992 0.00385716 -0.000313546 -0.00385765 0.999993 -0.0225404 0.0148498 -0.0460475
FixedParameters: 0 0 0

#Transform 188
Transform: AffineTransform_float_3_3
Parameters: 0.999999 0.000811076 0.00017244 -0.000811176 0.999995 0.00327692 -0.00016981 -0.00327714 0.999995 -0.0162942 -0.171724 0.0272253
FixedParameters: 0 0 0

#Transform 189
Transform: AffineTransform_float_3_3
Parameters: 1 0.000674211 -2.90891e-05 -0.000673826 0.999996 0.0027718 3.09534e-05 -0.00277175 0.999996 -0.00697773 0.0671169 0.111385
FixedParameters: 0 0 0
