#Insight Transform File V1.0
#Transform 0
Transform: AffineTransform_float_3_3
Parameters: 1 -0.00028126 -0.000322048 0.000280703 0.999999 -0.000864629 0.000322533 0.000864448 0.999999 0.0201007 0.10872 -0.0741382
FixedParameters: 0 0 0

#Transform 1
Transform: AffineTransform_float_3_3
Parameters: 1 -0.000237678 -0.000247884 0.000237177 1 -0.000996257 0.000248235 0.000996138 1 0.01711 0.0971536 -0.0841781
FixedParameters: 0 0 0

#Transform 2
Transform: AffineTransform_float_3_3
Parameters: 1 -0.00017268 -0.000162113 0.000172381 0.999999 -0.000920758 0.000162431 0.000920702 0.999999 0.0184726 0.111866 -0.102657
FixedParameters: 0 0 0

#Transform 3
Transform: AffineTransform_float_3_3
Parameters: 1 -0.000220498 -0.000264279 0.000220207 1 -0.000550518 0.000264522 0.000550401 1 0.0159417 0.125261 -0.0677471
FixedParameters: 0 0 0

#Transform 4
Transform: AffineTransform_float_3_3
Parameters: 1 -4.96423e-05 2.91881e-06 4.9647e-05 0.999999 -0.00080747 -2.83863e-06 0.00080747 0.999999 0.0191216 0.078496 -0.102203
FixedParameters: 0 0 0

#Transform 5
Transform: AffineTransform_float_3_3
Parameters: 1 -0.000114199 -0.000127235 0.0001141 1 -0.000391202 0.000127324 0.000391173 1 0.0160276 0.0844555 -0.100747
FixedParameters: 0 0 0

#Transform 6
Transform: AffineTransform_float_3_3
Parameters: 1 -0.000187774 -7.18665e-05 0.000188493 0.999999 -0.000694012 7.15588e-05 0.000694033 0.999999 0.018913 0.129648 -0.108591
FixedParameters: 0 0 0

#Transform 7
Transform: AffineTransform_float_3_3
Parameters: 1 -0.000267729 -0.000203632 0.000267424 0.999999 -0.000747773 0.000204032 0.000747664 0.999999 0.00953438 0.143585 -0.0576225
FixedParameters: 0 0 0

#Transform 8
Transform: AffineTransform_float_3_3
Parameters: 1 -0.00022935 -0.000168453 0.000229138 1 -0.000629761 0.000168742 0.000629684 1 0.00877517 0.141562 -0.0734838
FixedParameters: 0 0 0

#Transform 9
Transform: AffineTransform_float_3_3
Parameters: 1 -0.000251261 -0.000341552 0.000250477 1 -0.00113606 0.000342 0.00113588 1 0.0144989 0.0406181 -0.0417219
FixedParameters: 0 0 0

#Transform 10
Transform: AffineTransform_float_3_3
Parameters: 1 -0.000196583 -0.00021533 0.000196276 0.999999 -0.000712101 0.000215609 0.000712016 0.999999 0.0166819 0.140058 -0.0786875
FixedParameters: 0 0 0

#Transform 11
Transform: AffineTransform_float_3_3
Parameters: 1 -0.000117297 -0.00012534 0.000117182 1 -0.000460136 0.000125448 0.000460107 1 0.0185078 0.067572 -0.0980364
FixedParameters: 0 0 0

#Transform 12
Transform: AffineTransform_float_3_3
Parameters: 1 -0.000192877 -0.000226667 0.000192637 1 -0.000531026 0.000226872 0.000530938 1 0.0115319 0.157324 -0.0950344
FixedParameters: 0 0 0

#Transform 13
Transform: AffineTransform_float_3_3
Parameters: 1 -0.000146271 -0.000140665 0.000146062 0.999999 -0.000743958 0.000140883 0.000743917 0.999999 0.0164739 0.0815257 -0.0667926
FixedParameters: 0 0 0

#Transform 14
Transform: AffineTransform_float_3_3
Parameters: 1 -0.000166278 -0.000219747 0.000166193 1 -0.000192982 0.000219811 0.000192909 1 0.0167692 0.155331 -0.080229
FixedParameters: 0 0 0

#Transform 15
Transform: AffineTransform_float_3_3
Parameters: 1 -0.000119368 -0.00016108 0.000119335 1 -0.000102462 0.000161104 0.000102424 1 0.01507 0.12014 -0.0472922
FixedParameters: 0 0 0

#Transform 16
Transform: AffineTransform_float_3_3
Parameters: 1 -0.000160259 -0.000214986 0.000160194 1 -0.000151253 0.000215034 0.000151184 1 0.0154371 0.118563 -0.0569553
FixedParameters: 0 0 0

#Transform 17
Transform: AffineTransform_float_3_3
Parameters: 1 -0.000126525 -0.000278736 0.000126579 1 9.79241e-05 0.000278711 -9.79946e-05 1 0.012788 0.143353 -0.0174931
FixedParameters: 0 0 0

#Transform 18
Transform: AffineTransform_float_3_3
Parameters: 1 -0.000109038 -0.000251272 0.000109064 1 5.18686e-05 0.000251261 -5.19234e-05 1 0.0111874 0.117577 0.0117026
FixedParameters: 0 0 0

#Transform 19
Transform: AffineTransform_float_3_3
Parameters: 1 -0.000134699 -0.000172114 0.000134623 1 -0.00022079 0.000172174 0.000220743 1 0.00756222 0.127126 -0.045726
FixedParameters: 0 0 0

#Transform 20
Transform: AffineTransform_float_3_3
Parameters: 1 0.000385947 -8.68412e-05 -0.000385966 1 -0.000106161 8.67592e-05 0.000106228 1 -0.00578755 0.00634162 0.0470612
FixedParameters: 0 0 0

#Transform 21
Transform: AffineTransform_float_3_3
Parameters: 1 -1.31897e-06 6.01184e-05 1.34315e-06 1 -0.000201085 -6.01179e-05 0.000201085 1 -0.00211594 0.186863 -0.0231063
FixedParameters: 0 0 0

#Transform 22
Transform: AffineTransform_float_3_3
Parameters: 1 -0.000132815 -0.000237449 0.000132673 1 -0.000297293 0.000237528 0.00029723 1 0.000119647 0.207052 -0.076043
FixedParameters: 0 0 0

#Transform 23
Transform: AffineTransform_float_3_3
Parameters: 1 4.64169e-05 -0.000244402 -4.63987e-05 1 3.73645e-05 0.000244405 -3.73418e-05 1 -0.0176948 0.0867061 0.0141717
FixedParameters: 0 0 0

#Transform 24
Transform: AffineTransform_float_3_3
Parameters: 1 -2.59975e-05 -0.00013268 2.60417e-05 1 0.000166436 0.000132672 -0.000166443 1 -0.0102445 0.145663 -0.0159401
FixedParameters: 0 0 0

#Transform 25
Transform: AffineTransform_float_3_3
Parameters: 1 7.422e-06 -0.000197489 -7.30769e-06 1 0.000289394 0.000197493 -0.000289391 1 -0.0187064 0.128916 -0.0295748
FixedParameters: 0 0 0

#Transform 26
Transform: AffineTransform_float_3_3
Parameters: 1 3.23049e-05 -0.000168635 -3.22919e-05 1 3.84962e-05 0.000168638 -3.84853e-05 1 -0.0224771 0.121375 -0.0295275
FixedParameters: 0 0 0

#Transform 27
Transform: AffineTransform_float_3_3
Parameters: 1 0.000107976 -0.000201352 -0.000108179 1 -0.000502276 0.000201243 0.00050232 1 -0.0280833 0.117762 0.011646
FixedParameters: 0 0 0

#Transform 28
Transform: AffineTransform_float_3_3
Parameters: 1 9.53015e-05 -8.9642e-05 -9.54066e-05 1 -0.00058627 8.95302e-05 0.000586287 1 -0.0170943 0.15737 -0.0128039
FixedParameters: 0 0 0

#Transform 29
Transform: AffineTransform_float_3_3
Parameters: 1 2.10653e-05 -6.43569e-05 -2.12342e-05 0.999999 -0.00125891 6.41812e-05 0.00125891 0.999999 -0.0255992 0.00702066 0.000574576
FixedParameters: 0 0 0

#Transform 30
Transform: AffineTransform_float_3_3
Parameters: 1 3.92083e-05 0.000187985 -3.89805e-05 1 -0.000605883 -0.000188032 0.000605868 1 -0.015842 0.136738 -0.00061632
FixedParameters: 0 0 0

#Transform 31
Transform: AffineTransform_float_3_3
Parameters: 1 -8.51029e-05 4.01765e-05 8.51422e-05 1 -0.000489556 -4.00931e-05 0.000489563 1 -0.0117719 0.160465 -0.0842141
FixedParameters: 0 0 0

#Transform 32
Transform: AffineTransform_float_3_3
Parameters: 1 -0.000116177 6.19575e-05 0.000116238 1 -0.000487563 -6.18441e-05 0.000487578 1 -0.0175286 0.121392 -0.0383071
FixedParameters: 0 0 0

#Transform 33
Transform: AffineTransform_float_3_3
Parameters: 1 -8.01964e-05 3.67373e-05 8.02323e-05 1 -0.00048987 -3.66587e-05 0.000489876 1 -0.0180048 0.136498 -0.0655547
FixedParameters: 0 0 0

#Transform 34
Transform: AffineTransform_float_3_3
Parameters: 1 -5.90643e-06 0.000110723 5.92445e-06 1 -8.13963e-05 -0.000110722 8.13976e-05 1 -0.0126202 0.161721 -0.0476311
FixedParameters: 0 0 0

#Transform 35
Transform: AffineTransform_float_3_3
Parameters: 1 0.000102363 0.00035916 -0.000102822 1 -0.000500025 -0.000358693 0.000499903 1 -0.015581 0.0655142 -0.0925887
FixedParameters: 0 0 0

#Transform 36
Transform: AffineTransform_float_3_3
Parameters: 1 6.85451e-05 0.000490743 -6.77313e-05 0.999999 -0.000829035 -0.000490856 0.000828968 0.999999 -0.0267959 0.047427 -0.0237011
FixedParameters: 0 0 0

#Transform 37
Transform: AffineTransform_float_3_3
Parameters: 1 -0.000109865 6.31482e-05 0.000109908 1 -0.000344677 -6.30725e-05 0.000344691 1 -0.00836269 0.163193 -0.0521445
FixedParameters: 0 0 0

#Transform 38
Transform: AffineTransform_float_3_3
Parameters: 1 -0.000124018 -0.000136058 0.000123963 1 -0.000200271 0.000136108 0.000200237 1 -0.00520691 0.182253 -0.0525745
FixedParameters: 0 0 0

#Transform 39
Transform: AffineTransform_float_3_3
Parameters: 1 -0.000124144 5.77269e-05 0.000124229 0.999999 -0.000737561 -5.75437e-05 0.000737576 0.999999 -0.0157943 0.116829 -0.0678568
FixedParameters: 0 0 0

#Transform 40
Transform: AffineTransform_float_3_3
Parameters: 1 -4.33227e-07 0.000117218 5.65593e-07 1 -0.00056462 -0.000117218 0.00056462 1 -0.0330284 0.0626204 0.0146144
FixedParameters: 0 0 0

#Transform 41
Transform: AffineTransform_float_3_3
Parameters: 1 -0.000107378 6.82374e-05 0.000107401 1 -0.000170482 -6.82008e-05 0.000170497 1 -0.00452262 0.205284 -0.104939
FixedParameters: 0 0 0

#Transform 42
Transform: AffineTransform_float_3_3
Parameters: 1 -0.000121491 0.000199662 0.000121825 0.999999 -0.000837383 -0.000199459 0.000837431 0.999999 -0.0207814 0.0675667 -0.0812175
FixedParameters: 0 0 0

#Transform 43
Transform: AffineTransform_float_3_3
Parameters: 1 -0.000185473 0.000105436 0.000185602 1 -0.00061338 -0.000105209 0.000613419 1 -0.0149423 0.104435 -0.0778491
FixedParameters: 0 0 0

#Transform 44
Transform: AffineTransform_float_3_3
Parameters: 1 1.49709e-05 0.000390229 -1.43966e-05 0.999999 -0.000735909 -0.000390251 0.000735898 0.999999 -0.0141639 0.111665 -0.125435
FixedParameters: 0 0 0

#Transform 45
Transform: AffineTransform_float_3_3
Parameters: 1 -0.000183418 9.69442e-05 0.000183571 0.999999 -0.000793878 -9.66528e-05 0.000793914 0.999999 -0.0189904 0.120957 -0.113083
FixedParameters: 0 0 0

#Transform 46
Transform: AffineTransform_float_3_3
Parameters: 1 -0.000158847 7.71226e-05 0.00015898 0.999999 -0.000861591 -7.68488e-05 0.000861615 0.999999 -0.020006 0.143201 -0.0973536
FixedParameters: 0 0 0

#Transform 47
Transform: AffineTransform_float_3_3
Parameters: 1 -8.61176e-06 0.000469853 9.42873e-06 0.999999 -0.000869414 -0.000469837 0.000869422 0.999999 -0.0163841 0.0851038 -0.152627
FixedParameters: 0 0 0

#Transform 48
Transform: AffineTransform_float_3_3
Parameters: 1 4.10252e-05 0.000511673 -4.02853e-05 0.999999 -0.000723062 -0.000511732 0.00072302 0.999999 -0.0210173 0.0850411 -0.100685
FixedParameters: 0 0 0

#Transform 49
Transform: AffineTransform_float_3_3
Parameters: 1 -0.000127634 0.000215661 0.000127931 0.999999 -0.000631228 -0.000215556 0.00063094 1 -0.0156875 0.15988 -0.109309
FixedParameters: 0 0 0

#Transform 50
Transform: AffineTransform_float_3_3
Parameters: 1 1.04567e-05 0.000558435 -9.50264e-06 0.999999 -0.000854245 -0.000558452 0.000854234 0.999999 -0.0193613 0.0869978 -0.143923
FixedParameters: 0 0 0

#Transform 51
Transform: AffineTransform_float_3_3
Parameters: 1 -0.00015268 0.000218706 0.00015305 0.999999 -0.000845406 -0.000218448 0.000845473 0.999999 -0.0252747 0.111657 -0.0676987
FixedParameters: 0 0 0

#Transform 52
Transform: AffineTransform_float_3_3
Parameters: 1 4.1405e-05 0.000701541 -4.02759e-05 0.999999 -0.00119899 -0.000702631 0.00119856 0.999999 -0.0266414 0.0222416 -0.120753
FixedParameters: 0 0 0

#Transform 53
Transform: AffineTransform_float_3_3
Parameters: 1 5.44535e-05 0.00053641 -5.45955e-05 1 -0.000630684 -0.00053591 0.000630577 0.999999 -0.0215625 0.118344 -0.109388
FixedParameters: 0 0 0

#Transform 54
Transform: AffineTransform_float_3_3
Parameters: 1 -5.30919e-05 0.000594179 5.35442e-05 1 -0.00107564 -0.000593618 0.00107566 1 -0.0186626 0.11568 -0.175715
FixedParameters: 0 0 0

#Transform 55
Transform: AffineTransform_float_3_3
Parameters: 0.999999 0.000110036 0.000778293 -0.000108882 0.999999 -0.0012561 -0.000778178 0.00125554 0.999999 -0.0276323 0.0215003 -0.0980508
FixedParameters: 0 0 0

#Transform 56
Transform: AffineTransform_float_3_3
Parameters: 1 -0.000157744 0.000401647 0.000158424 0.999999 -0.000846407 -0.000401379 0.000846534 0.999999 -0.0207452 0.181582 -0.149087
FixedParameters: 0 0 0

#Transform 57
Transform: AffineTransform_float_3_3
Parameters: 1 -0.000164583 0.000505122 0.000164806 1 -0.001038 -0.000504333 0.00103812 1 -0.0216 0.132346 -0.158712
FixedParameters: 0 0 0

#Transform 58
Transform: AffineTransform_float_3_3
Parameters: 1 -0.000146478 0.00047478 0.000146081 1 -0.0010533 -0.000474839 0.00105335 1 -0.0222802 0.120248 -0.158321
FixedParameters: 0 0 0

#Transform 59
Transform: AffineTransform_float_3_3
Parameters: 1 -0.000204939 0.000307777 0.000205569 1 -0.000938489 -0.000307429 0.000937678 0.999999 -0.0299032 0.109371 -0.0940848
FixedParameters: 0 0 0

#Transform 60
Transform: AffineTransform_float_3_3
Parameters: 1 -1.01799e-05 0.000570115 1.11725e-05 0.999999 -0.000922587 -0.000570181 0.000923536 0.999999 -0.0273603 0.0652239 -0.117742
FixedParameters: 0 0 0

#Transform 61
Transform: AffineTransform_float_3_3
Parameters: 1 -1.98415e-05 0.000576462 2.00391e-05 0.999999 -0.000933035 -0.000575942 0.000933947 1 -0.0223925 0.101004 -0.15242
FixedParameters: 0 0 0

#Transform 62
Transform: AffineTransform_float_3_3
Parameters: 1 3.16703e-05 0.000626343 -3.06688e-05 0.999999 -0.000827471 -0.000626536 0.000828026 1 -0.0338383 -0.00944588 -0.103561
FixedParameters: 0 0 0

#Transform 63
Transform: AffineTransform_float_3_3
Parameters: 1 -0.000148798 0.000460581 0.000148598 0.999999 -0.000645084 -0.000459877 0.00064483 1 -0.0221867 0.152074 -0.149734
FixedParameters: 0 0 0

#Transform 64
Transform: AffineTransform_float_3_3
Parameters: 1 -0.000170605 0.000473463 0.000170702 0.999999 -0.000706115 -0.000474035 0.000706239 0.999999 -0.0206847 0.166469 -0.170626
FixedParameters: 0 0 0

#Transform 65
Transform: AffineTransform_float_3_3
Parameters: 1 -3.98458e-05 0.000587612 4.02026e-05 1 -0.00100636 -0.000587085 0.00100636 1 -0.025016 0.0824504 -0.155932
FixedParameters: 0 0 0

#Transform 66
Transform: AffineTransform_float_3_3
Parameters: 1 -3.4714e-05 0.000597329 3.4691e-05 1 -0.000666009 -0.000596714 0.000666002 0.999999 -0.0281745 0.0930115 -0.142791
FixedParameters: 0 0 0

#Transform 67
Transform: AffineTransform_float_3_3
Parameters: 1 -2.52399e-05 0.000584176 2.62142e-05 0.999999 -0.000833904 -0.000584133 0.000833934 0.999999 -0.0213441 0.100519 -0.168133
FixedParameters: 0 0 0

#Transform 68
Transform: AffineTransform_float_3_3
Parameters: 1 3.11823e-05 0.000649959 -3.01683e-05 1 -0.000825683 -0.000650095 0.00082658 1 -0.0244528 0.0902461 -0.163962
FixedParameters: 0 0 0

#Transform 69
Transform: AffineTransform_float_3_3
Parameters: 1 -2.99598e-05 0.000682133 3.04413e-05 1 -0.00081479 -0.000682982 0.00081573 0.999999 -0.0298852 0.0499357 -0.134352
FixedParameters: 0 0 0

#Transform 70
Transform: AffineTransform_float_3_3
Parameters: 1 -0.000112457 0.00063444 0.00011306 0.999999 -0.00110754 -0.0006338 0.00110729 1 -0.0200324 0.0972196 -0.187787
FixedParameters: 0 0 0

#Transform 71
Transform: AffineTransform_float_3_3
Parameters: 1 -0.000108013 0.000527283 0.000109049 1 -0.000989278 -0.000527191 0.000989392 1 -0.0332696 0.0740623 -0.109979
FixedParameters: 0 0 0

#Transform 72
Transform: AffineTransform_float_3_3
Parameters: 1 -0.000150454 0.00051707 0.000150856 1 -0.000947648 -0.00051772 0.000947766 1 -0.0225457 0.131344 -0.163886
FixedParameters: 0 0 0

#Transform 73
Transform: AffineTransform_float_3_3
Parameters: 1 8.15085e-06 0.000654255 -7.16348e-06 0.999999 -0.000754573 -0.000654267 0.000754563 0.999999 -0.0313744 0.0594223 -0.108224
FixedParameters: 0 0 0

#Transform 74
Transform: AffineTransform_float_3_3
Parameters: 1 -2.2848e-05 0.000582457 2.30021e-05 0.999999 -0.000835111 -0.00058185 0.000835089 0.999999 -0.0256872 0.0982238 -0.146031
FixedParameters: 0 0 0

#Transform 75
Transform: AffineTransform_float_3_3
Parameters: 1 7.78513e-05 0.000514018 -7.70438e-05 0.999999 -0.000785448 -0.000514139 0.000785368 0.999999 -0.0247211 0.118743 -0.16512
FixedParameters: 0 0 0

#Transform 76
Transform: AffineTransform_float_3_3
Parameters: 1 5.39168e-05 0.000529083 -5.30406e-05 0.999999 -0.000827992 -0.000529172 0.000827935 0.999999 -0.0339844 0.0114472 -0.134481
FixedParameters: 0 0 0

#Transform 77
Transform: AffineTransform_float_3_3
Parameters: 1 3.72974e-05 0.000536844 -3.71827e-05 0.999999 -0.000924701 -0.00053643 0.00092555 1 -0.0238714 0.122993 -0.178677
FixedParameters: 0 0 0

#Transform 78
Transform: AffineTransform_float_3_3
Parameters: 1 0.000115491 0.000622185 -0.000115494 1 -0.000655209 -0.000621768 0.000655017 0.999999 -0.0301339 0.0743607 -0.138133
FixedParameters: 0 0 0

#Transform 79
Transform: AffineTransform_float_3_3
Parameters: 1 7.63721e-05 0.000515682 -7.55786e-05 0.999999 -0.00076932 -0.000515799 0.000769242 0.999999 -0.0240819 0.11506 -0.175289
FixedParameters: 0 0 0

#Transform 80
Transform: AffineTransform_float_3_3
Parameters: 1 0.000198493 0.000504976 -0.000198067 1 -0.000422269 -0.000505143 0.000422068 1 -0.0336247 0.0684989 -0.102322
FixedParameters: 0 0 0

#Transform 81
Transform: AffineTransform_float_3_3
Parameters: 1 9.27851e-05 0.000504208 -9.28279e-05 0.999999 -0.000769427 -0.000503782 0.000769285 0.999999 -0.0208184 0.13024 -0.190038
FixedParameters: 0 0 0

#Transform 82
Transform: AffineTransform_float_3_3
Parameters: 1 0.000165686 0.000472675 -0.000165427 1 -0.000274074 -0.000472766 0.000273917 1 -0.031431 0.0412188 -0.13549
FixedParameters: 0 0 0

#Transform 83
Transform: AffineTransform_float_3_3
Parameters: 1 0.000195978 0.000440918 -0.000195498 1 -0.000544558 -0.000441131 0.000544385 1 -0.0237099 0.107294 -0.181213
FixedParameters: 0 0 0

#Transform 84
Transform: AffineTransform_float_3_3
Parameters: 1 0.00016587 0.000465283 -0.000165442 1 -0.000459455 -0.000465436 0.000459301 1 -0.0271177 0.0886633 -0.168398
FixedParameters: 0 0 0

#Transform 85
Transform: AffineTransform_float_3_3
Parameters: 1 9.05053e-05 0.000499006 -9.04201e-05 0.999999 -0.000940828 -0.000498749 0.000941284 1 -0.0232762 0.0203296 -0.182313
FixedParameters: 0 0 0

#Transform 86
Transform: AffineTransform_float_3_3
Parameters: 1 0.000264049 0.000546996 -0.000263425 0.999999 -0.000548089 -0.000547341 0.000547457 1 -0.0287642 0.0617592 -0.142309
FixedParameters: 0 0 0

#Transform 87
Transform: AffineTransform_float_3_3
Parameters: 1 0.000126464 0.000481217 -0.000125737 0.999999 -0.000755514 -0.000481407 0.000755393 0.999999 -0.0199239 0.121712 -0.206047
FixedParameters: 0 0 0

#Transform 88
Transform: AffineTransform_float_3_3
Parameters: 1 0.000194073 0.000524359 -0.000193413 1 -0.000629314 -0.000524603 0.000629111 0.999999 -0.0226457 0.0813505 -0.194684
FixedParameters: 0 0 0

#Transform 89
Transform: AffineTransform_float_3_3
Parameters: 1 0.000261595 0.00062568 -0.000261029 1 -0.000452828 -0.000625917 0.000452501 0.999999 -0.0283906 0.025127 -0.13438
FixedParameters: 0 0 0

#Transform 90
Transform: AffineTransform_float_3_3
Parameters: 1 0.000217174 0.000564274 -0.000216813 1 -0.000320035 -0.000564413 0.00031979 1 -0.0209501 0.138828 -0.182429
FixedParameters: 0 0 0

#Transform 91
Transform: AffineTransform_float_3_3
Parameters: 1 0.000120445 0.000486301 -0.000119732 0.999999 -0.000733083 -0.000486477 0.000732966 0.999999 -0.0222936 -0.0163233 -0.196699
FixedParameters: 0 0 0

#Transform 92
Transform: AffineTransform_float_3_3
Parameters: 1 0.000255939 0.000540931 -0.000255594 1 -0.00031851 -0.000541094 0.000318234 1 -0.0212969 0.0739544 -0.175953
FixedParameters: 0 0 0

#Transform 93
Transform: AffineTransform_float_3_3
Parameters: 1 8.17151e-05 0.000518003 -8.10786e-05 1 -0.000614355 -0.000518103 0.000614271 0.999999 -0.00759221 0.145544 -0.255524
FixedParameters: 0 0 0

#Transform 94
Transform: AffineTransform_float_3_3
Parameters: 1 0.000101146 0.000506886 -0.000100587 1 -0.000551479 -0.000506998 0.000551377 0.999999 -0.0220636 0.00855366 -0.200841
FixedParameters: 0 0 0

#Transform 95
Transform: AffineTransform_float_3_3
Parameters: 1 0.000152593 0.0004771 -0.000152217 1 -0.000394473 -0.00047722 0.000394327 1 -0.0140914 0.093417 -0.20666
FixedParameters: 0 0 0

#Transform 96
Transform: AffineTransform_float_3_3
Parameters: 1 6.61786e-05 0.000528893 -6.63484e-05 1 -0.000613404 -0.000528406 0.000613286 0.999999 -0.0160763 0.0646026 -0.248449
FixedParameters: 0 0 0

#Transform 97
Transform: AffineTransform_float_3_3
Parameters: 1 0.000116791 0.000502307 -0.0001164 1 -0.000389162 -0.000502398 0.000389044 1 -0.0229937 0.037293 -0.189142
FixedParameters: 0 0 0

#Transform 98
Transform: AffineTransform_float_3_3
Parameters: 1 0.000147244 0.000474767 -0.000146722 1 -0.000549438 -0.000474929 0.000549299 0.999999 -0.021831 0.0543751 -0.208819
FixedParameters: 0 0 0

#Transform 99
Transform: AffineTransform_float_3_3
Parameters: 1 0.00017008 0.000466102 -0.000169742 1 -0.000363534 -0.000466225 0.000363376 1 -0.0223528 0.0548065 -0.200516
FixedParameters: 0 0 0

#Transform 100
Transform: AffineTransform_float_3_3
Parameters: 1 0.000222648 0.000594288 -0.000221999 1 -0.000546693 -0.000594531 0.000546429 0.999999 -0.0282155 -0.0152331 -0.173752
FixedParameters: 0 0 0

#Transform 101
Transform: AffineTransform_float_3_3
Parameters: 1 0.000135839 0.000484369 -0.000136165 1 -0.000507673 -0.000483938 0.000507493 1 -0.0231024 0.0807923 -0.188278
FixedParameters: 0 0 0

#Transform 102
Transform: AffineTransform_float_3_3
Parameters: 1 0.000168703 0.000511312 -0.000167797 0.999999 -0.000885264 -0.00051161 0.000885092 0.999999 -0.0208235 0.105697 -0.226827
FixedParameters: 0 0 0

#Transform 103
Transform: AffineTransform_float_3_3
Parameters: 1 9.92468e-05 0.000501204 -9.93329e-05 0.999999 -0.000730766 -0.00050078 0.000730618 0.999999 -0.0236263 0.0245692 -0.176005
FixedParameters: 0 0 0

#Transform 104
Transform: AffineTransform_float_3_3
Parameters: 1 5.53573e-05 0.000530574 -5.53653e-05 0.999999 -0.000764008 -0.00053009 0.000763901 0.999999 -0.0224089 0.0841191 -0.198408
FixedParameters: 0 0 0

#Transform 105
Transform: AffineTransform_float_3_3
Parameters: 1 9.92408e-05 0.000508575 -9.86892e-05 1 -0.000542339 -0.000508682 0.000542238 0.999999 -0.0229453 0.073631 -0.191001
FixedParameters: 0 0 0

#Transform 106
Transform: AffineTransform_float_3_3
Parameters: 1 0.000121216 0.000633894 -0.000120671 0.999999 -0.000907178 -0.000635068 0.000907581 1 -0.0211158 0.00053039 -0.211203
FixedParameters: 0 0 0

#Transform 107
Transform: AffineTransform_float_3_3
Parameters: 1 1.53299e-05 0.000546005 -1.49719e-05 1 -0.00108407 -0.000545591 0.00108401 1 -0.0177143 0.044687 -0.27472
FixedParameters: 0 0 0

#Transform 108
Transform: AffineTransform_float_3_3
Parameters: 1 9.20255e-05 0.000673212 -9.1228e-05 1 -0.00120559 -0.000672986 0.00120542 0.999999 -0.018011 0.0199281 -0.261847
FixedParameters: 0 0 0

#Transform 109
Transform: AffineTransform_float_3_3
Parameters: 0.999999 7.86848e-05 0.000704303 -7.72746e-05 0.999998 -0.00158736 -0.000704104 0.0015872 0.999998 -0.0184547 -0.00405376 -0.28582
FixedParameters: 0 0 0

#Transform 110
Transform: AffineTransform_float_3_3
Parameters: 1 -1.5755e-05 0.000555212 1.64899e-05 0.999999 -0.00140571 -0.00055472 0.00140568 0.999999 -0.0171989 0.0271311 -0.282069
FixedParameters: 0 0 0

#Transform 111
Transform: AffineTransform_float_3_3
Parameters: 1 5.31594e-05 0.0005175 -5.28088e-05 1 -0.00113661 -0.000517174 0.00113651 0.999999 -0.0179304 -0.0048548 -0.267373
FixedParameters: 0 0 0

#Transform 112
Transform: AffineTransform_float_3_3
Parameters: 1 -2.06317e-05 0.000558129 2.1389e-05 0.999999 -0.00141842 -0.000557624 0.00141839 0.999999 -0.00740387 -0.0082407 -0.31357
FixedParameters: 0 0 0

#Transform 113
Transform: AffineTransform_float_3_3
Parameters: 1 -1.07605e-05 0.000560687 1.20717e-05 1 -0.00117552 -0.000560783 0.00117553 0.999999 -0.00782352 0.0233957 -0.308449
FixedParameters: 0 0 0

#Transform 114
Transform: AffineTransform_float_3_3
Parameters: 1 3.65833e-05 0.000531091 -3.54374e-05 1 -0.00108539 -0.000531292 0.00108535 1 -0.0102446 -0.000154224 -0.284373
FixedParameters: 0 0 0

#Transform 115
Transform: AffineTransform_float_3_3
Parameters: 1 4.56981e-06 0.00054297 -3.92443e-06 0.999999 -0.00135492 -0.000542535 0.00135486 0.999999 -0.00738143 0.0162594 -0.322224
FixedParameters: 0 0 0

#Transform 116
Transform: AffineTransform_float_3_3
Parameters: 1 -4.85051e-07 0.000560071 7.87074e-07 1 -0.0010069 -0.000559624 0.00100685 1 -0.00985506 0.0147105 -0.287414
FixedParameters: 0 0 0

#Transform 117
Transform: AffineTransform_float_3_3
Parameters: 1 -5.28425e-05 0.000587846 5.34912e-05 0.999999 -0.00123364 -0.000587325 0.00123331 1 -0.0104245 -0.0164913 -0.304856
FixedParameters: 0 0 0

#Transform 118
Transform: AffineTransform_float_3_3
Parameters: 1 -1.83399e-05 0.00056429 1.97088e-05 1 -0.00121912 -0.000564366 0.00121914 0.999999 -0.00351908 0.0089825 -0.34221
FixedParameters: 0 0 0

#Transform 119
Transform: AffineTransform_float_3_3
Parameters: 1 4.6301e-06 0.000560311 -3.67135e-06 1 -0.000908513 -0.000560404 0.000909446 1 -0.00372535 0.00480889 -0.338691
FixedParameters: 0 0 0

#Transform 120
Transform: AffineTransform_float_3_3
Parameters: 1 6.44531e-05 0.000513685 -6.33996e-05 1 -0.00103208 -0.000513939 0.00103201 1 -0.0108719 -0.0567394 -0.296206
FixedParameters: 0 0 0

#Transform 121
Transform: AffineTransform_float_3_3
Parameters: 1 3.82181e-05 0.000529942 -3.78933e-05 1 -0.00108555 -0.000529578 0.00108546 1 -0.00337503 0.00417006 -0.342555
FixedParameters: 0 0 0

#Transform 122
Transform: AffineTransform_float_3_3
Parameters: 1 5.85669e-05 0.000528284 -5.85771e-05 0.999999 -0.000765217 -0.000527805 0.000765107 0.999999 -0.00784167 -0.0165694 -0.301868
FixedParameters: 0 0 0

#Transform 123
Transform: AffineTransform_float_3_3
Parameters: 1 -3.88077e-05 0.00057811 3.9406e-05 0.999999 -0.00123188 -0.000577567 0.00123187 0.999999 -0.00462962 0.00110172 -0.359278
FixedParameters: 0 0 0

#Transform 124
Transform: AffineTransform_float_3_3
Parameters: 1 4.2526e-05 0.000531807 -4.2383e-05 0.999999 -0.000960108 -0.000531406 0.000960952 0.999999 -0.004193 0.00676229 -0.330334
FixedParameters: 0 0 0

#Transform 125
Transform: AffineTransform_float_3_3
Parameters: 1 8.88813e-05 0.000488586 -8.84982e-05 0.999999 -0.00123711 -0.000488359 0.00123698 0.999999 -0.0051706 -0.0376513 -0.348797
FixedParameters: 0 0 0

#Transform 126
Transform: AffineTransform_float_3_3
Parameters: 1 5.97265e-05 0.000508702 -5.92864e-05 0.999999 -0.00124425 -0.000508403 0.00124414 0.999999 -0.00510522 0.0140736 -0.352188
FixedParameters: 0 0 0

#Transform 127
Transform: AffineTransform_float_3_3
Parameters: 1 8.4177e-05 0.000490439 -8.37532e-05 0.999999 -0.00127388 -0.000490207 0.00127375 0.999999 -0.0079174 -0.070957 -0.344946
FixedParameters: 0 0 0

#Transform 128
Transform: AffineTransform_float_3_3
Parameters: 1 0.000281569 0.000487684 -0.000280237 0.999999 -0.00137223 -0.000488578 0.00137196 0.999999 -0.0120092 -0.00578305 -0.362831
FixedParameters: 0 0 0

#Transform 129
Transform: AffineTransform_float_3_3
Parameters: 1 0.000135342 0.000366752 -0.000134369 0.999999 -0.00133554 -0.000367234 0.00133545 0.999999 -0.00693881 0.0273207 -0.291143
FixedParameters: 0 0 0

#Transform 130
Transform: AffineTransform_float_3_3
Parameters: 1 0.000185117 0.000368072 -0.000185323 0.999999 -0.000912407 -0.000367927 0.000913159 1 -0.00136973 0.0159661 -0.282704
FixedParameters: 0 0 0

#Transform 131
Transform: AffineTransform_float_3_3
Parameters: 1 0.000217188 0.000489225 -0.000216403 0.999999 -0.000802184 -0.000489573 0.000801972 0.999999 -0.00937849 0.0119577 -0.280722
FixedParameters: 0 0 0

#Transform 132
Transform: AffineTransform_float_3_3
Parameters: 1 0.000209932 0.000513253 -0.000209513 1 -0.000971005 -0.000514596 0.000970751 1 -0.0077859 0.0285941 -0.292448
FixedParameters: 0 0 0

#Transform 133
Transform: AffineTransform_float_3_3
Parameters: 1 0.000189347 0.000570695 -0.00018854 0.999999 -0.0014304 -0.000570789 0.00143014 0.999999 -0.0102312 -0.034313 -0.312292
FixedParameters: 0 0 0

#Transform 134
Transform: AffineTransform_float_3_3
Parameters: 1 0.000271036 0.000463482 -0.000270737 0.999999 -0.00121242 -0.000463693 0.00121212 0.999999 -0.0107299 0.0292738 -0.270868
FixedParameters: 0 0 0

#Transform 135
Transform: AffineTransform_float_3_3
Parameters: 1 8.8993e-05 0.000556613 -8.81206e-05 0.999999 -0.00152541 -0.000556436 0.00152526 0.999998 -0.0102399 0.00698749 -0.283889
FixedParameters: 0 0 0

#Transform 136
Transform: AffineTransform_float_3_3
Parameters: 1 3.36597e-05 0.000504403 -3.26568e-05 0.999999 -0.00181972 -0.0005042 0.00181964 0.999998 -0.00163612 0.0534501 -0.285217
FixedParameters: 0 0 0

#Transform 137
Transform: AffineTransform_float_3_3
Parameters: 1 0.000125222 0.000362579 -0.000125165 0.999999 -0.00121777 -0.000362438 0.00121763 0.999999 -0.00325141 0.0822687 -0.246568
FixedParameters: 0 0 0

#Transform 138
Transform: AffineTransform_float_3_3
Parameters: 1 0.000145878 0.000432622 -0.000145278 0.999998 -0.0016476 -0.000432655 0.00164742 0.999998 -0.014525 -0.0332304 -0.228395
FixedParameters: 0 0 0

#Transform 139
Transform: AffineTransform_float_3_3
Parameters: 1 0.000204967 0.000351345 -0.000204442 1 -0.00110949 -0.000350539 0.00110933 1 -0.00860828 0.0738234 -0.213558
FixedParameters: 0 0 0

#Transform 140
Transform: AffineTransform_float_3_3
Parameters: 1 0.000201971 0.000395688 -0.000201564 0.999999 -0.00158841 -0.000395827 0.00158854 0.999998 -0.0122829 0.0122089 -0.247892
FixedParameters: 0 0 0

#Transform 141
Transform: AffineTransform_float_3_3
Parameters: 1 0.000188056 0.000333317 -0.000186515 0.999999 -0.00146512 -0.000333175 0.00146503 0.999999 -0.00780005 0.0495047 -0.224186
FixedParameters: 0 0 0

#Transform 142
Transform: AffineTransform_float_3_3
Parameters: 1 0.000154405 0.000420473 -0.000153721 0.999999 -0.00180346 -0.000420705 0.00180328 0.999999 -0.0118815 -0.0446616 -0.254059
FixedParameters: 0 0 0

#Transform 143
Transform: AffineTransform_float_3_3
Parameters: 1 0.00018657 0.00041131 -0.00018619 0.999999 -0.00146484 -0.00041141 0.00146464 0.999999 -0.00762526 0.0411643 -0.238597
FixedParameters: 0 0 0

#Transform 144
Transform: AffineTransform_float_3_3
Parameters: 1 0.000200129 0.00049658 -0.000199332 0.999998 -0.00169335 -0.000496896 0.00169404 0.999999 -0.011415 0.0221832 -0.277047
FixedParameters: 0 0 0

#Transform 145
Transform: AffineTransform_float_3_3
Parameters: 1 0.000225206 0.000393827 -0.00022425 0.999999 -0.00122179 -0.000394499 0.00122161 0.999999 -0.00765131 0.0533846 -0.255398
FixedParameters: 0 0 0

#Transform 146
Transform: AffineTransform_float_3_3
Parameters: 1 0.000269253 0.000488019 -0.000268715 0.999999 -0.00139657 -0.000488324 0.00139625 0.999999 -0.017141 -0.0330533 -0.236754
FixedParameters: 0 0 0

#Transform 147
Transform: AffineTransform_float_3_3
Parameters: 1 0.000258704 0.000374531 -0.000257874 1 -0.00111673 -0.00037523 0.00111653 1 -0.0135496 0.0399759 -0.24793
FixedParameters: 0 0 0

#Transform 148
Transform: AffineTransform_float_3_3
Parameters: 1 0.000248869 0.000493357 -0.000247426 0.999999 -0.00146837 -0.000494208 0.00146812 0.999999 -0.00378795 0.0456117 -0.313887
FixedParameters: 0 0 0

#Transform 149
Transform: AffineTransform_float_3_3
Parameters: 1 0.000424833 0.00026336 -0.000423747 1 -0.000990065 -0.000263509 0.000989879 1 -0.0227852 -0.0898949 -0.188521
FixedParameters: 0 0 0

#Transform 150
Transform: AffineTransform_float_3_3
Parameters: 1 0.000253295 0.000191516 -0.000252885 1 -0.00093313 -0.000192025 0.000932095 0.999999 -0.013497 0.137203 -0.185592
FixedParameters: 0 0 0

#Transform 151
Transform: AffineTransform_float_3_3
Parameters: 1 0.000271565 0.000304438 -0.000271128 0.999999 -0.000717005 -0.000304827 0.00071684 0.999999 -0.00856774 0.134811 -0.234017
FixedParameters: 0 0 0

#Transform 152
Transform: AffineTransform_float_3_3
Parameters: 1 0.000286559 0.000365661 -0.000285938 0.999999 -0.000848973 -0.000366147 0.000848763 0.999999 -0.0185445 0.0429847 -0.225959
FixedParameters: 0 0 0

#Transform 153
Transform: AffineTransform_float_3_3
Parameters: 1 0.000285627 0.000375233 -0.000285159 1 -0.000622461 -0.000375588 0.000622247 0.999999 -0.0211026 -0.116658 -0.212536
FixedParameters: 0 0 0

#Transform 154
Transform: AffineTransform_float_3_3
Parameters: 1 0.000359366 0.000325746 -0.000358994 1 -0.000571078 -0.000326156 0.000570844 1 -0.00696504 0.105928 -0.26857
FixedParameters: 0 0 0

#Transform 155
Transform: AffineTransform_float_3_3
Parameters: 1 0.000211538 0.000407791 -0.000211458 1 -0.00110974 -0.000407814 0.00110952 1 -0.00448245 0.0565853 -0.329829
FixedParameters: 0 0 0

#Transform 156
Transform: AffineTransform_float_3_3
Parameters: 1 0.000213499 0.000408737 -0.000213466 1 -0.00105075 -0.000408739 0.00105052 1 -0.0185503 -0.039643 -0.258205
FixedParameters: 0 0 0

#Transform 157
Transform: AffineTransform_float_3_3
Parameters: 1 0.000126776 0.0004548 -0.000126307 0.999999 -0.00142292 -0.000454713 0.00142276 0.999999 -0.0104869 -0.0141826 -0.302301
FixedParameters: 0 0 0

#Transform 158
Transform: AffineTransform_float_3_3
Parameters: 1 0.000188568 0.000421749 -0.000188412 1 -0.00116337 -0.000421741 0.00116316 1 -0.0216446 -0.0740035 -0.239796
FixedParameters: 0 0 0

#Transform 159
Transform: AffineTransform_float_3_3
Parameters: 1 0.000189626 0.000414832 -0.000188536 0.999999 -0.0013207 -0.000415454 0.00132054 0.999999 -0.00716676 0.0780547 -0.322448
FixedParameters: 0 0 0

#Transform 160
Transform: AffineTransform_float_3_3
Parameters: 1 0.000267561 0.000361881 -0.00026746 0.999999 -0.00128067 -0.00036212 0.00128043 0.999999 -0.00703218 0.0562849 -0.331328
FixedParameters: 0 0 0

#Transform 161
Transform: AffineTransform_float_3_3
Parameters: 1 0.000179922 0.000347738 -0.000179797 0.999999 -0.00136747 -0.000347783 0.0013673 0.999999 -0.0176515 -0.0485473 -0.275876
FixedParameters: 0 0 0

#Transform 162
Transform: AffineTransform_float_3_3
Parameters: 1 0.00026145 0.000309314 -0.000261717 0.999999 -0.000987456 -0.000309347 0.000988183 1 -0.0127518 0.015918 -0.257315
FixedParameters: 0 0 0

#Transform 163
Transform: AffineTransform_float_3_3
Parameters: 1 0.000125289 0.000449092 -0.000124681 0.999998 -0.00159517 -0.000449044 0.00159501 0.999998 -0.00744718 0.0339006 -0.317787
FixedParameters: 0 0 0

#Transform 164
Transform: AffineTransform_float_3_3
Parameters: 1 0.000142449 0.000437037 -0.00014106 0.999998 -0.00159622 -0.000437612 0.0015961 0.999998 -0.0167894 -0.073523 -0.285656
FixedParameters: 0 0 0

#Transform 165
Transform: AffineTransform_float_3_3
Parameters: 1 0.000212666 0.00040192 -0.000212495 0.999999 -0.00123907 -0.000402001 0.00123885 0.999999 -0.0226594 -0.0456446 -0.224476
FixedParameters: 0 0 0

#Transform 166
Transform: AffineTransform_float_3_3
Parameters: 1 0.000167494 0.000424001 -0.000167063 0.999999 -0.00148165 -0.00042405 0.00148146 0.999999 -0.00872929 0.0231315 -0.292211
FixedParameters: 0 0 0

#Transform 167
Transform: AffineTransform_float_3_3
Parameters: 1 0.000168372 0.000423423 -0.000167944 0.999999 -0.00148071 -0.000423475 0.00148052 0.999999 -0.0193948 -0.0694455 -0.242339
FixedParameters: 0 0 0

#Transform 168
Transform: AffineTransform_float_3_3
Parameters: 1 0.000195562 0.000399719 -0.000195109 0.999998 -0.00159969 -0.000399897 0.00159949 0.999998 -0.00734395 0.0396711 -0.282014
FixedParameters: 0 0 0

#Transform 169
Transform: AffineTransform_float_3_3
Parameters: 1 0.00020888 0.000612571 -0.000207483 0.999999 -0.00181919 -0.000613005 0.00181888 0.999998 -0.013513 -0.0889754 -0.329378
FixedParameters: 0 0 0

#Transform 170
Transform: AffineTransform_float_3_3
Parameters: 1 0.000181671 0.00057316 -0.000180664 0.999998 -0.00159823 -0.000573293 0.00159797 0.999998 -0.0055398 -0.0693535 -0.357657
FixedParameters: 0 0 0

#Transform 171
Transform: AffineTransform_float_3_3
Parameters: 1 0.000216029 0.000376882 -0.000215517 0.999999 -0.00181477 -0.000377285 0.0018149 0.999998 0.0101493 0.00739144 -0.460707
FixedParameters: 0 0 0

#Transform 172
Transform: AffineTransform_float_3_3
Parameters: 1 0.000259574 0.000414565 -0.000258249 0.999998 -0.00191314 -0.000414418 0.00191292 0.999998 0.00635036 -0.081421 -0.455864
FixedParameters: 0 0 0

#Transform 173
Transform: AffineTransform_float_3_3
Parameters: 1 0.000215864 0.000608888 -0.000214717 0.999999 -0.00141587 -0.000610433 0.00141557 0.999999 -0.00266652 -0.110499 -0.409691
FixedParameters: 0 0 0

#Transform 174
Transform: AffineTransform_float_3_3
Parameters: 1 0.000211591 0.000589058 -0.000210365 0.999999 -0.0017473 -0.000589471 0.00174701 0.999999 0.000186496 -0.100685 -0.454413
FixedParameters: 0 0 0

#Transform 175
Transform: AffineTransform_float_3_3
Parameters: 1 0.000236034 0.000578088 -0.000234451 0.999999 -0.00137411 -0.000578857 0.00137384 0.999999 0.000793978 -0.106038 -0.460223
FixedParameters: 0 0 0

#Transform 176
Transform: AffineTransform_float_3_3
Parameters: 1 0.000210018 0.000554652 -0.000209816 0.999998 -0.00171785 -0.000554444 0.00171846 0.999998 -0.00355124 -0.0903587 -0.436845
FixedParameters: 0 0 0

#Transform 177
Transform: AffineTransform_float_3_3
Parameters: 1 0.000339135 0.000547248 -0.000338688 1 -0.00116226 -0.000547589 0.00116184 0.999999 -0.00341204 -0.0454208 -0.410988
FixedParameters: 0 0 0

#Transform 178
Transform: AffineTransform_float_3_3
Parameters: 1 0.000323886 0.000538533 -0.000323095 0.999999 -0.00149997 -0.000539057 0.00149957 0.999998 -0.00822447 -0.177237 -0.412733
FixedParameters: 0 0 0

#Transform 179
Transform: AffineTransform_float_3_3
Parameters: 0.999999 0.000555182 0.00043799 -0.000555034 1 -0.000169068 -0.000438177 0.000168582 1 -0.00598768 0.0012418 -0.370154
FixedParameters: 0 0 0

#Transform 180
Transform: AffineTransform_float_3_3
Parameters: 1 0.000418086 0.000518311 -0.000417506 1 -0.000559066 -0.000518778 0.000558633 0.999999 -0.00651415 -0.0778944 -0.39382
FixedParameters: 0 0 0

#Transform 181
Transform: AffineTransform_float_3_3
Parameters: 1 0.000506485 0.000219898 -0.000506199 0.999999 -0.000648626 -0.000220555 0.000648403 1 -0.00474178 -0.0108168 -0.426744
FixedParameters: 0 0 0

#Transform 182
Transform: AffineTransform_float_3_3
Parameters: 1 0.000378225 0.000316799 -0.000377931 1 -0.00046407 -0.00031715 0.00046383 1 -0.00303429 -0.0804544 -0.346191
FixedParameters: 0 0 0

#Transform 183
Transform: AffineTransform_float_3_3
Parameters: 1 0.000410019 0.000284366 -0.000410427 0.999999 -0.000722668 -0.00028439 0.000722387 0.999999 0.000825423 -0.0365139 -0.410666
FixedParameters: 0 0 0

#Transform 184
Transform: AffineTransform_float_3_3
Parameters: 1 0.000517247 0.000219356 -0.000517039 1 -0.000472961 -0.000219845 0.000472734 1 -0.0105207 -0.0754586 -0.346351
FixedParameters: 0 0 0

#Transform 185
Transform: AffineTransform_float_3_3
Parameters: 1 0.000377417 0.000300936 -0.000376887 0.999999 -0.000879848 -0.000301599 0.000879621 0.999999 0.00249528 -0.0372088 -0.406907
FixedParameters: 0 0 0

#Transform 186
Transform: AffineTransform_float_3_3
Parameters: 1 0.000440902 0.000270051 -0.000440635 1 -0.000539554 -0.00027047 0.000539659 0.999999 -0.0100442 -0.0723292 -0.340097
FixedParameters: 0 0 0

#Transform 187
Transform: AffineTransform_float_3_3
Parameters: 1 0.000358084 0.000504232 -0.000357618 1 -0.000462219 -0.000504563 0.000461858 1 -0.00466161 -0.0131041 -0.36993
FixedParameters: 0 0 0

#Transform 188
Transform: AffineTransform_float_3_3
Parameters: 1 0.000299907 0.000446883 -0.000298883 1 -0.00115209 -0.000447695 0.00115183 0.999999 -0.00605791 -0.170891 -0.359172
FixedParameters: 0 0 0

#Transform 189
Transform: AffineTransform_float_3_3
Parameters: 1 0.000367326 0.000489609 -0.000367072 1 -0.00110208 -0.000489972 0.00110167 1 -0.00556639 -0.0765437 -0.323182
FixedParameters: 0 0 0
