#Insight Transform File V1.0
#Transform 0
Transform: AffineTransform_float_3_3
Parameters: 0.999999 0.000211618 0.000813771 -0.000212953 0.999999 0.00131821 -0.000813902 -0.00131851 0.999999 0.0377744 0.00741173 0.0486399
FixedParameters: 0 0 0

#Transform 1
Transform: AffineTransform_float_3_3
Parameters: 0.999999 0.000282625 0.000764131 -0.00028339 0.999999 0.00140584 -0.000763213 -0.00140618 0.999998 0.0265168 -0.0249997 0.113109
FixedParameters: 0 0 0

#Transform 2
Transform: AffineTransform_float_3_3
Parameters: 1 -2.92086e-05 0.000612343 2.81857e-05 0.999999 0.000854902 -0.000612449 -0.00085521 0.999999 0.0377652 0.045103 0.0851397
FixedParameters: 0 0 0

#Transform 3
Transform: AffineTransform_float_3_3
Parameters: 0.999999 -2.16362e-05 0.0008728 2.10828e-05 1 0.000317034 -0.000872814 -0.000316997 0.999999 0.0371578 0.0205238 0.0603163
FixedParameters: 0 0 0

#Transform 4
Transform: AffineTransform_float_3_3
Parameters: 1 -0.000240145 0.000386054 0.00024036 1 -0.000279319 -0.000385919 0.000279504 1 0.0264512 0.0343866 0.0578069
FixedParameters: 0 0 0

#Transform 5
Transform: AffineTransform_float_3_3
Parameters: 1 -0.000138762 0.000322328 0.000138826 1 -9.84775e-05 -0.000322301 9.85669e-05 1 0.0185645 0.0064453 0.0962643
FixedParameters: 0 0 0

#Transform 6
Transform: AffineTransform_float_3_3
Parameters: 1 -0.000173001 0.000419519 0.000173239 1 -0.000284349 -0.00041942 0.000284494 1 0.0172998 0.00432094 0.0839631
FixedParameters: 0 0 0

#Transform 7
Transform: AffineTransform_float_3_3
Parameters: 1 -8.08254e-05 0.00035616 8.10322e-05 1 -0.000290287 -0.000356113 0.000290344 1 0.018151 -0.0164748 0.067372
FixedParameters: 0 0 0

#Transform 8
Transform: AffineTransform_float_3_3
Parameters: 1 -8.56688e-05 0.00036167 8.56583e-05 1 1.46023e-05 -0.000361673 -1.45403e-05 1 0.0184702 -0.0139287 0.0631818
FixedParameters: 0 0 0

#Transform 9
Transform: AffineTransform_float_3_3
Parameters: 1 9.91612e-05 0.000671672 -9.86259e-05 1 -0.000398498 -0.000671751 0.000398365 0.999999 0.0207939 -0.0406232 0.0444527
FixedParameters: 0 0 0

#Transform 10
Transform: AffineTransform_float_3_3
Parameters: 1 0.000176486 0.000573818 -0.000176568 1 7.12427e-05 -0.000573793 -7.14453e-05 1 0.0152864 -0.0246819 0.0312862
FixedParameters: 0 0 0

#Transform 11
Transform: AffineTransform_float_3_3
Parameters: 1 0.000296758 0.000583622 -0.000297198 1 0.000376391 -0.000583398 -0.000376737 1 0.00749525 -0.0369016 0.0140118
FixedParameters: 0 0 0

#Transform 12
Transform: AffineTransform_float_3_3
Parameters: 1 0.000342468 0.000465499 -0.000342711 1 0.000260967 -0.00046532 -0.000261286 1 0.00380029 -0.0301368 0.0421404
FixedParameters: 0 0 0

#Transform 13
Transform: AffineTransform_float_3_3
Parameters: 1 0.000401535 0.000581359 -0.000401433 1 -8.79677e-05 -0.000581429 8.75009e-05 1 0.00426697 -0.0235305 0.0253062
FixedParameters: 0 0 0

#Transform 14
Transform: AffineTransform_float_3_3
Parameters: 0.999999 0.000239728 0.000667141 -0.000239185 1 -0.000407249 -0.000667336 0.00040693 0.999999 0.00798301 0.0127803 -0.0347192
FixedParameters: 0 0 0

#Transform 15
Transform: AffineTransform_float_3_3
Parameters: 1 0.00016435 0.000262485 -0.00016419 1 -0.000305767 -0.000262586 0.000305681 1 0.00236123 -0.0118865 -0.0686984
FixedParameters: 0 0 0

#Transform 16
Transform: AffineTransform_float_3_3
Parameters: 1 6.82292e-05 0.000124807 -6.81542e-05 1 -0.000300317 -0.000124848 0.0003003 1 0.00347398 0.00234583 -0.0595942
FixedParameters: 0 0 0

#Transform 17
Transform: AffineTransform_float_3_3
Parameters: 1 0.00045653 7.43648e-05 -0.000456544 1 9.33916e-05 -7.42795e-05 -9.34594e-05 1 -0.00552693 -0.0137381 0.0355668
FixedParameters: 0 0 0

#Transform 18
Transform: AffineTransform_float_3_3
Parameters: 1 0.000274091 -1.86063e-05 -0.000274111 1 -0.0005389 1.83109e-05 0.00053891 1 -0.0042744 -0.0552264 0.00140356
FixedParameters: 0 0 0

#Transform 19
Transform: AffineTransform_float_3_3
Parameters: 1 0.0002783 2.91418e-05 -0.000278273 1 -0.000460853 -2.93983e-05 0.000460836 1 -0.00359721 -0.00971314 -0.0478
FixedParameters: 0 0 0

#Transform 20
Transform: AffineTransform_float_3_3
Parameters: 1 0.000289185 -0.000272798 -0.000289239 1 -9.88264e-05 0.00027274 9.89842e-05 1 -0.00966949 0.0107705 0.0276942
FixedParameters: 0 0 0

#Transform 21
Transform: AffineTransform_float_3_3
Parameters: 1 0.000174057 -0.000324717 -0.00017409 1 -4.98754e-05 0.000324699 4.99885e-05 1 -0.00686955 0.0648779 0.0395105
FixedParameters: 0 0 0

#Transform 22
Transform: AffineTransform_float_3_3
Parameters: 1 0.000449631 -0.000165755 -0.000449385 0.999999 0.000742302 0.000166423 -0.000742153 0.999999 -0.00411988 -0.00984041 0.0489862
FixedParameters: 0 0 0

#Transform 23
Transform: AffineTransform_float_3_3
Parameters: 1 0.000493654 -0.000158649 -0.000493418 0.999999 0.000741628 0.000159381 -0.000741471 0.999999 -0.0119926 -0.0358211 0.0329256
FixedParameters: 0 0 0

#Transform 24
Transform: AffineTransform_float_3_3
Parameters: 1 0.000410613 -0.000220354 -0.000410435 1 0.000403877 0.000220685 -0.000403696 1 -0.00531975 -0.00440105 0.0586757
FixedParameters: 0 0 0

#Transform 25
Transform: AffineTransform_float_3_3
Parameters: 1 0.000502976 -0.000210936 -0.000503319 0.999999 0.000541485 0.000210667 -0.000541311 1 -0.00739325 0.00024533 0.034083
FixedParameters: 0 0 0

#Transform 26
Transform: AffineTransform_float_3_3
Parameters: 1 0.000450119 -0.000219078 -0.00044992 1 0.00045356 0.000219486 -0.000453363 1 -0.011228 0.0552394 -0.0308434
FixedParameters: 0 0 0

#Transform 27
Transform: AffineTransform_float_3_3
Parameters: 1 0.000486234 -0.000287905 -0.00048604 1 0.000337922 0.000288234 -0.000337641 1 -0.0114314 0.02827 0.0249091
FixedParameters: 0 0 0

#Transform 28
Transform: AffineTransform_float_3_3
Parameters: 1 0.000610267 -0.000187251 -0.000610194 1 0.000259161 0.000187623 -0.000258589 0.999999 -0.0121089 -0.00287862 -0.0105826
FixedParameters: 0 0 0

#Transform 29
Transform: AffineTransform_float_3_3
Parameters: 1 0.000563824 -0.000218536 -0.000563686 1 0.000314344 0.00021889 -0.000314097 1 -0.0111535 0.0134492 -0.028043
FixedParameters: 0 0 0

#Transform 30
Transform: AffineTransform_float_3_3
Parameters: 1 0.000434528 -0.000419198 -0.000434889 1 0.000545019 0.000420241 -0.000544702 1 -0.0126357 0.0170198 -0.0160992
FixedParameters: 0 0 0

#Transform 31
Transform: AffineTransform_float_3_3
Parameters: 1 0.000391706 -0.000148061 -0.000392073 0.999999 0.000693776 0.000147791 -0.000693698 0.999999 -0.0103029 -0.020012 0.04426
FixedParameters: 0 0 0

#Transform 32
Transform: AffineTransform_float_3_3
Parameters: 1 0.000211017 -0.000296178 -0.000210618 1 0.000672342 0.000296462 -0.000672217 0.999999 -0.00786824 -0.0120715 0.0124559
FixedParameters: 0 0 0

#Transform 33
Transform: AffineTransform_float_3_3
Parameters: 1 0.000326464 -0.000137751 -0.000326809 0.999999 0.000822046 0.000137475 -0.000821994 0.999999 -0.00565888 -0.0222369 -0.00274715
FixedParameters: 0 0 0

#Transform 34
Transform: AffineTransform_float_3_3
Parameters: 1 0.000319107 -0.000209345 -0.000319295 0.999999 0.000916447 0.000209117 -0.000916352 0.999999 -0.0126128 -0.00762447 -0.0069671
FixedParameters: 0 0 0

#Transform 35
Transform: AffineTransform_float_3_3
Parameters: 1 0.000248248 -0.000319248 -0.000248135 1 0.000989097 0.000318889 -0.000989914 0.999999 -0.00601856 -0.00123491 -0.0139086
FixedParameters: 0 0 0

#Transform 36
Transform: AffineTransform_float_3_3
Parameters: 1 0.000439898 -0.000259622 -0.000439945 1 0.000908425 0.000259571 -0.000909172 0.999999 -0.00918073 0.0112525 -0.0143813
FixedParameters: 0 0 0

#Transform 37
Transform: AffineTransform_float_3_3
Parameters: 1 0.000345067 -0.000186952 -0.000345243 1 0.00107724 0.00018676 -0.00107715 1 -0.00365746 0.00832477 0.0242777
FixedParameters: 0 0 0

#Transform 38
Transform: AffineTransform_float_3_3
Parameters: 1 0.000437683 -0.000171734 -0.000437457 0.999999 0.000658857 0.00017231 -0.000658706 1 -0.0126273 -0.0125568 -0.00253242
FixedParameters: 0 0 0

#Transform 39
Transform: AffineTransform_float_3_3
Parameters: 1 0.000465396 -0.000297225 -0.000465078 0.999999 0.000534541 0.000297723 -0.000534264 1 -0.0109559 0.0225277 -0.0378934
FixedParameters: 0 0 0

#Transform 40
Transform: AffineTransform_float_3_3
Parameters: 1 0.000416966 -0.000249379 -0.000416468 1 0.00101156 0.0002501 -0.00101135 1 -0.00575785 0.019592 -0.0072908
FixedParameters: 0 0 0

#Transform 41
Transform: AffineTransform_float_3_3
Parameters: 1 0.000401298 -0.000103866 -0.000401123 0.999999 0.000838636 0.000104539 -0.000838552 0.999999 0.00200123 -0.0252758 0.0335874
FixedParameters: 0 0 0

#Transform 42
Transform: AffineTransform_float_3_3
Parameters: 1 0.000627794 -1.7064e-05 -0.000627766 0.999999 0.000794927 1.80621e-05 -0.000794905 0.999999 -0.0049472 0.0298233 -0.0123976
FixedParameters: 0 0 0

#Transform 43
Transform: AffineTransform_float_3_3
Parameters: 1 0.000532508 -9.45712e-05 -0.000532307 1 0.00122403 9.58081e-05 -0.00122358 0.999999 -0.00681644 0.00841369 0.00266996
FixedParameters: 0 0 0

#Transform 44
Transform: AffineTransform_float_3_3
Parameters: 1 0.000570147 -0.00026504 -0.000570114 0.999999 0.00115238 0.000265418 -0.00115212 1 -0.0130594 0.000453797 0.000401267
FixedParameters: 0 0 0

#Transform 45
Transform: AffineTransform_float_3_3
Parameters: 1 0.000562118 -0.000395188 -0.000561818 0.999999 0.00111141 0.000395502 -0.00111101 1 -0.00944375 -0.0180622 -0.0317734
FixedParameters: 0 0 0

#Transform 46
Transform: AffineTransform_float_3_3
Parameters: 0.999999 0.000727942 -0.00035367 -0.000727761 0.999999 0.00107334 0.000354296 -0.00107287 1 -0.0110388 -0.0127064 -0.0362815
FixedParameters: 0 0 0

#Transform 47
Transform: AffineTransform_float_3_3
Parameters: 1 0.000666642 -0.000245209 -0.000665728 0.999999 0.00137602 0.000245537 -0.00137568 0.999999 -0.00737316 -0.0104852 -0.00817903
FixedParameters: 0 0 0

#Transform 48
Transform: AffineTransform_float_3_3
Parameters: 1 0.000635155 -0.00027461 -0.000634945 0.999999 0.00143392 0.000275495 -0.00143361 0.999999 -0.0114558 0.00322481 -0.0264156
FixedParameters: 0 0 0

#Transform 49
Transform: AffineTransform_float_3_3
Parameters: 1 0.000539902 -0.000428539 -0.000539399 0.999999 0.00126196 0.000428965 -0.00126153 0.999999 -0.0114875 0.0155803 -0.0348788
FixedParameters: 0 0 0

#Transform 50
Transform: AffineTransform_float_3_3
Parameters: 1 0.000571594 -0.000386411 -0.000571229 0.999999 0.00122107 0.00038687 -0.00122067 0.999999 -0.00938586 0.00118422 -0.0661347
FixedParameters: 0 0 0

#Transform 51
Transform: AffineTransform_float_3_3
Parameters: 1 0.000567225 -0.000260924 -0.000567079 0.999999 0.00138702 0.000261561 -0.00138676 0.999999 -0.00828049 0.0242079 -0.0784826
FixedParameters: 0 0 0

#Transform 52
Transform: AffineTransform_float_3_3
Parameters: 1 0.000462232 -0.000263505 -0.000461983 0.999998 0.00156877 0.000264019 -0.00156857 0.999998 -0.00815631 0.00273381 -0.0814628
FixedParameters: 0 0 0

#Transform 53
Transform: AffineTransform_float_3_3
Parameters: 1 0.000519928 -0.000139672 -0.000520042 0.999999 0.00176966 0.00014051 -0.00176921 0.999998 -0.00939115 -0.000949873 -0.053853
FixedParameters: 0 0 0

#Transform 54
Transform: AffineTransform_float_3_3
Parameters: 1 0.00049716 -0.000200304 -0.000497022 0.999999 0.00165352 0.000200975 -0.0016543 0.999998 -0.00839805 0.00294944 -0.073378
FixedParameters: 0 0 0

#Transform 55
Transform: AffineTransform_float_3_3
Parameters: 1 0.000426408 -2.10098e-05 -0.000425526 0.999998 0.00164693 2.17215e-05 -0.00164686 0.999998 -0.00596744 -0.000110297 -0.103839
FixedParameters: 0 0 0

#Transform 56
Transform: AffineTransform_float_3_3
Parameters: 1 0.000418001 -8.44337e-05 -0.00041689 0.999999 0.00180656 8.51281e-05 -0.00180644 0.999999 0.00476019 0.0255153 -0.0837582
FixedParameters: 0 0 0

#Transform 57
Transform: AffineTransform_float_3_3
Parameters: 1 0.000481555 -7.86794e-05 -0.000481866 0.999999 0.00174448 7.93018e-05 -0.00174444 0.999999 0.00900029 0.0100328 -0.0431163
FixedParameters: 0 0 0

#Transform 58
Transform: AffineTransform_float_3_3
Parameters: 1 0.000448251 -0.000277585 -0.000447581 0.999999 0.00121695 0.000278552 -0.0012167 0.999999 0.0031982 -0.00821513 -0.0405343
FixedParameters: 0 0 0

#Transform 59
Transform: AffineTransform_float_3_3
Parameters: 1 0.000522321 -9.59429e-06 -0.000522875 0.999999 0.00128231 9.99879e-06 -0.00128233 0.999999 0.00401199 0.0366725 -0.066209
FixedParameters: 0 0 0

#Transform 60
Transform: AffineTransform_float_3_3
Parameters: 1 0.000689616 -4.72268e-05 -0.000688698 0.999999 0.00111871 4.80773e-05 -0.0011186 1 0.00247734 -0.00947157 -0.0992342
FixedParameters: 0 0 0

#Transform 61
Transform: AffineTransform_float_3_3
Parameters: 1 0.000506672 9.09644e-05 -0.00050693 0.999999 0.00139181 -8.96761e-05 -0.0013919 0.999999 0.00908068 0.00710526 -0.0801306
FixedParameters: 0 0 0

#Transform 62
Transform: AffineTransform_float_3_3
Parameters: 1 0.000365597 0.000194604 -0.000366198 0.999999 0.00153106 -0.000193606 -0.0015312 0.999999 0.00331851 0.00643104 -0.104193
FixedParameters: 0 0 0

#Transform 63
Transform: AffineTransform_float_3_3
Parameters: 1 0.000358751 0.000212379 -0.000359555 0.999998 0.00186216 -0.000211287 -0.00186231 0.999998 0.00768277 -0.000896189 -0.123794
FixedParameters: 0 0 0

#Transform 64
Transform: AffineTransform_float_3_3
Parameters: 1 0.000360265 0.000208595 -0.000360208 0.999999 0.00179298 -0.000208117 -0.00179308 0.999999 0.00241167 -0.00491222 -0.12955
FixedParameters: 0 0 0

#Transform 65
Transform: AffineTransform_float_3_3
Parameters: 1 0.000378158 0.000183898 -0.000377891 0.999999 0.00148121 -0.000183469 -0.0014813 0.999999 0.00235451 0.00304994 -0.12201
FixedParameters: 0 0 0

#Transform 66
Transform: AffineTransform_float_3_3
Parameters: 1 0.000335932 0.000215192 -0.000335779 0.999999 0.00153 -0.000214855 -0.0015301 0.999999 -0.000835022 0.00743264 -0.122991
FixedParameters: 0 0 0

#Transform 67
Transform: AffineTransform_float_3_3
Parameters: 1 0.000396532 0.000172896 -0.000396248 0.999999 0.00152613 -0.000172378 -0.00152622 0.999999 -0.0044476 0.00745761 -0.141804
FixedParameters: 0 0 0

#Transform 68
Transform: AffineTransform_float_3_3
Parameters: 1 0.000406889 0.000158049 -0.000407317 0.999999 0.00133304 -0.000157086 -0.00133316 0.999999 -2.14215e-05 0.0199892 -0.154469
FixedParameters: 0 0 0

#Transform 69
Transform: AffineTransform_float_3_3
Parameters: 1 0.000464642 0.000104721 -0.000464858 1 0.0010017 -0.000103912 -0.0010018 1 0.00599241 0.0122867 -0.150235
FixedParameters: 0 0 0

#Transform 70
Transform: AffineTransform_float_3_3
Parameters: 1 0.000171329 0.000330071 -0.000172352 0.999999 0.00154048 -0.000329664 -0.0015406 0.999999 0.0259082 0.091117 -0.0710563
FixedParameters: 0 0 0

#Transform 71
Transform: AffineTransform_float_3_3
Parameters: 0.999999 0.000692622 0.000366015 -0.000692914 0.999998 0.00150841 -0.000364616 -0.00150887 0.999999 0.0166295 -0.0122247 -0.069614
FixedParameters: 0 0 0

#Transform 72
Transform: AffineTransform_float_3_3
Parameters: 1 0.000314709 0.000543242 -0.00031638 0.999999 0.00153229 -0.000542397 -0.00153264 0.999998 0.0140891 0.00987255 -0.111149
FixedParameters: 0 0 0

#Transform 73
Transform: AffineTransform_float_3_3
Parameters: 1 0.000640609 0.00018795 -0.000640148 1 0.00093304 -0.000187446 -0.000933232 1 0.00961293 -0.0119889 -0.139865
FixedParameters: 0 0 0

#Transform 74
Transform: AffineTransform_float_3_3
Parameters: 1 0.000521813 0.000176902 -0.000521441 0.999999 0.0012429 -0.000176296 -0.00124304 0.999999 0.0102218 -0.00478411 -0.152274
FixedParameters: 0 0 0

#Transform 75
Transform: AffineTransform_float_3_3
Parameters: 1 0.00058792 0.000176875 -0.000587555 0.999999 0.00126487 -0.000176079 -0.00126503 0.999999 0.0104671 -0.0138109 -0.155444
FixedParameters: 0 0 0

#Transform 76
Transform: AffineTransform_float_3_3
Parameters: 1 0.000456398 0.000120541 -0.000455889 0.999999 0.00125578 -0.000120087 -0.00125584 0.999999 0.01039 -0.00872223 -0.158053
FixedParameters: 0 0 0

#Transform 77
Transform: AffineTransform_float_3_3
Parameters: 1 0.000522034 0.000257157 -0.000522002 0.999998 0.00151864 -0.000256263 -0.00151886 0.999999 0.00675381 -0.0155305 -0.168775
FixedParameters: 0 0 0

#Transform 78
Transform: AffineTransform_float_3_3
Parameters: 1 0.000503102 0.000283994 -0.000503121 0.999999 0.00146378 -0.000283213 -0.00146402 0.999999 0.00866855 -0.0134216 -0.176037
FixedParameters: 0 0 0

#Transform 79
Transform: AffineTransform_float_3_3
Parameters: 1 0.00044744 0.000334952 -0.000447839 0.999999 0.00168292 -0.000334167 -0.00168189 0.999998 0.0104964 -0.0250683 -0.217431
FixedParameters: 0 0 0

#Transform 80
Transform: AffineTransform_float_3_3
Parameters: 1 0.000545246 0.000324624 -0.000545213 0.999999 0.00119881 -0.000324008 -0.00119912 0.999999 0.00764498 -0.0547154 -0.228723
FixedParameters: 0 0 0

#Transform 81
Transform: AffineTransform_float_3_3
Parameters: 1 0.000452078 0.000315733 -0.000453045 0.999998 0.00152309 -0.000314477 -0.00152337 0.999999 0.00720423 -0.0327493 -0.219408
FixedParameters: 0 0 0

#Transform 82
Transform: AffineTransform_float_3_3
Parameters: 1 0.000472646 0.000351419 -0.000472775 0.999999 0.00133863 -0.000350845 -0.00133892 0.999999 0.00734646 -0.0712854 -0.207051
FixedParameters: 0 0 0

#Transform 83
Transform: AffineTransform_float_3_3
Parameters: 1 0.000389161 0.000178038 -0.000389711 0.999999 0.00152655 -0.000176972 -0.00152669 0.999999 0.00631836 -0.0342662 -0.215974
FixedParameters: 0 0 0

#Transform 84
Transform: AffineTransform_float_3_3
Parameters: 1 0.000483591 0.00026648 -0.000483853 0.999998 0.00200395 -0.000265355 -0.00200416 0.999998 0.00589416 -0.0115247 -0.198472
FixedParameters: 0 0 0

#Transform 85
Transform: AffineTransform_float_3_3
Parameters: 1 0.000486642 0.00028688 -0.000487178 0.999997 0.00232843 -0.000285549 -0.00232866 0.999997 0.0066205 2.2072e-05 -0.194721
FixedParameters: 0 0 0

#Transform 86
Transform: AffineTransform_float_3_3
Parameters: 1 0.000494648 0.000347508 -0.000495453 0.999997 0.00230807 -0.000346159 -0.00230837 0.999998 0.00802325 0.0143103 -0.174068
FixedParameters: 0 0 0

#Transform 87
Transform: AffineTransform_float_3_3
Parameters: 1 0.000517318 0.000377108 -0.000518116 0.999997 0.00212842 -0.000375718 -0.00212876 0.999997 0.012093 -0.00696537 -0.171832
FixedParameters: 0 0 0

#Transform 88
Transform: AffineTransform_float_3_3
Parameters: 1 0.00058468 0.00036514 -0.000585216 0.999998 0.00183869 -0.000363803 -0.00183907 0.999998 0.0103421 0.0180542 -0.212262
FixedParameters: 0 0 0

#Transform 89
Transform: AffineTransform_float_3_3
Parameters: 1 0.000627262 0.000348334 -0.000627673 0.999997 0.00209951 -0.000347895 -0.00209989 0.999997 0.0103137 0.0112525 -0.192908
FixedParameters: 0 0 0

#Transform 90
Transform: AffineTransform_float_3_3
Parameters: 1 0.000625262 0.000324409 -0.000625085 0.999997 0.00213915 -0.000323203 -0.00213852 0.999998 0.00874692 0.00896471 -0.190492
FixedParameters: 0 0 0

#Transform 91
Transform: AffineTransform_float_3_3
Parameters: 1 0.00065205 0.000380214 -0.000653527 0.999998 0.00214124 -0.000379075 -0.00214044 0.999997 0.0103325 0.00225738 -0.18078
FixedParameters: 0 0 0

#Transform 92
Transform: AffineTransform_float_3_3
Parameters: 0.999999 0.000680713 0.000442139 -0.000682465 0.999998 0.00223868 -0.000440836 -0.00223928 0.999998 0.0130816 0.0131867 -0.103073
FixedParameters: 0 0 0

#Transform 93
Transform: AffineTransform_float_3_3
Parameters: 0.999999 0.000698705 0.000637748 -0.000700494 0.999996 0.00266698 -0.000635644 -0.00266778 0.999996 0.0179547 0.0728127 -0.11693
FixedParameters: 0 0 0

#Transform 94
Transform: AffineTransform_float_3_3
Parameters: 0.999999 0.000709446 0.000744131 -0.000711481 0.999995 0.00296166 -0.000742205 -0.00296163 0.999995 0.0345178 -0.0571722 -0.0779836
FixedParameters: 0 0 0

#Transform 95
Transform: AffineTransform_float_3_3
Parameters: 0.999999 0.000723689 0.000622215 -0.000725451 0.999996 0.00271247 -0.000619911 -0.00271328 0.999996 0.0270158 0.0744482 -0.172216
FixedParameters: 0 0 0

#Transform 96
Transform: AffineTransform_float_3_3
Parameters: 0.999999 0.000470613 0.000824947 -0.000473251 0.999994 0.00341012 -0.000823357 -0.00341072 0.999994 0.0425868 0.0703226 -0.15812
FixedParameters: 0 0 0

#Transform 97
Transform: AffineTransform_float_3_3
Parameters: 0.999999 0.000462769 0.000755404 -0.000464816 0.999994 0.00329867 -0.000753936 -0.00329825 0.999994 0.0418956 0.0589613 -0.155577
FixedParameters: 0 0 0

#Transform 98
Transform: AffineTransform_float_3_3
Parameters: 0.999999 0.000535259 0.000829937 -0.000537144 0.999996 0.00290866 -0.000828287 -0.00290843 0.999995 0.0418476 0.0453674 -0.164229
FixedParameters: 0 0 0

#Transform 99
Transform: AffineTransform_float_3_3
Parameters: 0.999999 0.000462242 0.000818479 -0.000464291 0.999995 0.00309538 -0.000817172 -0.0030963 0.999995 0.044058 0.0702569 -0.183369
FixedParameters: 0 0 0

#Transform 100
Transform: AffineTransform_float_3_3
Parameters: 0.999999 0.000615918 0.000704402 -0.000618455 0.999996 0.0029032 -0.000702531 -0.00290304 0.999996 0.0367946 0.0295253 -0.148526
FixedParameters: 0 0 0

#Transform 101
Transform: AffineTransform_float_3_3
Parameters: 0.999999 0.000613076 0.000716242 -0.000615169 0.999995 0.00315345 -0.000714688 -0.00315419 0.999994 0.0387406 -0.00536718 -0.0889243
FixedParameters: 0 0 0

#Transform 102
Transform: AffineTransform_float_3_3
Parameters: 0.999999 0.000494598 0.000788825 -0.000496249 0.999996 0.00291108 -0.00078741 -0.00291074 0.999996 0.0394729 -0.00631917 -0.115745
FixedParameters: 0 0 0

#Transform 103
Transform: AffineTransform_float_3_3
Parameters: 0.999999 0.00058356 0.000736768 -0.000585213 0.999995 0.00315538 -0.000734585 -0.00315606 0.999994 0.0370492 0.0262301 -0.106442
FixedParameters: 0 0 0

#Transform 104
Transform: AffineTransform_float_3_3
Parameters: 0.999999 0.000598318 0.000726501 -0.00060072 0.999995 0.00315439 -0.000723656 -0.00315512 0.999994 0.0321802 0.0379169 -0.105092
FixedParameters: 0 0 0

#Transform 105
Transform: AffineTransform_float_3_3
Parameters: 0.999999 0.000610334 0.000774284 -0.000611939 0.999996 0.00297149 -0.000772157 -0.00297225 0.999995 0.042008 -0.0406472 -0.111162
FixedParameters: 0 0 0

#Transform 106
Transform: AffineTransform_float_3_3
Parameters: 0.999999 0.000689526 0.000761682 -0.000691898 0.999995 0.00314882 -0.000759651 -0.00314973 0.999994 0.0305955 0.0997444 -0.116658
FixedParameters: 0 0 0

#Transform 107
Transform: AffineTransform_float_3_3
Parameters: 0.999999 0.000615491 0.000826464 -0.000617346 0.999996 0.00290365 -0.000824354 -0.00290355 0.999995 0.0359586 0.0643735 -0.142203
FixedParameters: 0 0 0

#Transform 108
Transform: AffineTransform_float_3_3
Parameters: 0.999999 0.000663714 0.000751538 -0.00066613 0.999995 0.00318092 -0.000749713 -0.00318084 0.999995 0.030743 0.0889071 -0.178183
FixedParameters: 0 0 0

#Transform 109
Transform: AffineTransform_float_3_3
Parameters: 0.999999 0.000613424 0.000722559 -0.000615233 0.999995 0.0033218 -0.000720105 -0.0033225 0.999994 0.0323601 0.083793 -0.115955
FixedParameters: 0 0 0

#Transform 110
Transform: AffineTransform_float_3_3
Parameters: 0.999999 0.000632287 0.000785874 -0.000635224 0.999994 0.00340692 -0.000783997 -0.00340777 0.999994 0.0335809 0.0621321 -0.135054
FixedParameters: 0 0 0

#Transform 111
Transform: AffineTransform_float_3_3
Parameters: 0.999999 0.000657545 0.000695519 -0.000659871 0.999994 0.00341111 -0.000693466 -0.00341189 0.999994 0.0382002 -0.0193679 -0.0717336
FixedParameters: 0 0 0

#Transform 112
Transform: AffineTransform_float_3_3
Parameters: 0.999999 0.000488227 0.000906238 -0.000491352 0.999994 0.00337319 -0.000904561 -0.0033739 0.999994 0.0448158 0.00670997 -0.118734
FixedParameters: 0 0 0

#Transform 113
Transform: AffineTransform_float_3_3
Parameters: 0.999999 0.000560713 0.000876226 -0.000563502 0.999994 0.00326787 -0.000874143 -0.00326773 0.999994 0.0399261 0.0258545 -0.146316
FixedParameters: 0 0 0

#Transform 114
Transform: AffineTransform_float_3_3
Parameters: 0.999999 0.000536353 0.000860415 -0.000539728 0.999994 0.00336502 -0.000859235 -0.0033658 0.999994 0.0389705 0.0451806 -0.109842
FixedParameters: 0 0 0

#Transform 115
Transform: AffineTransform_float_3_3
Parameters: 0.999999 0.000514928 0.000882062 -0.000518003 0.999996 0.00297769 -0.000879923 -0.00297846 0.999995 0.0439775 0.011272 -0.119616
FixedParameters: 0 0 0

#Transform 116
Transform: AffineTransform_float_3_3
Parameters: 0.999999 0.000458664 0.000823985 -0.000461714 0.999995 0.00317237 -0.000822001 -0.003173 0.999994 0.0345723 0.113218 -0.148938
FixedParameters: 0 0 0

#Transform 117
Transform: AffineTransform_float_3_3
Parameters: 1 0.000708015 0.000973854 -0.000710479 0.999997 0.0024895 -0.00097236 -0.0024898 0.999996 0.0461866 -0.11224 -0.131653
FixedParameters: 0 0 0

#Transform 118
Transform: AffineTransform_float_3_3
Parameters: 0.999999 0.000529497 0.00077808 -0.000531626 0.999994 0.00325551 -0.000776217 -0.00325522 0.999994 0.0389144 0.151745 -0.1509
FixedParameters: 0 0 0

#Transform 119
Transform: AffineTransform_float_3_3
Parameters: 0.999999 0.000657283 0.000690211 -0.000659435 0.999994 0.00327233 -0.000688307 -0.00327215 0.999994 0.0309706 0.157173 -0.209041
FixedParameters: 0 0 0

#Transform 120
Transform: AffineTransform_float_3_3
Parameters: 0.999999 0.000505571 0.000813145 -0.000508651 0.999993 0.0037285 -0.000811114 -0.00372914 0.999992 0.0383782 0.0850055 -0.154534
FixedParameters: 0 0 0

#Transform 121
Transform: AffineTransform_float_3_3
Parameters: 0.999999 0.00047431 0.00084005 -0.000477828 0.999993 0.00386477 -0.000838243 -0.00386539 0.999992 0.0360844 0.0131017 -0.113428
FixedParameters: 0 0 0

#Transform 122
Transform: AffineTransform_float_3_3
Parameters: 0.999999 0.000548044 0.000803597 -0.000551043 0.99999 0.00423815 -0.000801559 -0.00423914 0.999991 0.0364834 -0.0214456 -0.105064
FixedParameters: 0 0 0

#Transform 123
Transform: AffineTransform_float_3_3
Parameters: 0.999999 0.000646599 0.000877449 -0.000650899 0.999989 0.00460456 -0.000874284 -0.00460547 0.999989 0.0306331 0.00504003 -0.118545
FixedParameters: 0 0 0

#Transform 124
Transform: AffineTransform_float_3_3
Parameters: 0.999999 0.000700419 0.000816904 -0.000704463 0.99999 0.00444172 -0.000814163 -0.00444267 0.999989 0.0297883 -0.0300557 -0.055591
FixedParameters: 0 0 0

#Transform 125
Transform: AffineTransform_float_3_3
Parameters: 0.999999 0.000531024 0.000699587 -0.000533853 0.999991 0.00410877 -0.00069717 -0.00410839 0.999991 0.0237809 0.0430547 -0.0878734
FixedParameters: 0 0 0

#Transform 126
Transform: AffineTransform_float_3_3
Parameters: 0.999999 0.000589168 0.00061366 -0.000591629 0.999992 0.00396516 -0.000611665 -0.00396574 0.999992 0.0225373 0.0524535 -0.102177
FixedParameters: 0 0 0

#Transform 127
Transform: AffineTransform_float_3_3
Parameters: 0.999999 0.000470786 0.000789122 -0.000474318 0.999992 0.00411932 -0.000787224 -0.00411988 0.999991 0.0241759 0.0578408 -0.0885942
FixedParameters: 0 0 0

#Transform 128
Transform: AffineTransform_float_3_3
Parameters: 0.999999 0.000604905 0.000586173 -0.000607161 0.999992 0.00397613 -0.00058404 -0.00397669 0.999992 0.00962995 0.079941 -0.12832
FixedParameters: 0 0 0

#Transform 129
Transform: AffineTransform_float_3_3
Parameters: 0.999999 0.000662043 0.000538971 -0.000663812 0.999993 0.00387428 -0.000536521 -0.00387485 0.999993 0.00819253 0.0762818 -0.132015
FixedParameters: 0 0 0

#Transform 130
Transform: AffineTransform_float_3_3
Parameters: 0.999999 0.000691653 0.000456835 -0.000692674 0.999992 0.00376001 -0.000454194 -0.0037605 0.999993 0.00102064 0.0198904 -0.100742
FixedParameters: 0 0 0

#Transform 131
Transform: AffineTransform_float_3_3
Parameters: 0.999999 0.000760967 0.000478749 -0.000763437 0.999993 0.00365049 -0.000475993 -0.00365117 0.999993 0.00721474 0.0374745 -0.133957
FixedParameters: 0 0 0

#Transform 132
Transform: AffineTransform_float_3_3
Parameters: 0.999999 0.000714173 0.000475271 -0.000715484 0.999992 0.00391395 -0.000472361 -0.00391449 0.999992 0.00100183 0.0373081 -0.100682
FixedParameters: 0 0 0

#Transform 133
Transform: AffineTransform_float_3_3
Parameters: 0.999999 0.000708488 0.000472133 -0.000710297 0.999993 0.00385816 -0.000470158 -0.00385873 0.999993 0.00445234 0.0128776 -0.0753197
FixedParameters: 0 0 0

#Transform 134
Transform: AffineTransform_float_3_3
Parameters: 0.999999 0.00072033 0.000512302 -0.000721608 0.999994 0.00360309 -0.00050967 -0.00360369 0.999994 0.00455375 0.0228372 -0.104693
FixedParameters: 0 0 0

#Transform 135
Transform: AffineTransform_float_3_3
Parameters: 0.999999 0.000776949 0.000451258 -0.00077804 0.999992 0.0038213 -0.000447966 -0.00382092 0.999993 0.0018924 0.0217603 -0.114718
FixedParameters: 0 0 0

#Transform 136
Transform: AffineTransform_float_3_3
Parameters: 0.999999 0.000800156 0.000412017 -0.000801936 0.99999 0.00431265 -0.000408815 -0.00431227 0.999991 -0.000190919 0.0212518 -0.083027
FixedParameters: 0 0 0

#Transform 137
Transform: AffineTransform_float_3_3
Parameters: 0.999999 0.000801722 0.000368475 -0.000803307 0.999989 0.00462256 -0.000364922 -0.00462304 0.999989 0.000553412 0.052931 -0.0997075
FixedParameters: 0 0 0

#Transform 138
Transform: AffineTransform_float_3_3
Parameters: 0.999999 0.000875263 0.000323643 -0.000876429 0.999989 0.0046199 -0.000319418 -0.00462036 0.999989 -0.000449407 0.0106887 -0.0814303
FixedParameters: 0 0 0

#Transform 139
Transform: AffineTransform_float_3_3
Parameters: 0.999999 0.000945186 0.000279341 -0.000946553 0.999988 0.00468958 -0.00027515 -0.00469004 0.999989 0.00126681 0.0473518 -0.114059
FixedParameters: 0 0 0

#Transform 140
Transform: AffineTransform_float_3_3
Parameters: 0.999999 0.000989166 0.000237134 -0.000990161 0.999989 0.00472985 -0.000232575 -0.00473025 0.999989 0.00104292 0.0458021 -0.110891
FixedParameters: 0 0 0

#Transform 141
Transform: AffineTransform_float_3_3
Parameters: 0.999999 0.000982333 0.000189621 -0.00098301 0.999986 0.00506679 -0.000184588 -0.0050671 0.999987 -0.00411755 0.0636652 -0.106624
FixedParameters: 0 0 0

#Transform 142
Transform: AffineTransform_float_3_3
Parameters: 0.999999 0.00100575 0.000196159 -0.00100717 0.999986 0.00527038 -0.000191355 -0.0052704 0.999985 -0.00656115 0.051193 -0.0945628
FixedParameters: 0 0 0

#Transform 143
Transform: AffineTransform_float_3_3
Parameters: 0.999999 0.000882273 0.000224612 -0.000883309 0.999987 0.00506603 -0.000220592 -0.00506636 0.999987 -0.00533767 0.0527743 -0.0943937
FixedParameters: 0 0 0

#Transform 144
Transform: AffineTransform_float_3_3
Parameters: 0.999999 0.00084473 0.000275242 -0.000845588 0.999988 0.00486112 -0.000271015 -0.00486148 0.999988 -0.00694936 0.0656193 -0.109287
FixedParameters: 0 0 0

#Transform 145
Transform: AffineTransform_float_3_3
Parameters: 0.999999 0.00091645 0.000250091 -0.000917748 0.999986 0.00507701 -0.000245703 -0.0050774 0.999987 -0.00437468 0.0682758 -0.12211
FixedParameters: 0 0 0

#Transform 146
Transform: AffineTransform_float_3_3
Parameters: 0.999999 0.000968729 0.000233946 -0.000969981 0.999986 0.00527278 -0.000228715 -0.00527283 0.999985 0.00116854 0.0474535 -0.114203
FixedParameters: 0 0 0

#Transform 147
Transform: AffineTransform_float_3_3
Parameters: 0.999999 0.000983736 0.000166135 -0.000984848 0.999986 0.00532711 -0.000161632 -0.00532741 0.999986 -0.00199928 0.0584358 -0.113276
FixedParameters: 0 0 0

#Transform 148
Transform: AffineTransform_float_3_3
Parameters: 0.999999 0.000987493 0.000237556 -0.000988909 0.999984 0.00556852 -0.000231843 -0.00556893 0.999985 -0.000273763 0.0423685 -0.0902995
FixedParameters: 0 0 0

#Transform 149
Transform: AffineTransform_float_3_3
Parameters: 0.999999 0.000963649 0.000242491 -0.000965177 0.999984 0.00552406 -0.000237036 -0.00552317 0.999984 -0.000332063 0.0467639 -0.0889856
FixedParameters: 0 0 0

#Transform 150
Transform: AffineTransform_float_3_3
Parameters: 0.999999 0.000962806 0.000309772 -0.000964858 0.999986 0.00527332 -0.000304598 -0.00527351 0.999985 -0.00245646 0.00381106 -0.102214
FixedParameters: 0 0 0

#Transform 151
Transform: AffineTransform_float_3_3
Parameters: 0.999999 0.000844527 0.000377272 -0.000846091 0.999985 0.00553369 -0.000372964 -0.00553417 0.999985 -0.00313266 0.0750817 -0.128056
FixedParameters: 0 0 0

#Transform 152
Transform: AffineTransform_float_3_3
Parameters: 0.999999 0.000965944 0.000362823 -0.000968902 0.999983 0.00568782 -0.000357197 -0.00568752 0.999984 0.0010316 0.0625668 -0.10631
FixedParameters: 0 0 0

#Transform 153
Transform: AffineTransform_float_3_3
Parameters: 0.999999 0.000812287 0.000347474 -0.000814384 0.999984 0.00560068 -0.000342843 -0.00560114 0.999984 0.000214389 0.0478028 -0.0945545
FixedParameters: 0 0 0

#Transform 154
Transform: AffineTransform_float_3_3
Parameters: 0.999999 0.000780794 0.000444222 -0.000783038 0.999984 0.00546866 -0.000440595 -0.0054692 0.999985 0.0031097 0.0971411 -0.139569
FixedParameters: 0 0 0

#Transform 155
Transform: AffineTransform_float_3_3
Parameters: 0.999999 0.000928888 0.000443887 -0.000931946 0.999983 0.00567833 -0.000439269 -0.0056781 0.999984 0.00559145 0.0740467 -0.141858
FixedParameters: 0 0 0

#Transform 156
Transform: AffineTransform_float_3_3
Parameters: 0.999999 0.000868482 0.0004314 -0.000870863 0.999983 0.0057838 -0.00042651 -0.00578439 0.999983 0.00720485 0.0769866 -0.119692
FixedParameters: 0 0 0

#Transform 157
Transform: AffineTransform_float_3_3
Parameters: 1 0.000748454 0.000362393 -0.000750723 0.999984 0.00560266 -0.000358473 -0.0056031 0.999984 0.00434084 0.0464827 -0.112745
FixedParameters: 0 0 0

#Transform 158
Transform: AffineTransform_float_3_3
Parameters: 0.999999 0.000890883 0.000401383 -0.000892762 0.999984 0.005599 -0.000396444 -0.00559956 0.999984 0.00404718 0.0611454 -0.154759
FixedParameters: 0 0 0

#Transform 159
Transform: AffineTransform_float_3_3
Parameters: 1 0.000708394 0.000260549 -0.000710551 0.999982 0.00598754 -0.000256208 -0.00598786 0.999982 0.00630304 0.0616131 -0.103314
FixedParameters: 0 0 0

#Transform 160
Transform: AffineTransform_float_3_3
Parameters: 1 0.000661397 0.000282103 -0.000662426 0.999982 0.00599059 -0.000278084 -0.00599082 0.999982 0.00422636 0.0733972 -0.118902
FixedParameters: 0 0 0

#Transform 161
Transform: AffineTransform_float_3_3
Parameters: 1 0.000690227 0.000342694 -0.00069176 0.999983 0.00568739 -0.0003385 -0.00568773 0.999983 0.00570317 0.0464006 -0.124642
FixedParameters: 0 0 0

#Transform 162
Transform: AffineTransform_float_3_3
Parameters: 0.999999 0.000759629 0.000355501 -0.00076149 0.999982 0.0059326 -0.000350388 -0.005933 0.999983 0.00268335 0.101268 -0.17038
FixedParameters: 0 0 0

#Transform 163
Transform: AffineTransform_float_3_3
Parameters: 0.999999 0.000843493 0.000345765 -0.000845026 0.999982 0.0059795 -0.000340962 -0.00597993 0.999982 0.00396259 0.0501285 -0.114708
FixedParameters: 0 0 0

#Transform 164
Transform: AffineTransform_float_3_3
Parameters: 0.999999 0.00089421 0.000425002 -0.000896334 0.999985 0.00554743 -0.000420061 -0.00554769 0.999984 0.00433217 0.0474575 -0.157873
FixedParameters: 0 0 0

#Transform 165
Transform: AffineTransform_float_3_3
Parameters: 0.999999 0.000782652 0.000470454 -0.000785684 0.999982 0.00598357 -0.000466363 -0.00598415 0.999982 0.00421608 0.083397 -0.157003
FixedParameters: 0 0 0

#Transform 166
Transform: AffineTransform_float_3_3
Parameters: 0.999999 0.000856838 0.000417949 -0.000859233 0.999982 0.00597885 -0.000412982 -0.00597941 0.999982 0.00731394 0.0661146 -0.110483
FixedParameters: 0 0 0

#Transform 167
Transform: AffineTransform_float_3_3
Parameters: 1 0.000655 0.000297465 -0.00065679 0.999982 0.00599099 -0.000294331 -0.00599128 0.999982 0.00883481 0.0864093 -0.137305
FixedParameters: 0 0 0

#Transform 168
Transform: AffineTransform_float_3_3
Parameters: 1 0.000682295 0.000324764 -0.000683833 0.999982 0.0059894 -0.000320493 -0.00598971 0.999982 0.0107476 0.0666354 -0.139925
FixedParameters: 0 0 0

#Transform 169
Transform: AffineTransform_float_3_3
Parameters: 1 0.000748664 0.000354216 -0.000749732 0.999982 0.00598542 -0.000349727 -0.00598577 0.999982 0.0111642 0.067261 -0.142125
FixedParameters: 0 0 0

#Transform 170
Transform: AffineTransform_float_3_3
Parameters: 0.999999 0.000750261 0.000331192 -0.000752064 0.99998 0.00626274 -0.000325939 -0.0062631 0.99998 0.00981299 0.0703356 -0.142448
FixedParameters: 0 0 0

#Transform 171
Transform: AffineTransform_float_3_3
Parameters: 1 0.000720679 0.000290513 -0.0007221 0.999979 0.00647085 -0.000285455 -0.00647113 0.999979 0.0101572 0.0720682 -0.149249
FixedParameters: 0 0 0

#Transform 172
Transform: AffineTransform_float_3_3
Parameters: 0.999999 0.000803905 0.000318686 -0.000806541 0.999976 0.00688352 -0.00031306 -0.00688393 0.999976 0.00890971 0.0700727 -0.159152
FixedParameters: 0 0 0

#Transform 173
Transform: AffineTransform_float_3_3
Parameters: 0.999999 0.000924981 0.000406186 -0.000928165 0.999975 0.00705628 -0.000399204 -0.00705654 0.999974 0.0102439 0.0676756 -0.18438
FixedParameters: 0 0 0

#Transform 174
Transform: AffineTransform_float_3_3
Parameters: 0.999999 0.000806146 0.000334438 -0.000809047 0.999976 0.00692116 -0.000328662 -0.00692125 0.999975 0.00991168 0.0740987 -0.170484
FixedParameters: 0 0 0

#Transform 175
Transform: AffineTransform_float_3_3
Parameters: 1 0.000674962 0.000306049 -0.000676449 0.99998 0.0062513 -0.000301757 -0.00625158 0.999981 0.00855784 0.0152334 -0.182472
FixedParameters: 0 0 0

#Transform 176
Transform: AffineTransform_float_3_3
Parameters: 1 0.000721763 0.000221119 -0.000723966 0.999974 0.00707266 -0.000215907 -0.00707292 0.999975 0.0151719 0.0871004 -0.165946
FixedParameters: 0 0 0

#Transform 177
Transform: AffineTransform_float_3_3
Parameters: 1 0.000771996 0.000273515 -0.000774119 0.999975 0.00696901 -0.000268286 -0.00696839 0.999976 0.0136624 0.12409 -0.225632
FixedParameters: 0 0 0

#Transform 178
Transform: AffineTransform_float_3_3
Parameters: 0.999999 0.00088564 0.000330629 -0.000887722 0.999975 0.00695015 -0.000324419 -0.00694965 0.999976 0.0168483 0.0842047 -0.235004
FixedParameters: 0 0 0

#Transform 179
Transform: AffineTransform_float_3_3
Parameters: 0.999999 0.000928343 0.000407462 -0.000930444 0.999977 0.00674688 -0.000401395 -0.00674744 0.999977 0.0174851 0.055913 -0.159874
FixedParameters: 0 0 0

#Transform 180
Transform: AffineTransform_float_3_3
Parameters: 0.999999 0.000886351 0.000543208 -0.000889332 0.999979 0.00640719 -0.000537246 -0.00640792 0.999979 0.0234721 0.0352848 -0.206062
FixedParameters: 0 0 0

#Transform 181
Transform: AffineTransform_float_3_3
Parameters: 0.999999 0.000842086 0.0004236 -0.000845435 0.999976 0.00697764 -0.000417976 -0.0069782 0.999976 0.0237267 0.0719769 -0.184132
FixedParameters: 0 0 0

#Transform 182
Transform: AffineTransform_float_3_3
Parameters: 0.999999 0.000674084 0.000598594 -0.000677456 0.999978 0.00660387 -0.000594394 -0.00660441 0.999978 0.0322485 0.0311469 -0.189042
FixedParameters: 0 0 0

#Transform 183
Transform: AffineTransform_float_3_3
Parameters: 0.999999 0.000973343 0.000611593 -0.000977723 0.999976 0.00682774 -0.000604054 -0.00682869 0.999977 0.0238444 0.0873699 -0.208516
FixedParameters: 0 0 0

#Transform 184
Transform: AffineTransform_float_3_3
Parameters: 0.999999 0.000817626 0.000426709 -0.000820325 0.999976 0.00684494 -0.000420713 -0.00684545 0.999977 0.0254468 0.0162234 -0.116755
FixedParameters: 0 0 0

#Transform 185
Transform: AffineTransform_float_3_3
Parameters: 0.999999 0.000947178 0.0006255 -0.000951613 0.999977 0.00672319 -0.000618395 -0.00672414 0.999977 0.0278379 0.10611 -0.196729
FixedParameters: 0 0 0

#Transform 186
Transform: AffineTransform_float_3_3
Parameters: 0.999999 0.000864077 0.000682267 -0.000869271 0.999977 0.00671346 -0.000676291 -0.0067144 0.999977 0.0318982 0.0771834 -0.192876
FixedParameters: 0 0 0

#Transform 187
Transform: AffineTransform_float_3_3
Parameters: 0.999999 0.000886987 0.00085194 -0.000892002 0.99998 0.00623765 -0.000847274 -0.00623883 0.99998 0.041678 -0.032737 -0.192472
FixedParameters: 0 0 0

#Transform 188
Transform: AffineTransform_float_3_3
Parameters: 1 0.000299371 0.000344023 -0.000301074 0.99998 0.00632574 -0.000342186 -0.00632578 0.99998 0.0457838 0.152167 -0.144383
FixedParameters: 0 0 0

#Transform 189
Transform: AffineTransform_float_3_3
Parameters: 1 0.000276632 0.000519568 -0.000280179 0.999978 0.00672344 -0.000518722 -0.00672352 0.999977 0.0493983 0.182959 -0.206372
FixedParameters: 0 0 0
