#Insight Transform File V1.0
#Transform 0
Transform: AffineTransform_float_3_3
Parameters: 1 -0.000610624 -9.47986e-05 0.00060968 0.999998 -0.00188153 9.60363e-05 0.00188138 0.999998 0.0248061 0.0652116 0.0187113
FixedParameters: 0 0 0

#Transform 1
Transform: AffineTransform_float_3_3
Parameters: 1 -0.000439767 -0.000339701 0.000439456 0.999998 -0.00164948 0.00034046 0.00164922 0.999998 0.0187598 -0.0360254 0.0684229
FixedParameters: 0 0 0

#Transform 2
Transform: AffineTransform_float_3_3
Parameters: 1 -0.000360092 -0.000249939 0.000359292 0.999998 -0.0015819 0.000250954 0.00158172 0.999998 0.0155084 0.105034 0.00651781
FixedParameters: 0 0 0

#Transform 3
Transform: AffineTransform_float_3_3
Parameters: 1 -0.000380826 -0.000303537 0.000380051 0.999999 -0.00126324 0.000304375 0.00126301 0.999999 0.0135413 0.146468 -0.0213807
FixedParameters: 0 0 0

#Transform 4
Transform: AffineTransform_float_3_3
Parameters: 1 -0.000265766 -0.000248679 0.00026505 0.999999 -0.00142336 0.000249312 0.00142322 0.999999 0.00675476 0.107152 -0.0286091
FixedParameters: 0 0 0

#Transform 5
Transform: AffineTransform_float_3_3
Parameters: 1 -0.000281335 -0.000334873 0.000280848 0.999999 -0.00072641 0.000335281 0.000726222 0.999999 0.012636 0.0832291 0.0359191
FixedParameters: 0 0 0

#Transform 6
Transform: AffineTransform_float_3_3
Parameters: 1 -0.000103329 -0.00051946 0.000102916 1 -0.000397325 0.000519542 0.000397218 1 0.00399451 0.0962536 0.0065224
FixedParameters: 0 0 0

#Transform 7
Transform: AffineTransform_float_3_3
Parameters: 1 -0.000205864 -0.000499522 0.000206337 1 -0.000345862 0.000499095 0.000345704 1 0.00306427 0.114264 0.0193051
FixedParameters: 0 0 0

#Transform 8
Transform: AffineTransform_float_3_3
Parameters: 1 -0.000225766 -0.000311495 0.000225467 1 -0.00047924 0.000311711 0.000479099 1 0.0129857 0.076781 0.0329552
FixedParameters: 0 0 0

#Transform 9
Transform: AffineTransform_float_3_3
Parameters: 1 -0.000147034 -0.000313874 0.000146968 1 -0.000104339 0.000313905 0.000104247 1 0.00593054 -1.79665e-05 0.0772723
FixedParameters: 0 0 0

#Transform 10
Transform: AffineTransform_float_3_3
Parameters: 1 -0.00024717 -0.000474692 0.000246716 1 -0.000478558 0.000474928 0.000478323 1 0.00110601 0.125819 -0.0360949
FixedParameters: 0 0 0

#Transform 11
Transform: AffineTransform_float_3_3
Parameters: 1 -0.00017178 -0.000583624 0.000170446 0.999999 -0.00115854 0.000583842 0.001158 1 0.00453594 0.0110088 -0.000964362
FixedParameters: 0 0 0

#Transform 12
Transform: AffineTransform_float_3_3
Parameters: 1 -0.000284001 -0.000366715 0.000283386 0.999999 -0.000838586 0.00036719 0.000838377 0.999999 0.00652188 0.0929 -0.0288453
FixedParameters: 0 0 0

#Transform 13
Transform: AffineTransform_float_3_3
Parameters: 1 -0.000257594 -0.000336327 0.000256992 0.999999 -0.000930926 0.00033675 0.000930409 0.999999 0.00191736 0.0984302 -0.0713381
FixedParameters: 0 0 0

#Transform 14
Transform: AffineTransform_float_3_3
Parameters: 1 -0.000216838 -0.000500119 0.000216478 1 -0.00117178 0.000499935 0.00117162 0.999999 -0.00249366 0.0308259 -0.0293784
FixedParameters: 0 0 0

#Transform 15
Transform: AffineTransform_float_3_3
Parameters: 1 -0.000209785 -0.000337183 0.000209484 1 -0.000445248 0.000337369 0.000445107 1 0.00812706 0.141016 -0.0629014
FixedParameters: 0 0 0

#Transform 16
Transform: AffineTransform_float_3_3
Parameters: 1 -0.00035449 -0.000454745 0.000354956 1 -0.00038772 0.000454451 0.000387446 1 0.00835632 0.122591 -0.0759381
FixedParameters: 0 0 0

#Transform 17
Transform: AffineTransform_float_3_3
Parameters: 1 -0.000280767 -0.000389356 0.000281399 1 -0.000239674 0.000388922 0.000239504 1 0.00950356 0.130753 -0.057843
FixedParameters: 0 0 0

#Transform 18
Transform: AffineTransform_float_3_3
Parameters: 1 -0.0002014 -0.000175306 0.000201358 1 -0.000120529 0.000175355 0.000120459 1 0.00891347 0.139902 -0.0685614
FixedParameters: 0 0 0

#Transform 19
Transform: AffineTransform_float_3_3
Parameters: 1 0.000135149 -9.76848e-05 -0.000135166 1 -8.57906e-05 9.76616e-05 8.5817e-05 1 -0.00183999 -0.0645786 -0.0326865
FixedParameters: 0 0 0

#Transform 20
Transform: AffineTransform_float_3_3
Parameters: 1 0.000391163 -0.00027275 -0.00039116 1 4.13993e-06 0.000272753 -3.92655e-06 1 -0.00310775 0.00380043 0.0361828
FixedParameters: 0 0 0

#Transform 21
Transform: AffineTransform_float_3_3
Parameters: 1 -8.86153e-05 -0.00028527 8.8571e-05 1 -7.77508e-05 0.000285284 7.77003e-05 1 0.00534427 0.142711 -0.0600462
FixedParameters: 0 0 0

#Transform 22
Transform: AffineTransform_float_3_3
Parameters: 1 8.99089e-05 2.3138e-05 -8.98994e-05 1 -0.000204824 -2.31749e-05 0.00020482 1 0.0047487 0.118085 -0.126709
FixedParameters: 0 0 0

#Transform 23
Transform: AffineTransform_float_3_3
Parameters: 1 0.000224746 -0.000323866 -0.000225137 0.999999 -0.000641767 0.000323521 0.00064157 1 -0.00871353 -0.0219094 0.0218811
FixedParameters: 0 0 0

#Transform 24
Transform: AffineTransform_float_3_3
Parameters: 1 3.23112e-05 -0.000361974 -3.23832e-05 1 -9.94494e-05 0.000361968 9.94728e-05 1 -1.25303e-05 0.0953273 -0.0440441
FixedParameters: 0 0 0

#Transform 25
Transform: AffineTransform_float_3_3
Parameters: 1 -7.90378e-05 -0.000419633 7.88262e-05 1 -0.000252159 0.000419673 0.000252093 1 0.000588128 0.101784 -0.0755469
FixedParameters: 0 0 0

#Transform 26
Transform: AffineTransform_float_3_3
Parameters: 1 0.000179165 0.000176542 -0.000179134 1 -8.75625e-05 -0.000176574 8.74992e-05 1 0.00634368 0.134125 -0.125014
FixedParameters: 0 0 0

#Transform 27
Transform: AffineTransform_float_3_3
Parameters: 1 -2.21324e-05 7.66305e-07 2.2133e-05 1 -0.000373345 -7.49777e-07 0.000373345 1 0.00886933 0.104472 -0.122444
FixedParameters: 0 0 0

#Transform 28
Transform: AffineTransform_float_3_3
Parameters: 1 0.00015874 0.000194554 -0.000158743 1 7.93524e-06 -0.000194552 -7.99701e-06 1 0.000449224 0.0849664 -0.0945674
FixedParameters: 0 0 0

#Transform 29
Transform: AffineTransform_float_3_3
Parameters: 1 0.000266841 0.000112414 -0.000266922 1 0.000362678 -0.00011222 -0.000362738 1 -0.00683547 -0.0497538 -0.0739086
FixedParameters: 0 0 0

#Transform 30
Transform: AffineTransform_float_3_3
Parameters: 1 0.000263477 -7.21956e-05 -0.00026343 1 0.000323206 7.23659e-05 -0.000323168 1 -0.00356797 -0.0581598 -0.0120979
FixedParameters: 0 0 0

#Transform 31
Transform: AffineTransform_float_3_3
Parameters: 1 -3.27842e-05 -0.000116601 3.28108e-05 1 0.000113809 0.000116594 -0.000113817 1 0.0103742 0.147298 -0.093015
FixedParameters: 0 0 0

#Transform 32
Transform: AffineTransform_float_3_3
Parameters: 1 8.40487e-05 0.000156212 -8.40983e-05 1 0.000158684 -0.000156185 -0.00015871 1 0.0115912 0.154449 -0.142429
FixedParameters: 0 0 0

#Transform 33
Transform: AffineTransform_float_3_3
Parameters: 1 0.000291558 0.000113916 -0.000291629 1 0.000312068 -0.000113734 -0.000312135 1 -0.00675406 0.0336019 -0.0778793
FixedParameters: 0 0 0

#Transform 34
Transform: AffineTransform_float_3_3
Parameters: 1 1.56752e-05 -0.00020211 -1.5609e-05 1 0.000163634 0.000202115 -0.000163627 1 0.00620373 0.148159 -0.0896791
FixedParameters: 0 0 0

#Transform 35
Transform: AffineTransform_float_3_3
Parameters: 1 9.90475e-05 -5.45638e-05 -9.90073e-05 1 0.000368431 5.46368e-05 -0.00036842 1 0.00628911 0.145054 -0.13651
FixedParameters: 0 0 0

#Transform 36
Transform: AffineTransform_float_3_3
Parameters: 1 0.000146778 -9.35848e-05 -0.000146737 1 0.000223097 9.36503e-05 -0.000223069 1 -0.00117592 0.037202 -0.0891115
FixedParameters: 0 0 0

#Transform 37
Transform: AffineTransform_float_3_3
Parameters: 1 0.000149462 -8.47672e-05 -0.000149378 1 0.000493475 8.49146e-05 -0.000493449 1 -0.00164539 0.119181 -0.0929964
FixedParameters: 0 0 0

#Transform 38
Transform: AffineTransform_float_3_3
Parameters: 1 0.000278751 1.72142e-05 -0.000278769 1 0.000539971 -1.69131e-05 -0.00053998 1 -0.00666393 0.0645297 -0.0860603
FixedParameters: 0 0 0

#Transform 39
Transform: AffineTransform_float_3_3
Parameters: 1 0.000324726 0.000228197 -0.000325033 0.999999 0.000672071 -0.00022776 -0.000672219 0.999999 -0.00441724 0.0668162 -0.0532831
FixedParameters: 0 0 0

#Transform 40
Transform: AffineTransform_float_3_3
Parameters: 1 0.00017046 -9.54128e-05 -0.000170347 1 0.000594343 9.56153e-05 -0.000594311 1 -0.000432729 0.114761 -0.0988259
FixedParameters: 0 0 0

#Transform 41
Transform: AffineTransform_float_3_3
Parameters: 1 0.000380356 -0.000233459 -0.000379982 0.999999 0.000800441 0.000234067 -0.000800263 0.999999 -0.00877014 0.0355428 -0.0608332
FixedParameters: 0 0 0

#Transform 42
Transform: AffineTransform_float_3_3
Parameters: 1 0.000191871 -0.000113996 -0.000191757 1 0.000501794 0.000114189 -0.00050175 1 -0.00132804 0.145392 -0.128656
FixedParameters: 0 0 0

#Transform 43
Transform: AffineTransform_float_3_3
Parameters: 1 0.000309624 0.00010714 -0.000309723 1 0.000459213 -0.000106855 -0.000459279 1 -0.00644616 0.0697879 -0.0857957
FixedParameters: 0 0 0

#Transform 44
Transform: AffineTransform_float_3_3
Parameters: 1 0.000119196 -6.88591e-05 -0.000119146 1 0.000362135 6.89454e-05 -0.000362118 1 0.00620051 0.171787 -0.141148
FixedParameters: 0 0 0

#Transform 45
Transform: AffineTransform_float_3_3
Parameters: 1 0.000195345 5.85511e-05 -0.000195956 1 0.000330798 -5.9235e-05 -0.00033086 1 -0.000489674 0.0967995 -0.099075
FixedParameters: 0 0 0

#Transform 46
Transform: AffineTransform_float_3_3
Parameters: 1 1.4196e-05 -1.34543e-06 -1.41954e-05 1 0.000217535 1.3516e-06 -0.000217535 1 0.0098988 0.169732 -0.146019
FixedParameters: 0 0 0

#Transform 47
Transform: AffineTransform_float_3_3
Parameters: 1 -4.84628e-06 6.58486e-06 4.84521e-06 1 8.14749e-05 -6.58565e-06 -8.14748e-05 1 0.00928158 0.0599636 -0.0887321
FixedParameters: 0 0 0

#Transform 48
Transform: AffineTransform_float_3_3
Parameters: 1 -0.000108491 8.66387e-05 0.000108443 1 0.000279502 -8.66994e-05 -0.000279484 1 0.00607341 0.19395 -0.0594164
FixedParameters: 0 0 0

#Transform 49
Transform: AffineTransform_float_3_3
Parameters: 1 -0.000219176 0.00014201 0.000219255 1 -0.00027954 -0.000141888 0.000279602 1 0.0125864 0.155665 -0.0903815
FixedParameters: 0 0 0

#Transform 50
Transform: AffineTransform_float_3_3
Parameters: 1 -0.000107736 0.000163289 0.000107815 1 -0.000242246 -0.000163237 0.000242281 1 0.0108859 0.122012 -0.0579627
FixedParameters: 0 0 0

#Transform 51
Transform: AffineTransform_float_3_3
Parameters: 1 5.41813e-06 0.000380106 -5.45775e-06 1 5.21153e-05 -0.000380105 -5.21195e-05 1 0.0130958 0.162126 -0.118042
FixedParameters: 0 0 0

#Transform 52
Transform: AffineTransform_float_3_3
Parameters: 1 -0.000139807 0.000193188 0.000139681 1 0.000324904 -0.000193279 -0.00032485 1 0.0178257 0.145577 -0.0606255
FixedParameters: 0 0 0

#Transform 53
Transform: AffineTransform_float_3_3
Parameters: 1 -0.000135883 9.87517e-05 0.000135863 1 0.000100894 -9.87791e-05 -0.000100867 1 0.0136881 0.153235 -0.108699
FixedParameters: 0 0 0

#Transform 54
Transform: AffineTransform_float_3_3
Parameters: 1 -3.82459e-05 5.10502e-05 3.81825e-05 1 0.000620702 -5.10977e-05 -0.000620698 1 0.0106381 0.137945 -0.0578912
FixedParameters: 0 0 0

#Transform 55
Transform: AffineTransform_float_3_3
Parameters: 1 -7.75492e-05 6.85601e-05 7.74986e-05 1 0.000368704 -6.86173e-05 -0.000368693 1 0.00955559 0.149361 -0.106948
FixedParameters: 0 0 0

#Transform 56
Transform: AffineTransform_float_3_3
Parameters: 1 -9.18693e-06 2.36437e-05 9.1662e-06 1 0.000438477 -2.36518e-05 -0.000438476 1 0.0101937 0.163341 -0.117743
FixedParameters: 0 0 0

#Transform 57
Transform: AffineTransform_float_3_3
Parameters: 1 0.000149246 0.000217752 -0.000149433 1 0.00042939 -0.000217624 -0.000429455 1 0.00756138 0.0966406 -0.0857484
FixedParameters: 0 0 0

#Transform 58
Transform: AffineTransform_float_3_3
Parameters: 1 -3.88768e-05 2.69462e-05 3.88771e-05 1 -4.52593e-06 -2.69459e-05 4.52802e-06 1 0.012119 0.16813 -0.138094
FixedParameters: 0 0 0

#Transform 59
Transform: AffineTransform_float_3_3
Parameters: 1 -1.30577e-05 0.000101826 1.30071e-05 1 0.000248634 -0.000101832 -0.000248631 1 0.00852554 0.124319 -0.117003
FixedParameters: 0 0 0

#Transform 60
Transform: AffineTransform_float_3_3
Parameters: 1 7.66788e-05 0.000178411 -7.66687e-05 1 -2.81371e-05 -0.000178415 2.81098e-05 1 0.0121415 0.186731 -0.174306
FixedParameters: 0 0 0

#Transform 61
Transform: AffineTransform_float_3_3
Parameters: 1 7.11119e-05 0.000314301 -7.09807e-05 1 -0.000208658 -0.000314331 0.000208613 1 0.00920409 0.0745161 -0.149956
FixedParameters: 0 0 0

#Transform 62
Transform: AffineTransform_float_3_3
Parameters: 1 0.000412172 0.000127913 -0.000412373 0.999999 0.000786589 -0.000127265 -0.000786694 0.999999 -0.00196671 -0.0272451 -0.0410648
FixedParameters: 0 0 0

#Transform 63
Transform: AffineTransform_float_3_3
Parameters: 1 3.79304e-05 7.01187e-05 -3.79703e-05 1 0.000284456 -7.00971e-05 -0.000284461 1 0.011733 0.178592 -0.130529
FixedParameters: 0 0 0

#Transform 64
Transform: AffineTransform_float_3_3
Parameters: 1 8.04088e-05 0.000289254 -8.05543e-05 1 0.000251543 -0.000289214 -0.000251589 1 0.0123282 0.168074 -0.147718
FixedParameters: 0 0 0

#Transform 65
Transform: AffineTransform_float_3_3
Parameters: 1 0.000181365 0.000376059 -0.000181364 1 -8.61066e-07 -0.000376059 7.24657e-07 1 0.0118416 0.152975 -0.134456
FixedParameters: 0 0 0

#Transform 66
Transform: AffineTransform_float_3_3
Parameters: 1 7.89318e-05 0.00018069 -7.88561e-05 1 -0.000209609 -0.000180723 0.00020958 1 0.00923063 0.132654 -0.145898
FixedParameters: 0 0 0

#Transform 67
Transform: AffineTransform_float_3_3
Parameters: 1 0.000197282 0.000198051 -0.000197358 1 0.000190918 -0.000197975 -0.000190996 1 -0.00260909 0.0962971 -0.0818011
FixedParameters: 0 0 0

#Transform 68
Transform: AffineTransform_float_3_3
Parameters: 1 3.80002e-05 -5.93616e-05 -3.79705e-05 1 0.000249933 5.93806e-05 -0.000249928 1 0.00707189 0.171582 -0.123039
FixedParameters: 0 0 0

#Transform 69
Transform: AffineTransform_float_3_3
Parameters: 1 0.000250628 0.000130569 -0.000250679 1 0.000196422 -0.00013047 -0.000196487 1 0.00192182 0.0868476 -0.107465
FixedParameters: 0 0 0

#Transform 70
Transform: AffineTransform_float_3_3
Parameters: 1 0.000177 -3.63719e-05 -0.000177542 1 0.000413763 3.57053e-05 -0.000413788 1 0.00209563 0.12275 -0.074418
FixedParameters: 0 0 0

#Transform 71
Transform: AffineTransform_float_3_3
Parameters: 1 0.00024933 9.23198e-05 -0.000249365 1 0.00019337 -9.22233e-05 -0.000193416 1 -0.00035658 0.112704 -0.106454
FixedParameters: 0 0 0

#Transform 72
Transform: AffineTransform_float_3_3
Parameters: 1 0.000210615 -2.56676e-05 -0.000210595 1 0.000382714 2.58288e-05 -0.000382703 1 -0.000187808 0.104753 -0.0780602
FixedParameters: 0 0 0

#Transform 73
Transform: AffineTransform_float_3_3
Parameters: 1 -5.59495e-05 3.35821e-05 5.59379e-05 1 0.000171879 -3.36014e-05 -0.000171876 1 0.00620664 0.167616 -0.121595
FixedParameters: 0 0 0

#Transform 74
Transform: AffineTransform_float_3_3
Parameters: 1 7.19992e-05 0.000274643 -7.20897e-05 1 0.000164848 -0.000274619 -0.000164888 1 -0.000130713 0.114383 -0.0855353
FixedParameters: 0 0 0

#Transform 75
Transform: AffineTransform_float_3_3
Parameters: 1 0.000160724 0.000175223 -0.000160752 1 7.88807e-05 -0.000175198 -7.89371e-05 1 0.00528106 0.167246 -0.134714
FixedParameters: 0 0 0

#Transform 76
Transform: AffineTransform_float_3_3
Parameters: 1 0.000181031 0.00013667 -0.000181103 1 0.000264851 -0.000136574 -0.0002649 1 0.00236601 0.12603 -0.0932592
FixedParameters: 0 0 0

#Transform 77
Transform: AffineTransform_float_3_3
Parameters: 1 -1.31231e-05 7.67279e-07 1.31231e-05 1 3.4874e-05 -7.68195e-07 -3.4874e-05 1 0.00878183 0.151352 -0.136377
FixedParameters: 0 0 0

#Transform 78
Transform: AffineTransform_float_3_3
Parameters: 1 2.58114e-05 -7.09976e-05 -2.57958e-05 1 0.000110374 7.10033e-05 -0.000110371 1 0.00832734 0.0854543 -0.0215591
FixedParameters: 0 0 0

#Transform 79
Transform: AffineTransform_float_3_3
Parameters: 1 -4.58193e-05 -0.000146156 4.5765e-05 1 -0.000186069 0.000146173 0.000186055 1 0.00519849 0.178336 -0.0938191
FixedParameters: 0 0 0

#Transform 80
Transform: AffineTransform_float_3_3
Parameters: 1 8.6747e-05 9.05633e-05 -8.66675e-05 1 -0.000438836 -9.06394e-05 0.00043882 1 0.00313225 0.0768121 -0.124427
FixedParameters: 0 0 0

#Transform 81
Transform: AffineTransform_float_3_3
Parameters: 1 -1.42145e-05 -2.25663e-06 1.42135e-05 1 -0.000216545 2.26278e-06 0.000216545 1 0.00543722 0.139709 -0.122212
FixedParameters: 0 0 0

#Transform 82
Transform: AffineTransform_float_3_3
Parameters: 1 5.67226e-05 0.000234583 -5.63537e-05 0.999999 -0.000786134 -0.000234672 0.000786107 0.999999 0.00437519 0.0966241 -0.158473
FixedParameters: 0 0 0

#Transform 83
Transform: AffineTransform_float_3_3
Parameters: 1 0.000143102 0.000179855 -0.000142971 1 -0.000363851 -0.000179959 0.0003638 1 0.00353191 0.0752305 -0.134504
FixedParameters: 0 0 0

#Transform 84
Transform: AffineTransform_float_3_3
Parameters: 1 9.21431e-05 0.000196351 -9.19314e-05 1 -0.000538986 -0.000196451 0.00053895 1 0.00697996 0.100727 -0.161396
FixedParameters: 0 0 0

#Transform 85
Transform: AffineTransform_float_3_3
Parameters: 1 5.97546e-05 0.000212588 -5.96414e-05 1 -0.000266423 -0.00021262 0.000266398 1 0.00870032 0.0829052 -0.155024
FixedParameters: 0 0 0

#Transform 86
Transform: AffineTransform_float_3_3
Parameters: 1 0.000108997 0.000181079 -0.000108882 1 -0.000317661 -0.000181148 0.000317622 1 0.00481335 0.0437927 -0.144576
FixedParameters: 0 0 0

#Transform 87
Transform: AffineTransform_float_3_3
Parameters: 1 7.42726e-05 0.000106591 -7.41856e-05 1 -0.000407955 -0.000106652 0.000407939 1 0.000725389 0.0994916 -0.151485
FixedParameters: 0 0 0

#Transform 88
Transform: AffineTransform_float_3_3
Parameters: 1 0.000251983 0.000298244 -0.00025155 0.999999 -0.000725835 -0.000298609 0.000725685 0.999999 -0.00562865 0.0208562 -0.125603
FixedParameters: 0 0 0

#Transform 89
Transform: AffineTransform_float_3_3
Parameters: 1 0.000197926 0.000158532 -0.000197829 1 -0.000305187 -0.000158653 0.000305124 1 -0.0034058 0.109935 -0.114468
FixedParameters: 0 0 0

#Transform 90
Transform: AffineTransform_float_3_3
Parameters: 1 0.000310712 0.00018644 -0.000310614 1 -0.000261953 -0.000186603 0.000261838 1 -0.00705873 0.0288163 -0.0921345
FixedParameters: 0 0 0

#Transform 91
Transform: AffineTransform_float_3_3
Parameters: 1 9.89798e-05 -0.000149718 -9.90271e-05 1 -0.000157892 0.000149687 0.000157922 1 -0.00239765 0.193062 -0.125283
FixedParameters: 0 0 0

#Transform 92
Transform: AffineTransform_float_3_3
Parameters: 1 0.00019377 6.45478e-05 -0.000193697 1 -0.000564739 -6.47666e-05 0.000564714 1 -0.00227769 0.112226 -0.11532
FixedParameters: 0 0 0

#Transform 93
Transform: AffineTransform_float_3_3
Parameters: 1 4.70175e-05 -0.000211818 -4.73017e-05 1 -0.000670906 0.000211754 0.000670926 1 -0.00435644 0.125406 -0.0971584
FixedParameters: 0 0 0

#Transform 94
Transform: AffineTransform_float_3_3
Parameters: 1 8.45293e-05 -0.000227373 -8.46559e-05 1 -0.000278507 0.000227326 0.000278546 1 -0.00545339 0.112525 -0.079096
FixedParameters: 0 0 0

#Transform 95
Transform: AffineTransform_float_3_3
Parameters: 1 3.97978e-05 -0.000239223 -4.01569e-05 0.999999 -0.000750714 0.000239163 0.000750733 0.999999 -0.00428953 0.108766 -0.0646151
FixedParameters: 0 0 0

#Transform 96
Transform: AffineTransform_float_3_3
Parameters: 1 -5.07166e-05 -0.000263072 5.04784e-05 1 -0.0004527 0.000263118 0.000452674 1 -0.00322307 0.129576 -0.0610183
FixedParameters: 0 0 0

#Transform 97
Transform: AffineTransform_float_3_3
Parameters: 1 0.000412297 0.000210267 -0.000412247 1 -0.000118862 -0.000210365 0.000118689 1 -0.00898453 -0.00689676 -0.0776821
FixedParameters: 0 0 0

#Transform 98
Transform: AffineTransform_float_3_3
Parameters: 1 0.000120611 -0.000265285 -0.000120635 1 -4.53999e-05 0.000265274 4.54639e-05 1 -0.00633754 0.0989853 0.0168345
FixedParameters: 0 0 0

#Transform 99
Transform: AffineTransform_float_3_3
Parameters: 1 1.84126e-05 -0.000271127 -1.84914e-05 1 -0.000145367 0.000271122 0.000145377 1 -0.00347313 0.190596 -0.118381
FixedParameters: 0 0 0

#Transform 100
Transform: AffineTransform_float_3_3
Parameters: 1 0.000207875 -0.000410538 -0.00020784 1 4.19483e-05 0.000410555 -4.17776e-05 1 -0.0162445 0.126953 -0.0586858
FixedParameters: 0 0 0

#Transform 101
Transform: AffineTransform_float_3_3
Parameters: 1 0.000130608 -0.000388435 -0.00013084 1 -0.000297917 0.000388357 0.000298018 1 -0.0151874 0.146594 -0.108215
FixedParameters: 0 0 0

#Transform 102
Transform: AffineTransform_float_3_3
Parameters: 1 0.000219945 -0.000393327 -0.000219912 1 4.22706e-05 0.000393346 -4.20976e-05 1 -0.0209337 0.10442 -0.0773143
FixedParameters: 0 0 0

#Transform 103
Transform: AffineTransform_float_3_3
Parameters: 1 0.000315361 -0.000146775 -0.000315405 1 -0.000152117 0.000146679 0.00015221 1 -0.0140184 0.119841 -0.129434
FixedParameters: 0 0 0

#Transform 104
Transform: AffineTransform_float_3_3
Parameters: 1 0.000526111 -7.2797e-05 -0.000526075 1 0.000250969 7.3061e-05 -0.000250893 1 -0.0280761 0.0724826 -0.076327
FixedParameters: 0 0 0

#Transform 105
Transform: AffineTransform_float_3_3
Parameters: 1 0.000339646 -0.000120231 -0.000339634 1 5.18688e-05 0.000120266 -5.17871e-05 1 -0.0113978 0.135236 -0.110661
FixedParameters: 0 0 0

#Transform 106
Transform: AffineTransform_float_3_3
Parameters: 1 0.000362214 3.83427e-05 -0.000362808 1 0.000294416 -3.89425e-05 -0.000294482 1 -0.0151478 0.114163 -0.0845429
FixedParameters: 0 0 0

#Transform 107
Transform: AffineTransform_float_3_3
Parameters: 1 0.00024814 -6.65473e-05 -0.000248176 1 -0.000265951 6.64153e-05 0.000265984 1 -0.0151977 0.0748517 -0.0940582
FixedParameters: 0 0 0

#Transform 108
Transform: AffineTransform_float_3_3
Parameters: 1 0.0002161 -0.00039397 -0.000216109 1 -1.05983e-05 0.000393965 1.07686e-05 1 -0.0158626 0.111491 -0.0509109
FixedParameters: 0 0 0

#Transform 109
Transform: AffineTransform_float_3_3
Parameters: 1 0.00015586 -0.00035245 -0.000155855 1 7.25011e-06 0.000352452 -7.14024e-06 1 -0.0133127 0.15057 -0.0926298
FixedParameters: 0 0 0

#Transform 110
Transform: AffineTransform_float_3_3
Parameters: 1 0.000203221 -0.000421345 -0.000203148 1 8.72826e-05 0.000421381 -8.71114e-05 1 -0.0180235 0.107468 -0.0558353
FixedParameters: 0 0 0

#Transform 111
Transform: AffineTransform_float_3_3
Parameters: 1 0.00011977 -0.000309751 -0.000119753 1 -1.21083e-05 0.000309692 1.18396e-05 1 -0.010488 0.139212 -0.0577782
FixedParameters: 0 0 0

#Transform 112
Transform: AffineTransform_float_3_3
Parameters: 1 0.000268824 -8.47137e-05 -0.000268847 1 8.91194e-06 8.47747e-05 -8.52342e-06 1 -0.0117034 0.128321 -0.104216
FixedParameters: 0 0 0

#Transform 113
Transform: AffineTransform_float_3_3
Parameters: 1 0.000299347 -0.000283633 -0.0002993 1 8.28639e-05 0.000283683 -8.26941e-05 1 -0.0197357 0.0892845 -0.0147782
FixedParameters: 0 0 0

#Transform 114
Transform: AffineTransform_float_3_3
Parameters: 1 0.000207891 -0.000409688 -0.000207864 1 3.29329e-05 0.000409702 -3.27626e-05 1 -0.0151988 0.130741 -0.0633643
FixedParameters: 0 0 0

#Transform 115
Transform: AffineTransform_float_3_3
Parameters: 1 0.000256764 -0.000368087 -0.000256514 1 0.00034068 0.000368261 -0.000340491 1 -0.0157892 0.126836 -0.0509711
FixedParameters: 0 0 0

#Transform 116
Transform: AffineTransform_float_3_3
Parameters: 1 0.000253612 -0.000374721 -0.000253339 1 0.000363894 0.000374906 -0.000363704 1 -0.0150437 0.136999 -0.0242779
FixedParameters: 0 0 0

#Transform 117
Transform: AffineTransform_float_3_3
Parameters: 1 0.000310867 -0.000414565 -0.000310792 1 9.07507e-05 0.000414621 -9.0493e-05 1 -0.0162549 0.110695 -0.00227708
FixedParameters: 0 0 0

#Transform 118
Transform: AffineTransform_float_3_3
Parameters: 1 0.000196446 -0.000585545 -0.000196682 1 0.000286493 0.000584844 -0.000286301 1 -0.0115694 0.164642 -0.0474118
FixedParameters: 0 0 0

#Transform 119
Transform: AffineTransform_float_3_3
Parameters: 1 0.000254797 -0.000591828 -0.000255269 1 0.000292923 0.000592546 -0.000292669 1 -0.0161054 0.11728 0.0141689
FixedParameters: 0 0 0

#Transform 120
Transform: AffineTransform_float_3_3
Parameters: 1 0.000250965 -0.000581966 -0.000252054 1 0.000259089 0.000581852 -0.000258882 1 -0.0133577 0.154867 -0.0529043
FixedParameters: 0 0 0

#Transform 121
Transform: AffineTransform_float_3_3
Parameters: 0.999999 0.000302715 -0.00065044 -0.000302044 1 0.000516302 0.000650752 -0.000515908 0.999999 -0.0170936 0.149298 -0.0429975
FixedParameters: 0 0 0

#Transform 122
Transform: AffineTransform_float_3_3
Parameters: 0.999999 0.000449441 -0.00068066 -0.000449186 0.999999 0.000730527 0.000681792 -0.000731244 1 -0.0195538 0.104151 0.000878104
FixedParameters: 0 0 0

#Transform 123
Transform: AffineTransform_float_3_3
Parameters: 1 0.000323669 -0.000617549 -0.000322884 0.999999 0.000636366 0.000617961 -0.000635966 0.999999 -0.0153062 0.153776 -0.0704878
FixedParameters: 0 0 0

#Transform 124
Transform: AffineTransform_float_3_3
Parameters: 1 0.000281726 -0.000519989 -0.000281536 1 0.000974832 0.000520984 -0.000974587 1 -0.0143853 0.142308 -0.0429794
FixedParameters: 0 0 0

#Transform 125
Transform: AffineTransform_float_3_3
Parameters: 1 0.000325953 -0.000527025 -0.000325772 0.999999 0.00071363 0.000526677 -0.000713325 0.999999 -0.0211806 0.11572 -0.0518666
FixedParameters: 0 0 0

#Transform 126
Transform: AffineTransform_float_3_3
Parameters: 1 0.000298157 -0.000612997 -0.000297874 1 0.000853834 0.000614038 -0.000854454 0.999999 -0.0200678 0.15521 -0.0555352
FixedParameters: 0 0 0

#Transform 127
Transform: AffineTransform_float_3_3
Parameters: 1 0.000383394 -0.000472754 -0.000383214 1 0.000997369 0.000474051 -0.000997992 0.999999 -0.0203689 0.105849 -0.0845626
FixedParameters: 0 0 0

#Transform 128
Transform: AffineTransform_float_3_3
Parameters: 1 0.000400123 -0.000529035 -0.000399491 0.999999 0.00137637 0.000530582 -0.00137599 0.999999 -0.0172416 0.114655 -0.0320975
FixedParameters: 0 0 0

#Transform 129
Transform: AffineTransform_float_3_3
Parameters: 1 0.000422814 -0.000327568 -0.000422013 0.999999 0.00123138 0.000328486 -0.0012311 0.999999 -0.0225421 0.120667 -0.10284
FixedParameters: 0 0 0

#Transform 130
Transform: AffineTransform_float_3_3
Parameters: 1 0.000439237 -0.000350709 -0.000438346 0.999999 0.00124366 0.000351621 -0.00124369 1 -0.0232915 0.132622 -0.130843
FixedParameters: 0 0 0

#Transform 131
Transform: AffineTransform_float_3_3
Parameters: 1 0.000537963 -0.000412731 -0.000538295 0.999999 0.00128812 0.000413751 -0.00128776 0.999999 -0.0258605 0.11452 -0.102262
FixedParameters: 0 0 0

#Transform 132
Transform: AffineTransform_float_3_3
Parameters: 1 0.00039164 -0.000339741 -0.000391069 0.999999 0.000839494 0.000340398 -0.000839227 0.999999 -0.0207293 0.117029 -0.136258
FixedParameters: 0 0 0

#Transform 133
Transform: AffineTransform_float_3_3
Parameters: 1 0.000478619 -0.000411467 -0.000478283 1 0.00111045 0.000411594 -0.0011101 1 -0.0193917 0.146674 -0.161666
FixedParameters: 0 0 0

#Transform 134
Transform: AffineTransform_float_3_3
Parameters: 1 0.000566346 -0.000307821 -0.00056559 0.999999 0.00123568 0.000309097 -0.00123533 0.999999 -0.0237572 0.0765153 -0.115676
FixedParameters: 0 0 0

#Transform 135
Transform: AffineTransform_float_3_3
Parameters: 1 0.000509934 -0.000308589 -0.000509304 1 0.000934083 0.000309505 -0.000934705 0.999999 -0.0178437 0.148998 -0.181479
FixedParameters: 0 0 0

#Transform 136
Transform: AffineTransform_float_3_3
Parameters: 1 0.000444144 -0.000339143 -0.000443873 0.999999 0.00125205 0.000339319 -0.00125178 0.999999 -0.0200179 0.129502 -0.148069
FixedParameters: 0 0 0

#Transform 137
Transform: AffineTransform_float_3_3
Parameters: 1 0.000479708 -0.000396439 -0.000479311 0.999999 0.00123066 0.000396683 -0.00123032 0.999999 -0.0250745 0.0864372 -0.099216
FixedParameters: 0 0 0

#Transform 138
Transform: AffineTransform_float_3_3
Parameters: 1 0.000451475 -0.000295377 -0.000450866 1 0.00104136 0.000296194 -0.0010411 1 -0.0209 0.100898 -0.130488
FixedParameters: 0 0 0

#Transform 139
Transform: AffineTransform_float_3_3
Parameters: 1 0.00042085 -0.00040335 -0.000420393 0.999999 0.00128333 0.000403493 -0.00128303 0.999999 -0.0208486 0.111418 -0.0998665
FixedParameters: 0 0 0

#Transform 140
Transform: AffineTransform_float_3_3
Parameters: 1 0.00044842 -0.000298607 -0.000448293 0.999999 0.00118177 0.000298731 -0.00118154 0.999999 -0.0260293 0.0887335 -0.103635
FixedParameters: 0 0 0

#Transform 141
Transform: AffineTransform_float_3_3
Parameters: 1 0.000401556 -0.000389331 -0.000401267 1 0.00111523 0.00038929 -0.00111495 1 -0.0208946 0.147561 -0.137976
FixedParameters: 0 0 0

#Transform 142
Transform: AffineTransform_float_3_3
Parameters: 1 0.000429379 -0.000438483 -0.000428831 0.999999 0.00128471 0.00043865 -0.00128437 0.999999 -0.0262318 0.114045 -0.109719
FixedParameters: 0 0 0

#Transform 143
Transform: AffineTransform_float_3_3
Parameters: 1 0.000517968 -0.000474886 -0.000517392 0.999999 0.00121507 0.000475208 -0.00121461 0.999999 -0.0343447 0.11069 -0.0954267
FixedParameters: 0 0 0

#Transform 144
Transform: AffineTransform_float_3_3
Parameters: 1 0.000541469 -0.000465762 -0.000540861 0.999999 0.00127277 0.000466204 -0.00127231 0.999999 -0.0379341 0.118973 -0.107782
FixedParameters: 0 0 0

#Transform 145
Transform: AffineTransform_float_3_3
Parameters: 0.999999 0.000703067 -0.000525819 -0.00070268 0.999999 0.00115152 0.000527884 -0.00115082 0.999999 -0.044475 0.11639 -0.117566
FixedParameters: 0 0 0

#Transform 146
Transform: AffineTransform_float_3_3
Parameters: 0.999999 0.000686952 -0.000572472 -0.000686734 0.999999 0.00140882 0.000574039 -0.00140812 0.999999 -0.0483527 0.131519 -0.0974794
FixedParameters: 0 0 0

#Transform 147
Transform: AffineTransform_float_3_3
Parameters: 0.999999 0.000738943 -0.000644094 -0.000737345 0.999998 0.00164651 0.000645552 -0.00164653 0.999998 -0.0518458 0.0883627 -0.0419906
FixedParameters: 0 0 0

#Transform 148
Transform: AffineTransform_float_3_3
Parameters: 0.999999 0.000669809 -0.000687691 -0.000668795 0.999999 0.00115811 0.000688304 -0.00115723 0.999999 -0.0476967 0.107583 -0.0736352
FixedParameters: 0 0 0

#Transform 149
Transform: AffineTransform_float_3_3
Parameters: 1 0.000713809 -0.00102544 -0.000712457 0.999998 0.0015771 0.00102653 -0.00157704 0.999998 -0.0544953 0.0828571 -0.0119396
FixedParameters: 0 0 0

#Transform 150
Transform: AffineTransform_float_3_3
Parameters: 1 0.000707481 -0.000963794 -0.000706008 0.999999 0.00145612 0.000965571 -0.00145578 0.999998 -0.0503331 0.0504031 -0.0128491
FixedParameters: 0 0 0

#Transform 151
Transform: AffineTransform_float_3_3
Parameters: 1 0.000522843 -0.000987085 -0.000521776 0.999999 0.00123156 0.00098807 -0.00123096 0.999999 -0.0380654 0.138462 -0.0659825
FixedParameters: 0 0 0

#Transform 152
Transform: AffineTransform_float_3_3
Parameters: 1 0.000579119 -0.00101854 -0.000576718 0.999999 0.00142103 0.00101928 -0.00142117 0.999999 -0.0395133 0.117017 -0.0320806
FixedParameters: 0 0 0

#Transform 153
Transform: AffineTransform_float_3_3
Parameters: 1 0.000534066 -0.000981769 -0.000532322 0.999998 0.00155507 0.00098309 -0.00155538 0.999998 -0.0450754 0.0853737 0.0210269
FixedParameters: 0 0 0

#Transform 154
Transform: AffineTransform_float_3_3
Parameters: 0.999999 0.000307823 -0.000839426 -0.000306389 0.999999 0.00118397 0.000839161 -0.00118384 0.999999 -0.0349846 0.167436 -0.0535683
FixedParameters: 0 0 0

#Transform 155
Transform: AffineTransform_float_3_3
Parameters: 1 0.00061663 -0.000850887 -0.000615267 0.999998 0.00157048 0.000852485 -0.0015708 0.999999 -0.045085 0.0548959 -0.0375642
FixedParameters: 0 0 0

#Transform 156
Transform: AffineTransform_float_3_3
Parameters: 0.999999 0.000533255 -0.000834295 -0.000531963 0.999999 0.00112089 0.000834553 -0.00112004 0.999999 -0.0462792 0.115535 -0.0863754
FixedParameters: 0 0 0

#Transform 157
Transform: AffineTransform_float_3_3
Parameters: 1 0.000578257 -0.000961014 -0.000577626 1 0.00105161 0.000961984 -0.00105059 0.999999 -0.0471427 0.106435 -0.0740294
FixedParameters: 0 0 0

#Transform 158
Transform: AffineTransform_float_3_3
Parameters: 1 0.000666849 -0.000886595 -0.000666621 0.999999 0.0012211 0.000887109 -0.00122038 0.999999 -0.0599627 -0.0274237 -0.0207506
FixedParameters: 0 0 0

#Transform 159
Transform: AffineTransform_float_3_3
Parameters: 1 0.0004917 -0.000915627 -0.000490663 1 0.000864995 0.000915607 -0.000864477 1 -0.0315773 0.138285 0.0235501
FixedParameters: 0 0 0

#Transform 160
Transform: AffineTransform_float_3_3
Parameters: 0.999999 0.000433776 -0.000832059 -0.00043306 0.999999 0.00072702 0.000831783 -0.000727617 1 -0.0379525 0.129055 -0.0137351
FixedParameters: 0 0 0

#Transform 161
Transform: AffineTransform_float_3_3
Parameters: 1 0.000408301 -0.00092716 -0.000407688 1 0.000738945 0.000928417 -0.000739173 0.999999 -0.0351846 0.142054 -0.0382354
FixedParameters: 0 0 0

#Transform 162
Transform: AffineTransform_float_3_3
Parameters: 1 0.000492967 -0.00098086 -0.000492622 1 0.000871686 0.000981418 -0.000871148 1 -0.0399276 0.0969627 0.0091054
FixedParameters: 0 0 0

#Transform 163
Transform: AffineTransform_float_3_3
Parameters: 0.999999 0.000490392 -0.000974377 -0.000489862 1 0.000988759 0.000974979 -0.00098789 0.999999 -0.0410745 0.099441 0.0159007
FixedParameters: 0 0 0

#Transform 164
Transform: AffineTransform_float_3_3
Parameters: 1 0.000581143 -0.0010357 -0.00057955 0.999999 0.00103357 0.00103603 -0.00103274 0.999999 -0.0434528 0.104122 -0.0188917
FixedParameters: 0 0 0

#Transform 165
Transform: AffineTransform_float_3_3
Parameters: 1 0.000485445 -0.000965587 -0.000484648 0.999999 0.00111967 0.000966372 -0.00111916 0.999999 -0.0502092 0.137415 0.0173239
FixedParameters: 0 0 0

#Transform 166
Transform: AffineTransform_float_3_3
Parameters: 0.999999 0.000391826 -0.000900408 -0.000391204 1 0.0011212 0.000900919 -0.00112058 0.999999 -0.0361213 0.124677 0.0227066
FixedParameters: 0 0 0

#Transform 167
Transform: AffineTransform_float_3_3
Parameters: 0.999999 0.00032615 -0.000845659 -0.000324428 0.999999 0.00134616 0.000845543 -0.00134599 0.999999 -0.0425766 0.0211632 0.103332
FixedParameters: 0 0 0

#Transform 168
Transform: AffineTransform_float_3_3
Parameters: 0.999999 0.000254193 -0.000802209 -0.000253695 1 0.00118096 0.000802442 -0.00118063 0.999999 -0.0248263 0.179007 0.00515835
FixedParameters: 0 0 0

#Transform 169
Transform: AffineTransform_float_3_3
Parameters: 0.999999 0.000357349 -0.000871077 -0.000356561 0.999999 0.00125363 0.000871605 -0.0012531 0.999999 -0.0373411 0.134055 0.0161013
FixedParameters: 0 0 0

#Transform 170
Transform: AffineTransform_float_3_3
Parameters: 1 0.000322306 -0.000856008 -0.000321106 0.999999 0.00102073 0.000855795 -0.00102056 1 -0.031143 0.103437 0.0597258
FixedParameters: 0 0 0

#Transform 171
Transform: AffineTransform_float_3_3
Parameters: 0.999999 0.00015734 -0.000732639 -0.000156329 0.999999 0.00123552 0.000733416 -0.00123568 0.999999 -0.0180385 0.200476 0.00124173
FixedParameters: 0 0 0

#Transform 172
Transform: AffineTransform_float_3_3
Parameters: 1 0.000295693 -0.000911858 -0.000294835 0.999999 0.00123219 0.000912341 -0.00123174 0.999999 -0.0318469 0.0672658 0.0282707
FixedParameters: 0 0 0

#Transform 173
Transform: AffineTransform_float_3_3
Parameters: 0.999999 0.000273521 -0.000806942 -0.000272636 0.999998 0.00139852 0.000807283 -0.00139851 0.999999 -0.0189187 0.14363 0.0173708
FixedParameters: 0 0 0

#Transform 174
Transform: AffineTransform_float_3_3
Parameters: 0.999999 -0.000126844 -0.000716633 0.000128092 0.999999 0.00144689 0.000716711 -0.00144712 0.999998 -0.0118588 0.226241 -0.0345177
FixedParameters: 0 0 0

#Transform 175
Transform: AffineTransform_float_3_3
Parameters: 1 0.00014643 -0.000701472 -0.00014527 0.999999 0.00182707 0.000701515 -0.00182695 0.999998 -0.0188137 0.106477 0.0194293
FixedParameters: 0 0 0

#Transform 176
Transform: AffineTransform_float_3_3
Parameters: 0.999999 0.000114199 -0.0008232 -0.00011256 0.999999 0.00184866 0.00082313 -0.00184856 0.999998 -0.0123787 0.140075 0.0314361
FixedParameters: 0 0 0

#Transform 177
Transform: AffineTransform_float_3_3
Parameters: 1 7.39198e-05 -0.000651177 -7.23749e-05 0.999999 0.00182467 0.000651768 -0.00182462 0.999998 -0.00534314 0.192636 0.00427461
FixedParameters: 0 0 0

#Transform 178
Transform: AffineTransform_float_3_3
Parameters: 1 7.27229e-05 -0.000638498 -7.08189e-05 0.999997 0.00212269 0.00063907 -0.00212299 0.999998 -0.0147583 0.145901 0.00298973
FixedParameters: 0 0 0

#Transform 179
Transform: AffineTransform_float_3_3
Parameters: 1 0.000141674 -0.00067859 -0.000139937 0.999998 0.00231938 0.000678631 -0.00231928 0.999997 -0.0161458 0.0780985 0.050663
FixedParameters: 0 0 0

#Transform 180
Transform: AffineTransform_float_3_3
Parameters: 1 0.000146017 -0.000678819 -0.000144185 0.999997 0.00238925 0.0006789 -0.00238914 0.999997 -0.00810294 0.155043 0.00402324
FixedParameters: 0 0 0

#Transform 181
Transform: AffineTransform_float_3_3
Parameters: 1 0.000145415 -0.000689807 -0.00014392 0.999998 0.0021017 0.000689926 -0.00210158 0.999997 -0.0115507 0.171064 -0.00650004
FixedParameters: 0 0 0

#Transform 182
Transform: AffineTransform_float_3_3
Parameters: 1 0.000139805 -0.000593794 -0.000137977 0.999998 0.00224467 0.000594619 -0.00224455 0.999998 -0.0101451 0.197872 -0.0333518
FixedParameters: 0 0 0

#Transform 183
Transform: AffineTransform_float_3_3
Parameters: 1 0.000139642 -0.000586999 -0.000138038 0.999998 0.00207437 0.000587899 -0.00207425 0.999997 -0.01013 0.146334 0.0206497
FixedParameters: 0 0 0

#Transform 184
Transform: AffineTransform_float_3_3
Parameters: 1 0.000110032 -0.000552384 -0.000108904 0.999999 0.00160085 0.000551712 -0.00159983 0.999999 -0.0138422 0.156766 -0.0581925
FixedParameters: 0 0 0

#Transform 185
Transform: AffineTransform_float_3_3
Parameters: 1 0.000187073 -0.000624461 -0.000185377 0.999998 0.00202226 0.000625538 -0.00202208 0.999998 -0.0165192 0.119054 -0.0135298
FixedParameters: 0 0 0

#Transform 186
Transform: AffineTransform_float_3_3
Parameters: 1 2.03583e-05 -0.000630797 -1.94178e-05 0.999999 0.00139917 0.000631299 -0.00139919 0.999999 -0.0110209 0.21269 -0.110075
FixedParameters: 0 0 0

#Transform 187
Transform: AffineTransform_float_3_3
Parameters: 1 0.000159457 -0.000590879 -0.00015823 0.999999 0.00174151 0.000591756 -0.00174137 0.999999 -0.0158521 0.121236 -0.0234162
FixedParameters: 0 0 0

#Transform 188
Transform: AffineTransform_float_3_3
Parameters: 1 5.23382e-05 -0.000572238 -5.1236e-05 0.999999 0.00146958 0.000571455 -0.00146956 0.999998 -0.0130435 0.131726 -0.0709831
FixedParameters: 0 0 0

#Transform 189
Transform: AffineTransform_float_3_3
Parameters: 1 0.000329821 -0.000152019 -0.000329809 0.999998 0.00196697 0.000152259 -0.00196691 0.999998 -0.0201047 0.116842 -0.0515529
FixedParameters: 0 0 0
