#Insight Transform File V1.0
#Transform 0
Transform: AffineTransform_float_3_3
Parameters: 0.999999 0.000266316 -0.00107126 -0.000265526 1 0.00101929 0.00107131 -0.00101877 0.999999 0.023316 -0.0431101 0.0432222
FixedParameters: 0 0 0

#Transform 1
Transform: AffineTransform_float_3_3
Parameters: 0.999999 0.0001467 -0.000725491 -0.000146858 1 0.000507441 0.000726084 -0.000507238 0.999999 0.0179966 -0.0233459 0.0547808
FixedParameters: 0 0 0

#Transform 2
Transform: AffineTransform_float_3_3
Parameters: 1 0.000172852 -0.00103761 -0.000171447 1 0.000665651 0.00103783 -0.000664498 0.999999 0.0198875 -0.0326159 0.0247673
FixedParameters: 0 0 0

#Transform 3
Transform: AffineTransform_float_3_3
Parameters: 1 0.000454212 -0.00044907 -0.000453831 1 0.000424512 0.000449455 -0.000424104 1 0.0121283 -0.0146282 0.060451
FixedParameters: 0 0 0

#Transform 4
Transform: AffineTransform_float_3_3
Parameters: 0.999999 0.000291333 -0.00079979 -0.000290672 0.999999 0.000689993 0.000799297 -0.000689564 0.999999 0.0198498 -0.0128031 0.0631717
FixedParameters: 0 0 0

#Transform 5
Transform: AffineTransform_float_3_3
Parameters: 0.999999 0.000235338 -0.000776572 -0.000234304 1 0.000987215 0.000776092 -0.000986888 0.999999 0.0194783 -0.0255625 0.0506194
FixedParameters: 0 0 0

#Transform 6
Transform: AffineTransform_float_3_3
Parameters: 0.999999 0.000293382 -0.000801979 -0.000292592 0.999999 0.000768939 0.000801535 -0.000768505 0.999999 0.0237423 -0.0132754 0.0604073
FixedParameters: 0 0 0

#Transform 7
Transform: AffineTransform_float_3_3
Parameters: 0.999999 0.000113923 -0.0007116 -0.000112982 1 0.000661761 0.00071175 -0.0006616 0.999999 0.0169152 -0.0237412 0.07031
FixedParameters: 0 0 0

#Transform 8
Transform: AffineTransform_float_3_3
Parameters: 1 6.48175e-05 -0.000688487 -6.3799e-05 0.999999 0.000739663 0.000688582 -0.000739574 0.999999 0.0158696 -0.0200451 0.0732002
FixedParameters: 0 0 0

#Transform 9
Transform: AffineTransform_float_3_3
Parameters: 1 0.000122421 -0.000719219 -0.000121583 0.999999 0.000886088 0.000718475 -0.00088576 1 0.0195169 -0.0153181 0.0705774
FixedParameters: 0 0 0

#Transform 10
Transform: AffineTransform_float_3_3
Parameters: 0.999999 0.000212575 -0.000958177 -0.000211308 1 0.000677909 0.000958402 -0.000676709 0.999999 0.023464 -0.00404288 0.0566836
FixedParameters: 0 0 0

#Transform 11
Transform: AffineTransform_float_3_3
Parameters: 0.999999 0.000282028 -0.000789829 -0.000281468 0.999999 0.000330446 0.000790013 -0.000330606 1 0.0202099 -0.0226577 0.0601412
FixedParameters: 0 0 0

#Transform 12
Transform: AffineTransform_float_3_3
Parameters: 0.999999 0.000177265 -0.000752675 -0.000175796 0.999999 0.00130753 0.000752192 -0.0013073 0.999999 0.0194519 -0.00620518 -0.0145268
FixedParameters: 0 0 0

#Transform 13
Transform: AffineTransform_float_3_3
Parameters: 0.999999 8.37476e-05 -0.000778179 -8.1967e-05 1 0.00118002 0.000778325 -0.00117989 0.999999 0.0198803 -0.0269794 0.00309404
FixedParameters: 0 0 0

#Transform 14
Transform: AffineTransform_float_3_3
Parameters: 0.999999 0.000347996 -0.000728874 -0.000346691 0.999999 0.00123697 0.000728789 -0.0012365 0.999999 0.0148079 -0.0352062 -0.014162
FixedParameters: 0 0 0

#Transform 15
Transform: AffineTransform_float_3_3
Parameters: 1 -0.00028386 -0.000600266 0.000284355 0.999999 0.001204 0.000599975 -0.00120436 0.999999 0.0203162 1.66341e-05 -0.0237418
FixedParameters: 0 0 0

#Transform 16
Transform: AffineTransform_float_3_3
Parameters: 1 9.43772e-05 -0.000707335 -9.43324e-05 1 0.00101658 0.000707026 -0.0010165 0.999999 0.0110137 -0.0203127 0.0122348
FixedParameters: 0 0 0

#Transform 17
Transform: AffineTransform_float_3_3
Parameters: 1 0.000291037 -0.000296679 -0.000290661 1 0.00063291 0.000297047 -0.000632738 1 0.0173545 -0.017488 0.0634553
FixedParameters: 0 0 0

#Transform 18
Transform: AffineTransform_float_3_3
Parameters: 1 7.53595e-05 -0.000696781 -7.41051e-05 1 0.000940319 0.000696871 -0.000940216 1 0.0137912 -0.0277344 0.0120099
FixedParameters: 0 0 0

#Transform 19
Transform: AffineTransform_float_3_3
Parameters: 0.999999 -0.000570848 -0.00044822 0.000570737 0.999999 0.000910574 0.000447562 -0.000910302 1 0.00828912 -0.00754107 -0.00759546
FixedParameters: 0 0 0

#Transform 20
Transform: AffineTransform_float_3_3
Parameters: 1 0.000362573 -0.000199629 -0.000362547 1 6.44159e-05 0.000199676 -6.42711e-05 1 0.0056077 0.0321023 0.0166892
FixedParameters: 0 0 0

#Transform 21
Transform: AffineTransform_float_3_3
Parameters: 1 0.000392971 0.000208776 -0.000392208 0.999999 -0.000768626 -0.000208485 0.000768499 0.999999 -0.0035795 0.0281894 0.00404111
FixedParameters: 0 0 0

#Transform 22
Transform: AffineTransform_float_3_3
Parameters: 1 -6.03281e-05 0.000490635 6.12503e-05 0.999999 -0.00097099 -0.000490579 0.000971843 1 -0.0127459 0.0210837 0.0108869
FixedParameters: 0 0 0

#Transform 23
Transform: AffineTransform_float_3_3
Parameters: 1 -0.000165357 0.00046874 0.00016518 0.999999 -0.00129758 -0.000468811 0.00129769 0.999999 -0.0127153 0.029286 0.0127442
FixedParameters: 0 0 0

#Transform 24
Transform: AffineTransform_float_3_3
Parameters: 1 -0.000121861 0.000422353 0.000121673 0.999999 -0.00142609 -0.000422506 0.00142614 0.999999 -0.0113956 0.0314181 0.0183952
FixedParameters: 0 0 0

#Transform 25
Transform: AffineTransform_float_3_3
Parameters: 1 -0.000136846 0.000490435 0.000138208 0.999999 -0.00144577 -0.000490088 0.0014459 0.999999 -0.0134054 0.0400676 0.017279
FixedParameters: 0 0 0

#Transform 26
Transform: AffineTransform_float_3_3
Parameters: 1 -0.000280659 0.000667005 0.00028237 0.999998 -0.00165524 -0.000667017 0.00165558 0.999998 -0.0181186 0.050816 -0.00722466
FixedParameters: 0 0 0

#Transform 27
Transform: AffineTransform_float_3_3
Parameters: 1 -0.000235547 0.000610295 0.000236559 0.999998 -0.00160899 -0.000609142 0.00160926 0.999998 -0.0124951 0.0436316 -0.00186431
FixedParameters: 0 0 0

#Transform 28
Transform: AffineTransform_float_3_3
Parameters: 1 -0.000237111 0.000590955 0.000237814 0.999999 -0.00140035 -0.000589896 0.00140062 0.999999 -0.0109857 0.0304317 0.0151128
FixedParameters: 0 0 0

#Transform 29
Transform: AffineTransform_float_3_3
Parameters: 1 -0.000136569 0.000618988 0.000137071 0.999999 -0.00153024 -0.000619069 0.00153036 0.999998 -0.0160331 0.0349017 0.00244664
FixedParameters: 0 0 0

#Transform 30
Transform: AffineTransform_float_3_3
Parameters: 1 -5.94537e-05 0.000702011 6.00621e-05 0.999999 -0.00178908 -0.00070101 0.00178914 0.999998 -0.017239 0.0426527 -0.0162996
FixedParameters: 0 0 0

#Transform 31
Transform: AffineTransform_float_3_3
Parameters: 1 3.30619e-05 0.000548276 -3.15755e-05 0.999999 -0.00140646 -0.000548417 0.00140643 0.999999 -0.0137063 0.0444148 -0.00143733
FixedParameters: 0 0 0

#Transform 32
Transform: AffineTransform_float_3_3
Parameters: 1 9.70525e-05 0.000566241 -9.52283e-05 0.999998 -0.00165978 -0.00056661 0.00165967 0.999998 -0.0129567 0.0295945 -0.0126865
FixedParameters: 0 0 0

#Transform 33
Transform: AffineTransform_float_3_3
Parameters: 1 -8.88573e-05 0.000529733 8.93552e-05 0.999999 -0.0018372 -0.000529956 0.00183724 0.999998 -0.0129076 0.0346593 -0.0116113
FixedParameters: 0 0 0

#Transform 34
Transform: AffineTransform_float_3_3
Parameters: 1 -5.16292e-05 0.000573008 5.26174e-05 0.999998 -0.00171944 -0.000572498 0.00172028 0.999999 -0.0146193 0.0418874 0.00857632
FixedParameters: 0 0 0

#Transform 35
Transform: AffineTransform_float_3_3
Parameters: 1 -0.000221711 0.000292307 0.000222642 0.999999 -0.00178644 -0.000291614 0.00178657 0.999999 -0.0116339 0.0375149 -0.00339135
FixedParameters: 0 0 0

#Transform 36
Transform: AffineTransform_float_3_3
Parameters: 1 -9.21695e-05 0.000539547 9.30917e-05 0.999999 -0.00178879 -0.000538872 0.00178888 0.999999 -0.0134092 0.0395622 -0.00913999
FixedParameters: 0 0 0

#Transform 37
Transform: AffineTransform_float_3_3
Parameters: 1 -8.36107e-05 0.000700777 8.49147e-05 0.999998 -0.00193739 -0.000701004 0.00193685 0.999998 -0.0152848 0.0355261 -0.00295987
FixedParameters: 0 0 0

#Transform 38
Transform: AffineTransform_float_3_3
Parameters: 1 0.000180389 0.00039202 -0.000179018 0.999998 -0.00188893 -0.0003928 0.00188879 0.999998 -0.0128696 0.0426326 0.00473451
FixedParameters: 0 0 0

#Transform 39
Transform: AffineTransform_float_3_3
Parameters: 1 0.000105615 0.000311 -0.0001045 0.999998 -0.00197135 -0.000311514 0.00197128 0.999998 -0.00678718 0.0418752 -0.00106159
FixedParameters: 0 0 0

#Transform 40
Transform: AffineTransform_float_3_3
Parameters: 1 4.79558e-05 0.00057927 -4.66455e-05 0.999998 -0.00200041 -0.000579116 0.00200035 0.999998 -0.0134167 0.0515934 -0.0254104
FixedParameters: 0 0 0

#Transform 41
Transform: AffineTransform_float_3_3
Parameters: 1 5.69347e-05 0.000501905 -5.60932e-05 0.999999 -0.0018417 -0.000501769 0.00184163 0.999998 -0.0119346 0.0560161 -0.0169298
FixedParameters: 0 0 0

#Transform 42
Transform: AffineTransform_float_3_3
Parameters: 1 0.000112618 0.000627205 -0.000111758 0.999999 -0.00183963 -0.000628168 0.00183944 0.999998 -0.014228 0.0323759 -0.0151794
FixedParameters: 0 0 0

#Transform 43
Transform: AffineTransform_float_3_3
Parameters: 1 3.53412e-06 0.000667863 -1.82373e-06 0.999998 -0.00203481 -0.00066753 0.00203479 0.999997 -0.0226915 0.0467592 -0.0228996
FixedParameters: 0 0 0

#Transform 44
Transform: AffineTransform_float_3_3
Parameters: 1 0.000160741 0.00033515 -0.000159425 0.999997 -0.00212818 -0.000335932 0.00212807 0.999997 -0.0158581 0.0404564 -0.0106486
FixedParameters: 0 0 0

#Transform 45
Transform: AffineTransform_float_3_3
Parameters: 1 6.60942e-07 0.000607757 7.98267e-07 0.999998 -0.00202942 -0.000607413 0.00202941 0.999998 -0.0237917 0.0502964 -0.0110762
FixedParameters: 0 0 0

#Transform 46
Transform: AffineTransform_float_3_3
Parameters: 1 -0.00011538 0.000484548 0.000116337 0.999998 -0.00202891 -0.000483734 0.00202901 0.999998 -0.0118304 0.0477509 -0.0223567
FixedParameters: 0 0 0

#Transform 47
Transform: AffineTransform_float_3_3
Parameters: 1 8.29416e-05 0.000487026 -8.25072e-05 0.999998 -0.00193186 -0.000487896 0.00193173 0.999998 -0.020058 0.0505293 -0.0261774
FixedParameters: 0 0 0

#Transform 48
Transform: AffineTransform_float_3_3
Parameters: 1 0.000193443 0.000294566 -0.000193269 0.999998 -0.00200308 -0.000294997 0.00200295 0.999998 -0.0170973 0.0487871 -0.0100998
FixedParameters: 0 0 0

#Transform 49
Transform: AffineTransform_float_3_3
Parameters: 1 0.000170351 0.000409928 -0.000169927 0.999998 -0.00171368 -0.00041018 0.00171432 0.999999 -0.00684639 0.036046 -0.0868868
FixedParameters: 0 0 0

#Transform 50
Transform: AffineTransform_float_3_3
Parameters: 1 0.000175461 0.000379041 -0.000175515 1 -0.0011837 -0.000379063 0.00118356 0.999999 0.00101624 0.0372487 -0.154531
FixedParameters: 0 0 0

#Transform 51
Transform: AffineTransform_float_3_3
Parameters: 1 -2.78574e-06 0.000100587 3.11869e-06 0.999997 -0.00221067 -0.000100675 0.00221067 0.999997 0.00168049 0.101437 -0.191654
FixedParameters: 0 0 0

#Transform 52
Transform: AffineTransform_float_3_3
Parameters: 1 2.10536e-05 -0.00019049 -2.12544e-05 0.999997 -0.00243958 0.000189793 0.00243959 0.999997 0.00942806 0.0711946 -0.161794
FixedParameters: 0 0 0

#Transform 53
Transform: AffineTransform_float_3_3
Parameters: 1 0.000107049 4.4943e-05 -0.000106966 0.999997 -0.00215195 -4.5504e-05 0.00215194 0.999997 0.00409324 0.0676891 -0.176643
FixedParameters: 0 0 0

#Transform 54
Transform: AffineTransform_float_3_3
Parameters: 1 0.000301563 -0.000140138 -0.000302216 0.999998 -0.00193883 0.000138867 0.00193891 0.999998 0.0156435 0.037269 -0.162313
FixedParameters: 0 0 0

#Transform 55
Transform: AffineTransform_float_3_3
Parameters: 1 0.000313686 -6.1127e-05 -0.000313593 0.999998 -0.00194793 6.06988e-05 0.001948 0.999998 0.00761547 0.0467501 -0.151516
FixedParameters: 0 0 0

#Transform 56
Transform: AffineTransform_float_3_3
Parameters: 1 0.000200665 -9.62442e-06 -0.000201647 0.999998 -0.00163448 9.36067e-06 0.00163447 0.999998 0.00581819 0.0418306 -0.158024
FixedParameters: 0 0 0

#Transform 57
Transform: AffineTransform_float_3_3
Parameters: 1 0.000257009 -0.000132086 -0.000257217 0.999998 -0.00203755 0.000131832 0.00203765 0.999998 0.012169 0.0467643 -0.148011
FixedParameters: 0 0 0

#Transform 58
Transform: AffineTransform_float_3_3
Parameters: 1 0.000229775 -9.13047e-05 -0.000229686 0.999998 -0.00162344 9.14027e-05 0.00162352 0.999998 0.00758181 0.044875 -0.143726
FixedParameters: 0 0 0

#Transform 59
Transform: AffineTransform_float_3_3
Parameters: 1 0.000216749 -1.92477e-05 -0.000216863 0.999999 -0.00152906 1.85345e-05 0.00152906 0.999999 0.00548443 0.0549147 -0.150603
FixedParameters: 0 0 0

#Transform 60
Transform: AffineTransform_float_3_3
Parameters: 1 0.000194189 0.000212562 -0.000194443 0.999998 -0.00170978 -0.000212895 0.00171048 0.999999 -0.000622554 0.0630413 -0.148618
FixedParameters: 0 0 0

#Transform 61
Transform: AffineTransform_float_3_3
Parameters: 1 9.46285e-05 4.50001e-05 -9.45509e-05 0.999999 -0.00175476 -4.53698e-05 0.00175395 0.999998 0.00311771 0.0542543 -0.138216
FixedParameters: 0 0 0

#Transform 62
Transform: AffineTransform_float_3_3
Parameters: 1 0.000248122 -3.32271e-05 -0.000248285 0.999998 -0.0016353 3.23651e-05 0.00163532 0.999998 0.00560328 0.0533625 -0.12972
FixedParameters: 0 0 0

#Transform 63
Transform: AffineTransform_float_3_3
Parameters: 1 0.000134839 2.28435e-05 -0.00013482 0.999998 -0.00161589 -2.33295e-05 0.00161588 0.999998 0.00338211 0.0600298 -0.130139
FixedParameters: 0 0 0

#Transform 64
Transform: AffineTransform_float_3_3
Parameters: 1 0.000419966 2.43541e-05 -0.000419521 0.999999 -0.00171646 -2.49383e-05 0.00171568 0.999998 0.005059 0.0430873 -0.120458
FixedParameters: 0 0 0

#Transform 65
Transform: AffineTransform_float_3_3
Parameters: 1 0.000382686 -0.000102459 -0.000382604 0.999999 -0.00148548 0.000102166 0.00148559 0.999999 0.00777746 0.0532932 -0.129005
FixedParameters: 0 0 0

#Transform 66
Transform: AffineTransform_float_3_3
Parameters: 1 0.000346158 7.28919e-05 -0.00034559 0.999999 -0.00124554 -7.29095e-05 0.00124552 0.999999 -0.00137528 0.0472943 -0.137751
FixedParameters: 0 0 0

#Transform 67
Transform: AffineTransform_float_3_3
Parameters: 1 0.000286111 -5.50721e-05 -0.000286325 0.999999 -0.00144273 5.4196e-05 0.00144276 0.999999 0.00641859 0.054112 -0.143611
FixedParameters: 0 0 0

#Transform 68
Transform: AffineTransform_float_3_3
Parameters: 1 0.000162615 0.000100677 -0.000162811 0.999999 -0.00183858 -0.000100037 0.00183858 0.999999 -0.00175879 0.0530418 -0.132447
FixedParameters: 0 0 0

#Transform 69
Transform: AffineTransform_float_3_3
Parameters: 1 -0.000246018 0.000226108 0.000246531 0.999997 -0.0024832 -0.000225929 0.00248327 0.999997 -0.0158997 0.0658086 -0.154313
FixedParameters: 0 0 0

#Transform 70
Transform: AffineTransform_float_3_3
Parameters: 1 4.08206e-05 0.000147957 -4.127e-05 0.999998 -0.0016961 -0.000147702 0.00169608 0.999998 -0.00608386 0.0681562 -0.171748
FixedParameters: 0 0 0

#Transform 71
Transform: AffineTransform_float_3_3
Parameters: 1 8.21362e-05 4.67526e-05 -8.20546e-05 0.999999 -0.00146679 -4.70437e-05 0.00146678 0.999999 0.00293466 0.0609457 -0.152168
FixedParameters: 0 0 0

#Transform 72
Transform: AffineTransform_float_3_3
Parameters: 1 0.000110093 0.000149267 -0.000110558 0.999998 -0.00162676 -0.000149232 0.00162672 0.999998 0.000609877 0.0655583 -0.155393
FixedParameters: 0 0 0

#Transform 73
Transform: AffineTransform_float_3_3
Parameters: 1 8.25269e-06 8.81843e-05 -8.05244e-06 0.999999 -0.00176899 -8.83136e-05 0.00176898 0.999999 0.00190299 0.065401 -0.16015
FixedParameters: 0 0 0

#Transform 74
Transform: AffineTransform_float_3_3
Parameters: 1 4.72899e-05 0.000136504 -4.6968e-05 0.999999 -0.00138334 -0.000136684 0.00138333 0.999999 -0.00984768 0.0575127 -0.145659
FixedParameters: 0 0 0

#Transform 75
Transform: AffineTransform_float_3_3
Parameters: 1 1.73044e-05 7.80864e-05 -1.71403e-05 0.999999 -0.00140824 -7.81851e-05 0.00140824 0.999999 0.00187351 0.0564845 -0.149037
FixedParameters: 0 0 0

#Transform 76
Transform: AffineTransform_float_3_3
Parameters: 1 -4.82476e-05 0.000305106 4.86559e-05 0.999999 -0.00148328 -0.000305906 0.00148327 0.999999 -0.0148237 0.0673671 -0.157966
FixedParameters: 0 0 0

#Transform 77
Transform: AffineTransform_float_3_3
Parameters: 1 -0.000152594 0.000492635 0.000153354 0.999999 -0.00179457 -0.000491742 0.00179471 0.999999 -0.0202609 0.0622351 -0.184131
FixedParameters: 0 0 0

#Transform 78
Transform: AffineTransform_float_3_3
Parameters: 1 2.49866e-05 0.000548205 -2.46065e-05 0.999998 -0.00164406 -0.000548849 0.00164478 0.999999 -0.0203259 0.0715283 -0.157259
FixedParameters: 0 0 0

#Transform 79
Transform: AffineTransform_float_3_3
Parameters: 1 3.49726e-05 0.000516283 -3.40749e-05 0.999999 -0.00135038 -0.000517321 0.00135031 0.999999 -0.0157558 0.0591716 -0.156067
FixedParameters: 0 0 0

#Transform 80
Transform: AffineTransform_float_3_3
Parameters: 1 -4.2338e-05 0.000464621 4.36237e-05 0.999999 -0.00144391 -0.000464548 0.00144395 0.999999 -0.0153331 0.0622012 -0.162628
FixedParameters: 0 0 0

#Transform 81
Transform: AffineTransform_float_3_3
Parameters: 1 -4.83666e-05 0.000372801 4.86923e-05 0.999998 -0.00166331 -0.000372248 0.00166273 0.999999 -0.0193474 0.0544785 -0.160946
FixedParameters: 0 0 0

#Transform 82
Transform: AffineTransform_float_3_3
Parameters: 1 -6.44789e-05 0.000320193 6.534e-05 0.999999 -0.0014324 -0.000320057 0.00143244 0.999999 -0.0136641 0.0394658 -0.147806
FixedParameters: 0 0 0

#Transform 83
Transform: AffineTransform_float_3_3
Parameters: 1 6.44735e-05 0.000245548 -6.43889e-05 0.999998 -0.00233642 -0.000245555 0.00233637 0.999997 -0.00197041 0.0758336 -0.146052
FixedParameters: 0 0 0

#Transform 84
Transform: AffineTransform_float_3_3
Parameters: 1 9.63932e-05 0.000287881 -9.62157e-05 0.999998 -0.00205684 -0.000287933 0.00205678 0.999998 -0.0172468 0.0587214 -0.119557
FixedParameters: 0 0 0

#Transform 85
Transform: AffineTransform_float_3_3
Parameters: 1 3.95638e-05 8.20594e-05 -3.93407e-05 0.999997 -0.00237838 -8.23977e-05 0.00237837 0.999997 0.00111018 0.0740879 -0.107349
FixedParameters: 0 0 0

#Transform 86
Transform: AffineTransform_float_3_3
Parameters: 1 5.69357e-05 0.000238674 -5.68326e-05 0.999997 -0.00244249 -0.000238658 0.00244245 0.999997 -0.00260016 0.0739703 -0.11103
FixedParameters: 0 0 0

#Transform 87
Transform: AffineTransform_float_3_3
Parameters: 1 -4.86044e-06 0.000102865 5.16443e-06 0.999998 -0.00229262 -0.000102992 0.00229261 0.999998 -0.00956363 0.0722533 -0.116622
FixedParameters: 0 0 0

#Transform 88
Transform: AffineTransform_float_3_3
Parameters: 1 6.32309e-05 0.000262338 -6.29379e-05 0.999996 -0.00258409 -0.00026237 0.00258404 0.999996 -0.00344302 0.0812083 -0.102937
FixedParameters: 0 0 0

#Transform 89
Transform: AffineTransform_float_3_3
Parameters: 1 -1.06988e-05 0.000109436 1.1084e-05 0.999997 -0.00252645 -0.000109531 0.00252645 0.999997 -2.6506e-05 0.0810487 -0.100809
FixedParameters: 0 0 0

#Transform 90
Transform: AffineTransform_float_3_3
Parameters: 1 -9.15219e-06 0.000107695 9.5153e-06 0.999997 -0.00246449 -0.000107799 0.00246449 0.999997 -0.00956408 0.0756743 -0.0951436
FixedParameters: 0 0 0

#Transform 91
Transform: AffineTransform_float_3_3
Parameters: 1 4.09042e-05 0.000199434 -4.10292e-05 0.999997 -0.00235213 -0.000199334 0.0023521 0.999997 -0.00259687 0.0793725 -0.0838229
FixedParameters: 0 0 0

#Transform 92
Transform: AffineTransform_float_3_3
Parameters: 1 3.9838e-05 0.000197841 -3.99677e-05 0.999997 -0.00235915 -0.000197736 0.00235912 0.999997 -0.00169705 0.072449 -0.110169
FixedParameters: 0 0 0

#Transform 93
Transform: AffineTransform_float_3_3
Parameters: 1 8.59138e-05 0.00027454 -8.57368e-05 0.999997 -0.00215602 -0.000274567 0.00215596 0.999997 -0.00331774 0.0659601 -0.114028
FixedParameters: 0 0 0

#Transform 94
Transform: AffineTransform_float_3_3
Parameters: 1 -3.66084e-05 0.000685342 3.81603e-05 0.999998 -0.00222944 -0.000685777 0.00222944 0.999998 -0.0278278 0.0594032 -0.132444
FixedParameters: 0 0 0

#Transform 95
Transform: AffineTransform_float_3_3
Parameters: 1 0.000184206 0.000468416 -0.000183236 0.999997 -0.00210907 -0.000468847 0.00210889 0.999997 -0.0219324 0.0702168 -0.136632
FixedParameters: 0 0 0

#Transform 96
Transform: AffineTransform_float_3_3
Parameters: 1 4.76187e-05 0.000545281 -4.70059e-05 0.999998 -0.00188929 -0.000546011 0.00188919 0.999998 -0.0215586 0.0627616 -0.136784
FixedParameters: 0 0 0

#Transform 97
Transform: AffineTransform_float_3_3
Parameters: 1 -0.000144275 0.000325109 0.000145628 0.999997 -0.00234187 -0.000324581 0.00234196 0.999997 -0.018572 0.057916 -0.19071
FixedParameters: 0 0 0

#Transform 98
Transform: AffineTransform_float_3_3
Parameters: 1 -5.52438e-05 0.000129817 5.48053e-05 0.999997 -0.0024097 -0.000129259 0.0024097 0.999997 -0.00425559 0.0988978 -0.213636
FixedParameters: 0 0 0

#Transform 99
Transform: AffineTransform_float_3_3
Parameters: 1 -8.61837e-05 0.00064412 8.75513e-05 0.999998 -0.00222932 -0.000644334 0.00222938 0.999998 -0.0292022 0.0731626 -0.179624
FixedParameters: 0 0 0

#Transform 100
Transform: AffineTransform_float_3_3
Parameters: 0.999999 -0.000223088 0.000831921 0.000224773 0.999998 -0.00188324 -0.000831628 0.00188357 0.999998 -0.0369283 0.0590436 -0.185905
FixedParameters: 0 0 0

#Transform 101
Transform: AffineTransform_float_3_3
Parameters: 0.999999 -0.000150329 0.000775476 0.000151791 0.999998 -0.00187672 -0.00077546 0.0018769 0.999998 -0.0352024 0.0557431 -0.184341
FixedParameters: 0 0 0

#Transform 102
Transform: AffineTransform_float_3_3
Parameters: 0.999999 -8.49294e-05 0.000841294 8.60738e-05 0.999999 -0.00181152 -0.000840196 0.00181164 0.999998 -0.0365243 0.0573688 -0.183554
FixedParameters: 0 0 0

#Transform 103
Transform: AffineTransform_float_3_3
Parameters: 0.999999 -5.38531e-05 0.000856934 5.59681e-05 0.999998 -0.00207906 -0.000857257 0.0020791 0.999997 -0.0330937 0.058241 -0.164423
FixedParameters: 0 0 0

#Transform 104
Transform: AffineTransform_float_3_3
Parameters: 0.999999 -3.85515e-05 0.000839604 3.93844e-05 0.999998 -0.00189184 -0.000839563 0.00189184 0.999998 -0.0387562 0.0638482 -0.146289
FixedParameters: 0 0 0

#Transform 105
Transform: AffineTransform_float_3_3
Parameters: 0.999999 6.40268e-05 0.000828966 -6.18744e-05 0.999998 -0.00190577 -0.000828862 0.00190565 0.999998 -0.0388262 0.0707901 -0.149542
FixedParameters: 0 0 0

#Transform 106
Transform: AffineTransform_float_3_3
Parameters: 0.999999 0.000118157 0.000910855 -0.000117111 0.999998 -0.00158409 -0.000910456 0.00158404 0.999999 -0.0365041 0.0638619 -0.194092
FixedParameters: 0 0 0

#Transform 107
Transform: AffineTransform_float_3_3
Parameters: 0.999999 0.000195672 0.00083147 -0.0001942 0.999999 -0.00147542 -0.000831714 0.00147588 0.999999 -0.0370533 0.0517671 -0.191868
FixedParameters: 0 0 0

#Transform 108
Transform: AffineTransform_float_3_3
Parameters: 1 1.84627e-05 0.000702884 -1.74449e-05 0.999999 -0.00140078 -0.00070254 0.00140074 0.999999 -0.035968 0.0535691 -0.17411
FixedParameters: 0 0 0

#Transform 109
Transform: AffineTransform_float_3_3
Parameters: 1 -2.2496e-05 0.000602568 2.35983e-05 0.999999 -0.00175078 -0.000602143 0.0017508 0.999999 -0.0364858 0.0552622 -0.186527
FixedParameters: 0 0 0

#Transform 110
Transform: AffineTransform_float_3_3
Parameters: 0.999999 0.000182475 0.000753822 -0.000180778 1 -0.0011624 -0.000754294 0.00116212 0.999999 -0.0349655 0.0688549 -0.18398
FixedParameters: 0 0 0

#Transform 111
Transform: AffineTransform_float_3_3
Parameters: 1 3.51586e-05 0.000696096 -3.43205e-05 0.999999 -0.00128532 -0.000695791 0.00128526 0.999999 -0.0337482 0.0461195 -0.183679
FixedParameters: 0 0 0

#Transform 112
Transform: AffineTransform_float_3_3
Parameters: 0.999999 2.2549e-05 0.000738081 -2.16052e-05 0.999999 -0.00128381 -0.000737744 0.00128377 0.999999 -0.0322827 0.0540972 -0.181504
FixedParameters: 0 0 0

#Transform 113
Transform: AffineTransform_float_3_3
Parameters: 0.999999 3.34048e-05 0.000889729 -3.22443e-05 1 -0.00118678 -0.000889413 0.00118671 0.999999 -0.0379551 0.053481 -0.164931
FixedParameters: 0 0 0

#Transform 114
Transform: AffineTransform_float_3_3
Parameters: 0.999999 -3.98008e-05 0.000832676 4.05393e-05 0.999999 -0.00127956 -0.000833073 0.00127957 0.999999 -0.0399105 0.0632806 -0.190389
FixedParameters: 0 0 0

#Transform 115
Transform: AffineTransform_float_3_3
Parameters: 0.999999 0.000112566 0.000901913 -0.000111612 1 -0.00105641 -0.000901756 0.00105619 0.999999 -0.0365339 0.0564389 -0.188601
FixedParameters: 0 0 0

#Transform 116
Transform: AffineTransform_float_3_3
Parameters: 0.999999 -1.39104e-05 0.000724717 1.46338e-05 0.999999 -0.00112994 -0.000724294 0.00112935 1 -0.0304078 0.0501192 -0.1832
FixedParameters: 0 0 0

#Transform 117
Transform: AffineTransform_float_3_3
Parameters: 0.999999 -1.18119e-05 0.000900147 1.24561e-05 1 -0.00113129 -0.00090062 0.00113126 0.999999 -0.0407154 0.056993 -0.182168
FixedParameters: 0 0 0

#Transform 118
Transform: AffineTransform_float_3_3
Parameters: 1 -1.00693e-05 0.000643778 1.01532e-05 1 -0.00114653 -0.000644255 0.0011465 0.999999 -0.0250387 0.0486007 -0.172578
FixedParameters: 0 0 0

#Transform 119
Transform: AffineTransform_float_3_3
Parameters: 1 -0.000150892 0.000653266 0.000152135 0.999999 -0.000923253 -0.000652989 0.000922845 0.999999 -0.0296742 0.0635396 -0.158273
FixedParameters: 0 0 0

#Transform 120
Transform: AffineTransform_float_3_3
Parameters: 0.999999 2.39108e-05 0.000842445 -2.32821e-05 1 -0.000937688 -0.000842095 0.000937636 0.999999 -0.0291158 0.0622625 -0.158188
FixedParameters: 0 0 0

#Transform 121
Transform: AffineTransform_float_3_3
Parameters: 0.999999 1.61972e-05 0.000786952 -1.48395e-05 0.999999 -0.000858368 -0.000787045 0.000858532 1 -0.0220813 0.0646889 -0.168038
FixedParameters: 0 0 0

#Transform 122
Transform: AffineTransform_float_3_3
Parameters: 0.999999 -1.41432e-06 0.000797934 1.74755e-06 1 -0.000788778 -0.00079755 0.000789564 1 -0.0275425 0.0631746 -0.161024
FixedParameters: 0 0 0

#Transform 123
Transform: AffineTransform_float_3_3
Parameters: 0.999999 -6.12231e-05 0.000750228 6.12655e-05 1 -0.000624853 -0.000749707 0.000624935 0.999999 -0.0270346 0.050861 -0.157567
FixedParameters: 0 0 0

#Transform 124
Transform: AffineTransform_float_3_3
Parameters: 0.999999 -1.24728e-05 0.000942594 1.29866e-05 1 -0.000763417 -0.000942193 0.000764225 0.999999 -0.0325269 0.0631485 -0.166622
FixedParameters: 0 0 0

#Transform 125
Transform: AffineTransform_float_3_3
Parameters: 0.999999 -2.97875e-05 0.000900849 3.08981e-05 1 -0.00061641 -0.000900812 0.000616465 0.999999 -0.0309034 0.0585533 -0.151675
FixedParameters: 0 0 0

#Transform 126
Transform: AffineTransform_float_3_3
Parameters: 0.999999 -8.2396e-05 0.000817847 8.29424e-05 1 -0.000915607 -0.000817302 0.00091573 1 -0.03026 0.0455814 -0.169072
FixedParameters: 0 0 0

#Transform 127
Transform: AffineTransform_float_3_3
Parameters: 0.999999 -1.51267e-05 0.000754257 1.54738e-05 0.999999 -0.000843686 -0.000753849 0.000844493 1 -0.0322515 0.0575911 -0.16827
FixedParameters: 0 0 0

#Transform 128
Transform: AffineTransform_float_3_3
Parameters: 0.999999 7.53598e-06 0.000857003 -6.28467e-06 0.999999 -0.000708474 -0.000857016 0.000707857 0.999999 -0.0307688 0.0540085 -0.177155
FixedParameters: 0 0 0

#Transform 129
Transform: AffineTransform_float_3_3
Parameters: 0.999999 2.5366e-05 0.000904441 -2.45001e-05 1 -0.000739443 -0.000905435 0.000740155 0.999999 -0.0335796 0.0565854 -0.178196
FixedParameters: 0 0 0

#Transform 130
Transform: AffineTransform_float_3_3
Parameters: 0.999999 -2.19211e-05 0.000782998 2.17622e-05 0.999999 -0.000752048 -0.000783415 0.000752036 0.999999 -0.0312383 0.054296 -0.155372
FixedParameters: 0 0 0

#Transform 131
Transform: AffineTransform_float_3_3
Parameters: 0.999999 7.12828e-05 0.00077754 -7.17168e-05 1 -0.000580496 -0.000778073 0.000580339 0.999999 -0.0279904 0.0563086 -0.166299
FixedParameters: 0 0 0

#Transform 132
Transform: AffineTransform_float_3_3
Parameters: 1 6.11165e-05 0.000545876 -6.0252e-05 0.999999 -0.000791824 -0.000545972 0.000791758 0.999999 -0.0224448 0.0788176 -0.154215
FixedParameters: 0 0 0

#Transform 133
Transform: AffineTransform_float_3_3
Parameters: 1 3.64969e-05 0.000558902 -3.55834e-05 0.999999 -0.000844468 -0.000559025 0.000845222 1 -0.0241725 0.0699157 -0.156407
FixedParameters: 0 0 0

#Transform 134
Transform: AffineTransform_float_3_3
Parameters: 1 8.18059e-05 0.000533849 -8.10422e-05 0.999999 -0.000680416 -0.000533963 0.000679724 1 -0.0219156 0.0491465 -0.148936
FixedParameters: 0 0 0

#Transform 135
Transform: AffineTransform_float_3_3
Parameters: 0.999999 2.61736e-05 0.000794144 -2.4938e-05 0.999999 -0.000777964 -0.000794184 0.000777924 0.999999 -0.0307915 0.0659577 -0.156481
FixedParameters: 0 0 0

#Transform 136
Transform: AffineTransform_float_3_3
Parameters: 0.999999 0.000111351 0.000904366 -0.000110435 1 -0.00103229 -0.000904201 0.00103208 0.999999 -0.0301423 0.0706157 -0.165901
FixedParameters: 0 0 0

#Transform 137
Transform: AffineTransform_float_3_3
Parameters: 0.999999 -2.83375e-06 0.000745453 2.97798e-06 0.999999 -0.000672331 -0.000745008 0.00067172 0.999999 -0.0291077 0.066698 -0.153656
FixedParameters: 0 0 0

#Transform 138
Transform: AffineTransform_float_3_3
Parameters: 0.999999 -3.08869e-05 0.000895887 3.098e-05 1 -0.0005515 -0.000895409 0.000551545 0.999999 -0.0330674 0.0583107 -0.168005
FixedParameters: 0 0 0

#Transform 139
Transform: AffineTransform_float_3_3
Parameters: 0.999999 -3.77134e-05 0.000917721 3.79389e-05 0.999999 -0.00086754 -0.000918168 0.000868357 0.999999 -0.0357536 0.0707462 -0.201363
FixedParameters: 0 0 0

#Transform 140
Transform: AffineTransform_float_3_3
Parameters: 0.999999 6.07768e-05 0.00106457 -5.78237e-05 0.999996 -0.00298688 -0.00106474 0.00298668 0.999995 -0.0329927 0.0832771 -0.235524
FixedParameters: 0 0 0

#Transform 141
Transform: AffineTransform_float_3_3
Parameters: 0.999999 1.09472e-05 0.00125474 -7.35775e-06 0.999997 -0.00234958 -0.00125489 0.0023489 0.999996 -0.0392546 0.0844272 -0.24327
FixedParameters: 0 0 0

#Transform 142
Transform: AffineTransform_float_3_3
Parameters: 0.999999 -9.0831e-05 0.000978314 9.3726e-05 0.999998 -0.00222959 -0.000978506 0.00222911 0.999997 -0.0315327 0.0818018 -0.242793
FixedParameters: 0 0 0

#Transform 143
Transform: AffineTransform_float_3_3
Parameters: 0.999999 -1.55814e-05 0.000928131 1.71056e-05 0.999997 -0.00206387 -0.000928173 0.00206323 0.999997 -0.030011 0.0711852 -0.240428
FixedParameters: 0 0 0

#Transform 144
Transform: AffineTransform_float_3_3
Parameters: 1 3.8731e-05 0.00107951 -3.72122e-05 0.999999 -0.00176303 -0.0010797 0.00176289 0.999998 -0.0332629 0.0632171 -0.242448
FixedParameters: 0 0 0

#Transform 145
Transform: AffineTransform_float_3_3
Parameters: 0.999999 -1.16051e-05 0.00088928 1.27539e-05 0.999999 -0.00171601 -0.00088845 0.00171601 0.999998 -0.0301886 0.0721735 -0.237472
FixedParameters: 0 0 0

#Transform 146
Transform: AffineTransform_float_3_3
Parameters: 0.999999 5.70652e-05 0.00105672 -5.52314e-05 0.999999 -0.00154057 -0.00105746 0.0015412 0.999998 -0.0371115 0.0718937 -0.230198
FixedParameters: 0 0 0

#Transform 147
Transform: AffineTransform_float_3_3
Parameters: 0.999999 0.000139961 0.00106321 -0.000137962 0.999998 -0.0015914 -0.00106422 0.00159124 0.999999 -0.037572 0.0801307 -0.242803
FixedParameters: 0 0 0

#Transform 148
Transform: AffineTransform_float_3_3
Parameters: 1 0.000191965 0.00109936 -0.000190486 0.999999 -0.00169624 -0.00110007 0.00169516 0.999998 -0.035958 0.0783877 -0.248887
FixedParameters: 0 0 0

#Transform 149
Transform: AffineTransform_float_3_3
Parameters: 1 6.15243e-05 0.00106067 -5.92581e-05 0.999999 -0.00150454 -0.00106047 0.0015052 0.999998 -0.0364361 0.0710415 -0.230327
FixedParameters: 0 0 0

#Transform 150
Transform: AffineTransform_float_3_3
Parameters: 1 -6.10718e-05 0.000235142 6.06065e-05 1 -0.00103362 -0.000234622 0.00103363 1 -0.00212273 0.0884729 -0.212648
FixedParameters: 0 0 0

#Transform 151
Transform: AffineTransform_float_3_3
Parameters: 0.999999 3.2357e-05 0.000983897 -3.08373e-05 0.999998 -0.00194447 -0.00098413 0.00194374 0.999998 -0.0295348 0.0448213 -0.218771
FixedParameters: 0 0 0

#Transform 152
Transform: AffineTransform_float_3_3
Parameters: 0.999999 -6.27249e-06 0.000770924 8.42485e-06 0.999997 -0.00202546 -0.000770553 0.00202485 0.999998 -0.0243447 0.0689954 -0.214488
FixedParameters: 0 0 0

#Transform 153
Transform: AffineTransform_float_3_3
Parameters: 0.999999 -3.23959e-05 0.000794894 3.37751e-05 0.999998 -0.00208398 -0.000794031 0.0020848 0.999998 -0.0225577 0.0813691 -0.226847
FixedParameters: 0 0 0

#Transform 154
Transform: AffineTransform_float_3_3
Parameters: 1 -5.8132e-06 0.00113835 8.11484e-06 0.999998 -0.002029 -0.00113844 0.00202975 0.999997 -0.0347863 0.0752033 -0.240897
FixedParameters: 0 0 0

#Transform 155
Transform: AffineTransform_float_3_3
Parameters: 0.999999 -2.98982e-05 0.000868366 3.21282e-05 0.999998 -0.0018642 -0.000867907 0.00186424 0.999998 -0.0279689 0.0761008 -0.208548
FixedParameters: 0 0 0

#Transform 156
Transform: AffineTransform_float_3_3
Parameters: 1 0.00011898 0.00107659 -0.00011733 0.999998 -0.00205402 -0.00107585 0.00205453 0.999997 -0.0339085 0.0804652 -0.208489
FixedParameters: 0 0 0

#Transform 157
Transform: AffineTransform_float_3_3
Parameters: 1 7.16507e-05 0.00109712 -6.94111e-05 0.999998 -0.00186245 -0.00109654 0.00186228 0.999997 -0.0366789 0.0834483 -0.229233
FixedParameters: 0 0 0

#Transform 158
Transform: AffineTransform_float_3_3
Parameters: 1 6.71141e-05 0.00116303 -6.44166e-05 0.999997 -0.00214009 -0.00116343 0.00214007 0.999997 -0.0328364 0.0908723 -0.22676
FixedParameters: 0 0 0

#Transform 159
Transform: AffineTransform_float_3_3
Parameters: 1 -5.7454e-06 0.00105794 7.7297e-06 0.999998 -0.00203326 -0.00105803 0.00203401 0.999998 -0.0335904 0.0861133 -0.203478
FixedParameters: 0 0 0

#Transform 160
Transform: AffineTransform_float_3_3
Parameters: 0.999999 4.89244e-05 0.00101138 -4.67452e-05 0.999998 -0.00201477 -0.00101085 0.00201484 0.999998 -0.0301845 0.0863455 -0.193551
FixedParameters: 0 0 0

#Transform 161
Transform: AffineTransform_float_3_3
Parameters: 0.999999 3.30126e-05 0.00112117 -3.04936e-05 0.999997 -0.00216539 -0.00112148 0.00216545 0.999997 -0.0293995 0.078556 -0.201942
FixedParameters: 0 0 0

#Transform 162
Transform: AffineTransform_float_3_3
Parameters: 1 2.42207e-05 0.00112728 -2.14449e-05 0.999998 -0.00227065 -0.00112749 0.00227054 0.999997 -0.0229782 0.0825924 -0.216593
FixedParameters: 0 0 0

#Transform 163
Transform: AffineTransform_float_3_3
Parameters: 1 -4.33967e-06 0.00113904 6.84478e-06 0.999998 -0.00211707 -0.00113913 0.00211782 0.999997 -0.0233154 0.0718697 -0.213941
FixedParameters: 0 0 0

#Transform 164
Transform: AffineTransform_float_3_3
Parameters: 1 -7.94441e-05 0.00117337 8.16744e-05 0.999998 -0.00192541 -0.00117312 0.00192554 0.999997 -0.0276735 0.0718442 -0.217353
FixedParameters: 0 0 0

#Transform 165
Transform: AffineTransform_float_3_3
Parameters: 1 -5.19888e-05 0.00116049 5.42937e-05 0.999998 -0.00197593 -0.0011604 0.00197618 0.999998 -0.0308369 0.0869938 -0.212833
FixedParameters: 0 0 0

#Transform 166
Transform: AffineTransform_float_3_3
Parameters: 1 -2.09047e-05 0.00115063 2.3945e-05 0.999997 -0.00232365 -0.00115064 0.00232304 0.999997 -0.0309291 0.0813616 -0.2041
FixedParameters: 0 0 0

#Transform 167
Transform: AffineTransform_float_3_3
Parameters: 0.999999 -0.000122105 0.000846898 0.000124547 0.999998 -0.00232975 -0.000846924 0.00232991 0.999997 -0.0218046 0.0905156 -0.200273
FixedParameters: 0 0 0

#Transform 168
Transform: AffineTransform_float_3_3
Parameters: 0.999999 -1.26774e-05 0.00114452 1.53186e-05 0.999998 -0.00220216 -0.00114462 0.00220213 0.999997 -0.0278585 0.0794094 -0.211861
FixedParameters: 0 0 0

#Transform 169
Transform: AffineTransform_float_3_3
Parameters: 1 -2.30905e-05 0.00103329 2.54455e-05 0.999997 -0.00225585 -0.00103329 0.00225523 0.999997 -0.0248015 0.0857699 -0.230028
FixedParameters: 0 0 0

#Transform 170
Transform: AffineTransform_float_3_3
Parameters: 1 -0.000107159 0.00119502 0.000110573 0.999997 -0.0024094 -0.0011946 0.0024096 0.999996 -0.0287943 0.0755746 -0.22075
FixedParameters: 0 0 0

#Transform 171
Transform: AffineTransform_float_3_3
Parameters: 0.999999 -0.00013263 0.000968284 0.000135054 0.999998 -0.00225601 -0.000969175 0.00225618 0.999997 -0.0231145 0.0728476 -0.218553
FixedParameters: 0 0 0

#Transform 172
Transform: AffineTransform_float_3_3
Parameters: 1 4.7697e-05 0.00111009 -4.52647e-05 0.999998 -0.00192751 -0.00110943 0.00192738 0.999997 -0.0259332 0.0638674 -0.220608
FixedParameters: 0 0 0

#Transform 173
Transform: AffineTransform_float_3_3
Parameters: 0.999999 -5.5241e-05 0.000871295 5.65214e-05 0.999998 -0.00209726 -0.000871229 0.00209809 0.999998 -0.016688 0.0686387 -0.218866
FixedParameters: 0 0 0

#Transform 174
Transform: AffineTransform_float_3_3
Parameters: 0.999999 -0.000227737 0.000766345 0.000230097 0.999997 -0.00252242 -0.000765791 0.00252272 0.999996 -0.024042 0.0841335 -0.218708
FixedParameters: 0 0 0

#Transform 175
Transform: AffineTransform_float_3_3
Parameters: 1 -0.000148112 0.00121645 0.000150859 0.999997 -0.00247339 -0.00121544 0.00247448 0.999996 -0.0253096 0.0753259 -0.231521
FixedParameters: 0 0 0

#Transform 176
Transform: AffineTransform_float_3_3
Parameters: 0.999999 -0.000139114 0.000864301 0.000141635 0.999998 -0.00232881 -0.000864248 0.00232901 0.999997 -0.0230948 0.0720846 -0.227774
FixedParameters: 0 0 0

#Transform 177
Transform: AffineTransform_float_3_3
Parameters: 0.999999 -7.34302e-05 0.000897501 7.52117e-05 0.999998 -0.00232961 -0.000897312 0.00232968 0.999997 -0.0240457 0.0915948 -0.226519
FixedParameters: 0 0 0

#Transform 178
Transform: AffineTransform_float_3_3
Parameters: 1 -7.2796e-05 0.00117646 7.50552e-05 0.999997 -0.00232159 -0.00117579 0.00232109 0.999997 -0.0245904 0.0908804 -0.226958
FixedParameters: 0 0 0

#Transform 179
Transform: AffineTransform_float_3_3
Parameters: 1 -5.04289e-05 0.00116533 5.26386e-05 0.999997 -0.00232249 -0.00116475 0.00232193 0.999997 -0.0285092 0.085113 -0.224273
FixedParameters: 0 0 0

#Transform 180
Transform: AffineTransform_float_3_3
Parameters: 0.999999 -2.68624e-05 0.000998556 2.87897e-05 0.999997 -0.00213525 -0.000998609 0.00213543 0.999998 -0.0242237 0.0910216 -0.236825
FixedParameters: 0 0 0

#Transform 181
Transform: AffineTransform_float_3_3
Parameters: 1 -3.4325e-05 0.00115731 3.7395e-05 0.999997 -0.00232311 -0.00115725 0.00232253 0.999997 -0.0277129 0.0784387 -0.247316
FixedParameters: 0 0 0

#Transform 182
Transform: AffineTransform_float_3_3
Parameters: 1 -2.00125e-05 0.00114896 2.28342e-05 0.999998 -0.00224787 -0.00114897 0.00224786 0.999997 -0.0279038 0.0873383 -0.239499
FixedParameters: 0 0 0

#Transform 183
Transform: AffineTransform_float_3_3
Parameters: 1 -1.91153e-05 0.00114974 2.21517e-05 0.999997 -0.00232373 -0.00114975 0.00232311 0.999997 -0.0296357 0.0871624 -0.229342
FixedParameters: 0 0 0

#Transform 184
Transform: AffineTransform_float_3_3
Parameters: 1 6.83092e-06 0.00113682 -4.74786e-06 0.999997 -0.00232479 -0.00113652 0.0023241 0.999997 -0.0229155 0.0887843 -0.237121
FixedParameters: 0 0 0

#Transform 185
Transform: AffineTransform_float_3_3
Parameters: 0.999999 5.88612e-05 0.00110954 -5.58405e-05 0.999998 -0.00224403 -0.00110906 0.00224388 0.999997 -0.0222582 0.0849956 -0.229598
FixedParameters: 0 0 0

#Transform 186
Transform: AffineTransform_float_3_3
Parameters: 1 0.000102017 0.00118456 -9.98823e-05 0.999998 -0.00226811 -0.00118468 0.0022678 0.999996 -0.0299959 0.085698 -0.237681
FixedParameters: 0 0 0

#Transform 187
Transform: AffineTransform_float_3_3
Parameters: 1 0.000138604 0.00122644 -0.000136131 0.999997 -0.00232535 -0.00122681 0.00232513 0.999997 -0.0337183 0.0925833 -0.248789
FixedParameters: 0 0 0

#Transform 188
Transform: AffineTransform_float_3_3
Parameters: 1 9.08284e-05 0.0010962 -8.74886e-05 0.999997 -0.00240495 -0.0010959 0.00240553 0.999997 -0.0279368 0.086513 -0.243768
FixedParameters: 0 0 0

#Transform 189
Transform: AffineTransform_float_3_3
Parameters: 1 8.08845e-05 0.00124858 -7.72293e-05 0.999997 -0.00239923 -0.00124913 0.00239917 0.999997 -0.0310063 0.0897752 -0.23688
FixedParameters: 0 0 0
