#Insight Transform File V1.0
#Transform 0
Transform: AffineTransform_float_3_3
Parameters: 1 -0.000198271 0.000352687 0.000197968 0.999999 0.00101511 -0.000352276 -0.00101412 1 -0.0123763 -0.0301003 0.0584629
FixedParameters: 0 0 0

#Transform 1
Transform: AffineTransform_float_3_3
Parameters: 0.999999 -0.000607577 -0.000488191 0.000607951 0.999999 0.000921225 0.000488337 -0.000920382 0.999999 0.0207227 -0.00518864 -0.0497549
FixedParameters: 0 0 0

#Transform 2
Transform: AffineTransform_float_3_3
Parameters: 1 -0.000254392 -0.000409674 0.000255262 0.999999 0.00179069 0.000409995 -0.00179086 0.999999 0.00706943 -0.0262211 -0.0354565
FixedParameters: 0 0 0

#Transform 3
Transform: AffineTransform_float_3_3
Parameters: 1 -0.000214895 -0.000307709 0.000216242 0.999998 0.00158547 0.000307859 -0.00158556 0.999998 0.00710552 -0.0539854 -0.0536755
FixedParameters: 0 0 0

#Transform 4
Transform: AffineTransform_float_3_3
Parameters: 1 -0.000247793 -0.00041001 0.000248159 0.999998 0.00167475 0.000409503 -0.00167416 0.999999 0.00836489 -0.0333696 -0.0652416
FixedParameters: 0 0 0

#Transform 5
Transform: AffineTransform_float_3_3
Parameters: 1 -0.000192943 -0.000303671 0.000193681 0.999999 0.00134574 0.000303096 -0.00134586 0.999999 0.00627002 -0.0183536 -0.0685398
FixedParameters: 0 0 0

#Transform 6
Transform: AffineTransform_float_3_3
Parameters: 1 -0.000436417 -0.000127747 0.000437135 0.999999 0.00135944 0.000127394 -0.0013595 0.999999 0.00189256 -0.0194781 -0.0683344
FixedParameters: 0 0 0

#Transform 7
Transform: AffineTransform_float_3_3
Parameters: 1 -0.000466519 0.000320354 0.000465818 1 0.00102745 -0.000321291 -0.00102796 0.999999 -0.00359963 -0.0098206 -0.0761544
FixedParameters: 0 0 0

#Transform 8
Transform: AffineTransform_float_3_3
Parameters: 1 -0.000320939 0.000263572 0.000320741 1 0.000374782 -0.000263812 -0.000374613 1 -0.00759896 0.00613528 -0.0801098
FixedParameters: 0 0 0

#Transform 9
Transform: AffineTransform_float_3_3
Parameters: 1 -0.000334155 0.000267544 0.000333899 1 0.000479429 -0.000267864 -0.00047925 1 -0.00828538 -0.00550362 -0.0829766
FixedParameters: 0 0 0

#Transform 10
Transform: AffineTransform_float_3_3
Parameters: 1 -0.000394838 -1.61825e-05 0.000394841 1 0.000108285 1.6097e-05 -0.000108298 1 -0.0049426 0.00443112 -0.0770894
FixedParameters: 0 0 0

#Transform 11
Transform: AffineTransform_float_3_3
Parameters: 1 -0.000361646 0.000119459 0.000361731 1 -0.000357732 -0.0001192 0.000357818 1 -0.00887406 0.0182642 -0.0797136
FixedParameters: 0 0 0

#Transform 12
Transform: AffineTransform_float_3_3
Parameters: 1 -0.000542691 -6.43944e-05 0.000542672 1 -0.000146915 6.45538e-05 0.000146845 1 -0.0108688 0.000883332 -0.0602621
FixedParameters: 0 0 0

#Transform 13
Transform: AffineTransform_float_3_3
Parameters: 1 -0.000371519 0.000548421 0.000371522 1 -1.83507e-06 -0.00054842 2.24257e-06 1 -0.0168785 -0.00292186 -0.0689418
FixedParameters: 0 0 0

#Transform 14
Transform: AffineTransform_float_3_3
Parameters: 1 -0.000435776 0.000419929 0.00043572 1 6.68769e-05 -0.000419987 -6.65109e-05 1 -0.0219648 -0.0114941 -0.0628888
FixedParameters: 0 0 0

#Transform 15
Transform: AffineTransform_float_3_3
Parameters: 1 0.00036984 3.90151e-06 -0.000369839 1 -5.50324e-05 -3.94222e-06 5.50295e-05 1 -0.00184964 -0.00427533 -0.0602485
FixedParameters: 0 0 0

#Transform 16
Transform: AffineTransform_float_3_3
Parameters: 1 0.0004936 0.000129701 -0.000493606 1 2.36074e-05 -0.000129677 -2.37354e-05 1 -0.0040433 -0.0110437 -0.0562897
FixedParameters: 0 0 0

#Transform 17
Transform: AffineTransform_float_3_3
Parameters: 1 0.000454204 -5.99758e-05 -0.000454201 1 1.72317e-05 5.99914e-05 -1.71773e-05 1 0.00452347 0.00104098 -0.0479449
FixedParameters: 0 0 0

#Transform 18
Transform: AffineTransform_float_3_3
Parameters: 1 0.00054448 0.000178985 -0.000544489 1 2.41405e-05 -0.000178958 -2.43354e-05 1 0.000127272 0.000887866 -0.0387547
FixedParameters: 0 0 0

#Transform 19
Transform: AffineTransform_float_3_3
Parameters: 1 0.000443219 0.000363189 -0.00044243 1 -0.000466376 -0.000362713 0.000466102 1 -0.00578432 0.029348 0.00564665
FixedParameters: 0 0 0

#Transform 20
Transform: AffineTransform_float_3_3
Parameters: 0.999999 0.000355052 0.000682165 -0.000355301 1 0.000182356 -0.000682035 -0.000182841 1 -0.0125555 0.0261483 -0.00312043
FixedParameters: 0 0 0

#Transform 21
Transform: AffineTransform_float_3_3
Parameters: 1 0.00042709 0.000470365 -0.000426563 1 -0.000559832 -0.000470843 0.000559431 0.999999 -0.00699327 0.0208212 -0.014788
FixedParameters: 0 0 0

#Transform 22
Transform: AffineTransform_float_3_3
Parameters: 1 -0.000489074 -0.000145677 0.000489294 0.999999 0.000754422 0.000144939 -0.000754564 0.999999 0.000352656 -0.00103806 -0.0188291
FixedParameters: 0 0 0

#Transform 23
Transform: AffineTransform_float_3_3
Parameters: 1 0.000552452 0.00025701 -0.000552804 1 0.000592417 -0.000256356 -0.000592112 0.999999 -0.00700637 -0.012258 -0.0168759
FixedParameters: 0 0 0

#Transform 24
Transform: AffineTransform_float_3_3
Parameters: 0.999999 0.000597784 0.000409605 -0.000597708 1 -9.24324e-05 -0.000409715 9.19427e-05 1 -0.00502391 0.0112706 -0.0167544
FixedParameters: 0 0 0

#Transform 25
Transform: AffineTransform_float_3_3
Parameters: 1 0.000435233 0.000322034 -0.000435158 1 -0.000190678 -0.000322202 0.000190986 0.999999 -0.00524649 0.0262417 0.00857697
FixedParameters: 0 0 0

#Transform 26
Transform: AffineTransform_float_3_3
Parameters: 1 0.000521299 0.000354651 -0.000521348 1 6.87193e-05 -0.000354579 -6.90891e-05 1 -0.00569057 0.0315614 -0.00235313
FixedParameters: 0 0 0

#Transform 27
Transform: AffineTransform_float_3_3
Parameters: 1 0.000145971 -0.00057718 -0.000146443 0.999999 0.000750996 0.000576965 -0.000750882 0.999999 0.0114715 -0.004262 -0.00826552
FixedParameters: 0 0 0

#Transform 28
Transform: AffineTransform_float_3_3
Parameters: 1 -0.000248654 -0.000373963 0.000249325 0.999999 0.000950381 0.000373415 -0.000949761 1 0.00546114 -0.000955752 -0.00997911
FixedParameters: 0 0 0

#Transform 29
Transform: AffineTransform_float_3_3
Parameters: 1 0.000446738 0.000262017 -0.000447105 0.999999 0.000699866 -0.000261391 -0.0007001 0.999999 -0.00207842 -0.0124994 -0.0379741
FixedParameters: 0 0 0

#Transform 30
Transform: AffineTransform_float_3_3
Parameters: 1 0.000564935 0.000336057 -0.000565419 0.999999 0.000720519 -0.000335243 -0.000720899 0.999999 -0.00660235 -0.00696563 -0.033465
FixedParameters: 0 0 0

#Transform 31
Transform: AffineTransform_float_3_3
Parameters: 1 -0.000501699 -0.000321852 0.000502204 0.999999 0.000785717 0.000321063 -0.00078604 0.999999 0.00365173 -0.00163961 -0.018422
FixedParameters: 0 0 0

#Transform 32
Transform: AffineTransform_float_3_3
Parameters: 1 -0.000578066 -0.000181081 0.000578074 1 2.35491e-05 0.000181053 -2.37584e-05 1 -0.000395426 0.000288846 0.0398205
FixedParameters: 0 0 0

#Transform 33
Transform: AffineTransform_float_3_3
Parameters: 1 -0.000651198 6.58557e-05 0.000651189 1 7.35711e-05 -6.59515e-05 -7.34853e-05 1 -0.00436866 0.0071383 -0.00882206
FixedParameters: 0 0 0

#Transform 34
Transform: AffineTransform_float_3_3
Parameters: 0.999999 -0.000309427 0.000690345 0.000310331 0.999999 -0.000620393 -0.000689959 0.000620233 1 -0.0148674 0.0200725 -0.00294309
FixedParameters: 0 0 0

#Transform 35
Transform: AffineTransform_float_3_3
Parameters: 0.999999 -0.000137087 0.000881765 0.00013733 1 0.000621665 -0.000881501 -0.000621368 0.999999 -0.0183413 0.00903206 -0.00474073
FixedParameters: 0 0 0

#Transform 36
Transform: AffineTransform_float_3_3
Parameters: 1 -7.95856e-05 0.000516786 7.95564e-05 0.999999 0.000887805 -0.000517381 -0.000887717 0.999999 -0.0106481 -0.0144478 0.00448835
FixedParameters: 0 0 0

#Transform 37
Transform: AffineTransform_float_3_3
Parameters: 1 -4.32827e-05 0.000426552 4.31896e-05 1 0.0010574 -0.000427152 -0.00105736 1 -0.00936812 -0.00407087 0.00592052
FixedParameters: 0 0 0

#Transform 38
Transform: AffineTransform_float_3_3
Parameters: 1 -0.000194312 0.00054243 0.000193345 0.999999 0.000892012 -0.000542776 -0.000891802 0.999999 -0.0123271 0.00623371 -0.000460414
FixedParameters: 0 0 0

#Transform 39
Transform: AffineTransform_float_3_3
Parameters: 1 -0.000287092 0.000578242 0.000286465 1 0.000895651 -0.000577847 -0.00089608 0.999999 -0.0138698 0.0110902 0.00863007
FixedParameters: 0 0 0

#Transform 40
Transform: AffineTransform_float_3_3
Parameters: 0.999999 -0.000105039 0.000747968 0.000105463 1 0.000311061 -0.000748487 -0.000310897 0.999999 -0.0166529 0.0255579 0.018317
FixedParameters: 0 0 0

#Transform 41
Transform: AffineTransform_float_3_3
Parameters: 1 -0.000226731 0.000653387 0.000226736 1 3.25645e-05 -0.0006534 -3.28565e-05 1 -0.010703 0.0263281 0.0294764
FixedParameters: 0 0 0

#Transform 42
Transform: AffineTransform_float_3_3
Parameters: 1 -0.000242497 0.00062847 0.000242598 1 -8.03273e-05 -0.000628431 8.06321e-05 1 -0.0124471 0.0172742 0.062886
FixedParameters: 0 0 0

#Transform 43
Transform: AffineTransform_float_3_3
Parameters: 0.999999 -0.000158745 0.000771058 0.000158017 1 0.000471652 -0.000771208 -0.000471407 0.999999 -0.0168817 -0.00169938 0.0357287
FixedParameters: 0 0 0

#Transform 44
Transform: AffineTransform_float_3_3
Parameters: 1 -6.22871e-05 0.000692134 6.20599e-05 1 0.000198689 -0.000692157 -0.000199191 1 -0.0147584 -0.00429702 0.0451099
FixedParameters: 0 0 0

#Transform 45
Transform: AffineTransform_float_3_3
Parameters: 1 -0.00014805 0.000453789 0.000148054 1 -4.85225e-06 -0.000453787 4.98662e-06 1 -0.0109399 3.88866e-05 0.0597692
FixedParameters: 0 0 0

#Transform 46
Transform: AffineTransform_float_3_3
Parameters: 1 0.000460348 0.000352227 -0.00046036 1 1.62545e-05 -0.000352212 -1.65788e-05 1 -0.00573144 -0.00836476 0.0530266
FixedParameters: 0 0 0

#Transform 47
Transform: AffineTransform_float_3_3
Parameters: 1 0.000213326 0.000423211 -0.000213296 1 -3.51503e-05 -0.000423226 3.49698e-05 1 -0.00854582 -0.00324322 0.0571956
FixedParameters: 0 0 0

#Transform 48
Transform: AffineTransform_float_3_3
Parameters: 1 0.000268401 0.000533855 -0.000268338 1 -5.93409e-05 -0.000533887 5.90544e-05 1 -0.0101734 0.000484922 0.0434962
FixedParameters: 0 0 0

#Transform 49
Transform: AffineTransform_float_3_3
Parameters: 0.999999 -0.000205337 0.000818574 0.000205044 1 0.000207765 -0.000818659 -0.000208017 1 -0.0101029 0.0388734 0.0239398
FixedParameters: 0 0 0

#Transform 50
Transform: AffineTransform_float_3_3
Parameters: 0.999999 -0.000252992 0.000779568 0.000253125 0.999999 -0.000624435 -0.000778797 0.000624235 0.999999 -0.0171834 0.0309807 0.0147832
FixedParameters: 0 0 0

#Transform 51
Transform: AffineTransform_float_3_3
Parameters: 0.999999 -0.000209517 0.000816837 0.000209888 1 -0.000197653 -0.000816753 0.000197407 1 -0.0186572 0.0341556 0.0287577
FixedParameters: 0 0 0

#Transform 52
Transform: AffineTransform_float_3_3
Parameters: 1 -6.16231e-05 0.00109494 6.19323e-05 1 -0.00010485 -0.00109487 0.000104987 0.999999 -0.0229201 0.0330566 0.0180153
FixedParameters: 0 0 0

#Transform 53
Transform: AffineTransform_float_3_3
Parameters: 0.999999 3.0113e-05 0.000963288 -3.0572e-05 1 0.000262934 -0.000963271 -0.000263581 0.999999 -0.0183618 0.0209114 -0.0411475
FixedParameters: 0 0 0

#Transform 54
Transform: AffineTransform_float_3_3
Parameters: 1 -0.000354534 0.000900283 0.000355163 1 -0.00055485 -0.000900723 0.000555444 0.999999 -0.0202139 0.039803 0.00870738
FixedParameters: 0 0 0

#Transform 55
Transform: AffineTransform_float_3_3
Parameters: 0.999999 -0.000309235 0.000740046 0.000309988 1 -0.000508485 -0.000739731 0.000508943 0.999999 -0.0140978 0.0411516 0.0169086
FixedParameters: 0 0 0

#Transform 56
Transform: AffineTransform_float_3_3
Parameters: 0.999999 -0.000329861 0.000984732 0.000330424 0.999999 -0.000489881 -0.000985296 0.000489896 0.999999 -0.0184502 0.0466569 0.013013
FixedParameters: 0 0 0

#Transform 57
Transform: AffineTransform_float_3_3
Parameters: 1 -0.00041525 0.000929562 0.000414952 0.999999 -0.000491704 -0.000929532 0.000491836 0.999999 -0.0160755 0.0322114 0.01014
FixedParameters: 0 0 0

#Transform 58
Transform: AffineTransform_float_3_3
Parameters: 0.999999 -0.000281448 0.000936747 0.000281832 1 -0.000205041 -0.000936631 0.000205569 0.999999 -0.0210032 0.0374429 0.0163411
FixedParameters: 0 0 0

#Transform 59
Transform: AffineTransform_float_3_3
Parameters: 1 -0.000346879 0.00105246 0.000347956 1 -0.000725161 -0.00105285 0.000725845 0.999999 -0.0183731 0.0286184 0.0294085
FixedParameters: 0 0 0

#Transform 60
Transform: AffineTransform_float_3_3
Parameters: 1 -0.000295192 0.00100229 0.000296499 0.999999 -0.00058826 -0.00100188 0.000588266 0.999999 -0.0180614 0.0375643 0.0283222
FixedParameters: 0 0 0

#Transform 61
Transform: AffineTransform_float_3_3
Parameters: 1 -0.000322945 0.00112952 0.000323386 1 -0.000787849 -0.00112944 0.000788525 0.999999 -0.0191406 0.0344795 0.0152317
FixedParameters: 0 0 0

#Transform 62
Transform: AffineTransform_float_3_3
Parameters: 1 -0.00026533 0.00111115 0.000265983 0.999999 -0.000653446 -0.00111037 0.00065425 1 -0.0177812 0.0224096 0.0195637
FixedParameters: 0 0 0

#Transform 63
Transform: AffineTransform_float_3_3
Parameters: 1 -0.000245155 0.00113487 0.000246113 1 -0.000792635 -0.00113403 0.000792598 1 -0.0171521 0.0210321 0.0192361
FixedParameters: 0 0 0

#Transform 64
Transform: AffineTransform_float_3_3
Parameters: 1 -0.000245656 0.00114603 0.000246217 1 -0.000611968 -0.00114528 0.000611937 1 -0.0175854 0.0261662 0.0357675
FixedParameters: 0 0 0

#Transform 65
Transform: AffineTransform_float_3_3
Parameters: 0.999999 -6.9418e-05 0.000958009 7.02835e-05 0.999999 -0.00068114 -0.000958877 0.000681444 1 -0.0179804 0.0172351 0.0413098
FixedParameters: 0 0 0

#Transform 66
Transform: AffineTransform_float_3_3
Parameters: 1 -0.000230015 0.000990314 0.000230389 1 -0.000840916 -0.00099036 0.000840729 1 -0.0176787 0.0283435 0.0319979
FixedParameters: 0 0 0

#Transform 67
Transform: AffineTransform_float_3_3
Parameters: 0.999999 -0.000263482 0.00100026 0.000264142 1 -0.001039 -0.0010002 0.00103948 0.999999 -0.0195319 0.0226867 0.044161
FixedParameters: 0 0 0

#Transform 68
Transform: AffineTransform_float_3_3
Parameters: 0.999999 -0.000237065 0.000960704 0.000237798 1 -0.000860912 -0.000959894 0.000860771 1 -0.0137923 0.0279773 0.0456757
FixedParameters: 0 0 0

#Transform 69
Transform: AffineTransform_float_3_3
Parameters: 0.999999 -0.000265672 0.00095294 0.00026724 0.999999 -0.00107565 -0.000953309 0.00107552 0.999999 -0.016007 0.027442 0.0421943
FixedParameters: 0 0 0

#Transform 70
Transform: AffineTransform_float_3_3
Parameters: 1 -0.000335512 0.00113087 0.000336429 0.999999 -0.000976446 -0.00113065 0.000976563 0.999999 -0.0203281 0.0312299 0.0243974
FixedParameters: 0 0 0

#Transform 71
Transform: AffineTransform_float_3_3
Parameters: 1 -0.000363747 0.00108004 0.000365144 0.999999 -0.00126622 -0.00107955 0.00126695 0.999998 -0.01562 0.0242987 0.0325135
FixedParameters: 0 0 0

#Transform 72
Transform: AffineTransform_float_3_3
Parameters: 1 -0.000300272 0.00109816 0.000301485 0.999999 -0.00113995 -0.00109791 0.00113996 0.999999 -0.0186434 0.0396098 0.0444538
FixedParameters: 0 0 0

#Transform 73
Transform: AffineTransform_float_3_3
Parameters: 0.999999 -0.000211777 0.00103607 0.000213171 1 -0.00114014 -0.00103519 0.00114057 0.999999 -0.0152201 0.047308 0.0291871
FixedParameters: 0 0 0

#Transform 74
Transform: AffineTransform_float_3_3
Parameters: 0.999999 -0.00011897 0.000992324 0.000120508 0.999999 -0.00148993 -0.000992457 0.00149011 0.999998 -0.0142793 0.0439405 0.0117724
FixedParameters: 0 0 0

#Transform 75
Transform: AffineTransform_float_3_3
Parameters: 0.999999 -0.000163874 0.000954312 0.000165244 0.999998 -0.00143591 -0.000954328 0.00143558 0.999998 -0.0145873 0.0312649 0.0176428
FixedParameters: 0 0 0

#Transform 76
Transform: AffineTransform_float_3_3
Parameters: 0.999999 -0.000280342 0.0010252 0.000282016 0.999999 -0.00152668 -0.0010249 0.00152801 0.999998 -0.0195384 0.0366588 0.0119009
FixedParameters: 0 0 0

#Transform 77
Transform: AffineTransform_float_3_3
Parameters: 0.999999 -0.00021318 0.000814733 0.00021417 0.999998 -0.00144911 -0.000814603 0.00144881 0.999999 -0.015623 0.0330215 0.0311008
FixedParameters: 0 0 0

#Transform 78
Transform: AffineTransform_float_3_3
Parameters: 0.999999 -0.000240597 0.000825614 0.000241756 0.999999 -0.00128892 -0.000824593 0.0012893 0.999999 -0.0154824 0.0259438 0.0221649
FixedParameters: 0 0 0

#Transform 79
Transform: AffineTransform_float_3_3
Parameters: 0.999999 -0.000130957 0.000961733 0.000132348 0.999999 -0.00146078 -0.000961838 0.00146097 0.999998 -0.0175112 0.031123 0.0143296
FixedParameters: 0 0 0

#Transform 80
Transform: AffineTransform_float_3_3
Parameters: 0.999999 -9.25818e-05 0.000993284 9.36341e-05 0.999998 -0.00144139 -0.000992162 0.00144097 0.999998 -0.0181199 0.033182 0.0198861
FixedParameters: 0 0 0

#Transform 81
Transform: AffineTransform_float_3_3
Parameters: 0.999999 -0.000190448 0.00104402 0.000191254 0.999998 -0.00146863 -0.0010435 0.00146838 0.999998 -0.0194076 0.0291248 0.0222205
FixedParameters: 0 0 0

#Transform 82
Transform: AffineTransform_float_3_3
Parameters: 0.999999 -0.000219123 0.00105699 0.000220675 0.999999 -0.00140541 -0.00105686 0.00140582 0.999998 -0.0168227 0.0441836 0.0137845
FixedParameters: 0 0 0

#Transform 83
Transform: AffineTransform_float_3_3
Parameters: 1 4.00832e-05 0.00116214 -3.81055e-05 0.999999 -0.00121315 -0.00116178 0.00121246 0.999999 -0.021239 0.0504721 0.00694471
FixedParameters: 0 0 0

#Transform 84
Transform: AffineTransform_float_3_3
Parameters: 0.999999 4.22666e-05 0.00126943 -4.12383e-05 0.999999 -0.00127866 -0.00126959 0.00127871 0.999999 -0.0196632 0.0469357 0.00949155
FixedParameters: 0 0 0

#Transform 85
Transform: AffineTransform_float_3_3
Parameters: 0.999999 0.000172835 0.000866515 -0.000171864 0.999999 -0.00135081 -0.000867469 0.00134986 0.999999 -0.018263 0.0377113 0.0345691
FixedParameters: 0 0 0

#Transform 86
Transform: AffineTransform_float_3_3
Parameters: 1 -2.21974e-05 0.00103699 2.33562e-05 0.999999 -0.00118133 -0.00103737 0.00118074 0.999999 -0.0192815 0.0322053 0.0372498
FixedParameters: 0 0 0

#Transform 87
Transform: AffineTransform_float_3_3
Parameters: 0.999999 7.64244e-05 0.0010697 -7.52664e-05 0.999999 -0.00118183 -0.00107037 0.00118102 0.999999 -0.0190468 0.029663 0.023013
FixedParameters: 0 0 0

#Transform 88
Transform: AffineTransform_float_3_3
Parameters: 1 -3.70386e-05 0.00119543 3.8807e-05 0.999999 -0.00127971 -0.00119577 0.00127916 0.999998 -0.0275201 0.036609 0.0291729
FixedParameters: 0 0 0

#Transform 89
Transform: AffineTransform_float_3_3
Parameters: 0.999999 0.000399153 0.00128042 -0.00039865 1 -0.0010668 -0.00128125 0.00106572 0.999998 -0.0218252 0.0311637 0.0279882
FixedParameters: 0 0 0

#Transform 90
Transform: AffineTransform_float_3_3
Parameters: 1 0.000516576 0.00111526 -0.000515056 1 -0.00108062 -0.00111592 0.00107946 0.999999 -0.0252062 0.037502 0.0250363
FixedParameters: 0 0 0

#Transform 91
Transform: AffineTransform_float_3_3
Parameters: 1 9.86991e-05 0.00118563 -9.77098e-05 1 -0.000981845 -0.00118626 0.000981558 0.999999 -0.0215731 0.0364732 0.024944
FixedParameters: 0 0 0

#Transform 92
Transform: AffineTransform_float_3_3
Parameters: 0.999999 0.00010175 0.00132103 -0.000101276 1 -0.000852428 -0.0013203 0.000852147 0.999999 -0.0283916 0.0366119 0.00389818
FixedParameters: 0 0 0

#Transform 93
Transform: AffineTransform_float_3_3
Parameters: 0.999998 -0.000207753 0.00166418 0.000209197 0.999999 -0.000807364 -0.00166428 0.000806827 0.999998 -0.040376 0.0526656 -0.0201093
FixedParameters: 0 0 0

#Transform 94
Transform: AffineTransform_float_3_3
Parameters: 0.999998 0.000149021 0.00163023 -0.000147871 1 -0.00046345 -0.00163128 0.000463138 0.999998 -0.0319645 0.0420374 -0.00988115
FixedParameters: 0 0 0

#Transform 95
Transform: AffineTransform_float_3_3
Parameters: 0.999999 0.000113692 0.0015668 -0.000112449 0.999999 -0.000652164 -0.00156651 0.000652023 0.999998 -0.0276252 0.0303037 -0.0214627
FixedParameters: 0 0 0

#Transform 96
Transform: AffineTransform_float_3_3
Parameters: 0.999999 0.000275848 0.00153662 -0.000275374 1 -0.000430004 -0.00153642 0.000429959 0.999998 -0.0264754 0.0307747 -0.0250638
FixedParameters: 0 0 0

#Transform 97
Transform: AffineTransform_float_3_3
Parameters: 0.999999 0.000346264 0.00150143 -0.000345493 1 -0.000243193 -0.00150162 0.000242962 0.999998 -0.0258066 0.0325937 -0.0220034
FixedParameters: 0 0 0

#Transform 98
Transform: AffineTransform_float_3_3
Parameters: 0.999999 0.000542907 0.00147469 -0.000542984 1 -0.000261962 -0.00147454 0.000261163 0.999999 -0.0244683 0.0367729 -0.0230617
FixedParameters: 0 0 0

#Transform 99
Transform: AffineTransform_float_3_3
Parameters: 0.999999 0.000701927 0.00140784 -0.000701962 1 -0.000289188 -0.00140781 0.000288013 0.999999 -0.0228847 0.0427571 -0.0157206
FixedParameters: 0 0 0

#Transform 100
Transform: AffineTransform_float_3_3
Parameters: 0.999998 0.000585422 0.00153645 -0.000584631 1 -0.000534068 -0.00153664 0.000533072 0.999998 -0.0264849 0.0549065 -0.00131718
FixedParameters: 0 0 0

#Transform 101
Transform: AffineTransform_float_3_3
Parameters: 0.999999 0.000403503 0.00130408 -0.000402472 1 -0.000551965 -0.00130543 0.000551674 0.999999 -0.0231498 0.0534816 0.0103681
FixedParameters: 0 0 0

#Transform 102
Transform: AffineTransform_float_3_3
Parameters: 0.999999 0.000640831 0.00130147 -0.00064053 1 -0.000441758 -0.0013016 0.000440893 0.999999 -0.0292336 0.0453465 0.0122667
FixedParameters: 0 0 0

#Transform 103
Transform: AffineTransform_float_3_3
Parameters: 0.999999 0.000460012 0.00136704 -0.000459316 1 -0.000239752 -0.00136728 0.000239303 0.999999 -0.023992 0.043362 0.0107854
FixedParameters: 0 0 0

#Transform 104
Transform: AffineTransform_float_3_3
Parameters: 0.999999 0.000386931 0.00144085 -0.000386375 1 -0.000178679 -0.00144101 0.000178373 0.999999 -0.0256993 0.0372496 0.0156313
FixedParameters: 0 0 0

#Transform 105
Transform: AffineTransform_float_3_3
Parameters: 0.999998 0.000484521 0.00157448 -0.000484414 1 -2.10704e-05 -0.00157452 2.03531e-05 0.999998 -0.027549 0.0363327 0.00437231
FixedParameters: 0 0 0

#Transform 106
Transform: AffineTransform_float_3_3
Parameters: 0.999999 0.000438676 0.00133003 -0.000438759 1 4.6724e-05 -0.00133001 -4.70827e-05 0.999999 -0.0261011 0.0351049 0.00341196
FixedParameters: 0 0 0

#Transform 107
Transform: AffineTransform_float_3_3
Parameters: 0.999999 0.000419744 0.00138411 -0.000419405 1 -0.000107777 -0.00138422 0.000107424 0.999999 -0.0244614 0.0416583 0.00979621
FixedParameters: 0 0 0

#Transform 108
Transform: AffineTransform_float_3_3
Parameters: 0.999999 0.000533057 0.00137446 -0.00053311 0.999999 -0.000272414 -0.00137432 0.000271162 0.999999 -0.0233582 0.0422354 -1.04865e-05
FixedParameters: 0 0 0

#Transform 109
Transform: AffineTransform_float_3_3
Parameters: 0.999999 0.000457535 0.00130921 -0.000457504 1 3.31674e-06 -0.00130923 -3.70644e-06 0.999999 -0.0222865 0.0308925 0.000488965
FixedParameters: 0 0 0

#Transform 110
Transform: AffineTransform_float_3_3
Parameters: 0.999999 0.000706171 0.00139988 -0.000705828 1 -0.000108397 -0.00140005 0.000107228 0.999999 -0.022528 0.0353983 -0.0177939
FixedParameters: 0 0 0

#Transform 111
Transform: AffineTransform_float_3_3
Parameters: 0.999998 0.000562242 0.00148034 -0.000562344 1 4.80679e-05 -0.00148031 -4.89244e-05 0.999999 -0.0243819 0.0251486 -0.0211204
FixedParameters: 0 0 0

#Transform 112
Transform: AffineTransform_float_3_3
Parameters: 0.999999 0.000651004 0.00125794 -0.000651618 1 0.000260047 -0.00125762 -0.000260877 0.999999 -0.0198901 0.028254 -0.0262046
FixedParameters: 0 0 0

#Transform 113
Transform: AffineTransform_float_3_3
Parameters: 0.999999 0.000693013 0.00135989 -0.000693103 1 4.75913e-05 -0.00135985 -4.86679e-05 0.999999 -0.0219657 0.0323366 -0.0126782
FixedParameters: 0 0 0

#Transform 114
Transform: AffineTransform_float_3_3
Parameters: 0.999999 0.000709051 0.00104876 -0.000709471 1 0.000219176 -0.00104847 -0.000219856 1 -0.0244526 0.0311023 -0.00228921
FixedParameters: 0 0 0

#Transform 115
Transform: AffineTransform_float_3_3
Parameters: 0.999999 0.00057352 0.00112119 -0.000573672 1 8.57173e-05 -0.00112111 -8.61952e-05 1 -0.0195024 0.0448393 0.0295828
FixedParameters: 0 0 0

#Transform 116
Transform: AffineTransform_float_3_3
Parameters: 0.999999 0.000651508 0.00129173 -0.000651204 1 -0.000102045 -0.00129189 0.000101171 0.999999 -0.0177489 0.036318 0.0109924
FixedParameters: 0 0 0

#Transform 117
Transform: AffineTransform_float_3_3
Parameters: 0.999999 0.000503544 0.0014694 -0.00050314 1 -0.000107633 -0.00146953 0.000106373 0.999999 -0.0251839 0.0406718 -0.00910604
FixedParameters: 0 0 0

#Transform 118
Transform: AffineTransform_float_3_3
Parameters: 0.999998 0.0002993 0.00161668 -0.000297552 0.999999 -0.000513382 -0.00161701 0.000512637 0.999998 -0.0277759 0.0353196 -0.0350329
FixedParameters: 0 0 0

#Transform 119
Transform: AffineTransform_float_3_3
Parameters: 0.999998 0.000401842 0.00157818 -0.000401042 1 -0.00022555 -0.00157838 0.000224503 0.999999 -0.0271128 0.0356783 -0.0238942
FixedParameters: 0 0 0

#Transform 120
Transform: AffineTransform_float_3_3
Parameters: 0.999998 0.00071479 0.0014231 -0.000714244 1 -0.000177814 -0.00142337 0.000176589 0.999999 -0.0223816 0.0375066 -0.0381832
FixedParameters: 0 0 0

#Transform 121
Transform: AffineTransform_float_3_3
Parameters: 0.999999 0.000644769 0.00157686 -0.000645367 1 -5.46767e-05 -0.00157644 5.34467e-05 0.999998 -0.0327812 0.0232334 -0.0405673
FixedParameters: 0 0 0

#Transform 122
Transform: AffineTransform_float_3_3
Parameters: 0.999999 0.00059467 0.00167908 -0.000595027 1 0.000144629 -0.00167895 -0.000145598 0.999999 -0.0324905 0.0247489 -0.0319016
FixedParameters: 0 0 0

#Transform 123
Transform: AffineTransform_float_3_3
Parameters: 0.999999 0.000498155 0.00173089 -0.000498322 1 8.54011e-05 -0.00173084 -8.60976e-05 0.999999 -0.0296069 0.0310086 -0.0227452
FixedParameters: 0 0 0

#Transform 124
Transform: AffineTransform_float_3_3
Parameters: 0.999998 0.000732382 0.00143911 -0.000732425 1 2.85296e-05 -0.00143909 -2.98293e-05 0.999999 -0.0215566 0.023117 -0.0648358
FixedParameters: 0 0 0

#Transform 125
Transform: AffineTransform_float_3_3
Parameters: 0.999998 0.000733794 0.0014543 -0.000733438 1 -0.000109069 -0.00145448 0.000107744 0.999999 -0.021683 0.0245562 -0.0700707
FixedParameters: 0 0 0

#Transform 126
Transform: AffineTransform_float_3_3
Parameters: 0.999998 0.000731487 0.00143889 -0.000731481 1 1.15279e-05 -0.00143889 -1.28247e-05 0.999999 -0.029302 0.0267403 -0.0671936
FixedParameters: 0 0 0

#Transform 127
Transform: AffineTransform_float_3_3
Parameters: 0.999998 0.000669435 0.00157764 -0.000669505 1 3.47621e-05 -0.00157761 -3.60661e-05 0.999998 -0.0328794 0.0317298 -0.0575695
FixedParameters: 0 0 0

#Transform 128
Transform: AffineTransform_float_3_3
Parameters: 0.999998 0.000752603 0.00149051 -0.000752265 1 -0.00010019 -0.00149068 9.87546e-05 0.999999 -0.0225645 0.0291255 -0.0665844
FixedParameters: 0 0 0

#Transform 129
Transform: AffineTransform_float_3_3
Parameters: 0.999998 0.000708306 0.00141712 -0.00070755 1 -0.000252944 -0.0014175 0.000251745 0.999999 -0.0295239 0.0340654 -0.0615282
FixedParameters: 0 0 0

#Transform 130
Transform: AffineTransform_float_3_3
Parameters: 0.999999 0.000676317 0.00138342 -0.00067557 0.999999 -0.000576721 -0.00138377 0.000575652 0.999999 -0.020888 0.0406896 -0.0652086
FixedParameters: 0 0 0

#Transform 131
Transform: AffineTransform_float_3_3
Parameters: 0.999999 0.000683389 0.00140898 -0.000682248 0.999999 -0.000706066 -0.00140951 0.000704944 0.999998 -0.0213853 0.0426651 -0.0644413
FixedParameters: 0 0 0

#Transform 132
Transform: AffineTransform_float_3_3
Parameters: 0.999999 0.000697907 0.00142648 -0.000697091 0.999999 -0.000583666 -0.00142686 0.000582478 0.999998 -0.0263266 0.0414493 -0.0580474
FixedParameters: 0 0 0

#Transform 133
Transform: AffineTransform_float_3_3
Parameters: 0.999999 0.000749997 0.00153702 -0.000748731 0.999999 -0.000674548 -0.00153762 0.000673854 0.999999 -0.0324311 0.03476 -0.0572278
FixedParameters: 0 0 0

#Transform 134
Transform: AffineTransform_float_3_3
Parameters: 0.999998 0.000718858 0.00146263 -0.000718163 0.999999 -0.000527797 -0.00146296 0.000526497 0.999998 -0.0220965 0.0333676 -0.0625326
FixedParameters: 0 0 0

#Transform 135
Transform: AffineTransform_float_3_3
Parameters: 0.999999 0.00068361 0.00136144 -0.000683096 1 -0.000174322 -0.0013617 0.000173269 0.999999 -0.0205099 0.0364499 -0.0687734
FixedParameters: 0 0 0

#Transform 136
Transform: AffineTransform_float_3_3
Parameters: 0.999999 0.000778777 0.00120619 -0.000778795 0.999999 -0.000344318 -0.00120629 0.000343241 0.999999 -0.0233639 0.03336 -0.0646126
FixedParameters: 0 0 0

#Transform 137
Transform: AffineTransform_float_3_3
Parameters: 0.999998 0.00103033 0.00132595 -0.00102998 0.999999 -0.000471209 -0.00132649 0.000469867 0.999998 -0.0175391 0.0295884 -0.0753186
FixedParameters: 0 0 0

#Transform 138
Transform: AffineTransform_float_3_3
Parameters: 0.999999 0.000918162 0.00115105 -0.000917999 0.999999 -0.000439544 -0.00115142 0.000438232 0.999999 -0.0194233 0.0303986 -0.072446
FixedParameters: 0 0 0

#Transform 139
Transform: AffineTransform_float_3_3
Parameters: 0.999999 0.000853154 0.00125621 -0.000853543 0.999999 -0.00018332 -0.00125609 0.000181978 0.999999 -0.0175426 0.030471 -0.0648874
FixedParameters: 0 0 0

#Transform 140
Transform: AffineTransform_float_3_3
Parameters: 0.999999 0.000824269 0.00131564 -0.000824081 0.999999 -0.000394411 -0.00131586 0.000393044 0.999999 -0.0179701 0.0247971 -0.0833783
FixedParameters: 0 0 0

#Transform 141
Transform: AffineTransform_float_3_3
Parameters: 0.999999 0.000802985 0.00124275 -0.000802029 0.999999 -0.000368586 -0.00124336 0.000367399 0.999999 -0.0289125 0.0328119 -0.0663423
FixedParameters: 0 0 0

#Transform 142
Transform: AffineTransform_float_3_3
Parameters: 0.999998 0.000900137 0.00142332 -0.000899571 0.999999 -0.000497514 -0.00142378 0.000495754 0.999999 -0.0295185 0.0407085 -0.0549585
FixedParameters: 0 0 0

#Transform 143
Transform: AffineTransform_float_3_3
Parameters: 0.999998 0.000894815 0.00146751 -0.000894117 0.999999 -0.000540287 -0.00146812 0.000539269 0.999999 -0.0212409 0.0387398 -0.0750819
FixedParameters: 0 0 0

#Transform 144
Transform: AffineTransform_float_3_3
Parameters: 0.999999 0.000994733 0.00147389 -0.000993301 0.999999 -0.000760156 -0.00147498 0.000758835 0.999999 -0.0314551 0.0317435 -0.0806919
FixedParameters: 0 0 0

#Transform 145
Transform: AffineTransform_float_3_3
Parameters: 0.999998 0.000945266 0.00136099 -0.000944573 0.999999 -0.000584533 -0.00136166 0.000583351 0.999998 -0.0295331 0.0311221 -0.0609839
FixedParameters: 0 0 0

#Transform 146
Transform: AffineTransform_float_3_3
Parameters: 0.999999 0.000902265 0.0012762 -0.000901628 0.999999 -0.000582384 -0.00127682 0.000580884 0.999999 -0.0287393 0.0259707 -0.0457498
FixedParameters: 0 0 0

#Transform 147
Transform: AffineTransform_float_3_3
Parameters: 0.999998 0.000923859 0.00129571 -0.000923908 1 -0.000327173 -0.00129588 0.000326169 0.999999 -0.0289626 0.031072 -0.0675842
FixedParameters: 0 0 0

#Transform 148
Transform: AffineTransform_float_3_3
Parameters: 0.999999 0.000957056 0.00136233 -0.000956891 0.999999 -0.00034335 -0.0013625 0.000341546 0.999999 -0.0265414 0.0323843 -0.0656493
FixedParameters: 0 0 0

#Transform 149
Transform: AffineTransform_float_3_3
Parameters: 0.999998 0.000914596 0.00146049 -0.000914929 0.999999 -0.000177139 -0.00146038 0.000175269 0.999999 -0.0210917 0.029673 -0.0666081
FixedParameters: 0 0 0

#Transform 150
Transform: AffineTransform_float_3_3
Parameters: 0.999998 0.000961654 0.00135695 -0.000961121 0.999999 -0.000182491 -0.00135732 0.00018069 0.999999 -0.024387 0.0253662 -0.0744192
FixedParameters: 0 0 0

#Transform 151
Transform: AffineTransform_float_3_3
Parameters: 0.999998 0.000919116 0.00146716 -0.000918558 0.999999 -0.000176984 -0.00146751 0.000175096 0.999999 -0.0311022 0.0288017 -0.0811025
FixedParameters: 0 0 0

#Transform 152
Transform: AffineTransform_float_3_3
Parameters: 0.999998 0.000877623 0.00141872 -0.000877969 0.999999 -0.000177697 -0.0014186 0.000176009 0.999999 -0.0263315 0.0335986 -0.0693526
FixedParameters: 0 0 0

#Transform 153
Transform: AffineTransform_float_3_3
Parameters: 0.999998 0.000748497 0.00148883 -0.000747948 1 -0.000171214 -0.0014891 0.000169794 0.999999 -0.0315113 0.0319528 -0.0628576
FixedParameters: 0 0 0

#Transform 154
Transform: AffineTransform_float_3_3
Parameters: 0.999998 0.000728886 0.00142235 -0.00072924 1 0.000138096 -0.00142217 -0.000139362 0.999999 -0.0216568 0.0284332 -0.0599633
FixedParameters: 0 0 0

#Transform 155
Transform: AffineTransform_float_3_3
Parameters: 0.999998 0.000879852 0.00144387 -0.000879627 0.999999 -6.46356e-05 -0.001444 6.29033e-05 0.999999 -0.0289239 0.0325665 -0.0707217
FixedParameters: 0 0 0

#Transform 156
Transform: AffineTransform_float_3_3
Parameters: 0.999999 0.00101913 0.00148443 -0.00101897 1 -0.000342206 -0.00148471 0.000341378 0.999999 -0.0265003 0.0240451 -0.0821559
FixedParameters: 0 0 0

#Transform 157
Transform: AffineTransform_float_3_3
Parameters: 0.999999 0.000896645 0.0014735 -0.00089636 0.999999 -0.000370922 -0.00147375 0.00036989 0.999999 -0.0295922 0.0304936 -0.0711831
FixedParameters: 0 0 0

#Transform 158
Transform: AffineTransform_float_3_3
Parameters: 0.999999 0.000802154 0.00134267 -0.000802408 0.999999 -0.000221535 -0.00134259 0.000220182 0.999999 -0.0315091 0.0282793 -0.0568949
FixedParameters: 0 0 0

#Transform 159
Transform: AffineTransform_float_3_3
Parameters: 0.999998 0.00090016 0.00135554 -0.000900772 0.999999 -8.77022e-05 -0.00135526 8.60632e-05 0.999999 -0.0272992 0.0282472 -0.0735223
FixedParameters: 0 0 0

#Transform 160
Transform: AffineTransform_float_3_3
Parameters: 0.999998 0.00072541 0.00145276 -0.000725461 1 -0.000275095 -0.00145272 0.000273789 0.999999 -0.0214943 0.0349721 -0.0827073
FixedParameters: 0 0 0

#Transform 161
Transform: AffineTransform_float_3_3
Parameters: 0.999998 0.000953771 0.00136241 -0.000953539 0.999999 -0.000414538 -0.00136276 0.000413329 0.999998 -0.0262713 0.028388 -0.0759404
FixedParameters: 0 0 0

#Transform 162
Transform: AffineTransform_float_3_3
Parameters: 0.999999 0.00074601 0.00125323 -0.000745323 1 -0.000258427 -0.00125364 0.000257366 0.999999 -0.0257083 0.028626 -0.0605861
FixedParameters: 0 0 0

#Transform 163
Transform: AffineTransform_float_3_3
Parameters: 0.999999 0.000846833 0.00124209 -0.000846434 1 -0.000163848 -0.00124239 0.000163141 0.999999 -0.0251673 0.0287345 -0.0674884
FixedParameters: 0 0 0

#Transform 164
Transform: AffineTransform_float_3_3
Parameters: 0.999998 0.000934548 0.00129546 -0.00093432 1 -9.12069e-05 -0.00129565 9.01823e-05 0.999999 -0.0255607 0.0325294 -0.0792827
FixedParameters: 0 0 0

#Transform 165
Transform: AffineTransform_float_3_3
Parameters: 0.999998 0.000929321 0.00130481 -0.000929412 1 -0.000308957 -0.00130495 0.000307922 0.999999 -0.0273692 0.0345118 -0.060294
FixedParameters: 0 0 0

#Transform 166
Transform: AffineTransform_float_3_3
Parameters: 0.999999 0.000793599 0.00123097 -0.000793299 0.999999 -0.00046691 -0.00123128 0.000465758 0.999999 -0.0179777 0.0438774 -0.0482275
FixedParameters: 0 0 0

#Transform 167
Transform: AffineTransform_float_3_3
Parameters: 0.999999 0.000847875 0.00114253 -0.000847229 1 -0.000285885 -0.00114304 0.000285344 0.999999 -0.0154819 0.0341301 -0.0609865
FixedParameters: 0 0 0

#Transform 168
Transform: AffineTransform_float_3_3
Parameters: 0.999999 0.000934841 0.00110123 -0.000934848 1 -0.000404122 -0.00110155 0.000403453 0.999999 -0.0139316 0.0323526 -0.0674136
FixedParameters: 0 0 0

#Transform 169
Transform: AffineTransform_float_3_3
Parameters: 0.999999 0.000784703 0.00116387 -0.000784038 0.999999 -0.000650473 -0.00116446 0.000649448 0.999999 -0.0157195 0.038569 -0.0730575
FixedParameters: 0 0 0

#Transform 170
Transform: AffineTransform_float_3_3
Parameters: 1 0.000504197 0.00104431 -0.000503858 1 -0.000568078 -0.00104445 0.000567827 0.999999 -0.0146206 0.0344704 -0.071333
FixedParameters: 0 0 0

#Transform 171
Transform: AffineTransform_float_3_3
Parameters: 0.999999 0.000647965 0.00131591 -0.000647639 1 -0.000446403 -0.00131606 0.0004455 0.999999 -0.0193856 0.0405802 -0.0774059
FixedParameters: 0 0 0

#Transform 172
Transform: AffineTransform_float_3_3
Parameters: 0.999998 0.000712384 0.00145973 -0.000711413 0.999999 -0.000636439 -0.00146028 0.000635969 0.999999 -0.0216271 0.0351411 -0.0724563
FixedParameters: 0 0 0

#Transform 173
Transform: AffineTransform_float_3_3
Parameters: 0.999999 0.000702081 0.00141705 -0.000701831 1 -0.000387941 -0.00141716 0.000386753 0.999999 -0.0181693 0.0367023 -0.0611838
FixedParameters: 0 0 0

#Transform 174
Transform: AffineTransform_float_3_3
Parameters: 0.999999 0.000642956 0.00134232 -0.000641529 0.999999 -0.000847667 -0.00134298 0.000846745 0.999998 -0.0179853 0.0486852 -0.0529127
FixedParameters: 0 0 0

#Transform 175
Transform: AffineTransform_float_3_3
Parameters: 1 0.000221723 0.00113483 -0.000220415 1 -0.000968334 -0.0011348 0.000967826 0.999999 -0.00788871 0.0587478 -0.039528
FixedParameters: 0 0 0

#Transform 176
Transform: AffineTransform_float_3_3
Parameters: 1 0.000474702 0.000998925 -0.000474139 0.999999 -0.000706178 -0.000999162 0.000706032 0.999999 -0.00907222 0.0512016 -0.0653585
FixedParameters: 0 0 0

#Transform 177
Transform: AffineTransform_float_3_3
Parameters: 0.999999 0.000681974 0.00140009 -0.000681035 0.999999 -0.000638299 -0.00140053 0.000637192 0.999998 -0.019168 0.0473977 -0.0705308
FixedParameters: 0 0 0

#Transform 178
Transform: AffineTransform_float_3_3
Parameters: 0.999999 0.000667153 0.00138462 -0.000665815 0.999999 -0.000789644 -0.00138524 0.0007886 0.999998 -0.0206945 0.0412263 -0.0655008
FixedParameters: 0 0 0

#Transform 179
Transform: AffineTransform_float_3_3
Parameters: 0.999999 0.000578949 0.00138978 -0.000578384 0.999999 -0.000811751 -0.00138983 0.00081035 0.999999 -0.0187775 0.0402353 -0.0687695
FixedParameters: 0 0 0

#Transform 180
Transform: AffineTransform_float_3_3
Parameters: 0.999999 0.000273002 0.00121279 -0.000273403 1 -0.000184432 -0.00121246 0.000184572 0.999999 -0.0183737 0.0366696 -0.107768
FixedParameters: 0 0 0

#Transform 181
Transform: AffineTransform_float_3_3
Parameters: 0.999998 0.000722963 0.00145802 -0.000722684 0.999999 -0.000386941 -0.00145815 0.000385635 0.999999 -0.0184684 0.0314658 -0.0926257
FixedParameters: 0 0 0

#Transform 182
Transform: AffineTransform_float_3_3
Parameters: 0.999998 0.000548593 0.00152986 -0.000547261 1 -0.000725069 -0.00153029 0.000725 0.999999 -0.0234413 0.0431955 -0.0936992
FixedParameters: 0 0 0

#Transform 183
Transform: AffineTransform_float_3_3
Parameters: 0.999998 0.00063113 0.00158631 -0.000630021 1 -0.000629138 -0.00158675 0.000628745 0.999999 -0.0239428 0.0355129 -0.0916014
FixedParameters: 0 0 0

#Transform 184
Transform: AffineTransform_float_3_3
Parameters: 0.999999 0.00057148 0.00142099 -0.000570679 1 -0.000267871 -0.00142132 0.000267056 0.999999 -0.0274288 0.0296937 -0.0855124
FixedParameters: 0 0 0

#Transform 185
Transform: AffineTransform_float_3_3
Parameters: 0.999999 0.000678022 0.00136984 -0.000677805 1 -0.000389094 -0.00136993 0.000388039 0.999999 -0.019672 0.034148 -0.0937227
FixedParameters: 0 0 0

#Transform 186
Transform: AffineTransform_float_3_3
Parameters: 0.999998 0.000637958 0.00156849 -0.000637654 1 -0.00037976 -0.00156861 0.000379367 0.999999 -0.0282895 0.0346988 -0.115256
FixedParameters: 0 0 0

#Transform 187
Transform: AffineTransform_float_3_3
Parameters: 0.999998 0.000738808 0.00151441 -0.000737674 0.999999 -0.0006671 -0.00151504 0.000666471 0.999999 -0.021697 0.0409734 -0.11419
FixedParameters: 0 0 0

#Transform 188
Transform: AffineTransform_float_3_3
Parameters: 0.999998 0.000598997 0.00163459 -0.000597883 1 -0.0010342 -0.00163588 0.00103299 0.999998 -0.0313183 0.0381686 -0.107997
FixedParameters: 0 0 0

#Transform 189
Transform: AffineTransform_float_3_3
Parameters: 0.999997 -0.000121215 0.00272238 0.000125329 0.999998 -0.00169573 -0.00272151 0.00169613 0.999995 -0.0482539 0.0593338 -0.0793016
FixedParameters: 0 0 0
