#Insight Transform File V1.0
#Transform 0
Transform: AffineTransform_float_3_3
Parameters: 0.999999 -0.000805081 -0.000209226 0.00080481 0.999999 -0.000645604 0.000210265 0.000645267 1 -0.00208609 0.00304364 -0.0762555
FixedParameters: 0 0 0

#Transform 1
Transform: AffineTransform_float_3_3
Parameters: 0.999999 -0.000687358 -0.000465013 0.000686563 1 0.000112925 0.00046529 -0.000113584 1 0.016803 -0.0125458 -0.0639915
FixedParameters: 0 0 0

#Transform 2
Transform: AffineTransform_float_3_3
Parameters: 0.999999 -0.000768868 -0.000238129 0.000768846 0.999999 -4.61163e-05 0.000238199 4.57501e-05 1 -0.00939615 0.0184734 -0.0435955
FixedParameters: 0 0 0

#Transform 3
Transform: AffineTransform_float_3_3
Parameters: 0.999999 -0.000812298 -0.000322109 0.000812239 0.999999 -9.10537e-05 0.000322256 9.05303e-05 1 0.00184433 0.019903 -0.0537463
FixedParameters: 0 0 0

#Transform 4
Transform: AffineTransform_float_3_3
Parameters: 1 -0.000578955 -0.000161508 0.000578804 0.999999 -0.000465144 0.000162047 0.000464957 1 0.0012 0.031218 -0.090775
FixedParameters: 0 0 0

#Transform 5
Transform: AffineTransform_float_3_3
Parameters: 1 -0.000623464 0.000175612 0.000623178 0.999999 -0.000419213 -0.00017599 0.000419427 1 -0.0188247 0.0252083 -0.0668866
FixedParameters: 0 0 0

#Transform 6
Transform: AffineTransform_float_3_3
Parameters: 1 -0.000337845 0.000267704 0.000337891 1 -8.61423e-05 -0.000267646 8.63232e-05 1 -0.0206224 0.0260539 -0.0716549
FixedParameters: 0 0 0

#Transform 7
Transform: AffineTransform_float_3_3
Parameters: 1 -0.000535236 0.000301783 0.000534842 1 -6.42756e-05 -0.000302614 6.45935e-05 1 -0.0293484 0.0222062 -0.0703489
FixedParameters: 0 0 0

#Transform 8
Transform: AffineTransform_float_3_3
Parameters: 1 -0.000624575 0.000242397 0.000624747 0.999999 -0.000355357 -0.000241953 0.00035566 1 -0.0180471 0.0184378 -0.0782061
FixedParameters: 0 0 0

#Transform 9
Transform: AffineTransform_float_3_3
Parameters: 1 -0.000543887 0.000300527 0.000544081 1 -0.00032414 -0.000300174 0.000324466 1 -0.0217391 0.0211507 -0.0698447
FixedParameters: 0 0 0

#Transform 10
Transform: AffineTransform_float_3_3
Parameters: 1 -0.000457681 0.000409646 0.000457675 1 7.86331e-06 -0.000409653 -7.48833e-06 1 -0.023704 0.00444394 -0.0604567
FixedParameters: 0 0 0

#Transform 11
Transform: AffineTransform_float_3_3
Parameters: 0.999999 -0.000240785 0.000894263 0.000240818 1 -1.80836e-05 -0.000894254 1.85142e-05 0.999999 -0.0349121 0.0122854 -0.0636101
FixedParameters: 0 0 0

#Transform 12
Transform: AffineTransform_float_3_3
Parameters: 1 -0.000135176 0.000492244 0.000135422 1 -0.000249991 -0.000492177 0.000250124 1 -0.0153286 0.0191773 -0.0653826
FixedParameters: 0 0 0

#Transform 13
Transform: AffineTransform_float_3_3
Parameters: 0.999999 -0.000348871 0.00064954 0.000349173 1 -0.000232127 -0.000649378 0.00023258 1 -0.0291517 0.0103924 -0.0620255
FixedParameters: 0 0 0

#Transform 14
Transform: AffineTransform_float_3_3
Parameters: 1 0.000187778 0.000396906 -0.000187645 1 -0.000167198 -0.000396969 0.000167049 1 -0.0076676 0.0234295 -0.0468521
FixedParameters: 0 0 0

#Transform 15
Transform: AffineTransform_float_3_3
Parameters: 1 -1.95219e-05 0.000375369 1.95293e-05 1 -9.89742e-06 -0.000375368 9.91208e-06 1 -0.0314572 0.0183775 -0.0471909
FixedParameters: 0 0 0

#Transform 16
Transform: AffineTransform_float_3_3
Parameters: 1 -0.000180713 0.000255638 0.000180804 1 -0.00015909 -0.000255598 0.000158558 1 -0.0262774 0.023298 -0.0493903
FixedParameters: 0 0 0

#Transform 17
Transform: AffineTransform_float_3_3
Parameters: 1 -0.000301617 0.000345957 0.000301601 1 2.19048e-05 -0.00034597 -2.16962e-05 1 -0.0188647 0.00324672 -0.0489448
FixedParameters: 0 0 0

#Transform 18
Transform: AffineTransform_float_3_3
Parameters: 0.999999 -0.000207824 0.000739319 0.00020844 0.999999 -0.000410152 -0.000739166 0.000409835 1 -0.0278137 0.0323946 0.00289647
FixedParameters: 0 0 0

#Transform 19
Transform: AffineTransform_float_3_3
Parameters: 0.999999 0.000262846 0.000728123 -0.000263301 1 0.000610213 -0.000726901 -0.000610591 0.999999 -0.0232726 -0.00249817 -0.00967437
FixedParameters: 0 0 0

#Transform 20
Transform: AffineTransform_float_3_3
Parameters: 1 4.22804e-05 9.32564e-05 -4.22542e-05 1 -0.000140192 -9.32683e-05 0.000140184 1 -0.0205177 0.00290621 0.0374973
FixedParameters: 0 0 0

#Transform 21
Transform: AffineTransform_float_3_3
Parameters: 1 0.000169646 -0.000568193 -0.000168771 0.999999 0.000769847 0.000568453 -0.000769655 0.999999 0.0155448 -0.0173687 -0.00936532
FixedParameters: 0 0 0

#Transform 22
Transform: AffineTransform_float_3_3
Parameters: 1 -7.17873e-05 -0.000176125 7.20332e-05 1 0.000698161 0.000176024 -0.000698186 0.999999 -0.00918486 -0.00808732 -0.0154585
FixedParameters: 0 0 0

#Transform 23
Transform: AffineTransform_float_3_3
Parameters: 1 4.82633e-05 -0.000100498 -4.81043e-05 0.999999 0.000790554 0.000100574 -0.000790544 0.999999 -0.0114912 -0.000193887 -0.0220112
FixedParameters: 0 0 0

#Transform 24
Transform: AffineTransform_float_3_3
Parameters: 1 -6.84644e-05 -0.000175563 6.87677e-05 0.999999 0.000864127 0.000175444 -0.000864152 0.999999 -0.00951166 -0.0389579 -0.0046073
FixedParameters: 0 0 0

#Transform 25
Transform: AffineTransform_float_3_3
Parameters: 1 1.25985e-05 -5.24535e-06 -1.25898e-05 0.999999 0.000830936 5.26628e-06 -0.000830936 0.999999 -0.0156555 -0.0272159 -0.0188527
FixedParameters: 0 0 0

#Transform 26
Transform: AffineTransform_float_3_3
Parameters: 1 2.59882e-05 2.02286e-05 -2.60244e-05 0.999999 0.000895595 -2.0182e-05 -0.000895596 0.999999 -0.0167098 -0.0327561 -0.0127539
FixedParameters: 0 0 0

#Transform 27
Transform: AffineTransform_float_3_3
Parameters: 1 -3.20126e-05 2.23514e-05 3.19731e-05 0.999999 0.000882737 -2.24079e-05 -0.000882736 0.999999 -0.0171555 -0.036482 -0.00710213
FixedParameters: 0 0 0

#Transform 28
Transform: AffineTransform_float_3_3
Parameters: 0.999999 0.000564784 0.000574033 -0.000564659 0.999999 0.000664032 -0.000573745 -0.00066388 1 -0.0306451 -0.0125369 -0.00300053
FixedParameters: 0 0 0

#Transform 29
Transform: AffineTransform_float_3_3
Parameters: 1 2.20472e-05 1.45818e-05 -2.20713e-05 0.999999 0.000827679 -1.45452e-05 -0.00082768 0.999999 -0.0266135 -0.0170289 -0.00810885
FixedParameters: 0 0 0

#Transform 30
Transform: AffineTransform_float_3_3
Parameters: 1 0.000115577 0.000204443 -0.000115972 0.999999 0.000966172 -0.000204219 -0.000966219 0.999999 -0.0238573 -0.0200245 -0.00267184
FixedParameters: 0 0 0

#Transform 31
Transform: AffineTransform_float_3_3
Parameters: 0.999999 0.000607775 0.000500425 -0.000607654 0.999999 0.000765473 -0.000499957 -0.000765281 1 -0.0216496 -0.0144993 -0.00666047
FixedParameters: 0 0 0

#Transform 32
Transform: AffineTransform_float_3_3
Parameters: 0.999999 0.000590889 0.000507462 -0.000591584 0.999999 0.000684363 -0.000506653 -0.000684962 0.999999 -0.0277437 -0.0179172 -0.027187
FixedParameters: 0 0 0

#Transform 33
Transform: AffineTransform_float_3_3
Parameters: 1 0.000447408 0.000184043 -0.000446855 1 0.000965619 -0.000183652 -0.000965764 1 -0.0171002 -0.0283645 -0.0316646
FixedParameters: 0 0 0

#Transform 34
Transform: AffineTransform_float_3_3
Parameters: 1 0.000533581 0.00037231 -0.000533454 1 0.00104916 -0.000371662 -0.00104954 1 -0.0243282 -0.0369033 -0.0186029
FixedParameters: 0 0 0

#Transform 35
Transform: AffineTransform_float_3_3
Parameters: 1 0.000275784 0.000204467 -0.000275383 0.999999 0.00124103 -0.000204255 -0.00124113 0.999999 -0.0225124 -0.0434791 -0.0428614
FixedParameters: 0 0 0

#Transform 36
Transform: AffineTransform_float_3_3
Parameters: 1 0.000507329 0.000236574 -0.000507005 0.999999 0.00123626 -0.000235793 -0.00123649 0.999999 -0.0225694 -0.0419608 -0.0484665
FixedParameters: 0 0 0

#Transform 37
Transform: AffineTransform_float_3_3
Parameters: 0.999999 0.00034998 0.000689141 -0.000350566 1 0.00108367 -0.000688854 -0.00108413 0.999999 -0.0345921 -0.0221864 -0.0119413
FixedParameters: 0 0 0

#Transform 38
Transform: AffineTransform_float_3_3
Parameters: 0.999999 -0.000271324 0.00132625 0.000270912 1 -0.000188289 -0.00132572 0.000189144 0.999999 -0.0483316 0.00419799 0.00552134
FixedParameters: 0 0 0

#Transform 39
Transform: AffineTransform_float_3_3
Parameters: 0.999999 0.000425408 0.000850998 -0.000426154 0.999999 0.000959858 -0.000850643 -0.000959783 0.999999 -0.0436563 -0.0323247 -0.00525607
FixedParameters: 0 0 0

#Transform 40
Transform: AffineTransform_float_3_3
Parameters: 0.999999 0.000382628 0.000754382 -0.000383476 0.999999 0.00116376 -0.000753963 -0.00116432 0.999999 -0.0400632 -0.0387352 -0.00306796
FixedParameters: 0 0 0

#Transform 41
Transform: AffineTransform_float_3_3
Parameters: 0.999999 0.00041345 0.000817631 -0.000414495 0.999999 0.00119389 -0.000817115 -0.00119455 0.999999 -0.0465824 -0.0331206 -0.00672486
FixedParameters: 0 0 0

#Transform 42
Transform: AffineTransform_float_3_3
Parameters: 1 0.000712874 0.000875209 -0.000713539 0.999999 0.000877606 -0.000874362 -0.000877429 0.999999 -0.0408679 -0.0139231 -0.00914362
FixedParameters: 0 0 0

#Transform 43
Transform: AffineTransform_float_3_3
Parameters: 0.999999 0.000626103 0.000685848 -0.00062715 0.999999 0.00110901 -0.000685831 -0.00110986 0.999999 -0.0323777 -0.0260652 -0.0259626
FixedParameters: 0 0 0

#Transform 44
Transform: AffineTransform_float_3_3
Parameters: 1 0.00017017 0.000665761 -0.000170184 1 0.00101844 -0.000664986 -0.00101864 1 -0.0279695 -0.0111002 -0.0299187
FixedParameters: 0 0 0

#Transform 45
Transform: AffineTransform_float_3_3
Parameters: 0.999999 0.000167001 0.000780969 -0.00016762 1 0.000977073 -0.000781115 -0.000977315 0.999999 -0.0337911 -0.014946 -0.00685573
FixedParameters: 0 0 0

#Transform 46
Transform: AffineTransform_float_3_3
Parameters: 0.999999 0.000414894 0.000830954 -0.000415515 0.999999 0.000907144 -0.000830663 -0.000907034 0.999999 -0.0424625 -0.0112874 -0.0265263
FixedParameters: 0 0 0

#Transform 47
Transform: AffineTransform_float_3_3
Parameters: 0.999999 0.000182366 0.000863781 -0.000183065 0.999999 0.000917833 -0.000863908 -0.000917349 0.999999 -0.0396612 -0.031278 -0.0179324
FixedParameters: 0 0 0

#Transform 48
Transform: AffineTransform_float_3_3
Parameters: 0.999999 0.000167626 0.00095586 -0.000168583 1 0.000975426 -0.000956004 -0.000975728 0.999999 -0.041413 -0.025456 -0.0296086
FixedParameters: 0 0 0

#Transform 49
Transform: AffineTransform_float_3_3
Parameters: 1 -0.000422399 0.000243385 0.000421865 0.999998 0.00201105 -0.000244261 -0.00201084 0.999998 -0.000990349 -0.0443295 -0.0274404
FixedParameters: 0 0 0

#Transform 50
Transform: AffineTransform_float_3_3
Parameters: 0.999999 -0.000589442 0.000495799 0.000587889 0.999995 0.00290186 -0.000496671 -0.00290126 0.999995 -0.0157836 -0.0894708 0.0170401
FixedParameters: 0 0 0

#Transform 51
Transform: AffineTransform_float_3_3
Parameters: 0.999999 -0.000342171 0.000694283 0.000340303 0.999998 0.0023191 -0.000695517 -0.0023186 0.999997 -0.0217312 -0.0552811 -0.0274742
FixedParameters: 0 0 0

#Transform 52
Transform: AffineTransform_float_3_3
Parameters: 0.999999 5.75535e-05 0.000751926 -5.96283e-05 0.999998 0.00198762 -0.000752205 -0.00198769 0.999997 -0.0392827 -0.0389324 -0.03024
FixedParameters: 0 0 0

#Transform 53
Transform: AffineTransform_float_3_3
Parameters: 1 0.000288372 0.00064573 -0.000289527 0.999998 0.00230635 -0.000645382 -0.00230668 0.999997 -0.034324 -0.0490128 -0.013587
FixedParameters: 0 0 0

#Transform 54
Transform: AffineTransform_float_3_3
Parameters: 1 0.00040194 0.000992654 -0.000403359 0.999998 0.0023027 -0.000991276 -0.00230344 0.999997 -0.0474276 -0.0529442 -0.0224365
FixedParameters: 0 0 0

#Transform 55
Transform: AffineTransform_float_3_3
Parameters: 1 0.000680746 0.00102924 -0.000682845 0.999998 0.00189303 -0.00102759 -0.00189361 0.999998 -0.0474371 -0.041823 -0.0294485
FixedParameters: 0 0 0

#Transform 56
Transform: AffineTransform_float_3_3
Parameters: 0.999999 0.000444592 0.000855725 -0.000446106 0.999998 0.00194626 -0.000854936 -0.00194698 0.999997 -0.0444593 -0.0545856 -0.0225599
FixedParameters: 0 0 0

#Transform 57
Transform: AffineTransform_float_3_3
Parameters: 1 0.000499208 0.000966223 -0.000501376 0.999998 0.0020521 -0.000965104 -0.00205224 0.999998 -0.0458777 -0.0533134 -0.0259172
FixedParameters: 0 0 0

#Transform 58
Transform: AffineTransform_float_3_3
Parameters: 1 0.000406949 0.0011299 -0.000409966 0.999997 0.00213039 -0.0011291 -0.00213049 0.999997 -0.0525461 -0.0514665 -0.0415349
FixedParameters: 0 0 0

#Transform 59
Transform: AffineTransform_float_3_3
Parameters: 0.999999 0.000626069 0.00122827 -0.000628646 0.999997 0.00214741 -0.00122695 -0.00214812 0.999997 -0.0555907 -0.0561234 -0.0404499
FixedParameters: 0 0 0

#Transform 60
Transform: AffineTransform_float_3_3
Parameters: 0.999999 0.000397968 0.00128372 -0.000400064 0.999998 0.00203599 -0.00128256 -0.00203617 0.999997 -0.0588969 -0.0559699 -0.0354042
FixedParameters: 0 0 0

#Transform 61
Transform: AffineTransform_float_3_3
Parameters: 0.999999 0.000466217 0.0012684 -0.000468843 0.999998 0.00191457 -0.00126664 -0.00191493 0.999998 -0.0597142 -0.0498855 -0.0486127
FixedParameters: 0 0 0

#Transform 62
Transform: AffineTransform_float_3_3
Parameters: 0.999999 0.000469528 0.00121792 -0.000472102 0.999997 0.00216376 -0.00121725 -0.00216406 0.999997 -0.0557591 -0.0555454 -0.0465959
FixedParameters: 0 0 0

#Transform 63
Transform: AffineTransform_float_3_3
Parameters: 0.999998 0.000749085 0.00149911 -0.000751647 0.999999 0.00175361 -0.00149784 -0.00175502 0.999997 -0.0656573 -0.0330691 -0.0492896
FixedParameters: 0 0 0

#Transform 64
Transform: AffineTransform_float_3_3
Parameters: 0.999999 0.000675271 0.00134565 -0.00067723 0.999999 0.00172982 -0.00134467 -0.0017308 0.999998 -0.0628543 -0.0445873 -0.0423954
FixedParameters: 0 0 0

#Transform 65
Transform: AffineTransform_float_3_3
Parameters: 0.999999 0.000679876 0.00134668 -0.000682508 0.999998 0.00197876 -0.00134535 -0.00197975 0.999997 -0.0658391 -0.0542573 -0.0437036
FixedParameters: 0 0 0

#Transform 66
Transform: AffineTransform_float_3_3
Parameters: 0.999999 0.000773546 0.00130497 -0.000777059 0.999998 0.0022128 -0.00130383 -0.00221336 0.999997 -0.0654008 -0.0561146 -0.046231
FixedParameters: 0 0 0

#Transform 67
Transform: AffineTransform_float_3_3
Parameters: 0.999999 0.000811987 0.0012838 -0.000814855 0.999998 0.00199823 -0.00128282 -0.00199948 0.999997 -0.0644866 -0.051511 -0.0643974
FixedParameters: 0 0 0

#Transform 68
Transform: AffineTransform_float_3_3
Parameters: 0.999998 0.000847021 0.00140068 -0.000849579 0.999998 0.00187597 -0.00139886 -0.0018775 0.999997 -0.0715135 -0.0546115 -0.0603297
FixedParameters: 0 0 0

#Transform 69
Transform: AffineTransform_float_3_3
Parameters: 0.999999 0.00101194 0.00152842 -0.00101578 0.999997 0.00199029 -0.00152664 -0.00199178 0.999997 -0.0753381 -0.0499567 -0.0475049
FixedParameters: 0 0 0

#Transform 70
Transform: AffineTransform_float_3_3
Parameters: 0.999999 0.00068276 0.00134733 -0.000685814 0.999997 0.00213472 -0.00134577 -0.00213573 0.999996 -0.0601157 -0.0509562 -0.0407779
FixedParameters: 0 0 0

#Transform 71
Transform: AffineTransform_float_3_3
Parameters: 0.999998 0.000990976 0.00165028 -0.000994758 0.999998 0.00223369 -0.00164762 -0.00223548 0.999996 -0.0763552 -0.056494 -0.044732
FixedParameters: 0 0 0

#Transform 72
Transform: AffineTransform_float_3_3
Parameters: 0.999998 0.00115177 0.00165905 -0.00115566 0.999997 0.00225277 -0.00165568 -0.00225496 0.999997 -0.0826125 -0.0513059 -0.0450684
FixedParameters: 0 0 0

#Transform 73
Transform: AffineTransform_float_3_3
Parameters: 0.999998 0.00117599 0.00160274 -0.00117943 0.999997 0.00205447 -0.00160059 -0.00205661 0.999997 -0.0764198 -0.0512914 -0.0412456
FixedParameters: 0 0 0

#Transform 74
Transform: AffineTransform_float_3_3
Parameters: 0.999998 0.000890859 0.00179348 -0.000893789 0.999998 0.00181372 -0.00179203 -0.00181528 0.999997 -0.0827418 -0.0341846 -0.0542322
FixedParameters: 0 0 0

#Transform 75
Transform: AffineTransform_float_3_3
Parameters: 0.999998 0.00108758 0.00155874 -0.0010909 0.999997 0.00207038 -0.0015569 -0.00207152 0.999996 -0.0794768 -0.0451037 -0.0584096
FixedParameters: 0 0 0

#Transform 76
Transform: AffineTransform_float_3_3
Parameters: 0.999998 0.00120722 0.00147989 -0.00121078 0.999997 0.00227003 -0.00147709 -0.00227275 0.999996 -0.074997 -0.0569527 -0.0636574
FixedParameters: 0 0 0

#Transform 77
Transform: AffineTransform_float_3_3
Parameters: 0.999998 0.00123831 0.00165201 -0.00124242 0.999996 0.00232996 -0.00164805 -0.00233241 0.999996 -0.0874694 -0.0595283 -0.0647317
FixedParameters: 0 0 0

#Transform 78
Transform: AffineTransform_float_3_3
Parameters: 0.999998 0.00123146 0.00154564 -0.00123501 0.999997 0.00216899 -0.00154297 -0.00217133 0.999996 -0.0762108 -0.0660062 -0.065249
FixedParameters: 0 0 0

#Transform 79
Transform: AffineTransform_float_3_3
Parameters: 0.999998 0.00112091 0.00157038 -0.0011245 0.999997 0.00214263 -0.00156824 -0.00214389 0.999996 -0.0850047 -0.0626655 -0.0517272
FixedParameters: 0 0 0

#Transform 80
Transform: AffineTransform_float_3_3
Parameters: 0.999998 0.000959315 0.00135116 -0.00096165 0.999997 0.00219127 -0.00134878 -0.00219222 0.999997 -0.0725326 -0.0553332 -0.052871
FixedParameters: 0 0 0

#Transform 81
Transform: AffineTransform_float_3_3
Parameters: 0.999998 0.00107842 0.00136294 -0.00108256 0.999997 0.00235211 -0.00136014 -0.0023536 0.999996 -0.0692468 -0.0613548 -0.0486376
FixedParameters: 0 0 0

#Transform 82
Transform: AffineTransform_float_3_3
Parameters: 0.999999 0.00114355 0.0014806 -0.00114716 0.999997 0.00228738 -0.00147806 -0.00228992 0.999996 -0.0752223 -0.0613686 -0.0476061
FixedParameters: 0 0 0

#Transform 83
Transform: AffineTransform_float_3_3
Parameters: 0.999999 0.00116945 0.00148005 -0.00117164 0.999997 0.00225986 -0.00147699 -0.00226244 0.999996 -0.0756431 -0.0523563 -0.0473177
FixedParameters: 0 0 0

#Transform 84
Transform: AffineTransform_float_3_3
Parameters: 0.999998 0.00114907 0.00156748 -0.00115233 0.999997 0.00218585 -0.00156425 -0.0021886 0.999997 -0.0784933 -0.055195 -0.0430584
FixedParameters: 0 0 0

#Transform 85
Transform: AffineTransform_float_3_3
Parameters: 0.999998 0.00131281 0.00151362 -0.00131626 0.999997 0.00218241 -0.00151056 -0.00218491 0.999996 -0.0777872 -0.0543694 -0.0402872
FixedParameters: 0 0 0

#Transform 86
Transform: AffineTransform_float_3_3
Parameters: 0.999997 0.00104265 0.0018819 -0.00104729 0.999996 0.00242716 -0.00187909 -0.00242943 0.999995 -0.0860903 -0.0599774 -0.0527918
FixedParameters: 0 0 0

#Transform 87
Transform: AffineTransform_float_3_3
Parameters: 0.999996 0.000774416 0.00294146 -0.000780049 0.999998 0.00193957 -0.00294017 -0.00194215 0.999994 -0.132889 -0.0403776 -0.094188
FixedParameters: 0 0 0

#Transform 88
Transform: AffineTransform_float_3_3
Parameters: 0.999996 0.0011912 0.00230487 -0.00119729 0.999996 0.00248436 -0.00230162 -0.00248741 0.999994 -0.111955 -0.0591686 -0.0772152
FixedParameters: 0 0 0

#Transform 89
Transform: AffineTransform_float_3_3
Parameters: 0.999997 0.00117576 0.00224642 -0.00118203 0.999996 0.00279086 -0.00224298 -0.00279305 0.999993 -0.109027 -0.0666244 -0.0598226
FixedParameters: 0 0 0

#Transform 90
Transform: AffineTransform_float_3_3
Parameters: 0.999997 0.00117576 0.00224642 -0.00118203 0.999996 0.00279086 -0.00224298 -0.00279305 0.999993 -0.113375 -0.0673151 -0.0517855
FixedParameters: 0 0 0

#Transform 91
Transform: AffineTransform_float_3_3
Parameters: 0.999997 0.00118016 0.00224757 -0.00118755 0.999995 0.0030408 -0.00224355 -0.00304301 0.999993 -0.106026 -0.0773218 -0.0504625
FixedParameters: 0 0 0

#Transform 92
Transform: AffineTransform_float_3_3
Parameters: 0.999997 0.00118733 0.00205699 -0.00119298 0.999996 0.00279149 -0.00205438 -0.00279328 0.999994 -0.0997915 -0.0748014 -0.0541546
FixedParameters: 0 0 0

#Transform 93
Transform: AffineTransform_float_3_3
Parameters: 0.999997 0.00128586 0.00219389 -0.00129093 0.999995 0.0027887 -0.00219027 -0.00279123 0.999993 -0.105637 -0.0720305 -0.0597281
FixedParameters: 0 0 0

#Transform 94
Transform: AffineTransform_float_3_3
Parameters: 0.999997 0.00125051 0.00221331 -0.00125655 0.999995 0.00298542 -0.00220944 -0.00298784 0.999993 -0.103904 -0.0802265 -0.0665218
FixedParameters: 0 0 0

#Transform 95
Transform: AffineTransform_float_3_3
Parameters: 0.999997 0.00119933 0.00213208 -0.00120512 0.999995 0.00304094 -0.00212838 -0.00304294 0.999993 -0.108268 -0.0803641 -0.0782324
FixedParameters: 0 0 0

#Transform 96
Transform: AffineTransform_float_3_3
Parameters: 0.999997 0.00125507 0.00221185 -0.00126224 0.999995 0.00303932 -0.00220737 -0.00304178 0.999993 -0.111302 -0.0901918 -0.0748713
FixedParameters: 0 0 0

#Transform 97
Transform: AffineTransform_float_3_3
Parameters: 0.999997 0.00146442 0.00187719 -0.00146996 0.999994 0.00303596 -0.00187233 -0.00303915 0.999993 -0.0970498 -0.090956 -0.0655968
FixedParameters: 0 0 0

#Transform 98
Transform: AffineTransform_float_3_3
Parameters: 0.999996 0.0015114 0.00208963 -0.00151733 0.999994 0.00303429 -0.00208494 -0.00303749 0.999993 -0.100899 -0.0889854 -0.0672695
FixedParameters: 0 0 0

#Transform 99
Transform: AffineTransform_float_3_3
Parameters: 0.999996 0.00153214 0.0020811 -0.00153844 0.999994 0.00313489 -0.00207598 -0.00313816 0.999993 -0.104854 -0.0878446 -0.0703006
FixedParameters: 0 0 0

#Transform 100
Transform: AffineTransform_float_3_3
Parameters: 0.999997 0.00149464 0.00191042 -0.00149949 0.999995 0.00303497 -0.00190579 -0.00303773 0.999993 -0.0963108 -0.091249 -0.0656151
FixedParameters: 0 0 0

#Transform 101
Transform: AffineTransform_float_3_3
Parameters: 0.999997 0.0014797 0.00190142 -0.00148565 0.999995 0.00299049 -0.0018975 -0.00299382 0.999994 -0.0979169 -0.0838144 -0.0711211
FixedParameters: 0 0 0

#Transform 102
Transform: AffineTransform_float_3_3
Parameters: 0.999997 0.00128476 0.00219965 -0.0012916 0.999994 0.00318676 -0.00219504 -0.0031893 0.999992 -0.110688 -0.0855166 -0.0727041
FixedParameters: 0 0 0

#Transform 103
Transform: AffineTransform_float_3_3
Parameters: 0.999996 0.00147599 0.00216625 -0.00148273 0.999994 0.00311169 -0.00216155 -0.00311498 0.999993 -0.106402 -0.0871643 -0.0703238
FixedParameters: 0 0 0

#Transform 104
Transform: AffineTransform_float_3_3
Parameters: 0.999997 0.00145608 0.00211717 -0.00146255 0.999994 0.00312238 -0.00211256 -0.00312543 0.999993 -0.10408 -0.0826889 -0.0601659
FixedParameters: 0 0 0

#Transform 105
Transform: AffineTransform_float_3_3
Parameters: 0.999996 0.00149071 0.00209614 -0.00149655 0.999995 0.00278465 -0.00209186 -0.00278781 0.999994 -0.108116 -0.0689838 -0.066969
FixedParameters: 0 0 0

#Transform 106
Transform: AffineTransform_float_3_3
Parameters: 0.999997 0.00141395 0.00200253 -0.00142041 0.999994 0.00307284 -0.0019979 -0.00307541 0.999994 -0.102386 -0.0822992 -0.0631297
FixedParameters: 0 0 0

#Transform 107
Transform: AffineTransform_float_3_3
Parameters: 0.999996 0.00146709 0.00211274 -0.00147379 0.999994 0.00318317 -0.00210789 -0.00318626 0.999992 -0.106525 -0.0976903 -0.0667545
FixedParameters: 0 0 0

#Transform 108
Transform: AffineTransform_float_3_3
Parameters: 0.999996 0.00145451 0.0024953 -0.00146272 0.999993 0.00326216 -0.00248983 -0.00326613 0.999991 -0.115492 -0.0955537 -0.0708995
FixedParameters: 0 0 0

#Transform 109
Transform: AffineTransform_float_3_3
Parameters: 0.999998 0.00141843 0.00160496 -0.00142442 0.999993 0.003567 -0.00159986 -0.00357002 0.999992 -0.0858576 -0.0998321 -0.0931141
FixedParameters: 0 0 0

#Transform 110
Transform: AffineTransform_float_3_3
Parameters: 0.999998 0.00103926 0.00174572 -0.0010467 0.99999 0.00434324 -0.00174183 -0.00434515 0.99999 -0.08256 -0.123192 -0.0336243
FixedParameters: 0 0 0

#Transform 111
Transform: AffineTransform_float_3_3
Parameters: 0.999998 0.00136277 0.00191924 -0.00137031 0.999991 0.00396816 -0.00191343 -0.00397104 0.99999 -0.0910604 -0.110244 -0.0244195
FixedParameters: 0 0 0

#Transform 112
Transform: AffineTransform_float_3_3
Parameters: 0.999997 0.00125372 0.0021797 -0.00126297 0.99999 0.00408829 -0.00217495 -0.00409046 0.99999 -0.101502 -0.117019 -0.0309491
FixedParameters: 0 0 0

#Transform 113
Transform: AffineTransform_float_3_3
Parameters: 0.999997 0.00128269 0.00218475 -0.00129108 0.99999 0.00408765 -0.0021802 -0.00408993 0.99999 -0.101776 -0.120545 -0.0381302
FixedParameters: 0 0 0

#Transform 114
Transform: AffineTransform_float_3_3
Parameters: 0.999997 0.00108928 0.00249455 -0.00109925 0.999992 0.00389224 -0.00248972 -0.00389578 0.999989 -0.116039 -0.104108 -0.0378942
FixedParameters: 0 0 0

#Transform 115
Transform: AffineTransform_float_3_3
Parameters: 0.999996 0.000950082 0.00248861 -0.000959953 0.999992 0.00388237 -0.00248493 -0.00388521 0.999989 -0.111044 -0.107383 -0.0469556
FixedParameters: 0 0 0

#Transform 116
Transform: AffineTransform_float_3_3
Parameters: 0.999996 0.00107317 0.00265694 -0.0010834 0.999992 0.00387026 -0.00265274 -0.00387327 0.99999 -0.124894 -0.101651 -0.0604813
FixedParameters: 0 0 0

#Transform 117
Transform: AffineTransform_float_3_3
Parameters: 0.999997 0.00102678 0.00252679 -0.00103713 0.999991 0.00409192 -0.0025225 -0.00409442 0.999988 -0.117443 -0.120672 -0.0617618
FixedParameters: 0 0 0

#Transform 118
Transform: AffineTransform_float_3_3
Parameters: 0.999996 0.00108463 0.00260914 -0.00109483 0.999992 0.00393523 -0.00260471 -0.0039382 0.999989 -0.122895 -0.108123 -0.0626312
FixedParameters: 0 0 0

#Transform 119
Transform: AffineTransform_float_3_3
Parameters: 0.999995 0.00105293 0.00276347 -0.00106388 0.999991 0.00409067 -0.00275852 -0.004093 0.999988 -0.128608 -0.110365 -0.0712753
FixedParameters: 0 0 0

#Transform 120
Transform: AffineTransform_float_3_3
Parameters: 0.999995 0.00111447 0.00282006 -0.00112648 0.999991 0.00396058 -0.00281534 -0.00396418 0.999988 -0.133632 -0.106566 -0.0734005
FixedParameters: 0 0 0

#Transform 121
Transform: AffineTransform_float_3_3
Parameters: 0.999995 0.00113708 0.00303063 -0.00114943 0.999991 0.00403553 -0.0030264 -0.00403891 0.999987 -0.130889 -0.115821 -0.0638071
FixedParameters: 0 0 0

#Transform 122
Transform: AffineTransform_float_3_3
Parameters: 0.999996 0.00121647 0.002812 -0.00122778 0.999991 0.00400454 -0.00280677 -0.00400727 0.999988 -0.127364 -0.108286 -0.0632944
FixedParameters: 0 0 0

#Transform 123
Transform: AffineTransform_float_3_3
Parameters: 0.999995 0.00104767 0.00280174 -0.00105893 0.999992 0.00385317 -0.00279777 -0.00385635 0.999989 -0.131128 -0.102804 -0.064922
FixedParameters: 0 0 0

#Transform 124
Transform: AffineTransform_float_3_3
Parameters: 0.999996 0.00118817 0.00282208 -0.00119912 0.99999 0.00408735 -0.00281733 -0.00409055 0.999988 -0.130167 -0.115906 -0.0728684
FixedParameters: 0 0 0

#Transform 125
Transform: AffineTransform_float_3_3
Parameters: 0.999995 0.00141066 0.00269855 -0.00142234 0.99999 0.0040827 -0.00269337 -0.0040862 0.999988 -0.122245 -0.108587 -0.0678719
FixedParameters: 0 0 0

#Transform 126
Transform: AffineTransform_float_3_3
Parameters: 0.999996 0.00143084 0.00274101 -0.00144242 0.999991 0.00408165 -0.00273474 -0.00408617 0.999988 -0.127477 -0.107707 -0.0684534
FixedParameters: 0 0 0

#Transform 127
Transform: AffineTransform_float_3_3
Parameters: 0.999996 0.00147358 0.00252579 -0.00148383 0.999991 0.00408176 -0.00252012 -0.00408587 0.999989 -0.122958 -0.102025 -0.0705941
FixedParameters: 0 0 0

#Transform 128
Transform: AffineTransform_float_3_3
Parameters: 0.999996 0.00131752 0.00250258 -0.00132848 0.999991 0.00408495 -0.00249772 -0.00408901 0.999988 -0.122766 -0.101069 -0.067911
FixedParameters: 0 0 0

#Transform 129
Transform: AffineTransform_float_3_3
Parameters: 0.999996 0.00133983 0.00254955 -0.00135076 0.99999 0.00408462 -0.00254359 -0.00408813 0.999988 -0.124713 -0.118028 -0.0627296
FixedParameters: 0 0 0

#Transform 130
Transform: AffineTransform_float_3_3
Parameters: 0.999996 0.00142843 0.00273017 -0.00144005 0.99999 0.0042682 -0.00272385 -0.00427186 0.999987 -0.131403 -0.120763 -0.0666315
FixedParameters: 0 0 0

#Transform 131
Transform: AffineTransform_float_3_3
Parameters: 0.999995 0.00145962 0.00279138 -0.00147165 0.999989 0.00441023 -0.00278485 -0.00441423 0.999987 -0.124483 -0.124344 -0.0801263
FixedParameters: 0 0 0

#Transform 132
Transform: AffineTransform_float_3_3
Parameters: 0.999995 0.001452 0.00276969 -0.00146481 0.999988 0.00459114 -0.00276271 -0.00459582 0.999985 -0.126855 -0.129861 -0.0807189
FixedParameters: 0 0 0

#Transform 133
Transform: AffineTransform_float_3_3
Parameters: 0.999995 0.00142395 0.00270465 -0.00143718 0.999988 0.00478213 -0.00269745 -0.00478647 0.999985 -0.119163 -0.144659 -0.0750523
FixedParameters: 0 0 0

#Transform 134
Transform: AffineTransform_float_3_3
Parameters: 0.999996 0.00142695 0.00271022 -0.00144038 0.999988 0.00480704 -0.00270288 -0.0048114 0.999985 -0.115703 -0.134774 -0.0844973
FixedParameters: 0 0 0

#Transform 135
Transform: AffineTransform_float_3_3
Parameters: 0.999996 0.00144184 0.0027379 -0.00145529 0.999987 0.00492599 -0.00273053 -0.00492972 0.999984 -0.120077 -0.135522 -0.0816015
FixedParameters: 0 0 0

#Transform 136
Transform: AffineTransform_float_3_3
Parameters: 0.999995 0.00138303 0.00261094 -0.0013966 0.999987 0.00502055 -0.00260351 -0.0050244 0.999984 -0.116775 -0.144462 -0.0723508
FixedParameters: 0 0 0

#Transform 137
Transform: AffineTransform_float_3_3
Parameters: 0.999996 0.00133715 0.00251426 -0.00134975 0.999987 0.00502006 -0.0025073 -0.00502341 0.999985 -0.113754 -0.138174 -0.0749087
FixedParameters: 0 0 0

#Transform 138
Transform: AffineTransform_float_3_3
Parameters: 0.999996 0.00121477 0.00265788 -0.001229 0.999985 0.00530817 -0.00265101 -0.00531124 0.999982 -0.123995 -0.148736 -0.0770799
FixedParameters: 0 0 0

#Transform 139
Transform: AffineTransform_float_3_3
Parameters: 0.999995 0.00142158 0.00268912 -0.00143558 0.999986 0.00511972 -0.00268148 -0.0051232 0.999983 -0.120187 -0.146963 -0.0780287
FixedParameters: 0 0 0

#Transform 140
Transform: AffineTransform_float_3_3
Parameters: 0.999995 0.00143178 0.00270453 -0.00144608 0.999985 0.00531446 -0.00269669 -0.00531802 0.999982 -0.1203 -0.151539 -0.0680551
FixedParameters: 0 0 0

#Transform 141
Transform: AffineTransform_float_3_3
Parameters: 0.999996 0.00138014 0.00258113 -0.00139545 0.999982 0.00577191 -0.00257266 -0.00577563 0.99998 -0.113088 -0.172559 -0.0732715
FixedParameters: 0 0 0

#Transform 142
Transform: AffineTransform_float_3_3
Parameters: 0.999995 0.00130973 0.00285052 -0.00132514 0.999983 0.00563059 -0.00284315 -0.00563384 0.99998 -0.123225 -0.159759 -0.083676
FixedParameters: 0 0 0

#Transform 143
Transform: AffineTransform_float_3_3
Parameters: 0.999996 0.00145696 0.00274846 -0.00147244 0.999983 0.00560974 -0.00273996 -0.00561354 0.999981 -0.119917 -0.158397 -0.0804583
FixedParameters: 0 0 0

#Transform 144
Transform: AffineTransform_float_3_3
Parameters: 0.999996 0.00144251 0.00272011 -0.00145771 0.999984 0.0055398 -0.00271285 -0.00554423 0.999981 -0.121148 -0.163626 -0.0822197
FixedParameters: 0 0 0

#Transform 145
Transform: AffineTransform_float_3_3
Parameters: 0.999996 0.00144919 0.00273375 -0.0014642 0.999984 0.0055554 -0.00272545 -0.00555928 0.99998 -0.120799 -0.157564 -0.0795721
FixedParameters: 0 0 0

#Transform 146
Transform: AffineTransform_float_3_3
Parameters: 0.999995 0.0015156 0.0028715 -0.00153213 0.999983 0.0056338 -0.00286359 -0.00563829 0.99998 -0.127144 -0.159442 -0.0818995
FixedParameters: 0 0 0

#Transform 147
Transform: AffineTransform_float_3_3
Parameters: 0.999995 0.00148305 0.0027989 -0.00149902 0.999982 0.00575894 -0.00279013 -0.00576302 0.99998 -0.124418 -0.159045 -0.0830895
FixedParameters: 0 0 0

#Transform 148
Transform: AffineTransform_float_3_3
Parameters: 0.999995 0.00149423 0.00282243 -0.0015105 0.999983 0.00576238 -0.0028135 -0.00576597 0.999979 -0.128473 -0.157347 -0.0844603
FixedParameters: 0 0 0

#Transform 149
Transform: AffineTransform_float_3_3
Parameters: 0.999995 0.00148499 0.00280961 -0.00150078 0.999984 0.0055454 -0.00280095 -0.00555032 0.99998 -0.122605 -0.150801 -0.0759209
FixedParameters: 0 0 0

#Transform 150
Transform: AffineTransform_float_3_3
Parameters: 0.999995 0.00151529 0.00287141 -0.00153172 0.999983 0.00561581 -0.00286356 -0.0056203 0.99998 -0.126537 -0.152751 -0.0683936
FixedParameters: 0 0 0

#Transform 151
Transform: AffineTransform_float_3_3
Parameters: 0.999995 0.00147854 0.00279604 -0.00149417 0.999984 0.00554361 -0.00278747 -0.00554846 0.999981 -0.123094 -0.151224 -0.0802988
FixedParameters: 0 0 0

#Transform 152
Transform: AffineTransform_float_3_3
Parameters: 0.999995 0.00151767 0.0028721 -0.0015349 0.999982 0.00575577 -0.00286383 -0.00576028 0.99998 -0.125392 -0.160519 -0.0839018
FixedParameters: 0 0 0

#Transform 153
Transform: AffineTransform_float_3_3
Parameters: 0.999995 0.00151514 0.00287136 -0.00153151 0.999983 0.00560681 -0.00286355 -0.0056113 0.99998 -0.126551 -0.16152 -0.0865713
FixedParameters: 0 0 0

#Transform 154
Transform: AffineTransform_float_3_3
Parameters: 0.999995 0.0015173 0.00287199 -0.0015344 0.999983 0.00573378 -0.00286379 -0.00573828 0.99998 -0.127839 -0.168729 -0.0817295
FixedParameters: 0 0 0

#Transform 155
Transform: AffineTransform_float_3_3
Parameters: 0.999995 0.0013465 0.00295286 -0.00136322 0.999983 0.00573747 -0.00294617 -0.00574182 0.99998 -0.130753 -0.16265 -0.0908349
FixedParameters: 0 0 0

#Transform 156
Transform: AffineTransform_float_3_3
Parameters: 0.999995 0.0015214 0.00287319 -0.001539 0.999981 0.00597573 -0.00286468 -0.00598024 0.999978 -0.12585 -0.173673 -0.0824409
FixedParameters: 0 0 0

#Transform 157
Transform: AffineTransform_float_3_3
Parameters: 0.999995 0.00133521 0.00296061 -0.00135268 0.999982 0.00592554 -0.00295266 -0.00592921 0.999978 -0.128451 -0.173541 -0.0805537
FixedParameters: 0 0 0

#Transform 158
Transform: AffineTransform_float_3_3
Parameters: 0.999994 0.00149675 0.0029494 -0.001514 0.999982 0.00583389 -0.00294067 -0.00583848 0.999978 -0.12277 -0.166571 -0.0868172
FixedParameters: 0 0 0

#Transform 159
Transform: AffineTransform_float_3_3
Parameters: 0.999994 0.00135401 0.0030301 -0.00137202 0.99998 0.00617442 -0.0030222 -0.00617819 0.999977 -0.130468 -0.181087 -0.0915346
FixedParameters: 0 0 0

#Transform 160
Transform: AffineTransform_float_3_3
Parameters: 0.999995 0.00132706 0.00291075 -0.00134563 0.99998 0.0062228 -0.00290216 -0.0062277 0.999976 -0.124644 -0.178529 -0.0973254
FixedParameters: 0 0 0

#Transform 161
Transform: AffineTransform_float_3_3
Parameters: 0.999995 0.00150123 0.00282756 -0.00151838 0.999981 0.00607245 -0.00281814 -0.0060767 0.999978 -0.125355 -0.178882 -0.0798843
FixedParameters: 0 0 0

#Transform 162
Transform: AffineTransform_float_3_3
Parameters: 0.999996 0.00146404 0.0027505 -0.00148089 0.99998 0.00602364 -0.0027412 -0.00602748 0.999978 -0.120037 -0.170099 -0.0787876
FixedParameters: 0 0 0

#Transform 163
Transform: AffineTransform_float_3_3
Parameters: 0.999995 0.00149317 0.0028073 -0.00151065 0.999979 0.00617674 -0.00279766 -0.00618089 0.999977 -0.122613 -0.169049 -0.0647857
FixedParameters: 0 0 0

#Transform 164
Transform: AffineTransform_float_3_3
Parameters: 0.999995 0.00152883 0.00287536 -0.00154804 0.999978 0.00641363 -0.00286596 -0.00641818 0.999975 -0.126139 -0.179144 -0.077045
FixedParameters: 0 0 0

#Transform 165
Transform: AffineTransform_float_3_3
Parameters: 0.999995 0.00162182 0.00283201 -0.00164072 0.999977 0.00645775 -0.00282127 -0.00646269 0.999975 -0.127626 -0.18831 -0.0814571
FixedParameters: 0 0 0

#Transform 166
Transform: AffineTransform_float_3_3
Parameters: 0.999994 0.00166626 0.00296003 -0.00168478 0.999979 0.00626488 -0.00294974 -0.00626985 0.999975 -0.134395 -0.179242 -0.0745343
FixedParameters: 0 0 0

#Transform 167
Transform: AffineTransform_float_3_3
Parameters: 0.999995 0.00161747 0.0028342 -0.00163556 0.999977 0.00646786 -0.00282392 -0.00647276 0.999975 -0.128905 -0.177055 -0.0682193
FixedParameters: 0 0 0

#Transform 168
Transform: AffineTransform_float_3_3
Parameters: 0.999995 0.00153508 0.0028772 -0.0015555 0.999975 0.00678155 -0.00286708 -0.00678612 0.999973 -0.126383 -0.190058 -0.0693553
FixedParameters: 0 0 0

#Transform 169
Transform: AffineTransform_float_3_3
Parameters: 0.999995 0.00153175 0.00287622 -0.00155105 0.999977 0.00658561 -0.00286672 -0.00659015 0.999974 -0.131092 -0.184384 -0.0674768
FixedParameters: 0 0 0

#Transform 170
Transform: AffineTransform_float_3_3
Parameters: 0.999995 0.00153971 0.00287856 -0.0015608 0.999974 0.0070545 -0.00286804 -0.00705908 0.999971 -0.125348 -0.192884 -0.0932969
FixedParameters: 0 0 0

#Transform 171
Transform: AffineTransform_float_3_3
Parameters: 0.999994 0.00163441 0.00307933 -0.00165609 0.999974 0.00705174 -0.00306743 -0.0070567 0.99997 -0.134253 -0.209588 -0.101929
FixedParameters: 0 0 0

#Transform 172
Transform: AffineTransform_float_3_3
Parameters: 0.999994 0.00161698 0.00304615 -0.00163881 0.999974 0.00692926 -0.00303533 -0.00693403 0.999971 -0.138461 -0.203143 -0.0937233
FixedParameters: 0 0 0

#Transform 173
Transform: AffineTransform_float_3_3
Parameters: 0.999995 0.00154029 0.00287873 -0.00156158 0.999973 0.00708848 -0.00286809 -0.00709307 0.99997 -0.132499 -0.208136 -0.0978608
FixedParameters: 0 0 0

#Transform 174
Transform: AffineTransform_float_3_3
Parameters: 0.999994 0.00176272 0.00303742 -0.00178377 0.999974 0.00712186 -0.00302482 -0.00712682 0.99997 -0.136937 -0.209385 -0.0945487
FixedParameters: 0 0 0

#Transform 175
Transform: AffineTransform_float_3_3
Parameters: 0.999994 0.00172452 0.00299737 -0.00174614 0.999973 0.00716312 -0.00298476 -0.00716836 0.99997 -0.139742 -0.214332 -0.0912652
FixedParameters: 0 0 0

#Transform 176
Transform: AffineTransform_float_3_3
Parameters: 0.999995 0.00166373 0.00282082 -0.00168387 0.999973 0.00711301 -0.00280973 -0.0071181 0.999971 -0.12576 -0.206664 -0.0842294
FixedParameters: 0 0 0

#Transform 177
Transform: AffineTransform_float_3_3
Parameters: 0.999995 0.00159263 0.00285601 -0.00161354 0.999973 0.00724047 -0.00284466 -0.00724526 0.99997 -0.130863 -0.208056 -0.0822502
FixedParameters: 0 0 0

#Transform 178
Transform: AffineTransform_float_3_3
Parameters: 0.999995 0.00154429 0.0028799 -0.00156604 0.999972 0.00732444 -0.00286898 -0.00732904 0.999969 -0.134984 -0.209779 -0.092285
FixedParameters: 0 0 0

#Transform 179
Transform: AffineTransform_float_3_3
Parameters: 0.999994 0.00170135 0.00308124 -0.00172481 0.999971 0.00741526 -0.00306859 -0.00742063 0.999968 -0.139006 -0.212787 -0.0990224
FixedParameters: 0 0 0

#Transform 180
Transform: AffineTransform_float_3_3
Parameters: 0.999995 0.00172992 0.00297342 -0.00175214 0.99997 0.00755421 -0.00296125 -0.00755937 0.999968 -0.138157 -0.210853 -0.0973637
FixedParameters: 0 0 0

#Transform 181
Transform: AffineTransform_float_3_3
Parameters: 0.999995 0.00154735 0.0028808 -0.00156926 0.99997 0.00750581 -0.00286977 -0.00750962 0.999968 -0.132441 -0.208488 -0.103443
FixedParameters: 0 0 0

#Transform 182
Transform: AffineTransform_float_3_3
Parameters: 0.999994 0.00165371 0.00292656 -0.00167527 0.999971 0.00748198 -0.00291443 -0.00748592 0.999968 -0.132085 -0.220021 -0.0986371
FixedParameters: 0 0 0

#Transform 183
Transform: AffineTransform_float_3_3
Parameters: 0.999994 0.00166329 0.00312453 -0.00168708 0.99997 0.00757976 -0.00311145 -0.00758439 0.999966 -0.13869 -0.226672 -0.0956517
FixedParameters: 0 0 0

#Transform 184
Transform: AffineTransform_float_3_3
Parameters: 0.999994 0.00171313 0.00307846 -0.00173746 0.999969 0.00771187 -0.00306511 -0.00771666 0.999965 -0.137515 -0.234638 -0.0903418
FixedParameters: 0 0 0

#Transform 185
Transform: AffineTransform_float_3_3
Parameters: 0.999994 0.00165066 0.00308968 -0.00167463 0.999968 0.00784348 -0.00307644 -0.00784852 0.999965 -0.133869 -0.22977 -0.0914494
FixedParameters: 0 0 0

#Transform 186
Transform: AffineTransform_float_3_3
Parameters: 0.999994 0.00172458 0.00299373 -0.00174868 0.999967 0.00789889 -0.00297962 -0.00790486 0.999964 -0.135296 -0.224843 -0.0953514
FixedParameters: 0 0 0

#Transform 187
Transform: AffineTransform_float_3_3
Parameters: 0.999994 0.00157151 0.00312833 -0.0015951 0.99997 0.00760804 -0.00311567 -0.00761274 0.999966 -0.1394 -0.22232 -0.100428
FixedParameters: 0 0 0

#Transform 188
Transform: AffineTransform_float_3_3
Parameters: 0.999996 0.0014228 0.00257581 -0.00144569 0.99996 0.00878561 -0.00256383 -0.00878937 0.999958 -0.119275 -0.257278 -0.108172
FixedParameters: 0 0 0

#Transform 189
Transform: AffineTransform_float_3_3
Parameters: 0.999996 0.00119241 0.00263542 -0.00121687 0.999956 0.00931079 -0.00262415 -0.00931411 0.999954 -0.126992 -0.268981 -0.13223
FixedParameters: 0 0 0
