#Insight Transform File V1.0
#Transform 0
Transform: AffineTransform_float_3_3
Parameters: 0.999999 -0.000589319 0.00135892 0.000592857 0.999996 -0.00276454 -0.00135719 0.00276545 0.999995 -0.0464821 0.0784861 0.0266569
FixedParameters: 0 0 0

#Transform 1
Transform: AffineTransform_float_3_3
Parameters: 0.999999 -0.000595313 0.00121029 0.000598567 0.999996 -0.00261396 -0.00120914 0.00261473 0.999996 -0.0387161 0.0828063 0.0215352
FixedParameters: 0 0 0

#Transform 2
Transform: AffineTransform_float_3_3
Parameters: 0.999999 -0.000631048 0.00112562 0.000633595 0.999997 -0.0023121 -0.00112371 0.00231347 0.999996 -0.0394559 0.0739359 0.0187253
FixedParameters: 0 0 0

#Transform 3
Transform: AffineTransform_float_3_3
Parameters: 1 -0.000699275 0.000985945 0.000702168 0.999997 -0.00235309 -0.000984113 0.00235382 0.999997 -0.0337642 0.0746108 0.0201015
FixedParameters: 0 0 0

#Transform 4
Transform: AffineTransform_float_3_3
Parameters: 0.999999 -0.00048186 0.00088054 0.000484313 0.999997 -0.00238032 -0.000879746 0.00238052 0.999997 -0.0318989 0.0740216 0.0253229
FixedParameters: 0 0 0

#Transform 5
Transform: AffineTransform_float_3_3
Parameters: 0.999999 -0.000351575 0.00065307 0.000353274 0.999997 -0.00230031 -0.000652053 0.00230012 0.999998 -0.024478 0.0754137 0.0212672
FixedParameters: 0 0 0

#Transform 6
Transform: AffineTransform_float_3_3
Parameters: 1 -0.000266809 0.000579998 0.000268154 0.999998 -0.00229301 -0.000579359 0.00229329 0.999997 -0.0229963 0.068933 0.0358919
FixedParameters: 0 0 0

#Transform 7
Transform: AffineTransform_float_3_3
Parameters: 1 -0.00023963 0.00063171 0.000241056 0.999998 -0.0021697 -0.000631254 0.00216998 0.999998 -0.0275812 0.0736251 0.0336735
FixedParameters: 0 0 0

#Transform 8
Transform: AffineTransform_float_3_3
Parameters: 1 -0.00028868 0.000521693 0.000289381 0.999998 -0.00193831 -0.00052112 0.00193859 0.999998 -0.0196112 0.0714726 0.0300296
FixedParameters: 0 0 0

#Transform 9
Transform: AffineTransform_float_3_3
Parameters: 0.999999 -0.000181816 0.000741542 0.000183323 0.999998 -0.0019 -0.000741414 0.00189962 0.999998 -0.0314963 0.0620977 0.0147784
FixedParameters: 0 0 0

#Transform 10
Transform: AffineTransform_float_3_3
Parameters: 1 -0.000214626 0.000480754 0.000216484 0.999998 -0.00190947 -0.000480028 0.00190905 0.999999 -0.0187558 0.0579262 0.0181117
FixedParameters: 0 0 0

#Transform 11
Transform: AffineTransform_float_3_3
Parameters: 1 -0.000105132 0.000552801 0.000106415 0.999998 -0.00195596 -0.000552051 0.00195543 0.999998 -0.0234856 0.0579611 0.0187425
FixedParameters: 0 0 0

#Transform 12
Transform: AffineTransform_float_3_3
Parameters: 1 -4.02849e-05 0.000564681 4.10868e-05 0.999998 -0.00187851 -0.000565075 0.00187853 0.999998 -0.0237372 0.0620159 0.0194604
FixedParameters: 0 0 0

#Transform 13
Transform: AffineTransform_float_3_3
Parameters: 1 9.69533e-05 0.0006097 -9.5803e-05 0.999998 -0.00168803 -0.000609662 0.00168867 0.999999 -0.0246268 0.0623703 0.00950859
FixedParameters: 0 0 0

#Transform 14
Transform: AffineTransform_float_3_3
Parameters: 1 0.000225968 0.000550026 -0.000225221 0.999999 -0.0014918 -0.000550306 0.00149154 0.999998 -0.0186805 0.044132 0.0134163
FixedParameters: 0 0 0

#Transform 15
Transform: AffineTransform_float_3_3
Parameters: 1 0.000185161 0.000568319 -0.000184237 0.999998 -0.00159906 -0.000568516 0.00159883 0.999998 -0.0226264 0.0481664 0.0140325
FixedParameters: 0 0 0

#Transform 16
Transform: AffineTransform_float_3_3
Parameters: 1 6.47248e-05 0.000627184 -6.36905e-05 0.999999 -0.00153779 -0.000626989 0.00153769 0.999998 -0.0256058 0.0468537 0.0131908
FixedParameters: 0 0 0

#Transform 17
Transform: AffineTransform_float_3_3
Parameters: 1 -0.000144694 0.000437194 0.000144333 1 -0.00110481 -0.000437382 0.00110491 1 -0.0141816 0.0307932 0.0224596
FixedParameters: 0 0 0

#Transform 18
Transform: AffineTransform_float_3_3
Parameters: 1 0.00042422 0.000462445 -0.000424317 0.999999 -0.000884005 -0.000462792 0.000884373 1 -0.0172343 0.0260628 0.016103
FixedParameters: 0 0 0

#Transform 19
Transform: AffineTransform_float_3_3
Parameters: 1 -0.000166314 0.000608403 0.000166671 1 -0.0010289 -0.000607667 0.00102909 1 -0.0255916 0.0547999 -0.000920179
FixedParameters: 0 0 0

#Transform 20
Transform: AffineTransform_float_3_3
Parameters: 1 -0.000222766 0.000466614 0.00022286 0.999999 -0.00104911 -0.000465771 0.00104868 1 -0.0204556 0.0397593 0.0171745
FixedParameters: 0 0 0

#Transform 21
Transform: AffineTransform_float_3_3
Parameters: 1 6.49604e-05 0.000639192 -6.42092e-05 1 -0.000587639 -0.000639268 0.000587556 0.999999 -0.0262277 0.021324 0.0169934
FixedParameters: 0 0 0

#Transform 22
Transform: AffineTransform_float_3_3
Parameters: 1 -0.000426004 -0.00048489 0.000425891 0.999999 0.000827461 0.000484588 -0.000827113 1 0.0179378 -0.0120801 -0.011723
FixedParameters: 0 0 0

#Transform 23
Transform: AffineTransform_float_3_3
Parameters: 1 -0.000288143 -0.00051597 0.000288308 0.999999 0.00104694 0.00051577 -0.00104647 0.999999 0.0201918 -0.0163061 -0.0246388
FixedParameters: 0 0 0

#Transform 24
Transform: AffineTransform_float_3_3
Parameters: 1 -0.000223338 -0.0003882 0.000223404 0.999999 0.00123692 0.00038804 -0.00123711 0.999999 0.0154624 -0.0293715 -0.0364782
FixedParameters: 0 0 0

#Transform 25
Transform: AffineTransform_float_3_3
Parameters: 1 0.000215549 -0.000545524 -0.000214405 1 0.00104194 0.000545933 -0.0010417 1 0.0166982 -0.0200568 -0.0418964
FixedParameters: 0 0 0

#Transform 26
Transform: AffineTransform_float_3_3
Parameters: 1 0.000127517 -0.000556222 -0.000126136 0.999999 0.00123472 0.000556495 -0.00123458 0.999999 0.0191621 -0.02224 -0.0315034
FixedParameters: 0 0 0

#Transform 27
Transform: AffineTransform_float_3_3
Parameters: 1 0.000315427 -0.000450283 -0.000315008 0.999999 0.00145572 0.000451593 -0.00145546 0.999999 0.0137027 -0.0283216 -0.0404177
FixedParameters: 0 0 0

#Transform 28
Transform: AffineTransform_float_3_3
Parameters: 1 0.000334379 -0.000375317 -0.000334191 0.999999 0.00143907 0.000376672 -0.00143883 0.999999 0.00566459 -0.0428721 -0.044482
FixedParameters: 0 0 0

#Transform 29
Transform: AffineTransform_float_3_3
Parameters: 1 0.00042675 -4.64836e-05 -0.000426588 0.999998 0.00164305 4.7846e-05 -0.00164301 0.999998 -0.00871972 -0.0372133 -0.0456563
FixedParameters: 0 0 0

#Transform 30
Transform: AffineTransform_float_3_3
Parameters: 1 0.000464143 2.62314e-05 -0.000464655 0.999999 0.00178704 -2.55516e-05 -0.00178707 0.999999 -0.0133706 -0.0436723 -0.0467134
FixedParameters: 0 0 0

#Transform 31
Transform: AffineTransform_float_3_3
Parameters: 1 0.000449532 -3.61321e-06 -0.000449503 0.999999 0.00176846 5.12376e-06 -0.00176845 0.999999 -0.0133822 -0.026209 -0.0593311
FixedParameters: 0 0 0

#Transform 32
Transform: AffineTransform_float_3_3
Parameters: 1 0.000423239 -6.59968e-05 -0.000423398 0.999998 0.00196525 6.66806e-05 -0.0019652 0.999998 -0.0111052 -0.0505826 -0.0580982
FixedParameters: 0 0 0

#Transform 33
Transform: AffineTransform_float_3_3
Parameters: 1 0.000391549 -0.000130262 -0.000391034 0.999998 0.00191212 0.000131679 -0.00191202 0.999998 -0.00879102 -0.0428319 -0.0463653
FixedParameters: 0 0 0

#Transform 34
Transform: AffineTransform_float_3_3
Parameters: 1 0.000514957 -0.000455577 -0.000513642 0.999998 0.00189016 0.000456524 -0.00189033 0.999999 0.00779219 -0.0401328 -0.0404131
FixedParameters: 0 0 0

#Transform 35
Transform: AffineTransform_float_3_3
Parameters: 0.999999 0.000606683 -0.00049841 -0.000605133 0.999997 0.00196358 0.000499792 -0.0019636 0.999998 0.0072879 -0.039796 -0.0481223
FixedParameters: 0 0 0

#Transform 36
Transform: AffineTransform_float_3_3
Parameters: 0.999999 0.000550145 -0.000468139 -0.000549394 0.999998 0.0022014 0.000469972 -0.00220091 0.999998 0.00572225 -0.0551636 -0.0462345
FixedParameters: 0 0 0

#Transform 37
Transform: AffineTransform_float_3_3
Parameters: 1 0.000438232 -0.000290267 -0.000437352 0.999998 0.00222289 0.000291193 -0.00222264 0.999998 -0.00181383 -0.0538903 -0.0617597
FixedParameters: 0 0 0

#Transform 38
Transform: AffineTransform_float_3_3
Parameters: 0.999999 0.00056667 -0.000539904 -0.000565908 0.999997 0.00231157 0.000541017 -0.00231161 0.999998 0.00892761 -0.055152 -0.0580071
FixedParameters: 0 0 0

#Transform 39
Transform: AffineTransform_float_3_3
Parameters: 1 0.000635066 -0.000839918 -0.000632926 0.999996 0.00284639 0.000842471 -0.00284538 0.999995 0.0217156 -0.0799641 -0.0628215
FixedParameters: 0 0 0

#Transform 40
Transform: AffineTransform_float_3_3
Parameters: 1 0.000733571 -0.00090561 -0.000731028 0.999994 0.00332808 0.00090753 -0.00332744 0.999994 0.0252532 -0.085606 -0.0824923
FixedParameters: 0 0 0

#Transform 41
Transform: AffineTransform_float_3_3
Parameters: 1 0.000628246 -0.00101625 -0.000624184 0.999992 0.00370961 0.00101791 -0.00370903 0.999993 0.0294614 -0.0915677 -0.0932716
FixedParameters: 0 0 0

#Transform 42
Transform: AffineTransform_float_3_3
Parameters: 1 0.000576431 -0.00101191 -0.000572536 0.999992 0.00408064 0.00101396 -0.00408018 0.999992 0.0291385 -0.104925 -0.0983885
FixedParameters: 0 0 0

#Transform 43
Transform: AffineTransform_float_3_3
Parameters: 1 0.000188105 -0.000272188 -0.000187235 0.999992 0.00394305 0.000272883 -0.00394297 0.999992 -0.00261828 -0.0831465 -0.112735
FixedParameters: 0 0 0

#Transform 44
Transform: AffineTransform_float_3_3
Parameters: 1 0.000266823 -0.000307739 -0.000265574 0.999991 0.00408386 0.00030911 -0.00408434 0.999992 -0.000569806 -0.093748 -0.124697
FixedParameters: 0 0 0

#Transform 45
Transform: AffineTransform_float_3_3
Parameters: 1 0.000339581 -0.000336001 -0.000337775 0.999989 0.00455646 0.000338222 -0.00455626 0.999989 0.00142197 -0.116606 -0.151419
FixedParameters: 0 0 0

#Transform 46
Transform: AffineTransform_float_3_3
Parameters: 1 0.000371834 -0.000355698 -0.000370088 0.999991 0.00422984 0.000358011 -0.0042296 0.999991 0.00261231 -0.100405 -0.162101
FixedParameters: 0 0 0

#Transform 47
Transform: AffineTransform_float_3_3
Parameters: 1 0.000511369 -0.00026662 -0.000509982 0.999992 0.00409375 0.000268642 -0.00409349 0.999992 -0.00696555 -0.0961674 -0.161421
FixedParameters: 0 0 0

#Transform 48
Transform: AffineTransform_float_3_3
Parameters: 1 0.000616841 -0.000347092 -0.000616094 0.999991 0.004142 0.000349572 -0.00414161 0.999992 -0.0026494 -0.108902 -0.19388
FixedParameters: 0 0 0

#Transform 49
Transform: AffineTransform_float_3_3
Parameters: 0.999999 0.000685481 -0.00033379 -0.000683787 0.999991 0.00434028 0.000336664 -0.00434061 0.99999 -0.00602462 -0.116272 -0.213625
FixedParameters: 0 0 0

#Transform 50
Transform: AffineTransform_float_3_3
Parameters: 1 0.000685197 -0.000164269 -0.000684076 0.999991 0.00433959 0.00016671 -0.00434014 0.99999 -0.0157076 -0.108907 -0.206143
FixedParameters: 0 0 0

#Transform 51
Transform: AffineTransform_float_3_3
Parameters: 0.999999 0.000693198 -0.000386307 -0.000691139 0.99999 0.00425072 0.000389132 -0.0042502 0.999991 -0.00308459 -0.0985024 -0.191226
FixedParameters: 0 0 0

#Transform 52
Transform: AffineTransform_float_3_3
Parameters: 0.999999 0.000829143 -0.000202445 -0.000827689 0.99999 0.00436332 0.000206142 -0.00436298 0.999991 -0.0176385 -0.105042 -0.200735
FixedParameters: 0 0 0

#Transform 53
Transform: AffineTransform_float_3_3
Parameters: 0.999999 0.000888959 -0.000249802 -0.0008882 0.999988 0.00475202 0.000254198 -0.00475237 0.999988 -0.0152609 -0.112356 -0.206755
FixedParameters: 0 0 0

#Transform 54
Transform: AffineTransform_float_3_3
Parameters: 0.999999 0.000885103 -0.000388545 -0.000883024 0.999988 0.00475271 0.0003929 -0.00475282 0.999988 -0.00971263 -0.107275 -0.200129
FixedParameters: 0 0 0

#Transform 55
Transform: AffineTransform_float_3_3
Parameters: 0.999999 0.000874644 -0.000184342 -0.000873608 0.999988 0.00475203 0.000188168 -0.00475249 0.999988 -0.0181869 -0.109503 -0.202184
FixedParameters: 0 0 0

#Transform 56
Transform: AffineTransform_float_3_3
Parameters: 0.999999 0.00093354 -0.000286463 -0.00093243 0.999988 0.00475131 0.00029128 -0.00475157 0.999988 -0.0190693 -0.111092 -0.203213
FixedParameters: 0 0 0

#Transform 57
Transform: AffineTransform_float_3_3
Parameters: 1 0.000707365 8.79628e-06 -0.00070644 0.99999 0.00432564 -5.6872e-06 -0.004325 0.99999 -0.0262273 -0.0889337 -0.229634
FixedParameters: 0 0 0

#Transform 58
Transform: AffineTransform_float_3_3
Parameters: 1 0.000537189 9.40864e-05 -0.000537407 0.999992 0.00399679 -9.14421e-05 -0.00399687 0.999992 -0.0258251 -0.0919354 -0.231977
FixedParameters: 0 0 0

#Transform 59
Transform: AffineTransform_float_3_3
Parameters: 1 0.000466286 0.000532934 -0.000467678 0.999993 0.00390148 -0.000530905 -0.00390192 0.999992 -0.0487179 -0.072846 -0.231827
FixedParameters: 0 0 0

#Transform 60
Transform: AffineTransform_float_3_3
Parameters: 1 0.00043462 0.00045388 -0.000435696 0.999991 0.0042405 -0.000451844 -0.00424083 0.999991 -0.0404874 -0.0887095 -0.245662
FixedParameters: 0 0 0

#Transform 61
Transform: AffineTransform_float_3_3
Parameters: 0.999999 0.000515042 0.000615472 -0.000516834 0.99999 0.00444827 -0.000613009 -0.00444883 0.99999 -0.0514262 -0.0941943 -0.256154
FixedParameters: 0 0 0

#Transform 62
Transform: AffineTransform_float_3_3
Parameters: 1 0.000456405 0.000494196 -0.000458399 0.999991 0.00438992 -0.000492776 -0.00439032 0.99999 -0.0439951 -0.0825971 -0.259772
FixedParameters: 0 0 0

#Transform 63
Transform: AffineTransform_float_3_3
Parameters: 0.999999 0.000641282 0.000450303 -0.000643586 0.999989 0.00469439 -0.000447807 -0.00469492 0.999989 -0.0464719 -0.093392 -0.247974
FixedParameters: 0 0 0

#Transform 64
Transform: AffineTransform_float_3_3
Parameters: 1 0.000524407 0.000457185 -0.000525993 0.999989 0.00478859 -0.000453912 -0.00478838 0.999988 -0.0449915 -0.0930758 -0.246999
FixedParameters: 0 0 0

#Transform 65
Transform: AffineTransform_float_3_3
Parameters: 0.999999 0.000663831 0.000430668 -0.00066637 0.999986 0.00518851 -0.000427411 -0.00518825 0.999987 -0.0453069 -0.113549 -0.266731
FixedParameters: 0 0 0

#Transform 66
Transform: AffineTransform_float_3_3
Parameters: 0.999999 0.000665248 0.000547112 -0.000667818 0.999985 0.00534105 -0.000543208 -0.00534092 0.999986 -0.050083 -0.117636 -0.278478
FixedParameters: 0 0 0

#Transform 67
Transform: AffineTransform_float_3_3
Parameters: 0.999999 0.00067877 0.000552529 -0.000681876 0.999985 0.00539736 -0.000549312 -0.00539804 0.999985 -0.0519694 -0.114686 -0.277177
FixedParameters: 0 0 0

#Transform 68
Transform: AffineTransform_float_3_3
Parameters: 0.999999 0.000729487 0.000506313 -0.000732034 0.999986 0.00531071 -0.000502651 -0.00530998 0.999986 -0.052549 -0.111821 -0.273645
FixedParameters: 0 0 0

#Transform 69
Transform: AffineTransform_float_3_3
Parameters: 0.999999 0.000752108 0.000326624 -0.000754074 0.999985 0.00533479 -0.000323144 -0.00533524 0.999985 -0.0467385 -0.10967 -0.27077
FixedParameters: 0 0 0

#Transform 70
Transform: AffineTransform_float_3_3
Parameters: 1 0.000701359 0.000268497 -0.000702179 0.999986 0.00514903 -0.000264885 -0.00514936 0.999986 -0.0448213 -0.106612 -0.263374
FixedParameters: 0 0 0

#Transform 71
Transform: AffineTransform_float_3_3
Parameters: 1 0.000663437 0.000182829 -0.000664361 0.999985 0.0054262 -0.000178886 -0.00542641 0.999985 -0.0326821 -0.10979 -0.272651
FixedParameters: 0 0 0

#Transform 72
Transform: AffineTransform_float_3_3
Parameters: 1 0.000675183 0.000178507 -0.000676091 0.999984 0.005518 -0.000174313 -0.00551821 0.999984 -0.0277727 -0.119017 -0.27924
FixedParameters: 0 0 0

#Transform 73
Transform: AffineTransform_float_3_3
Parameters: 0.999999 0.00081074 0.000120512 -0.000811521 0.999982 0.00597463 -0.000115101 -0.00597479 0.999982 -0.032873 -0.132447 -0.293787
FixedParameters: 0 0 0

#Transform 74
Transform: AffineTransform_float_3_3
Parameters: 0.999999 0.000809657 0.000120272 -0.000810422 0.999982 0.00591964 -0.000114963 -0.00591981 0.999983 -0.0353435 -0.137755 -0.290087
FixedParameters: 0 0 0

#Transform 75
Transform: AffineTransform_float_3_3
Parameters: 0.999999 0.00078637 6.89893e-05 -0.000786975 0.999982 0.00597533 -6.47702e-05 -0.00597541 0.999982 -0.0333031 -0.143416 -0.279207
FixedParameters: 0 0 0

#Transform 76
Transform: AffineTransform_float_3_3
Parameters: 0.999999 0.00103927 -0.000125921 -0.00103887 0.999981 0.00597117 0.000132679 -0.0059709 0.999982 -0.0268702 -0.134937 -0.280058
FixedParameters: 0 0 0

#Transform 77
Transform: AffineTransform_float_3_3
Parameters: 0.999999 0.00105638 5.39959e-06 -0.00105572 0.999981 0.00605089 8.55674e-07 -0.00605164 0.999981 -0.0338074 -0.137355 -0.295873
FixedParameters: 0 0 0

#Transform 78
Transform: AffineTransform_float_3_3
Parameters: 0.999999 0.00113289 -0.0001551 -0.00113163 0.999981 0.00610131 0.00016191 -0.00610032 0.999981 -0.0292916 -0.142623 -0.292723
FixedParameters: 0 0 0

#Transform 79
Transform: AffineTransform_float_3_3
Parameters: 1 0.00112626 -0.000156603 -0.0011251 0.999982 0.00576956 0.000162688 -0.0057692 0.999984 -0.02929 -0.131983 -0.301752
FixedParameters: 0 0 0

#Transform 80
Transform: AffineTransform_float_3_3
Parameters: 1 0.0011742 -5.45665e-05 -0.00117378 0.999983 0.00574814 6.20594e-05 -0.00574799 0.999984 -0.03417 -0.129283 -0.295928
FixedParameters: 0 0 0

#Transform 81
Transform: AffineTransform_float_3_3
Parameters: 0.999999 0.00132011 -0.000128494 -0.00131939 0.999984 0.00540535 0.000135953 -0.00540437 0.999985 -0.037047 -0.119707 -0.30068
FixedParameters: 0 0 0

#Transform 82
Transform: AffineTransform_float_3_3
Parameters: 0.999999 0.00140258 -0.000171942 -0.00140148 0.999986 0.00509867 0.000179484 -0.00509896 0.999987 -0.0370445 -0.107313 -0.306909
FixedParameters: 0 0 0

#Transform 83
Transform: AffineTransform_float_3_3
Parameters: 0.999999 0.00149398 5.85128e-06 -0.00149379 0.999985 0.00531386 2.81528e-06 -0.00531399 0.999985 -0.0469147 -0.123402 -0.308811
FixedParameters: 0 0 0

#Transform 84
Transform: AffineTransform_float_3_3
Parameters: 0.999999 0.00144943 -0.000189711 -0.00144846 0.999985 0.00540772 0.000197663 -0.00540731 0.999985 -0.0387417 -0.127184 -0.308674
FixedParameters: 0 0 0

#Transform 85
Transform: AffineTransform_float_3_3
Parameters: 0.999999 0.00154973 -0.000326267 -0.00154757 0.999983 0.00560047 0.000334954 -0.00559961 0.999984 -0.0370539 -0.123447 -0.315359
FixedParameters: 0 0 0

#Transform 86
Transform: AffineTransform_float_3_3
Parameters: 0.999999 0.00149378 -0.00044783 -0.00149151 0.999982 0.00569135 0.000455675 -0.00569081 0.999983 -0.0265435 -0.126945 -0.309032
FixedParameters: 0 0 0

#Transform 87
Transform: AffineTransform_float_3_3
Parameters: 0.999999 0.00144012 -0.000554436 -0.00143731 0.999983 0.00551588 0.000562535 -0.00551509 0.999984 -0.0175474 -0.117245 -0.297065
FixedParameters: 0 0 0

#Transform 88
Transform: AffineTransform_float_3_3
Parameters: 0.999999 0.00145313 -0.000514486 -0.00145111 0.999986 0.00518736 0.000521819 -0.00518668 0.999987 -0.0198972 -0.104738 -0.297084
FixedParameters: 0 0 0

#Transform 89
Transform: AffineTransform_float_3_3
Parameters: 0.999999 0.00131987 -0.000404902 -0.00131773 0.999986 0.00510541 0.000411144 -0.00510513 0.999987 -0.0267607 -0.0944211 -0.299183
FixedParameters: 0 0 0

#Transform 90
Transform: AffineTransform_float_3_3
Parameters: 0.999999 0.00140506 -0.000294399 -0.00140378 0.999983 0.00551529 0.000302587 -0.00551525 0.999985 -0.0291181 -0.115936 -0.300661
FixedParameters: 0 0 0

#Transform 91
Transform: AffineTransform_float_3_3
Parameters: 0.999999 0.00147278 -0.000287184 -0.00147057 0.999982 0.00570839 0.00029618 -0.00570753 0.999984 -0.0344627 -0.125005 -0.309169
FixedParameters: 0 0 0

#Transform 92
Transform: AffineTransform_float_3_3
Parameters: 0.999999 0.00155025 -0.000335713 -0.0015478 0.999981 0.00588196 0.000345206 -0.00588028 0.999983 -0.0291809 -0.130412 -0.31995
FixedParameters: 0 0 0

#Transform 93
Transform: AffineTransform_float_3_3
Parameters: 0.999999 0.00153189 -0.000374592 -0.00152985 0.999982 0.0058823 0.000384279 -0.00588194 0.999983 -0.0350382 -0.129715 -0.319829
FixedParameters: 0 0 0

#Transform 94
Transform: AffineTransform_float_3_3
Parameters: 0.999999 0.00155245 -0.000465879 -0.00154999 0.999982 0.00567531 0.000474341 -0.00567466 0.999984 -0.0315559 -0.130311 -0.307244
FixedParameters: 0 0 0

#Transform 95
Transform: AffineTransform_float_3_3
Parameters: 0.999999 0.00141649 -0.000503054 -0.00141291 0.999982 0.00592319 0.00051149 -0.00592256 0.999983 -0.0207952 -0.131208 -0.304355
FixedParameters: 0 0 0

#Transform 96
Transform: AffineTransform_float_3_3
Parameters: 0.999999 0.00137359 -0.000552381 -0.00137067 0.999981 0.00600425 0.000560066 -0.00600355 0.999982 -0.0191555 -0.125205 -0.316342
FixedParameters: 0 0 0

#Transform 97
Transform: AffineTransform_float_3_3
Parameters: 0.999998 0.00150927 -0.000719722 -0.00150503 0.999982 0.00583443 0.000727655 -0.00583309 0.999982 -0.0137991 -0.129583 -0.309685
FixedParameters: 0 0 0

#Transform 98
Transform: AffineTransform_float_3_3
Parameters: 0.999998 0.001576 -0.000812869 -0.00157114 0.99998 0.00608568 0.00082272 -0.00608396 0.999981 -0.0171856 -0.129801 -0.305221
FixedParameters: 0 0 0

#Transform 99
Transform: AffineTransform_float_3_3
Parameters: 0.999998 0.0016336 -0.000771066 -0.00162925 0.999979 0.00633903 0.000781499 -0.00633813 0.999979 -0.011182 -0.143952 -0.307396
FixedParameters: 0 0 0

#Transform 100
Transform: AffineTransform_float_3_3
Parameters: 0.999998 0.00158554 -0.00115569 -0.0015787 0.99998 0.0060984 0.00116567 -0.00609625 0.999981 0.00345522 -0.133825 -0.307631
FixedParameters: 0 0 0

#Transform 101
Transform: AffineTransform_float_3_3
Parameters: 0.999998 0.0016563 -0.00105862 -0.00164987 0.999979 0.00624543 0.00106859 -0.0062428 0.99998 -0.00257822 -0.137861 -0.29702
FixedParameters: 0 0 0

#Transform 102
Transform: AffineTransform_float_3_3
Parameters: 0.999999 0.0015293 -0.0011151 -0.00152284 0.99998 0.00614587 0.00112454 -0.00614476 0.999981 0.00272704 -0.134271 -0.302301
FixedParameters: 0 0 0

#Transform 103
Transform: AffineTransform_float_3_3
Parameters: 0.999998 0.00152091 -0.000993191 -0.00151464 0.999979 0.00634247 0.00100261 -0.00634172 0.999979 -0.0100463 -0.137418 -0.309356
FixedParameters: 0 0 0

#Transform 104
Transform: AffineTransform_float_3_3
Parameters: 0.999998 0.00154008 -0.00113228 -0.0015334 0.99998 0.00615157 0.00114188 -0.00614975 0.99998 0.00231721 -0.134882 -0.303041
FixedParameters: 0 0 0

#Transform 105
Transform: AffineTransform_float_3_3
Parameters: 0.999998 0.00142935 -0.00136608 -0.0014206 0.999981 0.00602695 0.0013753 -0.00602536 0.99998 0.0123918 -0.124853 -0.299088
FixedParameters: 0 0 0

#Transform 106
Transform: AffineTransform_float_3_3
Parameters: 0.999998 0.00150701 -0.00142954 -0.00149753 0.99998 0.00616286 0.00143916 -0.00616087 0.99998 0.00779027 -0.129808 -0.306505
FixedParameters: 0 0 0

#Transform 107
Transform: AffineTransform_float_3_3
Parameters: 0.999998 0.00157079 -0.00145999 -0.00156231 0.999981 0.00585134 0.00146856 -0.00584893 0.999982 0.0129628 -0.126565 -0.290107
FixedParameters: 0 0 0

#Transform 108
Transform: AffineTransform_float_3_3
Parameters: 0.999998 0.00149876 -0.00137113 -0.00149056 0.999981 0.00596167 0.0013801 -0.00595988 0.999981 0.0117315 -0.130895 -0.283697
FixedParameters: 0 0 0

#Transform 109
Transform: AffineTransform_float_3_3
Parameters: 0.999998 0.00146452 -0.00105439 -0.00145795 0.999981 0.00593796 0.00106291 -0.00593573 0.999982 -0.00227762 -0.120087 -0.310682
FixedParameters: 0 0 0

#Transform 110
Transform: AffineTransform_float_3_3
Parameters: 0.999999 0.00149692 -0.00117639 -0.00148987 0.999981 0.00590613 0.00118565 -0.00590412 0.999982 0.00400233 -0.127693 -0.307147
FixedParameters: 0 0 0

#Transform 111
Transform: AffineTransform_float_3_3
Parameters: 0.999999 0.00146541 -0.00108112 -0.00145869 0.999983 0.00565382 0.00108981 -0.00565291 0.999983 -0.000973622 -0.125168 -0.29683
FixedParameters: 0 0 0

#Transform 112
Transform: AffineTransform_float_3_3
Parameters: 0.999998 0.00140537 -0.000944825 -0.00140014 0.999982 0.00591852 0.0009526 -0.00591673 0.999982 -0.00445116 -0.12339 -0.309352
FixedParameters: 0 0 0

#Transform 113
Transform: AffineTransform_float_3_3
Parameters: 0.999998 0.00140528 -0.000998642 -0.00139904 0.99998 0.00609302 0.00100684 -0.0060917 0.999981 -0.000829994 -0.141958 -0.315916
FixedParameters: 0 0 0

#Transform 114
Transform: AffineTransform_float_3_3
Parameters: 0.999999 0.00134701 -0.000819043 -0.00134248 0.999981 0.00612606 0.000827552 -0.00612471 0.999981 -0.0105194 -0.143474 -0.316595
FixedParameters: 0 0 0

#Transform 115
Transform: AffineTransform_float_3_3
Parameters: 0.999999 0.00129819 -0.000864985 -0.00129315 0.999981 0.00609639 0.000872799 -0.00609563 0.999982 -0.00447254 -0.141359 -0.304307
FixedParameters: 0 0 0

#Transform 116
Transform: AffineTransform_float_3_3
Parameters: 0.999999 0.00132766 -0.000779795 -0.00132249 0.999981 0.00598923 0.000788208 -0.00598799 0.999982 -0.0105611 -0.137994 -0.295307
FixedParameters: 0 0 0

#Transform 117
Transform: AffineTransform_float_3_3
Parameters: 0.999999 0.0013291 -0.000736294 -0.00132456 0.999979 0.00621303 0.000744382 -0.00621191 0.99998 -0.0102874 -0.14442 -0.30551
FixedParameters: 0 0 0

#Transform 118
Transform: AffineTransform_float_3_3
Parameters: 1 0.00115047 -0.000528016 -0.00114702 0.999979 0.00636452 0.000534668 -0.00636412 0.999979 -0.0190449 -0.144385 -0.318633
FixedParameters: 0 0 0

#Transform 119
Transform: AffineTransform_float_3_3
Parameters: 1 0.00117928 -0.000491378 -0.00117602 0.999977 0.00663185 0.000498948 -0.00663151 0.999978 -0.0177904 -0.148114 -0.320305
FixedParameters: 0 0 0

#Transform 120
Transform: AffineTransform_float_3_3
Parameters: 0.999999 0.00117219 -0.000663272 -0.0011678 0.999976 0.00675199 0.000670498 -0.0067519 0.999977 -0.0105517 -0.156462 -0.319214
FixedParameters: 0 0 0

#Transform 121
Transform: AffineTransform_float_3_3
Parameters: 0.999999 0.00114052 -0.000690749 -0.0011356 0.999975 0.00687914 0.000697802 -0.00687825 0.999976 -0.00933117 -0.157018 -0.31546
FixedParameters: 0 0 0

#Transform 122
Transform: AffineTransform_float_3_3
Parameters: 1 0.00107155 -0.000561644 -0.00106687 0.999977 0.00666846 0.000568738 -0.00666869 0.999978 -0.0130955 -0.156015 -0.317127
FixedParameters: 0 0 0

#Transform 123
Transform: AffineTransform_float_3_3
Parameters: 0.999999 0.0011418 -0.000596358 -0.00113775 0.999976 0.00687149 0.000604335 -0.00687018 0.999976 -0.0127169 -0.165541 -0.313054
FixedParameters: 0 0 0

#Transform 124
Transform: AffineTransform_float_3_3
Parameters: 1 0.000974548 -0.000737622 -0.00096901 0.999974 0.0071754 0.000744235 -0.00717404 0.999974 -0.00309861 -0.172836 -0.315836
FixedParameters: 0 0 0

#Transform 125
Transform: AffineTransform_float_3_3
Parameters: 0.999999 0.000979113 -0.00100688 -0.000972681 0.999977 0.00682142 0.0010129 -0.00681957 0.999976 0.00873168 -0.165678 -0.314998
FixedParameters: 0 0 0

#Transform 126
Transform: AffineTransform_float_3_3
Parameters: 0.999999 0.0011025 -0.000687373 -0.00109834 0.999977 0.00671062 0.000694928 -0.00670918 0.999977 -0.00563543 -0.156176 -0.318329
FixedParameters: 0 0 0

#Transform 127
Transform: AffineTransform_float_3_3
Parameters: 0.999999 0.000978365 -0.00101075 -0.00097116 0.999979 0.0065254 0.00101672 -0.00652353 0.999978 0.00842635 -0.153049 -0.317626
FixedParameters: 0 0 0

#Transform 128
Transform: AffineTransform_float_3_3
Parameters: 0.999999 0.000989574 -0.00101332 -0.000982827 0.999977 0.00671542 0.0010202 -0.00671415 0.999977 0.00759155 -0.155116 -0.318427
FixedParameters: 0 0 0

#Transform 129
Transform: AffineTransform_float_3_3
Parameters: 0.999999 0.00113458 -0.000596718 -0.00113085 0.999978 0.00660619 0.000604067 -0.00660567 0.999978 -0.013149 -0.149263 -0.328068
FixedParameters: 0 0 0

#Transform 130
Transform: AffineTransform_float_3_3
Parameters: 0.999999 0.00111642 -0.000802869 -0.0011114 0.99998 0.00628541 0.000809767 -0.00628448 0.99998 -0.00418574 -0.136331 -0.327254
FixedParameters: 0 0 0

#Transform 131
Transform: AffineTransform_float_3_3
Parameters: 0.999999 0.00105031 -0.00104625 -0.00104418 0.99998 0.00641878 0.00105251 -0.00641748 0.999979 0.00761943 -0.143344 -0.322802
FixedParameters: 0 0 0

#Transform 132
Transform: AffineTransform_float_3_3
Parameters: 0.999999 0.000989574 -0.00101332 -0.000982827 0.999977 0.00671542 0.0010202 -0.00671415 0.999977 0.00794172 -0.151944 -0.321994
FixedParameters: 0 0 0

#Transform 133
Transform: AffineTransform_float_3_3
Parameters: 0.999999 0.00106574 -0.00110564 -0.00105836 0.999975 0.00702507 0.00111364 -0.00702426 0.999975 0.007694 -0.154687 -0.345224
FixedParameters: 0 0 0

#Transform 134
Transform: AffineTransform_float_3_3
Parameters: 0.999999 0.000975501 -0.00117892 -0.000967428 0.999976 0.00688906 0.00118542 -0.00688831 0.999976 0.0122266 -0.156646 -0.341533
FixedParameters: 0 0 0

#Transform 135
Transform: AffineTransform_float_3_3
Parameters: 0.999999 0.00103057 -0.00119274 -0.00102251 0.999976 0.00681347 0.00119985 -0.00681178 0.999976 0.0161357 -0.153127 -0.339519
FixedParameters: 0 0 0

#Transform 136
Transform: AffineTransform_float_3_3
Parameters: 0.999999 0.00104617 -0.00103906 -0.00103845 0.999976 0.0067831 0.00104549 -0.00678244 0.999976 0.00937563 -0.15237 -0.337253
FixedParameters: 0 0 0

#Transform 137
Transform: AffineTransform_float_3_3
Parameters: 0.999999 0.000997447 -0.00124626 -0.000988658 0.999974 0.007156 0.00125394 -0.00715509 0.999974 0.0191436 -0.161082 -0.352892
FixedParameters: 0 0 0

#Transform 138
Transform: AffineTransform_float_3_3
Parameters: 0.999998 0.00100603 -0.00132719 -0.000996647 0.999974 0.00711558 0.00133401 -0.00711371 0.999974 0.0172185 -0.165963 -0.359584
FixedParameters: 0 0 0

#Transform 139
Transform: AffineTransform_float_3_3
Parameters: 0.999998 0.000959516 -0.00142415 -0.00095044 0.999975 0.00684499 0.0014303 -0.0068437 0.999976 0.020049 -0.16206 -0.34604
FixedParameters: 0 0 0

#Transform 140
Transform: AffineTransform_float_3_3
Parameters: 0.999998 0.000964746 -0.00137752 -0.00095535 0.999974 0.00718118 0.00138431 -0.00718012 0.999973 0.0209632 -0.166037 -0.335477
FixedParameters: 0 0 0

#Transform 141
Transform: AffineTransform_float_3_3
Parameters: 0.999998 0.000966258 -0.00148155 -0.000955439 0.999972 0.00745367 0.00148923 -0.00745243 0.999971 0.0252472 -0.175415 -0.355222
FixedParameters: 0 0 0

#Transform 142
Transform: AffineTransform_float_3_3
Parameters: 0.999998 0.000894693 -0.00179997 -0.000880557 0.99997 0.00779362 0.00180612 -0.00779271 0.999968 0.0397212 -0.170739 -0.387711
FixedParameters: 0 0 0

#Transform 143
Transform: AffineTransform_float_3_3
Parameters: 0.999998 0.000904207 -0.00191363 -0.000889439 0.999968 0.00796355 0.00192101 -0.00796228 0.999967 0.0435395 -0.175251 -0.378351
FixedParameters: 0 0 0

#Transform 144
Transform: AffineTransform_float_3_3
Parameters: 0.999997 0.00103723 -0.00197621 -0.00102144 0.999968 0.00796426 0.00198349 -0.00796172 0.999966 0.0370308 -0.169112 -0.379423
FixedParameters: 0 0 0

#Transform 145
Transform: AffineTransform_float_3_3
Parameters: 0.999998 0.000928716 -0.00192146 -0.000913279 0.999966 0.00821701 0.00192873 -0.00821501 0.999964 0.0398602 -0.184806 -0.383302
FixedParameters: 0 0 0

#Transform 146
Transform: AffineTransform_float_3_3
Parameters: 0.999998 0.0009667 -0.00182925 -0.000952273 0.999967 0.0081109 0.00183655 -0.00810891 0.999965 0.0366468 -0.177808 -0.361709
FixedParameters: 0 0 0

#Transform 147
Transform: AffineTransform_float_3_3
Parameters: 0.999998 0.000946895 -0.00177858 -0.000932672 0.999968 0.007914 0.00178575 -0.00791215 0.999967 0.030273 -0.167237 -0.362093
FixedParameters: 0 0 0

#Transform 148
Transform: AffineTransform_float_3_3
Parameters: 0.999998 0.000860693 -0.00176064 -0.00084645 0.999968 0.00787848 0.00176728 -0.00787697 0.999967 0.0312648 -0.176018 -0.370213
FixedParameters: 0 0 0

#Transform 149
Transform: AffineTransform_float_3_3
Parameters: 0.999998 0.000864148 -0.00183609 -0.0008491 0.999968 0.00789374 0.00184191 -0.0078921 0.999967 0.0385028 -0.170597 -0.367415
FixedParameters: 0 0 0

#Transform 150
Transform: AffineTransform_float_3_3
Parameters: 0.999998 0.000920924 -0.00181232 -0.000907492 0.99997 0.00779319 0.00181932 -0.00779217 0.999968 0.0390876 -0.170835 -0.371917
FixedParameters: 0 0 0

#Transform 151
Transform: AffineTransform_float_3_3
Parameters: 0.999998 0.000884985 -0.00169418 -0.000871777 0.999967 0.0081436 0.00170204 -0.00814151 0.999965 0.0356667 -0.181219 -0.383956
FixedParameters: 0 0 0

#Transform 152
Transform: AffineTransform_float_3_3
Parameters: 0.999997 0.000897543 -0.00196525 -0.000881523 0.999967 0.00807374 0.00197269 -0.00807178 0.999966 0.0436494 -0.188477 -0.377709
FixedParameters: 0 0 0

#Transform 153
Transform: AffineTransform_float_3_3
Parameters: 0.999998 0.000933156 -0.00184452 -0.000919487 0.999969 0.00772468 0.00185158 -0.0077234 0.999969 0.0365221 -0.167555 -0.380047
FixedParameters: 0 0 0

#Transform 154
Transform: AffineTransform_float_3_3
Parameters: 0.999998 0.00097086 -0.00175199 -0.000956966 0.999968 0.00793307 0.00175957 -0.00793197 0.999967 0.0280084 -0.170174 -0.386834
FixedParameters: 0 0 0

#Transform 155
Transform: AffineTransform_float_3_3
Parameters: 0.999998 0.000989435 -0.00165585 -0.000975772 0.999967 0.0079257 0.00166418 -0.00792392 0.999967 0.0299856 -0.176863 -0.388393
FixedParameters: 0 0 0

#Transform 156
Transform: AffineTransform_float_3_3
Parameters: 0.999997 0.00108513 -0.00185319 -0.00107059 0.999969 0.00779043 0.00186141 -0.00778872 0.999968 0.0297071 -0.174288 -0.387496
FixedParameters: 0 0 0

#Transform 157
Transform: AffineTransform_float_3_3
Parameters: 0.999998 0.00111541 -0.00180998 -0.00110155 0.999969 0.00778968 0.00181867 -0.00778795 0.999968 0.0294613 -0.171898 -0.37445
FixedParameters: 0 0 0

#Transform 158
Transform: AffineTransform_float_3_3
Parameters: 0.999998 0.00106491 -0.00183041 -0.00105029 0.999969 0.0077907 0.00183921 -0.0077891 0.999968 0.0351219 -0.170935 -0.368313
FixedParameters: 0 0 0

#Transform 159
Transform: AffineTransform_float_3_3
Parameters: 0.999998 0.000994331 -0.0017937 -0.000980825 0.99997 0.00765115 0.00180118 -0.0076491 0.999969 0.0284135 -0.164798 -0.380915
FixedParameters: 0 0 0

#Transform 160
Transform: AffineTransform_float_3_3
Parameters: 0.999997 0.00114524 -0.00191798 -0.00113014 0.999969 0.00778965 0.00192623 -0.00778757 0.999967 0.0342978 -0.173153 -0.380076
FixedParameters: 0 0 0

#Transform 161
Transform: AffineTransform_float_3_3
Parameters: 0.999997 0.000995212 -0.00223747 -0.000978502 0.99997 0.00764629 0.00224441 -0.00764406 0.999969 0.045638 -0.165529 -0.372088
FixedParameters: 0 0 0

#Transform 162
Transform: AffineTransform_float_3_3
Parameters: 0.999997 0.00117666 -0.00211184 -0.00116077 0.999969 0.00779054 0.00212052 -0.00778778 0.999968 0.0411511 -0.171513 -0.37538
FixedParameters: 0 0 0

#Transform 163
Transform: AffineTransform_float_3_3
Parameters: 0.999997 0.00112749 -0.002123 -0.00111067 0.999969 0.0078611 0.00213196 -0.0078593 0.999967 0.0413778 -0.170922 -0.374531
FixedParameters: 0 0 0

#Transform 164
Transform: AffineTransform_float_3_3
Parameters: 0.999997 0.00103166 -0.00217321 -0.00101407 0.999967 0.00806745 0.00218144 -0.00806519 0.999965 0.0454497 -0.176761 -0.375181
FixedParameters: 0 0 0

#Transform 165
Transform: AffineTransform_float_3_3
Parameters: 0.999997 0.000985255 -0.00203841 -0.000969061 0.999968 0.00793446 0.00204613 -0.00793202 0.999967 0.0394305 -0.175958 -0.381459
FixedParameters: 0 0 0

#Transform 166
Transform: AffineTransform_float_3_3
Parameters: 0.999997 0.00099454 -0.00202932 -0.000978639 0.999971 0.00757238 0.00203705 -0.00757051 0.99997 0.0366435 -0.161727 -0.379652
FixedParameters: 0 0 0

#Transform 167
Transform: AffineTransform_float_3_3
Parameters: 0.999997 0.00107599 -0.00199702 -0.00106057 0.999969 0.00779163 0.00200458 -0.00778889 0.999968 0.0367552 -0.168959 -0.379305
FixedParameters: 0 0 0

#Transform 168
Transform: AffineTransform_float_3_3
Parameters: 0.999998 0.00101601 -0.002051 -0.00100098 0.99997 0.00761089 0.00205873 -0.00760829 0.999969 0.0393271 -0.168502 -0.373313
FixedParameters: 0 0 0

#Transform 169
Transform: AffineTransform_float_3_3
Parameters: 0.999997 0.00119569 -0.00205257 -0.00117958 0.999969 0.00784357 0.00206123 -0.00784163 0.999967 0.0336083 -0.168457 -0.387528
FixedParameters: 0 0 0

#Transform 170
Transform: AffineTransform_float_3_3
Parameters: 0.999997 0.00122275 -0.00189389 -0.00120803 0.99997 0.00755469 0.00190237 -0.00755219 0.99997 0.0312554 -0.161616 -0.388217
FixedParameters: 0 0 0

#Transform 171
Transform: AffineTransform_float_3_3
Parameters: 0.999998 0.00112058 -0.00182343 -0.00110572 0.99997 0.00764265 0.00183238 -0.00764084 0.999969 0.026135 -0.166486 -0.390456
FixedParameters: 0 0 0

#Transform 172
Transform: AffineTransform_float_3_3
Parameters: 0.999997 0.0011552 -0.00196926 -0.00114114 0.999971 0.00755703 0.00197761 -0.00755404 0.99997 0.0323332 -0.165204 -0.38558
FixedParameters: 0 0 0

#Transform 173
Transform: AffineTransform_float_3_3
Parameters: 0.999998 0.00116867 -0.00179539 -0.00115582 0.999972 0.00733395 0.00180355 -0.00733126 0.999972 0.0256522 -0.157335 -0.387448
FixedParameters: 0 0 0

#Transform 174
Transform: AffineTransform_float_3_3
Parameters: 0.999997 0.00109576 -0.00228841 -0.00107938 0.999972 0.00740669 0.00229644 -0.00740391 0.99997 0.0471575 -0.164464 -0.389826
FixedParameters: 0 0 0

#Transform 175
Transform: AffineTransform_float_3_3
Parameters: 0.999997 0.00111293 -0.002194 -0.00109812 0.999976 0.00686667 0.00220133 -0.00686334 0.999974 0.0431788 -0.15008 -0.389106
FixedParameters: 0 0 0

#Transform 176
Transform: AffineTransform_float_3_3
Parameters: 0.999996 0.0010754 -0.00239224 -0.00105868 0.999975 0.00706846 0.00240023 -0.00706554 0.999972 0.054309 -0.155375 -0.390496
FixedParameters: 0 0 0

#Transform 177
Transform: AffineTransform_float_3_3
Parameters: 0.999997 0.00124027 -0.00236283 -0.00122297 0.999975 0.00698806 0.00237126 -0.00698517 0.999973 0.0542949 -0.151925 -0.390563
FixedParameters: 0 0 0

#Transform 178
Transform: AffineTransform_float_3_3
Parameters: 0.999997 0.0010615 -0.00227768 -0.0010456 0.999975 0.00704279 0.00228502 -0.00704094 0.999972 0.0492638 -0.147687 -0.399245
FixedParameters: 0 0 0

#Transform 179
Transform: AffineTransform_float_3_3
Parameters: 0.999997 0.00103913 -0.00226453 -0.00102264 0.999974 0.00721856 0.00227185 -0.00721606 0.999972 0.0477757 -0.158205 -0.390755
FixedParameters: 0 0 0

#Transform 180
Transform: AffineTransform_float_3_3
Parameters: 0.999996 0.000885993 -0.00262455 -0.000866979 0.999974 0.00722298 0.00263097 -0.00722123 0.99997 0.0679688 -0.147137 -0.381527
FixedParameters: 0 0 0

#Transform 181
Transform: AffineTransform_float_3_3
Parameters: 0.999996 0.000970574 -0.00258817 -0.000952526 0.999973 0.00722135 0.00259491 -0.00721923 0.999971 0.061941 -0.156947 -0.386699
FixedParameters: 0 0 0

#Transform 182
Transform: AffineTransform_float_3_3
Parameters: 0.999996 0.00095701 -0.00258177 -0.000939054 0.999973 0.00722156 0.00258832 -0.00721952 0.999971 0.0600414 -0.15367 -0.396905
FixedParameters: 0 0 0

#Transform 183
Transform: AffineTransform_float_3_3
Parameters: 0.999997 0.000743499 -0.00223765 -0.000728899 0.999979 0.00640347 0.00224202 -0.00640231 0.999977 0.0499483 -0.126295 -0.382116
FixedParameters: 0 0 0

#Transform 184
Transform: AffineTransform_float_3_3
Parameters: 0.999998 0.000584599 -0.00149088 -0.000574882 0.999981 0.00619085 0.00149491 -0.00618991 0.99998 0.0248771 -0.112392 -0.381488
FixedParameters: 0 0 0

#Transform 185
Transform: AffineTransform_float_3_3
Parameters: 0.999999 0.000681095 -0.00158878 -0.000671007 0.999979 0.00647953 0.00159299 -0.0064782 0.999978 0.0295782 -0.119503 -0.38902
FixedParameters: 0 0 0

#Transform 186
Transform: AffineTransform_float_3_3
Parameters: 0.999998 0.000740097 -0.00190429 -0.000727721 0.999976 0.00693404 0.00190928 -0.00693275 0.999974 0.0416395 -0.140322 -0.389657
FixedParameters: 0 0 0

#Transform 187
Transform: AffineTransform_float_3_3
Parameters: 0.999997 0.000808286 -0.0020014 -0.000794294 0.999974 0.00710727 0.00200665 -0.00710558 0.999972 0.044225 -0.143984 -0.40653
FixedParameters: 0 0 0

#Transform 188
Transform: AffineTransform_float_3_3
Parameters: 0.999997 0.000802668 -0.00212463 -0.000787098 0.999975 0.00696927 0.00213048 -0.00696663 0.999973 0.043252 -0.141033 -0.415347
FixedParameters: 0 0 0

#Transform 189
Transform: AffineTransform_float_3_3
Parameters: 0.999998 0.000769578 -0.00219324 -0.000754342 0.999976 0.00687873 0.002199 -0.00687692 0.999974 0.0503521 -0.141635 -0.403751
FixedParameters: 0 0 0
