#Insight Transform File V1.0
#Transform 0
Transform: AffineTransform_float_3_3
Parameters: 1 0.000478238 -0.000387543 -0.000478413 1 -0.000226533 0.000387326 0.000226904 1 0.0184594 -0.0331113 -0.0853214
FixedParameters: 0 0 0

#Transform 1
Transform: AffineTransform_float_3_3
Parameters: 1 -7.85095e-05 -9.10692e-05 7.84572e-05 1 -0.000287313 9.11143e-05 0.000287299 1 0.0251738 0.00860628 -0.0980225
FixedParameters: 0 0 0

#Transform 2
Transform: AffineTransform_float_3_3
Parameters: 1 -5.15961e-05 -0.000143798 5.14673e-05 1 -0.000447888 0.000143844 0.000447873 1 0.0215608 -0.104001 -0.0181079
FixedParameters: 0 0 0

#Transform 3
Transform: AffineTransform_float_3_3
Parameters: 1 8.66716e-06 -0.000147998 -8.75945e-06 1 -0.000311794 0.000147992 0.000311797 1 0.0341559 -0.034238 -0.102581
FixedParameters: 0 0 0

#Transform 4
Transform: AffineTransform_float_3_3
Parameters: 1 0.000354486 -0.000253282 -0.000354749 1 -0.000518714 0.000252914 0.000518894 1 0.0279047 -0.00385404 -0.107999
FixedParameters: 0 0 0

#Transform 5
Transform: AffineTransform_float_3_3
Parameters: 1 0.000246423 -0.000170573 -0.000246534 1 -0.000323982 0.000170413 0.000324066 1 0.0159678 0.000361216 -0.124457
FixedParameters: 0 0 0

#Transform 6
Transform: AffineTransform_float_3_3
Parameters: 1 0.000136527 -0.000126982 -0.000136838 0.999999 -0.00122958 0.000126543 0.00122961 0.999999 0.0179161 0.024234 -0.040212
FixedParameters: 0 0 0

#Transform 7
Transform: AffineTransform_float_3_3
Parameters: 1 -0.000151858 -0.000456183 0.00015074 0.999999 -0.00122571 0.000456451 0.00122558 0.999999 0.00790195 0.0701493 -0.0272904
FixedParameters: 0 0 0

#Transform 8
Transform: AffineTransform_float_3_3
Parameters: 1 0.000225721 -0.00038486 -0.000226666 0.999999 -0.00123 0.000384201 0.00123017 0.999999 -0.0118598 0.0270758 0.00508655
FixedParameters: 0 0 0

#Transform 9
Transform: AffineTransform_float_3_3
Parameters: 1 0.000130287 9.41098e-06 -0.000130276 1 -0.000592485 -9.56536e-06 0.000592483 1 -0.0073107 -0.139473 0.0407653
FixedParameters: 0 0 0

#Transform 10
Transform: AffineTransform_float_3_3
Parameters: 1 0.000371688 -0.000253022 -0.000371782 1 -0.00018615 0.000252883 0.000186338 1 0.00100622 -0.0688146 0.0016209
FixedParameters: 0 0 0

#Transform 11
Transform: AffineTransform_float_3_3
Parameters: 1 0.000418132 -0.0001826 -0.000418221 1 -0.000242661 0.000182397 0.000242813 1 0.0213631 0.0371104 -0.0704797
FixedParameters: 0 0 0

#Transform 12
Transform: AffineTransform_float_3_3
Parameters: 1 0.000226795 -0.000388097 -0.000227697 1 -0.00116496 0.000387464 0.00116514 0.999999 0.0146833 -0.00851739 -0.0160373
FixedParameters: 0 0 0

#Transform 13
Transform: AffineTransform_float_3_3
Parameters: 1 0.000343897 -0.000253436 -0.000344263 0.999999 -0.000723445 0.000252938 0.00072362 0.999999 0.00612651 0.00926893 0.0363376
FixedParameters: 0 0 0

#Transform 14
Transform: AffineTransform_float_3_3
Parameters: 1 -0.000124149 -0.000322884 0.000124048 1 -0.000155726 0.000322922 0.000155646 1 0.0252139 0.0769475 -0.0138293
FixedParameters: 0 0 0

#Transform 15
Transform: AffineTransform_float_3_3
Parameters: 1 0.000212737 -0.000131316 -0.000212709 1 0.000104288 0.00013136 -0.000104233 1 0.011226 0.00594334 -0.0680483
FixedParameters: 0 0 0

#Transform 16
Transform: AffineTransform_float_3_3
Parameters: 1 0.000249263 -0.000147178 -0.000249155 1 0.000366776 0.000147361 -0.000366702 1 -0.00144354 -0.0739951 0.00575691
FixedParameters: 0 0 0

#Transform 17
Transform: AffineTransform_float_3_3
Parameters: 1 -8.87552e-05 -0.000608316 8.8783e-05 1 2.28044e-05 0.000608312 -2.29124e-05 1 0.00880285 0.0566281 -0.0075383
FixedParameters: 0 0 0

#Transform 18
Transform: AffineTransform_float_3_3
Parameters: 0.999999 -0.000213011 -0.000689749 0.000212911 1 -7.19943e-05 0.00068978 7.17005e-05 1 0.0041165 0.0544937 -0.0121027
FixedParameters: 0 0 0

#Transform 19
Transform: AffineTransform_float_3_3
Parameters: 1 0.000153907 -0.000188064 -0.000153882 1 6.52865e-05 0.000188084 -6.52287e-05 1 0.00146914 -0.0959624 0.0115967
FixedParameters: 0 0 0

#Transform 20
Transform: AffineTransform_float_3_3
Parameters: 1 0.00046593 -0.000310132 -0.0004659 1 4.93953e-05 0.000310178 -4.91063e-05 1 0.00907862 0.0122394 0.0321364
FixedParameters: 0 0 0

#Transform 21
Transform: AffineTransform_float_3_3
Parameters: 1 0.000132797 -6.11888e-05 -0.000132737 1 0.000495866 6.13205e-05 -0.000495849 1 -0.00384107 0.0446198 -0.0794851
FixedParameters: 0 0 0

#Transform 22
Transform: AffineTransform_float_3_3
Parameters: 1 0.000219622 -0.000147565 -0.000219683 1 -0.000207468 0.000147474 0.000207533 1 0.00909095 0.00632084 -0.0990532
FixedParameters: 0 0 0

#Transform 23
Transform: AffineTransform_float_3_3
Parameters: 1 -0.000130487 -0.000441042 0.000130278 1 -0.000237477 0.000441104 0.000237362 1 -0.00423426 0.0726148 -0.00591716
FixedParameters: 0 0 0

#Transform 24
Transform: AffineTransform_float_3_3
Parameters: 1 2.57683e-05 -0.000290502 -2.6496e-05 1 0.000155976 0.00029108 -0.000156003 1 -0.000635924 0.0857023 0.0131348
FixedParameters: 0 0 0

#Transform 25
Transform: AffineTransform_float_3_3
Parameters: 1 0.000330282 -0.000333107 -0.000330215 1 0.000100412 0.000333173 -0.000100192 1 -0.00112964 0.0266755 0.0378871
FixedParameters: 0 0 0

#Transform 26
Transform: AffineTransform_float_3_3
Parameters: 1 8.50662e-05 -0.000161086 -8.4844e-05 1 0.000689628 0.000161204 -0.000689601 0.999999 -0.0110956 -0.0796857 0.0430872
FixedParameters: 0 0 0

#Transform 27
Transform: AffineTransform_float_3_3
Parameters: 1 0.000187467 -0.000546144 -0.000187207 0.999999 0.000222333 0.000546179 -0.000222471 1 -0.0110201 0.0427512 0.0394178
FixedParameters: 0 0 0

#Transform 28
Transform: AffineTransform_float_3_3
Parameters: 1 0.000195489 -0.000125115 -0.000195502 1 -5.50429e-05 0.000125093 5.50918e-05 1 -0.0137382 -0.0324384 0.0744156
FixedParameters: 0 0 0

#Transform 29
Transform: AffineTransform_float_3_3
Parameters: 1 0.000174769 -0.00022528 -0.000174703 1 0.000146349 0.000225331 -0.00014627 1 -0.0214763 -0.0156017 0.0551289
FixedParameters: 0 0 0

#Transform 30
Transform: AffineTransform_float_3_3
Parameters: 1 0.000379178 -0.000252905 -0.000379199 1 -4.13401e-05 0.000252874 4.15319e-05 1 -0.0150936 0.0467847 0.0648608
FixedParameters: 0 0 0

#Transform 31
Transform: AffineTransform_float_3_3
Parameters: 1 0.000154377 -0.000236449 -0.000154525 1 -0.000313214 0.000236352 0.000313287 1 -0.0115455 0.0762676 0.0153342
FixedParameters: 0 0 0

#Transform 32
Transform: AffineTransform_float_3_3
Parameters: 1 0.000130542 -7.80952e-05 -0.000130544 1 -9.6789e-06 7.80926e-05 9.69929e-06 1 -0.0176175 0.00554831 0.080617
FixedParameters: 0 0 0

#Transform 33
Transform: AffineTransform_float_3_3
Parameters: 1 1.39609e-05 -0.000145755 -1.39751e-05 1 -4.87168e-05 0.000145754 4.87209e-05 1 -0.0175571 0.106525 0.0313825
FixedParameters: 0 0 0

#Transform 34
Transform: AffineTransform_float_3_3
Parameters: 1 9.21302e-05 -0.000300176 -9.21954e-05 1 -0.000108723 0.000300156 0.000108778 1 -0.0194416 0.0710533 0.0285069
FixedParameters: 0 0 0

#Transform 35
Transform: AffineTransform_float_3_3
Parameters: 1 0.000205901 -1.25851e-05 -0.000205901 1 1.74472e-05 1.25923e-05 -1.7442e-05 1 -0.0208564 -0.0651812 0.125807
FixedParameters: 0 0 0

#Transform 36
Transform: AffineTransform_float_3_3
Parameters: 1 0.000380676 -0.000252882 -0.000380682 1 -1.23781e-05 0.000252872 1.25706e-05 1 -0.0157546 0.0667523 0.102872
FixedParameters: 0 0 0

#Transform 37
Transform: AffineTransform_float_3_3
Parameters: 1 0.00019689 -0.000380146 -0.000196836 1 7.12152e-05 0.000380174 -7.10655e-05 1 -0.00455311 0.112403 0.0752995
FixedParameters: 0 0 0

#Transform 38
Transform: AffineTransform_float_3_3
Parameters: 1 0.000384498 -0.000252821 -0.000384467 1 6.1525e-05 0.000252868 -6.13305e-05 1 -0.0131835 0.0282268 0.107921
FixedParameters: 0 0 0

#Transform 39
Transform: AffineTransform_float_3_3
Parameters: 1 0.000384498 -0.000252821 -0.000384467 1 6.1525e-05 0.000252868 -6.13305e-05 1 -0.0153191 0.0515179 0.141155
FixedParameters: 0 0 0

#Transform 40
Transform: AffineTransform_float_3_3
Parameters: 1 0.000443796 -0.000300531 -0.000443861 1 -0.000108694 0.000300434 0.00010896 1 -0.0185514 0.0075556 0.126628
FixedParameters: 0 0 0

#Transform 41
Transform: AffineTransform_float_3_3
Parameters: 1 0.000441885 -0.000286475 -0.00044175 1 0.000234851 0.000286683 -0.000234598 1 -0.0171206 -0.000772502 0.122294
FixedParameters: 0 0 0

#Transform 42
Transform: AffineTransform_float_3_3
Parameters: 1 0.000472217 -0.0003668 -0.00047196 1 0.000350529 0.000367131 -0.000350183 1 -0.0157838 0.0241877 0.10838
FixedParameters: 0 0 0

#Transform 43
Transform: AffineTransform_float_3_3
Parameters: 0.999999 0.000552419 -0.000486537 -0.000551864 0.999999 0.000570853 0.000487167 -0.000570315 0.999999 -0.00254951 0.0405767 0.101797
FixedParameters: 0 0 0

#Transform 44
Transform: AffineTransform_float_3_3
Parameters: 1 0.00043579 -0.00045272 -0.000435421 1 0.000407541 0.000453075 -0.000407147 1 -0.00309889 0.0488878 0.102231
FixedParameters: 0 0 0

#Transform 45
Transform: AffineTransform_float_3_3
Parameters: 1 0.000253038 -0.000468104 -0.00025263 1 0.000435902 0.000468324 -0.000435665 1 -0.00587062 0.0658014 0.154681
FixedParameters: 0 0 0

#Transform 46
Transform: AffineTransform_float_3_3
Parameters: 1 0.000174084 -0.000271447 -0.000174045 1 7.23136e-05 0.000271472 -7.22191e-05 1 -0.00724243 0.0865077 0.142928
FixedParameters: 0 0 0

#Transform 47
Transform: AffineTransform_float_3_3
Parameters: 1 5.18482e-05 -2.59845e-05 -5.18527e-05 1 -8.77686e-05 2.59754e-05 8.77713e-05 1 -0.00760622 -0.111515 0.181578
FixedParameters: 0 0 0

#Transform 48
Transform: AffineTransform_float_3_3
Parameters: 1 7.30506e-05 7.23411e-05 -7.31141e-05 1 0.000438787 -7.22769e-05 -0.000438797 1 -0.0107736 0.0143688 0.145579
FixedParameters: 0 0 0

#Transform 49
Transform: AffineTransform_float_3_3
Parameters: 1 0.00041575 -0.000252302 -0.000415986 0.999999 0.000665703 0.00025204 -0.000665522 0.999999 -0.00424847 0.0484347 0.0868473
FixedParameters: 0 0 0

#Transform 50
Transform: AffineTransform_float_3_3
Parameters: 1 0.00034699 -0.000489524 -0.000346387 0.999999 0.00120013 0.000489438 -0.00119982 0.999999 0.00840079 0.0366053 0.00629832
FixedParameters: 0 0 0

#Transform 51
Transform: AffineTransform_float_3_3
Parameters: 0.999999 0.000750135 3.72416e-05 -0.000750798 0.999999 0.00124501 -3.62907e-05 -0.0012451 0.999999 -0.0014914 0.0104748 -0.0116703
FixedParameters: 0 0 0

#Transform 52
Transform: AffineTransform_float_3_3
Parameters: 1 0.000376204 -0.000405466 -0.000376257 1 -6.50964e-05 0.000405417 6.54015e-05 1 -0.000804322 0.0597008 0.0492641
FixedParameters: 0 0 0

#Transform 53
Transform: AffineTransform_float_3_3
Parameters: 1 0.000349168 -0.000305251 -0.000349114 1 8.84094e-05 0.000305313 -8.81962e-05 1 -0.00971771 0.0417773 0.108144
FixedParameters: 0 0 0

#Transform 54
Transform: AffineTransform_float_3_3
Parameters: 1 0.000357273 -0.000308369 -0.000357095 1 0.000289266 0.000308576 -0.000289046 1 -0.00521197 0.0144133 0.115509
FixedParameters: 0 0 0

#Transform 55
Transform: AffineTransform_float_3_3
Parameters: 1 0.000488162 -0.000355305 -0.000488227 1 -9.18881e-05 0.000355215 9.2235e-05 1 -0.0184449 -0.0134399 0.121765
FixedParameters: 0 0 0

#Transform 56
Transform: AffineTransform_float_3_3
Parameters: 0.999999 0.000515097 -0.000496437 -0.000515 1 9.7125e-05 0.000496536 -9.66136e-05 1 -0.0156764 0.00544896 0.174913
FixedParameters: 0 0 0

#Transform 57
Transform: AffineTransform_float_3_3
Parameters: 1 0.000620795 -0.000281894 -0.000620827 1 -5.6689e-05 0.000281823 5.7039e-05 1 -0.0248955 0.00571157 0.170748
FixedParameters: 0 0 0

#Transform 58
Transform: AffineTransform_float_3_3
Parameters: 1 0.000407039 -6.75868e-05 -0.000407059 1 -0.000147061 6.7467e-05 0.000147116 1 -0.0160535 0.0449336 0.182074
FixedParameters: 0 0 0

#Transform 59
Transform: AffineTransform_float_3_3
Parameters: 1 0.000295423 6.20198e-05 -0.000295427 1 2.98083e-05 -6.20021e-05 -2.98449e-05 1 -0.0249296 -0.0194921 0.243627
FixedParameters: 0 0 0

#Transform 60
Transform: AffineTransform_float_3_3
Parameters: 1 0.000173831 -0.000107597 -0.000173965 1 -0.000622696 0.000107381 0.000622734 1 -0.0120616 0.167386 0.206968
FixedParameters: 0 0 0

#Transform 61
Transform: AffineTransform_float_3_3
Parameters: 1 0.000251415 -3.9454e-05 -0.000251416 1 -1.49162e-05 3.94465e-05 1.4936e-05 1 -0.0189371 0.0751625 0.239939
FixedParameters: 0 0 0

#Transform 62
Transform: AffineTransform_float_3_3
Parameters: 1 0.000532088 -0.000179853 -0.00053217 1 -0.000226479 0.000179612 0.00022667 1 -0.0249259 0.107685 0.191933
FixedParameters: 0 0 0

#Transform 63
Transform: AffineTransform_float_3_3
Parameters: 1 0.00050502 4.98809e-05 -0.000505036 1 0.000162208 -4.97171e-05 -0.000162258 1 -0.0258755 0.0070395 0.233148
FixedParameters: 0 0 0

#Transform 64
Transform: AffineTransform_float_3_3
Parameters: 1 0.000424301 -8.51773e-05 -0.000424256 1 0.000265615 8.54026e-05 -0.000265543 1 -0.0201066 0.0591058 0.183323
FixedParameters: 0 0 0

#Transform 65
Transform: AffineTransform_float_3_3
Parameters: 1 0.000663977 -4.70973e-05 -0.000663926 0.999999 0.000539636 4.78139e-05 -0.000539573 1 -0.0263578 0.0494931 0.167505
FixedParameters: 0 0 0

#Transform 66
Transform: AffineTransform_float_3_3
Parameters: 0.999999 0.000785228 -4.47878e-05 -0.000785755 0.999999 0.000514343 4.47806e-05 -0.000514302 1 -0.0253249 0.0410996 0.149237
FixedParameters: 0 0 0

#Transform 67
Transform: AffineTransform_float_3_3
Parameters: 0.999999 0.00093367 0.00017999 -0.000932991 0.999999 0.000388312 -0.000179834 -0.000388606 1 -0.0320633 0.0435719 0.142659
FixedParameters: 0 0 0

#Transform 68
Transform: AffineTransform_float_3_3
Parameters: 0.999999 0.000779079 0.00027232 -0.000779206 0.999999 0.000231926 -0.000271959 -0.00023235 1 -0.0332178 0.0540773 0.17904
FixedParameters: 0 0 0

#Transform 69
Transform: AffineTransform_float_3_3
Parameters: 0.999999 0.000714596 0.000311938 -0.000714794 0.999999 0.000317323 -0.000311484 -0.000317769 1 -0.03026 0.0763678 0.177981
FixedParameters: 0 0 0

#Transform 70
Transform: AffineTransform_float_3_3
Parameters: 1 0.000465553 0.000345927 -0.000465667 1 0.000163971 -0.000345774 -0.000164293 1 -0.0303266 -0.0467077 0.266776
FixedParameters: 0 0 0

#Transform 71
Transform: AffineTransform_float_3_3
Parameters: 1 0.000505526 0.000144454 -0.000505609 1 0.000288257 -0.000144163 -0.000288403 1 -0.0277219 0.123582 0.254166
FixedParameters: 0 0 0

#Transform 72
Transform: AffineTransform_float_3_3
Parameters: 1 0.000539162 0.000180309 -0.000539786 1 0.000143268 -0.00018097 -0.000143492 1 -0.0318703 0.101135 0.227632
FixedParameters: 0 0 0

#Transform 73
Transform: AffineTransform_float_3_3
Parameters: 1 0.00043596 0.000204099 -0.000436106 1 0.000357882 -0.000203787 -0.00035806 1 -0.0310053 0.077171 0.260348
FixedParameters: 0 0 0

#Transform 74
Transform: AffineTransform_float_3_3
Parameters: 1 0.000356819 0.000233854 -0.000356988 1 0.000361947 -0.000233596 -0.000362114 1 -0.0273295 0.0452423 0.277334
FixedParameters: 0 0 0

#Transform 75
Transform: AffineTransform_float_3_3
Parameters: 1 0.000426467 0.000111927 -0.000426547 1 0.000358454 -0.000111622 -0.000358549 1 -0.0325198 0.0873742 0.251177
FixedParameters: 0 0 0

#Transform 76
Transform: AffineTransform_float_3_3
Parameters: 1 0.000486458 0.000186665 -0.000486648 1 0.000510492 -0.000186169 -0.000510674 1 -0.0330986 0.0663519 0.249897
FixedParameters: 0 0 0

#Transform 77
Transform: AffineTransform_float_3_3
Parameters: 1 0.000433143 0.000307312 -0.000433178 1 5.75434e-05 -0.000307262 -5.78096e-05 1 -0.0326792 -0.0646183 0.275087
FixedParameters: 0 0 0

#Transform 78
Transform: AffineTransform_float_3_3
Parameters: 1 0.000385122 0.000354643 -0.000385241 1 0.000168132 -0.000354513 -0.000168405 1 -0.0347954 0.0609508 0.24838
FixedParameters: 0 0 0

#Transform 79
Transform: AffineTransform_float_3_3
Parameters: 1 0.000465801 0.000183035 -0.000465865 1 -0.000546167 -0.00018211 0.000546327 0.999999 -0.030976 0.15722 0.212275
FixedParameters: 0 0 0

#Transform 80
Transform: AffineTransform_float_3_3
Parameters: 1 0.000493442 0.000272043 -0.00049323 1 -0.000388125 -0.000272426 0.000387856 1 -0.0424634 0.108587 0.221076
FixedParameters: 0 0 0

#Transform 81
Transform: AffineTransform_float_3_3
Parameters: 1 0.000397921 9.38621e-05 -0.000397794 0.999999 -0.000676423 -9.44003e-05 0.000676349 1 -0.0391505 0.11112 0.251684
FixedParameters: 0 0 0

#Transform 82
Transform: AffineTransform_float_3_3
Parameters: 0.999999 0.000579361 0.000599102 -0.0005788 0.999999 -0.00114992 -0.000599966 0.00114918 0.999999 -0.0459337 -0.00968181 0.219093
FixedParameters: 0 0 0

#Transform 83
Transform: AffineTransform_float_3_3
Parameters: 0.999999 0.000848472 0.000529916 -0.00084806 0.999999 -0.000665702 -0.000529729 0.000665728 1 -0.0509446 0.0219062 0.219329
FixedParameters: 0 0 0

#Transform 84
Transform: AffineTransform_float_3_3
Parameters: 0.999999 0.000877316 0.000345598 -0.000877662 0.999999 -0.000682483 -0.000346226 0.000681833 0.999999 -0.0509123 0.0952944 0.204332
FixedParameters: 0 0 0

#Transform 85
Transform: AffineTransform_float_3_3
Parameters: 0.999999 0.000818406 0.000382124 -0.000818655 0.999999 -0.000807174 -0.000382944 0.000807444 1 -0.0454579 -0.0682941 0.221713
FixedParameters: 0 0 0

#Transform 86
Transform: AffineTransform_float_3_3
Parameters: 0.999999 0.000630599 0.000322429 -0.000631313 1 -0.000162012 -0.000322063 0.000161563 1 -0.0370062 0.0251873 0.22748
FixedParameters: 0 0 0

#Transform 87
Transform: AffineTransform_float_3_3
Parameters: 1 0.000556234 0.000255082 -0.000555901 0.999999 -0.000651698 -0.000255807 0.000651414 1 -0.0409174 0.163084 0.167861
FixedParameters: 0 0 0

#Transform 88
Transform: AffineTransform_float_3_3
Parameters: 0.999999 0.00079955 0.0002334 -0.000800058 0.999999 -0.0006643 -0.000233892 0.000663884 1 -0.0480295 0.124163 0.185551
FixedParameters: 0 0 0

#Transform 89
Transform: AffineTransform_float_3_3
Parameters: 0.999999 0.000743186 0.000276586 -0.000742248 0.999999 -0.000661363 -0.000276753 0.000660981 1 -0.0499906 0.066317 0.209146
FixedParameters: 0 0 0

#Transform 90
Transform: AffineTransform_float_3_3
Parameters: 0.999999 0.000712015 0.000209335 -0.000711891 0.999999 -0.000296228 -0.000209756 0.00029593 1 -0.0447019 0.0519793 0.209117
FixedParameters: 0 0 0

#Transform 91
Transform: AffineTransform_float_3_3
Parameters: 0.999999 0.000747126 0.000291691 -0.000747003 0.999999 -0.000211025 -0.000292006 0.000210589 1 -0.0461554 0.00488499 0.190793
FixedParameters: 0 0 0

#Transform 92
Transform: AffineTransform_float_3_3
Parameters: 0.999999 0.000882863 0.000172902 -0.000883548 0.999999 0.00032679 -0.00017314 -0.000327125 1 -0.0358484 0.0271264 0.184956
FixedParameters: 0 0 0

#Transform 93
Transform: AffineTransform_float_3_3
Parameters: 0.999999 0.000836867 0.000220639 -0.000836996 1 0.000254706 -0.000220165 -0.000254733 0.999999 -0.0438665 0.0722134 0.175572
FixedParameters: 0 0 0

#Transform 94
Transform: AffineTransform_float_3_3
Parameters: 0.999999 0.000812839 0.000186215 -0.000812951 1 0.000255992 -0.000185751 -0.000255952 0.999999 -0.0434172 0.0749346 0.169353
FixedParameters: 0 0 0

#Transform 95
Transform: AffineTransform_float_3_3
Parameters: 0.999999 0.000818122 0.000183905 -0.000818266 0.999999 0.00039223 -0.000183263 -0.000392531 1 -0.0482153 -0.00140892 0.220008
FixedParameters: 0 0 0

#Transform 96
Transform: AffineTransform_float_3_3
Parameters: 0.999999 0.000778622 0.000144269 -0.000778667 0.999999 0.00015901 -0.000144021 -0.000159235 1 -0.0470957 0.129525 0.208122
FixedParameters: 0 0 0

#Transform 97
Transform: AffineTransform_float_3_3
Parameters: 0.999999 0.000717637 -3.26329e-05 -0.0007179 0.999999 -0.000264214 3.36388e-05 0.000264248 1 -0.0427118 0.141179 0.156469
FixedParameters: 0 0 0

#Transform 98
Transform: AffineTransform_float_3_3
Parameters: 0.999999 0.000760889 0.000103546 -0.000760966 0.999999 0.000372254 -0.000102979 -0.000372411 1 -0.0400355 0.0112869 0.215878
FixedParameters: 0 0 0

#Transform 99
Transform: AffineTransform_float_3_3
Parameters: 0.999999 0.000728252 0.000168591 -0.000728918 1 0.000228311 -0.000169025 -0.000228243 0.999999 -0.0423769 0.110851 0.194761
FixedParameters: 0 0 0

#Transform 100
Transform: AffineTransform_float_3_3
Parameters: 0.999999 0.000813995 -1.51946e-05 -0.000813734 0.999999 0.000504858 1.46311e-05 -0.00050482 1 -0.0392435 0.0473446 0.180385
FixedParameters: 0 0 0

#Transform 101
Transform: AffineTransform_float_3_3
Parameters: 0.999999 0.000756948 8.8135e-05 -0.000757037 0.999999 0.000507654 -8.73663e-05 -0.000507787 1 -0.0469128 0.0187066 0.211201
FixedParameters: 0 0 0

#Transform 102
Transform: AffineTransform_float_3_3
Parameters: 0.999999 0.000764754 0.000110895 -0.000765404 0.999999 0.000346983 -0.000111179 -0.000347183 1 -0.045102 0.0817741 0.173287
FixedParameters: 0 0 0

#Transform 103
Transform: AffineTransform_float_3_3
Parameters: 0.999999 0.000799259 7.28779e-05 -0.000798502 1 0.000299934 -7.29205e-05 -0.000299665 0.999999 -0.0441739 0.0428483 0.161963
FixedParameters: 0 0 0

#Transform 104
Transform: AffineTransform_float_3_3
Parameters: 0.999999 0.000952078 -0.000234914 -0.000952057 0.999999 4.44452e-05 0.000234998 -4.39978e-05 1 -0.0447635 0.0442418 0.174568
FixedParameters: 0 0 0

#Transform 105
Transform: AffineTransform_float_3_3
Parameters: 0.999999 0.000948291 -0.000145827 -0.000948812 1 0.00023441 0.000145504 -0.00023382 0.999999 -0.042664 0.0530326 0.139024
FixedParameters: 0 0 0

#Transform 106
Transform: AffineTransform_float_3_3
Parameters: 1 0.000957228 -0.000109121 -0.000957723 0.999999 0.000435167 0.000109289 -0.000434644 0.999999 -0.0443099 0.0634209 0.150178
FixedParameters: 0 0 0

#Transform 107
Transform: AffineTransform_float_3_3
Parameters: 0.999999 0.000936154 0.000108898 -0.000936228 1 0.000261745 -0.00010836 -0.000261605 0.999999 -0.047224 0.0198832 0.162984
FixedParameters: 0 0 0

#Transform 108
Transform: AffineTransform_float_3_3
Parameters: 0.999999 0.000948201 -0.000176365 -0.000948234 0.999999 -9.36213e-05 0.000176187 9.39556e-05 1 -0.0421483 0.0856916 0.123065
FixedParameters: 0 0 0

#Transform 109
Transform: AffineTransform_float_3_3
Parameters: 0.999999 0.000905323 9.28774e-05 -0.000905349 0.999999 0.000138522 -9.26264e-05 -0.00013869 1 -0.0428949 0.0455535 0.136664
FixedParameters: 0 0 0

#Transform 110
Transform: AffineTransform_float_3_3
Parameters: 1 0.000642722 3.03139e-05 -0.000642727 1 8.80457e-05 -3.02007e-05 -8.80846e-05 1 -0.0358241 0.11376 0.0759316
FixedParameters: 0 0 0

#Transform 111
Transform: AffineTransform_float_3_3
Parameters: 0.999999 0.000796896 -0.000128413 -0.000795961 0.999999 0.000452839 0.000128564 -0.000452592 1 -0.0389618 0.0805569 0.099043
FixedParameters: 0 0 0

#Transform 112
Transform: AffineTransform_float_3_3
Parameters: 0.999999 0.000853753 1.55536e-05 -0.000853754 0.999999 4.41527e-05 -1.54782e-05 -4.41792e-05 1 -0.040108 0.043634 0.0963803
FixedParameters: 0 0 0

#Transform 113
Transform: AffineTransform_float_3_3
Parameters: 0.999999 0.000759248 0.000177464 -0.000759322 1 0.000162645 -0.000177168 -0.000162571 0.999999 -0.0435619 0.0290243 0.129761
FixedParameters: 0 0 0

#Transform 114
Transform: AffineTransform_float_3_3
Parameters: 0.999999 0.000744447 -0.000135378 -0.00074361 0.999999 6.90264e-05 0.00013491 -6.8783e-05 1 -0.0328985 0.0935228 0.087068
FixedParameters: 0 0 0

#Transform 115
Transform: AffineTransform_float_3_3
Parameters: 0.999999 0.00080268 9.06147e-05 -0.00080272 0.999999 0.000217915 -9.02647e-05 -0.00021806 1 -0.0422249 0.0464903 0.120027
FixedParameters: 0 0 0

#Transform 116
Transform: AffineTransform_float_3_3
Parameters: 0.999999 0.000729674 -3.42163e-05 -0.000729683 1 0.000116357 3.44342e-05 -0.000115964 1 -0.0359832 0.0458688 0.123208
FixedParameters: 0 0 0

#Transform 117
Transform: AffineTransform_float_3_3
Parameters: 0.999999 0.000864571 0.00015852 -0.000864678 1 0.000285398 -0.000157978 -0.000285329 0.999999 -0.0368475 0.0403951 0.119384
FixedParameters: 0 0 0

#Transform 118
Transform: AffineTransform_float_3_3
Parameters: 0.999999 0.000785915 0.000234773 -0.000785979 0.999999 0.000137495 -0.000234557 -0.000137864 1 -0.0393136 7.07348e-05 0.130894
FixedParameters: 0 0 0

#Transform 119
Transform: AffineTransform_float_3_3
Parameters: 0.999999 0.000803293 5.93605e-05 -0.000803283 0.999999 -8.64794e-05 -5.94993e-05 8.6384e-05 1 -0.041796 0.064407 0.119223
FixedParameters: 0 0 0

#Transform 120
Transform: AffineTransform_float_3_3
Parameters: 0.999999 0.000798406 0.000237792 -0.00079831 1 -0.000237975 -0.000238123 0.000237938 0.999999 -0.0441621 0.00715988 0.130457
FixedParameters: 0 0 0

#Transform 121
Transform: AffineTransform_float_3_3
Parameters: 0.999999 0.000763588 -0.000108329 -0.000763572 0.999999 7.29759e-05 0.000108441 -7.28103e-05 1 -0.0408065 0.0695956 0.129989
FixedParameters: 0 0 0

#Transform 122
Transform: AffineTransform_float_3_3
Parameters: 1 0.000502672 -0.00014141 -0.000502879 0.999999 -0.00073268 0.000140673 0.000732822 0.999999 -0.0397578 0.1391 0.111359
FixedParameters: 0 0 0

#Transform 123
Transform: AffineTransform_float_3_3
Parameters: 1 0.000623811 -4.58329e-05 -0.000624667 0.999999 -0.000413607 4.58865e-05 0.000413622 1 -0.0404925 0.0832352 0.11082
FixedParameters: 0 0 0

#Transform 124
Transform: AffineTransform_float_3_3
Parameters: 0.999999 0.000630664 0.00037719 -0.000630389 0.999999 -0.000364295 -0.000377649 0.000363819 1 -0.0471528 -0.0291839 0.157252
FixedParameters: 0 0 0

#Transform 125
Transform: AffineTransform_float_3_3
Parameters: 0.999999 0.00076465 0.000146224 -0.000763879 0.999999 -0.000677342 -0.000146444 0.000677147 1 -0.0464382 0.0672751 0.0879798
FixedParameters: 0 0 0

#Transform 126
Transform: AffineTransform_float_3_3
Parameters: 0.999999 0.000826792 5.74036e-05 -0.000826713 0.999999 -0.000682472 -5.8532e-05 0.000682377 1 -0.0501968 0.0903942 0.101157
FixedParameters: 0 0 0

#Transform 127
Transform: AffineTransform_float_3_3
Parameters: 0.999999 0.00079299 0.000252142 -0.000792714 0.999999 -0.000545786 -0.000253007 0.000545386 1 -0.0443354 0.0903201 0.13309
FixedParameters: 0 0 0

#Transform 128
Transform: AffineTransform_float_3_3
Parameters: 0.999999 0.000758261 0.000435285 -0.000758638 0.999999 -0.000508199 -0.000435485 0.000507496 1 -0.0483474 0.0465801 0.174428
FixedParameters: 0 0 0

#Transform 129
Transform: AffineTransform_float_3_3
Parameters: 0.999999 0.000836538 0.000383782 -0.000836215 0.999999 -0.000421037 -0.000384486 0.000420394 1 -0.0483223 0.0874686 0.186091
FixedParameters: 0 0 0

#Transform 130
Transform: AffineTransform_float_3_3
Parameters: 0.999999 0.000732943 0.000454248 -0.000733332 0.999999 -0.000473864 -0.000454373 0.000473155 1 -0.0504649 -0.0172857 0.210769
FixedParameters: 0 0 0

#Transform 131
Transform: AffineTransform_float_3_3
Parameters: 1 0.000875455 0.000529979 -0.000875895 1 -0.000419143 -0.000530061 0.000419453 1 -0.0496886 0.0381922 0.189383
FixedParameters: 0 0 0

#Transform 132
Transform: AffineTransform_float_3_3
Parameters: 0.999999 0.000777711 0.000123985 -0.000778388 0.999999 -0.000569919 -0.000124301 0.000569684 1 -0.0470315 0.135736 0.211186
FixedParameters: 0 0 0

#Transform 133
Transform: AffineTransform_float_3_3
Parameters: 0.999999 0.000820737 0.000394672 -0.000820402 0.999999 -0.000425238 -0.000395369 0.000424589 1 -0.0528327 0.0538929 0.20564
FixedParameters: 0 0 0

#Transform 134
Transform: AffineTransform_float_3_3
Parameters: 0.999999 0.00104515 0.000242348 -0.00104502 0.999999 -0.00030381 -0.000242934 0.000303645 0.999999 -0.0591213 0.0998659 0.18898
FixedParameters: 0 0 0

#Transform 135
Transform: AffineTransform_float_3_3
Parameters: 0.999999 0.00102452 0.000256056 -0.00102436 0.999999 -0.000322459 -0.000256716 0.000321934 1 -0.0511759 0.0416108 0.206168
FixedParameters: 0 0 0

#Transform 136
Transform: AffineTransform_float_3_3
Parameters: 1 0.00101092 0.00026169 -0.00101069 0.999999 -0.000427903 -0.000262452 0.000427373 1 -0.0590337 0.0659275 0.186375
FixedParameters: 0 0 0

#Transform 137
Transform: AffineTransform_float_3_3
Parameters: 1 0.00111401 0.000190029 -0.00111467 0.999999 -0.000417148 -0.000190285 0.000416682 1 -0.0592781 0.0739279 0.195803
FixedParameters: 0 0 0

#Transform 138
Transform: AffineTransform_float_3_3
Parameters: 1 0.00107707 0.000194303 -0.00107752 0.999999 -0.000993335 -0.000195824 0.000993215 1 -0.0472343 -0.0512932 0.206468
FixedParameters: 0 0 0

#Transform 139
Transform: AffineTransform_float_3_3
Parameters: 0.999999 0.000893298 0.000325768 -0.000893536 1 -0.000914918 -0.000326886 0.000914635 1 -0.051441 -0.0116925 0.259164
FixedParameters: 0 0 0

#Transform 140
Transform: AffineTransform_float_3_3
Parameters: 1 0.00112169 -7.40103e-05 -0.00112209 0.999999 -0.000933124 7.33496e-05 0.000933619 1 -0.044931 0.138445 0.219728
FixedParameters: 0 0 0

#Transform 141
Transform: AffineTransform_float_3_3
Parameters: 1 0.00110917 -0.000103223 -0.00110954 0.999999 -0.000775695 0.000103005 0.000775315 0.999999 -0.0499907 0.161054 0.22377
FixedParameters: 0 0 0

#Transform 142
Transform: AffineTransform_float_3_3
Parameters: 1 0.00113785 0.000169837 -0.00113851 0.999999 -0.0005118 -0.000170281 0.000511713 0.999999 -0.053132 0.103059 0.228118
FixedParameters: 0 0 0

#Transform 143
Transform: AffineTransform_float_3_3
Parameters: 1 0.000971326 0.000139415 -0.00097059 0.999999 -0.000652283 -0.000139716 0.000652384 0.999999 -0.0480912 0.0904145 0.234992
FixedParameters: 0 0 0

#Transform 144
Transform: AffineTransform_float_3_3
Parameters: 1 0.00109299 6.64129e-05 -0.0010925 0.999998 -0.00137141 -6.71616e-05 0.00137162 0.999999 -0.066033 0.0648391 0.308089
FixedParameters: 0 0 0

#Transform 145
Transform: AffineTransform_float_3_3
Parameters: 0.999999 0.00119413 8.52198e-05 -0.00119492 0.999998 -0.00171517 -8.74166e-05 0.00171525 0.999999 -0.0705245 0.0412208 0.323173
FixedParameters: 0 0 0

#Transform 146
Transform: AffineTransform_float_3_3
Parameters: 1 0.00107704 0.000146415 -0.00107688 0.999997 -0.00227193 -0.000148695 0.00227193 0.999997 -0.0745582 -0.0269225 0.38478
FixedParameters: 0 0 0

#Transform 147
Transform: AffineTransform_float_3_3
Parameters: 1 0.00111728 -0.000119266 -0.00111694 0.999997 -0.00228056 0.000117029 0.00228121 0.999997 -0.0703413 0.0912946 0.357376
FixedParameters: 0 0 0

#Transform 148
Transform: AffineTransform_float_3_3
Parameters: 1 0.00108135 0.00026616 -0.00108069 0.999997 -0.00215884 -0.000268262 0.00215824 0.999998 -0.0745494 0.00881591 0.363696
FixedParameters: 0 0 0

#Transform 149
Transform: AffineTransform_float_3_3
Parameters: 0.999999 0.00121825 0.000129408 -0.00121827 0.999997 -0.00187766 -0.000131267 0.00187766 0.999998 -0.0703975 0.0748359 0.315551
FixedParameters: 0 0 0

#Transform 150
Transform: AffineTransform_float_3_3
Parameters: 0.999999 0.00119031 8.03132e-05 -0.00119107 0.999997 -0.00191723 -8.29781e-05 0.00191732 0.999998 -0.0755294 0.123694 0.296886
FixedParameters: 0 0 0

#Transform 151
Transform: AffineTransform_float_3_3
Parameters: 0.999999 0.00126213 0.000128384 -0.00126213 0.999997 -0.00196404 -0.000130625 0.00196402 0.999998 -0.0772734 0.0826152 0.255676
FixedParameters: 0 0 0

#Transform 152
Transform: AffineTransform_float_3_3
Parameters: 1 0.00116844 0.000114447 -0.00116838 0.999998 -0.00141745 -0.000116326 0.00141751 0.999999 -0.0683538 0.0848984 0.274802
FixedParameters: 0 0 0

#Transform 153
Transform: AffineTransform_float_3_3
Parameters: 1 0.00118726 0.000103036 -0.00118724 0.999998 -0.00137034 -0.000104856 0.00137043 0.999999 -0.0740293 0.0388728 0.273583
FixedParameters: 0 0 0

#Transform 154
Transform: AffineTransform_float_3_3
Parameters: 1 0.00111201 4.97846e-05 -0.00111215 0.999999 -0.00119916 -5.10184e-05 0.00119938 0.999999 -0.0739613 0.0897388 0.24237
FixedParameters: 0 0 0

#Transform 155
Transform: AffineTransform_float_3_3
Parameters: 1 0.0010009 0.000248271 -0.00100125 1 -0.000975456 -0.000249606 0.000975258 1 -0.0712975 -0.00404909 0.298888
FixedParameters: 0 0 0

#Transform 156
Transform: AffineTransform_float_3_3
Parameters: 1 0.00106028 0.000202162 -0.00106065 0.999999 -0.00109729 -0.000203919 0.00109681 1 -0.06982 0.0568201 0.282562
FixedParameters: 0 0 0

#Transform 157
Transform: AffineTransform_float_3_3
Parameters: 1 0.00102645 0.000455312 -0.00102619 0.999998 -0.00146271 -0.000456311 0.00146206 0.999998 -0.0720537 -0.0258348 0.323038
FixedParameters: 0 0 0

#Transform 158
Transform: AffineTransform_float_3_3
Parameters: 0.999999 0.00116682 0.00038467 -0.00116628 0.999999 -0.00101493 -0.000385651 0.00101402 1 -0.0709221 0.0633298 0.272893
FixedParameters: 0 0 0

#Transform 159
Transform: AffineTransform_float_3_3
Parameters: 1 0.00106206 0.00034515 -0.00106202 0.999999 -0.00125812 -0.000347204 0.00125769 0.999999 -0.0679973 0.0302036 0.261249
FixedParameters: 0 0 0

#Transform 160
Transform: AffineTransform_float_3_3
Parameters: 0.999999 0.00117482 0.000237054 -0.00117456 0.999999 -0.00105717 -0.000238152 0.0010566 1 -0.069707 0.0413796 0.27722
FixedParameters: 0 0 0

#Transform 161
Transform: AffineTransform_float_3_3
Parameters: 0.999999 0.00121722 0.000330696 -0.00121672 0.999999 -0.00115597 -0.000332075 0.00115549 0.999999 -0.0693871 0.0739283 0.25511
FixedParameters: 0 0 0

#Transform 162
Transform: AffineTransform_float_3_3
Parameters: 1 0.00111582 0.000154182 -0.00111567 0.999998 -0.0013407 -0.00015574 0.00134068 0.999999 -0.0654057 0.0606572 0.266542
FixedParameters: 0 0 0

#Transform 163
Transform: AffineTransform_float_3_3
Parameters: 1 0.00115101 0.000305559 -0.00115042 0.999998 -0.00136945 -0.000307325 0.00136873 0.999999 -0.0708213 0.0209377 0.283164
FixedParameters: 0 0 0

#Transform 164
Transform: AffineTransform_float_3_3
Parameters: 1 0.00116756 0.000201042 -0.00116733 0.999999 -0.00120927 -0.000202432 0.00120913 0.999999 -0.0655141 0.0589397 0.266101
FixedParameters: 0 0 0

#Transform 165
Transform: AffineTransform_float_3_3
Parameters: 1 0.00115576 0.000230467 -0.00115551 0.999999 -0.00110056 -0.000231577 0.00110036 0.999999 -0.070472 0.0488451 0.292905
FixedParameters: 0 0 0

#Transform 166
Transform: AffineTransform_float_3_3
Parameters: 0.999999 0.00117679 0.000236573 -0.0011758 0.999998 -0.00142505 -0.000237677 0.00142485 0.999999 -0.0698942 0.0256756 0.280328
FixedParameters: 0 0 0

#Transform 167
Transform: AffineTransform_float_3_3
Parameters: 1 0.00115236 0.00026075 -0.00115203 0.999998 -0.00110511 -0.000261911 0.00110449 1 -0.0688811 0.0472241 0.327851
FixedParameters: 0 0 0

#Transform 168
Transform: AffineTransform_float_3_3
Parameters: 1 0.00102364 0.000308279 -0.00102311 0.999998 -0.00126473 -0.000309481 0.00126409 0.999999 -0.0629751 0.0172005 0.316482
FixedParameters: 0 0 0

#Transform 169
Transform: AffineTransform_float_3_3
Parameters: 1 0.00105109 0.000215037 -0.00105151 0.999999 -0.000924605 -0.00021641 0.000924109 1 -0.0618138 0.078445 0.292863
FixedParameters: 0 0 0

#Transform 170
Transform: AffineTransform_float_3_3
Parameters: 1 0.00111772 0.000253843 -0.00111666 0.999999 -0.000991447 -0.000255194 0.00099125 1 -0.0622702 0.0255706 0.297077
FixedParameters: 0 0 0

#Transform 171
Transform: AffineTransform_float_3_3
Parameters: 1 0.00112159 0.000167482 -0.00112211 0.999999 -0.000877109 -0.000168879 0.00087669 1 -0.0595998 0.0845683 0.262297
FixedParameters: 0 0 0

#Transform 172
Transform: AffineTransform_float_3_3
Parameters: 1 0.00102744 0.000331465 -0.00102669 0.999998 -0.00148925 -0.000333138 0.00148856 0.999999 -0.0626185 -0.0273742 0.33671
FixedParameters: 0 0 0

#Transform 173
Transform: AffineTransform_float_3_3
Parameters: 0.999999 0.0012493 0.000135023 -0.00124866 0.999998 -0.00121536 -0.00013581 0.00121538 0.999999 -0.0657886 0.0652984 0.289371
FixedParameters: 0 0 0

#Transform 174
Transform: AffineTransform_float_3_3
Parameters: 1 0.0010957 -3.85529e-05 -0.00109545 0.999999 -0.00148201 3.75208e-05 0.00148151 0.999999 -0.0667094 0.127978 0.287385
FixedParameters: 0 0 0

#Transform 175
Transform: AffineTransform_float_3_3
Parameters: 1 0.0010799 0.000172854 -0.00107962 0.999998 -0.00151377 -0.000174738 0.00151338 0.999999 -0.0680954 0.0660788 0.303279
FixedParameters: 0 0 0

#Transform 176
Transform: AffineTransform_float_3_3
Parameters: 1 0.00107322 0.000193 -0.00107281 0.999999 -0.00110023 -0.000195313 0.00110016 0.999999 -0.0682793 0.0481726 0.348091
FixedParameters: 0 0 0

#Transform 177
Transform: AffineTransform_float_3_3
Parameters: 1 0.00106202 0.000178899 -0.00106167 0.999998 -0.00168642 -0.00018115 0.00168636 0.999999 -0.0694259 0.030415 0.316559
FixedParameters: 0 0 0

#Transform 178
Transform: AffineTransform_float_3_3
Parameters: 1 0.00111332 0.000157099 -0.00111317 0.999999 -0.00130954 -0.000158581 0.00130951 0.999999 -0.0702501 0.0435815 0.326856
FixedParameters: 0 0 0

#Transform 179
Transform: AffineTransform_float_3_3
Parameters: 1 0.00105447 0.000188292 -0.00105495 0.999998 -0.00157794 -0.000189617 0.00157783 0.999998 -0.0627351 0.00706904 0.317793
FixedParameters: 0 0 0

#Transform 180
Transform: AffineTransform_float_3_3
Parameters: 1 0.000962839 0.000244238 -0.000962219 0.999998 -0.00179853 -0.000246369 0.00179839 0.999998 -0.0656352 -0.0607072 0.394909
FixedParameters: 0 0 0

#Transform 181
Transform: AffineTransform_float_3_3
Parameters: 1 0.00111893 -1.10154e-05 -0.00111859 0.999998 -0.001551 9.71226e-06 0.0015501 0.999999 -0.0617595 0.112188 0.330335
FixedParameters: 0 0 0

#Transform 182
Transform: AffineTransform_float_3_3
Parameters: 1 0.00108721 -1.35925e-05 -0.00108751 0.999998 -0.00146314 1.18438e-05 0.0014635 0.999998 -0.0604262 0.161348 0.311566
FixedParameters: 0 0 0

#Transform 183
Transform: AffineTransform_float_3_3
Parameters: 1 0.00105841 4.73211e-05 -0.00105854 0.999998 -0.00145173 -4.8961e-05 0.00145196 0.999998 -0.0630663 0.056365 0.307938
FixedParameters: 0 0 0

#Transform 184
Transform: AffineTransform_float_3_3
Parameters: 0.999999 0.000887782 3.75014e-05 -0.000887339 0.999999 -0.0017403 -3.85475e-05 0.00174059 0.999999 -0.0604322 0.0663076 0.34795
FixedParameters: 0 0 0

#Transform 185
Transform: AffineTransform_float_3_3
Parameters: 0.999999 0.000938208 -6.20001e-05 -0.00093865 0.999998 -0.00146442 6.05821e-05 0.00146487 0.999998 -0.058693 0.089462 0.309278
FixedParameters: 0 0 0

#Transform 186
Transform: AffineTransform_float_3_3
Parameters: 0.999999 0.000867743 0.000319175 -0.000867552 0.999998 -0.00157512 -0.000321441 0.00157452 0.999998 -0.0607282 -0.0668277 0.395195
FixedParameters: 0 0 0

#Transform 187
Transform: AffineTransform_float_3_3
Parameters: 0.999999 0.00080844 0.000200477 -0.000808788 0.999998 -0.00177719 -0.000201601 0.00177681 0.999999 -0.0653471 0.0407789 0.378704
FixedParameters: 0 0 0

#Transform 188
Transform: AffineTransform_float_3_3
Parameters: 1 0.00088727 4.20357e-05 -0.000886767 0.999997 -0.00205536 -4.35842e-05 0.0020553 0.999998 -0.0658272 0.0700426 0.358017
FixedParameters: 0 0 0

#Transform 189
Transform: AffineTransform_float_3_3
Parameters: 0.999999 0.000773089 3.45013e-05 -0.000772634 0.999998 -0.00181416 -3.53104e-05 0.00181412 0.999999 -0.0623284 0.0545392 0.404043
FixedParameters: 0 0 0
