#Insight Transform File V1.0
#Transform 0
Transform: AffineTransform_float_3_3
Parameters: 1 -0.000887952 0.000749001 0.000889502 0.999996 -0.00272965 -0.000746332 0.00273085 0.999996 0.0382297 0.0125501 0.120827
FixedParameters: 0 0 0

#Transform 1
Transform: AffineTransform_float_3_3
Parameters: 1 -0.000797373 0.000832492 0.00079937 0.999996 -0.00237051 -0.00083002 0.0023714 0.999997 0.0386018 0.0105411 0.0922019
FixedParameters: 0 0 0

#Transform 2
Transform: AffineTransform_float_3_3
Parameters: 1 -0.000744714 0.000964287 0.000747499 0.999995 -0.00275072 -0.000962413 0.00275169 0.999996 0.0325504 -0.106327 0.116319
FixedParameters: 0 0 0

#Transform 3
Transform: AffineTransform_float_3_3
Parameters: 1 -0.000768947 0.000780506 0.000770485 0.999998 -0.00171848 -0.000779593 0.00171962 0.999998 0.037941 0.0896903 0.0565913
FixedParameters: 0 0 0

#Transform 4
Transform: AffineTransform_float_3_3
Parameters: 1 -0.000796828 0.000809774 0.000798413 0.999999 -0.00168497 -0.000808818 0.0016862 0.999998 0.0414449 0.0315748 0.0842153
FixedParameters: 0 0 0

#Transform 5
Transform: AffineTransform_float_3_3
Parameters: 1 -0.000752947 0.000809499 0.000753827 0.999998 -0.00175639 -0.000808014 0.00175751 0.999998 0.0366653 0.00708583 0.0908481
FixedParameters: 0 0 0

#Transform 6
Transform: AffineTransform_float_3_3
Parameters: 1 -0.000788531 0.000852284 0.000790373 0.999999 -0.00138844 -0.000850941 0.00138882 0.999999 0.0341992 0.00564482 0.100075
FixedParameters: 0 0 0

#Transform 7
Transform: AffineTransform_float_3_3
Parameters: 1 -0.000815877 0.000848085 0.000817395 0.999998 -0.00153189 -0.000847296 0.00153194 0.999999 0.0311778 -0.00708332 0.10441
FixedParameters: 0 0 0

#Transform 8
Transform: AffineTransform_float_3_3
Parameters: 0.999999 -0.000689319 0.000837479 0.000689576 0.999999 -0.00132515 -0.000836814 0.0013262 0.999998 0.0271374 -0.0215712 0.106788
FixedParameters: 0 0 0

#Transform 9
Transform: AffineTransform_float_3_3
Parameters: 1 -0.000682214 0.000838247 0.000682376 0.999999 -0.00126745 -0.000837577 0.00126849 0.999999 0.0309312 -0.0193581 0.0866579
FixedParameters: 0 0 0

#Transform 10
Transform: AffineTransform_float_3_3
Parameters: 0.999999 -0.000592009 0.000859353 0.000592765 0.999998 -0.00154365 -0.000858769 0.00154328 0.999999 0.0213961 -0.0118923 0.0538674
FixedParameters: 0 0 0

#Transform 11
Transform: AffineTransform_float_3_3
Parameters: 0.999999 -0.000683314 0.000720729 0.000684776 0.999998 -0.00139919 -0.000719781 0.00139981 0.999999 0.0189154 -0.00245837 0.10446
FixedParameters: 0 0 0

#Transform 12
Transform: AffineTransform_float_3_3
Parameters: 0.999999 -0.000446191 0.000761747 0.000447775 0.999999 -0.0014149 -0.000761399 0.00141555 0.999998 0.0204288 -0.0341758 0.0782609
FixedParameters: 0 0 0

#Transform 13
Transform: AffineTransform_float_3_3
Parameters: 0.999999 -0.000437768 0.000746246 0.000439761 0.999999 -0.00168616 -0.000745718 0.00168584 0.999998 0.0274861 0.051111 0.0542383
FixedParameters: 0 0 0

#Transform 14
Transform: AffineTransform_float_3_3
Parameters: 0.999999 -0.000484297 0.000726283 0.000484972 0.999998 -0.00141062 -0.000725312 0.00141091 0.999999 0.0182368 0.00919076 0.0730211
FixedParameters: 0 0 0

#Transform 15
Transform: AffineTransform_float_3_3
Parameters: 1 -0.000177755 0.000584922 0.000177672 0.999999 -0.00110218 -0.000584926 0.00110197 1 0.0135547 0.0546229 0.0256088
FixedParameters: 0 0 0

#Transform 16
Transform: AffineTransform_float_3_3
Parameters: 1 -0.000216475 0.000620598 0.000216993 0.999999 -0.000863822 -0.000621088 0.00086372 0.999999 0.0168407 0.0132156 0.0445205
FixedParameters: 0 0 0

#Transform 17
Transform: AffineTransform_float_3_3
Parameters: 1 -0.000222466 0.000627518 0.000223454 0.999999 -0.000787713 -0.000627167 0.000787993 0.999999 0.0100079 0.00303038 0.0449014
FixedParameters: 0 0 0

#Transform 18
Transform: AffineTransform_float_3_3
Parameters: 1 -0.000278457 0.000286979 0.000278558 1 -0.000175962 -0.000286881 0.000176122 1 0.0122323 0.0137935 0.0519761
FixedParameters: 0 0 0

#Transform 19
Transform: AffineTransform_float_3_3
Parameters: 1 0.000193818 0.000666315 -0.000193682 1 -0.000102514 -0.000666355 0.000102256 1 0.00887816 0.022919 -0.0394057
FixedParameters: 0 0 0

#Transform 20
Transform: AffineTransform_float_3_3
Parameters: 1 0.000407299 0.000192193 -0.00040705 0.999999 -0.000645946 -0.000192719 0.000645789 1 -0.00783719 -0.0099421 0.0174683
FixedParameters: 0 0 0

#Transform 21
Transform: AffineTransform_float_3_3
Parameters: 1 0.000634923 0.000171165 -0.000635044 0.999999 0.000351642 -0.000170719 -0.000351859 1 -0.016353 -0.0253218 -0.00681181
FixedParameters: 0 0 0

#Transform 22
Transform: AffineTransform_float_3_3
Parameters: 1 0.000193964 9.37973e-05 -0.000193968 1 -7.14528e-05 -9.37767e-05 7.17592e-05 1 -0.0131321 -0.0754094 0.0816928
FixedParameters: 0 0 0

#Transform 23
Transform: AffineTransform_float_3_3
Parameters: 1 0.000351577 -0.000149459 -0.000351246 0.999999 -0.000803994 0.000149709 0.000804128 0.999999 -0.0161951 0.00690377 0.0229547
FixedParameters: 0 0 0

#Transform 24
Transform: AffineTransform_float_3_3
Parameters: 1 0.000208705 -0.00016876 -0.000208894 1 -0.000560365 0.000168526 0.000560435 1 -0.0191835 0.065337 0.0186053
FixedParameters: 0 0 0

#Transform 25
Transform: AffineTransform_float_3_3
Parameters: 1 0.000182404 -0.000193545 -0.000182651 1 -0.000639108 0.000193312 0.000639178 1 -0.0150255 0.0678165 0.0337809
FixedParameters: 0 0 0

#Transform 26
Transform: AffineTransform_float_3_3
Parameters: 1 0.000133597 -0.00027092 -0.000134181 1 -0.00108116 0.000270528 0.00108123 1 -0.0114574 0.078984 0.00621122
FixedParameters: 0 0 0

#Transform 27
Transform: AffineTransform_float_3_3
Parameters: 1 7.73222e-05 -0.000238175 -7.78113e-05 1 -0.00102923 0.000237912 0.00102926 1 -0.0106312 0.0629572 0.0131588
FixedParameters: 0 0 0

#Transform 28
Transform: AffineTransform_float_3_3
Parameters: 1 0.000249447 -0.000300145 -0.000249299 0.999999 -0.000735241 0.000300545 0.000735077 1 -0.0157664 0.0456575 0.0257296
FixedParameters: 0 0 0

#Transform 29
Transform: AffineTransform_float_3_3
Parameters: 1 0.000296081 -0.000477961 -0.00029653 1 -0.000469502 0.000477683 0.000469785 1 -0.0213012 0.0236482 0.0305615
FixedParameters: 0 0 0

#Transform 30
Transform: AffineTransform_float_3_3
Parameters: 1 0.000323803 -0.000215539 -0.000323993 1 -0.000441069 0.000215254 0.000441208 1 -0.0189782 0.0094083 0.0761406
FixedParameters: 0 0 0

#Transform 31
Transform: AffineTransform_float_3_3
Parameters: 1 0.000239054 -0.000153972 -0.00023871 0.999999 -0.000743143 0.000154433 0.000743246 0.999999 -0.0211085 -0.0632563 0.0795538
FixedParameters: 0 0 0

#Transform 32
Transform: AffineTransform_float_3_3
Parameters: 1 0.000251213 -0.000164884 -0.000251425 1 -0.000642655 0.000164561 0.000642738 1 -0.0185166 -0.0263106 0.0743604
FixedParameters: 0 0 0

#Transform 33
Transform: AffineTransform_float_3_3
Parameters: 1 0.000265562 -0.000154733 -0.000265153 1 -0.000525211 0.000155269 0.000525323 1 -0.0195399 -0.0107018 0.0980627
FixedParameters: 0 0 0

#Transform 34
Transform: AffineTransform_float_3_3
Parameters: 1 0.000316658 -0.000210776 -0.000316358 0.999999 -0.00064595 0.000211182 0.000646113 1 -0.0189063 0.0232344 0.0782035
FixedParameters: 0 0 0

#Transform 35
Transform: AffineTransform_float_3_3
Parameters: 1 0.00026224 -0.00028859 -0.000262611 1 -0.000643138 0.000288253 0.00064329 1 -0.0151836 0.0439984 0.0610915
FixedParameters: 0 0 0

#Transform 36
Transform: AffineTransform_float_3_3
Parameters: 1 0.000292027 -0.000245998 -0.000291772 0.999999 -0.000644663 0.000246437 0.000644836 1 -0.0165868 0.0639811 0.0593596
FixedParameters: 0 0 0

#Transform 37
Transform: AffineTransform_float_3_3
Parameters: 1 0.000317789 -0.000195348 -0.000317544 0.999999 -0.000835271 0.000195633 0.000835424 0.999999 -0.0256433 0.0289194 0.0653799
FixedParameters: 0 0 0

#Transform 38
Transform: AffineTransform_float_3_3
Parameters: 1 0.000278421 -0.000233242 -0.000278926 1 -0.00108559 0.000232534 0.00108572 1 -0.0251777 0.0320097 0.0615865
FixedParameters: 0 0 0

#Transform 39
Transform: AffineTransform_float_3_3
Parameters: 1 0.000301958 -0.000217467 -0.000301752 0.999999 -0.000841453 0.000217774 0.000841614 0.999999 -0.0197571 0.0354478 0.0757849
FixedParameters: 0 0 0

#Transform 40
Transform: AffineTransform_float_3_3
Parameters: 1 0.000346524 -0.000164126 -0.000346182 0.999999 -0.000701588 0.000164455 0.000701731 1 -0.0277294 0.0161756 0.100795
FixedParameters: 0 0 0

#Transform 41
Transform: AffineTransform_float_3_3
Parameters: 1 0.000268875 -0.000265777 -0.000269314 0.999999 -0.000825736 0.000265333 0.000825879 0.999999 -0.0206926 0.0611024 0.114441
FixedParameters: 0 0 0

#Transform 42
Transform: AffineTransform_float_3_3
Parameters: 1 0.000345418 -0.000160088 -0.000345095 0.999999 -0.000778637 0.000160365 0.000778776 0.999999 -0.0262257 -0.0190866 0.133003
FixedParameters: 0 0 0

#Transform 43
Transform: AffineTransform_float_3_3
Parameters: 1 0.000328425 -0.000164434 -0.000329016 1 -0.00105217 0.000165025 0.00105227 1 -0.0286042 -0.0102283 0.117357
FixedParameters: 0 0 0

#Transform 44
Transform: AffineTransform_float_3_3
Parameters: 1 0.000356689 -0.000121063 -0.0003572 1 -0.00109471 0.000121564 0.00109478 1 -0.0285651 -0.00260963 0.109099
FixedParameters: 0 0 0

#Transform 45
Transform: AffineTransform_float_3_3
Parameters: 1 0.000351988 -0.000129235 -0.000353083 1 -0.00107446 0.000128945 0.00107451 1 -0.0287717 0.0179707 0.114165
FixedParameters: 0 0 0

#Transform 46
Transform: AffineTransform_float_3_3
Parameters: 1 0.000357758 -9.75388e-05 -0.000358277 0.999999 -0.00139718 9.78209e-05 0.00139724 0.999999 -0.0288479 0.0174406 0.110894
FixedParameters: 0 0 0

#Transform 47
Transform: AffineTransform_float_3_3
Parameters: 1 0.000376703 -0.000198569 -0.000377994 0.999999 -0.00119384 0.000198135 0.00119394 1 -0.0274296 0.0547001 0.102521
FixedParameters: 0 0 0

#Transform 48
Transform: AffineTransform_float_3_3
Parameters: 1 0.000346498 -0.000245972 -0.000346611 0.999999 -0.00139645 0.000245716 0.00139665 0.999999 -0.0259062 0.0566696 0.0814929
FixedParameters: 0 0 0

#Transform 49
Transform: AffineTransform_float_3_3
Parameters: 1 0.00041622 -0.000174278 -0.000416068 0.999999 -0.00120883 0.000173985 0.001209 1 -0.0305526 0.0374258 0.114512
FixedParameters: 0 0 0

#Transform 50
Transform: AffineTransform_float_3_3
Parameters: 1 0.000345716 -0.000114729 -0.000346853 0.999999 -0.00139658 0.000114229 0.00139662 0.999999 -0.0288892 0.00742235 0.114269
FixedParameters: 0 0 0

#Transform 51
Transform: AffineTransform_float_3_3
Parameters: 1 0.000366207 -0.000216062 -0.000366268 0.999999 -0.00146958 0.000215698 0.00146977 0.999999 -0.0293939 0.0170262 0.0856081
FixedParameters: 0 0 0

#Transform 52
Transform: AffineTransform_float_3_3
Parameters: 1 0.000376424 -8.83557e-05 -0.000376875 1 -0.00115783 8.8766e-05 0.00115788 1 -0.0316144 0.00499968 0.112545
FixedParameters: 0 0 0

#Transform 53
Transform: AffineTransform_float_3_3
Parameters: 1 0.000381039 -9.07169e-05 -0.000382044 1 -0.00103493 9.03945e-05 0.00103496 1 -0.0302134 0.00813356 0.135981
FixedParameters: 0 0 0

#Transform 54
Transform: AffineTransform_float_3_3
Parameters: 1 0.000420005 -0.000113161 -0.000419748 0.999999 -0.00140032 0.000112698 0.00140045 0.999999 -0.0284788 0.00709874 0.10799
FixedParameters: 0 0 0

#Transform 55
Transform: AffineTransform_float_3_3
Parameters: 1 0.000425599 -0.000169612 -0.0004255 0.999999 -0.00140057 0.000169132 0.00140074 0.999999 -0.0273636 0.0246767 0.0958654
FixedParameters: 0 0 0

#Transform 56
Transform: AffineTransform_float_3_3
Parameters: 1 0.00045466 -0.000170952 -0.000455282 1 -0.00105196 0.000171326 0.00105245 0.999999 -0.0287622 0.028767 0.124972
FixedParameters: 0 0 0

#Transform 57
Transform: AffineTransform_float_3_3
Parameters: 1 0.000404168 -4.6618e-05 -0.000404524 0.999999 -0.00118832 4.69395e-05 0.00118835 1 -0.02897 0.00126551 0.105169
FixedParameters: 0 0 0

#Transform 58
Transform: AffineTransform_float_3_3
Parameters: 1 0.000420519 -0.000158013 -0.000420371 0.999999 -0.00134825 0.000157591 0.00134841 0.999999 -0.0306189 0.0508753 0.0666742
FixedParameters: 0 0 0

#Transform 59
Transform: AffineTransform_float_3_3
Parameters: 1 0.000392219 -0.000166011 -0.000392629 0.999999 -0.00124168 0.000164934 0.00124181 0.999999 -0.0304113 0.0335151 0.0799923
FixedParameters: 0 0 0

#Transform 60
Transform: AffineTransform_float_3_3
Parameters: 1 0.000511689 -9.11738e-05 -0.000511279 0.999999 -0.000887364 9.10812e-05 0.000887486 0.999999 -0.0315296 0.0251588 0.117218
FixedParameters: 0 0 0

#Transform 61
Transform: AffineTransform_float_3_3
Parameters: 1 0.000496943 -3.13297e-05 -0.000497008 1 -0.00106593 3.01675e-05 0.00106596 1 -0.0309145 0.0295883 0.0819253
FixedParameters: 0 0 0

#Transform 62
Transform: AffineTransform_float_3_3
Parameters: 1 0.00040003 -7.25527e-05 -0.000400981 0.999999 -0.000911752 7.23924e-05 0.000911768 0.999999 -0.0271433 0.0272176 0.0736246
FixedParameters: 0 0 0

#Transform 63
Transform: AffineTransform_float_3_3
Parameters: 1 0.000504131 -0.000256919 -0.000504539 1 -0.000890329 0.000255987 0.00088965 0.999999 -0.025193 0.035239 0.0716815
FixedParameters: 0 0 0

#Transform 64
Transform: AffineTransform_float_3_3
Parameters: 1 0.000482268 -7.39725e-05 -0.000482387 0.999999 -0.000813801 7.31874e-05 0.000813872 0.999999 -0.0311126 0.0164519 0.103326
FixedParameters: 0 0 0

#Transform 65
Transform: AffineTransform_float_3_3
Parameters: 1 0.000468534 -0.000142129 -0.000468254 1 -0.0010333 0.000141874 0.00103346 1 -0.0279241 -0.00515081 0.101611
FixedParameters: 0 0 0

#Transform 66
Transform: AffineTransform_float_3_3
Parameters: 1 0.000525667 -0.000253232 -0.00052549 1 -0.000878389 0.00025309 0.000877746 1 -0.0245855 0.0273259 0.0605088
FixedParameters: 0 0 0

#Transform 67
Transform: AffineTransform_float_3_3
Parameters: 0.999999 0.000677684 -0.00018702 -0.000677306 1 -0.000605201 0.00018703 0.000604888 1 -0.0248373 -0.00344763 0.0563492
FixedParameters: 0 0 0

#Transform 68
Transform: AffineTransform_float_3_3
Parameters: 0.999999 0.000694294 -0.000414626 -0.000694172 1 -0.000602468 0.000414571 0.000602135 1 -0.0265962 0.0277262 0.0271278
FixedParameters: 0 0 0

#Transform 69
Transform: AffineTransform_float_3_3
Parameters: 0.999999 0.000649738 -0.000358325 -0.000650062 0.999999 -0.000451615 0.000357737 0.000452081 1 -0.0246197 0.0349931 0.0430095
FixedParameters: 0 0 0

#Transform 70
Transform: AffineTransform_float_3_3
Parameters: 1 0.000565798 -0.000276386 -0.000566082 0.999999 -0.000515496 0.000275802 0.000515808 1 -0.032224 0.0270036 0.0405076
FixedParameters: 0 0 0

#Transform 71
Transform: AffineTransform_float_3_3
Parameters: 1 0.000603169 -0.000256809 -0.000604211 0.999999 -0.000435361 0.000256853 0.000435629 1 -0.0276081 0.0367469 0.0653832
FixedParameters: 0 0 0

#Transform 72
Transform: AffineTransform_float_3_3
Parameters: 0.999999 0.000699769 -0.000277583 -0.000699506 0.999999 -0.00055637 0.000277619 0.000556787 1 -0.0350524 0.0299499 0.078354
FixedParameters: 0 0 0

#Transform 73
Transform: AffineTransform_float_3_3
Parameters: 0.999999 0.000715099 -0.000134398 -0.000715256 1 -0.000521626 0.0001337 0.000522161 0.999999 -0.0387568 0.00396284 0.0918172
FixedParameters: 0 0 0

#Transform 74
Transform: AffineTransform_float_3_3
Parameters: 1 0.000533996 0.000115049 -0.000534738 1 -0.000335044 -0.000114837 0.000334879 1 -0.0358311 0.00511186 0.136987
FixedParameters: 0 0 0

#Transform 75
Transform: AffineTransform_float_3_3
Parameters: 1 0.000682688 -6.44596e-06 -0.000683517 0.999999 -0.000809197 5.91046e-06 0.000809163 0.999999 -0.0405134 0.00801704 0.088087
FixedParameters: 0 0 0

#Transform 76
Transform: AffineTransform_float_3_3
Parameters: 1 0.000661664 -0.000220552 -0.000661939 0.999999 -0.000625604 0.000219724 0.000625895 1 -0.0405406 0.02654 0.0877517
FixedParameters: 0 0 0

#Transform 77
Transform: AffineTransform_float_3_3
Parameters: 0.999999 0.000708005 -0.000150066 -0.00070816 0.999999 -0.000517911 0.000149332 0.000518123 1 -0.0379534 0.0364925 0.0871968
FixedParameters: 0 0 0

#Transform 78
Transform: AffineTransform_float_3_3
Parameters: 0.999999 0.000659289 -0.000210662 -0.000658956 0.999999 -0.000568387 0.000210728 0.000568694 1 -0.0399517 0.0189171 0.0999647
FixedParameters: 0 0 0

#Transform 79
Transform: AffineTransform_float_3_3
Parameters: 0.999999 0.000621795 -0.00035119 -0.000622162 0.999999 -0.000522291 0.00035054 0.000522727 1 -0.0325956 0.018382 0.104198
FixedParameters: 0 0 0

#Transform 80
Transform: AffineTransform_float_3_3
Parameters: 1 0.000621723 -0.000242078 -0.000621445 0.999999 -0.000609487 0.000242136 0.000609817 1 -0.032532 0.0202973 0.0998176
FixedParameters: 0 0 0

#Transform 81
Transform: AffineTransform_float_3_3
Parameters: 1 0.000611532 -0.000264309 -0.000611213 0.999999 -0.00047977 0.000264538 0.000480122 1 -0.0379245 0.0225153 0.0903209
FixedParameters: 0 0 0

#Transform 82
Transform: AffineTransform_float_3_3
Parameters: 1 0.000658566 -0.000184611 -0.000658692 0.999999 -0.000341105 0.000184161 0.000341348 1 -0.0365427 0.0149391 0.101101
FixedParameters: 0 0 0

#Transform 83
Transform: AffineTransform_float_3_3
Parameters: 1 0.000655378 -0.000203126 -0.000655516 0.999999 -0.000340921 0.000202679 0.000341187 1 -0.037474 0.0182221 0.111034
FixedParameters: 0 0 0

#Transform 84
Transform: AffineTransform_float_3_3
Parameters: 1 0.000624316 -0.000135644 -0.000623947 0.999999 -0.000751918 0.00013552 0.000752116 0.999999 -0.0455717 -0.0200076 0.103194
FixedParameters: 0 0 0

#Transform 85
Transform: AffineTransform_float_3_3
Parameters: 1 0.000490462 -0.000219211 -0.000490692 0.999999 -0.000525709 0.000218695 0.000525924 1 -0.0347323 0.0379737 0.142346
FixedParameters: 0 0 0

#Transform 86
Transform: AffineTransform_float_3_3
Parameters: 1 0.000559676 8.43479e-05 -0.000560396 1 -0.000681122 -8.44926e-05 0.000681328 0.999999 -0.0391181 -0.00604338 0.126747
FixedParameters: 0 0 0

#Transform 87
Transform: AffineTransform_float_3_3
Parameters: 1 0.000658369 2.78977e-05 -0.00065835 0.999999 -0.000341324 -2.83471e-05 0.000341287 1 -0.0460107 0.0115989 0.0949224
FixedParameters: 0 0 0

#Transform 88
Transform: AffineTransform_float_3_3
Parameters: 0.999999 0.000702763 -9.56519e-06 -0.000703591 0.999999 -0.000514836 9.41118e-06 0.000514807 1 -0.0519395 -0.0155445 0.0858375
FixedParameters: 0 0 0

#Transform 89
Transform: AffineTransform_float_3_3
Parameters: 0.999999 0.000750044 -3.86883e-05 -0.000750075 0.999999 -0.00040905 3.80747e-05 0.000409108 1 -0.0515759 -0.0146584 0.0844646
FixedParameters: 0 0 0

#Transform 90
Transform: AffineTransform_float_3_3
Parameters: 0.999999 0.00072301 -1.73995e-05 -0.000723022 0.999999 -0.000344601 1.69012e-05 0.000344626 1 -0.0513203 -0.0140983 0.074742
FixedParameters: 0 0 0

#Transform 91
Transform: AffineTransform_float_3_3
Parameters: 1 0.000655914 2.96179e-05 -0.000655894 0.999999 -0.000341199 -3.00654e-05 0.00034116 1 -0.0525495 -0.0420235 0.0888939
FixedParameters: 0 0 0

#Transform 92
Transform: AffineTransform_float_3_3
Parameters: 1 0.000685098 6.60656e-06 -0.000685092 0.999999 -0.000411768 -7.17075e-06 0.000411758 1 -0.0512945 -0.0234995 0.0695835
FixedParameters: 0 0 0

#Transform 93
Transform: AffineTransform_float_3_3
Parameters: 0.999999 0.000737149 8.13192e-05 -0.000737092 0.999999 -0.000345442 -8.18283e-05 0.000345322 1 -0.0520955 -0.0177384 0.0716883
FixedParameters: 0 0 0

#Transform 94
Transform: AffineTransform_float_3_3
Parameters: 0.999999 0.00074281 -3.64836e-05 -0.000742845 0.999999 -0.000485783 3.57619e-05 0.000485837 1 -0.0508944 -0.0195523 0.0705514
FixedParameters: 0 0 0

#Transform 95
Transform: AffineTransform_float_3_3
Parameters: 0.999999 0.000759693 -4.73498e-05 -0.000759736 0.999999 -0.000460604 4.66499e-05 0.000460676 1 -0.0560677 -0.0102973 0.0604427
FixedParameters: 0 0 0

#Transform 96
Transform: AffineTransform_float_3_3
Parameters: 0.999999 0.000757037 -4.50418e-05 -0.000757077 0.999999 -0.000448454 4.43628e-05 0.000448522 1 -0.0505114 -0.0249271 0.0660026
FixedParameters: 0 0 0

#Transform 97
Transform: AffineTransform_float_3_3
Parameters: 0.999999 0.000771867 -5.5362e-05 -0.000771916 0.999999 -0.000447202 5.46715e-05 0.000447287 1 -0.0507081 -0.00362995 0.071793
FixedParameters: 0 0 0

#Transform 98
Transform: AffineTransform_float_3_3
Parameters: 0.999999 0.000727101 -2.02664e-05 -0.000727115 0.999999 -0.000344808 1.9765e-05 0.000344837 1 -0.0508976 -0.0300856 0.0679359
FixedParameters: 0 0 0

#Transform 99
Transform: AffineTransform_float_3_3
Parameters: 0.999999 0.0007619 -4.78916e-05 -0.000761941 0.999999 -0.000433681 4.72307e-05 0.000433754 1 -0.0498608 -0.000866079 0.0539638
FixedParameters: 0 0 0

#Transform 100
Transform: AffineTransform_float_3_3
Parameters: 1 0.000647181 2.17626e-05 -0.000647149 0.999999 -0.000718239 -2.26922e-05 0.000718211 0.999999 -0.0524087 0.0177236 0.0880617
FixedParameters: 0 0 0

#Transform 101
Transform: AffineTransform_float_3_3
Parameters: 1 0.0005419 -0.00010919 -0.000541482 1 -0.000935429 0.000108958 0.000934638 0.999999 -0.0430435 0.0281214 0.10768
FixedParameters: 0 0 0

#Transform 102
Transform: AffineTransform_float_3_3
Parameters: 1 0.000588316 6.89626e-05 -0.000588239 0.999999 -0.000555044 -6.96156e-05 0.000554962 1 -0.0445806 -0.0212185 0.156597
FixedParameters: 0 0 0

#Transform 103
Transform: AffineTransform_float_3_3
Parameters: 1 0.000625865 0.000126794 -0.000625027 1 -0.000856871 -0.000127084 0.000855804 1 -0.0480109 -0.0372661 0.143265
FixedParameters: 0 0 0

#Transform 104
Transform: AffineTransform_float_3_3
Parameters: 1 0.000605664 0.000213181 -0.000606165 0.999999 -0.000784755 -0.000213514 0.000784797 0.999999 -0.0554476 0.00480613 0.110128
FixedParameters: 0 0 0

#Transform 105
Transform: AffineTransform_float_3_3
Parameters: 1 0.000533178 0.000115624 -0.000533101 1 -0.00033496 -0.000115981 0.000334836 1 -0.0475363 0.0226105 0.144908
FixedParameters: 0 0 0

#Transform 106
Transform: AffineTransform_float_3_3
Parameters: 1 0.000539774 9.92636e-05 -0.000540463 0.999999 -0.000653746 -9.93997e-05 0.000653596 1 -0.0477596 -0.000451369 0.132567
FixedParameters: 0 0 0

#Transform 107
Transform: AffineTransform_float_3_3
Parameters: 1 0.000584918 7.65586e-05 -0.000584854 0.999999 -0.00041369 -7.70424e-05 0.0004136 1 -0.0488123 0.0247973 0.118338
FixedParameters: 0 0 0

#Transform 108
Transform: AffineTransform_float_3_3
Parameters: 1 0.000544634 0.000107597 -0.000544561 1 -0.000335543 -0.000107962 0.000335426 1 -0.0490032 0.0123825 0.125371
FixedParameters: 0 0 0

#Transform 109
Transform: AffineTransform_float_3_3
Parameters: 1 0.000536453 0.000102147 -0.000536323 0.999999 -0.000638515 -0.000102832 0.000638405 1 -0.0513336 -0.0071687 0.141293
FixedParameters: 0 0 0

#Transform 110
Transform: AffineTransform_float_3_3
Parameters: 1 0.000542997 0.000108744 -0.000542924 1 -0.00033546 -0.000109108 0.000335342 1 -0.0522274 -0.0222521 0.155451
FixedParameters: 0 0 0

#Transform 111
Transform: AffineTransform_float_3_3
Parameters: 1 0.000548278 8.64695e-05 -0.000548132 0.999999 -0.000839374 -8.73898e-05 0.000839279 0.999999 -0.0546775 -0.00387051 0.117375
FixedParameters: 0 0 0

#Transform 112
Transform: AffineTransform_float_3_3
Parameters: 1 0.000569128 7.97908e-05 -0.000569028 0.999999 -0.000625159 -8.05023e-05 0.000625068 1 -0.0546373 0.00168866 0.118311
FixedParameters: 0 0 0

#Transform 113
Transform: AffineTransform_float_3_3
Parameters: 1 0.000556335 8.66184e-05 -0.000556216 0.999999 -0.000682583 -8.73778e-05 0.000682486 1 -0.0508161 -0.0665949 0.141369
FixedParameters: 0 0 0

#Transform 114
Transform: AffineTransform_float_3_3
Parameters: 1 0.000551911 9.478e-05 -0.000551808 0.999999 -0.000545182 -9.53817e-05 0.000545077 1 -0.0534339 0.0330734 0.0921081
FixedParameters: 0 0 0

#Transform 115
Transform: AffineTransform_float_3_3
Parameters: 1 0.000564195 8.50235e-05 -0.000564113 1 -0.000577176 -8.56265e-05 0.000577423 0.999999 -0.0565399 0.0153619 0.108783
FixedParameters: 0 0 0

#Transform 116
Transform: AffineTransform_float_3_3
Parameters: 1 0.000677566 0.000185725 -0.000677369 0.999999 -0.000529731 -0.000186443 0.000529479 1 -0.0564942 -0.0132693 0.0938727
FixedParameters: 0 0 0

#Transform 117
Transform: AffineTransform_float_3_3
Parameters: 1 0.000548794 8.70678e-05 -0.000548652 0.999999 -0.000813367 -8.79604e-05 0.000813271 0.999999 -0.0553981 -0.000887493 0.0788278
FixedParameters: 0 0 0

#Transform 118
Transform: AffineTransform_float_3_3
Parameters: 1 0.000629035 4.32314e-05 -0.000628993 0.999999 -0.000481015 -4.38365e-05 0.000480961 1 -0.0542287 -0.00982049 0.070312
FixedParameters: 0 0 0

#Transform 119
Transform: AffineTransform_float_3_3
Parameters: 1 0.000592092 7.43413e-05 -0.000592041 1 -0.000337957 -7.47414e-05 0.000337869 1 -0.0529867 -0.0208421 0.0871369
FixedParameters: 0 0 0

#Transform 120
Transform: AffineTransform_float_3_3
Parameters: 1 0.00053934 0.000117505 -0.0005393 1 -0.000167058 -0.000117685 0.000166931 1 -0.0509223 -0.00693452 0.0989714
FixedParameters: 0 0 0

#Transform 121
Transform: AffineTransform_float_3_3
Parameters: 1 0.000503205 0.000152134 -0.000503232 1 8.81067e-05 -0.000152045 -8.82598e-05 1 -0.0540667 -0.0121044 0.0920439
FixedParameters: 0 0 0

#Transform 122
Transform: AffineTransform_float_3_3
Parameters: 1 0.000683062 1.71994e-05 -0.000683057 1 -0.000164348 -1.74239e-05 0.000164324 1 -0.0542294 -0.00892766 0.0747242
FixedParameters: 0 0 0

#Transform 123
Transform: AffineTransform_float_3_3
Parameters: 0.999999 0.00074793 -2.63057e-05 -0.000747936 0.999999 -0.000115568 2.61328e-05 0.000115607 1 -0.0537907 0.00579195 0.0609085
FixedParameters: 0 0 0

#Transform 124
Transform: AffineTransform_float_3_3
Parameters: 1 0.00070228 9.34451e-06 -0.000702279 1 -1.41287e-05 -9.36434e-06 1.41156e-05 1 -0.0516978 -0.00678641 0.0780396
FixedParameters: 0 0 0

#Transform 125
Transform: AffineTransform_float_3_3
Parameters: 0.999999 0.000834899 0.000103372 -0.00083491 0.999999 5.00181e-05 -0.000103289 -5.01907e-05 1 -0.0535532 -0.0199895 0.0985814
FixedParameters: 0 0 0

#Transform 126
Transform: AffineTransform_float_3_3
Parameters: 0.999999 0.000752588 -3.56707e-05 -0.000752608 0.999999 -0.000280014 3.52491e-05 0.000280067 1 -0.05383 -0.00861152 0.0643509
FixedParameters: 0 0 0

#Transform 127
Transform: AffineTransform_float_3_3
Parameters: 0.999999 0.000713409 6.04468e-06 -0.000713411 0.999999 0.000106462 -5.89277e-06 -0.000106471 1 -0.0528519 0.00681501 0.100803
FixedParameters: 0 0 0

#Transform 128
Transform: AffineTransform_float_3_3
Parameters: 0.999999 0.00097072 0.000183624 -0.000970677 1 -0.0001637 -0.000183893 0.000163686 0.999999 -0.0556287 0.00574353 0.0863559
FixedParameters: 0 0 0

#Transform 129
Transform: AffineTransform_float_3_3
Parameters: 1 0.00110847 0.00017265 -0.00110837 0.999999 -0.000333012 -0.000173237 0.000332971 0.999999 -0.0625693 -0.00851039 0.0796856
FixedParameters: 0 0 0

#Transform 130
Transform: AffineTransform_float_3_3
Parameters: 1 0.00116101 0.000224588 -0.00116037 0.999999 -0.000181576 -0.000224043 0.000181427 0.999999 -0.0553831 -0.0192545 0.0788202
FixedParameters: 0 0 0

#Transform 131
Transform: AffineTransform_float_3_3
Parameters: 1 0.00117679 0.000161074 -0.00117676 0.999999 -0.000149276 -0.000161275 0.000149239 0.999999 -0.0553216 -0.0183817 0.0722817
FixedParameters: 0 0 0

#Transform 132
Transform: AffineTransform_float_3_3
Parameters: 0.999999 0.00132546 0.00038369 -0.00132552 0.999999 -6.70884e-07 -0.000383609 9.34578e-07 1 -0.0527607 -0.0283692 0.0447542
FixedParameters: 0 0 0

#Transform 133
Transform: AffineTransform_float_3_3
Parameters: 0.999999 0.0012696 0.000401845 -0.00126974 0.999999 9.43148e-05 -0.000401523 -9.4054e-05 1 -0.0564219 -0.0393214 0.0311982
FixedParameters: 0 0 0

#Transform 134
Transform: AffineTransform_float_3_3
Parameters: 0.999999 0.00129157 0.000404176 -0.00129175 1 0.000501248 -0.000404217 -0.000501936 1 -0.0568154 -0.0413757 0.0182735
FixedParameters: 0 0 0

#Transform 135
Transform: AffineTransform_float_3_3
Parameters: 0.999999 0.00134452 0.000520026 -0.00134508 0.999999 0.000770975 -0.000519336 -0.000772359 1 -0.0587938 -0.0407798 0.0239923
FixedParameters: 0 0 0

#Transform 136
Transform: AffineTransform_float_3_3
Parameters: 0.999999 0.0013333 0.000592481 -0.00133299 1 0.000410661 -0.000591906 -0.000411855 1 -0.0603792 -0.0495438 0.0188783
FixedParameters: 0 0 0

#Transform 137
Transform: AffineTransform_float_3_3
Parameters: 0.999999 0.00128605 0.000612121 -0.00128581 0.999999 0.000413554 -0.000611545 -0.000413805 1 -0.0607642 -0.0374811 0.0063765
FixedParameters: 0 0 0

#Transform 138
Transform: AffineTransform_float_3_3
Parameters: 0.999999 0.00141376 0.00066343 -0.00141343 0.999999 0.000318694 -0.000663016 -0.000319245 1 -0.0595398 -0.0380885 -0.0154039
FixedParameters: 0 0 0

#Transform 139
Transform: AffineTransform_float_3_3
Parameters: 0.999999 0.00149222 0.000547619 -0.00149252 0.999999 0.000479545 -0.000547522 -0.000480823 1 -0.0605629 -0.0393423 -0.0558781
FixedParameters: 0 0 0

#Transform 140
Transform: AffineTransform_float_3_3
Parameters: 0.999999 0.00141916 0.000520777 -0.0014191 0.999999 0.000714726 -0.000519269 -0.000715817 1 -0.0668183 -0.0438839 -0.0330172
FixedParameters: 0 0 0

#Transform 141
Transform: AffineTransform_float_3_3
Parameters: 0.999999 0.00127499 0.000568115 -0.00127562 0.999999 0.000760158 -0.000567511 -0.00076125 1 -0.0650278 -0.0719741 0.0260194
FixedParameters: 0 0 0

#Transform 142
Transform: AffineTransform_float_3_3
Parameters: 0.999999 0.00144384 0.000559192 -0.0014449 0.999999 0.000376327 -0.000558837 -0.00037669 1 -0.0617609 -0.0483438 -0.00127605
FixedParameters: 0 0 0

#Transform 143
Transform: AffineTransform_float_3_3
Parameters: 0.999999 0.00136826 0.000500437 -0.00136872 0.999999 0.000689343 -0.000499886 -0.000690356 1 -0.0581355 -0.0556623 -0.020156
FixedParameters: 0 0 0

#Transform 144
Transform: AffineTransform_float_3_3
Parameters: 0.999999 0.00130138 0.000557615 -0.00130223 0.999999 0.000972079 -0.00055642 -0.000973173 0.999999 -0.050539 -0.0576032 -0.0180528
FixedParameters: 0 0 0

#Transform 145
Transform: AffineTransform_float_3_3
Parameters: 0.999999 0.00129703 0.000580884 -0.00129718 0.999999 0.00102437 -0.000580132 -0.00102548 0.999999 -0.0510974 -0.0687832 -0.000534527
FixedParameters: 0 0 0

#Transform 146
Transform: AffineTransform_float_3_3
Parameters: 0.999999 0.00117325 0.000483968 -0.00117392 0.999999 0.000952162 -0.000483117 -0.000953284 1 -0.0496243 -0.061761 -0.0252953
FixedParameters: 0 0 0

#Transform 147
Transform: AffineTransform_float_3_3
Parameters: 0.999999 0.00126269 0.000437422 -0.00126321 0.999999 0.000852143 -0.000436605 -0.000852891 1 -0.0572353 -0.058682 -0.0610978
FixedParameters: 0 0 0

#Transform 148
Transform: AffineTransform_float_3_3
Parameters: 0.999999 0.00142059 0.000697939 -0.00142088 0.999999 0.000782403 -0.000696235 -0.000783999 0.999999 -0.0581521 -0.066352 -0.0638217
FixedParameters: 0 0 0

#Transform 149
Transform: AffineTransform_float_3_3
Parameters: 0.999999 0.00118087 0.000402602 -0.00118085 0.999999 0.00097263 -0.000400826 -0.000973193 0.999999 -0.0578518 -0.0700699 -0.0356124
FixedParameters: 0 0 0

#Transform 150
Transform: AffineTransform_float_3_3
Parameters: 0.999999 0.00125435 0.000436109 -0.00125442 0.999998 0.00102116 -0.000434116 -0.00102221 1 -0.0622575 -0.0636449 -0.0365819
FixedParameters: 0 0 0

#Transform 151
Transform: AffineTransform_float_3_3
Parameters: 0.999999 0.0012229 0.000371625 -0.00122336 0.999999 0.000927416 -0.000370692 -0.000927968 0.999999 -0.064857 -0.036056 -0.0498797
FixedParameters: 0 0 0

#Transform 152
Transform: AffineTransform_float_3_3
Parameters: 0.999999 0.00128562 0.000844215 -0.00128725 0.999999 0.00107299 -0.000842859 -0.00107386 0.999999 -0.060968 -0.086168 -0.00407149
FixedParameters: 0 0 0

#Transform 153
Transform: AffineTransform_float_3_3
Parameters: 0.999999 0.00136589 0.000729926 -0.00136675 0.999998 0.00127431 -0.000728418 -0.00127496 0.999999 -0.0656415 -0.0528073 -0.037691
FixedParameters: 0 0 0

#Transform 154
Transform: AffineTransform_float_3_3
Parameters: 0.999999 0.00127405 0.000636077 -0.00127419 0.999998 0.00135873 -0.000633823 -0.00135932 0.999999 -0.0673705 -0.0678839 -0.0484271
FixedParameters: 0 0 0

#Transform 155
Transform: AffineTransform_float_3_3
Parameters: 0.999999 0.00128444 0.000722689 -0.00128621 0.999998 0.00135796 -0.000720651 -0.00135886 0.999999 -0.0650379 -0.0593997 -0.0460367
FixedParameters: 0 0 0

#Transform 156
Transform: AffineTransform_float_3_3
Parameters: 0.999999 0.00132348 0.000801289 -0.00132504 0.999999 0.00108711 -0.000799814 -0.00108793 0.999999 -0.0696085 -0.0481629 -0.0335026
FixedParameters: 0 0 0

#Transform 157
Transform: AffineTransform_float_3_3
Parameters: 0.999999 0.00118407 0.000588426 -0.0011843 0.999999 0.000881035 -0.00058686 -0.000882042 0.999999 -0.0667215 -0.0564071 -0.0526159
FixedParameters: 0 0 0

#Transform 158
Transform: AffineTransform_float_3_3
Parameters: 0.999999 0.00117647 0.000453871 -0.00117726 0.999999 0.00112093 -0.000452569 -0.00112165 0.999999 -0.0643613 -0.0569442 -0.0740357
FixedParameters: 0 0 0

#Transform 159
Transform: AffineTransform_float_3_3
Parameters: 0.999999 0.0011966 0.000414699 -0.00119748 0.999998 0.0013626 -0.000412821 -0.00136358 0.999999 -0.0629679 -0.0299594 -0.0946295
FixedParameters: 0 0 0

#Transform 160
Transform: AffineTransform_float_3_3
Parameters: 0.999999 0.00126564 0.000453309 -0.0012664 0.999998 0.00110462 -0.000451896 -0.00110575 1 -0.0645703 -0.0996158 -0.0694669
FixedParameters: 0 0 0

#Transform 161
Transform: AffineTransform_float_3_3
Parameters: 0.999999 0.00133589 0.000540989 -0.00133621 0.999999 0.00104043 -0.000538729 -0.00104149 0.999999 -0.0636643 -0.0656193 -0.101989
FixedParameters: 0 0 0

#Transform 162
Transform: AffineTransform_float_3_3
Parameters: 1 0.00118176 0.000344384 -0.00118154 0.999999 0.00119398 -0.000343469 -0.0011944 0.999999 -0.0639567 -0.0726652 -0.064687
FixedParameters: 0 0 0

#Transform 163
Transform: AffineTransform_float_3_3
Parameters: 0.999999 0.00137921 0.000696537 -0.00137968 0.999999 0.00105239 -0.000695608 -0.00105297 1 -0.0670029 -0.0864291 -0.0672442
FixedParameters: 0 0 0

#Transform 164
Transform: AffineTransform_float_3_3
Parameters: 0.999999 0.00129463 0.000670057 -0.00129594 0.999998 0.00114745 -0.00066842 -0.00114883 0.999999 -0.0677826 -0.0824097 -0.0463616
FixedParameters: 0 0 0

#Transform 165
Transform: AffineTransform_float_3_3
Parameters: 0.999999 0.00130752 0.000689064 -0.00130867 0.999998 0.00160671 -0.000686916 -0.00160846 0.999999 -0.0658844 -0.0727406 -0.0267494
FixedParameters: 0 0 0

#Transform 166
Transform: AffineTransform_float_3_3
Parameters: 0.999999 0.00134111 0.000783086 -0.00134222 0.999998 0.00135493 -0.000781472 -0.00135604 0.999999 -0.0618014 -0.0164609 -0.0172645
FixedParameters: 0 0 0

#Transform 167
Transform: AffineTransform_float_3_3
Parameters: 0.999999 0.001099 0.00100828 -0.00109964 0.999999 0.00110392 -0.00100706 -0.00110511 0.999999 -0.0556131 -0.0806182 -0.00715209
FixedParameters: 0 0 0

#Transform 168
Transform: AffineTransform_float_3_3
Parameters: 0.999998 0.0012642 0.00106701 -0.0012656 0.999999 0.00112182 -0.00106615 -0.00112318 0.999999 -0.0567668 -0.0645669 -0.027211
FixedParameters: 0 0 0

#Transform 169
Transform: AffineTransform_float_3_3
Parameters: 0.999998 0.00113979 0.00128814 -0.00114184 0.999998 0.00173215 -0.00128607 -0.00173403 0.999998 -0.0614875 -0.0536387 -0.00804957
FixedParameters: 0 0 0

#Transform 170
Transform: AffineTransform_float_3_3
Parameters: 0.999998 0.00123025 0.00129196 -0.00123109 0.999998 0.00125778 -0.00129064 -0.0012599 0.999998 -0.0620205 -0.0782599 -0.0314641
FixedParameters: 0 0 0

#Transform 171
Transform: AffineTransform_float_3_3
Parameters: 0.999999 0.00108716 0.00115815 -0.00108869 0.999999 0.00134127 -0.00115639 -0.00134242 0.999998 -0.0647861 -0.0584647 -0.0261159
FixedParameters: 0 0 0

#Transform 172
Transform: AffineTransform_float_3_3
Parameters: 0.999998 0.00111179 0.00124942 -0.00111298 0.999998 0.00143932 -0.001248 -0.00144104 0.999998 -0.0632529 -0.0649527 -0.0428793
FixedParameters: 0 0 0

#Transform 173
Transform: AffineTransform_float_3_3
Parameters: 0.999998 0.00107839 0.00129959 -0.00108069 0.999998 0.00181047 -0.00129756 -0.00181221 0.999998 -0.0659663 -0.0599493 -0.0226506
FixedParameters: 0 0 0

#Transform 174
Transform: AffineTransform_float_3_3
Parameters: 0.999999 0.00101787 0.00103791 -0.00101984 0.999998 0.00183506 -0.00103686 -0.00183614 0.999998 -0.0625562 -0.0752895 -0.0496867
FixedParameters: 0 0 0

#Transform 175
Transform: AffineTransform_float_3_3
Parameters: 0.999998 0.00100081 0.00137682 -0.00100244 0.999999 0.00144545 -0.00137577 -0.0014462 0.999998 -0.0564927 -0.103825 -0.0461114
FixedParameters: 0 0 0

#Transform 176
Transform: AffineTransform_float_3_3
Parameters: 0.999999 0.0010205 0.00103801 -0.0010226 0.999998 0.00188766 -0.0010368 -0.0018884 0.999997 -0.0616559 -0.0550354 -0.0982392
FixedParameters: 0 0 0

#Transform 177
Transform: AffineTransform_float_3_3
Parameters: 0.999999 0.00103439 0.00103842 -0.00103704 0.999997 0.00216261 -0.00103663 -0.00216372 0.999997 -0.0620671 -0.0745391 -0.0911689
FixedParameters: 0 0 0

#Transform 178
Transform: AffineTransform_float_3_3
Parameters: 0.999999 0.000951351 0.00118037 -0.000953977 0.999997 0.00213375 -0.00117819 -0.00213493 0.999997 -0.0643629 -0.0679307 -0.0918757
FixedParameters: 0 0 0

#Transform 179
Transform: AffineTransform_float_3_3
Parameters: 0.999999 0.00111755 0.00116221 -0.00112064 0.999997 0.00209943 -0.00116028 -0.00210006 0.999997 -0.065206 -0.0663159 -0.102795
FixedParameters: 0 0 0

#Transform 180
Transform: AffineTransform_float_3_3
Parameters: 0.999999 0.00109808 0.00114797 -0.00110004 0.999997 0.0019048 -0.00114567 -0.00190625 0.999998 -0.063907 -0.0924793 -0.0925053
FixedParameters: 0 0 0

#Transform 181
Transform: AffineTransform_float_3_3
Parameters: 0.999998 0.00107927 0.00128502 -0.0010826 0.999996 0.00253286 -0.00128217 -0.00253359 0.999996 -0.0641232 -0.05884 -0.0885604
FixedParameters: 0 0 0

#Transform 182
Transform: AffineTransform_float_3_3
Parameters: 0.999998 0.00103055 0.00125576 -0.00103285 0.999997 0.0022036 -0.00125376 -0.00220508 0.999997 -0.0633272 -0.0852417 -0.0999711
FixedParameters: 0 0 0

#Transform 183
Transform: AffineTransform_float_3_3
Parameters: 0.999998 0.00116789 0.00120152 -0.00117082 0.999996 0.00256491 -0.00119817 -0.00256661 0.999997 -0.0581068 -0.0746892 -0.112275
FixedParameters: 0 0 0

#Transform 184
Transform: AffineTransform_float_3_3
Parameters: 0.999999 0.00108326 0.0010929 -0.00108524 0.999996 0.00238331 -0.00109028 -0.00238457 0.999997 -0.0543286 -0.0432748 -0.152524
FixedParameters: 0 0 0

#Transform 185
Transform: AffineTransform_float_3_3
Parameters: 0.999999 0.00106462 0.00103931 -0.00106772 0.999996 0.0027625 -0.00103684 -0.00276329 0.999995 -0.0506442 -0.0642905 -0.10156
FixedParameters: 0 0 0

#Transform 186
Transform: AffineTransform_float_3_3
Parameters: 0.999999 0.00106249 0.00103922 -0.00106548 0.999996 0.00271989 -0.0010369 -0.00272102 0.999996 -0.048611 -0.0620685 -0.141638
FixedParameters: 0 0 0

#Transform 187
Transform: AffineTransform_float_3_3
Parameters: 0.999999 0.00091731 0.00112245 -0.000919918 0.999997 0.00223675 -0.00112033 -0.00223775 0.999997 -0.0554281 -0.0513427 -0.0744632
FixedParameters: 0 0 0

#Transform 188
Transform: AffineTransform_float_3_3
Parameters: 0.999998 0.00102291 0.00134166 -0.00102471 0.999998 0.00187245 -0.00134028 -0.00187409 0.999997 -0.0544863 -0.0336283 -0.0825387
FixedParameters: 0 0 0

#Transform 189
Transform: AffineTransform_float_3_3
Parameters: 0.999999 0.000907146 0.00119269 -0.000909037 0.999998 0.00145916 -0.00119125 -0.0014603 0.999998 -0.0502499 -0.196524 -0.0773703
FixedParameters: 0 0 0
