#Insight Transform File V1.0
#Transform 0
Transform: AffineTransform_float_3_3
Parameters: 1 -0.000102216 -4.83734e-05 0.000102297 0.999999 0.000835376 4.82025e-05 -0.000835386 0.999999 0.0293859 -0.00645919 0.0941234
FixedParameters: 0 0 0

#Transform 1
Transform: AffineTransform_float_3_3
Parameters: 1 1.30087e-05 -0.000236708 -1.23521e-05 0.999999 0.00138529 0.00023664 -0.00138528 0.999999 0.024953 -0.00146171 0.057982
FixedParameters: 0 0 0

#Transform 2
Transform: AffineTransform_float_3_3
Parameters: 1 0.000196482 -0.000434741 -0.000196937 1 -0.000523529 0.000434535 0.0005237 1 -0.0152242 0.00805522 0.146282
FixedParameters: 0 0 0

#Transform 3
Transform: AffineTransform_float_3_3
Parameters: 1 0.00023104 -0.00029876 -0.000232009 0.999999 -0.00170943 0.000297832 0.00170863 0.999998 -0.0181495 0.0685112 0.0927802
FixedParameters: 0 0 0

#Transform 4
Transform: AffineTransform_float_3_3
Parameters: 1 4.60213e-05 -0.000150171 -4.63095e-05 0.999999 -0.000959568 0.000150083 0.000959582 0.999999 -0.0140602 -0.039969 0.141984
FixedParameters: 0 0 0

#Transform 5
Transform: AffineTransform_float_3_3
Parameters: 1 0.000112685 -0.000141058 -0.000112752 1 -0.00023703 0.000141005 0.000237062 1 -0.00932345 -0.0622098 0.151231
FixedParameters: 0 0 0

#Transform 6
Transform: AffineTransform_float_3_3
Parameters: 1 0.000354106 -0.000391073 -0.000354256 1 -0.000192151 0.000390936 0.000192428 1 -0.000388905 0.0482884 0.112561
FixedParameters: 0 0 0

#Transform 7
Transform: AffineTransform_float_3_3
Parameters: 1 0.000302698 -0.000303469 -0.000302848 1 -0.000246666 0.00030332 0.000246849 1 0.00121003 0.0115638 0.104841
FixedParameters: 0 0 0

#Transform 8
Transform: AffineTransform_float_3_3
Parameters: 1 0.00028229 -0.000484442 -0.000282528 1 -0.000245493 0.000484303 0.000245767 1 0.00140902 0.0489325 0.10164
FixedParameters: 0 0 0

#Transform 9
Transform: AffineTransform_float_3_3
Parameters: 1 0.000151607 -0.000238809 -0.000151813 1 -0.000430227 0.000238678 0.000430299 1 -0.000648883 -0.0379179 0.109327
FixedParameters: 0 0 0

#Transform 10
Transform: AffineTransform_float_3_3
Parameters: 1 0.000311832 -0.000389862 -0.000311988 1 -0.000199005 0.000389737 0.000199248 1 -0.00368538 0.0172756 0.0979781
FixedParameters: 0 0 0

#Transform 11
Transform: AffineTransform_float_3_3
Parameters: 1 0.000351043 -0.000254909 -0.000351026 1 3.32001e-05 0.000254933 -3.30211e-05 1 -0.00507273 -0.0281149 0.0980457
FixedParameters: 0 0 0

#Transform 12
Transform: AffineTransform_float_3_3
Parameters: 1 0.000292755 -0.000326351 -0.000292822 0.999999 -0.000128654 0.000326228 0.000128502 1 0.0024733 0.00537046 0.0857877
FixedParameters: 0 0 0

#Transform 13
Transform: AffineTransform_float_3_3
Parameters: 1 0.00012687 -0.000234844 -0.000126899 1 -6.14714e-05 0.000234828 6.1531e-05 1 0.00394673 -0.0377761 0.106312
FixedParameters: 0 0 0

#Transform 14
Transform: AffineTransform_float_3_3
Parameters: 1 -7.06111e-05 -0.000226944 7.06355e-05 1 5.37843e-05 0.000226936 -5.38163e-05 1 0.016316 -0.0121311 0.0640231
FixedParameters: 0 0 0

#Transform 15
Transform: AffineTransform_float_3_3
Parameters: 1 5.43665e-05 -0.000303584 -5.41577e-05 1 0.000343814 0.000303622 -0.000343781 1 0.0177569 -0.0196085 0.0636728
FixedParameters: 0 0 0

#Transform 16
Transform: AffineTransform_float_3_3
Parameters: 1 -0.000244723 0.000217104 0.000244253 1 0.00108196 -0.000217735 -0.00108185 1 -0.00578428 -0.047472 -0.0019574
FixedParameters: 0 0 0

#Transform 17
Transform: AffineTransform_float_3_3
Parameters: 1 0.000316302 -0.000136398 -0.000316237 1 0.000240163 0.00013655 -0.000240076 1 0.000402428 -0.0681057 -0.0326883
FixedParameters: 0 0 0

#Transform 18
Transform: AffineTransform_float_3_3
Parameters: 1 0.00040265 -0.000241107 -0.000402238 0.999999 0.000853643 0.000241794 -0.000853449 0.999999 0.000657741 -0.0380992 -0.0143943
FixedParameters: 0 0 0

#Transform 19
Transform: AffineTransform_float_3_3
Parameters: 1 0.000461925 -0.000100784 -0.000461907 1 9.14674e-05 0.000100869 -9.13743e-05 1 0.000453581 -0.0457589 -0.0350087
FixedParameters: 0 0 0

#Transform 20
Transform: AffineTransform_float_3_3
Parameters: 1 0.000442994 -0.000273928 -0.000442541 0.999999 0.000825572 0.000274659 -0.000825329 0.999999 0.00158958 -0.0135101 -0.0230315
FixedParameters: 0 0 0

#Transform 21
Transform: AffineTransform_float_3_3
Parameters: 1 -0.000126605 0.000348615 0.000126416 1 0.00109386 -0.000348179 -0.00109374 1 -0.00699558 -0.0268484 0.00179632
FixedParameters: 0 0 0

#Transform 22
Transform: AffineTransform_float_3_3
Parameters: 1 -0.000281392 0.000123179 0.000281092 0.999999 0.00121805 -0.000123967 -0.00121798 0.999999 0.00378931 -0.0294891 9.99609e-05
FixedParameters: 0 0 0

#Transform 23
Transform: AffineTransform_float_3_3
Parameters: 1 -0.000147568 0.000121771 0.000147842 0.999999 0.0012282 -0.000121421 -0.00122813 1 0.00506875 -0.0331189 -0.0045669
FixedParameters: 0 0 0

#Transform 24
Transform: AffineTransform_float_3_3
Parameters: 1 4.79745e-05 -0.000269434 -4.73506e-05 1 0.00115621 0.000269442 -0.00115618 1 0.0168783 -0.040235 -0.00328122
FixedParameters: 0 0 0

#Transform 25
Transform: AffineTransform_float_3_3
Parameters: 1 0.000101516 -0.000306062 -0.000100779 0.999999 0.00117485 0.000306149 -0.00117513 1 0.00971171 -0.0160345 0.00685807
FixedParameters: 0 0 0

#Transform 26
Transform: AffineTransform_float_3_3
Parameters: 1 0.000178207 -0.000132439 -0.000177849 0.999999 0.00128195 0.000132745 -0.00128225 1 -0.0119951 -0.0323646 0.0142286
FixedParameters: 0 0 0

#Transform 27
Transform: AffineTransform_float_3_3
Parameters: 1 0.000229775 -0.000176016 -0.000229338 0.999999 0.00123896 0.000176482 -0.00123887 0.999999 -0.00462022 -0.0371393 -0.0184817
FixedParameters: 0 0 0

#Transform 28
Transform: AffineTransform_float_3_3
Parameters: 1 0.000292432 -0.000433493 -0.000291855 0.999999 0.00132504 0.00043335 -0.00132481 0.999999 -0.00389723 -0.0310557 -0.0440759
FixedParameters: 0 0 0

#Transform 29
Transform: AffineTransform_float_3_3
Parameters: 1 0.000237883 -0.000183564 -0.000237347 0.999999 0.00145283 0.000184152 -0.00145274 0.999999 -0.0134681 -0.034585 -0.0147558
FixedParameters: 0 0 0

#Transform 30
Transform: AffineTransform_float_3_3
Parameters: 1 0.000229165 -0.000175669 -0.000228717 0.999999 0.00127003 0.000176148 -0.00126995 0.999999 -0.00576363 -0.0732385 -0.0274106
FixedParameters: 0 0 0

#Transform 31
Transform: AffineTransform_float_3_3
Parameters: 1 -3.46549e-05 -0.000198322 3.52614e-05 0.999999 0.0015279 0.000198112 -0.00152791 0.999999 0.0142862 0.0102405 -0.00596221
FixedParameters: 0 0 0

#Transform 32
Transform: AffineTransform_float_3_3
Parameters: 1 -9.61025e-05 -0.000155435 9.65787e-05 0.999999 0.00153103 0.000155038 -0.00153106 0.999999 0.00680819 -0.0411826 0.0254302
FixedParameters: 0 0 0

#Transform 33
Transform: AffineTransform_float_3_3
Parameters: 1 0.000190717 -0.000513629 -0.000190268 1 0.000437107 0.000513795 -0.000436912 1 0.00272144 0.0582053 0.0707516
FixedParameters: 0 0 0

#Transform 34
Transform: AffineTransform_float_3_3
Parameters: 1 -0.000144463 -0.000160353 0.000144613 1 0.000467094 0.000160218 -0.00046714 1 0.00192682 -0.00912302 0.0920842
FixedParameters: 0 0 0

#Transform 35
Transform: AffineTransform_float_3_3
Parameters: 1 3.68134e-05 -0.000290422 -3.65817e-05 0.999999 0.000369068 0.000290401 -0.000369389 1 0.0123844 -0.00378205 0.0773896
FixedParameters: 0 0 0

#Transform 36
Transform: AffineTransform_float_3_3
Parameters: 1 0.000153511 -0.000253595 -0.000152835 0.999999 0.00133204 0.000253901 -0.00133196 0.999999 0.00723045 -0.0360203 0.0427714
FixedParameters: 0 0 0

#Transform 37
Transform: AffineTransform_float_3_3
Parameters: 1 0.000304816 -6.68732e-05 -0.000304711 0.999999 0.000785422 6.73519e-05 -0.000785381 0.999999 0.00338823 -0.0777905 0.0420371
FixedParameters: 0 0 0

#Transform 38
Transform: AffineTransform_float_3_3
Parameters: 1 0.000127908 -0.000638804 -0.000127359 0.999999 0.000916464 0.000638154 -0.000915393 0.999999 0.0135383 0.00157921 0.0109709
FixedParameters: 0 0 0

#Transform 39
Transform: AffineTransform_float_3_3
Parameters: 1 0.000252899 -0.000234917 -0.00025286 0.999999 0.00130187 0.000234657 -0.00130178 0.999999 0.00687422 -0.0124993 0.00597404
FixedParameters: 0 0 0

#Transform 40
Transform: AffineTransform_float_3_3
Parameters: 1 0.000284968 -0.000433607 -0.000284515 1 0.00118122 0.000433362 -0.00118101 0.999999 0.00357473 -0.000290731 -0.0113701
FixedParameters: 0 0 0

#Transform 41
Transform: AffineTransform_float_3_3
Parameters: 1 -8.78509e-06 -0.000531069 1.01192e-05 0.999999 0.00125537 0.000530943 -0.00125538 0.999999 0.0066876 -0.017453 0.00380124
FixedParameters: 0 0 0

#Transform 42
Transform: AffineTransform_float_3_3
Parameters: 1 0.000192138 -0.000408376 -0.000191181 1 0.00116995 0.000408721 -0.0011698 0.999999 -0.00371708 -0.0478452 0.00114088
FixedParameters: 0 0 0

#Transform 43
Transform: AffineTransform_float_3_3
Parameters: 1 0.00022784 -0.00043598 -0.00022775 1 0.000102716 0.000436027 -0.000102517 1 -0.0163247 0.00775908 0.102361
FixedParameters: 0 0 0

#Transform 44
Transform: AffineTransform_float_3_3
Parameters: 1 0.000198735 -0.000277471 -0.000198674 1 0.000111109 0.000277516 -0.000110999 1 -0.0147273 -0.031732 0.0927518
FixedParameters: 0 0 0

#Transform 45
Transform: AffineTransform_float_3_3
Parameters: 1 0.000118036 -0.000299088 -0.000117809 1 0.000380607 0.000299177 -0.000380537 1 -0.00207257 -0.0267015 0.11228
FixedParameters: 0 0 0

#Transform 46
Transform: AffineTransform_float_3_3
Parameters: 1 0.000145679 -0.000357403 -0.000145525 1 0.000215008 0.000357465 -0.000214904 1 -0.00637976 -0.035269 0.0925391
FixedParameters: 0 0 0

#Transform 47
Transform: AffineTransform_float_3_3
Parameters: 0.999999 0.000484172 -0.000584909 -0.000484087 0.999999 5.80575e-05 0.000584917 -5.78339e-05 1 -0.00520491 0.0150968 0.0549491
FixedParameters: 0 0 0

#Transform 48
Transform: AffineTransform_float_3_3
Parameters: 1 0.000255694 -0.000405567 -0.000255507 1 0.000230446 0.000405685 -0.000230239 1 -0.0132651 0.00568533 0.0810476
FixedParameters: 0 0 0

#Transform 49
Transform: AffineTransform_float_3_3
Parameters: 1 0.000374974 -0.000387332 -0.000374995 1 -2.69972e-05 0.000387311 2.72877e-05 1 -0.015362 0.0104452 0.0483173
FixedParameters: 0 0 0

#Transform 50
Transform: AffineTransform_float_3_3
Parameters: 1 0.000101984 -0.000105931 -0.000101973 1 5.18835e-05 0.000105942 -5.18619e-05 1 -0.0225598 0.0330544 -0.0703036
FixedParameters: 0 0 0

#Transform 51
Transform: AffineTransform_float_3_3
Parameters: 1 0.000509232 -0.000460662 -0.000509083 1 0.000161476 0.000460827 -0.000161007 1 -0.0147037 0.00944843 0.0527222
FixedParameters: 0 0 0

#Transform 52
Transform: AffineTransform_float_3_3
Parameters: 1 0.000235282 -0.000405836 -0.000235414 1 -0.000163041 0.000405759 0.000163232 1 -0.0166034 -0.0426516 0.0694858
FixedParameters: 0 0 0

#Transform 53
Transform: AffineTransform_float_3_3
Parameters: 1 0.000294532 -0.000451029 -0.000294563 1 -3.48575e-05 0.000451009 3.51232e-05 1 -0.0110875 -0.055791 -0.0258148
FixedParameters: 0 0 0

#Transform 54
Transform: AffineTransform_float_3_3
Parameters: 1 0.000241816 -0.000482944 -0.000241411 1 0.00101223 0.000482515 -0.00101203 1 -0.0155488 -0.0573882 0.0076941
FixedParameters: 0 0 0

#Transform 55
Transform: AffineTransform_float_3_3
Parameters: 1 0.000322974 -0.0005461 -0.000323994 1 0.000339199 0.000546074 -0.000338918 1 -0.0130903 -0.0779108 -0.0177327
FixedParameters: 0 0 0

#Transform 56
Transform: AffineTransform_float_3_3
Parameters: 1 0.000311196 -0.000372302 -0.00031113 0.999999 0.000858403 0.000372021 -0.0008582 0.999999 -0.0142335 -0.0587297 -0.0309606
FixedParameters: 0 0 0

#Transform 57
Transform: AffineTransform_float_3_3
Parameters: 1 0.000363949 -0.000421047 -0.000363877 0.999999 0.000765627 0.000420789 -0.00076535 0.999999 -0.0110913 -0.0633557 -0.0312205
FixedParameters: 0 0 0

#Transform 58
Transform: AffineTransform_float_3_3
Parameters: 1 0.000330848 -0.000479258 -0.000329832 1 0.00100725 0.000479889 -0.00100787 0.999999 -0.0106881 -0.03947 -0.0287577
FixedParameters: 0 0 0

#Transform 59
Transform: AffineTransform_float_3_3
Parameters: 1 0.000296676 -0.000404219 -0.000295859 1 0.0010094 0.000404714 -0.00100916 1 -0.0109983 -0.0448254 -0.0389499
FixedParameters: 0 0 0

#Transform 60
Transform: AffineTransform_float_3_3
Parameters: 1 0.000375027 -0.000412779 -0.000374261 1 0.000867756 0.000413396 -0.000868384 0.999999 -0.00892984 0.00694443 -0.0740766
FixedParameters: 0 0 0

#Transform 61
Transform: AffineTransform_float_3_3
Parameters: 1 0.000357042 -0.000335942 -0.000356196 0.999999 0.0012566 0.000336735 -0.00125636 0.999999 -0.0167649 -0.0401078 -0.0449613
FixedParameters: 0 0 0

#Transform 62
Transform: AffineTransform_float_3_3
Parameters: 1 0.000282148 -0.000318464 -0.000282076 1 0.00101005 0.000318116 -0.0010099 1 -0.0124156 -0.0580253 -0.0299685
FixedParameters: 0 0 0

#Transform 63
Transform: AffineTransform_float_3_3
Parameters: 1 0.00013428 -2.14283e-05 -0.00013427 1 0.000243432 2.14937e-05 -0.000243426 1 -0.0245817 0.00154283 -0.0913208
FixedParameters: 0 0 0

#Transform 64
Transform: AffineTransform_float_3_3
Parameters: 1 0.000394066 -0.000371059 -0.000393892 1 0.00100437 0.000370932 -0.00100411 1 -0.00979144 -0.0355027 -0.0653145
FixedParameters: 0 0 0

#Transform 65
Transform: AffineTransform_float_3_3
Parameters: 1 0.000304677 -0.000392738 -0.000303883 1 0.00100898 0.000393249 -0.00100875 1 -0.011663 -0.0542944 -0.0277349
FixedParameters: 0 0 0

#Transform 66
Transform: AffineTransform_float_3_3
Parameters: 1 0.000323535 -0.000365673 -0.000323369 1 0.00100797 0.000365407 -0.00100776 1 -0.0139085 -0.0808876 0.00986926
FixedParameters: 0 0 0

#Transform 67
Transform: AffineTransform_float_3_3
Parameters: 1 2.32648e-05 5.70659e-05 -2.32958e-05 1 0.000271136 -5.70533e-05 -0.000271138 1 -0.0205061 0.0160188 -0.0880329
FixedParameters: 0 0 0

#Transform 68
Transform: AffineTransform_float_3_3
Parameters: 1 0.000312508 -0.000387747 -0.000312231 1 0.00109367 0.000387512 -0.00109345 1 -0.0120995 -0.0311301 -0.0205591
FixedParameters: 0 0 0

#Transform 69
Transform: AffineTransform_float_3_3
Parameters: 1 0.000225272 -0.00015897 -0.000225552 0.999999 0.000918717 0.000158569 -0.000918675 0.999999 -0.0227492 0.0285063 -0.0548062
FixedParameters: 0 0 0

#Transform 70
Transform: AffineTransform_float_3_3
Parameters: 1 5.93108e-05 -9.86439e-05 -5.90979e-05 1 0.00107443 9.86685e-05 -0.00107442 1 -0.016498 -0.0611458 -0.000547933
FixedParameters: 0 0 0

#Transform 71
Transform: AffineTransform_float_3_3
Parameters: 1 0.000262857 0.000104721 -0.000263067 1 0.00101075 -0.000104292 -0.0010108 1 -0.0261554 -0.0143723 -0.0380858
FixedParameters: 0 0 0

#Transform 72
Transform: AffineTransform_float_3_3
Parameters: 1 0.000309848 6.90335e-05 -0.000310025 0.999999 0.00129673 -6.83323e-05 -0.00129677 0.999999 -0.0255715 -0.0455851 -0.0424917
FixedParameters: 0 0 0

#Transform 73
Transform: AffineTransform_float_3_3
Parameters: 1 0.000248955 9.86678e-05 -0.000249187 1 0.00118069 -9.81823e-05 -0.00118074 1 -0.0222971 -0.0608078 -0.0304561
FixedParameters: 0 0 0

#Transform 74
Transform: AffineTransform_float_3_3
Parameters: 1 0.000249529 -6.07962e-05 -0.000249361 0.999999 0.00136502 6.13745e-05 -0.00136499 0.999999 -0.024977 -0.0332674 -0.0305219
FixedParameters: 0 0 0

#Transform 75
Transform: AffineTransform_float_3_3
Parameters: 1 0.000142248 -7.62946e-05 -0.000141988 0.999998 0.00169898 7.66749e-05 -0.00169896 0.999998 -0.0159892 -0.056189 -0.0121992
FixedParameters: 0 0 0

#Transform 76
Transform: AffineTransform_float_3_3
Parameters: 1 0.000245836 -6.61054e-05 -0.000245683 1 0.00114993 6.6568e-05 -0.0011499 1 -0.0157256 -0.0473333 -0.0144216
FixedParameters: 0 0 0

#Transform 77
Transform: AffineTransform_float_3_3
Parameters: 1 0.000443235 -0.000203994 -0.000442768 1 0.00113992 0.000204901 -0.00113973 1 -0.0117086 -0.0190619 -0.0587722
FixedParameters: 0 0 0

#Transform 78
Transform: AffineTransform_float_3_3
Parameters: 1 0.000238939 -5.21921e-05 -0.000238791 0.999999 0.00139861 5.27576e-05 -0.00139858 0.999999 -0.0123946 -0.0101007 -0.0823622
FixedParameters: 0 0 0

#Transform 79
Transform: AffineTransform_float_3_3
Parameters: 1 0.000224295 -4.18958e-05 -0.000224176 0.999999 0.00140135 4.24216e-05 -0.00140134 0.999999 -0.0124777 -0.0182529 -0.0821641
FixedParameters: 0 0 0

#Transform 80
Transform: AffineTransform_float_3_3
Parameters: 1 0.00020699 8.02042e-05 -0.00020721 0.999999 0.00137712 -7.97364e-05 -0.00137716 0.999999 -0.0144586 -0.0566869 -0.0702879
FixedParameters: 0 0 0

#Transform 81
Transform: AffineTransform_float_3_3
Parameters: 1 0.000154693 0.000259213 -0.000155006 1 0.000602684 -0.000259027 -0.000602764 1 -0.0101219 0.0119374 -0.144424
FixedParameters: 0 0 0

#Transform 82
Transform: AffineTransform_float_3_3
Parameters: 1 0.000252396 0.000110372 -0.000253277 0.999999 0.00139976 -0.000110582 -0.00139985 0.999999 -0.0151114 -0.0709535 -0.0627734
FixedParameters: 0 0 0

#Transform 83
Transform: AffineTransform_float_3_3
Parameters: 1 9.55024e-05 0.000172443 -9.57451e-05 0.999999 0.000703923 -0.000172308 -0.000703956 0.999999 -0.00529043 -0.00212857 -0.140457
FixedParameters: 0 0 0

#Transform 84
Transform: AffineTransform_float_3_3
Parameters: 1 0.000302095 0.000174 -0.000302483 1 0.00111881 -0.000173427 -0.00111892 1 -0.0117572 -0.0507291 -0.136329
FixedParameters: 0 0 0

#Transform 85
Transform: AffineTransform_float_3_3
Parameters: 1 0.000275984 0.000131277 -0.000276276 1 0.00112019 -0.000130761 -0.00112027 1 -0.0119378 -0.0392768 -0.12545
FixedParameters: 0 0 0

#Transform 86
Transform: AffineTransform_float_3_3
Parameters: 1 0.000185072 8.99255e-05 -0.000185273 1 0.00112491 -8.96115e-05 -0.00112495 1 -0.00885949 -0.119678 -0.0732307
FixedParameters: 0 0 0

#Transform 87
Transform: AffineTransform_float_3_3
Parameters: 1 0.000199806 0.000171012 -0.000199394 1 0.00118923 -0.00017121 -0.00118925 1 -0.00656825 0.0214527 -0.144207
FixedParameters: 0 0 0

#Transform 88
Transform: AffineTransform_float_3_3
Parameters: 1 0.000444098 -0.000207215 -0.000444171 0.999999 0.00120093 0.000207364 -0.00120077 0.999999 -0.011068 -0.0462283 -0.0717409
FixedParameters: 0 0 0

#Transform 89
Transform: AffineTransform_float_3_3
Parameters: 1 0.000250646 0.000225496 -0.000250981 0.999999 0.000743936 -0.000225123 -0.000744049 0.999999 -0.0192681 0.035229 -0.123771
FixedParameters: 0 0 0

#Transform 90
Transform: AffineTransform_float_3_3
Parameters: 1 0.000249468 0.000220942 -0.000249908 1 0.000999336 -0.000220546 -0.000999446 1 -0.013233 0.013909 -0.117918
FixedParameters: 0 0 0

#Transform 91
Transform: AffineTransform_float_3_3
Parameters: 1 0.000476897 0.000374062 -0.000477457 0.999999 0.00074912 -0.000373347 -0.000749477 0.999999 -0.0243475 -0.0153879 -0.119214
FixedParameters: 0 0 0

#Transform 92
Transform: AffineTransform_float_3_3
Parameters: 1 0.000243382 0.000268994 -0.000243719 1 0.000627127 -0.000268688 -0.000627258 1 -0.0124598 -0.0210428 -0.142277
FixedParameters: 0 0 0

#Transform 93
Transform: AffineTransform_float_3_3
Parameters: 1 0.000373387 5.36251e-05 -0.000374117 1 0.00131814 -5.35093e-05 -0.00131787 0.999999 -0.0196893 -0.0608251 -0.107546
FixedParameters: 0 0 0

#Transform 94
Transform: AffineTransform_float_3_3
Parameters: 1 0.000327215 0.000102567 -0.000328029 1 0.00117762 -0.000102714 -0.00117772 1 -0.0130437 -0.090492 -0.0975605
FixedParameters: 0 0 0

#Transform 95
Transform: AffineTransform_float_3_3
Parameters: 1 0.00019918 0.000211914 -0.000199643 1 0.00109506 -0.00021158 -0.00109515 1 -0.0123386 -0.076581 -0.136814
FixedParameters: 0 0 0

#Transform 96
Transform: AffineTransform_float_3_3
Parameters: 1 0.000194536 0.000276616 -0.000194312 1 0.00107528 -0.00027687 -0.00107534 1 -0.0100089 -0.0240166 -0.148986
FixedParameters: 0 0 0

#Transform 97
Transform: AffineTransform_float_3_3
Parameters: 1 0.000262968 0.000343467 -0.000262543 0.999999 0.00140815 -0.000342585 -0.00140826 0.999999 -0.0146907 -0.0223523 -0.115247
FixedParameters: 0 0 0

#Transform 98
Transform: AffineTransform_float_3_3
Parameters: 1 0.000205811 0.000186986 -0.000206199 1 0.00103967 -0.00018666 -0.00103974 1 -0.0129419 -0.0220081 -0.119116
FixedParameters: 0 0 0

#Transform 99
Transform: AffineTransform_float_3_3
Parameters: 1 0.000162777 0.000193294 -0.000163134 0.999999 0.000923728 -0.000192993 -0.000923791 0.999999 -0.00757575 0.00222601 -0.145996
FixedParameters: 0 0 0

#Transform 100
Transform: AffineTransform_float_3_3
Parameters: 1 0.000172556 0.000208366 -0.000173023 1 0.00112448 -0.00020808 -0.00112455 1 -0.00818026 -0.0064351 -0.15951
FixedParameters: 0 0 0

#Transform 101
Transform: AffineTransform_float_3_3
Parameters: 1 0.000197279 0.000111398 -0.000197644 0.999998 0.00164595 -0.000110851 -0.001646 0.999998 -0.00798044 -0.0532423 -0.0979944
FixedParameters: 0 0 0

#Transform 102
Transform: AffineTransform_float_3_3
Parameters: 1 0.000218177 0.000151853 -0.000218646 0.999999 0.00154972 -0.000151278 -0.00154979 0.999999 -0.00995367 -0.0352226 -0.121889
FixedParameters: 0 0 0

#Transform 103
Transform: AffineTransform_float_3_3
Parameters: 1 0.000196114 6.75247e-05 -0.000196927 0.999999 0.00179221 -6.78408e-05 -0.00179227 0.999999 -0.00308282 -0.0187276 -0.138346
FixedParameters: 0 0 0

#Transform 104
Transform: AffineTransform_float_3_3
Parameters: 1 0.000191469 3.18977e-05 -0.000191584 0.999999 0.00182956 -3.14022e-05 -0.00182957 0.999999 -0.00778649 -0.126343 -0.0352715
FixedParameters: 0 0 0

#Transform 105
Transform: AffineTransform_float_3_3
Parameters: 1 0.000173421 -7.67842e-05 -0.00017314 0.999999 0.00181354 7.72073e-05 -0.00181351 0.999999 -0.00895582 -0.0699743 -0.0389698
FixedParameters: 0 0 0

#Transform 106
Transform: AffineTransform_float_3_3
Parameters: 1 0.000230949 2.43351e-05 -0.000231017 0.999999 0.00143901 -2.3773e-05 -0.00143902 0.999999 -0.00863027 0.0615437 -0.113825
FixedParameters: 0 0 0

#Transform 107
Transform: AffineTransform_float_3_3
Parameters: 1 0.000186051 9.12646e-05 -0.000186338 0.999998 0.00158146 -9.07784e-05 -0.0015815 0.999998 -0.00728999 -0.00174792 -0.100055
FixedParameters: 0 0 0

#Transform 108
Transform: AffineTransform_float_3_3
Parameters: 1 1.57197e-05 -0.00014822 -1.52474e-05 0.999998 0.00159037 0.000148166 -0.00159037 0.999998 -0.0149033 -0.052165 -0.0229894
FixedParameters: 0 0 0

#Transform 109
Transform: AffineTransform_float_3_3
Parameters: 1 0.000173851 -0.000121906 -0.000173593 1 0.00105354 0.00012217 -0.0010535 1 -0.0109505 0.0498661 -0.0957048
FixedParameters: 0 0 0

#Transform 110
Transform: AffineTransform_float_3_3
Parameters: 1 7.75625e-05 0.000215846 -7.79436e-05 0.999999 0.000883059 -0.000215709 -0.000883093 0.999999 -0.0164293 -0.107128 -0.0617403
FixedParameters: 0 0 0

#Transform 111
Transform: AffineTransform_float_3_3
Parameters: 1 0.000235411 8.99244e-05 -0.000235634 0.999999 0.00125049 -8.94381e-05 -0.00125053 0.999999 -0.0242862 -0.0677177 -0.0730202
FixedParameters: 0 0 0

#Transform 112
Transform: AffineTransform_float_3_3
Parameters: 1 0.000218225 0.000114626 -0.000218536 0.999999 0.00136551 -0.000114132 -0.00136556 0.999999 -0.0148872 -0.0649836 -0.0671953
FixedParameters: 0 0 0

#Transform 113
Transform: AffineTransform_float_3_3
Parameters: 1 0.000259525 0.000189569 -0.000259829 1 0.000931283 -0.00018912 -0.000932319 0.999999 -0.0147931 -0.0786181 -0.082174
FixedParameters: 0 0 0

#Transform 114
Transform: AffineTransform_float_3_3
Parameters: 1 0.000306799 0.000380221 -0.000307262 1 0.00060874 -0.000379848 -0.000608973 0.999999 -0.0249845 -0.026678 -0.111954
FixedParameters: 0 0 0

#Transform 115
Transform: AffineTransform_float_3_3
Parameters: 1 0.000244628 0.000298068 -0.000244992 1 0.000612022 -0.000297768 -0.000612168 1 -0.0127783 -0.00955772 -0.14044
FixedParameters: 0 0 0

#Transform 116
Transform: AffineTransform_float_3_3
Parameters: 1 0.000236125 0.000366219 -0.000236573 1 0.000612414 -0.000365929 -0.000612587 0.999999 -0.015762 -0.00790442 -0.138324
FixedParameters: 0 0 0

#Transform 117
Transform: AffineTransform_float_3_3
Parameters: 1 0.000245368 0.000266429 -0.000245614 1 0.000460809 -0.000266203 -0.000460939 1 -0.0130834 -0.0354091 -0.127226
FixedParameters: 0 0 0

#Transform 118
Transform: AffineTransform_float_3_3
Parameters: 1 0.000292928 0.000305057 -0.000293206 1 0.000456316 -0.00030479 -0.000456495 1 -0.0140589 0.00856972 -0.115767
FixedParameters: 0 0 0

#Transform 119
Transform: AffineTransform_float_3_3
Parameters: 1 0.000332582 0.000349599 -0.000332765 1 0.000261977 -0.000349424 -0.00026221 1 -0.0165399 -0.0285046 -0.125576
FixedParameters: 0 0 0

#Transform 120
Transform: AffineTransform_float_3_3
Parameters: 1 0.000242709 0.000238405 -0.000242166 1 0.000578162 -0.000238695 -0.000578235 1 -0.0079996 0.0353843 -0.161772
FixedParameters: 0 0 0

#Transform 121
Transform: AffineTransform_float_3_3
Parameters: 1 0.000269415 0.000229405 -0.000269724 0.999999 0.000674874 -0.000229041 -0.000674997 0.999999 -0.014884 -0.08197 -0.0864118
FixedParameters: 0 0 0

#Transform 122
Transform: AffineTransform_float_3_3
Parameters: 1 0.00024879 0.000284109 -0.000248965 1 0.00030842 -0.000283955 -0.000308562 1 -0.010243 -0.0269797 -0.144439
FixedParameters: 0 0 0

#Transform 123
Transform: AffineTransform_float_3_3
Parameters: 1 0.000202503 0.000269856 -0.00020292 0.999999 0.000772429 -0.000269543 -0.000772538 0.999999 -0.013022 -0.0401815 -0.132088
FixedParameters: 0 0 0

#Transform 124
Transform: AffineTransform_float_3_3
Parameters: 1 0.000176668 0.00027108 -0.000177037 1 0.000679641 -0.000270839 -0.000679737 0.999999 -0.0129925 -0.0251615 -0.13464
FixedParameters: 0 0 0

#Transform 125
Transform: AffineTransform_float_3_3
Parameters: 1 0.000167781 0.000250972 -0.000168028 1 0.000492869 -0.000250806 -0.000492953 1 -0.0125352 -0.0584824 -0.14054
FixedParameters: 0 0 0

#Transform 126
Transform: AffineTransform_float_3_3
Parameters: 1 0.000224177 -3.64894e-05 -0.000224102 1 0.00101384 3.68412e-05 -0.00101383 1 -0.0103254 -0.11234 -0.0697141
FixedParameters: 0 0 0

#Transform 127
Transform: AffineTransform_float_3_3
Parameters: 1 9.6644e-05 0.000208726 -9.69294e-05 1 0.000683817 -0.000208593 -0.000683858 0.999999 -0.00309851 0.0561992 -0.152293
FixedParameters: 0 0 0

#Transform 128
Transform: AffineTransform_float_3_3
Parameters: 1 0.000145678 0.000368482 -0.000146438 0.999999 0.000989383 -0.00036831 -0.000988895 1 -0.0113211 -0.0037485 -0.134519
FixedParameters: 0 0 0

#Transform 129
Transform: AffineTransform_float_3_3
Parameters: 1 0.000101003 0.000305965 -0.000101509 0.999999 0.000825722 -0.000305797 -0.000825784 0.999999 -0.00508231 0.0262693 -0.144202
FixedParameters: 0 0 0

#Transform 130
Transform: AffineTransform_float_3_3
Parameters: 1 8.06621e-05 0.000335459 -8.07274e-05 0.999999 0.00131744 -0.000335919 -0.00131745 0.999999 -0.00567316 0.006905 -0.132092
FixedParameters: 0 0 0

#Transform 131
Transform: AffineTransform_float_3_3
Parameters: 1 0.000119006 0.0003459 -0.00012009 0.999999 0.00156874 -0.000345628 -0.00156882 0.999998 -0.00774558 -0.0203961 -0.127637
FixedParameters: 0 0 0

#Transform 132
Transform: AffineTransform_float_3_3
Parameters: 1 1.08602e-05 0.000161318 -1.13419e-05 0.999999 0.00149533 -0.000161388 -0.00149534 0.999999 -0.0143247 0.00640495 -0.0925443
FixedParameters: 0 0 0

#Transform 133
Transform: AffineTransform_float_3_3
Parameters: 1 0.000133348 0.000332121 -0.000133613 0.999998 0.00163213 -0.000332358 -0.00163217 0.999998 -0.0167079 -0.0625602 -0.0769375
FixedParameters: 0 0 0

#Transform 134
Transform: AffineTransform_float_3_3
Parameters: 1 2.12431e-05 0.000253391 -2.12417e-05 0.999998 0.00161194 -0.000253995 -0.00161191 0.999998 -0.00907656 -0.108841 -0.019665
FixedParameters: 0 0 0

#Transform 135
Transform: AffineTransform_float_3_3
Parameters: 1 -0.000188755 0.000579121 0.000188262 0.999999 0.00114641 -0.000580274 -0.00114649 1 -0.00782478 -0.0240401 -0.0720419
FixedParameters: 0 0 0

#Transform 136
Transform: AffineTransform_float_3_3
Parameters: 0.999999 -0.000212997 0.000813924 0.000213107 0.999999 0.000826759 -0.000814113 -0.000827622 0.999999 -0.00937144 -0.0199415 -0.106218
FixedParameters: 0 0 0

#Transform 137
Transform: AffineTransform_float_3_3
Parameters: 0.999999 -0.000260657 0.000861205 0.000259385 1 0.0007761 -0.000861691 -0.000776933 0.999999 -0.0097059 -0.020114 -0.112482
FixedParameters: 0 0 0

#Transform 138
Transform: AffineTransform_float_3_3
Parameters: 1 -9.43302e-05 0.00066194 9.42698e-05 1 0.000663519 -0.000662635 -0.000663352 0.999999 -0.0140597 -0.0192632 -0.116285
FixedParameters: 0 0 0

#Transform 139
Transform: AffineTransform_float_3_3
Parameters: 1 3.27324e-05 0.000589406 -3.3224e-05 1 0.00111152 -0.000590006 -0.00111152 0.999999 -0.0154796 -0.043936 -0.0952873
FixedParameters: 0 0 0

#Transform 140
Transform: AffineTransform_float_3_3
Parameters: 1 -0.000181612 0.000655303 0.000181172 1 0.000960449 -0.000656324 -0.000960169 1 -0.00970086 -0.055458 -0.101929
FixedParameters: 0 0 0

#Transform 141
Transform: AffineTransform_float_3_3
Parameters: 1 1.89964e-05 0.00046415 -1.94429e-05 0.999999 0.00136262 -0.00046477 -0.0013626 0.999999 -0.01831 -0.0547874 -0.0751116
FixedParameters: 0 0 0

#Transform 142
Transform: AffineTransform_float_3_3
Parameters: 1 -1.10261e-05 0.000410551 1.04013e-05 0.999999 0.00146032 -0.00040987 -0.00146028 0.999999 -0.0190737 -0.0550808 -0.0501088
FixedParameters: 0 0 0

#Transform 143
Transform: AffineTransform_float_3_3
Parameters: 1 4.18297e-05 0.000363994 -4.25721e-05 0.999999 0.000954387 -0.000363982 -0.00095348 1 -0.0169835 -0.0991549 -0.0801121
FixedParameters: 0 0 0

#Transform 144
Transform: AffineTransform_float_3_3
Parameters: 1 3.36311e-05 0.000424511 -3.4352e-05 0.999999 0.000849175 -0.000424453 -0.000849204 0.999999 -0.0116196 -0.0274619 -0.130566
FixedParameters: 0 0 0

#Transform 145
Transform: AffineTransform_float_3_3
Parameters: 1 8.18999e-05 0.000490439 -8.2169e-05 1 0.00110902 -0.00049093 -0.00110906 0.999999 -0.014564 -0.0114094 -0.150743
FixedParameters: 0 0 0

#Transform 146
Transform: AffineTransform_float_3_3
Parameters: 1 0.000118701 0.000345553 -0.000119866 0.999998 0.00168791 -0.000345253 -0.00168799 0.999998 -0.0158737 -0.0542352 -0.0963235
FixedParameters: 0 0 0

#Transform 147
Transform: AffineTransform_float_3_3
Parameters: 1 8.47268e-05 0.000365629 -8.46755e-05 0.999999 0.000983245 -0.000366101 -0.000982327 1 -0.0147545 -0.0413616 -0.122071
FixedParameters: 0 0 0

#Transform 148
Transform: AffineTransform_float_3_3
Parameters: 1 3.89034e-05 0.000439225 -3.94142e-05 1 0.000581547 -0.00043918 -0.000581581 0.999999 -0.0139143 -0.0387019 -0.153421
FixedParameters: 0 0 0

#Transform 149
Transform: AffineTransform_float_3_3
Parameters: 1 9.38495e-05 0.000246436 -9.44235e-05 1 0.00116657 -0.000246319 -0.00116662 1 -0.0139803 -0.0834395 -0.114124
FixedParameters: 0 0 0

#Transform 150
Transform: AffineTransform_float_3_3
Parameters: 1 0.000114288 0.000272958 -0.000115207 0.999998 0.00168518 -0.000272674 -0.00168524 0.999998 -0.0113677 -0.0596961 -0.0918403
FixedParameters: 0 0 0

#Transform 151
Transform: AffineTransform_float_3_3
Parameters: 1 5.39869e-05 0.000239588 -5.47321e-05 0.999999 0.00155715 -0.000239521 -0.00155717 0.999999 -0.0166485 -0.0596827 -0.0631559
FixedParameters: 0 0 0

#Transform 152
Transform: AffineTransform_float_3_3
Parameters: 1 -0.000424506 0.000456445 0.000423501 1 0.00110125 -0.000457482 -0.00110086 1 -0.020049 -0.0202381 -0.0547056
FixedParameters: 0 0 0

#Transform 153
Transform: AffineTransform_float_3_3
Parameters: 1 -3.73047e-05 0.000428036 3.66189e-05 0.999999 0.00147169 -0.000427432 -0.00147163 0.999999 -0.0187827 -0.0786958 -0.060804
FixedParameters: 0 0 0

#Transform 154
Transform: AffineTransform_float_3_3
Parameters: 0.999999 -0.000243396 0.000771846 0.000242685 1 0.00083246 -0.000771538 -0.000832056 1 -0.0132976 -0.0589026 -0.113104
FixedParameters: 0 0 0

#Transform 155
Transform: AffineTransform_float_3_3
Parameters: 1 -5.57587e-05 0.000640824 5.55197e-05 0.999999 0.000824727 -0.000641486 -0.000824613 0.999999 -0.0169477 -0.0535612 -0.139978
FixedParameters: 0 0 0

#Transform 156
Transform: AffineTransform_float_3_3
Parameters: 1 9.42357e-05 0.000536632 -9.5115e-05 0.999999 0.000835281 -0.000536523 -0.000835725 0.999999 -0.0188391 -0.0872782 -0.076093
FixedParameters: 0 0 0

#Transform 157
Transform: AffineTransform_float_3_3
Parameters: 1 7.82231e-05 0.000422783 -7.82562e-05 0.999999 0.000716723 -0.000421856 -0.00071676 0.999999 -0.0180231 -0.102359 -0.0690178
FixedParameters: 0 0 0

#Transform 158
Transform: AffineTransform_float_3_3
Parameters: 1 6.73611e-05 0.000540436 -6.78159e-05 1 0.00042081 -0.000540379 -0.000420883 1 -0.0170504 -0.0292783 -0.112253
FixedParameters: 0 0 0

#Transform 159
Transform: AffineTransform_float_3_3
Parameters: 1 9.66905e-05 0.000518655 -9.6271e-05 1 0.000384294 -0.00051915 -0.000384351 1 -0.0155559 -0.0340705 -0.136326
FixedParameters: 0 0 0

#Transform 160
Transform: AffineTransform_float_3_3
Parameters: 1 -0.000104839 0.000672819 0.000103762 1 0.000764617 -0.000673047 -0.000763539 1 -0.00991823 -0.0746931 -0.106498
FixedParameters: 0 0 0

#Transform 161
Transform: AffineTransform_float_3_3
Parameters: 1 9.68919e-05 0.000531453 -9.68633e-05 0.999999 0.00074274 -0.000531879 -0.0007428 0.999999 -0.0207814 -0.0814247 -0.0940759
FixedParameters: 0 0 0

#Transform 162
Transform: AffineTransform_float_3_3
Parameters: 1 7.04929e-05 0.000536981 -7.0907e-05 1 0.000385603 -0.000536927 -0.000385679 1 -0.0147583 -0.0347631 -0.155807
FixedParameters: 0 0 0

#Transform 163
Transform: AffineTransform_float_3_3
Parameters: 1 0.000132483 0.00066074 -0.00013217 1 0.000382349 -0.000661209 -0.000382482 0.999999 -0.0212227 -0.0395255 -0.159078
FixedParameters: 0 0 0

#Transform 164
Transform: AffineTransform_float_3_3
Parameters: 1 0.000101206 0.000532664 -0.000102122 0.999999 0.000859624 -0.000532489 -0.000859732 0.999999 -0.0182455 -0.108944 -0.0869574
FixedParameters: 0 0 0

#Transform 165
Transform: AffineTransform_float_3_3
Parameters: 1 1.46388e-06 0.000590893 -1.29032e-06 1 0.000545413 -0.000591462 -0.000545372 0.999999 -0.0172047 -0.0599394 -0.122274
FixedParameters: 0 0 0

#Transform 166
Transform: AffineTransform_float_3_3
Parameters: 0.999999 -0.000138802 0.000698613 0.000138275 1 0.000821546 -0.00069806 -0.000822261 0.999999 -0.0178594 -0.06915 -0.135549
FixedParameters: 0 0 0

#Transform 167
Transform: AffineTransform_float_3_3
Parameters: 0.999999 -0.000229282 0.000763281 0.000229415 0.999999 0.000866674 -0.000763516 -0.000867533 0.999999 -0.0123606 -0.073726 -0.137554
FixedParameters: 0 0 0

#Transform 168
Transform: AffineTransform_float_3_3
Parameters: 1 6.09491e-05 0.000567027 -6.12886e-05 0.999999 0.0010363 -0.000567622 -0.00103667 1 -0.0170843 -0.0862085 -0.118932
FixedParameters: 0 0 0

#Transform 169
Transform: AffineTransform_float_3_3
Parameters: 1 1.58487e-05 0.000600264 -1.63343e-05 1 0.00108636 -0.000600902 -0.00108634 0.999999 -0.0192094 -0.0676238 -0.139122
FixedParameters: 0 0 0

#Transform 170
Transform: AffineTransform_float_3_3
Parameters: 1 0.000168689 0.000500228 -0.000169936 0.999999 0.001265 -0.000499951 -0.00126551 1 -0.0175792 -0.0510524 -0.134474
FixedParameters: 0 0 0

#Transform 171
Transform: AffineTransform_float_3_3
Parameters: 1 0.000161191 0.000497826 -0.000161421 1 0.00105383 -0.000498158 -0.00105394 1 -0.0236774 -0.104141 -0.113395
FixedParameters: 0 0 0

#Transform 172
Transform: AffineTransform_float_3_3
Parameters: 1 0.000156373 0.000519902 -0.000158006 0.999999 0.00157169 -0.000519511 -0.00157185 0.999998 -0.0260193 -0.0376361 -0.0852493
FixedParameters: 0 0 0

#Transform 173
Transform: AffineTransform_float_3_3
Parameters: 1 0.00018321 0.000494618 -0.000183766 0.999999 0.00138912 -0.000494781 -0.00138926 0.999999 -0.0234498 -0.0674899 -0.0962114
FixedParameters: 0 0 0

#Transform 174
Transform: AffineTransform_float_3_3
Parameters: 1 0.000222426 0.000458383 -0.000223456 0.999999 0.00114308 -0.000458024 -0.00114363 1 -0.0209374 0.00683852 -0.129614
FixedParameters: 0 0 0

#Transform 175
Transform: AffineTransform_float_3_3
Parameters: 1 0.000130595 0.000539951 -0.000130963 0.999998 0.00163016 -0.000539382 -0.00163023 0.999998 -0.0189614 -0.100601 -0.0748834
FixedParameters: 0 0 0

#Transform 176
Transform: AffineTransform_float_3_3
Parameters: 1 0.000230073 0.000604519 -0.000230873 0.999999 0.00135289 -0.000604616 -0.00135347 0.999999 -0.0378272 -0.000374418 -0.0404417
FixedParameters: 0 0 0

#Transform 177
Transform: AffineTransform_float_3_3
Parameters: 1 0.000193988 0.000559259 -0.000194692 0.999999 0.00136148 -0.000559403 -0.00136165 0.999999 -0.0312045 -0.00560964 -0.108607
FixedParameters: 0 0 0

#Transform 178
Transform: AffineTransform_float_3_3
Parameters: 1 0.000130169 0.000350405 -0.000130836 0.999999 0.00177446 -0.000349332 -0.00177452 0.999999 -0.0194055 -0.153514 -0.0297445
FixedParameters: 0 0 0

#Transform 179
Transform: AffineTransform_float_3_3
Parameters: 1 0.000125666 0.000515323 -0.000127519 0.999999 0.00179958 -0.000515072 -0.00179971 0.999998 -0.0243979 -0.0398461 -0.0890735
FixedParameters: 0 0 0

#Transform 180
Transform: AffineTransform_float_3_3
Parameters: 1 9.85637e-05 0.000479083 -9.95266e-05 0.999999 0.00186013 -0.000479489 -0.00186019 0.999998 -0.0188826 -0.113047 -0.0684663
FixedParameters: 0 0 0

#Transform 181
Transform: AffineTransform_float_3_3
Parameters: 1 0.000237614 0.000632676 -0.000239122 0.999999 0.00183977 -0.000632574 -0.00184003 0.999998 -0.0249329 -0.0322921 -0.125934
FixedParameters: 0 0 0

#Transform 182
Transform: AffineTransform_float_3_3
Parameters: 1 0.000164889 0.000541474 -0.000166215 0.999998 0.00199715 -0.000541636 -0.00199763 0.999998 -0.0179578 -0.0508171 -0.0951746
FixedParameters: 0 0 0

#Transform 183
Transform: AffineTransform_float_3_3
Parameters: 1 0.000123582 0.000480081 -0.000124617 0.999998 0.00193093 -0.000480377 -0.001931 0.999998 -0.0179286 -0.0737974 -0.0844169
FixedParameters: 0 0 0

#Transform 184
Transform: AffineTransform_float_3_3
Parameters: 1 0.000274223 0.000601707 -0.000275482 0.999998 0.00168817 -0.00060152 -0.00168752 0.999998 -0.027526 -0.0863844 -0.111514
FixedParameters: 0 0 0

#Transform 185
Transform: AffineTransform_float_3_3
Parameters: 1 0.000384511 0.000177641 -0.000385099 0.999997 0.0023562 -0.000177521 -0.00235632 0.999997 -0.0186038 -0.145935 -0.061741
FixedParameters: 0 0 0

#Transform 186
Transform: AffineTransform_float_3_3
Parameters: 1 0.000245769 0.000303635 -0.000246262 0.999999 0.00176149 -0.000302159 -0.00176161 0.999999 -0.0110211 0.0336717 -0.177607
FixedParameters: 0 0 0

#Transform 187
Transform: AffineTransform_float_3_3
Parameters: 1 0.000244469 0.000141836 -0.000245036 0.999998 0.00201198 -0.000141056 -0.00201205 0.999998 -0.00902476 -0.0995104 -0.0982854
FixedParameters: 0 0 0

#Transform 188
Transform: AffineTransform_float_3_3
Parameters: 1 0.000169734 0.000243336 -0.000170591 0.999999 0.00176544 -0.000242941 -0.00176552 0.999999 -0.0145881 -0.0173883 -0.100383
FixedParameters: 0 0 0

#Transform 189
Transform: AffineTransform_float_3_3
Parameters: 1 0.000149604 -0.000114591 -0.000150086 0.999999 0.00145827 0.000115496 -0.00145828 0.999999 -0.0205461 -0.0394053 -0.0384657
FixedParameters: 0 0 0
