#Insight Transform File V1.0
#Transform 0
Transform: AffineTransform_float_3_3
Parameters: 1 0.000288757 -0.000938496 -0.000290038 0.999998 -0.00143272 0.000937863 0.001433 0.999999 -0.0127109 0.108678 0.132102
FixedParameters: 0 0 0

#Transform 1
Transform: AffineTransform_float_3_3
Parameters: 1 0.000195792 -0.000537301 -0.000196098 0.999999 -0.00106379 0.000536164 0.0010637 1 -0.0164465 0.135137 0.109441
FixedParameters: 0 0 0

#Transform 2
Transform: AffineTransform_float_3_3
Parameters: 1 0.000194638 -0.000440491 -0.000195305 0.999999 -0.00140759 0.000440655 0.00140779 0.999999 -0.0144975 -0.00536671 0.145769
FixedParameters: 0 0 0

#Transform 3
Transform: AffineTransform_float_3_3
Parameters: 1 0.000182164 -0.000676098 -0.000182321 1 -0.00114543 0.000675823 0.00114575 0.999999 -0.0139053 0.111367 0.0681065
FixedParameters: 0 0 0

#Transform 4
Transform: AffineTransform_float_3_3
Parameters: 0.999999 -5.51099e-05 -0.00080564 5.49704e-05 1 -0.000950085 0.000805888 0.000950068 0.999999 -0.00943475 0.158446 -0.00219686
FixedParameters: 0 0 0

#Transform 5
Transform: AffineTransform_float_3_3
Parameters: 0.999999 2.02307e-05 -0.000878161 -2.14467e-05 0.999999 -0.0014846 0.000878242 0.0014847 0.999998 -0.0131445 0.126687 0.00296818
FixedParameters: 0 0 0

#Transform 6
Transform: AffineTransform_float_3_3
Parameters: 0.999999 0.000157956 -0.000774401 -0.000157886 0.999999 -0.000895947 0.000774281 0.000894982 0.999999 -0.0116919 0.107552 0.0411358
FixedParameters: 0 0 0

#Transform 7
Transform: AffineTransform_float_3_3
Parameters: 1 0.000205356 -0.000587225 -0.000206435 0.999999 -0.00140705 0.000587358 0.00140732 0.999999 -0.0119476 0.0488078 0.0138245
FixedParameters: 0 0 0

#Transform 8
Transform: AffineTransform_float_3_3
Parameters: 0.999999 0.00030185 -0.000644938 -0.00030146 1 -0.000814541 0.000644658 0.000814063 0.999999 -0.0153965 -0.0275105 0.0917679
FixedParameters: 0 0 0

#Transform 9
Transform: AffineTransform_float_3_3
Parameters: 0.999999 0.000146368 -0.000696089 -0.000147133 1 -0.000549865 0.000695928 0.000550069 0.999999 -0.0133418 0.119058 0.0589072
FixedParameters: 0 0 0

#Transform 10
Transform: AffineTransform_float_3_3
Parameters: 0.999999 -7.23062e-05 -0.000769231 7.24316e-05 1 -0.00029037 0.000770088 0.000290287 0.999999 0.000893686 0.12889 -0.0161259
FixedParameters: 0 0 0

#Transform 11
Transform: AffineTransform_float_3_3
Parameters: 0.999999 -0.000103736 -0.000744554 0.000103413 1 -0.000216715 0.000744599 0.000216561 0.999999 -0.00186039 0.108202 -0.0273539
FixedParameters: 0 0 0

#Transform 12
Transform: AffineTransform_float_3_3
Parameters: 0.999999 -8.97463e-05 -0.000682589 9.01489e-05 1 -0.00012429 0.000683426 0.000124196 1 0.001456 0.100824 -0.0256904
FixedParameters: 0 0 0

#Transform 13
Transform: AffineTransform_float_3_3
Parameters: 0.999999 -0.000125518 -0.000804797 0.000125499 1 -1.23148e-05 0.0008048 1.21128e-05 0.999999 -0.00842803 0.0909602 -0.0274603
FixedParameters: 0 0 0

#Transform 14
Transform: AffineTransform_float_3_3
Parameters: 0.999999 -1.3806e-06 -0.00076596 5.45183e-07 1 -0.000545338 0.000765961 0.000545336 0.999999 -0.0070365 -0.021545 0.0285327
FixedParameters: 0 0 0

#Transform 15
Transform: AffineTransform_float_3_3
Parameters: 1 0.000259001 -0.000376267 -0.000258954 1 6.20311e-05 0.000376299 -6.18362e-05 1 -0.0170442 0.00588983 0.0722628
FixedParameters: 0 0 0

#Transform 16
Transform: AffineTransform_float_3_3
Parameters: 1 -5.41752e-05 -0.000550457 5.4464e-05 1 0.000262349 0.000550429 -0.000262409 1 0.00555518 0.150909 -0.0668531
FixedParameters: 0 0 0

#Transform 17
Transform: AffineTransform_float_3_3
Parameters: 0.999999 -0.000137525 -0.00072221 0.000137735 1 -0.000251027 0.000723094 0.000250857 0.999999 0.00318897 0.0467536 -0.0332642
FixedParameters: 0 0 0

#Transform 18
Transform: AffineTransform_float_3_3
Parameters: 1 -0.000100649 -0.0005224 0.000100624 1 -2.36831e-05 0.000522404 2.35779e-05 1 0.00396971 0.125207 -0.0325733
FixedParameters: 0 0 0

#Transform 19
Transform: AffineTransform_float_3_3
Parameters: 1 -3.55638e-05 -0.000294127 3.55561e-05 1 -1.30716e-05 0.000294128 1.30507e-05 1 0.00504716 0.151962 -0.0889078
FixedParameters: 0 0 0

#Transform 20
Transform: AffineTransform_float_3_3
Parameters: 1 0.00029825 -0.000192729 -0.000298356 1 -0.000273554 0.000192566 0.000273669 1 0.00651422 0.00340711 0.0300553
FixedParameters: 0 0 0

#Transform 21
Transform: AffineTransform_float_3_3
Parameters: 1 -8.71015e-05 -0.000126671 8.71214e-05 1 7.86259e-05 0.000126657 -7.8648e-05 1 0.00256548 0.117523 -0.0343777
FixedParameters: 0 0 0

#Transform 22
Transform: AffineTransform_float_3_3
Parameters: 1 -5.48016e-05 -0.000277474 5.48433e-05 1 7.5023e-05 0.000277466 -7.50534e-05 1 0.00508552 0.147777 -0.088323
FixedParameters: 0 0 0

#Transform 23
Transform: AffineTransform_float_3_3
Parameters: 1 -8.99747e-06 -7.78726e-05 9.0133e-06 1 0.000101631 7.78708e-05 -0.000101632 1 0.00720853 0.0826687 -0.0951506
FixedParameters: 0 0 0

#Transform 24
Transform: AffineTransform_float_3_3
Parameters: 1 -0.000162032 -2.65016e-05 0.000162058 1 0.000489985 2.63428e-05 -0.000489993 1 0.0155397 0.0124137 -0.0426714
FixedParameters: 0 0 0

#Transform 25
Transform: AffineTransform_float_3_3
Parameters: 1 5.36534e-05 -0.000123158 -5.36388e-05 1 5.93812e-05 0.000123165 -5.9368e-05 1 0.00798977 0.0736821 -0.118834
FixedParameters: 0 0 0

#Transform 26
Transform: AffineTransform_float_3_3
Parameters: 1 0.000160498 -0.000101281 -0.000160506 1 -3.82405e-05 0.000101269 3.8273e-05 1 0.00875547 -0.0184018 -0.0936377
FixedParameters: 0 0 0

#Transform 27
Transform: AffineTransform_float_3_3
Parameters: 1 1.67738e-05 8.35276e-05 -1.67573e-05 1 -9.90305e-05 -8.3531e-05 9.90277e-05 1 0.0052734 0.081291 -0.131563
FixedParameters: 0 0 0

#Transform 28
Transform: AffineTransform_float_3_3
Parameters: 1 -6.04265e-05 -5.62495e-05 6.03937e-05 1 -0.000291259 5.62847e-05 0.000291252 1 0.00894277 0.0732065 -0.163123
FixedParameters: 0 0 0

#Transform 29
Transform: AffineTransform_float_3_3
Parameters: 1 -1.62101e-05 -7.85119e-05 1.62016e-05 1 -5.42057e-05 7.85136e-05 5.42031e-05 1 0.00819896 0.0103794 -0.109402
FixedParameters: 0 0 0

#Transform 30
Transform: AffineTransform_float_3_3
Parameters: 1 -5.11623e-06 -8.13193e-05 5.12947e-06 1 8.1406e-05 8.13184e-05 -8.14068e-05 1 0.0084081 0.117738 -0.157153
FixedParameters: 0 0 0

#Transform 31
Transform: AffineTransform_float_3_3
Parameters: 1 1.31317e-05 -0.000106108 -1.31846e-05 1 -0.000248958 0.000106101 0.000248961 1 0.0111821 0.106066 -0.206229
FixedParameters: 0 0 0

#Transform 32
Transform: AffineTransform_float_3_3
Parameters: 1 6.33332e-05 -1.06446e-05 -6.33306e-05 1 0.000117906 1.06595e-05 -0.000117904 1 0.00234945 0.00184169 -0.118896
FixedParameters: 0 0 0

#Transform 33
Transform: AffineTransform_float_3_3
Parameters: 1 7.19452e-05 -0.000122977 -7.18433e-05 1 0.000413914 0.000123036 -0.000413896 1 0.00733768 0.122198 -0.170753
FixedParameters: 0 0 0

#Transform 34
Transform: AffineTransform_float_3_3
Parameters: 1 9.58831e-05 -0.000145399 -9.58082e-05 1 0.000257491 0.000145449 -0.000257463 1 0.00662028 0.1177 -0.199363
FixedParameters: 0 0 0

#Transform 35
Transform: AffineTransform_float_3_3
Parameters: 1 0.000149782 -8.45252e-05 -0.000149774 1 4.84144e-05 8.45397e-05 -4.83891e-05 1 0.00547004 0.0366881 -0.177076
FixedParameters: 0 0 0

#Transform 36
Transform: AffineTransform_float_3_3
Parameters: 1 0.000187785 -0.000216554 -0.000187756 1 6.6571e-05 0.000216579 -6.64897e-05 1 -0.000513651 -0.0800116 -0.0693921
FixedParameters: 0 0 0

#Transform 37
Transform: AffineTransform_float_3_3
Parameters: 1 0.00018998 -0.000359068 -0.000189993 1 -1.75645e-05 0.000359061 1.77009e-05 1 -0.00281408 0.0744744 -0.0883216
FixedParameters: 0 0 0

#Transform 38
Transform: AffineTransform_float_3_3
Parameters: 1 0.000128052 -0.000168903 -0.000127975 1 0.000228817 0.000168961 -0.000228774 1 -0.00350676 0.169484 -0.136851
FixedParameters: 0 0 0

#Transform 39
Transform: AffineTransform_float_3_3
Parameters: 1 0.000179432 -6.18015e-05 -0.00017944 1 -6.52719e-05 6.1778e-05 6.5294e-05 1 -0.00628907 0.0648476 -0.115681
FixedParameters: 0 0 0

#Transform 40
Transform: AffineTransform_float_3_3
Parameters: 1 0.00032994 6.81699e-05 -0.000330002 1 0.000455589 -6.78692e-05 -0.000455633 1 -0.00950636 0.0542009 -0.124501
FixedParameters: 0 0 0

#Transform 41
Transform: AffineTransform_float_3_3
Parameters: 1 0.000328656 -2.03652e-05 -0.000328627 0.999999 0.000711062 2.08326e-05 -0.000711049 0.999999 -0.00303532 0.0771393 -0.173474
FixedParameters: 0 0 0

#Transform 42
Transform: AffineTransform_float_3_3
Parameters: 1 0.000366156 7.25717e-05 -0.000366257 0.999999 0.000699042 -7.20597e-05 -0.000699095 1 -0.00585678 0.0609715 -0.192108
FixedParameters: 0 0 0

#Transform 43
Transform: AffineTransform_float_3_3
Parameters: 1 0.000370976 0.00022285 -0.000370975 1 -2.252e-06 -0.000222851 2.08665e-06 1 -0.0164495 0.0385725 -0.139458
FixedParameters: 0 0 0

#Transform 44
Transform: AffineTransform_float_3_3
Parameters: 1 0.000296366 -2.66223e-05 -0.000296352 1 0.000259128 2.67759e-05 -0.000259112 1 -0.00749362 0.0881494 -0.131368
FixedParameters: 0 0 0

#Transform 45
Transform: AffineTransform_float_3_3
Parameters: 1 0.000355723 1.41163e-05 -0.000355732 1 0.000337149 -1.38764e-05 -0.000337159 1 -0.00895208 0.0145387 -0.116827
FixedParameters: 0 0 0

#Transform 46
Transform: AffineTransform_float_3_3
Parameters: 1 0.000380499 -1.47722e-05 -0.000380485 1 0.000453053 1.51169e-05 -0.000453041 1 -0.0157384 0.0421841 -0.109592
FixedParameters: 0 0 0

#Transform 47
Transform: AffineTransform_float_3_3
Parameters: 1 0.000315442 -0.0001133 -0.000315415 1 0.000122032 0.000113377 -0.000121961 1 -0.00730434 0.0634664 -0.141517
FixedParameters: 0 0 0

#Transform 48
Transform: AffineTransform_float_3_3
Parameters: 1 0.000558476 -0.000304792 -0.000558158 0.999999 0.000520291 0.000305373 -0.000519951 1 -0.00605935 -0.0470104 -0.0886715
FixedParameters: 0 0 0

#Transform 49
Transform: AffineTransform_float_3_3
Parameters: 1 0.000319646 -0.000132946 -0.000319575 1 0.00033078 0.000133206 -0.000330352 0.999999 -0.0103152 0.13503 -0.10875
FixedParameters: 0 0 0

#Transform 50
Transform: AffineTransform_float_3_3
Parameters: 1 0.00020902 -0.00017971 -0.000208968 1 0.000144564 0.00017977 -0.000144489 1 -0.00416965 0.0900579 -0.115307
FixedParameters: 0 0 0

#Transform 51
Transform: AffineTransform_float_3_3
Parameters: 1 0.000138207 -0.000313281 -0.000137825 1 0.000609891 0.000313449 -0.000609805 1 -0.0041508 0.114527 -0.0726745
FixedParameters: 0 0 0

#Transform 52
Transform: AffineTransform_float_3_3
Parameters: 1 0.000289434 -2.53258e-05 -0.000289427 1 0.000129312 2.54006e-05 -0.000129297 1 -0.00756097 0.0531525 -0.103228
FixedParameters: 0 0 0

#Transform 53
Transform: AffineTransform_float_3_3
Parameters: 1 0.000247989 -5.67771e-05 -0.000247969 1 0.000179529 5.68662e-05 -0.000179501 1 -0.0051176 0.0555875 -0.133327
FixedParameters: 0 0 0

#Transform 54
Transform: AffineTransform_float_3_3
Parameters: 1 0.000490409 0.000136825 -0.000490389 1 -7.34318e-05 -0.000136897 7.32976e-05 1 -0.0167359 -0.0404505 -0.11563
FixedParameters: 0 0 0

#Transform 55
Transform: AffineTransform_float_3_3
Parameters: 1 0.000368834 5.30557e-05 -0.000368861 1 0.00025133 -5.28703e-05 -0.000251369 1 -0.0147131 0.0635747 -0.143829
FixedParameters: 0 0 0

#Transform 56
Transform: AffineTransform_float_3_3
Parameters: 1 0.000471989 0.000147665 -0.000471952 1 -0.000128565 -0.000147786 0.000128425 1 -0.0161711 0.0452193 -0.128149
FixedParameters: 0 0 0

#Transform 57
Transform: AffineTransform_float_3_3
Parameters: 1 0.000381023 -2.77949e-05 -0.000381021 1 4.24931e-05 2.78273e-05 -4.24719e-05 1 -0.00911642 0.068655 -0.138361
FixedParameters: 0 0 0

#Transform 58
Transform: AffineTransform_float_3_3
Parameters: 1 0.00033086 3.43212e-05 -0.000330852 1 -0.000117188 -3.43988e-05 0.000117166 1 -0.00918028 0.0698778 -0.150156
FixedParameters: 0 0 0

#Transform 59
Transform: AffineTransform_float_3_3
Parameters: 1 0.000408087 -6.42642e-06 -0.000408085 1 0.000208304 6.59643e-06 -0.000208299 1 -0.0128395 0.0670106 -0.165854
FixedParameters: 0 0 0

#Transform 60
Transform: AffineTransform_float_3_3
Parameters: 1 0.000453483 -8.81921e-06 -0.000453476 1 0.000341149 9.12862e-06 -0.00034114 1 -0.0136716 0.0435342 -0.148558
FixedParameters: 0 0 0

#Transform 61
Transform: AffineTransform_float_3_3
Parameters: 1 0.000481974 -1.68759e-05 -0.000481971 1 9.9372e-05 1.69716e-05 -9.93557e-05 1 -0.0118776 0.0706912 -0.180986
FixedParameters: 0 0 0

#Transform 62
Transform: AffineTransform_float_3_3
Parameters: 1 0.000655148 -6.72678e-05 -0.000655117 1 0.000355539 6.77818e-05 -0.000355107 0.999999 -0.0102028 -0.0191541 -0.115063
FixedParameters: 0 0 0

#Transform 63
Transform: AffineTransform_float_3_3
Parameters: 1 0.000336196 -3.03806e-05 -0.000336148 0.999999 0.000780775 3.09055e-05 -0.000780754 0.999999 -0.00462973 0.117978 -0.169043
FixedParameters: 0 0 0

#Transform 64
Transform: AffineTransform_float_3_3
Parameters: 1 0.000408993 -7.83687e-06 -0.000408986 1 0.000485625 8.2341e-06 -0.000485619 1 -0.0114866 0.0777404 -0.192388
FixedParameters: 0 0 0

#Transform 65
Transform: AffineTransform_float_3_3
Parameters: 1 0.000503683 -9.61732e-06 -0.000503685 1 0.000739767 1.04107e-05 -0.000739414 0.999999 -0.00924596 0.0819412 -0.180389
FixedParameters: 0 0 0

#Transform 66
Transform: AffineTransform_float_3_3
Parameters: 1 0.000468719 -1.2304e-05 -0.000469271 0.999999 0.000832989 1.22701e-05 -0.000833007 0.999999 -0.0120604 0.0549459 -0.179556
FixedParameters: 0 0 0

#Transform 67
Transform: AffineTransform_float_3_3
Parameters: 1 0.000497289 -4.14801e-05 -0.000496341 0.999999 0.000978347 4.18485e-05 -0.000979201 0.999999 -0.0112596 0.0607503 -0.189104
FixedParameters: 0 0 0

#Transform 68
Transform: AffineTransform_float_3_3
Parameters: 1 0.000437141 -5.51187e-05 -0.00043706 0.999999 0.000728543 5.57556e-05 -0.000728494 0.999999 -0.00652494 0.0365455 -0.199406
FixedParameters: 0 0 0

#Transform 69
Transform: AffineTransform_float_3_3
Parameters: 1 0.000446046 -9.43942e-06 -0.000446594 0.999999 0.00121165 9.60314e-06 -0.00121167 0.999999 -0.0127445 0.0275204 -0.168717
FixedParameters: 0 0 0

#Transform 70
Transform: AffineTransform_float_3_3
Parameters: 1 0.000377316 -3.43621e-05 -0.000377263 0.999999 0.000755633 3.49323e-05 -0.000755607 0.999999 -0.00276907 0.0489794 -0.208112
FixedParameters: 0 0 0

#Transform 71
Transform: AffineTransform_float_3_3
Parameters: 1 0.000460149 -7.89745e-05 -0.000459945 1 0.000979249 7.98418e-05 -0.000980114 0.999999 -0.0121988 0.0404113 -0.16413
FixedParameters: 0 0 0

#Transform 72
Transform: AffineTransform_float_3_3
Parameters: 1 0.000552832 -0.00027533 -0.000552993 0.999999 0.000747824 0.000275341 -0.000747549 0.999999 -0.0139827 0.125655 -0.193436
FixedParameters: 0 0 0

#Transform 73
Transform: AffineTransform_float_3_3
Parameters: 1 0.000664149 -0.00016756 -0.000664395 1 0.000878388 0.000167927 -0.00087879 0.999999 -0.0180705 0.0724852 -0.182847
FixedParameters: 0 0 0

#Transform 74
Transform: AffineTransform_float_3_3
Parameters: 1 0.000624847 -0.000174374 -0.000624468 0.999999 0.000942854 0.000175518 -0.000943573 0.999999 -0.0204811 0.0325652 -0.139683
FixedParameters: 0 0 0

#Transform 75
Transform: AffineTransform_float_3_3
Parameters: 1 0.000367375 -7.93376e-05 -0.000366435 0.999999 0.000770243 7.93327e-05 -0.000770142 0.999999 -0.00358802 0.0454726 -0.198418
FixedParameters: 0 0 0

#Transform 76
Transform: AffineTransform_float_3_3
Parameters: 1 0.000452426 -0.000117787 -0.000452682 0.999999 0.00133659 0.000118079 -0.00133652 0.999999 -0.00945703 0.0744016 -0.211106
FixedParameters: 0 0 0

#Transform 77
Transform: AffineTransform_float_3_3
Parameters: 1 0.000453152 -0.000146748 -0.000452398 0.999999 0.00172314 0.000146718 -0.001723 0.999999 -0.00772641 0.0647415 -0.24099
FixedParameters: 0 0 0

#Transform 78
Transform: AffineTransform_float_3_3
Parameters: 1 0.000413061 -0.00019662 -0.000413004 0.999998 0.00159603 0.00019702 -0.0015959 0.999998 -0.00168464 0.0550797 -0.24283
FixedParameters: 0 0 0

#Transform 79
Transform: AffineTransform_float_3_3
Parameters: 1 0.000395252 -0.000208641 -0.000395254 0.999999 0.00136364 0.000208801 -0.00136351 0.999999 -0.0019694 0.020227 -0.243201
FixedParameters: 0 0 0

#Transform 80
Transform: AffineTransform_float_3_3
Parameters: 1 0.000702995 -0.000198409 -0.000701847 0.999997 0.00225711 0.000199887 -0.00225682 0.999998 -0.00966119 0.0401564 -0.273041
FixedParameters: 0 0 0

#Transform 81
Transform: AffineTransform_float_3_3
Parameters: 1 0.000548642 -0.000122889 -0.000548689 0.999997 0.00212171 0.000124197 -0.0021216 0.999997 -0.00313063 0.0714991 -0.329693
FixedParameters: 0 0 0

#Transform 82
Transform: AffineTransform_float_3_3
Parameters: 1 0.000390279 -5.10001e-05 -0.000389819 0.999998 0.00207674 5.10296e-05 -0.00207669 0.999998 -0.00151934 0.0375095 -0.322294
FixedParameters: 0 0 0

#Transform 83
Transform: AffineTransform_float_3_3
Parameters: 1 0.000389441 -0.000188882 -0.000388988 0.999999 0.00119473 0.000189709 -0.00119458 1 -0.00549222 -0.0629927 -0.278259
FixedParameters: 0 0 0

#Transform 84
Transform: AffineTransform_float_3_3
Parameters: 1 0.00047062 -0.000340459 -0.000470016 0.999999 0.0017244 0.00034106 -0.00172411 0.999999 -0.00611788 0.00232212 -0.286537
FixedParameters: 0 0 0

#Transform 85
Transform: AffineTransform_float_3_3
Parameters: 1 0.000321715 -0.000383668 -0.000320248 0.999998 0.00190731 0.000384687 -0.00190707 0.999998 0.000499091 0.0833059 -0.358593
FixedParameters: 0 0 0

#Transform 86
Transform: AffineTransform_float_3_3
Parameters: 1 0.000368346 -0.000410481 -0.000367496 0.999999 0.00172969 0.000410733 -0.00172942 0.999999 -0.000498793 0.0492785 -0.333939
FixedParameters: 0 0 0

#Transform 87
Transform: AffineTransform_float_3_3
Parameters: 0.999999 0.000696019 -0.000276698 -0.000695817 0.999999 0.00139537 0.000277722 -0.00139501 0.999999 -0.00914669 -0.0308919 -0.295131
FixedParameters: 0 0 0

#Transform 88
Transform: AffineTransform_float_3_3
Parameters: 0.999999 0.000796195 -0.000283637 -0.000794977 0.999998 0.00170772 0.000284763 -0.00170725 0.999999 -0.0133367 0.0184087 -0.296678
FixedParameters: 0 0 0

#Transform 89
Transform: AffineTransform_float_3_3
Parameters: 1 0.000406699 -0.000481715 -0.000406279 0.999998 0.00187596 0.000482789 -0.00187564 0.999998 0.00201067 0.0887745 -0.366396
FixedParameters: 0 0 0

#Transform 90
Transform: AffineTransform_float_3_3
Parameters: 1 0.000341274 -0.000487878 -0.000339582 0.999999 0.00173117 0.000488851 -0.00173084 0.999999 9.24208e-07 0.036657 -0.328837
FixedParameters: 0 0 0

#Transform 91
Transform: AffineTransform_float_3_3
Parameters: 1 0.000387708 -0.000266687 -0.000387462 0.999999 0.00153131 0.000266956 -0.00153113 0.999999 -0.00309805 0.0209883 -0.310344
FixedParameters: 0 0 0

#Transform 92
Transform: AffineTransform_float_3_3
Parameters: 0.999999 0.000724101 -0.000177134 -0.000724133 0.999998 0.00151697 0.000178413 -0.00151675 0.999999 -0.00980135 -0.0524135 -0.274491
FixedParameters: 0 0 0

#Transform 93
Transform: AffineTransform_float_3_3
Parameters: 1 0.000405323 -0.000308633 -0.000404751 0.999998 0.00185087 0.000309111 -0.00185065 0.999998 -0.00157183 0.0048253 -0.331184
FixedParameters: 0 0 0

#Transform 94
Transform: AffineTransform_float_3_3
Parameters: 1 0.000441823 -0.00014744 -0.000441332 0.999998 0.00165462 0.000148798 -0.00165449 0.999998 -0.000230709 -0.0173083 -0.328457
FixedParameters: 0 0 0

#Transform 95
Transform: AffineTransform_float_3_3
Parameters: 1 0.000436199 -8.8974e-05 -0.000436565 0.999999 0.00115015 8.90599e-05 -0.0011501 1 -0.00217383 0.0255076 -0.305083
FixedParameters: 0 0 0

#Transform 96
Transform: AffineTransform_float_3_3
Parameters: 1 0.000603321 -0.000155031 -0.000603553 0.999999 0.00109458 0.000155434 -0.00109442 1 -0.00958568 -0.036016 -0.245347
FixedParameters: 0 0 0

#Transform 97
Transform: AffineTransform_float_3_3
Parameters: 1 0.000433121 -7.39108e-05 -0.00043348 0.999999 0.00143467 7.42362e-05 -0.00143464 0.999999 -0.00146229 0.0899991 -0.313293
FixedParameters: 0 0 0

#Transform 98
Transform: AffineTransform_float_3_3
Parameters: 1 0.000445069 -0.000276188 -0.000444868 0.999999 0.0013982 0.000276514 -0.00139799 0.999999 -0.00416886 -0.0359225 -0.286209
FixedParameters: 0 0 0

#Transform 99
Transform: AffineTransform_float_3_3
Parameters: 1 0.000476262 -0.000113272 -0.000476398 0.999998 0.00191013 0.000114071 -0.00191005 0.999998 -0.0033294 0.0730315 -0.330809
FixedParameters: 0 0 0

#Transform 100
Transform: AffineTransform_float_3_3
Parameters: 1 0.000500208 -4.81631e-05 -0.000500043 0.999998 0.00168056 4.97414e-05 -0.00168051 0.999998 -0.00460537 0.0205553 -0.317557
FixedParameters: 0 0 0

#Transform 101
Transform: AffineTransform_float_3_3
Parameters: 1 0.000510237 -0.000130245 -0.000510375 0.999998 0.00166007 0.000131022 -0.00165997 0.999998 -0.00545918 0.00878988 -0.286431
FixedParameters: 0 0 0

#Transform 102
Transform: AffineTransform_float_3_3
Parameters: 0.999999 0.000626434 -0.000349192 -0.000625415 0.999998 0.00145412 0.000350909 -0.00145368 0.999999 -0.0130402 0.0348263 -0.267024
FixedParameters: 0 0 0

#Transform 103
Transform: AffineTransform_float_3_3
Parameters: 1 0.000630004 -0.000105153 -0.000630323 0.999999 0.00119829 0.000105746 -0.00119819 1 -0.0149473 -0.0110425 -0.246599
FixedParameters: 0 0 0

#Transform 104
Transform: AffineTransform_float_3_3
Parameters: 1 0.000500164 -0.000150889 -0.00050028 0.999998 0.0015054 0.000151477 -0.00150528 0.999999 -0.0129099 -0.0129176 -0.23826
FixedParameters: 0 0 0

#Transform 105
Transform: AffineTransform_float_3_3
Parameters: 1 0.000523459 -0.000107305 -0.000522311 0.999999 0.00160604 0.00010836 -0.00160554 0.999998 -0.00996044 -0.0135233 -0.257735
FixedParameters: 0 0 0

#Transform 106
Transform: AffineTransform_float_3_3
Parameters: 1 0.000358329 -0.000188053 -0.000358204 0.999999 0.00172053 0.000188335 -0.00172136 0.999998 -0.00360622 0.0224402 -0.31717
FixedParameters: 0 0 0

#Transform 107
Transform: AffineTransform_float_3_3
Parameters: 1 0.000469487 5.10211e-05 -0.000469431 0.999998 0.00187531 -5.08509e-05 -0.00187534 0.999998 -0.00626141 0.0494221 -0.307682
FixedParameters: 0 0 0

#Transform 108
Transform: AffineTransform_float_3_3
Parameters: 1 0.000497916 -3.64384e-05 -0.00049781 0.999999 0.00142633 3.77559e-05 -0.00142629 0.999999 -0.0145146 0.0331743 -0.256362
FixedParameters: 0 0 0

#Transform 109
Transform: AffineTransform_float_3_3
Parameters: 1 0.000477972 1.1447e-05 -0.000477959 0.999998 0.00172023 -9.93896e-06 -0.00172118 0.999998 -0.0064538 0.00897564 -0.293702
FixedParameters: 0 0 0

#Transform 110
Transform: AffineTransform_float_3_3
Parameters: 1 0.000409768 -0.000170002 -0.000409131 0.999998 0.00186056 0.00017132 -0.00186042 0.999999 -0.00363465 0.0452286 -0.316433
FixedParameters: 0 0 0

#Transform 111
Transform: AffineTransform_float_3_3
Parameters: 1 0.000361729 -0.000179964 -0.000361601 0.999998 0.0019401 0.000180347 -0.00194 0.999998 -0.00495964 0.0244307 -0.291499
FixedParameters: 0 0 0

#Transform 112
Transform: AffineTransform_float_3_3
Parameters: 1 0.00031047 -0.000131203 -0.000309995 0.999999 0.00179953 0.000132114 -0.00179945 0.999999 0.00612623 0.0228681 -0.323915
FixedParameters: 0 0 0

#Transform 113
Transform: AffineTransform_float_3_3
Parameters: 1 0.000360107 -0.000156075 -0.000360116 0.999999 0.00179698 0.000156349 -0.00179689 0.999999 -0.00532075 0.0272244 -0.289209
FixedParameters: 0 0 0

#Transform 114
Transform: AffineTransform_float_3_3
Parameters: 1 0.000320239 -0.000150952 -0.000320244 0.999999 0.00171043 0.000151096 -0.0017113 0.999998 -0.00314799 -0.0282408 -0.29432
FixedParameters: 0 0 0

#Transform 115
Transform: AffineTransform_float_3_3
Parameters: 1 0.000297821 -0.000205574 -0.000297532 0.999998 0.0020896 0.000205798 -0.0020895 0.999998 0.00271998 0.035802 -0.342807
FixedParameters: 0 0 0

#Transform 116
Transform: AffineTransform_float_3_3
Parameters: 1 0.000336776 -0.000250406 -0.000336124 0.999997 0.00243611 0.000250922 -0.00243597 0.999997 -0.000374339 -0.0021082 -0.301702
FixedParameters: 0 0 0

#Transform 117
Transform: AffineTransform_float_3_3
Parameters: 1 0.000324493 -0.000235124 -0.00032397 0.999998 0.00232157 0.000235507 -0.00232144 0.999998 0.00431811 0.0115451 -0.352893
FixedParameters: 0 0 0

#Transform 118
Transform: AffineTransform_float_3_3
Parameters: 1 0.000476272 4.32612e-06 -0.000476286 0.999997 0.00262499 -2.23633e-06 -0.00262499 0.999997 0.00141885 0.0249358 -0.352881
FixedParameters: 0 0 0

#Transform 119
Transform: AffineTransform_float_3_3
Parameters: 1 0.000493361 -7.09054e-05 -0.000492737 0.999997 0.0026242 7.16972e-05 -0.00262412 0.999997 -0.00385395 0.000389324 -0.331493
FixedParameters: 0 0 0

#Transform 120
Transform: AffineTransform_float_3_3
Parameters: 1 0.000511464 5.71513e-06 -0.000511242 0.999996 0.00253106 -4.81981e-06 -0.00253105 0.999997 -0.00122492 -0.00506714 -0.347592
FixedParameters: 0 0 0

#Transform 121
Transform: AffineTransform_float_3_3
Parameters: 1 0.000487394 -9.22922e-05 -0.000487437 0.999996 0.00282375 9.3819e-05 -0.00282369 0.999996 -0.00295845 0.00178151 -0.344245
FixedParameters: 0 0 0

#Transform 122
Transform: AffineTransform_float_3_3
Parameters: 1 0.000481644 -6.96134e-05 -0.000481011 0.999996 0.00273595 7.04512e-05 -0.00273587 0.999996 0.00285517 0.0361567 -0.367477
FixedParameters: 0 0 0

#Transform 123
Transform: AffineTransform_float_3_3
Parameters: 1 0.000417087 -0.000107539 -0.000417108 0.999996 0.00253799 0.000108533 -0.00253793 0.999996 0.00059291 0.0563684 -0.331482
FixedParameters: 0 0 0

#Transform 124
Transform: AffineTransform_float_3_3
Parameters: 1 0.000335602 -0.000260167 -0.000334757 0.999997 0.00271254 0.00026076 -0.0027124 0.999997 0.00479999 0.0266159 -0.350017
FixedParameters: 0 0 0

#Transform 125
Transform: AffineTransform_float_3_3
Parameters: 1 0.000334559 -0.000307125 -0.000333402 0.999996 0.00280677 0.000307773 -0.00280659 0.999996 0.00507131 0.00478989 -0.349318
FixedParameters: 0 0 0

#Transform 126
Transform: AffineTransform_float_3_3
Parameters: 1 0.000495402 2.94861e-06 -0.000495983 0.999996 0.00251683 -1.57664e-06 -0.00251686 0.999997 0.00306138 -0.0145774 -0.385636
FixedParameters: 0 0 0

#Transform 127
Transform: AffineTransform_float_3_3
Parameters: 1 0.000519694 -0.000137174 -0.000519422 0.999995 0.00304143 0.000139006 -0.00304132 0.999996 -0.00120922 -0.0291259 -0.369498
FixedParameters: 0 0 0

#Transform 128
Transform: AffineTransform_float_3_3
Parameters: 1 0.000520832 -0.000231205 -0.000519981 0.999995 0.0030555 0.000233057 -0.00305529 0.999996 0.00339573 -0.0229924 -0.358294
FixedParameters: 0 0 0

#Transform 129
Transform: AffineTransform_float_3_3
Parameters: 1 0.000520111 -0.000230412 -0.000519277 0.999996 0.0030305 0.000232233 -0.00303029 0.999996 0.00597922 -0.0252473 -0.372624
FixedParameters: 0 0 0

#Transform 130
Transform: AffineTransform_float_3_3
Parameters: 1 0.000503231 -0.000283415 -0.000503243 0.999994 0.00342187 0.000285183 -0.00342169 0.999994 0.00725919 0.0285711 -0.401815
FixedParameters: 0 0 0

#Transform 131
Transform: AffineTransform_float_3_3
Parameters: 1 0.000486932 -0.000298332 -0.000486337 0.999995 0.0033056 0.000300688 -0.00330538 0.999995 0.00408167 -0.0184611 -0.369294
FixedParameters: 0 0 0

#Transform 132
Transform: AffineTransform_float_3_3
Parameters: 1 0.000499615 -0.000281874 -0.00049969 0.999995 0.00332994 0.000283526 -0.00332975 0.999995 0.0110644 0.0331846 -0.425455
FixedParameters: 0 0 0

#Transform 133
Transform: AffineTransform_float_3_3
Parameters: 1 0.000597174 -0.000382635 -0.000596247 0.999996 0.00269826 0.000383814 -0.00269786 0.999996 -0.00191541 -0.0656938 -0.308688
FixedParameters: 0 0 0

#Transform 134
Transform: AffineTransform_float_3_3
Parameters: 1 0.000500282 -0.000489194 -0.000498198 0.999996 0.00270736 0.000490671 -0.0027069 0.999996 0.00380786 0.0581913 -0.315935
FixedParameters: 0 0 0

#Transform 135
Transform: AffineTransform_float_3_3
Parameters: 1 0.000439209 -0.000299952 -0.000439157 0.999997 0.00239482 0.000301502 -0.00239463 0.999997 0.00670973 0.0258828 -0.359394
FixedParameters: 0 0 0

#Transform 136
Transform: AffineTransform_float_3_3
Parameters: 1 0.000607587 -0.000402925 -0.00060649 0.999996 0.00277285 0.00040425 -0.00277242 0.999996 -0.00136221 -0.0502316 -0.31275
FixedParameters: 0 0 0

#Transform 137
Transform: AffineTransform_float_3_3
Parameters: 1 0.000434438 -0.000346257 -0.000434364 0.999995 0.0029318 0.000347333 -0.0029316 0.999995 0.0128935 -0.00388624 -0.377285
FixedParameters: 0 0 0

#Transform 138
Transform: AffineTransform_float_3_3
Parameters: 1 0.000479447 -0.000289532 -0.000479641 0.999996 0.00303959 0.000290873 -0.00303941 0.999996 0.00967239 -0.030386 -0.384573
FixedParameters: 0 0 0

#Transform 139
Transform: AffineTransform_float_3_3
Parameters: 1 0.000507684 -0.000392869 -0.000506459 0.999996 0.0029467 0.000393782 -0.0029473 0.999995 0.0103899 -0.0546094 -0.37652
FixedParameters: 0 0 0

#Transform 140
Transform: AffineTransform_float_3_3
Parameters: 1 0.000485748 -0.000292637 -0.000485826 0.999994 0.00320549 0.000294178 -0.0032053 0.999995 0.00957628 -0.0429794 -0.387259
FixedParameters: 0 0 0

#Transform 141
Transform: AffineTransform_float_3_3
Parameters: 1 0.000506609 -0.000406715 -0.000505126 0.999996 0.0025197 0.000408141 -0.00251931 0.999996 0.00584176 -0.127444 -0.320868
FixedParameters: 0 0 0

#Transform 142
Transform: AffineTransform_float_3_3
Parameters: 1 0.000457019 -0.000320756 -0.000456458 0.999996 0.00302578 0.000322761 -0.00302555 0.999996 0.0115357 -0.0173312 -0.375684
FixedParameters: 0 0 0

#Transform 143
Transform: AffineTransform_float_3_3
Parameters: 1 0.000565837 -0.000402857 -0.000564708 0.999996 0.00281404 0.000403998 -0.00281364 0.999996 0.00967696 -0.0469812 -0.370956
FixedParameters: 0 0 0

#Transform 144
Transform: AffineTransform_float_3_3
Parameters: 1 0.000439677 -0.000332388 -0.000439167 0.999996 0.00284543 0.000334233 -0.00284521 0.999996 0.0148565 0.0191776 -0.404808
FixedParameters: 0 0 0

#Transform 145
Transform: AffineTransform_float_3_3
Parameters: 1 0.000449198 -0.00033063 -0.00044859 0.999996 0.00300716 0.000332572 -0.00300693 0.999996 0.016484 -0.00484805 -0.430653
FixedParameters: 0 0 0

#Transform 146
Transform: AffineTransform_float_3_3
Parameters: 1 0.000510127 -0.000266275 -0.000510309 0.999995 0.00332337 0.000267989 -0.0033232 0.999995 0.0140913 -0.0190152 -0.437148
FixedParameters: 0 0 0

#Transform 147
Transform: AffineTransform_float_3_3
Parameters: 1 0.000505288 -0.000357327 -0.000504276 0.999996 0.00294078 0.000358221 -0.00294141 0.999995 0.013298 -0.0461225 -0.43053
FixedParameters: 0 0 0

#Transform 148
Transform: AffineTransform_float_3_3
Parameters: 1 0.000476323 -0.000411015 -0.000474869 0.999995 0.00315307 0.00041187 -0.00315273 0.999995 0.0188474 -0.0414663 -0.43958
FixedParameters: 0 0 0

#Transform 149
Transform: AffineTransform_float_3_3
Parameters: 1 0.000469788 -0.000428283 -0.000468867 0.999995 0.00335465 0.000429755 -0.00335435 0.999994 0.0150765 -0.0216002 -0.462902
FixedParameters: 0 0 0

#Transform 150
Transform: AffineTransform_float_3_3
Parameters: 1 0.000550981 -0.000394952 -0.000549397 0.999994 0.00344063 0.000396492 -0.00344025 0.999994 0.0122303 -0.0421441 -0.430877
FixedParameters: 0 0 0

#Transform 151
Transform: AffineTransform_float_3_3
Parameters: 1 0.000544607 -0.000430025 -0.000543582 0.999994 0.00345898 0.000432112 -0.00345861 0.999994 0.0114746 -0.0833578 -0.441289
FixedParameters: 0 0 0

#Transform 152
Transform: AffineTransform_float_3_3
Parameters: 1 0.000535849 -0.000378984 -0.000533984 0.999992 0.00395207 0.00038076 -0.00395172 0.999992 0.0144042 -0.0130586 -0.50048
FixedParameters: 0 0 0

#Transform 153
Transform: AffineTransform_float_3_3
Parameters: 1 0.000539969 -0.000414782 -0.000539219 0.999994 0.00325692 0.000416723 -0.00325657 0.999994 0.0119376 -0.0735174 -0.492338
FixedParameters: 0 0 0

#Transform 154
Transform: AffineTransform_float_3_3
Parameters: 1 0.000488894 -0.000435978 -0.000486867 0.999994 0.00356955 0.000437181 -0.00357012 0.999993 0.0143923 -0.0475746 -0.487754
FixedParameters: 0 0 0

#Transform 155
Transform: AffineTransform_float_3_3
Parameters: 1 0.000524549 -0.000398507 -0.000523253 0.999991 0.00406778 0.000400888 -0.00406746 0.999991 0.0162867 -0.017038 -0.513509
FixedParameters: 0 0 0

#Transform 156
Transform: AffineTransform_float_3_3
Parameters: 1 0.000528889 -0.000434076 -0.000527412 0.999992 0.00394444 0.000436361 -0.00394408 0.999992 0.0152005 -0.0326262 -0.482979
FixedParameters: 0 0 0

#Transform 157
Transform: AffineTransform_float_3_3
Parameters: 1 0.000540049 -0.000378865 -0.000538812 0.999991 0.00419914 0.000381411 -0.00419883 0.999991 0.0156596 -0.0205953 -0.490865
FixedParameters: 0 0 0

#Transform 158
Transform: AffineTransform_float_3_3
Parameters: 1 0.000480086 -0.00036333 -0.000479088 0.999991 0.00405499 0.000365338 -0.00405474 0.999991 0.0179884 -0.00614282 -0.499106
FixedParameters: 0 0 0

#Transform 159
Transform: AffineTransform_float_3_3
Parameters: 1 0.000522389 -0.000428739 -0.000520591 0.999991 0.00436333 0.000431202 -0.00436298 0.999991 0.0175557 -0.0275141 -0.508466
FixedParameters: 0 0 0

#Transform 160
Transform: AffineTransform_float_3_3
Parameters: 1 0.000470524 -0.000383827 -0.000469289 0.999992 0.00414563 0.000385738 -0.00414537 0.999992 0.0181489 -0.000368873 -0.525798
FixedParameters: 0 0 0

#Transform 161
Transform: AffineTransform_float_3_3
Parameters: 1 0.000490034 -0.000372118 -0.000488728 0.999991 0.00436792 0.000374306 -0.00436765 0.999991 0.0137656 -0.0533616 -0.484994
FixedParameters: 0 0 0

#Transform 162
Transform: AffineTransform_float_3_3
Parameters: 1 0.000508433 -0.000332813 -0.000507587 0.999991 0.0041947 0.00033509 -0.00419446 0.999991 0.0159716 -0.0469071 -0.498805
FixedParameters: 0 0 0

#Transform 163
Transform: AffineTransform_float_3_3
Parameters: 1 0.000578922 -0.000461268 -0.000577371 0.99999 0.00440952 0.000463464 -0.00440911 0.99999 0.0188066 -0.0384037 -0.501294
FixedParameters: 0 0 0

#Transform 164
Transform: AffineTransform_float_3_3
Parameters: 1 0.000505933 -0.000403473 -0.000503752 0.999987 0.00510313 0.00040623 -0.00510282 0.999987 0.0187794 -0.008188 -0.512819
FixedParameters: 0 0 0

#Transform 165
Transform: AffineTransform_float_3_3
Parameters: 0.999999 0.00061152 -0.000564756 -0.000608739 0.999989 0.00468736 0.00056747 -0.0046868 0.999989 0.0180585 -0.0685721 -0.482312
FixedParameters: 0 0 0

#Transform 166
Transform: AffineTransform_float_3_3
Parameters: 1 0.000527524 -0.000552328 -0.000525056 0.999986 0.00523064 0.000555043 -0.00523057 0.999987 0.023912 0.0128865 -0.534983
FixedParameters: 0 0 0

#Transform 167
Transform: AffineTransform_float_3_3
Parameters: 0.999999 0.000568133 -0.000701627 -0.000564496 0.99999 0.00438633 0.000703692 -0.00438566 0.99999 0.00936163 -0.0177566 -0.427505
FixedParameters: 0 0 0

#Transform 168
Transform: AffineTransform_float_3_3
Parameters: 1 0.000396219 -0.000592527 -0.000394103 0.999992 0.00411956 0.000594368 -0.00411923 0.999992 0.0137761 0.0704217 -0.492055
FixedParameters: 0 0 0

#Transform 169
Transform: AffineTransform_float_3_3
Parameters: 0.999999 0.000581381 -0.000542397 -0.000579053 0.999992 0.00393989 0.000545087 -0.00393936 0.999992 0.00660806 -0.0690379 -0.444027
FixedParameters: 0 0 0

#Transform 170
Transform: AffineTransform_float_3_3
Parameters: 1 0.000549597 -0.00053074 -0.000547631 0.999988 0.0049423 0.000533591 -0.00494283 0.999988 0.0125734 0.0228935 -0.518432
FixedParameters: 0 0 0

#Transform 171
Transform: AffineTransform_float_3_3
Parameters: 0.999999 0.000563121 -0.000598522 -0.000560094 0.999991 0.00415317 0.000601202 -0.0041526 0.999991 0.00807678 -0.0815639 -0.462096
FixedParameters: 0 0 0

#Transform 172
Transform: AffineTransform_float_3_3
Parameters: 1 0.000498144 -0.000544379 -0.000494881 0.999989 0.00476457 0.000546769 -0.00476447 0.999989 0.0164735 0.000154779 -0.536694
FixedParameters: 0 0 0

#Transform 173
Transform: AffineTransform_float_3_3
Parameters: 1 0.000553943 -0.000519278 -0.000551268 0.99999 0.00444594 0.000522104 -0.00444546 0.99999 0.0130242 -0.0515172 -0.528369
FixedParameters: 0 0 0

#Transform 174
Transform: AffineTransform_float_3_3
Parameters: 0.999999 0.000556754 -0.00055412 -0.000555051 0.99999 0.0045439 0.000556737 -0.00454346 0.99999 0.0128388 -0.0563294 -0.51135
FixedParameters: 0 0 0

#Transform 175
Transform: AffineTransform_float_3_3
Parameters: 0.999999 0.000620811 -0.000641806 -0.000617691 0.99999 0.00439059 0.000644341 -0.00438992 0.99999 0.0136841 -0.066207 -0.480679
FixedParameters: 0 0 0

#Transform 176
Transform: AffineTransform_float_3_3
Parameters: 1 0.000514032 -0.000563719 -0.000511595 0.99999 0.00433871 0.000565287 -0.00433954 0.999991 0.015837 -0.039243 -0.534609
FixedParameters: 0 0 0

#Transform 177
Transform: AffineTransform_float_3_3
Parameters: 0.999999 0.000547027 -0.000652297 -0.000543407 0.999985 0.00532356 0.000655359 -0.00532302 0.999985 0.0184617 -0.0111722 -0.555386
FixedParameters: 0 0 0

#Transform 178
Transform: AffineTransform_float_3_3
Parameters: 0.999999 0.000617766 -0.000704152 -0.000614282 0.999986 0.00524291 0.000707053 -0.00524224 0.999986 0.0150157 -0.036329 -0.529255
FixedParameters: 0 0 0

#Transform 179
Transform: AffineTransform_float_3_3
Parameters: 0.999999 0.000637824 -0.000729508 -0.00063448 0.999988 0.00493204 0.000732397 -0.00493224 0.999987 0.0134162 -0.0391444 -0.538238
FixedParameters: 0 0 0

#Transform 180
Transform: AffineTransform_float_3_3
Parameters: 1 0.000594051 -0.00101268 -0.000589522 0.999988 0.00484322 0.00101486 -0.00484263 0.999988 0.0158621 -0.0134322 -0.531439
FixedParameters: 0 0 0

#Transform 181
Transform: AffineTransform_float_3_3
Parameters: 1 0.000650956 -0.000938577 -0.000646124 0.999988 0.00495044 0.000940782 -0.0049498 0.999988 0.0147226 -0.0284118 -0.521995
FixedParameters: 0 0 0

#Transform 182
Transform: AffineTransform_float_3_3
Parameters: 1 0.000576708 -0.00101706 -0.000572142 0.99999 0.00456742 0.00101973 -0.00456649 0.999989 0.0139894 -0.0544505 -0.494799
FixedParameters: 0 0 0

#Transform 183
Transform: AffineTransform_float_3_3
Parameters: 1 0.000600331 -0.000990648 -0.000595784 0.999988 0.00466966 0.000993608 -0.00466906 0.999989 0.0149345 -0.0311403 -0.517372
FixedParameters: 0 0 0

#Transform 184
Transform: AffineTransform_float_3_3
Parameters: 1 0.000611546 -0.000979918 -0.000606955 0.999989 0.00474219 0.000982968 -0.00474158 0.999989 0.0156861 -0.0248232 -0.532873
FixedParameters: 0 0 0

#Transform 185
Transform: AffineTransform_float_3_3
Parameters: 0.999999 0.000642284 -0.000944429 -0.000637004 0.999988 0.00486146 0.000947295 -0.00486045 0.999987 0.0145814 -0.0513648 -0.520453
FixedParameters: 0 0 0

#Transform 186
Transform: AffineTransform_float_3_3
Parameters: 0.999999 0.00043449 -0.000746154 -0.000431116 0.999991 0.00406957 0.000748282 -0.00407035 0.999992 0.0108723 -0.0584986 -0.49305
FixedParameters: 0 0 0

#Transform 187
Transform: AffineTransform_float_3_3
Parameters: 0.999999 0.000468147 -0.000865001 -0.000465272 0.999992 0.00405438 0.000867078 -0.00405413 0.999992 0.00958354 0.00831715 -0.442634
FixedParameters: 0 0 0

#Transform 188
Transform: AffineTransform_float_3_3
Parameters: 0.999999 0.00056443 -0.000712823 -0.000561209 0.999991 0.00401535 0.000714597 -0.00401502 0.999992 0.00938594 -0.0242085 -0.465298
FixedParameters: 0 0 0

#Transform 189
Transform: AffineTransform_float_3_3
Parameters: 0.999999 0.000662112 -0.000519378 -0.000659968 0.999993 0.00370545 0.000521112 -0.00370484 0.999993 0.00452178 -0.155682 -0.379974
FixedParameters: 0 0 0
