#Insight Transform File V1.0
#Transform 0
Transform: AffineTransform_float_3_3
Parameters: 0.999999 -0.00059415 -0.000423683 0.000593643 0.999998 -0.00156258 0.000424866 0.00156212 0.999998 0.00368802 0.0389527 -0.0109455
FixedParameters: 0 0 0

#Transform 1
Transform: AffineTransform_float_3_3
Parameters: 1 -0.000447187 -0.000555671 0.000446764 1 -0.00111749 0.000555997 0.00111703 0.999999 0.005568 0.0519332 -0.022447
FixedParameters: 0 0 0

#Transform 2
Transform: AffineTransform_float_3_3
Parameters: 1 -0.000519917 -0.000465583 0.000518784 0.999999 -0.00121595 0.000466743 0.00121547 0.999999 0.00374399 0.0352672 -0.00351595
FixedParameters: 0 0 0

#Transform 3
Transform: AffineTransform_float_3_3
Parameters: 0.999999 -0.000464327 -0.000596616 0.00046403 0.999999 -0.000893848 0.000596808 0.000894275 0.999999 -0.000400131 0.0374226 -0.0253989
FixedParameters: 0 0 0

#Transform 4
Transform: AffineTransform_float_3_3
Parameters: 1 -0.000309895 -0.000564344 0.000309146 0.999999 -0.000663895 0.000564755 0.000663546 0.999999 -0.00145539 0.0485291 -0.0300022
FixedParameters: 0 0 0

#Transform 5
Transform: AffineTransform_float_3_3
Parameters: 1 -0.000332965 -0.000454042 0.000332702 1 -0.000290228 0.000454235 0.000289926 1 0.00310188 0.0532893 -0.0808585
FixedParameters: 0 0 0

#Transform 6
Transform: AffineTransform_float_3_3
Parameters: 1 -0.000233504 -0.000532399 0.000234147 1 -0.00016507 0.000531906 0.000164864 1 0.00577045 0.0541662 -0.0406529
FixedParameters: 0 0 0

#Transform 7
Transform: AffineTransform_float_3_3
Parameters: 1 -0.000326453 -0.000501464 0.000326293 1 -0.00016038 0.000501568 0.000160053 1 0.00770453 0.0440523 -0.0435863
FixedParameters: 0 0 0

#Transform 8
Transform: AffineTransform_float_3_3
Parameters: 1 -0.000366102 -0.00048035 0.000366528 1 -0.000408656 0.000480079 0.000408346 1 0.0110547 0.0375539 -0.0472124
FixedParameters: 0 0 0

#Transform 9
Transform: AffineTransform_float_3_3
Parameters: 1 -0.000138913 -0.000328955 0.000138801 1 -0.000169989 0.000329002 0.000169898 1 0.00170601 0.0673987 -0.0590738
FixedParameters: 0 0 0

#Transform 10
Transform: AffineTransform_float_3_3
Parameters: 1 -5.03482e-05 -0.000341027 5.04327e-05 1 0.000123885 0.000341014 -0.00012392 1 0.00455699 0.0605903 -0.083351
FixedParameters: 0 0 0

#Transform 11
Transform: AffineTransform_float_3_3
Parameters: 1 0.000154346 -0.00012113 -0.000154434 1 -0.000364346 0.000121017 0.000364384 1 0.00225193 0.0425502 -0.0901244
FixedParameters: 0 0 0

#Transform 12
Transform: AffineTransform_float_3_3
Parameters: 1 0.000275235 -0.000205993 -0.00027539 1 -0.000374501 0.000205787 0.000374614 1 0.00601277 0.0311884 -0.0496608
FixedParameters: 0 0 0

#Transform 13
Transform: AffineTransform_float_3_3
Parameters: 1 0.00033569 -0.000251352 -0.00033592 1 -0.000458674 0.000251044 0.000458843 1 0.0112571 0.0284609 -0.053525
FixedParameters: 0 0 0

#Transform 14
Transform: AffineTransform_float_3_3
Parameters: 1 0.000178361 -0.000148828 -0.000178558 1 -0.000661957 0.000148592 0.00066201 1 0.00686821 0.0224374 -0.0726653
FixedParameters: 0 0 0

#Transform 15
Transform: AffineTransform_float_3_3
Parameters: 1 0.000356661 -0.00025104 -0.000356688 1 -5.32057e-05 0.000251002 5.33848e-05 1 0.00761076 0.0505326 -0.0641927
FixedParameters: 0 0 0

#Transform 16
Transform: AffineTransform_float_3_3
Parameters: 1 0.000240505 -0.000408459 -0.000240643 1 -0.000168313 0.000408378 0.000168509 1 -0.00353706 0.0278607 0.0457533
FixedParameters: 0 0 0

#Transform 17
Transform: AffineTransform_float_3_3
Parameters: 1 0.000118917 -0.000265148 -0.000118939 1 -4.10204e-05 0.000265138 4.10835e-05 1 -0.00131908 0.0847763 -0.00837291
FixedParameters: 0 0 0

#Transform 18
Transform: AffineTransform_float_3_3
Parameters: 1 0.00022553 -0.000275701 -0.000226327 1 3.75977e-05 0.000276288 -3.75154e-05 1 -0.00255292 0.0520364 -0.0136154
FixedParameters: 0 0 0

#Transform 19
Transform: AffineTransform_float_3_3
Parameters: 1 -1.92433e-05 -0.000154959 1.9347e-05 1 0.000334499 0.000154946 -0.000334505 1 0.00395005 0.0658238 -0.0215652
FixedParameters: 0 0 0

#Transform 20
Transform: AffineTransform_float_3_3
Parameters: 1 0.000356661 -0.00025104 -0.000356688 1 -5.32057e-05 0.000251002 5.33848e-05 1 -0.00362191 0.0193585 0.0299125
FixedParameters: 0 0 0

#Transform 21
Transform: AffineTransform_float_3_3
Parameters: 1 0.000143059 -0.000101455 -0.000143068 1 -4.23512e-05 0.000101443 4.23802e-05 1 -0.00106353 0.0706697 -0.0129006
FixedParameters: 0 0 0

#Transform 22
Transform: AffineTransform_float_3_3
Parameters: 1 0.000244599 -9.47381e-05 -0.000244597 1 1.15065e-05 9.47437e-05 -1.14602e-05 1 0.00312918 0.0559763 -0.00704718
FixedParameters: 0 0 0

#Transform 23
Transform: AffineTransform_float_3_3
Parameters: 1 0.000221194 -0.000158231 -0.000221226 1 -0.000102402 0.000158185 0.000102472 1 -0.00202008 0.0573077 -0.00423956
FixedParameters: 0 0 0

#Transform 24
Transform: AffineTransform_float_3_3
Parameters: 1 0.000279523 -0.000114612 -0.000279515 1 3.47597e-05 0.000114631 -3.46957e-05 1 -0.00381023 0.0547369 -0.0152538
FixedParameters: 0 0 0

#Transform 25
Transform: AffineTransform_float_3_3
Parameters: 1 0.000433202 0.000244663 -0.000433388 1 0.000346644 -0.000244314 -0.000346513 0.999999 -0.00534676 0.0380573 -0.0358173
FixedParameters: 0 0 0

#Transform 26
Transform: AffineTransform_float_3_3
Parameters: 1 0.000406861 -0.000189462 -0.000406829 1 8.53593e-05 0.000189532 -8.52051e-05 1 -0.00655274 0.0166563 0.0137555
FixedParameters: 0 0 0

#Transform 27
Transform: AffineTransform_float_3_3
Parameters: 1 0.000185632 -0.000119598 -0.000185567 1 0.000273896 0.0001197 -0.000273852 1 -0.0118824 0.0461396 -0.0389646
FixedParameters: 0 0 0

#Transform 28
Transform: AffineTransform_float_3_3
Parameters: 1 0.000289058 -2.68837e-05 -0.000289032 1 0.000478795 2.71605e-05 -0.000478779 1 -0.0121447 0.0536004 -0.0488221
FixedParameters: 0 0 0

#Transform 29
Transform: AffineTransform_float_3_3
Parameters: 1 0.000282898 -8.22236e-05 -0.000282769 0.999999 0.000781553 8.26657e-05 -0.000781507 0.999999 -0.0107734 0.0498267 -0.0646445
FixedParameters: 0 0 0

#Transform 30
Transform: AffineTransform_float_3_3
Parameters: 1 0.000361355 -7.97492e-05 -0.000360412 0.999999 0.000777562 7.97403e-05 -0.000777462 0.999999 -0.00964633 0.0645607 -0.0858282
FixedParameters: 0 0 0

#Transform 31
Transform: AffineTransform_float_3_3
Parameters: 1 0.000303922 -0.000193312 -0.000303723 1 0.000514205 0.000193624 -0.000514088 1 -0.0126164 0.0837369 -0.0750556
FixedParameters: 0 0 0

#Transform 32
Transform: AffineTransform_float_3_3
Parameters: 1 0.000598043 4.30811e-05 -0.000598115 1 0.000645737 -4.22605e-05 -0.000645445 0.999999 -0.0187033 0.0105083 -0.0409212
FixedParameters: 0 0 0

#Transform 33
Transform: AffineTransform_float_3_3
Parameters: 1 0.000484961 2.52325e-05 -0.000484979 1 0.000371539 -2.48721e-05 -0.000371563 1 -0.0148771 0.0445 -0.0650376
FixedParameters: 0 0 0

#Transform 34
Transform: AffineTransform_float_3_3
Parameters: 1 0.000630626 2.25676e-05 -0.000630658 1 0.000342683 -2.20872e-05 -0.000342369 0.999999 -0.0224671 0.0590847 -0.0843124
FixedParameters: 0 0 0

#Transform 35
Transform: AffineTransform_float_3_3
Parameters: 1 0.000613516 6.92569e-05 -0.000613615 1 0.000589839 -6.84849e-05 -0.000589581 0.999999 -0.0252776 0.022065 -0.0360297
FixedParameters: 0 0 0

#Transform 36
Transform: AffineTransform_float_3_3
Parameters: 0.999999 0.000807746 0.000212665 -0.00080705 1 0.000248254 -0.000212785 -0.000248212 0.999999 -0.0246734 0.0299291 -0.0318986
FixedParameters: 0 0 0

#Transform 37
Transform: AffineTransform_float_3_3
Parameters: 1 0.000550572 1.38173e-05 -0.000550575 1 0.000112834 -1.3693e-05 -0.000112849 1 -0.0154753 0.0598807 -0.0687403
FixedParameters: 0 0 0

#Transform 38
Transform: AffineTransform_float_3_3
Parameters: 1 0.000614699 -6.43249e-06 -0.000614694 0.999999 0.000379912 6.89955e-06 -0.000379904 1 -0.0251994 0.0523775 -0.0659706
FixedParameters: 0 0 0

#Transform 39
Transform: AffineTransform_float_3_3
Parameters: 1 0.000647136 0.000123251 -0.000647261 0.999999 0.000507269 -0.000122595 -0.000507428 1 -0.0175731 0.0210434 -0.0159043
FixedParameters: 0 0 0

#Transform 40
Transform: AffineTransform_float_3_3
Parameters: 1 0.000658916 0.000158224 -0.00065957 0.999999 0.000256264 -0.000158701 -0.000256502 1 -0.0155071 0.0417338 -0.0417701
FixedParameters: 0 0 0

#Transform 41
Transform: AffineTransform_float_3_3
Parameters: 0.999999 0.000733289 0.000264773 -0.000733422 0.999999 0.000252328 -0.000264403 -0.000252716 1 -0.0131214 0.0494829 -0.0677619
FixedParameters: 0 0 0

#Transform 42
Transform: AffineTransform_float_3_3
Parameters: 1 0.00053791 0.000182746 -0.000538152 1 0.000616652 -0.000182034 -0.000616506 0.999999 -0.0162681 0.0506808 -0.0144625
FixedParameters: 0 0 0

#Transform 43
Transform: AffineTransform_float_3_3
Parameters: 1 0.000514974 0.000256185 -0.000515291 0.999999 0.000620097 -0.000255546 -0.00062036 1 -0.013735 0.0533732 -0.0284314
FixedParameters: 0 0 0

#Transform 44
Transform: AffineTransform_float_3_3
Parameters: 1 0.000472694 0.000225441 -0.000473028 0.999999 0.000740467 -0.00022474 -0.00074068 0.999999 -0.0140163 0.0722606 -0.061637
FixedParameters: 0 0 0

#Transform 45
Transform: AffineTransform_float_3_3
Parameters: 1 0.000530887 0.000253578 -0.000531402 1 0.0010188 -0.000252598 -0.00101907 1 -0.0165316 0.0445638 -0.0878805
FixedParameters: 0 0 0

#Transform 46
Transform: AffineTransform_float_3_3
Parameters: 1 0.000668321 9.54164e-05 -0.000667751 0.999999 0.00131031 -9.43384e-05 -0.00131039 0.999999 -0.0200091 0.0350033 -0.104113
FixedParameters: 0 0 0

#Transform 47
Transform: AffineTransform_float_3_3
Parameters: 1 0.000551096 9.44483e-05 -0.000551983 0.999999 0.00168377 -9.36115e-05 -0.0016839 0.999999 -0.0195819 0.0419753 -0.0912047
FixedParameters: 0 0 0

#Transform 48
Transform: AffineTransform_float_3_3
Parameters: 1 0.000582427 0.000111235 -0.000583362 0.999998 0.00163807 -0.000110243 -0.00163823 0.999998 -0.0248947 -0.0062963 -0.0624522
FixedParameters: 0 0 0

#Transform 49
Transform: AffineTransform_float_3_3
Parameters: 1 0.000539314 0.000143524 -0.000540287 0.999999 0.00140195 -0.000142928 -0.00140214 0.999999 -0.0200994 0.050261 -0.1096
FixedParameters: 0 0 0

#Transform 50
Transform: AffineTransform_float_3_3
Parameters: 1 0.000626509 5.60321e-06 -0.000626279 0.999999 0.00172208 -5.03635e-06 -0.00172207 0.999999 -0.025637 0.0388079 -0.0572817
FixedParameters: 0 0 0

#Transform 51
Transform: AffineTransform_float_3_3
Parameters: 1 0.000576767 0.000176863 -0.000576532 0.999998 0.00165839 -0.000175623 -0.00165855 0.999998 -0.0186318 0.0437005 -0.039094
FixedParameters: 0 0 0

#Transform 52
Transform: AffineTransform_float_3_3
Parameters: 1 0.000401868 4.02494e-05 -0.000401983 0.999999 0.00146124 -3.91775e-05 -0.00146127 0.999999 -0.00977245 0.118578 -0.1197
FixedParameters: 0 0 0

#Transform 53
Transform: AffineTransform_float_3_3
Parameters: 1 0.000387204 0.000169735 -0.000387729 0.999998 0.001556 -0.000168632 -0.00155613 0.999999 -0.0114803 0.0777292 -0.106035
FixedParameters: 0 0 0

#Transform 54
Transform: AffineTransform_float_3_3
Parameters: 1 0.000397848 0.000186635 -0.000399098 0.999999 0.00182176 -0.000186204 -0.00182193 0.999999 -0.00843674 0.072967 -0.104478
FixedParameters: 0 0 0

#Transform 55
Transform: AffineTransform_float_3_3
Parameters: 1 0.000550673 0.000260486 -0.00055158 0.999999 0.00174973 -0.000258762 -0.00175001 0.999999 -0.0184677 0.0291135 -0.0786091
FixedParameters: 0 0 0

#Transform 56
Transform: AffineTransform_float_3_3
Parameters: 1 0.000493389 0.000239247 -0.000494235 0.999999 0.00177875 -0.000237695 -0.00177898 0.999999 -0.0222859 0.039119 -0.0424163
FixedParameters: 0 0 0

#Transform 57
Transform: AffineTransform_float_3_3
Parameters: 1 0.000432835 0.000431852 -0.00043339 0.999998 0.00159249 -0.000431145 -0.00159282 0.999998 -0.0237028 0.0599294 -0.041358
FixedParameters: 0 0 0

#Transform 58
Transform: AffineTransform_float_3_3
Parameters: 1 0.000544036 0.000436509 -0.000544382 0.999999 0.00133639 -0.000435727 -0.00133682 0.999999 -0.0358911 0.0357356 -0.00564145
FixedParameters: 0 0 0

#Transform 59
Transform: AffineTransform_float_3_3
Parameters: 1 0.000564516 0.000422209 -0.000564823 0.999999 0.00133534 -0.000421374 -0.00133577 0.999999 -0.0345594 0.0354064 -0.0288473
FixedParameters: 0 0 0

#Transform 60
Transform: AffineTransform_float_3_3
Parameters: 1 0.000568054 0.000421717 -0.00056924 0.999999 0.00138885 -0.000420192 -0.00138899 0.999998 -0.0312417 0.0351551 -0.0416885
FixedParameters: 0 0 0

#Transform 61
Transform: AffineTransform_float_3_3
Parameters: 1 0.000559792 0.000419165 -0.000559947 0.999999 0.00116236 -0.000418536 -0.00116279 0.999999 -0.0331886 0.0571055 -0.0553496
FixedParameters: 0 0 0

#Transform 62
Transform: AffineTransform_float_3_3
Parameters: 0.999999 0.000635913 0.000367135 -0.000635967 0.999999 0.00118951 -0.000366295 -0.00118994 0.999999 -0.0328001 0.0483504 -0.0507038
FixedParameters: 0 0 0

#Transform 63
Transform: AffineTransform_float_3_3
Parameters: 1 0.000583411 0.000315201 -0.000583245 1 0.00103709 -0.000314664 -0.00103741 1 -0.0326023 0.0469945 -0.0467578
FixedParameters: 0 0 0

#Transform 64
Transform: AffineTransform_float_3_3
Parameters: 1 0.000609047 0.000383659 -0.000609094 0.999999 0.00112981 -0.000382955 -0.00113023 1 -0.0324454 0.0514006 -0.0614643
FixedParameters: 0 0 0

#Transform 65
Transform: AffineTransform_float_3_3
Parameters: 0.999999 0.000630919 0.000365253 -0.00063168 1 0.00104354 -0.000364037 -0.001044 1 -0.0283525 0.0568545 -0.0593337
FixedParameters: 0 0 0

#Transform 66
Transform: AffineTransform_float_3_3
Parameters: 0.999999 0.000634628 0.000566455 -0.000635071 0.999999 0.00111426 -0.000565713 -0.00111493 0.999999 -0.0349682 0.0332963 -0.0443425
FixedParameters: 0 0 0

#Transform 67
Transform: AffineTransform_float_3_3
Parameters: 0.999999 0.00070528 0.000632116 -0.000705878 0.999999 0.00112151 -0.000631205 -0.00112236 0.999999 -0.0355981 0.0452766 -0.0425473
FixedParameters: 0 0 0

#Transform 68
Transform: AffineTransform_float_3_3
Parameters: 0.999999 0.000729245 0.000629032 -0.000730667 0.999999 0.00132651 -0.000628583 -0.00132741 0.999999 -0.0292142 0.0412813 -0.0508657
FixedParameters: 0 0 0

#Transform 69
Transform: AffineTransform_float_3_3
Parameters: 0.999999 0.000698421 0.00057253 -0.000699121 0.999999 0.00132821 -0.000571346 -0.00132897 0.999999 -0.0291588 0.047144 -0.0382105
FixedParameters: 0 0 0

#Transform 70
Transform: AffineTransform_float_3_3
Parameters: 0.999999 0.000750339 0.000637927 -0.000751884 0.999998 0.0014045 -0.000637304 -0.00140544 0.999999 -0.0356273 0.0379833 -0.041665
FixedParameters: 0 0 0

#Transform 71
Transform: AffineTransform_float_3_3
Parameters: 0.999999 0.000761019 0.000578866 -0.000760994 0.999998 0.00139307 -0.000577988 -0.00139387 0.999999 -0.0347817 0.0364756 -0.0476653
FixedParameters: 0 0 0

#Transform 72
Transform: AffineTransform_float_3_3
Parameters: 0.999999 0.000797455 0.000578976 -0.000798356 0.999998 0.00165696 -0.000578459 -0.00165689 0.999998 -0.0347062 0.0345797 -0.0490858
FixedParameters: 0 0 0

#Transform 73
Transform: AffineTransform_float_3_3
Parameters: 0.999999 0.000801134 0.000661238 -0.000802547 0.999998 0.00187547 -0.00066039 -0.00187648 0.999998 -0.0368526 0.0296821 -0.0215651
FixedParameters: 0 0 0

#Transform 74
Transform: AffineTransform_float_3_3
Parameters: 1 0.000910083 0.000721694 -0.000910661 0.999998 0.00150273 -0.000720166 -0.00150302 0.999999 -0.0364347 0.0345432 -0.034782
FixedParameters: 0 0 0

#Transform 75
Transform: AffineTransform_float_3_3
Parameters: 1 0.000896681 0.000721392 -0.000897406 0.999998 0.00160556 -0.00071972 -0.00160583 0.999999 -0.038752 0.05568 -0.051269
FixedParameters: 0 0 0

#Transform 76
Transform: AffineTransform_float_3_3
Parameters: 0.999999 0.000823323 0.0006301 -0.000824423 0.999998 0.00168058 -0.000629457 -0.00168062 0.999998 -0.0346859 0.0542325 -0.0570164
FixedParameters: 0 0 0

#Transform 77
Transform: AffineTransform_float_3_3
Parameters: 1 0.000892913 0.000680627 -0.000894685 0.999997 0.00205136 -0.000679087 -0.00205158 0.999998 -0.0386909 0.0494602 -0.0596456
FixedParameters: 0 0 0

#Transform 78
Transform: AffineTransform_float_3_3
Parameters: 1 0.000966466 0.00076653 -0.000967854 0.999998 0.00193395 -0.000764052 -0.00193407 0.999998 -0.0409818 0.0380733 -0.0483312
FixedParameters: 0 0 0

#Transform 79
Transform: AffineTransform_float_3_3
Parameters: 1 0.00107981 0.000650679 -0.00108107 0.999998 0.00178787 -0.000648872 -0.00178922 0.999998 -0.0428107 0.0353478 -0.0454106
FixedParameters: 0 0 0

#Transform 80
Transform: AffineTransform_float_3_3
Parameters: 1 0.00109331 0.000561817 -0.00109462 0.999997 0.00207915 -0.000559394 -0.00207939 0.999998 -0.0423089 0.034923 -0.0471051
FixedParameters: 0 0 0

#Transform 81
Transform: AffineTransform_float_3_3
Parameters: 0.999999 0.00110503 0.000654648 -0.00110607 0.999997 0.00223917 -0.000652426 -0.00224052 0.999997 -0.0367321 0.0441129 -0.0173663
FixedParameters: 0 0 0

#Transform 82
Transform: AffineTransform_float_3_3
Parameters: 1 0.000984444 0.000581369 -0.000985914 0.999997 0.00214286 -0.000579273 -0.00214301 0.999998 -0.0375532 0.0616658 0.00621956
FixedParameters: 0 0 0

#Transform 83
Transform: AffineTransform_float_3_3
Parameters: 0.999999 0.000904187 0.000489173 -0.000905121 0.999998 0.00179724 -0.000486696 -0.00179808 0.999998 -0.0377771 0.0748528 0.0212186
FixedParameters: 0 0 0

#Transform 84
Transform: AffineTransform_float_3_3
Parameters: 0.999999 0.000921886 0.000533245 -0.000922557 0.999997 0.00217079 -0.000530689 -0.00217168 0.999998 -0.0394238 0.115857 0.0247255
FixedParameters: 0 0 0

#Transform 85
Transform: AffineTransform_float_3_3
Parameters: 0.999999 0.000877381 0.000510211 -0.000878734 0.999997 0.00235901 -0.000508283 -0.00235951 0.999997 -0.0410279 0.103868 0.0580197
FixedParameters: 0 0 0

#Transform 86
Transform: AffineTransform_float_3_3
Parameters: 0.999999 0.000855921 0.000556292 -0.000857035 0.999998 0.00194653 -0.00055507 -0.00194708 0.999997 -0.0342553 0.0886842 0.0691183
FixedParameters: 0 0 0

#Transform 87
Transform: AffineTransform_float_3_3
Parameters: 1 0.000908589 0.000598821 -0.000909293 0.999998 0.00194376 -0.000596481 -0.00194442 0.999997 -0.0352945 0.0880782 0.0701556
FixedParameters: 0 0 0

#Transform 88
Transform: AffineTransform_float_3_3
Parameters: 0.999999 0.000783589 0.000391043 -0.000784881 0.999998 0.00195047 -0.000389526 -0.00195072 0.999997 -0.0335356 0.072253 0.102928
FixedParameters: 0 0 0

#Transform 89
Transform: AffineTransform_float_3_3
Parameters: 0.999999 0.00084861 0.000530638 -0.000849495 0.999998 0.00184014 -0.000529673 -0.00184098 0.999998 -0.0371563 0.0861092 0.0940723
FixedParameters: 0 0 0

#Transform 90
Transform: AffineTransform_float_3_3
Parameters: 1 0.000961015 0.000474411 -0.00096174 0.999998 0.00187209 -0.000472821 -0.00187261 0.999998 -0.0339787 0.082593 0.0744283
FixedParameters: 0 0 0

#Transform 91
Transform: AffineTransform_float_3_3
Parameters: 0.999999 0.000874465 0.00050071 -0.000875362 0.999998 0.00194564 -0.000499418 -0.00194612 0.999997 -0.0342164 0.0782927 0.112481
FixedParameters: 0 0 0

#Transform 92
Transform: AffineTransform_float_3_3
Parameters: 0.999999 0.000865274 0.000511992 -0.000867033 0.999998 0.00194606 -0.000510163 -0.00194659 0.999997 -0.0368111 0.10699 0.0969809
FixedParameters: 0 0 0

#Transform 93
Transform: AffineTransform_float_3_3
Parameters: 0.999999 0.000845343 0.000548945 -0.000847083 0.999998 0.0018122 -0.000547468 -0.00181312 0.999998 -0.036247 0.0713479 0.122468
FixedParameters: 0 0 0

#Transform 94
Transform: AffineTransform_float_3_3
Parameters: 1 0.000876258 0.000576785 -0.000877936 0.999998 0.00162879 -0.000575381 -0.00162885 0.999999 -0.0325893 0.0640779 0.132311
FixedParameters: 0 0 0

#Transform 95
Transform: AffineTransform_float_3_3
Parameters: 1 0.000872229 0.000560968 -0.000874035 0.999998 0.00181747 -0.000559233 -0.00181809 0.999998 -0.0403762 0.092696 0.110739
FixedParameters: 0 0 0

#Transform 96
Transform: AffineTransform_float_3_3
Parameters: 0.999999 0.000835521 0.000533957 -0.000836793 0.999998 0.00194761 -0.000531426 -0.00194811 0.999997 -0.0355362 0.100696 0.122238
FixedParameters: 0 0 0

#Transform 97
Transform: AffineTransform_float_3_3
Parameters: 0.999999 0.000831788 0.00055484 -0.000833716 0.999998 0.00194774 -0.000553138 -0.00194831 0.999997 -0.036667 0.116337 0.102997
FixedParameters: 0 0 0

#Transform 98
Transform: AffineTransform_float_3_3
Parameters: 0.999999 0.000785664 0.00057095 -0.000786563 0.999998 0.00167961 -0.000570435 -0.00167951 0.999998 -0.0367927 0.0944839 0.107857
FixedParameters: 0 0 0

#Transform 99
Transform: AffineTransform_float_3_3
Parameters: 1 0.000875936 0.000686164 -0.000876738 0.999998 0.00177945 -0.000684287 -0.00178057 0.999998 -0.0325122 0.0979309 0.0995666
FixedParameters: 0 0 0

#Transform 100
Transform: AffineTransform_float_3_3
Parameters: 1 0.000838309 0.000626631 -0.000839417 0.999998 0.00173541 -0.000625777 -0.0017364 0.999998 -0.0326484 0.107872 0.108282
FixedParameters: 0 0 0

#Transform 101
Transform: AffineTransform_float_3_3
Parameters: 1 0.000925456 0.000665685 -0.000926883 0.999998 0.00186065 -0.000664247 -0.00186148 0.999998 -0.0314405 0.114031 0.0977318
FixedParameters: 0 0 0

#Transform 102
Transform: AffineTransform_float_3_3
Parameters: 1 0.00104371 0.000599008 -0.0010448 0.999998 0.0017875 -0.000597283 -0.00178835 0.999998 -0.029702 0.0867925 0.120914
FixedParameters: 0 0 0

#Transform 103
Transform: AffineTransform_float_3_3
Parameters: 0.999999 0.000864182 0.000477901 -0.000864839 0.999998 0.00149741 -0.000476054 -0.00149726 0.999999 -0.0360113 0.0948529 0.183464
FixedParameters: 0 0 0

#Transform 104
Transform: AffineTransform_float_3_3
Parameters: 1 0.000964374 0.000500223 -0.000965753 0.999998 0.00157926 -0.000498629 -0.00157927 0.999999 -0.0305718 0.0742067 0.184762
FixedParameters: 0 0 0

#Transform 105
Transform: AffineTransform_float_3_3
Parameters: 0.999999 0.000959386 0.000505687 -0.000960555 0.999998 0.00140181 -0.000504482 -0.00140277 0.999999 -0.0340799 0.0852945 0.173572
FixedParameters: 0 0 0

#Transform 106
Transform: AffineTransform_float_3_3
Parameters: 0.999999 0.00104458 0.000464759 -0.00104496 0.999998 0.0015051 -0.00046374 -0.00150507 0.999999 -0.0388153 0.106442 0.147124
FixedParameters: 0 0 0

#Transform 107
Transform: AffineTransform_float_3_3
Parameters: 1 0.000941008 0.00047626 -0.00094163 0.999999 0.00144703 -0.000474126 -0.0014466 0.999999 -0.0438217 0.115541 0.12428
FixedParameters: 0 0 0

#Transform 108
Transform: AffineTransform_float_3_3
Parameters: 0.999999 0.000911911 0.000557393 -0.000912132 0.999998 0.00161168 -0.000555717 -0.00161133 0.999998 -0.0440153 0.131767 0.111586
FixedParameters: 0 0 0

#Transform 109
Transform: AffineTransform_float_3_3
Parameters: 0.999999 0.000930861 0.000573462 -0.000931615 0.999998 0.00154589 -0.000572709 -0.00154596 0.999999 -0.0444861 0.118666 0.117022
FixedParameters: 0 0 0

#Transform 110
Transform: AffineTransform_float_3_3
Parameters: 1 0.000897501 0.00064247 -0.000899013 0.999999 0.00133121 -0.000641533 -0.00133141 0.999999 -0.0452735 0.118997 0.122691
FixedParameters: 0 0 0

#Transform 111
Transform: AffineTransform_float_3_3
Parameters: 1 0.000933585 0.000695425 -0.000934541 0.999999 0.0012644 -0.000693583 -0.00126531 0.999998 -0.0367209 0.104658 0.121277
FixedParameters: 0 0 0

#Transform 112
Transform: AffineTransform_float_3_3
Parameters: 1 0.000867384 0.000669433 -0.000869113 0.999999 0.00142753 -0.00066836 -0.0014274 0.999999 -0.0398117 0.108781 0.123688
FixedParameters: 0 0 0

#Transform 113
Transform: AffineTransform_float_3_3
Parameters: 1 0.000925692 0.000692903 -0.000926756 0.999999 0.00131334 -0.00069106 -0.0013133 0.999999 -0.046462 0.0991896 0.136849
FixedParameters: 0 0 0

#Transform 114
Transform: AffineTransform_float_3_3
Parameters: 1 0.000936689 0.000629358 -0.000938399 0.999998 0.00151743 -0.000627966 -0.00151765 0.999999 -0.0453651 0.0904149 0.126802
FixedParameters: 0 0 0

#Transform 115
Transform: AffineTransform_float_3_3
Parameters: 1 0.000966608 0.000742492 -0.000967935 0.999998 0.0014146 -0.000740394 -0.00141505 0.999999 -0.0465499 0.0886531 0.130605
FixedParameters: 0 0 0

#Transform 116
Transform: AffineTransform_float_3_3
Parameters: 1 0.000946872 0.000773396 -0.000948444 0.999998 0.00151671 -0.00077116 -0.0015172 0.999999 -0.0465754 0.0933025 0.125507
FixedParameters: 0 0 0

#Transform 117
Transform: AffineTransform_float_3_3
Parameters: 1 0.00087678 0.00071993 -0.000877378 0.999998 0.00152049 -0.000718471 -0.00152073 0.999999 -0.0463359 0.0988233 0.128475
FixedParameters: 0 0 0

#Transform 118
Transform: AffineTransform_float_3_3
Parameters: 1 0.000918518 0.000795626 -0.000919343 0.999998 0.00151821 -0.000794044 -0.00151864 0.999999 -0.0471086 0.112271 0.131088
FixedParameters: 0 0 0

#Transform 119
Transform: AffineTransform_float_3_3
Parameters: 1 0.000808228 0.000754366 -0.000809755 0.999998 0.00152398 -0.000752538 -0.00152422 0.999999 -0.0467877 0.119501 0.129861
FixedParameters: 0 0 0

#Transform 120
Transform: AffineTransform_float_3_3
Parameters: 1 0.000809446 0.000799837 -0.000810293 0.999998 0.0015239 -0.000798577 -0.00152417 0.999999 -0.0473065 0.117856 0.131473
FixedParameters: 0 0 0

#Transform 121
Transform: AffineTransform_float_3_3
Parameters: 1 0.000806691 0.000738043 -0.000807761 0.999999 0.0012803 -0.000736545 -0.00128145 0.999999 -0.0467353 0.0934647 0.131033
FixedParameters: 0 0 0

#Transform 122
Transform: AffineTransform_float_3_3
Parameters: 0.999999 0.000947399 0.000937608 -0.000948234 0.999999 0.00128386 -0.000936334 -0.00128427 0.999999 -0.0476477 0.106756 0.116923
FixedParameters: 0 0 0

#Transform 123
Transform: AffineTransform_float_3_3
Parameters: 1 0.00088864 0.000836035 -0.000889482 0.999998 0.00145463 -0.000834657 -0.00145509 0.999999 -0.0463385 0.109956 0.10914
FixedParameters: 0 0 0

#Transform 124
Transform: AffineTransform_float_3_3
Parameters: 1 0.000839821 0.000760706 -0.00084041 0.999999 0.00143225 -0.000759508 -0.00143251 0.999999 -0.0463016 0.0929535 0.119209
FixedParameters: 0 0 0

#Transform 125
Transform: AffineTransform_float_3_3
Parameters: 1 0.00081068 0.000749492 -0.000812104 1 0.00110249 -0.000749039 -0.00110335 0.999999 -0.0465134 0.0956307 0.124756
FixedParameters: 0 0 0

#Transform 126
Transform: AffineTransform_float_3_3
Parameters: 1 0.000766599 0.000767023 -0.000767277 0.999999 0.000975968 -0.000766096 -0.000977101 0.999999 -0.0478542 0.0948855 0.146807
FixedParameters: 0 0 0

#Transform 127
Transform: AffineTransform_float_3_3
Parameters: 1 0.00074591 0.000817686 -0.000747464 0.999999 0.00110011 -0.000817427 -0.00110132 0.999999 -0.0478489 0.0797064 0.136816
FixedParameters: 0 0 0

#Transform 128
Transform: AffineTransform_float_3_3
Parameters: 1 0.00076028 0.000812376 -0.000761241 0.999999 0.00109539 -0.000811278 -0.00109659 0.999999 -0.0472315 0.099558 0.126437
FixedParameters: 0 0 0

#Transform 129
Transform: AffineTransform_float_3_3
Parameters: 1 0.000787982 0.000794058 -0.000787831 1 0.000389533 -0.00079398 -0.000389804 1 -0.048637 0.0830461 0.157375
FixedParameters: 0 0 0

#Transform 130
Transform: AffineTransform_float_3_3
Parameters: 0.999999 0.000624013 0.000787296 -0.000624659 1 0.000380044 -0.00078689 -0.000380089 1 -0.0468239 0.111242 0.118222
FixedParameters: 0 0 0

#Transform 131
Transform: AffineTransform_float_3_3
Parameters: 1 0.000661841 0.000898392 -0.000662035 1 0.000536188 -0.000898218 -0.000536396 1 -0.0410922 0.0886547 0.13204
FixedParameters: 0 0 0

#Transform 132
Transform: AffineTransform_float_3_3
Parameters: 1 0.000662795 0.000937124 -0.000663426 0.999999 0.000747363 -0.000936668 -0.000747625 0.999999 -0.0421442 0.076423 0.116919
FixedParameters: 0 0 0

#Transform 133
Transform: AffineTransform_float_3_3
Parameters: 0.999999 0.000694268 0.00109251 -0.000695014 0.999999 0.000693466 -0.00109208 -0.000694003 0.999999 -0.0402125 0.069992 0.107026
FixedParameters: 0 0 0

#Transform 134
Transform: AffineTransform_float_3_3
Parameters: 1 0.000613589 0.000932116 -0.000614829 1 0.000638763 -0.000931297 -0.000638969 0.999999 -0.0432879 0.0961234 0.133146
FixedParameters: 0 0 0

#Transform 135
Transform: AffineTransform_float_3_3
Parameters: 0.999999 0.000723956 0.00106717 -0.000724394 0.999999 0.000565776 -0.00106689 -0.000566341 0.999999 -0.0368515 0.0527036 0.13951
FixedParameters: 0 0 0

#Transform 136
Transform: AffineTransform_float_3_3
Parameters: 1 0.000605047 0.000923361 -0.000605639 0.999999 0.000737387 -0.000923004 -0.000737525 0.999999 -0.0431659 0.0754329 0.123641
FixedParameters: 0 0 0

#Transform 137
Transform: AffineTransform_float_3_3
Parameters: 1 0.00068432 0.00092052 -0.000685339 0.999999 0.000971541 -0.000919725 -0.00097182 0.999999 -0.0480426 0.0756557 0.120977
FixedParameters: 0 0 0

#Transform 138
Transform: AffineTransform_float_3_3
Parameters: 0.999999 0.000789538 0.000810388 -0.000790388 0.999999 0.00100021 -0.000809446 -0.00100051 0.999999 -0.0361379 0.0536095 0.162577
FixedParameters: 0 0 0

#Transform 139
Transform: AffineTransform_float_3_3
Parameters: 1 0.000712203 0.000825384 -0.000713039 0.999999 0.00100177 -0.000824525 -0.0010029 0.999999 -0.0362538 0.0969359 0.0690368
FixedParameters: 0 0 0

#Transform 140
Transform: AffineTransform_float_3_3
Parameters: 0.999999 0.000684783 0.000765663 -0.000685311 0.999999 0.00084854 -0.000765139 -0.000848609 0.999999 -0.0365373 0.102269 0.0480932
FixedParameters: 0 0 0

#Transform 141
Transform: AffineTransform_float_3_3
Parameters: 1 0.000836404 0.000858182 -0.000836889 0.999999 0.000731359 -0.000857494 -0.000731814 0.999999 -0.0304518 0.0509642 0.0912388
FixedParameters: 0 0 0

#Transform 142
Transform: AffineTransform_float_3_3
Parameters: 0.999999 0.000779817 0.00103831 -0.000780799 0.999999 0.000843232 -0.00103753 -0.000843872 0.999999 -0.0276523 0.0884582 0.0284265
FixedParameters: 0 0 0

#Transform 143
Transform: AffineTransform_float_3_3
Parameters: 0.999999 0.000796603 0.00103694 -0.00079812 0.999999 0.00112625 -0.00103571 -0.00112786 0.999999 -0.029611 0.0788075 0.00034689
FixedParameters: 0 0 0

#Transform 144
Transform: AffineTransform_float_3_3
Parameters: 0.999999 0.000910137 0.0010376 -0.000911736 0.999999 0.00114178 -0.00103616 -0.00114269 0.999999 -0.0296663 0.0508009 0.0176801
FixedParameters: 0 0 0

#Transform 145
Transform: AffineTransform_float_3_3
Parameters: 0.999999 0.000811868 0.00102015 -0.000813052 0.999999 0.00095772 -0.00101912 -0.000958396 0.999999 -0.0283467 0.029392 0.0449167
FixedParameters: 0 0 0

#Transform 146
Transform: AffineTransform_float_3_3
Parameters: 0.999999 0.000834839 0.00100234 -0.000835072 0.999999 0.00090852 -0.00100193 -0.000909171 0.999999 -0.0299028 0.0551036 -0.00704328
FixedParameters: 0 0 0

#Transform 147
Transform: AffineTransform_float_3_3
Parameters: 0.999999 0.000860571 0.000997034 -0.000861486 0.999999 0.00125562 -0.00099608 -0.00125631 0.999999 -0.0267957 0.0581592 -0.0211937
FixedParameters: 0 0 0

#Transform 148
Transform: AffineTransform_float_3_3
Parameters: 0.999999 0.000894604 0.00112525 -0.000896036 0.999999 0.00134277 -0.00112406 -0.00134376 0.999999 -0.0261471 0.0358481 -0.0164687
FixedParameters: 0 0 0

#Transform 149
Transform: AffineTransform_float_3_3
Parameters: 0.999999 0.000832777 0.00108413 -0.000833878 0.999999 0.00124094 -0.00108327 -0.00124173 0.999999 -0.0249497 0.0646394 -0.0325402
FixedParameters: 0 0 0

#Transform 150
Transform: AffineTransform_float_3_3
Parameters: 0.999999 0.000827781 0.00101282 -0.000829111 0.999999 0.00106056 -0.00101164 -0.00106219 0.999999 -0.0252686 0.0655919 -0.0646472
FixedParameters: 0 0 0

#Transform 151
Transform: AffineTransform_float_3_3
Parameters: 0.999999 0.00088574 0.000985239 -0.000886934 0.999999 0.00141252 -0.000983943 -0.00141324 0.999999 -0.0247753 0.0693074 -0.0739043
FixedParameters: 0 0 0

#Transform 152
Transform: AffineTransform_float_3_3
Parameters: 0.999999 0.000822219 0.0010352 -0.000823879 0.999998 0.00156998 -0.00103383 -0.00157066 0.999998 -0.0271897 0.0679861 -0.0615799
FixedParameters: 0 0 0

#Transform 153
Transform: AffineTransform_float_3_3
Parameters: 0.999999 0.000889484 0.000987127 -0.000890925 0.999998 0.00153547 -0.000985601 -0.00153621 0.999998 -0.0270305 0.042568 -0.0332222
FixedParameters: 0 0 0

#Transform 154
Transform: AffineTransform_float_3_3
Parameters: 0.999999 0.000903065 0.00113311 -0.000904767 0.999998 0.00145245 -0.0011317 -0.00145348 0.999998 -0.0267095 0.0656481 -0.0524898
FixedParameters: 0 0 0

#Transform 155
Transform: AffineTransform_float_3_3
Parameters: 0.999999 0.000794542 0.00104457 -0.000795665 0.999999 0.00129807 -0.00104371 -0.00129871 0.999999 -0.0331946 0.0569622 -0.0511668
FixedParameters: 0 0 0

#Transform 156
Transform: AffineTransform_float_3_3
Parameters: 0.999999 0.000912124 0.00117092 -0.000913653 0.999999 0.00132443 -0.00116966 -0.0013252 0.999998 -0.0240033 0.0655264 -0.0665943
FixedParameters: 0 0 0

#Transform 157
Transform: AffineTransform_float_3_3
Parameters: 0.999999 0.000883387 0.000992333 -0.000884912 0.999999 0.00156149 -0.000990731 -0.00156188 0.999998 -0.0226249 0.0638267 -0.0599569
FixedParameters: 0 0 0

#Transform 158
Transform: AffineTransform_float_3_3
Parameters: 0.999999 0.000882769 0.00118002 -0.000884756 0.999998 0.00151553 -0.00117855 -0.00151659 0.999998 -0.0269224 0.053789 -0.00970294
FixedParameters: 0 0 0

#Transform 159
Transform: AffineTransform_float_3_3
Parameters: 1 0.000706164 0.000921148 -0.000707292 0.999999 0.00147508 -0.000920271 -0.00147536 0.999999 -0.0229565 0.121785 -0.0450747
FixedParameters: 0 0 0

#Transform 160
Transform: AffineTransform_float_3_3
Parameters: 0.999999 0.000895233 0.0012889 -0.000897674 0.999998 0.00156378 -0.0012873 -0.00156507 0.999998 -0.0279773 0.0172845 -0.00828951
FixedParameters: 0 0 0

#Transform 161
Transform: AffineTransform_float_3_3
Parameters: 0.999999 0.000685378 0.00112892 -0.000686664 0.999999 0.00152802 -0.00112722 -0.00152851 0.999998 -0.0254157 0.0615307 -0.0349774
FixedParameters: 0 0 0

#Transform 162
Transform: AffineTransform_float_3_3
Parameters: 0.999999 0.000859053 0.00133124 -0.000861496 0.999997 0.0020383 -0.0013288 -0.00203949 0.999997 -0.0284274 0.0480582 -0.00797985
FixedParameters: 0 0 0

#Transform 163
Transform: AffineTransform_float_3_3
Parameters: 0.999999 0.000727758 0.0011163 -0.000729227 0.999998 0.00199444 -0.00111446 -0.00199497 0.999997 -0.0255274 0.0524122 -0.0308794
FixedParameters: 0 0 0

#Transform 164
Transform: AffineTransform_float_3_3
Parameters: 0.999999 0.00076628 0.00108944 -0.000767638 0.999998 0.00199245 -0.00108745 -0.00199302 0.999997 -0.0257817 0.0379991 -0.020144
FixedParameters: 0 0 0

#Transform 165
Transform: AffineTransform_float_3_3
Parameters: 0.999999 0.000691695 0.00114144 -0.000693269 0.999998 0.0019963 -0.00113974 -0.00199679 0.999997 -0.0259287 0.0477995 -0.0288547
FixedParameters: 0 0 0

#Transform 166
Transform: AffineTransform_float_3_3
Parameters: 0.999999 0.000705197 0.00112698 -0.000706399 0.999998 0.00185644 -0.00112543 -0.00185693 0.999998 -0.0247965 0.0419749 -0.0484466
FixedParameters: 0 0 0

#Transform 167
Transform: AffineTransform_float_3_3
Parameters: 0.999999 0.000652242 0.00117416 -0.000655091 0.999997 0.00214281 -0.00117191 -0.00214363 0.999997 -0.0245834 0.0454671 -0.0607613
FixedParameters: 0 0 0

#Transform 168
Transform: AffineTransform_float_3_3
Parameters: 0.999999 0.000681734 0.00115303 -0.000683651 0.999997 0.00212497 -0.00115119 -0.00212545 0.999997 -0.023868 0.033705 -0.0716867
FixedParameters: 0 0 0

#Transform 169
Transform: AffineTransform_float_3_3
Parameters: 0.999999 0.000715327 0.00113784 -0.000717693 0.999997 0.00235152 -0.00113564 -0.00235205 0.999997 -0.0236635 0.051698 -0.0724375
FixedParameters: 0 0 0

#Transform 170
Transform: AffineTransform_float_3_3
Parameters: 0.999999 0.000664386 0.00116443 -0.000666309 0.999997 0.00210685 -0.0011627 -0.0021073 0.999997 -0.0263541 0.0468545 -0.0245248
FixedParameters: 0 0 0

#Transform 171
Transform: AffineTransform_float_3_3
Parameters: 0.999999 0.000671961 0.0011422 -0.000673536 0.999998 0.00163684 -0.00114039 -0.00163733 0.999998 -0.0259239 0.0368206 -0.0285521
FixedParameters: 0 0 0

#Transform 172
Transform: AffineTransform_float_3_3
Parameters: 0.999999 0.000714584 0.00112189 -0.000716673 0.999998 0.00189596 -0.00111967 -0.00189651 0.999998 -0.0255035 0.0426826 -0.0323968
FixedParameters: 0 0 0

#Transform 173
Transform: AffineTransform_float_3_3
Parameters: 0.999999 0.0006868 0.00113428 -0.0006885 0.999998 0.00170316 -0.00113233 -0.00170366 0.999997 -0.0210345 0.0548777 -0.057134
FixedParameters: 0 0 0

#Transform 174
Transform: AffineTransform_float_3_3
Parameters: 0.999999 0.000687542 0.00114253 -0.000689007 0.999998 0.00194646 -0.00114091 -0.00194694 0.999998 -0.0188044 0.077842 -0.0766485
FixedParameters: 0 0 0

#Transform 175
Transform: AffineTransform_float_3_3
Parameters: 0.999999 0.000686516 0.00108792 -0.000688896 0.999997 0.00220187 -0.00108677 -0.0022023 0.999997 -0.0193134 0.0806433 -0.0922267
FixedParameters: 0 0 0

#Transform 176
Transform: AffineTransform_float_3_3
Parameters: 0.999999 0.000759829 0.00111174 -0.000762365 0.999997 0.00248438 -0.00110913 -0.00248498 0.999996 -0.0221609 0.0762131 -0.0952895
FixedParameters: 0 0 0

#Transform 177
Transform: AffineTransform_float_3_3
Parameters: 0.999999 0.000742366 0.00105067 -0.000744483 0.999998 0.00217749 -0.00104934 -0.00217893 0.999997 -0.0213124 0.0492988 -0.0592907
FixedParameters: 0 0 0

#Transform 178
Transform: AffineTransform_float_3_3
Parameters: 0.999999 0.000712129 0.00105607 -0.00071412 0.999997 0.00208342 -0.00105498 -0.00208386 0.999997 -0.0189002 0.051019 -0.0580434
FixedParameters: 0 0 0

#Transform 179
Transform: AffineTransform_float_3_3
Parameters: 0.999999 0.000710575 0.0011265 -0.000712778 0.999998 0.00194656 -0.00112427 -0.00194745 0.999998 -0.0191961 0.0602162 -0.0578592
FixedParameters: 0 0 0

#Transform 180
Transform: AffineTransform_float_3_3
Parameters: 1 0.000656077 0.000900188 -0.000658241 0.999998 0.00208651 -0.000898756 -0.00208667 0.999997 -0.0223313 0.10223 -0.0558047
FixedParameters: 0 0 0

#Transform 181
Transform: AffineTransform_float_3_3
Parameters: 1 0.000773023 0.000945057 -0.000774794 0.999997 0.0022381 -0.000943507 -0.00223943 0.999997 -0.0233898 0.0501749 -0.0423317
FixedParameters: 0 0 0

#Transform 182
Transform: AffineTransform_float_3_3
Parameters: 0.999999 0.000789178 0.00100236 -0.000790936 0.999997 0.00207944 -0.00100095 -0.00207996 0.999997 -0.0231382 0.0631087 -0.0553348
FixedParameters: 0 0 0

#Transform 183
Transform: AffineTransform_float_3_3
Parameters: 0.999999 0.00077017 0.00109897 -0.000772306 0.999997 0.00233066 -0.00109655 -0.00233126 0.999997 -0.0231387 0.0719934 -0.0729196
FixedParameters: 0 0 0

#Transform 184
Transform: AffineTransform_float_3_3
Parameters: 0.999999 0.000778127 0.00102691 -0.000780366 0.999996 0.00254461 -0.00102412 -0.00254511 0.999996 -0.0217235 0.0727757 -0.0884184
FixedParameters: 0 0 0

#Transform 185
Transform: AffineTransform_float_3_3
Parameters: 0.999999 0.000767404 0.00110483 -0.000769806 0.999997 0.00243893 -0.00110225 -0.00243954 0.999996 -0.0225906 0.0795154 -0.085879
FixedParameters: 0 0 0

#Transform 186
Transform: AffineTransform_float_3_3
Parameters: 0.999999 0.00078395 0.00109279 -0.000786245 0.999996 0.00242439 -0.0010902 -0.00242536 0.999997 -0.0228659 0.0799991 -0.0773753
FixedParameters: 0 0 0

#Transform 187
Transform: AffineTransform_float_3_3
Parameters: 1 0.000770562 0.000948422 -0.000772864 0.999997 0.00248601 -0.000946569 -0.0024864 0.999996 -0.023651 0.0696743 -0.0361481
FixedParameters: 0 0 0

#Transform 188
Transform: AffineTransform_float_3_3
Parameters: 0.999999 0.000816208 0.00100248 -0.000818806 0.999996 0.00249956 -0.00100038 -0.00250013 0.999996 -0.0207116 0.0770166 -0.0204508
FixedParameters: 0 0 0

#Transform 189
Transform: AffineTransform_float_3_3
Parameters: 0.999999 0.000839365 0.00103219 -0.000841807 0.999997 0.00235212 -0.00103021 -0.00235279 0.999997 -0.0212496 0.0689327 -0.00220927
FixedParameters: 0 0 0
