#Insight Transform File V1.0
#Transform 0
Transform: AffineTransform_float_3_3
Parameters: 0.999999 0.00173111 -0.000778296 -0.0017302 0.999998 0.00118631 0.000780841 -0.00118547 0.999999 0.00300782 -0.0135455 -0.00680909
FixedParameters: 0 0 0

#Transform 1
Transform: AffineTransform_float_3_3
Parameters: 0.999998 0.00154537 -0.000916786 -0.00154432 0.999998 0.00112682 0.00091857 -0.001125 0.999999 0.0106422 -0.00851994 -0.0203895
FixedParameters: 0 0 0

#Transform 2
Transform: AffineTransform_float_3_3
Parameters: 0.999999 0.00136842 -0.000658345 -0.00136783 0.999998 0.00121524 0.000659975 -0.00121446 0.999999 -0.00192688 0.00253101 -0.0175393
FixedParameters: 0 0 0

#Transform 3
Transform: AffineTransform_float_3_3
Parameters: 0.999998 0.00140594 -0.000882923 -0.00140516 0.999999 0.000706654 0.000884216 -0.000705937 0.999999 0.0129218 -0.00580846 0.00357169
FixedParameters: 0 0 0

#Transform 4
Transform: AffineTransform_float_3_3
Parameters: 0.999998 0.00200195 -0.000158475 -0.00200175 0.999998 -0.000808067 0.00015624 0.000808484 1 -0.03337 0.0708446 -0.0348179
FixedParameters: 0 0 0

#Transform 5
Transform: AffineTransform_float_3_3
Parameters: 0.999999 0.00153772 4.42952e-05 -0.00153725 0.999998 -0.000914717 -4.62417e-05 0.000915201 1 -0.0441889 0.0471796 -0.0183745
FixedParameters: 0 0 0

#Transform 6
Transform: AffineTransform_float_3_3
Parameters: 0.999998 0.00149761 -0.000481168 -0.00149802 0.999999 -0.000816987 0.000479763 0.00081737 0.999999 -0.0193509 0.00101684 0.00548033
FixedParameters: 0 0 0

#Transform 7
Transform: AffineTransform_float_3_3
Parameters: 0.999999 0.0013962 -0.000177498 -0.00139643 0.999999 0.000730291 0.000178802 -0.000730181 0.999999 -0.0396743 0.0152164 -0.0270229
FixedParameters: 0 0 0

#Transform 8
Transform: AffineTransform_float_3_3
Parameters: 0.999998 0.00158621 -0.000125576 -0.00158568 0.999998 0.000566737 0.000126157 -0.000566721 0.999999 -0.0393918 0.0170543 -0.0282581
FixedParameters: 0 0 0

#Transform 9
Transform: AffineTransform_float_3_3
Parameters: 0.999999 0.00146862 8.21173e-05 -0.00146809 0.999998 -0.000908708 -8.39194e-05 0.000909088 1 -0.0468978 0.0529398 -0.013837
FixedParameters: 0 0 0

#Transform 10
Transform: AffineTransform_float_3_3
Parameters: 1 0.0011996 2.7585e-06 -0.00119999 0.999999 -0.000808516 -3.3487e-06 0.000808592 1 -0.0448168 0.0480493 -0.0031091
FixedParameters: 0 0 0

#Transform 11
Transform: AffineTransform_float_3_3
Parameters: 0.999999 0.00130282 -0.000533812 -0.0013031 0.999999 -0.000768097 0.000532811 0.000768738 0.999999 -0.00478516 0.00258954 0.0164618
FixedParameters: 0 0 0

#Transform 12
Transform: AffineTransform_float_3_3
Parameters: 1 0.00116632 -0.000155673 -0.00116608 0.999999 -0.000956626 0.000154444 0.000956239 0.999999 -0.0248723 0.0472261 -0.0083989
FixedParameters: 0 0 0

#Transform 13
Transform: AffineTransform_float_3_3
Parameters: 0.999999 0.000994524 7.94684e-07 -0.000994291 1 0.000708011 -6.9538e-07 -0.000708403 0.999999 -0.0269696 0.0183601 -0.00953691
FixedParameters: 0 0 0

#Transform 14
Transform: AffineTransform_float_3_3
Parameters: 0.999999 0.000802457 0.000109643 -0.000802812 0.999999 0.000942538 -0.000108222 -0.00094272 1 -0.0176321 -0.00388577 -0.00324634
FixedParameters: 0 0 0

#Transform 15
Transform: AffineTransform_float_3_3
Parameters: 1 0.00043788 5.28453e-05 -0.000438131 1 0.00096737 -5.20902e-05 -0.000967423 1 -0.0172024 0.0102866 -0.0182072
FixedParameters: 0 0 0

#Transform 16
Transform: AffineTransform_float_3_3
Parameters: 1 0.000255635 0.00017513 -0.000255946 0.999999 0.000889682 -0.000174674 -0.000889771 0.999999 -0.0244994 0.0273532 -0.0195098
FixedParameters: 0 0 0

#Transform 17
Transform: AffineTransform_float_3_3
Parameters: 1 0.000448783 -8.86327e-05 -0.000448937 0.999999 -0.000873797 8.78483e-05 0.000873876 0.999999 0.00617709 0.0373187 0.00370426
FixedParameters: 0 0 0

#Transform 18
Transform: AffineTransform_float_3_3
Parameters: 1 -0.000445323 0.000469886 0.00044517 0.999999 0.000663723 -0.000469609 -0.000663217 0.999999 -0.0188832 0.0269369 -0.0167901
FixedParameters: 0 0 0

#Transform 19
Transform: AffineTransform_float_3_3
Parameters: 1 -0.000499431 0.000463192 0.000499614 1 -0.000788394 -0.000463231 0.000787926 0.999999 -0.0160935 0.0480054 -0.016931
FixedParameters: 0 0 0

#Transform 20
Transform: AffineTransform_float_3_3
Parameters: 1 0.000235507 1.07023e-05 -0.000235632 1 -0.00108333 -1.13051e-05 0.00108331 1 0.00895175 0.0422979 -0.00921861
FixedParameters: 0 0 0

#Transform 21
Transform: AffineTransform_float_3_3
Parameters: 1 0.000380722 0.000279949 -0.000380274 0.999999 0.000752182 -0.000279858 -0.00075239 0.999999 -0.0247854 0.0194315 -0.0142465
FixedParameters: 0 0 0

#Transform 22
Transform: AffineTransform_float_3_3
Parameters: 1 -0.000336846 0.000468619 0.000336526 0.999999 0.000434862 -0.000468911 -0.000435082 1 -0.024242 0.0219363 0.00715295
FixedParameters: 0 0 0

#Transform 23
Transform: AffineTransform_float_3_3
Parameters: 1 -0.000143429 0.000333395 0.00014286 0.999999 0.000852024 -0.000333639 -0.000851929 0.999999 -0.0169545 0.029968 -0.0427443
FixedParameters: 0 0 0

#Transform 24
Transform: AffineTransform_float_3_3
Parameters: 1 4.89571e-05 0.00033778 -4.95267e-05 0.999999 0.000843322 -0.000337697 -0.000843355 0.999999 -0.0266926 0.0143727 -0.0254439
FixedParameters: 0 0 0

#Transform 25
Transform: AffineTransform_float_3_3
Parameters: 1 0.00036663 -0.000364166 -0.000366531 1 -0.000509142 0.00036466 0.000509497 1 0.00722334 -0.0192722 0.0203437
FixedParameters: 0 0 0

#Transform 26
Transform: AffineTransform_float_3_3
Parameters: 1 6.49197e-05 0.000103031 -6.50692e-05 0.999999 0.000725532 -0.000102937 -0.000725545 0.999999 -0.0185358 0.0239508 -0.0177892
FixedParameters: 0 0 0

#Transform 27
Transform: AffineTransform_float_3_3
Parameters: 0.999999 -0.000157733 0.000662347 0.000157349 1 0.00118777 -0.000662428 -0.00118748 0.999999 -0.0336552 -0.00659388 -0.0153898
FixedParameters: 0 0 0

#Transform 28
Transform: AffineTransform_float_3_3
Parameters: 1 -0.00026799 0.00052337 0.000268064 0.999999 0.000842382 -0.000524302 -0.000842633 0.999999 -0.0242044 -0.000272021 0.000868258
FixedParameters: 0 0 0

#Transform 29
Transform: AffineTransform_float_3_3
Parameters: 1 -0.000425721 0.00050771 0.000425842 1 -0.000119424 -0.000507608 0.000119856 1 -0.0153412 0.0267878 -0.0415376
FixedParameters: 0 0 0

#Transform 30
Transform: AffineTransform_float_3_3
Parameters: 0.999999 -0.000451872 0.000566591 0.000450774 1 0.000900805 -0.000567362 -0.000901137 0.999999 -0.0225499 0.0124788 -0.0232834
FixedParameters: 0 0 0

#Transform 31
Transform: AffineTransform_float_3_3
Parameters: 1 -0.000217949 0.000426753 0.000217846 1 0.00067185 -0.000426178 -0.000671577 0.999999 -0.0208543 0.0361269 -0.0314167
FixedParameters: 0 0 0

#Transform 32
Transform: AffineTransform_float_3_3
Parameters: 1 0.000177103 0.000264415 -0.000176997 1 -0.000201201 -0.000264486 0.000201108 1 -0.0201775 0.0333504 -0.038621
FixedParameters: 0 0 0

#Transform 33
Transform: AffineTransform_float_3_3
Parameters: 0.999999 0.000533715 0.000558667 -0.000533584 1 -0.000117584 -0.000558792 0.000116988 1 -0.0405936 0.0499533 -0.0343056
FixedParameters: 0 0 0

#Transform 34
Transform: AffineTransform_float_3_3
Parameters: 1 -0.000330013 0.000136153 0.00033025 0.999999 -0.000870848 -0.000135578 0.000870938 0.999999 0.000878487 0.0564676 -0.0100661
FixedParameters: 0 0 0

#Transform 35
Transform: AffineTransform_float_3_3
Parameters: 1 -0.000246712 0.000420803 0.000246854 1 -0.00016955 -0.000420719 0.000169757 1 -0.0162971 0.074256 -0.0422407
FixedParameters: 0 0 0

#Transform 36
Transform: AffineTransform_float_3_3
Parameters: 1 -2.82635e-05 0.000540533 2.84482e-05 1 -0.000170786 -0.000540523 0.000170816 1 -0.0264885 0.0578906 -0.0346169
FixedParameters: 0 0 0

#Transform 37
Transform: AffineTransform_float_3_3
Parameters: 1 -0.00036373 0.000516667 0.000363682 1 -0.0004078 -0.000517238 0.000408088 1 -0.0168022 0.0499914 -0.0239466
FixedParameters: 0 0 0

#Transform 38
Transform: AffineTransform_float_3_3
Parameters: 0.999999 -0.000410751 0.000828908 0.000410786 0.999999 3.19276e-05 -0.000828933 -3.17823e-05 1 -0.0349231 0.0661737 -0.0151102
FixedParameters: 0 0 0

#Transform 39
Transform: AffineTransform_float_3_3
Parameters: 1 -0.000143869 0.000694017 0.00014332 1 -0.000230098 -0.000693469 0.000230293 0.999999 -0.0288243 0.0414735 -0.00848172
FixedParameters: 0 0 0

#Transform 40
Transform: AffineTransform_float_3_3
Parameters: 1 0.000183419 0.000502349 -0.000183095 1 -0.000322154 -0.000502467 0.00032197 1 -0.0300219 0.0564034 -0.0300705
FixedParameters: 0 0 0

#Transform 41
Transform: AffineTransform_float_3_3
Parameters: 0.999999 0.000349144 0.000639502 -0.000349442 0.999999 0.000300954 -0.00063929 -0.000301936 1 -0.0446196 0.0376539 -0.0314566
FixedParameters: 0 0 0

#Transform 42
Transform: AffineTransform_float_3_3
Parameters: 0.999999 -0.000327121 0.000671321 0.00032809 0.999999 -0.00065657 -0.00067089 0.000656474 1 -0.0243397 0.0390386 -0.00867058
FixedParameters: 0 0 0

#Transform 43
Transform: AffineTransform_float_3_3
Parameters: 0.999999 -0.000319324 0.000864762 0.000318233 1 0.000858885 -0.000864399 -0.00085909 0.999999 -0.038615 0.0323403 -0.0185504
FixedParameters: 0 0 0

#Transform 44
Transform: AffineTransform_float_3_3
Parameters: 0.999999 -7.01531e-05 0.000849893 6.9825e-05 1 0.000703828 -0.000850473 -0.000703705 0.999999 -0.0477776 0.0359194 -0.018839
FixedParameters: 0 0 0

#Transform 45
Transform: AffineTransform_float_3_3
Parameters: 0.999999 -0.00016904 0.00095614 0.000169195 1 -0.000326557 -0.000956898 0.000326792 0.999999 -0.0347307 0.0522283 -0.0269124
FixedParameters: 0 0 0

#Transform 46
Transform: AffineTransform_float_3_3
Parameters: 1 -0.000311292 0.000975021 0.000309722 1 0.00085041 -0.000975548 -0.000850341 1 -0.0391998 0.035569 -0.0210823
FixedParameters: 0 0 0

#Transform 47
Transform: AffineTransform_float_3_3
Parameters: 1 0.000328643 0.000314042 -0.000328933 0.999999 -0.0011593 -0.000314415 0.00115908 1 -0.025421 0.0381271 0.0103329
FixedParameters: 0 0 0

#Transform 48
Transform: AffineTransform_float_3_3
Parameters: 1 0.000463783 0.000553142 -0.000465178 0.999999 0.000770087 -0.000553429 -0.000769852 1 -0.0473641 0.0382332 -0.0360361
FixedParameters: 0 0 0

#Transform 49
Transform: AffineTransform_float_3_3
Parameters: 1 0.000508949 0.000533752 -0.000510126 0.999999 0.000661685 -0.000533946 -0.000662317 0.999999 -0.0520031 0.0313226 -0.0169655
FixedParameters: 0 0 0

#Transform 50
Transform: AffineTransform_float_3_3
Parameters: 1 0.000922687 0.000690522 -0.000921867 0.999999 -0.000601711 -0.000691675 0.000601815 1 -0.0643112 0.0455954 -0.00926868
FixedParameters: 0 0 0

#Transform 51
Transform: AffineTransform_float_3_3
Parameters: 1 0.000703838 0.000767688 -0.000703921 0.999999 -0.00046196 -0.000767898 0.000461718 1 -0.0630445 0.0417446 -0.0295643
FixedParameters: 0 0 0

#Transform 52
Transform: AffineTransform_float_3_3
Parameters: 0.999999 0.000558401 0.000589274 -0.000558224 1 -0.00101293 -0.000590015 0.00101226 1 -0.034478 0.0306916 -0.00544552
FixedParameters: 0 0 0

#Transform 53
Transform: AffineTransform_float_3_3
Parameters: 0.999998 0.00152629 0.000370578 -0.00152552 0.999997 -0.00202608 -0.000373244 0.00202542 0.999997 -0.0689037 0.0596848 0.014974
FixedParameters: 0 0 0

#Transform 54
Transform: AffineTransform_float_3_3
Parameters: 0.999999 0.000818381 0.000411309 -0.000817125 0.999999 -0.00124138 -0.000412565 0.00124132 0.999999 -0.040946 0.0672864 -0.0168436
FixedParameters: 0 0 0

#Transform 55
Transform: AffineTransform_float_3_3
Parameters: 0.999999 0.000553373 0.000684271 -0.000553381 0.999999 -0.000681931 -0.000684678 0.000682005 1 -0.0492644 0.0899356 -0.0508626
FixedParameters: 0 0 0

#Transform 56
Transform: AffineTransform_float_3_3
Parameters: 1 0.000382003 0.000518318 -0.000380972 0.999999 -0.00160746 -0.000518288 0.00160768 0.999998 -0.0371094 0.0514902 0.00420467
FixedParameters: 0 0 0

#Transform 57
Transform: AffineTransform_float_3_3
Parameters: 0.999999 0.000429039 0.000637662 -0.000427504 0.999999 -0.00181856 -0.000638056 0.00181862 0.999998 -0.0469142 0.109255 -0.0417235
FixedParameters: 0 0 0

#Transform 58
Transform: AffineTransform_float_3_3
Parameters: 1 0.000675054 0.000991302 -0.000674377 0.999999 -0.00121831 -0.000991981 0.00121696 0.999999 -0.0575174 0.0866339 -0.0486855
FixedParameters: 0 0 0

#Transform 59
Transform: AffineTransform_float_3_3
Parameters: 1 0.000671939 0.000996295 -0.000671187 0.999999 -0.00128563 -0.000997192 0.00128512 0.999999 -0.0614041 0.0832542 -0.0514111
FixedParameters: 0 0 0

#Transform 60
Transform: AffineTransform_float_3_3
Parameters: 0.999999 0.000672372 0.00113741 -0.000670246 0.999997 -0.00217657 -0.00113912 0.00217586 0.999997 -0.0609944 0.103482 -0.0514433
FixedParameters: 0 0 0

#Transform 61
Transform: AffineTransform_float_3_3
Parameters: 0.999999 0.00064551 0.000767703 -0.000644313 0.999997 -0.0021507 -0.000769832 0.00215052 0.999998 -0.0457045 0.0352043 0.0153298
FixedParameters: 0 0 0

#Transform 62
Transform: AffineTransform_float_3_3
Parameters: 0.999999 0.000357845 0.00090177 -0.000355965 0.999998 -0.00164619 -0.000902689 0.00164637 0.999998 -0.053711 0.0935743 -0.0300144
FixedParameters: 0 0 0

#Transform 63
Transform: AffineTransform_float_3_3
Parameters: 0.999999 0.00030186 0.00094305 -0.00029953 0.999998 -0.00185368 -0.000943868 0.00185309 0.999998 -0.0585109 0.0957794 -0.0409193
FixedParameters: 0 0 0

#Transform 64
Transform: AffineTransform_float_3_3
Parameters: 0.999999 0.00032558 0.000943292 -0.000323683 0.999997 -0.00212243 -0.000944026 0.00212263 0.999997 -0.0615769 0.0884187 -0.0303725
FixedParameters: 0 0 0

#Transform 65
Transform: AffineTransform_float_3_3
Parameters: 0.999999 0.000146761 0.000943906 -0.000145319 0.999998 -0.00216958 -0.000944721 0.00216919 0.999997 -0.0485687 0.0968572 -0.0283396
FixedParameters: 0 0 0

#Transform 66
Transform: AffineTransform_float_3_3
Parameters: 0.999999 -2.3875e-05 0.00134537 2.60317e-05 0.999999 -0.00167747 -0.00134528 0.00167744 0.999997 -0.066752 0.104526 -0.048149
FixedParameters: 0 0 0

#Transform 67
Transform: AffineTransform_float_3_3
Parameters: 0.999999 4.65788e-05 0.00110532 -4.5074e-05 0.999998 -0.00227519 -0.00110522 0.00227496 0.999997 -0.0584407 0.0977604 -0.0378683
FixedParameters: 0 0 0

#Transform 68
Transform: AffineTransform_float_3_3
Parameters: 0.999999 7.03333e-05 0.00108337 -6.83614e-05 0.999998 -0.00209982 -0.00108389 0.00210039 0.999997 -0.0485155 0.0984919 -0.0451992
FixedParameters: 0 0 0

#Transform 69
Transform: AffineTransform_float_3_3
Parameters: 1 -8.6303e-05 0.0012529 8.89607e-05 0.999999 -0.00165432 -0.00125309 0.00165445 0.999998 -0.0581382 0.0939735 -0.036631
FixedParameters: 0 0 0

#Transform 70
Transform: AffineTransform_float_3_3
Parameters: 1 -0.000121568 0.00117975 0.000123788 0.999998 -0.00190291 -0.00117928 0.00190256 0.999997 -0.0550817 0.0866254 -0.0343819
FixedParameters: 0 0 0

#Transform 71
Transform: AffineTransform_float_3_3
Parameters: 0.999999 9.0439e-05 0.00107234 -8.85095e-05 0.999998 -0.0021016 -0.00107294 0.00210214 0.999997 -0.0506233 0.0784528 -0.0418936
FixedParameters: 0 0 0

#Transform 72
Transform: AffineTransform_float_3_3
Parameters: 0.999999 0.000111576 0.00155454 -0.000108206 0.999999 -0.00166292 -0.00155403 0.00166203 0.999997 -0.0694999 0.0863603 -0.0452925
FixedParameters: 0 0 0

#Transform 73
Transform: AffineTransform_float_3_3
Parameters: 1 -0.000284356 0.00128585 0.000287179 0.999997 -0.00222145 -0.00128553 0.00222146 0.999997 -0.0548779 0.0729659 -0.0205548
FixedParameters: 0 0 0

#Transform 74
Transform: AffineTransform_float_3_3
Parameters: 0.999999 -0.000102219 0.00149561 0.000105068 0.999998 -0.00171134 -0.00149525 0.00171101 0.999997 -0.0591857 0.101482 -0.0555384
FixedParameters: 0 0 0

#Transform 75
Transform: AffineTransform_float_3_3
Parameters: 0.999999 0.000240466 0.00148527 -0.000237491 0.999998 -0.00161088 -0.00148521 0.00161099 0.999997 -0.067861 0.0901722 -0.045946
FixedParameters: 0 0 0

#Transform 76
Transform: AffineTransform_float_3_3
Parameters: 0.999999 9.08106e-05 0.00108125 -8.8845e-05 0.999998 -0.00210095 -0.00108185 0.00210148 0.999997 -0.0629773 0.0801507 -0.0309183
FixedParameters: 0 0 0

#Transform 77
Transform: AffineTransform_float_3_3
Parameters: 1 0.000112567 0.00117397 -0.000109587 0.999998 -0.00163292 -0.00117399 0.00163296 0.999998 -0.0526602 0.107911 -0.0630426
FixedParameters: 0 0 0

#Transform 78
Transform: AffineTransform_float_3_3
Parameters: 1 0.000182368 0.00115526 -0.000179694 0.999998 -0.00152723 -0.00115546 0.00152711 0.999999 -0.0666818 0.0938548 -0.0499651
FixedParameters: 0 0 0

#Transform 79
Transform: AffineTransform_float_3_3
Parameters: 0.999999 3.5224e-05 0.000812631 -3.29774e-05 0.999997 -0.00242689 -0.000813458 0.00242619 0.999997 -0.0401838 0.0892985 -0.0245783
FixedParameters: 0 0 0

#Transform 80
Transform: AffineTransform_float_3_3
Parameters: 1 3.89837e-05 0.000803447 -3.79661e-05 0.999998 -0.00228549 -0.000803804 0.00228531 0.999997 -0.0352771 0.110188 -0.0429803
FixedParameters: 0 0 0

#Transform 81
Transform: AffineTransform_float_3_3
Parameters: 0.999999 -1.53626e-05 0.000799821 1.63814e-05 0.999999 -0.00161214 -0.000800383 0.00161291 0.999999 -0.0429694 0.119578 -0.0592921
FixedParameters: 0 0 0

#Transform 82
Transform: AffineTransform_float_3_3
Parameters: 0.999999 6.53646e-05 0.000764834 -6.37716e-05 0.999999 -0.00180471 -0.00076477 0.00180459 0.999998 -0.0499391 0.0991515 -0.0431338
FixedParameters: 0 0 0

#Transform 83
Transform: AffineTransform_float_3_3
Parameters: 1 0.000228487 0.000697649 -0.000226639 0.999998 -0.00226719 -0.000698476 0.00226685 0.999997 -0.0432375 0.0885579 -0.0278412
FixedParameters: 0 0 0

#Transform 84
Transform: AffineTransform_float_3_3
Parameters: 1 0.000308099 0.00112445 -0.000306098 0.999999 -0.00172897 -0.00112464 0.00172826 0.999998 -0.072798 0.106434 -0.0515922
FixedParameters: 0 0 0

#Transform 85
Transform: AffineTransform_float_3_3
Parameters: 0.999999 -7.57723e-05 0.000850481 7.75497e-05 0.999998 -0.00195601 -0.000850751 0.0019555 0.999998 -0.0413474 0.0886964 -0.0318321
FixedParameters: 0 0 0

#Transform 86
Transform: AffineTransform_float_3_3
Parameters: 1 -0.000185182 0.000679009 0.000186639 0.999998 -0.00186941 -0.000678016 0.00186911 0.999998 -0.0222846 0.109031 -0.0491933
FixedParameters: 0 0 0

#Transform 87
Transform: AffineTransform_float_3_3
Parameters: 1 4.02759e-05 0.000561553 -3.99079e-05 0.999999 -0.00178474 -0.000562267 0.00178458 0.999998 -0.0367656 0.114605 -0.0571467
FixedParameters: 0 0 0

#Transform 88
Transform: AffineTransform_float_3_3
Parameters: 1 0.000189941 0.000297637 -0.000189815 0.999997 -0.00242095 -0.000298351 0.00242081 0.999997 -0.0272503 0.0783477 -0.0120387
FixedParameters: 0 0 0

#Transform 89
Transform: AffineTransform_float_3_3
Parameters: 1 0.000123131 0.000518018 -0.000122235 0.999998 -0.00199065 -0.000518209 0.0019905 0.999998 -0.0379462 0.118806 -0.054962
FixedParameters: 0 0 0

#Transform 90
Transform: AffineTransform_float_3_3
Parameters: 1 0.000100337 0.000600972 -9.94009e-05 0.999999 -0.00175044 -0.000601025 0.0017503 0.999999 -0.0390618 0.0957712 -0.0472946
FixedParameters: 0 0 0

#Transform 91
Transform: AffineTransform_float_3_3
Parameters: 1 -4.68707e-05 0.000446207 4.75761e-05 0.999998 -0.00226718 -0.000445788 0.0022672 0.999998 -0.0317639 0.103529 -0.0449324
FixedParameters: 0 0 0

#Transform 92
Transform: AffineTransform_float_3_3
Parameters: 1 0.000127251 0.000423377 -0.000126422 0.999996 -0.00261895 -0.000423971 0.00261966 0.999997 -0.0309421 0.102529 -0.0270179
FixedParameters: 0 0 0

#Transform 93
Transform: AffineTransform_float_3_3
Parameters: 0.999999 -0.000279466 0.000962213 0.000281645 0.999998 -0.00193793 -0.000961696 0.00193783 0.999998 -0.0394059 0.115591 -0.0500685
FixedParameters: 0 0 0

#Transform 94
Transform: AffineTransform_float_3_3
Parameters: 0.999999 -0.000338174 0.000861248 0.000340714 0.999996 -0.00251325 -0.000860205 0.00251372 0.999996 -0.0236131 0.0811407 -0.0263719
FixedParameters: 0 0 0

#Transform 95
Transform: AffineTransform_float_3_3
Parameters: 1 -0.000523496 -3.72245e-05 0.000522916 0.999994 0.00337574 3.5356e-05 -0.00337565 0.999995 0.029511 -0.0477394 -0.10611
FixedParameters: 0 0 0

#Transform 96
Transform: AffineTransform_float_3_3
Parameters: 1 -0.000378555 -0.000302791 0.00037916 0.999996 0.00279446 0.000301653 -0.0027941 0.999996 0.0358222 0.066152 -0.169835
FixedParameters: 0 0 0

#Transform 97
Transform: AffineTransform_float_3_3
Parameters: 1 -0.000410189 -0.000212004 0.000410373 0.999997 0.00226249 0.000211354 -0.00226343 0.999997 0.0376206 0.100971 -0.167398
FixedParameters: 0 0 0

#Transform 98
Transform: AffineTransform_float_3_3
Parameters: 0.999999 0.00119348 -0.000699271 -0.00119097 0.999996 0.00244497 0.000701871 -0.00244441 0.999997 0.0298302 0.107589 -0.168784
FixedParameters: 0 0 0

#Transform 99
Transform: AffineTransform_float_3_3
Parameters: 0.999998 0.00148884 -0.000847657 -0.00148781 0.999998 0.00152455 0.000849674 -0.00152398 0.999998 0.0152425 0.0776522 -0.106273
FixedParameters: 0 0 0

#Transform 100
Transform: AffineTransform_float_3_3
Parameters: 0.999999 0.00141242 -0.000273437 -0.00141263 0.999999 -0.00111827 0.000271188 0.00111829 1 0.00556697 0.103787 -0.12412
FixedParameters: 0 0 0

#Transform 101
Transform: AffineTransform_float_3_3
Parameters: 0.999998 0.00194187 -0.000599933 -0.00194302 0.999998 -0.000680551 0.000598904 0.000681826 0.999999 0.0216149 -0.000208606 -0.0527372
FixedParameters: 0 0 0

#Transform 102
Transform: AffineTransform_float_3_3
Parameters: 0.999998 0.00203327 -0.000472611 -0.00203262 0.999997 0.00135523 0.000475209 -0.0013547 0.999999 0.00343155 0.0148024 -0.0829771
FixedParameters: 0 0 0

#Transform 103
Transform: AffineTransform_float_3_3
Parameters: 0.999997 0.00253233 -0.000111209 -0.00253199 0.999997 0.00025494 0.000111414 -0.000254525 1 -0.0109322 0.0197736 -0.090952
FixedParameters: 0 0 0

#Transform 104
Transform: AffineTransform_float_3_3
Parameters: 0.999998 0.00220998 -0.000479891 -0.00221048 0.999998 -0.000639544 0.000479681 0.000640398 0.999999 0.00719881 -0.00756394 -0.0442858
FixedParameters: 0 0 0

#Transform 105
Transform: AffineTransform_float_3_3
Parameters: 0.999997 0.00212737 -0.000212983 -0.00212752 0.999998 -0.00029659 0.000211987 0.000296893 0.999999 -0.00681695 0.0516812 -0.0915558
FixedParameters: 0 0 0

#Transform 106
Transform: AffineTransform_float_3_3
Parameters: 0.999997 0.00212664 0.0001287 -0.00212671 0.999998 -9.84834e-05 -0.000128986 9.81705e-05 1 -0.0262942 0.0549225 -0.0969532
FixedParameters: 0 0 0

#Transform 107
Transform: AffineTransform_float_3_3
Parameters: 0.999998 0.0020544 -4.46276e-05 -0.00205496 0.999998 -0.000710084 4.31907e-05 0.000710583 1 -0.0123958 0.0351529 -0.0665574
FixedParameters: 0 0 0

#Transform 108
Transform: AffineTransform_float_3_3
Parameters: 0.999998 0.0022127 -4.08992e-05 -0.00221267 0.999997 -0.00108451 3.85411e-05 0.0010851 0.999999 -0.0110418 0.0526285 -0.0650474
FixedParameters: 0 0 0

#Transform 109
Transform: AffineTransform_float_3_3
Parameters: 0.999998 0.00229954 6.43409e-05 -0.00229979 0.999997 -0.000746631 -6.62005e-05 0.000746656 1 -0.0146081 0.0661048 -0.099008
FixedParameters: 0 0 0

#Transform 110
Transform: AffineTransform_float_3_3
Parameters: 0.999997 0.00217023 -0.000184886 -0.00217089 0.999997 -0.000665264 0.00018348 0.000665846 1 -0.00651704 0.0672515 -0.111002
FixedParameters: 0 0 0

#Transform 111
Transform: AffineTransform_float_3_3
Parameters: 0.999998 0.00194234 -0.000530846 -0.00194353 0.999998 -0.00110812 0.000528931 0.00110921 1 0.0199836 0.0506765 -0.0861498
FixedParameters: 0 0 0

#Transform 112
Transform: AffineTransform_float_3_3
Parameters: 0.999998 0.00203705 -0.000181093 -0.00203726 0.999998 -0.00049785 0.000179331 0.000497983 0.999999 -0.0028722 0.0584262 -0.104115
FixedParameters: 0 0 0

#Transform 113
Transform: AffineTransform_float_3_3
Parameters: 0.999997 0.0021443 -0.000227367 -0.00214504 0.999997 -0.000695934 0.000225997 0.000696388 0.999999 -0.0102267 0.0473935 -0.0922577
FixedParameters: 0 0 0

#Transform 114
Transform: AffineTransform_float_3_3
Parameters: 0.999998 0.00212832 -0.000560335 -0.00212836 0.999997 -0.00134762 0.000557468 0.00134912 0.999999 0.0128459 0.0301203 -0.0499305
FixedParameters: 0 0 0

#Transform 115
Transform: AffineTransform_float_3_3
Parameters: 0.999998 0.00223984 -0.000479622 -0.00223956 0.999997 -0.000824311 0.000478067 0.000824659 0.999999 -0.000111528 0.0562128 -0.0926702
FixedParameters: 0 0 0

#Transform 116
Transform: AffineTransform_float_3_3
Parameters: 0.999998 0.00231803 -0.000304388 -0.00231915 0.999997 -0.000487363 0.000302831 0.000489009 1 -0.00936783 0.0306095 -0.078333
FixedParameters: 0 0 0

#Transform 117
Transform: AffineTransform_float_3_3
Parameters: 0.999997 0.00214455 -0.000514807 -0.00214552 0.999997 -0.00100122 0.000513038 0.00100161 0.999999 0.00976582 0.0219425 -0.0577725
FixedParameters: 0 0 0

#Transform 118
Transform: AffineTransform_float_3_3
Parameters: 0.999998 0.00228368 -0.000337617 -0.00228373 0.999997 -0.000252701 0.000336819 0.000253647 0.999999 -0.00657002 0.0512495 -0.0902805
FixedParameters: 0 0 0

#Transform 119
Transform: AffineTransform_float_3_3
Parameters: 0.999997 0.00215745 -0.000236548 -0.00215858 0.999997 -0.000486447 0.000235196 0.000486859 0.999999 -0.0105682 0.0374136 -0.0745011
FixedParameters: 0 0 0

#Transform 120
Transform: AffineTransform_float_3_3
Parameters: 0.999998 0.0020305 -0.000259316 -0.00203026 0.999998 -0.000555218 0.000258197 0.00055522 1 0.00340332 0.0572905 -0.086773
FixedParameters: 0 0 0

#Transform 121
Transform: AffineTransform_float_3_3
Parameters: 0.999998 0.00193507 -0.000188626 -0.00193481 0.999998 -0.000479604 0.000187904 0.000479819 0.999999 -0.00797159 0.0445681 -0.0828441
FixedParameters: 0 0 0

#Transform 122
Transform: AffineTransform_float_3_3
Parameters: 0.999998 0.00196969 -0.00035721 -0.00197039 0.999998 -0.000507431 0.000356828 0.000507784 1 0.00769251 0.0398717 -0.0895909
FixedParameters: 0 0 0

#Transform 123
Transform: AffineTransform_float_3_3
Parameters: 0.999998 0.00200022 -0.000322888 -0.0020003 0.999998 -6.88946e-05 0.000322877 6.95851e-05 1 -0.00503601 0.0279814 -0.0782402
FixedParameters: 0 0 0

#Transform 124
Transform: AffineTransform_float_3_3
Parameters: 0.999998 0.00200691 -0.000546756 -0.00200801 0.999998 -0.000268106 0.000546427 0.000269159 1 0.0143269 0.0217856 -0.0673833
FixedParameters: 0 0 0

#Transform 125
Transform: AffineTransform_float_3_3
Parameters: 0.999998 0.00191519 -0.000271811 -0.00191553 0.999998 0.000129717 0.000271707 -0.0001299 1 -0.00417806 0.021453 -0.0727089
FixedParameters: 0 0 0

#Transform 126
Transform: AffineTransform_float_3_3
Parameters: 0.999998 0.00186676 -0.000437246 -0.00186633 0.999998 -0.000203132 0.000437624 0.00020318 1 0.00776961 0.0137206 -0.0695999
FixedParameters: 0 0 0

#Transform 127
Transform: AffineTransform_float_3_3
Parameters: 0.999998 0.00191114 -0.000245333 -0.00191023 0.999998 -4.37522e-05 0.000244952 4.35565e-05 1 -0.00635897 0.0237172 -0.0794594
FixedParameters: 0 0 0

#Transform 128
Transform: AffineTransform_float_3_3
Parameters: 0.999997 0.0023143 -0.000335291 -0.00231411 0.999997 -0.00107297 0.000332325 0.00107409 0.999999 -0.00979423 0.0479227 -0.0672348
FixedParameters: 0 0 0

#Transform 129
Transform: AffineTransform_float_3_3
Parameters: 0.999998 0.00211265 -0.00056725 -0.00211262 0.999997 -0.000920236 0.000565498 0.000920832 0.999999 0.000420528 0.067813 -0.0928822
FixedParameters: 0 0 0

#Transform 130
Transform: AffineTransform_float_3_3
Parameters: 0.999998 0.00175272 -0.000614414 -0.00175419 0.999998 -0.00123663 0.000612425 0.00123865 0.999999 0.0171203 0.0592472 -0.086894
FixedParameters: 0 0 0

#Transform 131
Transform: AffineTransform_float_3_3
Parameters: 0.999999 0.00162805 -0.00072121 -0.00162883 0.999999 -0.000908938 0.000719383 0.000910235 0.999999 0.0185759 0.0646393 -0.0891488
FixedParameters: 0 0 0

#Transform 132
Transform: AffineTransform_float_3_3
Parameters: 0.999998 0.00176376 -0.000825241 -0.00176585 0.999998 -0.00130705 0.000823019 0.00130845 0.999999 0.0246197 0.0582079 -0.0708093
FixedParameters: 0 0 0

#Transform 133
Transform: AffineTransform_float_3_3
Parameters: 0.999998 0.00189989 -0.000762958 -0.00190124 0.999998 -0.000924886 0.000761968 0.000925975 0.999999 0.0308265 0.0792378 -0.090376
FixedParameters: 0 0 0

#Transform 134
Transform: AffineTransform_float_3_3
Parameters: 0.999998 0.00171868 -0.000851026 -0.00172009 0.999997 -0.00166018 0.000848095 0.00166168 0.999998 0.0248835 0.0675163 -0.0563277
FixedParameters: 0 0 0

#Transform 135
Transform: AffineTransform_float_3_3
Parameters: 0.999997 0.00200426 -0.000757456 -0.00200475 0.999998 -0.000929214 0.000755774 0.000930442 0.999999 0.0235959 0.0654441 -0.0913758
FixedParameters: 0 0 0

#Transform 136
Transform: AffineTransform_float_3_3
Parameters: 0.999998 0.00188021 -0.000977985 -0.00188197 0.999997 -0.00165922 0.000974655 0.00166064 0.999998 0.0379758 0.0590909 -0.0659259
FixedParameters: 0 0 0

#Transform 137
Transform: AffineTransform_float_3_3
Parameters: 0.999997 0.00179338 -0.00113586 -0.001795 0.999998 -0.00112844 0.00113372 0.00113101 0.999999 0.0501735 0.0523735 -0.0796836
FixedParameters: 0 0 0

#Transform 138
Transform: AffineTransform_float_3_3
Parameters: 0.999998 0.00167639 -0.0011683 -0.00167723 0.999998 -0.00137318 0.00116599 0.00137515 0.999999 0.0539931 0.0427639 -0.0604109
FixedParameters: 0 0 0

#Transform 139
Transform: AffineTransform_float_3_3
Parameters: 0.999997 0.0017172 -0.0011522 -0.00171868 0.999998 -0.00129558 0.00115053 0.00129759 0.999999 0.0467762 0.0629505 -0.0805653
FixedParameters: 0 0 0

#Transform 140
Transform: AffineTransform_float_3_3
Parameters: 0.999998 0.00168636 -0.00116694 -0.00168861 0.999997 -0.00156654 0.00116443 0.00156906 0.999998 0.0503944 0.0507898 -0.0588158
FixedParameters: 0 0 0

#Transform 141
Transform: AffineTransform_float_3_3
Parameters: 0.999998 0.00181219 -0.00115724 -0.00181283 0.999998 -0.0011597 0.00115455 0.00116186 0.999999 0.04471 0.055557 -0.0809833
FixedParameters: 0 0 0

#Transform 142
Transform: AffineTransform_float_3_3
Parameters: 0.999998 0.00172977 -0.00126355 -0.00173122 0.999997 -0.00138263 0.00126028 0.00138497 0.999998 0.0507788 0.0290679 -0.0602277
FixedParameters: 0 0 0

#Transform 143
Transform: AffineTransform_float_3_3
Parameters: 0.999998 0.0018502 -0.00119608 -0.00185158 0.999997 -0.00126568 0.00119426 0.00126816 0.999999 0.0407279 0.0597397 -0.0815062
FixedParameters: 0 0 0

#Transform 144
Transform: AffineTransform_float_3_3
Parameters: 0.999996 0.00231126 -0.00153662 -0.00231354 0.999996 -0.00142969 0.00153392 0.00143326 0.999998 0.0579402 0.00275282 -0.0241582
FixedParameters: 0 0 0

#Transform 145
Transform: AffineTransform_float_3_3
Parameters: 0.999996 0.00232342 -0.00141339 -0.00232541 0.999997 -0.00142147 0.0014107 0.00142504 0.999998 0.0487053 0.0271451 -0.0571181
FixedParameters: 0 0 0

#Transform 146
Transform: AffineTransform_float_3_3
Parameters: 0.999999 0.00141857 -0.0011014 -0.00141874 0.999999 -0.000964305 0.00110018 0.000965936 0.999998 0.0471174 0.0831938 -0.102785
FixedParameters: 0 0 0

#Transform 147
Transform: AffineTransform_float_3_3
Parameters: 0.999997 0.00206451 -0.0010042 -0.00206337 0.999997 0.00127392 0.00100702 -0.00127171 0.999999 0.0237268 0.0081005 -0.0508001
FixedParameters: 0 0 0

#Transform 148
Transform: AffineTransform_float_3_3
Parameters: 0.999997 0.00191747 -0.00133803 -0.00191786 0.999998 -0.000761598 0.00133589 0.000763774 0.999999 0.0476311 -0.0192637 -0.0061471
FixedParameters: 0 0 0

#Transform 149
Transform: AffineTransform_float_3_3
Parameters: 0.999997 0.00158724 -0.00139357 -0.0015882 0.999998 -0.000596812 0.00139281 0.000599115 0.999999 0.0442897 -0.0104393 -0.0154607
FixedParameters: 0 0 0

#Transform 150
Transform: AffineTransform_float_3_3
Parameters: 0.999998 0.0016363 -0.00101916 -0.00163684 0.999999 -0.000338801 0.00101832 0.000340463 0.999999 0.0426963 0.000537529 -0.0369259
FixedParameters: 0 0 0

#Transform 151
Transform: AffineTransform_float_3_3
Parameters: 0.999999 0.00146861 -0.000885676 -0.00146923 0.999999 -0.000697731 0.000884761 0.000698747 0.999999 0.04133 -0.016806 -0.025964
FixedParameters: 0 0 0

#Transform 152
Transform: AffineTransform_float_3_3
Parameters: 0.999999 0.00140978 -0.000934511 -0.00140968 0.999999 -0.000790737 0.000932937 0.000791253 0.999999 0.0434502 -0.0251381 -0.026358
FixedParameters: 0 0 0

#Transform 153
Transform: AffineTransform_float_3_3
Parameters: 0.999999 0.00162189 -0.000753943 -0.00162223 0.999999 -0.000318599 0.000753177 0.000319371 1 0.0304733 -0.0229175 -0.0264418
FixedParameters: 0 0 0

#Transform 154
Transform: AffineTransform_float_3_3
Parameters: 0.999999 0.00140788 -0.000836677 -0.0014087 0.999999 -0.00109545 0.00083546 0.00109714 0.999999 0.0359466 -0.0241595 0.00710618
FixedParameters: 0 0 0

#Transform 155
Transform: AffineTransform_float_3_3
Parameters: 0.999999 0.00149799 -0.000939408 -0.00149879 0.999998 -0.000797164 0.000938156 0.000797857 0.999999 0.0427889 0.00429326 -0.0357323
FixedParameters: 0 0 0

#Transform 156
Transform: AffineTransform_float_3_3
Parameters: 0.999998 0.00143453 -0.000813103 -0.0014335 0.999999 0.00092432 0.000815061 -0.000923752 0.999999 0.0272779 -0.0154822 -0.0165963
FixedParameters: 0 0 0

#Transform 157
Transform: AffineTransform_float_3_3
Parameters: 0.999998 0.00146935 -0.000772325 -0.00146896 0.999999 0.000912081 0.000773309 -0.000910829 1 0.0319133 -0.0348215 0.00134934
FixedParameters: 0 0 0

#Transform 158
Transform: AffineTransform_float_3_3
Parameters: 0.999998 0.00135584 -0.00101518 -0.00135499 0.999999 0.000918408 0.00101597 -0.000916674 0.999999 0.0404316 -0.0369998 -0.00794746
FixedParameters: 0 0 0

#Transform 159
Transform: AffineTransform_float_3_3
Parameters: 0.999999 0.00139953 -0.000721362 -0.00139896 0.999999 0.00110175 0.00072275 -0.00110074 0.999999 0.0286985 -0.0309513 -0.0020067
FixedParameters: 0 0 0

#Transform 160
Transform: AffineTransform_float_3_3
Parameters: 0.999999 0.00127051 -0.000948976 -0.00127043 0.999999 0.000991641 0.000950284 -0.000990788 1 0.0366561 -0.0424407 0.00738753
FixedParameters: 0 0 0

#Transform 161
Transform: AffineTransform_float_3_3
Parameters: 0.999998 0.0013169 -0.00103945 -0.00131586 0.999999 0.000989663 0.00104036 -0.000987944 0.999999 0.0440913 -0.0164433 -0.0165606
FixedParameters: 0 0 0

#Transform 162
Transform: AffineTransform_float_3_3
Parameters: 0.999998 0.00127939 -0.00134246 -0.00127889 0.999999 0.000855713 0.00134343 -0.000853836 0.999999 0.0620467 -0.0379747 0.00234804
FixedParameters: 0 0 0

#Transform 163
Transform: AffineTransform_float_3_3
Parameters: 0.999998 0.00134438 -0.00119372 -0.00134337 0.999998 0.00117898 0.00119568 -0.00117733 0.999999 0.0458129 -0.0335227 -0.00615513
FixedParameters: 0 0 0

#Transform 164
Transform: AffineTransform_float_3_3
Parameters: 0.999998 0.00119087 -0.00126413 -0.00119057 0.999999 0.000831391 0.0012649 -0.000829938 0.999999 0.0573629 -0.0485219 0.00887046
FixedParameters: 0 0 0

#Transform 165
Transform: AffineTransform_float_3_3
Parameters: 0.999998 0.00122354 -0.00122275 -0.0012217 0.999999 0.00116707 0.00122391 -0.00116509 0.999998 0.06265 -0.0400692 -0.00584484
FixedParameters: 0 0 0

#Transform 166
Transform: AffineTransform_float_3_3
Parameters: 0.999998 0.00128307 -0.00128375 -0.00128163 0.999999 0.000923174 0.00128442 -0.000921435 0.999999 0.0631363 -0.0597098 0.0153545
FixedParameters: 0 0 0

#Transform 167
Transform: AffineTransform_float_3_3
Parameters: 0.999999 0.00130101 -0.00136283 -0.00129838 0.999998 0.00125181 0.00136448 -0.00124981 0.999998 0.0572207 -0.0422342 -0.00748114
FixedParameters: 0 0 0

#Transform 168
Transform: AffineTransform_float_3_3
Parameters: 0.999998 0.00142434 -0.0012889 -0.00142236 0.999998 0.00110689 0.00129045 -0.00110423 0.999998 0.0603038 -0.0502838 0.00208097
FixedParameters: 0 0 0

#Transform 169
Transform: AffineTransform_float_3_3
Parameters: 0.999998 0.00140125 -0.00145328 -0.00140017 0.999998 0.000940392 0.0014548 -0.000937871 0.999999 0.0743247 -0.0601074 0.0139303
FixedParameters: 0 0 0

#Transform 170
Transform: AffineTransform_float_3_3
Parameters: 0.999998 0.00122141 -0.00143642 -0.00121943 0.999998 0.00152898 0.00143798 -0.00152712 0.999998 0.0692332 -0.0357374 -0.00792264
FixedParameters: 0 0 0

#Transform 171
Transform: AffineTransform_float_3_3
Parameters: 0.999998 0.00118636 -0.00138518 -0.00118432 0.999999 0.00107464 0.00138603 -0.00107291 0.999998 0.0688019 -0.0556261 0.0153012
FixedParameters: 0 0 0

#Transform 172
Transform: AffineTransform_float_3_3
Parameters: 0.999998 0.00114147 -0.00137059 -0.00113931 0.999998 0.00166597 0.00137221 -0.00166449 0.999998 0.0670815 -0.0516711 -0.0151499
FixedParameters: 0 0 0

#Transform 173
Transform: AffineTransform_float_3_3
Parameters: 0.999998 0.0012029 -0.00123829 -0.00120154 0.999999 0.00156031 0.00123986 -0.00155845 0.999998 0.0630567 -0.0641217 0.00639718
FixedParameters: 0 0 0

#Transform 174
Transform: AffineTransform_float_3_3
Parameters: 0.999999 0.00123626 -0.00148044 -0.00123396 0.999998 0.00154111 0.00148216 -0.0015391 0.999998 0.069542 -0.0658865 0.0182112
FixedParameters: 0 0 0

#Transform 175
Transform: AffineTransform_float_3_3
Parameters: 0.999998 0.00161519 -0.00135044 -0.00161445 0.999998 0.00108643 0.001352 -0.00108455 0.999999 0.0647164 -0.0846425 0.0402003
FixedParameters: 0 0 0

#Transform 176
Transform: AffineTransform_float_3_3
Parameters: 0.999998 0.00150591 -0.00153985 -0.00150369 0.999998 0.00145729 0.00154215 -0.0014543 0.999998 0.0609606 -0.0469303 -0.0109563
FixedParameters: 0 0 0

#Transform 177
Transform: AffineTransform_float_3_3
Parameters: 0.999998 0.0015727 -0.00138867 -0.00157038 0.999997 0.00187832 0.00139166 -0.00187599 0.999997 0.0591147 -0.0472683 -0.0049076
FixedParameters: 0 0 0

#Transform 178
Transform: AffineTransform_float_3_3
Parameters: 0.999997 0.00176921 -0.00165168 -0.00176636 0.999996 0.00185734 0.00165446 -0.00185416 0.999997 0.0641732 -0.067958 0.00418724
FixedParameters: 0 0 0

#Transform 179
Transform: AffineTransform_float_3_3
Parameters: 0.999997 0.0018707 -0.0017693 -0.00186587 0.999995 0.00261965 0.00177352 -0.00261672 0.999995 0.0606845 -0.09437 0.0215361
FixedParameters: 0 0 0

#Transform 180
Transform: AffineTransform_float_3_3
Parameters: 0.999997 0.00166114 -0.00162776 -0.00165679 0.999995 0.00238697 0.00163181 -0.00238424 0.999995 0.0535621 -0.0803567 0.0123071
FixedParameters: 0 0 0

#Transform 181
Transform: AffineTransform_float_3_3
Parameters: 0.999997 0.00160214 -0.00179056 -0.00159831 0.999997 0.00185466 0.00179359 -0.0018515 0.999996 0.0732866 -0.083453 0.0251779
FixedParameters: 0 0 0

#Transform 182
Transform: AffineTransform_float_3_3
Parameters: 0.999997 0.00156045 -0.00171053 -0.00155717 0.999997 0.00175525 0.00171309 -0.00175303 0.999997 0.0712023 -0.0443319 -0.00188257
FixedParameters: 0 0 0

#Transform 183
Transform: AffineTransform_float_3_3
Parameters: 0.999998 0.00145679 -0.00189973 -0.0014536 0.999997 0.00174592 0.00190248 -0.00174349 0.999997 0.0782144 -0.0809206 0.0141522
FixedParameters: 0 0 0

#Transform 184
Transform: AffineTransform_float_3_3
Parameters: 0.999997 0.00148487 -0.00186554 -0.00148164 0.999997 0.00185436 0.00186861 -0.0018514 0.999996 0.0769521 -0.0655053 0.0010867
FixedParameters: 0 0 0

#Transform 185
Transform: AffineTransform_float_3_3
Parameters: 0.999997 0.00164822 -0.00168093 -0.00164514 0.999997 0.00175325 0.00168379 -0.00175028 0.999997 0.0703739 -0.0777903 0.0229149
FixedParameters: 0 0 0

#Transform 186
Transform: AffineTransform_float_3_3
Parameters: 0.999997 0.00171371 -0.00196284 -0.00171116 0.999997 0.00167129 0.00196536 -0.00166723 0.999996 0.072105 -0.0948543 0.0234552
FixedParameters: 0 0 0

#Transform 187
Transform: AffineTransform_float_3_3
Parameters: 0.999997 0.0016702 -0.0016046 -0.00166609 0.999996 0.00234711 0.00160856 -0.00234442 0.999996 0.053764 -0.0806006 0.0259076
FixedParameters: 0 0 0

#Transform 188
Transform: AffineTransform_float_3_3
Parameters: 0.999997 0.00164594 -0.00156745 -0.00164289 0.999996 0.00184224 0.0015706 -0.0018402 0.999997 0.0615794 -0.097484 0.0610181
FixedParameters: 0 0 0

#Transform 189
Transform: AffineTransform_float_3_3
Parameters: 0.999997 0.00185754 -0.00168255 -0.00185438 0.999996 0.00172865 0.00168614 -0.00172497 0.999997 0.0577582 -0.0700301 0.020202
FixedParameters: 0 0 0
