#Insight Transform File V1.0
#Transform 0
Transform: AffineTransform_float_3_3
Parameters: 0.999999 0.00134031 -0.00053482 -0.00133883 0.999997 0.00224156 0.000537596 -0.00224124 0.999998 -0.0216513 -0.067282 0.0584437
FixedParameters: 0 0 0

#Transform 1
Transform: AffineTransform_float_3_3
Parameters: 0.999999 0.00143071 -0.000766104 -0.00142976 0.999998 0.00163161 0.00076825 -0.00163137 0.999998 -0.0178387 -0.0710688 0.064039
FixedParameters: 0 0 0

#Transform 2
Transform: AffineTransform_float_3_3
Parameters: 0.999999 0.00132406 -0.000688021 -0.00132287 0.999997 0.00205427 0.000690803 -0.00205356 0.999997 -0.0231028 -0.0547634 0.037816
FixedParameters: 0 0 0

#Transform 3
Transform: AffineTransform_float_3_3
Parameters: 0.999999 0.00139874 -0.000436119 -0.00139731 0.999997 0.00196911 0.000439356 -0.00196891 0.999998 -0.0332815 -0.0331894 0.0300129
FixedParameters: 0 0 0

#Transform 4
Transform: AffineTransform_float_3_3
Parameters: 0.999999 0.00140679 -0.000694761 -0.00140594 0.999998 0.0013453 0.00069685 -0.00134436 0.999999 -0.0137013 -0.0560901 0.0582165
FixedParameters: 0 0 0

#Transform 5
Transform: AffineTransform_float_3_3
Parameters: 0.999999 0.00127883 -0.000130714 -0.0012787 0.999997 0.00222629 0.000134003 -0.00222561 0.999997 -0.0427264 -0.0473258 0.0180276
FixedParameters: 0 0 0

#Transform 6
Transform: AffineTransform_float_3_3
Parameters: 1 0.00127037 1.98113e-05 -0.00127082 0.999996 0.0022772 -1.6427e-05 -0.00227743 0.999998 -0.0510388 -0.062009 0.0353753
FixedParameters: 0 0 0

#Transform 7
Transform: AffineTransform_float_3_3
Parameters: 0.999999 0.00149246 -0.000405342 -0.00149187 0.999999 0.00101921 0.000406205 -0.00101848 1 -0.0264745 -0.0628484 0.0636067
FixedParameters: 0 0 0

#Transform 8
Transform: AffineTransform_float_3_3
Parameters: 1 0.00121861 -0.000335362 -0.00121879 0.999999 0.00138333 0.000337038 -0.00138299 0.999999 -0.0308153 -0.0291683 0.0344671
FixedParameters: 0 0 0

#Transform 9
Transform: AffineTransform_float_3_3
Parameters: 0.999999 0.00123766 -0.000247687 -0.00123759 0.999999 0.00140803 0.000250345 -0.00140781 0.999999 -0.0369624 -0.0287047 0.0261477
FixedParameters: 0 0 0

#Transform 10
Transform: AffineTransform_float_3_3
Parameters: 1 0.00117517 -0.000129949 -0.00117537 0.999999 0.00102882 0.000131499 -0.0010286 1 -0.0443876 -0.0273632 0.0224062
FixedParameters: 0 0 0

#Transform 11
Transform: AffineTransform_float_3_3
Parameters: 1 0.00119162 0.000221662 -0.00119166 0.999999 -0.000988896 -0.00022267 0.000988986 1 -0.0597632 0.0134917 0.0364918
FixedParameters: 0 0 0

#Transform 12
Transform: AffineTransform_float_3_3
Parameters: 0.999999 0.00128771 0.00018114 -0.00128775 0.999998 -0.00124633 -0.000183001 0.00124648 0.999999 -0.05529 0.00778313 0.0399609
FixedParameters: 0 0 0

#Transform 13
Transform: AffineTransform_float_3_3
Parameters: 0.999999 0.00120881 -0.000278717 -0.00120965 0.999998 -0.000929611 0.000277953 0.000929531 0.999999 -0.0278034 -0.0411751 0.0559268
FixedParameters: 0 0 0

#Transform 14
Transform: AffineTransform_float_3_3
Parameters: 1 0.000909096 -0.000152048 -0.000909655 0.999999 -0.000769812 0.000152133 0.000769336 1 -0.0178349 0.00476773 0.0311312
FixedParameters: 0 0 0

#Transform 15
Transform: AffineTransform_float_3_3
Parameters: 0.999999 0.000747225 -1.5412e-05 -0.000747303 1 0.000292095 1.5847e-05 -0.000291536 0.999999 -0.0271036 -0.0182892 0.0488037
FixedParameters: 0 0 0

#Transform 16
Transform: AffineTransform_float_3_3
Parameters: 0.999999 0.000681597 -8.25031e-05 -0.000681349 1 -0.000890567 8.21998e-05 0.000889924 0.999999 -0.0216918 -0.0131786 0.0447507
FixedParameters: 0 0 0

#Transform 17
Transform: AffineTransform_float_3_3
Parameters: 0.999999 0.000817478 9.15956e-05 -0.000817487 0.999999 4.70724e-05 -9.15185e-05 -4.72221e-05 1 -0.0297958 -0.0105014 0.0405426
FixedParameters: 0 0 0

#Transform 18
Transform: AffineTransform_float_3_3
Parameters: 0.999999 0.000905731 0.000355715 -0.00090624 0.999999 -0.0005056 -0.000356149 0.000504951 1 -0.0457443 -0.0170412 0.0252009
FixedParameters: 0 0 0

#Transform 19
Transform: AffineTransform_float_3_3
Parameters: 0.999999 0.000813141 -0.000170698 -0.000813954 0.999999 -0.000991624 0.000170477 0.000991141 0.999999 -0.0150266 -0.0259502 0.0276373
FixedParameters: 0 0 0

#Transform 20
Transform: AffineTransform_float_3_3
Parameters: 1 0.000544494 -2.91622e-06 -0.000544028 0.999999 -0.000877826 2.82875e-06 0.000877917 0.999999 -0.00480565 0.00242558 -0.0010628
FixedParameters: 0 0 0

#Transform 21
Transform: AffineTransform_float_3_3
Parameters: 1 5.55511e-05 -0.000123471 -5.59779e-05 1 -0.00112422 0.000123253 0.00112422 1 0.00791795 -0.00258682 0.0117328
FixedParameters: 0 0 0

#Transform 22
Transform: AffineTransform_float_3_3
Parameters: 1 7.29517e-05 -4.23455e-05 -7.2753e-05 0.999999 -0.00143211 4.29125e-05 0.0014322 0.999999 0.0151567 0.000433848 0.000691092
FixedParameters: 0 0 0

#Transform 23
Transform: AffineTransform_float_3_3
Parameters: 1 -0.000535173 -4.31189e-05 0.00053568 0.999999 -0.00142325 4.40679e-05 0.00142373 0.999999 0.0268214 0.0294511 -0.0015917
FixedParameters: 0 0 0

#Transform 24
Transform: AffineTransform_float_3_3
Parameters: 1 -0.000446149 -9.97662e-05 0.00044568 0.999998 -0.00159311 0.000101095 0.00159302 0.999998 0.0277682 0.00403407 0.022643
FixedParameters: 0 0 0

#Transform 25
Transform: AffineTransform_float_3_3
Parameters: 1 -0.000584305 -9.10491e-05 0.000583935 0.999999 -0.00120354 9.23627e-05 0.00120343 1 0.0380967 0.0150597 0.0131467
FixedParameters: 0 0 0

#Transform 26
Transform: AffineTransform_float_3_3
Parameters: 1 -0.000299931 -8.73814e-05 0.000299318 0.999999 -0.0017887 8.82685e-05 0.00178863 0.999999 0.0285217 -0.00926316 0.0322627
FixedParameters: 0 0 0

#Transform 27
Transform: AffineTransform_float_3_3
Parameters: 1 0.000140939 -0.000218603 -0.000140524 0.999998 -0.00177175 0.000218398 0.00177189 0.999998 0.0100237 0.042843 0.000730788
FixedParameters: 0 0 0

#Transform 28
Transform: AffineTransform_float_3_3
Parameters: 1 0.000390314 -3.37081e-05 -0.000390069 1 -0.00112696 3.36044e-05 0.00112706 1 -0.00263844 0.0463862 -0.0116871
FixedParameters: 0 0 0

#Transform 29
Transform: AffineTransform_float_3_3
Parameters: 1 0.0003534 0.000128638 -0.000352806 1 -0.00106187 -0.000128612 0.00106186 1 -0.0198698 0.0405689 -0.0122562
FixedParameters: 0 0 0

#Transform 30
Transform: AffineTransform_float_3_3
Parameters: 1 0.000415386 -0.000206803 -0.000416141 0.999999 -0.00146838 0.000205489 0.00146855 0.999999 0.00332181 0.0105063 0.0137093
FixedParameters: 0 0 0

#Transform 31
Transform: AffineTransform_float_3_3
Parameters: 1 0.000452508 7.31455e-05 -0.000452035 1 -0.00104554 -7.33155e-05 0.00104556 1 -0.00983852 0.0422304 -0.0228893
FixedParameters: 0 0 0

#Transform 32
Transform: AffineTransform_float_3_3
Parameters: 1 0.000528072 -9.54307e-05 -0.000528047 0.999998 -0.00155759 9.45614e-05 0.00155777 0.999999 0.00262235 0.023534 0.00844496
FixedParameters: 0 0 0

#Transform 33
Transform: AffineTransform_float_3_3
Parameters: 1 0.000127721 -8.6221e-05 -0.000126814 0.999998 -0.00164171 8.60969e-05 0.00164181 0.999998 0.00543403 0.0458711 -0.0159834
FixedParameters: 0 0 0

#Transform 34
Transform: AffineTransform_float_3_3
Parameters: 1 0.000220494 0.000217376 -0.000219577 0.999999 -0.00137226 -0.000217204 0.00137224 0.999999 -0.00949697 0.0556454 -0.026076
FixedParameters: 0 0 0

#Transform 35
Transform: AffineTransform_float_3_3
Parameters: 1 9.13639e-05 4.53492e-05 -9.10327e-05 0.999999 -0.0017697 -4.49886e-05 0.00176977 0.999999 0.00290612 0.0553379 -0.0127498
FixedParameters: 0 0 0

#Transform 36
Transform: AffineTransform_float_3_3
Parameters: 1 -2.39004e-05 0.000132405 2.41973e-05 0.999998 -0.00168552 -0.000132416 0.00168552 0.999998 0.011673 0.0569578 -0.0212707
FixedParameters: 0 0 0

#Transform 37
Transform: AffineTransform_float_3_3
Parameters: 1 0.000132588 0.000286706 -0.000132728 0.999999 -0.00179167 -0.000286884 0.00179157 0.999999 -0.0033997 0.0580259 -0.0240361
FixedParameters: 0 0 0

#Transform 38
Transform: AffineTransform_float_3_3
Parameters: 1 0.000107627 7.09465e-06 -0.000107895 0.999998 -0.00210164 -7.73235e-06 0.00210162 0.999998 0.0110206 0.0587675 -0.0239211
FixedParameters: 0 0 0

#Transform 39
Transform: AffineTransform_float_3_3
Parameters: 0.999999 0.00130586 0.000827877 -0.00130293 0.999995 -0.00290174 -0.000831766 0.00290033 0.999996 -0.0476032 0.110407 -0.0769931
FixedParameters: 0 0 0

#Transform 40
Transform: AffineTransform_float_3_3
Parameters: 0.999997 0.00226921 0.000944986 -0.00226549 0.999992 -0.0031368 -0.000951868 0.00313459 0.999994 -0.0536919 0.0650828 -0.0477461
FixedParameters: 0 0 0

#Transform 41
Transform: AffineTransform_float_3_3
Parameters: 0.999997 0.00227958 0.000447561 -0.00227844 0.999992 -0.0033863 -0.000454703 0.00338474 0.999994 -0.0408848 0.0262375 0.0110181
FixedParameters: 0 0 0

#Transform 42
Transform: AffineTransform_float_3_3
Parameters: 0.999996 0.00279254 0.000390874 -0.00279169 0.999993 -0.00243778 -0.000397265 0.00243601 0.999997 -0.0662354 -0.0156584 0.0494214
FixedParameters: 0 0 0

#Transform 43
Transform: AffineTransform_float_3_3
Parameters: 0.999998 0.00225831 0.000227919 -0.00225836 0.999995 -0.00236651 -0.000233607 0.00236573 0.999997 -0.0605086 -0.00137322 0.0510282
FixedParameters: 0 0 0

#Transform 44
Transform: AffineTransform_float_3_3
Parameters: 0.999998 0.00216061 0.000570382 -0.00215909 0.999994 -0.00280178 -0.000576404 0.00280132 0.999996 -0.0773713 0.0250246 0.0388106
FixedParameters: 0 0 0

#Transform 45
Transform: AffineTransform_float_3_3
Parameters: 0.999998 0.00192122 0.000655648 -0.00191989 0.999994 -0.0025783 -0.000660336 0.00257717 0.999996 -0.0753192 0.0481586 0.0202718
FixedParameters: 0 0 0

#Transform 46
Transform: AffineTransform_float_3_3
Parameters: 0.999998 0.00175305 0.000806764 -0.00175058 0.999993 -0.00323581 -0.00081172 0.00323444 0.999994 -0.0792988 0.037392 0.0356228
FixedParameters: 0 0 0

#Transform 47
Transform: AffineTransform_float_3_3
Parameters: 0.999998 0.00161497 0.0010607 -0.00161176 0.999995 -0.00273938 -0.00106532 0.00273809 0.999995 -0.081812 0.0576446 0.0112483
FixedParameters: 0 0 0

#Transform 48
Transform: AffineTransform_float_3_3
Parameters: 0.999999 0.00158599 0.000900044 -0.00158276 0.999994 -0.00306001 -0.000904753 0.00305937 0.999995 -0.0711806 0.0477226 0.0073469
FixedParameters: 0 0 0

#Transform 49
Transform: AffineTransform_float_3_3
Parameters: 0.999998 0.00146842 0.000626757 -0.00146642 0.999992 -0.00363397 -0.000632576 0.00363295 0.999993 -0.0509621 0.0571806 0.00708802
FixedParameters: 0 0 0

#Transform 50
Transform: AffineTransform_float_3_3
Parameters: 0.999999 0.00118502 0.000906001 -0.00118139 0.999995 -0.00303578 -0.000909504 0.00303439 0.999995 -0.0598674 0.0682735 -0.00268567
FixedParameters: 0 0 0

#Transform 51
Transform: AffineTransform_float_3_3
Parameters: 0.999998 0.00108641 0.0012737 -0.00108241 0.999995 -0.00325944 -0.00127722 0.00325816 0.999994 -0.0728841 0.0553927 0.0104608
FixedParameters: 0 0 0

#Transform 52
Transform: AffineTransform_float_3_3
Parameters: 0.999999 0.000841975 0.0012486 -0.000837823 0.999993 -0.00359779 -0.00125206 0.00359655 0.999993 -0.0669319 0.0493357 0.0159385
FixedParameters: 0 0 0

#Transform 53
Transform: AffineTransform_float_3_3
Parameters: 0.999998 0.000852356 0.00152774 -0.000846934 0.999993 -0.00364072 -0.00153085 0.00363898 0.999992 -0.0790555 0.0693886 0.00441009
FixedParameters: 0 0 0

#Transform 54
Transform: AffineTransform_float_3_3
Parameters: 0.999998 0.000743828 0.00158823 -0.000737794 0.999991 -0.00403817 -0.00159088 0.0040375 0.999991 -0.081446 0.080393 0.00914704
FixedParameters: 0 0 0

#Transform 55
Transform: AffineTransform_float_3_3
Parameters: 0.999999 0.000844824 0.00142311 -0.000839204 0.999991 -0.00405614 -0.00142692 0.00405374 0.999991 -0.074332 0.0775476 0.00562485
FixedParameters: 0 0 0

#Transform 56
Transform: AffineTransform_float_3_3
Parameters: 0.999999 0.000775872 0.00144728 -0.000770996 0.999993 -0.00365513 -0.00144986 0.00365374 0.999992 -0.0754416 0.0586533 0.0210586
FixedParameters: 0 0 0

#Transform 57
Transform: AffineTransform_float_3_3
Parameters: 0.999998 0.000822583 0.00155358 -0.000816407 0.999992 -0.00389859 -0.001557 0.00389743 0.999991 -0.0854354 0.0778035 0.0171341
FixedParameters: 0 0 0

#Transform 58
Transform: AffineTransform_float_3_3
Parameters: 0.999999 0.000743526 0.00145895 -0.000736026 0.999987 -0.0049155 -0.00146226 0.00491425 0.999987 -0.0744351 0.0840141 0.0453983
FixedParameters: 0 0 0

#Transform 59
Transform: AffineTransform_float_3_3
Parameters: 0.999998 0.0007397 0.00155799 -0.000732793 0.999989 -0.00449094 -0.00156146 0.00449031 0.999989 -0.086425 0.099881 0.0231794
FixedParameters: 0 0 0

#Transform 60
Transform: AffineTransform_float_3_3
Parameters: 0.999998 0.000716811 0.00156108 -0.000710844 0.999991 -0.00411161 -0.00156359 0.00411022 0.999991 -0.081918 0.0839171 0.0233936
FixedParameters: 0 0 0

#Transform 61
Transform: AffineTransform_float_3_3
Parameters: 0.999998 0.000930496 0.00144633 -0.000923688 0.999988 -0.00493766 -0.00145027 0.0049365 0.999987 -0.0733652 0.0834556 0.0460551
FixedParameters: 0 0 0

#Transform 62
Transform: AffineTransform_float_3_3
Parameters: 0.999998 0.000844244 0.00153781 -0.000837202 0.99999 -0.00423884 -0.00154205 0.00423709 0.99999 -0.0832161 0.0865315 0.022741
FixedParameters: 0 0 0

#Transform 63
Transform: AffineTransform_float_3_3
Parameters: 0.999998 0.000890757 0.00152028 -0.000884227 0.999989 -0.00466326 -0.00152403 0.004662 0.999988 -0.0823512 0.0711834 0.0473493
FixedParameters: 0 0 0

#Transform 64
Transform: AffineTransform_float_3_3
Parameters: 0.999999 0.000868499 0.00140741 -0.000862564 0.99999 -0.00451701 -0.00141118 0.00451602 0.999989 -0.0747828 0.0710958 0.0399957
FixedParameters: 0 0 0

#Transform 65
Transform: AffineTransform_float_3_3
Parameters: 0.999998 0.000874252 0.0015797 -0.000868366 0.999991 -0.00401192 -0.00158337 0.00401085 0.999991 -0.0882015 0.0890419 0.0141257
FixedParameters: 0 0 0

#Transform 66
Transform: AffineTransform_float_3_3
Parameters: 0.999999 0.00110903 0.00151235 -0.00110259 0.99999 -0.00424619 -0.00151755 0.00424514 0.99999 -0.0958573 0.0599688 0.0501376
FixedParameters: 0 0 0

#Transform 67
Transform: AffineTransform_float_3_3
Parameters: 0.999999 0.00140053 0.00119142 -0.00139533 0.999991 -0.00411182 -0.00119734 0.00411066 0.999991 -0.0792847 0.0507863 0.0532662
FixedParameters: 0 0 0

#Transform 68
Transform: AffineTransform_float_3_3
Parameters: 0.999998 0.00104347 0.00135937 -0.00103773 0.999992 -0.00374788 -0.00136371 0.00374653 0.999992 -0.0804505 0.109131 0.00109939
FixedParameters: 0 0 0

#Transform 69
Transform: AffineTransform_float_3_3
Parameters: 0.999998 0.0010833 0.00164975 -0.001077 0.999991 -0.00409467 -0.00165379 0.00409257 0.99999 -0.0939472 0.101183 0.0148602
FixedParameters: 0 0 0

#Transform 70
Transform: AffineTransform_float_3_3
Parameters: 0.999998 0.00116194 0.00123516 -0.00115579 0.999987 -0.00494066 -0.00124087 0.00493856 0.999987 -0.0736426 0.0800439 0.0420531
FixedParameters: 0 0 0

#Transform 71
Transform: AffineTransform_float_3_3
Parameters: 0.999998 0.00103561 0.00140493 -0.00103063 0.999991 -0.00405094 -0.00140911 0.00405033 0.999991 -0.0850699 0.0984618 0.00799265
FixedParameters: 0 0 0

#Transform 72
Transform: AffineTransform_float_3_3
Parameters: 0.999998 0.000903627 0.00146767 -0.000897404 0.999992 -0.00376505 -0.00147186 0.00376326 0.999992 -0.0886518 0.0790665 0.0204869
FixedParameters: 0 0 0

#Transform 73
Transform: AffineTransform_float_3_3
Parameters: 0.999999 0.000767582 0.00135358 -0.000761388 0.999991 -0.00421401 -0.00135762 0.00421332 0.99999 -0.0804155 0.09119 0.0101554
FixedParameters: 0 0 0

#Transform 74
Transform: AffineTransform_float_3_3
Parameters: 0.999999 0.000929052 0.00112602 -0.000923908 0.999985 -0.00527965 -0.00113116 0.00527908 0.999985 -0.0724429 0.079395 0.0414352
FixedParameters: 0 0 0

#Transform 75
Transform: AffineTransform_float_3_3
Parameters: 0.999999 0.000796883 0.00133191 -0.000791291 0.999991 -0.00417465 -0.00133478 0.00417347 0.999991 -0.0830805 0.0990254 0.00928889
FixedParameters: 0 0 0

#Transform 76
Transform: AffineTransform_float_3_3
Parameters: 0.999998 0.000651755 0.00154221 -0.000645215 0.999991 -0.00404119 -0.00154461 0.00404087 0.999991 -0.0841244 0.0849293 0.017372
FixedParameters: 0 0 0

#Transform 77
Transform: AffineTransform_float_3_3
Parameters: 0.999999 0.000603684 0.00148546 -0.000596343 0.99999 -0.00461999 -0.0014883 0.00461957 0.999988 -0.0772018 0.0870486 0.0283399
FixedParameters: 0 0 0

#Transform 78
Transform: AffineTransform_float_3_3
Parameters: 0.999999 0.000516797 0.0014027 -0.00051131 0.99999 -0.00426247 -0.00140506 0.00426178 0.99999 -0.0717433 0.0912476 0.00723979
FixedParameters: 0 0 0

#Transform 79
Transform: AffineTransform_float_3_3
Parameters: 0.999999 0.000549108 0.00151287 -0.000542556 0.999991 -0.00435312 -0.0015157 0.00435222 0.99999 -0.0781777 0.0922285 0.00725377
FixedParameters: 0 0 0

#Transform 80
Transform: AffineTransform_float_3_3
Parameters: 1 0.000339062 0.00121273 -0.000333274 0.999989 -0.0046276 -0.00121362 0.00462762 0.999989 -0.0594958 0.0899205 0.0218016
FixedParameters: 0 0 0

#Transform 81
Transform: AffineTransform_float_3_3
Parameters: 0.999999 0.00028747 0.00151941 -0.000281769 0.999991 -0.00416148 -0.00152063 0.00416128 0.99999 -0.0707622 0.0994063 0.00898677
FixedParameters: 0 0 0

#Transform 82
Transform: AffineTransform_float_3_3
Parameters: 0.999999 0.000243615 0.00135734 -0.000237599 0.999989 -0.00450883 -0.00135893 0.00450884 0.999989 -0.0595995 0.0972004 0.0154652
FixedParameters: 0 0 0

#Transform 83
Transform: AffineTransform_float_3_3
Parameters: 0.999999 0.000126497 0.00142025 -0.000120428 0.999991 -0.0043042 -0.0014206 0.00430368 0.99999 -0.0673954 0.0998133 0.00607367
FixedParameters: 0 0 0

#Transform 84
Transform: AffineTransform_float_3_3
Parameters: 0.999999 0.000180178 0.00149419 -0.000173156 0.99999 -0.00443327 -0.00149518 0.0044334 0.999989 -0.0597191 0.0968519 0.0122395
FixedParameters: 0 0 0

#Transform 85
Transform: AffineTransform_float_3_3
Parameters: 1 0.000292138 0.00116247 -0.000286641 0.999989 -0.00470344 -0.00116297 0.0047036 0.999988 -0.0549931 0.101358 0.0129415
FixedParameters: 0 0 0

#Transform 86
Transform: AffineTransform_float_3_3
Parameters: 0.999999 0.000383185 0.00133906 -0.000375814 0.999983 -0.00579601 -0.00134083 0.00579631 0.999982 -0.0703058 0.116795 0.0410384
FixedParameters: 0 0 0

#Transform 87
Transform: AffineTransform_float_3_3
Parameters: 0.999999 0.00069818 0.00147215 -0.000689338 0.999982 -0.00592324 -0.00147648 0.00592205 0.999982 -0.0881572 0.0653542 0.0883511
FixedParameters: 0 0 0

#Transform 88
Transform: AffineTransform_float_3_3
Parameters: 0.999998 0.000720341 0.00155997 -0.000713479 0.999988 -0.00482159 -0.00156331 0.00482016 0.999987 -0.0880271 0.132721 0.0201102
FixedParameters: 0 0 0

#Transform 89
Transform: AffineTransform_float_3_3
Parameters: 0.999999 0.000728207 0.00147513 -0.000721311 0.999986 -0.00520976 -0.00147929 0.00520841 0.999986 -0.085347 0.121011 0.0384418
FixedParameters: 0 0 0

#Transform 90
Transform: AffineTransform_float_3_3
Parameters: 0.999999 0.000523233 0.00135615 -0.000515097 0.999983 -0.0057981 -0.00135867 0.00579756 0.999983 -0.0723548 0.0823443 0.0772735
FixedParameters: 0 0 0

#Transform 91
Transform: AffineTransform_float_3_3
Parameters: 0.999999 0.000463871 0.00127546 -0.000457169 0.999986 -0.00530567 -0.00127792 0.00530583 0.999985 -0.0667268 0.110053 0.0321471
FixedParameters: 0 0 0

#Transform 92
Transform: AffineTransform_float_3_3
Parameters: 0.999999 0.000490372 0.00149664 -0.000482206 0.999986 -0.00532692 -0.00149887 0.00532596 0.999984 -0.0806319 0.136867 0.0108964
FixedParameters: 0 0 0

#Transform 93
Transform: AffineTransform_float_3_3
Parameters: 0.999999 0.000486102 0.00148209 -0.000477123 0.999983 -0.00574776 -0.001485 0.00574711 0.999983 -0.0815031 0.117299 0.0303996
FixedParameters: 0 0 0

#Transform 94
Transform: AffineTransform_float_3_3
Parameters: 0.999999 0.000192955 0.00133876 -0.000184229 0.99998 -0.00637443 -0.00134021 0.00637376 0.999979 -0.064207 0.115217 0.0363302
FixedParameters: 0 0 0

#Transform 95
Transform: AffineTransform_float_3_3
Parameters: 0.999999 0.000119072 0.00161576 -0.000109073 0.999982 -0.00592904 -0.00161631 0.00592927 0.999981 -0.0736597 0.149059 0.00227642
FixedParameters: 0 0 0

#Transform 96
Transform: AffineTransform_float_3_3
Parameters: 0.999999 -6.89105e-06 0.00172549 1.78368e-05 0.99998 -0.0063248 -0.00172506 0.00632449 0.999978 -0.0730462 0.136791 0.0212826
FixedParameters: 0 0 0

#Transform 97
Transform: AffineTransform_float_3_3
Parameters: 0.999999 -0.000221609 0.00171139 0.000232694 0.999981 -0.00630354 -0.0017096 0.00630388 0.999978 -0.0588084 0.140493 0.00935239
FixedParameters: 0 0 0

#Transform 98
Transform: AffineTransform_float_3_3
Parameters: 0.999997 -0.000593679 0.00208094 0.000606884 0.99998 -0.00637093 -0.00207745 0.0063721 0.999977 -0.0715254 0.139994 0.0154949
FixedParameters: 0 0 0

#Transform 99
Transform: AffineTransform_float_3_3
Parameters: 0.999998 -0.000589902 0.00188087 0.00060221 0.999977 -0.00680698 -0.00187632 0.00680795 0.999975 -0.0642759 0.142965 0.0395113
FixedParameters: 0 0 0

#Transform 100
Transform: AffineTransform_float_3_3
Parameters: 0.999998 -0.000619083 0.00190742 0.000631071 0.99998 -0.00624233 -0.0019033 0.00624348 0.999979 -0.0578458 0.136831 0.0193814
FixedParameters: 0 0 0

#Transform 101
Transform: AffineTransform_float_3_3
Parameters: 0.999997 -0.0006455 0.00206821 0.000657692 0.999981 -0.00609334 -0.00206425 0.00609471 0.999979 -0.072755 0.132867 0.016255
FixedParameters: 0 0 0

#Transform 102
Transform: AffineTransform_float_3_3
Parameters: 0.999998 -0.000629429 0.00192228 0.0006413 0.99998 -0.00628489 -0.00191884 0.00628601 0.999978 -0.0641245 0.129559 0.0178977
FixedParameters: 0 0 0

#Transform 103
Transform: AffineTransform_float_3_3
Parameters: 0.999998 -0.000682608 0.00215394 0.000694374 0.999983 -0.0057724 -0.00215069 0.00577482 0.999981 -0.0705956 0.135466 0.00610451
FixedParameters: 0 0 0

#Transform 104
Transform: AffineTransform_float_3_3
Parameters: 0.999999 -0.0005391 0.00161459 0.000549103 0.999979 -0.0063447 -0.00161098 0.00634531 0.999978 -0.0450103 0.135462 0.00767332
FixedParameters: 0 0 0

#Transform 105
Transform: AffineTransform_float_3_3
Parameters: 0.999998 -0.000678133 0.00211574 0.000690567 0.999984 -0.0057016 -0.00211212 0.0057032 0.999981 -0.0685003 0.140759 -0.0108509
FixedParameters: 0 0 0

#Transform 106
Transform: AffineTransform_float_3_3
Parameters: 0.999998 -0.000680017 0.00198076 0.000692004 0.999981 -0.00609128 -0.00197686 0.00609268 0.999979 -0.0554573 0.145293 -0.00402322
FixedParameters: 0 0 0

#Transform 107
Transform: AffineTransform_float_3_3
Parameters: 0.999998 -0.000785186 0.00175437 0.000796416 0.999978 -0.00656953 -0.0017492 0.00657151 0.999977 -0.0352186 0.151191 -0.00815552
FixedParameters: 0 0 0

#Transform 108
Transform: AffineTransform_float_3_3
Parameters: 0.999997 -0.00108121 0.00223229 0.00109451 0.999982 -0.00584494 -0.00222558 0.00584831 0.99998 -0.0599161 0.16497 -0.0159544
FixedParameters: 0 0 0

#Transform 109
Transform: AffineTransform_float_3_3
Parameters: 0.999998 -0.000933809 0.00210423 0.000946889 0.999982 -0.00609116 -0.00209797 0.00609287 0.999979 -0.0569449 0.151479 -0.00313077
FixedParameters: 0 0 0

#Transform 110
Transform: AffineTransform_float_3_3
Parameters: 0.999998 -0.000923142 0.00188443 0.000934834 0.99998 -0.00628213 -0.00187862 0.00628338 0.999978 -0.0438786 0.139915 -0.00747482
FixedParameters: 0 0 0

#Transform 111
Transform: AffineTransform_float_3_3
Parameters: 0.999997 -0.000948397 0.00202854 0.000959043 0.999984 -0.00564349 -0.00202278 0.00564513 0.999981 -0.0534838 0.131398 -0.00928054
FixedParameters: 0 0 0

#Transform 112
Transform: AffineTransform_float_3_3
Parameters: 0.999998 -0.000881291 0.00181326 0.000893079 0.999979 -0.00646826 -0.00180686 0.0064693 0.999977 -0.0403644 0.144508 0.00697447
FixedParameters: 0 0 0

#Transform 113
Transform: AffineTransform_float_3_3
Parameters: 0.999997 -0.000994272 0.00200005 0.00100601 0.999982 -0.00595141 -0.00199469 0.00595255 0.99998 -0.0480976 0.164825 -0.0344886
FixedParameters: 0 0 0

#Transform 114
Transform: AffineTransform_float_3_3
Parameters: 0.999998 -0.0010184 0.00208857 0.00103036 0.999982 -0.00596139 -0.00208246 0.00596418 0.99998 -0.0510526 0.147073 -0.0160986
FixedParameters: 0 0 0

#Transform 115
Transform: AffineTransform_float_3_3
Parameters: 0.999997 -0.00120105 0.00209419 0.00121568 0.999977 -0.00678059 -0.00208654 0.00678258 0.999975 -0.0397957 0.162624 -0.0042168
FixedParameters: 0 0 0

#Transform 116
Transform: AffineTransform_float_3_3
Parameters: 0.999996 -0.00123626 0.00241777 0.00125115 0.99998 -0.00616078 -0.00240985 0.00616374 0.999978 -0.0400306 0.163859 -0.0267903
FixedParameters: 0 0 0

#Transform 117
Transform: AffineTransform_float_3_3
Parameters: 0.999996 -0.00128156 0.00256473 0.00129718 0.999982 -0.0058758 -0.00255683 0.00588022 0.999979 -0.0482274 0.153773 -0.0292651
FixedParameters: 0 0 0

#Transform 118
Transform: AffineTransform_float_3_3
Parameters: 0.999997 -0.00119293 0.0023273 0.00120844 0.999977 -0.00676317 -0.0023197 0.00676559 0.999975 -0.0415192 0.149373 -0.00613333
FixedParameters: 0 0 0

#Transform 119
Transform: AffineTransform_float_3_3
Parameters: 0.999996 -0.00120255 0.00239842 0.00121715 0.999981 -0.00615086 -0.00239093 0.0061536 0.999978 -0.044586 0.156835 -0.0321956
FixedParameters: 0 0 0

#Transform 120
Transform: AffineTransform_float_3_3
Parameters: 0.999997 -0.00110364 0.00231865 0.00111686 0.999984 -0.00567682 -0.00231278 0.00567903 0.999981 -0.0476041 0.110018 -0.00103967
FixedParameters: 0 0 0

#Transform 121
Transform: AffineTransform_float_3_3
Parameters: 0.999996 -0.00112118 0.0023489 0.00113623 0.999981 -0.00607278 -0.00234224 0.00607597 0.999979 -0.0425216 0.12395 0.00393434
FixedParameters: 0 0 0

#Transform 122
Transform: AffineTransform_float_3_3
Parameters: 0.999996 -0.00111566 0.00233939 0.00113016 0.999982 -0.00594829 -0.002333 0.00595143 0.99998 -0.0495086 0.139794 -0.00892453
FixedParameters: 0 0 0

#Transform 123
Transform: AffineTransform_float_3_3
Parameters: 0.999998 -0.000712429 0.00201715 0.00072548 0.999977 -0.00676364 -0.00201273 0.0067651 0.999975 -0.051591 0.13871 0.0145598
FixedParameters: 0 0 0

#Transform 124
Transform: AffineTransform_float_3_3
Parameters: 0.999997 -0.000755932 0.00202962 0.000767531 0.99998 -0.00619516 -0.00202511 0.0061963 0.999979 -0.0584453 0.153411 -0.00654562
FixedParameters: 0 0 0

#Transform 125
Transform: AffineTransform_float_3_3
Parameters: 0.999997 -0.000987388 0.00227552 0.00100078 0.999981 -0.00609762 -0.00226984 0.00609972 0.999978 -0.0536291 0.150766 -0.0112639
FixedParameters: 0 0 0

#Transform 126
Transform: AffineTransform_float_3_3
Parameters: 0.999998 -0.000848835 0.00200076 0.000862154 0.999975 -0.00708061 -0.001995 0.00708249 0.999973 -0.0362823 0.146561 0.00602733
FixedParameters: 0 0 0

#Transform 127
Transform: AffineTransform_float_3_3
Parameters: 0.999997 -0.0010782 0.0023321 0.00109275 0.99998 -0.00621114 -0.00232515 0.00621323 0.999978 -0.0534315 0.160251 -0.0208695
FixedParameters: 0 0 0

#Transform 128
Transform: AffineTransform_float_3_3
Parameters: 0.999996 -0.00121774 0.00243717 0.0012338 0.999976 -0.00673426 -0.00242881 0.00673652 0.999975 -0.0496719 0.154732 0.00683874
FixedParameters: 0 0 0

#Transform 129
Transform: AffineTransform_float_3_3
Parameters: 0.999996 -0.0011945 0.00241124 0.0012101 0.999978 -0.00648458 -0.0024041 0.00648722 0.999976 -0.0479503 0.157814 -0.0190383
FixedParameters: 0 0 0

#Transform 130
Transform: AffineTransform_float_3_3
Parameters: 0.999996 -0.00127117 0.00256616 0.00128825 0.999979 -0.00632238 -0.00255825 0.0063258 0.999976 -0.0578987 0.152461 -0.0184925
FixedParameters: 0 0 0

#Transform 131
Transform: AffineTransform_float_3_3
Parameters: 0.999997 -0.00104352 0.00235902 0.00106031 0.999974 -0.00710889 -0.00235168 0.00711159 0.999972 -0.0489626 0.158131 0.00520618
FixedParameters: 0 0 0

#Transform 132
Transform: AffineTransform_float_3_3
Parameters: 0.999996 -0.0011806 0.00252846 0.00119705 0.999978 -0.00650617 -0.00252097 0.00650848 0.999975 -0.0539986 0.164271 -0.0242353
FixedParameters: 0 0 0

#Transform 133
Transform: AffineTransform_float_3_3
Parameters: 0.999996 -0.00116765 0.00251133 0.00118413 0.999978 -0.00660373 -0.00250387 0.00660647 0.999975 -0.0522851 0.162239 -0.0194514
FixedParameters: 0 0 0

#Transform 134
Transform: AffineTransform_float_3_3
Parameters: 0.999996 -0.00113805 0.00248711 0.00115373 0.999979 -0.00647752 -0.00248023 0.00648006 0.999976 -0.0499715 0.168945 -0.0333653
FixedParameters: 0 0 0

#Transform 135
Transform: AffineTransform_float_3_3
Parameters: 0.999996 -0.00117644 0.00241279 0.00119292 0.999977 -0.00670979 -0.00240557 0.00671318 0.999975 -0.0470957 0.17738 -0.0273819
FixedParameters: 0 0 0

#Transform 136
Transform: AffineTransform_float_3_3
Parameters: 0.999996 -0.00121966 0.00242003 0.00123512 0.999978 -0.00638206 -0.00241272 0.00638431 0.999977 -0.050046 0.178308 -0.0366191
FixedParameters: 0 0 0

#Transform 137
Transform: AffineTransform_float_3_3
Parameters: 0.999996 -0.00107992 0.00246452 0.00109657 0.999977 -0.00666877 -0.00245721 0.00667106 0.999974 -0.050943 0.164699 -0.0255016
FixedParameters: 0 0 0

#Transform 138
Transform: AffineTransform_float_3_3
Parameters: 0.999996 -0.00123827 0.00258976 0.00125462 0.99998 -0.00629209 -0.00258186 0.0062954 0.999976 -0.0643971 0.168589 -0.0303364
FixedParameters: 0 0 0

#Transform 139
Transform: AffineTransform_float_3_3
Parameters: 0.999997 -0.000993843 0.00231526 0.00101037 0.999976 -0.00679834 -0.00230859 0.00680083 0.999974 -0.0453394 0.16096 -0.0093647
FixedParameters: 0 0 0

#Transform 140
Transform: AffineTransform_float_3_3
Parameters: 0.999996 -0.00113461 0.00235586 0.00114842 0.999981 -0.00606104 -0.00234933 0.00606337 0.999978 -0.0554857 0.160995 -0.0195251
FixedParameters: 0 0 0

#Transform 141
Transform: AffineTransform_float_3_3
Parameters: 0.999997 -0.000977439 0.00228585 0.000992084 0.999979 -0.00640687 -0.00228 0.00640923 0.999977 -0.0469318 0.142575 0.00114355
FixedParameters: 0 0 0

#Transform 142
Transform: AffineTransform_float_3_3
Parameters: 0.999996 -0.00107164 0.00246848 0.00108668 0.999981 -0.00601506 -0.0024628 0.00601681 0.999979 -0.0558403 0.147583 -0.018508
FixedParameters: 0 0 0

#Transform 143
Transform: AffineTransform_float_3_3
Parameters: 0.999996 -0.00105157 0.00248773 0.0010687 0.999977 -0.00671513 -0.00248082 0.00671816 0.999974 -0.0573937 0.15027 -0.00315559
FixedParameters: 0 0 0

#Transform 144
Transform: AffineTransform_float_3_3
Parameters: 0.999998 -0.0010252 0.00215494 0.0010402 0.999975 -0.00701995 -0.00214757 0.00702224 0.999974 -0.0443235 0.160192 -0.0060707
FixedParameters: 0 0 0

#Transform 145
Transform: AffineTransform_float_3_3
Parameters: 0.999997 -0.00109983 0.00237255 0.00111561 0.999976 -0.00675978 -0.0023649 0.00676279 0.999974 -0.0585144 0.178979 -0.0138965
FixedParameters: 0 0 0

#Transform 146
Transform: AffineTransform_float_3_3
Parameters: 0.999998 -0.0010303 0.0022079 0.00104587 0.999972 -0.00739082 -0.00220022 0.00739283 0.99997 -0.0474681 0.166277 -0.00326986
FixedParameters: 0 0 0

#Transform 147
Transform: AffineTransform_float_3_3
Parameters: 0.999997 -0.00108199 0.00238369 0.00109808 0.999973 -0.00716844 -0.00237605 0.00717128 0.999971 -0.0553096 0.173606 -0.0141953
FixedParameters: 0 0 0

#Transform 148
Transform: AffineTransform_float_3_3
Parameters: 0.999996 -0.00124682 0.00261954 0.00126459 0.999976 -0.0067289 -0.00261023 0.00673177 0.999974 -0.0572018 0.165428 -0.0129978
FixedParameters: 0 0 0

#Transform 149
Transform: AffineTransform_float_3_3
Parameters: 0.999996 -0.00156658 0.00253816 0.00158503 0.999973 -0.00710412 -0.00252719 0.00710813 0.999972 -0.0358159 0.170966 -0.00925254
FixedParameters: 0 0 0

#Transform 150
Transform: AffineTransform_float_3_3
Parameters: 0.999996 -0.0015211 0.00234502 0.00153802 0.999972 -0.00736584 -0.00233319 0.00736878 0.99997 -0.0356259 0.189927 -0.0202008
FixedParameters: 0 0 0

#Transform 151
Transform: AffineTransform_float_3_3
Parameters: 0.999997 -0.00144067 0.00175412 0.00145349 0.999971 -0.00750626 -0.00174352 0.00750867 0.999971 -0.0187348 0.188283 -0.0301624
FixedParameters: 0 0 0

#Transform 152
Transform: AffineTransform_float_3_3
Parameters: 0.999997 -0.00143448 0.00210663 0.00144944 0.999974 -0.00715562 -0.00209661 0.00715811 0.999972 -0.0339222 0.220568 -0.0590142
FixedParameters: 0 0 0

#Transform 153
Transform: AffineTransform_float_3_3
Parameters: 0.999997 -0.00143452 0.00203265 0.00144931 0.999971 -0.00740964 -0.00202213 0.00741221 0.999971 -0.0298635 0.204202 -0.0422845
FixedParameters: 0 0 0

#Transform 154
Transform: AffineTransform_float_3_3
Parameters: 0.999996 -0.00182713 0.00237791 0.00184405 0.999972 -0.00721597 -0.00236415 0.00722031 0.999971 -0.0208765 0.198311 -0.0559207
FixedParameters: 0 0 0

#Transform 155
Transform: AffineTransform_float_3_3
Parameters: 0.999995 -0.00184138 0.00253864 0.0018593 0.999972 -0.00721895 -0.00252504 0.00722386 0.99997 -0.0352855 0.200864 -0.0562321
FixedParameters: 0 0 0

#Transform 156
Transform: AffineTransform_float_3_3
Parameters: 0.999995 -0.00195215 0.00222285 0.00196962 0.999964 -0.00833063 -0.00220692 0.00833516 0.999963 -0.00715764 0.199655 -0.0247058
FixedParameters: 0 0 0

#Transform 157
Transform: AffineTransform_float_3_3
Parameters: 0.999995 -0.00198133 0.00242754 0.00200062 0.999967 -0.00782715 -0.00241265 0.00783213 0.999966 -0.0202113 0.227281 -0.0596639
FixedParameters: 0 0 0

#Transform 158
Transform: AffineTransform_float_3_3
Parameters: 0.999995 -0.00189807 0.00245618 0.00191761 0.999967 -0.00788462 -0.00244098 0.00788854 0.999966 -0.0261469 0.219759 -0.0529399
FixedParameters: 0 0 0

#Transform 159
Transform: AffineTransform_float_3_3
Parameters: 0.999995 -0.00192074 0.00222767 0.00193982 0.999961 -0.0086721 -0.00221035 0.00867657 0.99996 -0.0111582 0.226054 -0.0345156
FixedParameters: 0 0 0

#Transform 160
Transform: AffineTransform_float_3_3
Parameters: 0.999995 -0.00200662 0.00252988 0.00202644 0.999966 -0.00801986 -0.00251303 0.00802535 0.999965 -0.0282672 0.227368 -0.0520585
FixedParameters: 0 0 0

#Transform 161
Transform: AffineTransform_float_3_3
Parameters: 0.999995 -0.00192193 0.00248183 0.00194403 0.999961 -0.00859933 -0.0024649 0.00860334 0.99996 -0.0253269 0.222535 -0.0319814
FixedParameters: 0 0 0

#Transform 162
Transform: AffineTransform_float_3_3
Parameters: 0.999996 -0.00182012 0.00239737 0.00184001 0.999961 -0.0086044 -0.00238175 0.00860843 0.99996 -0.0243581 0.230209 -0.0383255
FixedParameters: 0 0 0

#Transform 163
Transform: AffineTransform_float_3_3
Parameters: 0.999996 -0.00179813 0.0024434 0.00181887 0.999961 -0.00864608 -0.00242809 0.00865017 0.99996 -0.0310642 0.231961 -0.0308336
FixedParameters: 0 0 0

#Transform 164
Transform: AffineTransform_float_3_3
Parameters: 0.999997 -0.00167532 0.00200791 0.00169341 0.999958 -0.00899599 -0.00199269 0.0089988 0.999957 -0.0110338 0.216626 -0.0118711
FixedParameters: 0 0 0

#Transform 165
Transform: AffineTransform_float_3_3
Parameters: 0.999996 -0.00194537 0.00231743 0.00196381 0.999965 -0.00808141 -0.0023023 0.00808576 0.999965 -0.0235539 0.246678 -0.0624729
FixedParameters: 0 0 0

#Transform 166
Transform: AffineTransform_float_3_3
Parameters: 0.999995 -0.00191353 0.00223757 0.00193279 0.999961 -0.00865337 -0.00222044 0.00865731 0.999961 -0.01354 0.236776 -0.0483538
FixedParameters: 0 0 0

#Transform 167
Transform: AffineTransform_float_3_3
Parameters: 0.999995 -0.00194634 0.00218442 0.00196515 0.999961 -0.00868926 -0.00216793 0.0086936 0.99996 -0.0177416 0.233599 -0.0423113
FixedParameters: 0 0 0

#Transform 168
Transform: AffineTransform_float_3_3
Parameters: 0.999997 -0.00162829 0.00195529 0.00164343 0.999968 -0.00787338 -0.00194209 0.00787691 0.999967 -0.0280058 0.235987 -0.0521347
FixedParameters: 0 0 0

#Transform 169
Transform: AffineTransform_float_3_3
Parameters: 0.999998 -0.00115669 0.00153676 0.00116812 0.999968 -0.00798145 -0.00152787 0.00798306 0.999967 -0.0197694 0.220454 -0.0489311
FixedParameters: 0 0 0

#Transform 170
Transform: AffineTransform_float_3_3
Parameters: 0.999998 -0.00149854 0.00154216 0.00151157 0.999962 -0.00864125 -0.00152994 0.00864308 0.999962 -0.00599076 0.218425 -0.0240842
FixedParameters: 0 0 0

#Transform 171
Transform: AffineTransform_float_3_3
Parameters: 0.999997 -0.0017002 0.00181373 0.00171385 0.999968 -0.00779551 -0.00180006 0.00779884 0.999968 -0.0208129 0.239951 -0.0562349
FixedParameters: 0 0 0

#Transform 172
Transform: AffineTransform_float_3_3
Parameters: 0.999997 -0.0017714 0.00169784 0.00178607 0.999961 -0.00864262 -0.00168261 0.0086462 0.999961 -0.00501321 0.231256 -0.0339791
FixedParameters: 0 0 0

#Transform 173
Transform: AffineTransform_float_3_3
Parameters: 0.999996 -0.00196403 0.00193751 0.00198023 0.999964 -0.00827776 -0.00192122 0.0082814 0.999964 -0.01156 0.239146 -0.0601886
FixedParameters: 0 0 0

#Transform 174
Transform: AffineTransform_float_3_3
Parameters: 0.999996 -0.00188375 0.00196286 0.0019001 0.999962 -0.00850557 -0.00194674 0.00850899 0.999962 -0.0151676 0.231534 -0.0455011
FixedParameters: 0 0 0

#Transform 175
Transform: AffineTransform_float_3_3
Parameters: 0.999997 -0.00165623 0.00175599 0.0016724 0.999956 -0.00921868 -0.00174081 0.00922149 0.999956 -0.0145628 0.222043 -0.00951191
FixedParameters: 0 0 0

#Transform 176
Transform: AffineTransform_float_3_3
Parameters: 0.999997 -0.00177423 0.00195204 0.00178997 0.999965 -0.00815622 -0.00193789 0.00815928 0.999965 -0.0283269 0.252722 -0.0655469
FixedParameters: 0 0 0

#Transform 177
Transform: AffineTransform_float_3_3
Parameters: 0.999996 -0.00183129 0.00204532 0.00184716 0.999965 -0.0081423 -0.00203068 0.00814583 0.999965 -0.0306631 0.23718 -0.0466919
FixedParameters: 0 0 0

#Transform 178
Transform: AffineTransform_float_3_3
Parameters: 0.999997 -0.00175784 0.0018048 0.00177355 0.999961 -0.00859261 -0.0017894 0.00859599 0.999962 -0.0102199 0.221517 -0.0215605
FixedParameters: 0 0 0

#Transform 179
Transform: AffineTransform_float_3_3
Parameters: 0.999996 -0.00195794 0.00192824 0.00197407 0.999963 -0.00831916 -0.00191189 0.00832328 0.999963 -0.0143609 0.242869 -0.0485889
FixedParameters: 0 0 0

#Transform 180
Transform: AffineTransform_float_3_3
Parameters: 0.999996 -0.00193843 0.00201055 0.00195568 0.999962 -0.00856753 -0.00199334 0.00857134 0.999962 -0.0216117 0.238105 -0.0448452
FixedParameters: 0 0 0

#Transform 181
Transform: AffineTransform_float_3_3
Parameters: 0.999997 -0.001661 0.00167312 0.0016769 0.999954 -0.00945197 -0.00165774 0.00945504 0.999953 -0.0111075 0.22636 -0.00649322
FixedParameters: 0 0 0

#Transform 182
Transform: AffineTransform_float_3_3
Parameters: 0.999997 -0.00176132 0.00184869 0.0017774 0.999963 -0.00842682 -0.00183359 0.00842954 0.999963 -0.0212235 0.253596 -0.0552342
FixedParameters: 0 0 0

#Transform 183
Transform: AffineTransform_float_3_3
Parameters: 0.999997 -0.00169456 0.00156967 0.00170758 0.999961 -0.00864189 -0.00155492 0.00864432 0.999962 -0.0164338 0.24917 -0.0551617
FixedParameters: 0 0 0

#Transform 184
Transform: AffineTransform_float_3_3
Parameters: 0.999998 -0.00149635 0.00156053 0.00151028 0.999961 -0.00873208 -0.00154732 0.00873542 0.999961 -0.0128007 0.230293 -0.0480912
FixedParameters: 0 0 0

#Transform 185
Transform: AffineTransform_float_3_3
Parameters: 0.999997 -0.00169249 0.00163321 0.00170661 0.999961 -0.00869395 -0.00161827 0.00869629 0.999961 -0.0140264 0.243923 -0.0569987
FixedParameters: 0 0 0

#Transform 186
Transform: AffineTransform_float_3_3
Parameters: 0.999998 -0.00153795 0.00141966 0.00155111 0.999956 -0.00926546 -0.0014049 0.00926762 0.999956 -0.00316711 0.240281 -0.0458022
FixedParameters: 0 0 0

#Transform 187
Transform: AffineTransform_float_3_3
Parameters: 0.999998 -0.00155784 0.00142327 0.00156998 0.999962 -0.00856145 -0.00140979 0.00856372 0.999962 -0.000394211 0.251232 -0.0577054
FixedParameters: 0 0 0

#Transform 188
Transform: AffineTransform_float_3_3
Parameters: 0.999997 -0.00158598 0.00159931 0.00159957 0.999961 -0.00873033 -0.00158625 0.00873305 0.999961 -0.0166808 0.256445 -0.0583674
FixedParameters: 0 0 0

#Transform 189
Transform: AffineTransform_float_3_3
Parameters: 0.999999 -0.00133275 0.00124921 0.00134541 0.999948 -0.0100548 -0.00123568 0.0100569 0.999949 -0.00326353 0.244689 -0.0260221
FixedParameters: 0 0 0
