#Insight Transform File V1.0
#Transform 0
Transform: AffineTransform_float_3_3
Parameters: 0.999998 0.00160756 -3.4943e-05 -0.00160802 0.999998 0.000361585 3.53712e-05 -0.00036186 1 -0.0155357 -0.0802836 0.0790481
FixedParameters: 0 0 0

#Transform 1
Transform: AffineTransform_float_3_3
Parameters: 0.999999 0.0014032 0.000240152 -0.00140339 0.999998 0.0010574 -0.000238536 -0.00105762 0.999999 -0.0305086 -0.0639825 0.0369193
FixedParameters: 0 0 0

#Transform 2
Transform: AffineTransform_float_3_3
Parameters: 0.999999 0.00145652 0.000227686 -0.0014574 0.999999 0.000709638 -0.000226487 -0.000709852 1 -0.027191 -0.0665637 0.0456823
FixedParameters: 0 0 0

#Transform 3
Transform: AffineTransform_float_3_3
Parameters: 0.999999 0.00156818 -4.48069e-05 -0.00156864 0.999999 0.0002332 4.48039e-05 -0.000233448 1 -0.0129874 -0.0603902 0.0609501
FixedParameters: 0 0 0

#Transform 4
Transform: AffineTransform_float_3_3
Parameters: 1 0.0011581 0.0002047 -0.00115771 0.999999 0.000375872 -0.000205087 -0.000376422 1 -0.0271508 -0.0495684 0.0506123
FixedParameters: 0 0 0

#Transform 5
Transform: AffineTransform_float_3_3
Parameters: 1 0.00115194 -3.6971e-05 -0.00115187 0.999999 -8.288e-05 3.69152e-05 8.21288e-05 1 -0.0173989 -0.047633 0.0615964
FixedParameters: 0 0 0

#Transform 6
Transform: AffineTransform_float_3_3
Parameters: 1 0.00104435 2.78455e-05 -0.00104342 1 0.000177936 -2.78206e-05 -0.000178826 1 -0.0190653 -0.0226491 0.0428293
FixedParameters: 0 0 0

#Transform 7
Transform: AffineTransform_float_3_3
Parameters: 0.999999 0.000959435 -2.41712e-05 -0.000959457 0.999999 -0.000470075 2.32691e-05 0.000470121 1 -0.020218 -0.00849901 0.0317545
FixedParameters: 0 0 0

#Transform 8
Transform: AffineTransform_float_3_3
Parameters: 0.999999 0.00094656 -2.33919e-05 -0.000946195 1 -0.000622406 2.31246e-05 0.000621695 1 -0.0195442 -0.0119635 0.0304036
FixedParameters: 0 0 0

#Transform 9
Transform: AffineTransform_float_3_3
Parameters: 0.999999 0.000711247 2.67381e-05 -0.000711613 0.999999 -0.000607344 -2.62523e-05 0.000607389 1 -0.0197884 -0.00773922 0.0361714
FixedParameters: 0 0 0

#Transform 10
Transform: AffineTransform_float_3_3
Parameters: 0.999999 0.000815006 0.00015553 -0.000815261 0.999999 -0.000461032 -0.000154931 0.000460862 1 -0.0246213 -0.0147445 0.0411488
FixedParameters: 0 0 0

#Transform 11
Transform: AffineTransform_float_3_3
Parameters: 0.999999 0.000714362 8.19671e-05 -0.000713792 0.999999 -0.000603327 -8.19606e-05 0.000603297 1 -0.0230555 -0.0137117 0.0390672
FixedParameters: 0 0 0

#Transform 12
Transform: AffineTransform_float_3_3
Parameters: 0.999999 0.000905571 -9.7761e-05 -0.000905769 1 -0.000626058 9.66695e-05 0.000625391 1 -0.00553676 -0.0488703 0.0598154
FixedParameters: 0 0 0

#Transform 13
Transform: AffineTransform_float_3_3
Parameters: 0.999999 0.000745598 -7.30088e-05 -0.000745119 0.999999 0.000554154 7.24849e-05 -0.000554129 1 -0.0116168 -0.020394 0.0196996
FixedParameters: 0 0 0

#Transform 14
Transform: AffineTransform_float_3_3
Parameters: 1 0.000669641 -5.98552e-05 -0.000669602 0.999999 0.000321738 6.0286e-05 -0.000321658 1 -0.0123554 -0.0300033 0.0405181
FixedParameters: 0 0 0

#Transform 15
Transform: AffineTransform_float_3_3
Parameters: 1 0.000650146 1.46169e-05 -0.00065024 1 0.000209512 -1.43459e-05 -0.000208995 1 -0.0174685 -0.0460075 0.0462479
FixedParameters: 0 0 0

#Transform 16
Transform: AffineTransform_float_3_3
Parameters: 1 0.000392654 0.000256725 -0.000393023 0.999999 0.000719726 -0.00025616 -0.000719928 0.999999 -0.0227127 -0.0254473 0.0156488
FixedParameters: 0 0 0

#Transform 17
Transform: AffineTransform_float_3_3
Parameters: 0.999999 0.000749507 1.89191e-05 -0.000749603 1 0.000195166 -1.8628e-05 -0.000194659 1 6.70801e-05 -0.0234541 0.0209991
FixedParameters: 0 0 0

#Transform 18
Transform: AffineTransform_float_3_3
Parameters: 1 0.00057942 -0.000124386 -0.00057973 0.999999 0.000646346 0.000124267 -0.00064629 1 -0.00155993 -0.00620501 -0.0127585
FixedParameters: 0 0 0

#Transform 19
Transform: AffineTransform_float_3_3
Parameters: 1 0.000418338 1.64627e-05 -0.000418317 0.999999 -0.000624583 -1.69852e-05 0.000624569 1 -0.00256566 -0.0118184 0.0118576
FixedParameters: 0 0 0

#Transform 20
Transform: AffineTransform_float_3_3
Parameters: 1 0.000448375 -3.06847e-06 -0.000448378 0.999999 -0.000564198 2.56252e-06 0.000564201 1 -0.00267195 0.00109111 0.0123704
FixedParameters: 0 0 0

#Transform 21
Transform: AffineTransform_float_3_3
Parameters: 1 0.000463356 0.000263726 -0.000463172 1 -0.000348162 -0.000264048 0.000347918 1 -0.0202842 0.0293352 -0.00385856
FixedParameters: 0 0 0

#Transform 22
Transform: AffineTransform_float_3_3
Parameters: 1 0.000279714 -0.000325865 -0.000279964 1 -0.000383818 0.00032565 0.000384 1 0.0085656 -0.0271431 0.0233866
FixedParameters: 0 0 0

#Transform 23
Transform: AffineTransform_float_3_3
Parameters: 1 0.000345224 0.00033577 -0.000344983 1 -0.000489054 -0.000336109 0.000489358 0.999999 -0.0275969 0.0242942 -0.00432505
FixedParameters: 0 0 0

#Transform 24
Transform: AffineTransform_float_3_3
Parameters: 1 0.000209495 0.000146394 -0.000209225 0.999999 -0.000923338 -0.00014678 0.000923277 0.999999 -0.0200929 0.00544951 0.0165597
FixedParameters: 0 0 0

#Transform 25
Transform: AffineTransform_float_3_3
Parameters: 1 0.000500661 -2.12297e-05 -0.000500694 0.999999 -0.00078081 2.04478e-05 0.000780831 0.999999 -0.00735343 -0.0117981 0.0253639
FixedParameters: 0 0 0

#Transform 26
Transform: AffineTransform_float_3_3
Parameters: 1 0.000387642 -3.36598e-05 -0.000387195 0.999999 0.000735377 3.28796e-05 -0.000735434 0.999999 -0.0156176 0.00805453 -0.0183397
FixedParameters: 0 0 0

#Transform 27
Transform: AffineTransform_float_3_3
Parameters: 1 0.000371577 -0.000217657 -0.000371955 0.999999 -0.000870854 0.00021701 0.000871016 0.999999 0.00540826 -6.70472e-05 0.0147187
FixedParameters: 0 0 0

#Transform 28
Transform: AffineTransform_float_3_3
Parameters: 1 0.000181936 -0.000342099 -0.000182513 1 -0.000862589 0.000341828 0.000861334 1 0.00714388 0.0339255 -0.0204012
FixedParameters: 0 0 0

#Transform 29
Transform: AffineTransform_float_3_3
Parameters: 1 0.00020284 -0.000120262 -0.000203009 0.999999 -0.000704139 0.000119976 0.000704188 0.999999 -0.00146341 0.0415355 -0.0300659
FixedParameters: 0 0 0

#Transform 30
Transform: AffineTransform_float_3_3
Parameters: 1 0.000326448 -0.000363261 -0.000326528 1 -0.00110152 0.000361968 0.00110175 1 0.0193006 0.0126447 -0.000760226
FixedParameters: 0 0 0

#Transform 31
Transform: AffineTransform_float_3_3
Parameters: 1 0.000191814 -0.000257406 -0.000190751 1 -0.000535177 0.000257587 0.000535367 1 0.00292856 0.0456373 -0.0370081
FixedParameters: 0 0 0

#Transform 32
Transform: AffineTransform_float_3_3
Parameters: 1 0.000279007 -0.000325386 -0.000279185 0.999999 -0.000408611 0.000325159 0.000408257 1 0.00990413 0.0229283 -0.0281671
FixedParameters: 0 0 0

#Transform 33
Transform: AffineTransform_float_3_3
Parameters: 1 -0.000326991 -0.000130665 0.000326853 1 -0.000528759 0.000131011 0.000528674 1 0.0141374 0.0209357 -0.0215288
FixedParameters: 0 0 0

#Transform 34
Transform: AffineTransform_float_3_3
Parameters: 1 -0.000496156 7.75387e-05 0.000496149 1 4.90537e-05 -7.75873e-05 -4.89767e-05 1 -0.00186722 0.0222278 -0.0407349
FixedParameters: 0 0 0

#Transform 35
Transform: AffineTransform_float_3_3
Parameters: 1 -0.000439608 -0.000317456 0.000439065 0.999999 -0.000854942 0.000318207 0.000854662 0.999999 0.0218108 -0.0061245 0.00397137
FixedParameters: 0 0 0

#Transform 36
Transform: AffineTransform_float_3_3
Parameters: 1 -0.000474967 -1.37085e-05 0.000474967 1 -2.71183e-05 1.37343e-05 2.71053e-05 1 -0.000428378 0.0257467 -0.0403574
FixedParameters: 0 0 0

#Transform 37
Transform: AffineTransform_float_3_3
Parameters: 1 -0.000400005 -0.000226065 0.000399415 1 -0.000972334 0.00022675 0.000972146 1 0.0177439 0.0203607 -0.00726762
FixedParameters: 0 0 0

#Transform 38
Transform: AffineTransform_float_3_3
Parameters: 0.999999 -0.000906252 -7.65673e-05 0.000907116 0.999999 -3.18782e-05 7.61431e-05 3.17442e-05 1 0.00503591 0.023789 -0.0376246
FixedParameters: 0 0 0

#Transform 39
Transform: AffineTransform_float_3_3
Parameters: 1 -0.000671567 0.000177085 0.000672202 0.999999 -0.000667066 -0.000177539 0.000667221 0.999999 -0.00815772 0.0348593 -0.00567588
FixedParameters: 0 0 0

#Transform 40
Transform: AffineTransform_float_3_3
Parameters: 1 -0.0002684 0.000242809 0.000267711 1 0.00111106 -0.000243496 -0.00111094 1 -0.0209056 -0.0436728 0.0151901
FixedParameters: 0 0 0

#Transform 41
Transform: AffineTransform_float_3_3
Parameters: 1 -0.000186631 -0.000211697 0.000186905 1 0.00064727 0.000211455 -0.000647349 1 0.0199131 -0.0536029 0.0466141
FixedParameters: 0 0 0

#Transform 42
Transform: AffineTransform_float_3_3
Parameters: 1 -0.000625122 -3.14247e-05 0.000624188 0.999999 0.00137599 3.00951e-05 -0.00137604 0.999999 0.0112486 -0.0190004 -0.0178894
FixedParameters: 0 0 0

#Transform 43
Transform: AffineTransform_float_3_3
Parameters: 1 -0.000306007 -9.14538e-05 0.000305684 0.999999 0.00122107 9.19645e-05 -0.00122105 1 0.0206291 -0.0443095 -0.00850591
FixedParameters: 0 0 0

#Transform 44
Transform: AffineTransform_float_3_3
Parameters: 0.999999 -0.000707645 4.13377e-05 0.000706904 0.999999 0.00126066 -4.18639e-05 -0.00125999 0.999999 0.00759924 -0.0177737 -0.0196113
FixedParameters: 0 0 0

#Transform 45
Transform: AffineTransform_float_3_3
Parameters: 0.999999 -0.000746996 0.000105912 0.000747085 0.999999 0.00108798 -0.000106761 -0.00108774 1 0.00298493 -0.028043 -0.0137124
FixedParameters: 0 0 0

#Transform 46
Transform: AffineTransform_float_3_3
Parameters: 0.999999 -0.000859044 7.4313e-05 0.000859954 0.999999 -0.00027558 -7.4321e-05 0.000275712 1 0.0156335 -0.017968 -0.00137496
FixedParameters: 0 0 0

#Transform 47
Transform: AffineTransform_float_3_3
Parameters: 1 -0.000895857 0.000284773 0.000896049 0.999999 0.00131339 -0.000285389 -0.0013127 0.999999 0.00287498 -0.0195218 -0.0102906
FixedParameters: 0 0 0

#Transform 48
Transform: AffineTransform_float_3_3
Parameters: 1 -0.000663461 0.000168952 0.000662698 1 0.000854473 -0.000168693 -0.000855009 1 0.0120272 -0.0455418 0.0104933
FixedParameters: 0 0 0

#Transform 49
Transform: AffineTransform_float_3_3
Parameters: 1 -0.000298572 -0.00022876 0.000298186 0.999998 -0.00208755 0.000229339 0.00208741 0.999998 0.0300546 -0.0361338 0.00834615
FixedParameters: 0 0 0

#Transform 50
Transform: AffineTransform_float_3_3
Parameters: 1 -0.000431217 -0.00101539 0.000429266 0.999999 -0.00158242 0.00101701 0.00158248 0.999998 0.0689011 0.0417399 -0.0462438
FixedParameters: 0 0 0

#Transform 51
Transform: AffineTransform_float_3_3
Parameters: 0.999999 -0.00117802 -0.000615226 0.00117629 0.999994 -0.00322087 0.000619509 0.00322069 0.999994 0.060054 0.169152 -0.0886429
FixedParameters: 0 0 0

#Transform 52
Transform: AffineTransform_float_3_3
Parameters: 0.999999 -0.00125812 -0.000402518 0.00125747 0.999994 -0.00310831 0.000406169 0.00310794 0.999996 0.0596391 0.108514 -0.046565
FixedParameters: 0 0 0

#Transform 53
Transform: AffineTransform_float_3_3
Parameters: 1 -0.00109039 -0.000297375 0.00109005 0.999997 -0.00218073 0.000300113 0.00217998 0.999998 0.0622652 0.0361781 -0.0105067
FixedParameters: 0 0 0

#Transform 54
Transform: AffineTransform_float_3_3
Parameters: 0.999999 -0.00121186 -0.000300593 0.00121151 0.999999 -0.00110637 0.000301922 0.00110609 0.999999 0.0565219 -0.00717822 -0.000453087
FixedParameters: 0 0 0

#Transform 55
Transform: AffineTransform_float_3_3
Parameters: 0.999999 -0.00148001 0.000398489 0.00147989 0.999999 -0.000460408 -0.00039786 0.000461198 0.999999 0.0294716 0.0239202 -0.0488821
FixedParameters: 0 0 0

#Transform 56
Transform: AffineTransform_float_3_3
Parameters: 0.999999 -0.00142398 0.000694088 0.00142502 0.999998 -0.0011419 -0.00069166 0.00114294 0.999999 0.0128794 -0.00860849 -0.0271173
FixedParameters: 0 0 0

#Transform 57
Transform: AffineTransform_float_3_3
Parameters: 0.999999 -0.00109459 0.000989797 0.00109614 0.999998 -0.00149003 -0.000989093 0.00149055 0.999998 -0.00215194 -0.0212165 0.00357063
FixedParameters: 0 0 0

#Transform 58
Transform: AffineTransform_float_3_3
Parameters: 0.999999 -0.00106597 0.00105271 0.0010667 0.999999 -0.00124187 -0.00105127 0.00124309 0.999999 -0.0165569 0.0300336 -0.0290996
FixedParameters: 0 0 0

#Transform 59
Transform: AffineTransform_float_3_3
Parameters: 0.999999 -0.00127558 0.00122183 0.00127695 0.999999 -0.000656853 -0.00122075 0.000657674 0.999999 -0.0170349 0.0424664 -0.0658156
FixedParameters: 0 0 0

#Transform 60
Transform: AffineTransform_float_3_3
Parameters: 0.999999 -0.00109751 0.00107912 0.00109902 0.999999 -0.00112764 -0.00107834 0.00112845 0.999999 -0.00610101 0.0360392 -0.0677294
FixedParameters: 0 0 0

#Transform 61
Transform: AffineTransform_float_3_3
Parameters: 0.999998 -0.0011805 0.00119288 0.00118137 0.999999 -0.00111503 -0.00119146 0.00111628 0.999999 -0.0126173 0.0110702 -0.054902
FixedParameters: 0 0 0

#Transform 62
Transform: AffineTransform_float_3_3
Parameters: 0.999999 -0.00148293 0.00107452 0.00148355 0.999999 -0.000394231 -0.00107395 0.000395121 1 -0.00425113 0.018911 -0.0732873
FixedParameters: 0 0 0

#Transform 63
Transform: AffineTransform_float_3_3
Parameters: 0.999999 -0.0014356 0.00112022 0.0014362 0.999999 -0.000412287 -0.00111963 0.000413743 0.999999 -0.00446551 0.00166829 -0.065092
FixedParameters: 0 0 0

#Transform 64
Transform: AffineTransform_float_3_3
Parameters: 0.999999 -0.00137634 0.00126605 0.00137635 0.999999 -0.000437862 -0.00126496 0.000439045 0.999999 -0.00699187 -0.0359026 -0.0489203
FixedParameters: 0 0 0

#Transform 65
Transform: AffineTransform_float_3_3
Parameters: 0.999998 -0.00157639 0.00135573 0.00157674 0.999999 -4.28458e-05 -0.00135533 4.49117e-05 0.999999 -0.0153712 -0.0044229 -0.0665788
FixedParameters: 0 0 0

#Transform 66
Transform: AffineTransform_float_3_3
Parameters: 0.999998 -0.00158705 0.00137389 0.00158758 0.999998 -0.000278901 -0.0013736 0.000280966 0.999999 -0.00592771 -0.0212875 -0.0428025
FixedParameters: 0 0 0

#Transform 67
Transform: AffineTransform_float_3_3
Parameters: 0.999998 -0.00169727 0.00152297 0.00169798 0.999998 -0.000262135 -0.00152258 0.000265016 0.999998 -0.0167245 0.0301658 -0.0764404
FixedParameters: 0 0 0

#Transform 68
Transform: AffineTransform_float_3_3
Parameters: 0.999997 -0.00162305 0.00143517 0.00162528 0.999998 -0.00107566 -0.00143323 0.00107793 0.999999 -0.0122423 0.0324953 -0.0695763
FixedParameters: 0 0 0

#Transform 69
Transform: AffineTransform_float_3_3
Parameters: 0.999998 -0.00161012 0.00141309 0.0016115 0.999999 -0.000788838 -0.0014121 0.000790998 0.999999 -0.0152301 0.0439893 -0.0849328
FixedParameters: 0 0 0

#Transform 70
Transform: AffineTransform_float_3_3
Parameters: 0.999998 -0.00149838 0.00121854 0.00150033 0.999998 -0.00115733 -0.00121667 0.00115997 0.999998 -0.00739161 0.0469312 -0.0603121
FixedParameters: 0 0 0

#Transform 71
Transform: AffineTransform_float_3_3
Parameters: 0.999998 -0.00149097 0.00136289 0.00149308 0.999999 -0.00108754 -0.0013612 0.00108922 0.999999 -0.0104494 0.0463874 -0.0770021
FixedParameters: 0 0 0

#Transform 72
Transform: AffineTransform_float_3_3
Parameters: 0.999997 -0.00164269 0.00142808 0.00164306 0.999999 -0.000731951 -0.00142675 0.000734246 0.999999 -0.0112767 0.0608692 -0.0770887
FixedParameters: 0 0 0

#Transform 73
Transform: AffineTransform_float_3_3
Parameters: 0.999997 -0.00170839 0.00146913 0.00170988 0.999999 -0.000824223 -0.00146786 0.000827387 0.999999 -0.00324314 0.0353455 -0.0778165
FixedParameters: 0 0 0

#Transform 74
Transform: AffineTransform_float_3_3
Parameters: 0.999997 -0.00189693 0.00156687 0.00189756 0.999998 -0.000703018 -0.00156518 0.000706572 0.999999 -0.0123363 0.0499559 -0.089738
FixedParameters: 0 0 0

#Transform 75
Transform: AffineTransform_float_3_3
Parameters: 0.999997 -0.00177574 0.00179488 0.0017774 0.999998 -0.000875748 -0.00179275 0.000879198 0.999998 -0.0164294 0.0470074 -0.0832488
FixedParameters: 0 0 0

#Transform 76
Transform: AffineTransform_float_3_3
Parameters: 0.999997 -0.00178994 0.00152939 0.00179116 0.999997 -0.00111568 -0.00152733 0.00111867 0.999998 -0.00865917 0.0494667 -0.0769216
FixedParameters: 0 0 0

#Transform 77
Transform: AffineTransform_float_3_3
Parameters: 0.999997 -0.00182603 0.00161208 0.00182757 0.999998 -0.000697874 -0.00161099 0.000701378 0.999999 -0.0146232 0.0447954 -0.0874001
FixedParameters: 0 0 0

#Transform 78
Transform: AffineTransform_float_3_3
Parameters: 0.999997 -0.00182535 0.00148817 0.00182465 0.999998 4.71044e-05 -0.00148745 -4.4723e-05 0.999999 0.00974964 0.0206516 -0.137208
FixedParameters: 0 0 0

#Transform 79
Transform: AffineTransform_float_3_3
Parameters: 0.999993 -0.00305712 0.0018769 0.00306376 0.99999 -0.00348262 -0.00186592 0.00348795 0.999992 0.0427117 0.218408 -0.193962
FixedParameters: 0 0 0

#Transform 80
Transform: AffineTransform_float_3_3
Parameters: 0.999994 -0.00312718 0.00149072 0.00313014 0.999993 -0.00202223 -0.00148509 0.00202717 0.999997 0.0407497 0.108904 -0.141884
FixedParameters: 0 0 0

#Transform 81
Transform: AffineTransform_float_3_3
Parameters: 0.999999 -0.00122373 0.000702214 0.00122645 0.999994 -0.00326092 -0.000698639 0.0032628 0.999994 0.0390826 0.0859288 -0.0529073
FixedParameters: 0 0 0

#Transform 82
Transform: AffineTransform_float_3_3
Parameters: 0.999999 -0.00053235 0.00119032 0.000534891 0.999999 -0.00169302 -0.00118899 0.0016942 0.999998 0.00411172 0.0385017 -0.0865149
FixedParameters: 0 0 0

#Transform 83
Transform: AffineTransform_float_3_3
Parameters: 1 0.00111081 0.000196891 -0.00111026 0.999998 -0.00163081 -0.000198254 0.00163024 0.999998 0.0237058 0.0613505 -0.0642889
FixedParameters: 0 0 0

#Transform 84
Transform: AffineTransform_float_3_3
Parameters: 1 0.000895591 0.000396788 -0.000894874 0.999998 -0.00160406 -0.000398446 0.0016048 0.999999 0.0111581 0.0489692 -0.02835
FixedParameters: 0 0 0

#Transform 85
Transform: AffineTransform_float_3_3
Parameters: 0.999999 -0.000250248 0.00145921 0.000252347 0.999999 -0.00165784 -0.00145924 0.00165784 0.999998 -0.0468029 0.0968655 -0.0255918
FixedParameters: 0 0 0

#Transform 86
Transform: AffineTransform_float_3_3
Parameters: 0.999998 -0.000127959 0.00181501 0.00013114 0.999998 -0.00186608 -0.00181504 0.00186612 0.999997 -0.063492 0.0762721 -0.0327499
FixedParameters: 0 0 0

#Transform 87
Transform: AffineTransform_float_3_3
Parameters: 0.999998 -0.000165574 0.00194575 0.000168698 0.999998 -0.00168775 -0.00194561 0.00168798 0.999997 -0.0698361 0.08319 -0.0503661
FixedParameters: 0 0 0

#Transform 88
Transform: AffineTransform_float_3_3
Parameters: 0.999998 -0.000499329 0.00213342 0.000502808 0.999999 -0.00175017 -0.00213291 0.00175095 0.999996 -0.0764991 0.0829144 -0.0590754
FixedParameters: 0 0 0

#Transform 89
Transform: AffineTransform_float_3_3
Parameters: 0.999998 -0.000587587 0.00177459 0.000591538 0.999997 -0.0023466 -0.00177326 0.00234786 0.999996 -0.0513499 0.0665752 -0.037793
FixedParameters: 0 0 0

#Transform 90
Transform: AffineTransform_float_3_3
Parameters: 0.999998 -0.000690695 0.00195818 0.000694898 0.999998 -0.00211201 -0.00195646 0.00211253 0.999996 -0.0618888 0.065051 -0.039494
FixedParameters: 0 0 0

#Transform 91
Transform: AffineTransform_float_3_3
Parameters: 0.999998 -0.000553607 0.00165556 0.000557651 0.999995 -0.0028259 -0.00165346 0.00282636 0.999995 -0.0438297 0.0371515 -0.0128362
FixedParameters: 0 0 0

#Transform 92
Transform: AffineTransform_float_3_3
Parameters: 0.999998 -0.000861 0.00197113 0.000865502 0.999997 -0.0023112 -0.00196935 0.00231315 0.999996 -0.0600387 0.040518 -0.0250956
FixedParameters: 0 0 0

#Transform 93
Transform: AffineTransform_float_3_3
Parameters: 0.999998 -0.000912613 0.0019993 0.000916662 0.999997 -0.00214736 -0.00199744 0.00214873 0.999995 -0.0624634 0.0396922 -0.0176562
FixedParameters: 0 0 0

#Transform 94
Transform: AffineTransform_float_3_3
Parameters: 0.999998 -0.000830583 0.0019039 0.00083589 0.999996 -0.00264407 -0.00190179 0.00264578 0.999995 -0.0562001 0.0403544 -0.0220975
FixedParameters: 0 0 0

#Transform 95
Transform: AffineTransform_float_3_3
Parameters: 0.999997 -0.000933591 0.00207755 0.000937801 0.999997 -0.00246369 -0.0020755 0.00246519 0.999995 -0.0552392 0.0940452 -0.0420628
FixedParameters: 0 0 0

#Transform 96
Transform: AffineTransform_float_3_3
Parameters: 0.999998 -0.00112581 0.00161674 0.00113137 0.999993 -0.0033809 -0.0016139 0.00338344 0.999993 -0.0186885 0.111397 -0.0342969
FixedParameters: 0 0 0

#Transform 97
Transform: AffineTransform_float_3_3
Parameters: 0.999998 -0.00119836 0.00171149 0.00120341 0.999996 -0.00261658 -0.00170785 0.00261894 0.999995 -0.0178383 0.0962664 -0.0342715
FixedParameters: 0 0 0

#Transform 98
Transform: AffineTransform_float_3_3
Parameters: 0.999998 -0.000926059 0.00176078 0.00093044 0.999995 -0.00277189 -0.00175889 0.0027736 0.999995 -0.0230605 0.0853725 -0.0401081
FixedParameters: 0 0 0

#Transform 99
Transform: AffineTransform_float_3_3
Parameters: 0.999998 -0.000757014 0.0020198 0.000762278 0.999997 -0.00246353 -0.00201823 0.0024643 0.999995 -0.0404172 0.0910564 -0.0598399
FixedParameters: 0 0 0

#Transform 100
Transform: AffineTransform_float_3_3
Parameters: 0.999998 -0.000730039 0.00197184 0.000735451 0.999995 -0.00280039 -0.00196955 0.00280181 0.999994 -0.0528984 0.1015 -0.0599446
FixedParameters: 0 0 0

#Transform 101
Transform: AffineTransform_float_3_3
Parameters: 0.999998 -0.000594195 0.00176108 0.000598814 0.999995 -0.00297314 -0.00175958 0.00297461 0.999995 -0.035816 0.077856 -0.0513605
FixedParameters: 0 0 0

#Transform 102
Transform: AffineTransform_float_3_3
Parameters: 0.999999 -0.000560506 0.00187767 0.000565877 0.999997 -0.00259606 -0.00187618 0.00259734 0.999995 -0.0499781 0.129637 -0.114165
FixedParameters: 0 0 0

#Transform 103
Transform: AffineTransform_float_3_3
Parameters: 0.999998 -0.000485014 0.00179934 0.000490022 0.999995 -0.00286746 -0.00179759 0.00286784 0.999994 -0.0489831 0.129633 -0.124147
FixedParameters: 0 0 0

#Transform 104
Transform: AffineTransform_float_3_3
Parameters: 0.999998 -0.000506639 0.001917 0.000512158 0.999995 -0.0029655 -0.00191603 0.00296682 0.999994 -0.0446319 0.110191 -0.117905
FixedParameters: 0 0 0

#Transform 105
Transform: AffineTransform_float_3_3
Parameters: 0.999998 -0.000650981 0.00180067 0.000656407 0.999994 -0.00315354 -0.00179855 0.00315441 0.999994 -0.055277 0.145132 -0.135772
FixedParameters: 0 0 0

#Transform 106
Transform: AffineTransform_float_3_3
Parameters: 0.999998 -0.00069678 0.00172908 0.000701841 0.999995 -0.00322672 -0.00172653 0.00322735 0.999993 -0.051873 0.125532 -0.112042
FixedParameters: 0 0 0

#Transform 107
Transform: AffineTransform_float_3_3
Parameters: 0.999998 -0.000701896 0.00186317 0.000707297 0.999995 -0.00304092 -0.00186089 0.00304207 0.999994 -0.0394359 0.137615 -0.129663
FixedParameters: 0 0 0

#Transform 108
Transform: AffineTransform_float_3_3
Parameters: 0.999998 -0.000857438 0.00207684 0.000864524 0.999994 -0.00324703 -0.00207412 0.00324904 0.999993 -0.0562529 0.146293 -0.133946
FixedParameters: 0 0 0

#Transform 109
Transform: AffineTransform_float_3_3
Parameters: 0.999997 -0.00055696 0.00224209 0.000564253 0.999995 -0.00324704 -0.00224084 0.00324798 0.999992 -0.0536625 0.0972487 -0.0986847
FixedParameters: 0 0 0

#Transform 110
Transform: AffineTransform_float_3_3
Parameters: 0.999997 -0.000527472 0.00232966 0.000537165 0.999992 -0.00402388 -0.00232843 0.00402468 0.999989 -0.0613693 0.145709 -0.109569
FixedParameters: 0 0 0

#Transform 111
Transform: AffineTransform_float_3_3
Parameters: 0.999997 -0.00067598 0.00199761 0.000684992 0.999989 -0.00469573 -0.00199464 0.00469728 0.999987 -0.0484258 0.129933 -0.0901939
FixedParameters: 0 0 0

#Transform 112
Transform: AffineTransform_float_3_3
Parameters: 0.999998 -0.000306717 0.00192456 0.000317274 0.999983 -0.00581693 -0.00192312 0.00581783 0.999982 -0.0631795 0.155494 -0.0670296
FixedParameters: 0 0 0

#Transform 113
Transform: AffineTransform_float_3_3
Parameters: 0.999997 -0.000468649 0.00239122 0.000480353 0.999988 -0.00481375 -0.00238915 0.00481515 0.999986 -0.0660685 0.119521 -0.0478856
FixedParameters: 0 0 0

#Transform 114
Transform: AffineTransform_float_3_3
Parameters: 0.999997 -0.000556691 0.00228122 0.000565945 0.999992 -0.00401309 -0.00227976 0.00401397 0.999989 -0.055199 0.158188 -0.0917816
FixedParameters: 0 0 0

#Transform 115
Transform: AffineTransform_float_3_3
Parameters: 0.999997 -0.000677446 0.00217858 0.000686424 0.999992 -0.00405241 -0.00217524 0.00405432 0.999989 -0.0536451 0.142592 -0.0986878
FixedParameters: 0 0 0

#Transform 116
Transform: AffineTransform_float_3_3
Parameters: 0.999997 -0.000600449 0.00233594 0.000610795 0.999989 -0.00460577 -0.00233277 0.00460773 0.999987 -0.0510756 0.132049 -0.075896
FixedParameters: 0 0 0

#Transform 117
Transform: AffineTransform_float_3_3
Parameters: 0.999995 -0.00104434 0.00276826 0.00105455 0.999993 -0.00376227 -0.00276457 0.00376568 0.999989 -0.0712521 0.151724 -0.109859
FixedParameters: 0 0 0

#Transform 118
Transform: AffineTransform_float_3_3
Parameters: 0.999994 -0.00112505 0.00307402 0.00113643 0.999992 -0.00375779 -0.00307003 0.00376173 0.999988 -0.0657429 0.137384 -0.110382
FixedParameters: 0 0 0

#Transform 119
Transform: AffineTransform_float_3_3
Parameters: 0.999994 -0.00119373 0.00305262 0.00120631 0.999992 -0.00402049 -0.00304753 0.00402395 0.999987 -0.0646441 0.129906 -0.100859
FixedParameters: 0 0 0

#Transform 120
Transform: AffineTransform_float_3_3
Parameters: 0.999995 -0.00114631 0.00280896 0.0011576 0.999992 -0.0039172 -0.00280411 0.00392043 0.999988 -0.0559743 0.138237 -0.105131
FixedParameters: 0 0 0

#Transform 121
Transform: AffineTransform_float_3_3
Parameters: 0.999995 -0.0011655 0.002752 0.00117644 0.999991 -0.00400272 -0.00274766 0.00400531 0.999988 -0.0540335 0.1396 -0.100407
FixedParameters: 0 0 0

#Transform 122
Transform: AffineTransform_float_3_3
Parameters: 0.999995 -0.00122036 0.00296455 0.00123198 0.999992 -0.00380504 -0.00296017 0.00380846 0.999988 -0.0575152 0.141685 -0.0998253
FixedParameters: 0 0 0

#Transform 123
Transform: AffineTransform_float_3_3
Parameters: 0.999996 -0.00118055 0.00256589 0.0011918 0.99999 -0.00444741 -0.00256056 0.00445069 0.999986 -0.0483391 0.140307 -0.0967209
FixedParameters: 0 0 0

#Transform 124
Transform: AffineTransform_float_3_3
Parameters: 0.999998 -0.000492124 0.00216808 0.000504877 0.999984 -0.00572869 -0.0021652 0.00572964 0.999981 -0.0603351 0.157958 -0.0794118
FixedParameters: 0 0 0

#Transform 125
Transform: AffineTransform_float_3_3
Parameters: 0.999997 -0.000437082 0.00237627 0.000447209 0.999991 -0.00435062 -0.00237387 0.00435194 0.999988 -0.0640149 0.168649 -0.0815366
FixedParameters: 0 0 0

#Transform 126
Transform: AffineTransform_float_3_3
Parameters: 0.999997 -0.000673772 0.00255295 0.000683817 0.999992 -0.00386687 -0.00255022 0.0038695 0.999989 -0.0589623 0.168878 -0.1157
FixedParameters: 0 0 0

#Transform 127
Transform: AffineTransform_float_3_3
Parameters: 0.999997 -0.00159229 0.00165885 0.00159451 0.999997 -0.00191946 -0.00165602 0.00192207 0.999996 -0.00394312 0.16566 -0.217319
FixedParameters: 0 0 0

#Transform 128
Transform: AffineTransform_float_3_3
Parameters: 0.999997 -0.00217351 0.00146806 0.00217242 0.999998 0.00079262 -0.00146922 -0.000789407 0.999998 0.0194298 0.0911737 -0.227041
FixedParameters: 0 0 0

#Transform 129
Transform: AffineTransform_float_3_3
Parameters: 0.999998 -0.00158026 0.00168035 0.00158173 0.999998 -0.000878939 -0.00167855 0.000881326 0.999999 0.0207899 0.0873875 -0.196531
FixedParameters: 0 0 0

#Transform 130
Transform: AffineTransform_float_3_3
Parameters: 0.999996 -0.00196311 0.00188767 0.00196851 0.999995 -0.00258791 -0.00188305 0.00259109 0.999995 -0.0106696 0.12348 -0.124468
FixedParameters: 0 0 0

#Transform 131
Transform: AffineTransform_float_3_3
Parameters: 0.999997 -0.0020232 0.0016688 0.00202877 0.999993 -0.00323475 -0.0016623 0.0032377 0.999994 -0.00326529 0.169541 -0.150927
FixedParameters: 0 0 0

#Transform 132
Transform: AffineTransform_float_3_3
Parameters: 0.999996 -0.0019694 0.00204526 0.00197702 0.999991 -0.00373412 -0.00203721 0.00373774 0.999991 -0.00277787 0.155096 -0.13692
FixedParameters: 0 0 0

#Transform 133
Transform: AffineTransform_float_3_3
Parameters: 0.999995 -0.00217057 0.00231681 0.00217774 0.999993 -0.00311842 -0.00230962 0.00312321 0.999992 -0.0281388 0.155111 -0.150285
FixedParameters: 0 0 0

#Transform 134
Transform: AffineTransform_float_3_3
Parameters: 0.999995 -0.00236664 0.0021626 0.00237451 0.99999 -0.00355461 -0.00215443 0.00355941 0.999991 -0.0245021 0.169848 -0.141338
FixedParameters: 0 0 0

#Transform 135
Transform: AffineTransform_float_3_3
Parameters: 0.999994 -0.00227557 0.00240411 0.00228398 0.999991 -0.00347077 -0.00239648 0.00347574 0.999991 -0.0266211 0.175191 -0.132767
FixedParameters: 0 0 0

#Transform 136
Transform: AffineTransform_float_3_3
Parameters: 0.999996 -0.00215003 0.00210673 0.00215656 0.999992 -0.00327829 -0.00209899 0.00328208 0.999992 -0.0090205 0.135389 -0.118726
FixedParameters: 0 0 0

#Transform 137
Transform: AffineTransform_float_3_3
Parameters: 0.999993 -0.00233288 0.00272616 0.00234166 0.999992 -0.00324495 -0.00271861 0.00325116 0.999991 -0.0358483 0.173615 -0.153877
FixedParameters: 0 0 0

#Transform 138
Transform: AffineTransform_float_3_3
Parameters: 0.999993 -0.0023759 0.00273442 0.00238482 0.999991 -0.00366118 -0.00272605 0.00366801 0.99999 -0.0304711 0.157699 -0.138597
FixedParameters: 0 0 0

#Transform 139
Transform: AffineTransform_float_3_3
Parameters: 0.999993 -0.002423 0.00268781 0.00243277 0.999991 -0.0036054 -0.00267884 0.00361097 0.99999 -0.0112983 0.146598 -0.150509
FixedParameters: 0 0 0

#Transform 140
Transform: AffineTransform_float_3_3
Parameters: 0.999993 -0.00254688 0.00302111 0.00255766 0.999991 -0.00345364 -0.00301134 0.00346106 0.99999 -0.0352381 0.17085 -0.158544
FixedParameters: 0 0 0

#Transform 141
Transform: AffineTransform_float_3_3
Parameters: 0.999993 -0.00227418 0.00284666 0.00228477 0.99999 -0.00379674 -0.00283841 0.00380299 0.999989 -0.0325366 0.159511 -0.14997
FixedParameters: 0 0 0

#Transform 142
Transform: AffineTransform_float_3_3
Parameters: 0.999994 -0.00239381 0.00256528 0.00240424 0.999989 -0.00416683 -0.00255575 0.00417201 0.999988 -0.0105736 0.15398 -0.13384
FixedParameters: 0 0 0

#Transform 143
Transform: AffineTransform_float_3_3
Parameters: 0.999992 -0.00271216 0.00280506 0.00272164 0.99999 -0.0034586 -0.00279557 0.00346628 0.999991 -0.0295234 0.166514 -0.153332
FixedParameters: 0 0 0

#Transform 144
Transform: AffineTransform_float_3_3
Parameters: 0.999993 -0.00263299 0.00274965 0.00264379 0.999988 -0.00388449 -0.00273943 0.00389135 0.999989 -0.0189939 0.15663 -0.143774
FixedParameters: 0 0 0

#Transform 145
Transform: AffineTransform_float_3_3
Parameters: 0.999992 -0.00262613 0.00294011 0.00263652 0.99999 -0.00370735 -0.00293038 0.00371516 0.999989 -0.0228028 0.158199 -0.1624
FixedParameters: 0 0 0

#Transform 146
Transform: AffineTransform_float_3_3
Parameters: 0.999992 -0.00267134 0.0029422 0.00268093 0.999991 -0.00327762 -0.00293374 0.00328498 0.99999 -0.0235231 0.167681 -0.157803
FixedParameters: 0 0 0

#Transform 147
Transform: AffineTransform_float_3_3
Parameters: 0.999992 -0.00262701 0.00294059 0.00263827 0.99999 -0.00370722 -0.00293133 0.00371506 0.999989 -0.0166553 0.169483 -0.149664
FixedParameters: 0 0 0

#Transform 148
Transform: AffineTransform_float_3_3
Parameters: 0.999992 -0.00298317 0.00294153 0.0029925 0.99999 -0.00340918 -0.00293197 0.00341873 0.99999 -0.0147058 0.174096 -0.174793
FixedParameters: 0 0 0

#Transform 149
Transform: AffineTransform_float_3_3
Parameters: 0.999992 -0.00272204 0.0029723 0.00273204 0.999991 -0.00331393 -0.00296331 0.00332175 0.99999 -0.0240825 0.162348 -0.172642
FixedParameters: 0 0 0

#Transform 150
Transform: AffineTransform_float_3_3
Parameters: 0.999991 -0.00317291 0.00293979 0.00318199 0.999989 -0.00335541 -0.0029291 0.00336384 0.99999 -0.00955332 0.170093 -0.173357
FixedParameters: 0 0 0

#Transform 151
Transform: AffineTransform_float_3_3
Parameters: 0.99999 -0.00314831 0.00304512 0.00315771 0.99999 -0.00329111 -0.003035 0.00330006 0.99999 -0.0114228 0.17121 -0.172319
FixedParameters: 0 0 0

#Transform 152
Transform: AffineTransform_float_3_3
Parameters: 0.999991 -0.00320986 0.00265387 0.00322017 0.999988 -0.00368105 -0.00264203 0.00368923 0.99999 0.00548371 0.147071 -0.169216
FixedParameters: 0 0 0

#Transform 153
Transform: AffineTransform_float_3_3
Parameters: 0.999991 -0.00323397 0.00299777 0.00324267 0.999989 -0.00318676 -0.00298771 0.00319678 0.999991 -0.00998894 0.168537 -0.187235
FixedParameters: 0 0 0

#Transform 154
Transform: AffineTransform_float_3_3
Parameters: 0.99999 -0.00314823 0.00309643 0.00315768 0.99999 -0.00314081 -0.00308643 0.00315048 0.999991 -0.00819385 0.165004 -0.175016
FixedParameters: 0 0 0

#Transform 155
Transform: AffineTransform_float_3_3
Parameters: 0.999992 -0.00302328 0.00264816 0.00303367 0.999987 -0.00388301 -0.00263613 0.00389101 0.999989 0.0189422 0.160055 -0.159816
FixedParameters: 0 0 0

#Transform 156
Transform: AffineTransform_float_3_3
Parameters: 0.999989 -0.00355989 0.00302921 0.00356913 0.999989 -0.00309093 -0.00301796 0.00310199 0.99999 0.00073912 0.190174 -0.195557
FixedParameters: 0 0 0

#Transform 157
Transform: AffineTransform_float_3_3
Parameters: 0.999989 -0.00351617 0.00318643 0.00352535 0.999989 -0.00297704 -0.0031749 0.00298848 0.99999 -0.00425357 0.174256 -0.184991
FixedParameters: 0 0 0

#Transform 158
Transform: AffineTransform_float_3_3
Parameters: 0.999989 -0.00368063 0.00297695 0.00368966 0.999988 -0.00321364 -0.00296501 0.00322495 0.999991 0.015372 0.17475 -0.186645
FixedParameters: 0 0 0

#Transform 159
Transform: AffineTransform_float_3_3
Parameters: 0.999989 -0.00373857 0.00287795 0.00374741 0.999988 -0.00295146 -0.00286625 0.00296255 0.999992 0.0137621 0.185811 -0.20061
FixedParameters: 0 0 0

#Transform 160
Transform: AffineTransform_float_3_3
Parameters: 0.999989 -0.00370613 0.00297682 0.0037151 0.999988 -0.00295328 -0.00296616 0.00296484 0.999991 0.0146822 0.178677 -0.193462
FixedParameters: 0 0 0

#Transform 161
Transform: AffineTransform_float_3_3
Parameters: 0.999991 -0.00349307 0.00268827 0.00350229 0.999988 -0.00337696 -0.00267615 0.0033866 0.999991 0.0287382 0.172965 -0.175948
FixedParameters: 0 0 0

#Transform 162
Transform: AffineTransform_float_3_3
Parameters: 0.999989 -0.00380859 0.00302251 0.00381643 0.999989 -0.00274925 -0.00301124 0.00276102 0.999991 0.0116882 0.181508 -0.204366
FixedParameters: 0 0 0

#Transform 163
Transform: AffineTransform_float_3_3
Parameters: 0.99999 -0.00348412 0.00292207 0.00349257 0.999989 -0.0030951 -0.00291136 0.00310495 0.999991 0.00636069 0.177628 -0.193156
FixedParameters: 0 0 0

#Transform 164
Transform: AffineTransform_float_3_3
Parameters: 0.999992 -0.00289596 0.00257476 0.00290577 0.999989 -0.00383598 -0.00256321 0.00384349 0.999989 0.00183519 0.167338 -0.173883
FixedParameters: 0 0 0

#Transform 165
Transform: AffineTransform_float_3_3
Parameters: 0.999991 -0.00273532 0.00296954 0.00274903 0.999985 -0.00474494 -0.00295588 0.00475326 0.999985 -0.0146563 0.20399 -0.179361
FixedParameters: 0 0 0

#Transform 166
Transform: AffineTransform_float_3_3
Parameters: 0.99999 -0.00330193 0.00299932 0.00331454 0.999986 -0.00422822 -0.00298495 0.00423805 0.999987 0.00650174 0.173919 -0.180536
FixedParameters: 0 0 0

#Transform 167
Transform: AffineTransform_float_3_3
Parameters: 0.999989 -0.00361224 0.00301207 0.00362232 0.999987 -0.00343994 -0.00299989 0.00345046 0.99999 0.00556125 0.219672 -0.231874
FixedParameters: 0 0 0

#Transform 168
Transform: AffineTransform_float_3_3
Parameters: 0.999989 -0.00366555 0.00305535 0.00367621 0.999986 -0.00356342 -0.00304276 0.0035745 0.999989 0.00121139 0.198774 -0.220261
FixedParameters: 0 0 0

#Transform 169
Transform: AffineTransform_float_3_3
Parameters: 0.999988 -0.00375281 0.00306157 0.00376492 0.999985 -0.00402522 -0.00304676 0.00403637 0.999987 0.0147265 0.191507 -0.203186
FixedParameters: 0 0 0

#Transform 170
Transform: AffineTransform_float_3_3
Parameters: 0.999988 -0.00373832 0.00303632 0.00375037 0.999986 -0.00371215 -0.00302266 0.00372406 0.999989 0.0104658 0.201641 -0.2179
FixedParameters: 0 0 0

#Transform 171
Transform: AffineTransform_float_3_3
Parameters: 0.999988 -0.00390941 0.00282206 0.00392081 0.999983 -0.00418836 -0.00280606 0.00419904 0.999987 0.0255895 0.193074 -0.208883
FixedParameters: 0 0 0

#Transform 172
Transform: AffineTransform_float_3_3
Parameters: 0.999989 -0.0039379 0.00261497 0.00394908 0.999985 -0.00386312 -0.00259957 0.00387314 0.999989 0.0294901 0.19662 -0.22469
FixedParameters: 0 0 0

#Transform 173
Transform: AffineTransform_float_3_3
Parameters: 0.999989 -0.00393828 0.00261679 0.00394829 0.999985 -0.00389214 -0.00260155 0.00390208 0.999989 0.0293154 0.184671 -0.196777
FixedParameters: 0 0 0

#Transform 174
Transform: AffineTransform_float_3_3
Parameters: 0.999988 -0.00402061 0.00263497 0.00403024 0.999986 -0.00339055 -0.00262169 0.00340127 0.999991 0.0337982 0.202939 -0.216344
FixedParameters: 0 0 0

#Transform 175
Transform: AffineTransform_float_3_3
Parameters: 0.999989 -0.00397627 0.00255093 0.00398523 0.999985 -0.00366354 -0.00253626 0.00367325 0.99999 0.0359262 0.192739 -0.204085
FixedParameters: 0 0 0

#Transform 176
Transform: AffineTransform_float_3_3
Parameters: 0.999989 -0.00398617 0.00261001 0.00399468 0.999987 -0.00328479 -0.00259646 0.00329521 0.999992 0.0264073 0.201894 -0.214299
FixedParameters: 0 0 0

#Transform 177
Transform: AffineTransform_float_3_3
Parameters: 0.999989 -0.00382403 0.00256372 0.00383438 0.999984 -0.00408426 -0.00254813 0.00409403 0.999989 0.028714 0.199139 -0.174767
FixedParameters: 0 0 0

#Transform 178
Transform: AffineTransform_float_3_3
Parameters: 0.999988 -0.00393877 0.00282412 0.00394756 0.999987 -0.00330507 -0.00281111 0.00331631 0.999991 0.0189378 0.197252 -0.205234
FixedParameters: 0 0 0

#Transform 179
Transform: AffineTransform_float_3_3
Parameters: 0.999988 -0.00400427 0.00281047 0.00401315 0.999987 -0.00314367 -0.00279858 0.00315434 0.999991 0.0185727 0.196895 -0.212545
FixedParameters: 0 0 0

#Transform 180
Transform: AffineTransform_float_3_3
Parameters: 0.999989 -0.00394346 0.00259662 0.00395325 0.999986 -0.00347167 -0.00258323 0.00348168 0.99999 0.0325223 0.165426 -0.179048
FixedParameters: 0 0 0

#Transform 181
Transform: AffineTransform_float_3_3
Parameters: 0.999989 -0.00357477 0.0029691 0.00358483 0.999987 -0.00343393 -0.00295648 0.00344537 0.99999 0.000778631 0.199361 -0.207817
FixedParameters: 0 0 0

#Transform 182
Transform: AffineTransform_float_3_3
Parameters: 0.999991 -0.00351116 0.00243533 0.00352196 0.999984 -0.00443858 -0.00242003 0.00444668 0.999987 0.0342586 0.183352 -0.191614
FixedParameters: 0 0 0

#Transform 183
Transform: AffineTransform_float_3_3
Parameters: 0.999988 -0.00401767 0.00267276 0.00402771 0.999985 -0.00381653 -0.00265751 0.00382734 0.999989 0.0300138 0.204749 -0.204354
FixedParameters: 0 0 0

#Transform 184
Transform: AffineTransform_float_3_3
Parameters: 0.999988 -0.00410364 0.00246799 0.00411285 0.999985 -0.00368019 -0.00245273 0.0036904 0.99999 0.0366347 0.225498 -0.229076
FixedParameters: 0 0 0

#Transform 185
Transform: AffineTransform_float_3_3
Parameters: 0.999988 -0.00432961 0.00209779 0.00433799 0.999983 -0.00405866 -0.00208048 0.00406766 0.99999 0.0545788 0.215104 -0.223953
FixedParameters: 0 0 0

#Transform 186
Transform: AffineTransform_float_3_3
Parameters: 0.999988 -0.00428329 0.00212232 0.00429168 0.999983 -0.00370118 -0.00210653 0.00370985 0.999991 0.0462176 0.199811 -0.235405
FixedParameters: 0 0 0

#Transform 187
Transform: AffineTransform_float_3_3
Parameters: 0.999988 -0.00428484 0.00213365 0.00429302 0.999983 -0.00389227 -0.00211582 0.00390157 0.99999 0.0458791 0.207592 -0.236392
FixedParameters: 0 0 0

#Transform 188
Transform: AffineTransform_float_3_3
Parameters: 0.99999 -0.00407542 0.0020368 0.00408447 0.999982 -0.00425007 -0.00201926 0.00425844 0.999988 0.0529961 0.191101 -0.212426
FixedParameters: 0 0 0

#Transform 189
Transform: AffineTransform_float_3_3
Parameters: 0.999988 -0.00430767 0.0021417 0.00431568 0.999984 -0.00357896 -0.00212679 0.00358791 0.999992 0.0506519 0.201588 -0.23987
FixedParameters: 0 0 0
