#Insight Transform File V1.0
#Transform 0
Transform: AffineTransform_float_3_3
Parameters: 0.999999 0.000793781 0.000320178 -0.00079337 0.999999 -0.00105981 -0.000320579 0.0010593 1 -0.0194222 -0.018798 0.0722089
FixedParameters: 0 0 0

#Transform 1
Transform: AffineTransform_float_3_3
Parameters: 1 0.000681969 -0.00012727 -0.000682287 0.999999 -0.00117654 0.00012556 0.00117671 1 -0.0202368 0.0263067 0.0629248
FixedParameters: 0 0 0

#Transform 2
Transform: AffineTransform_float_3_3
Parameters: 1 0.000642387 0.000103977 -0.000642436 0.999999 -0.00105401 -0.000104051 0.00105388 1 -0.0213003 -0.0213006 0.0642903
FixedParameters: 0 0 0

#Transform 3
Transform: AffineTransform_float_3_3
Parameters: 1 0.000614127 0.000113435 -0.000614077 1 -0.000340749 -0.000113808 0.000340952 0.999999 -0.00677716 -0.0319368 0.0744718
FixedParameters: 0 0 0

#Transform 4
Transform: AffineTransform_float_3_3
Parameters: 0.999999 0.000667834 0.000485956 -0.000668271 1 -0.000477629 -0.000486059 0.000478223 1 -0.0122495 -0.0301628 0.0321727
FixedParameters: 0 0 0

#Transform 5
Transform: AffineTransform_float_3_3
Parameters: 1 0.000569541 -7.33801e-05 -0.000569568 1 -0.000184737 7.31697e-05 0.00018482 1 -0.0177508 -0.00847234 0.0579194
FixedParameters: 0 0 0

#Transform 6
Transform: AffineTransform_float_3_3
Parameters: 1 0.000410345 0.000101411 -0.000409643 0.999999 -0.000646279 -0.000101126 0.000646234 1 -0.0186368 0.00906383 0.0452169
FixedParameters: 0 0 0

#Transform 7
Transform: AffineTransform_float_3_3
Parameters: 1 0.000308941 0.000438911 -0.000308347 0.999999 -0.00067657 -0.000439329 0.000676299 0.999999 -0.0189179 -0.0548482 0.0167346
FixedParameters: 0 0 0

#Transform 8
Transform: AffineTransform_float_3_3
Parameters: 1 0.000225353 7.62307e-05 -0.000225292 1 -0.000396539 -7.64094e-05 0.000396505 1 -0.0205471 -0.0792642 0.0955864
FixedParameters: 0 0 0

#Transform 9
Transform: AffineTransform_float_3_3
Parameters: 1 0.000164173 0.000116732 -0.00016406 1 -0.000484042 -0.000116891 0.000484003 1 -0.0194707 0.068064 0.0387746
FixedParameters: 0 0 0

#Transform 10
Transform: AffineTransform_float_3_3
Parameters: 1 0.000235999 7.04192e-05 -0.000235952 1 -0.000334068 -7.05769e-05 0.000334035 1 -0.0193583 0.0464354 0.0487337
FixedParameters: 0 0 0

#Transform 11
Transform: AffineTransform_float_3_3
Parameters: 1 0.000178449 0.000113877 -0.000178401 1 -0.000210432 -0.000113952 0.000210391 1 -0.0159299 0.06267 0.036841
FixedParameters: 0 0 0

#Transform 12
Transform: AffineTransform_float_3_3
Parameters: 1 0.000141445 0.000145839 -0.000141452 1 2.41692e-05 -0.000145832 -2.42105e-05 1 -0.0183307 0.0598461 0.0116041
FixedParameters: 0 0 0

#Transform 13
Transform: AffineTransform_float_3_3
Parameters: 1 0.00024277 0.000273173 -0.000242895 1 0.000229467 -0.000273061 -0.000229599 1 -0.0146188 -0.0858808 0.0437733
FixedParameters: 0 0 0

#Transform 14
Transform: AffineTransform_float_3_3
Parameters: 1 0.000106111 5.01397e-05 -0.000106167 1 0.000555771 -5.00218e-05 -0.000555781 1 -0.0190343 0.0180286 0.0414591
FixedParameters: 0 0 0

#Transform 15
Transform: AffineTransform_float_3_3
Parameters: 1 0.000132177 0.000147697 -0.000132131 1 -0.000153577 -0.000147738 0.000153538 1 -0.0103609 0.0233394 -0.0451187
FixedParameters: 0 0 0

#Transform 16
Transform: AffineTransform_float_3_3
Parameters: 1 0.000146965 0.000144734 -0.000147003 1 0.000130018 -0.000144696 -0.000130061 1 -0.0199033 -0.0251739 0.058794
FixedParameters: 0 0 0

#Transform 17
Transform: AffineTransform_float_3_3
Parameters: 1 -2.4731e-05 8.18735e-05 2.47315e-05 1 -2.84503e-06 -8.18734e-05 2.84908e-06 1 0.00537005 -0.00866444 0.0467207
FixedParameters: 0 0 0

#Transform 18
Transform: AffineTransform_float_3_3
Parameters: 1 0.000120219 1.72925e-05 -0.000120216 1 -9.32292e-05 -1.73149e-05 9.3225e-05 1 -0.0106642 -0.00755054 0.0347348
FixedParameters: 0 0 0

#Transform 19
Transform: AffineTransform_float_3_3
Parameters: 1 0.000121611 -1.90787e-05 -0.000121614 1 -9.36827e-05 1.90559e-05 9.36874e-05 1 -0.0115758 -0.0127333 0.0569719
FixedParameters: 0 0 0

#Transform 20
Transform: AffineTransform_float_3_3
Parameters: 1 0.000135353 0.00014706 -0.000135326 1 -9.26639e-05 -0.000147085 9.26241e-05 1 -0.0115879 -0.00293822 0.0357561
FixedParameters: 0 0 0

#Transform 21
Transform: AffineTransform_float_3_3
Parameters: 1 0.000131135 0.000147906 -0.000131084 1 -0.000173548 -0.000147952 0.00017351 1 -0.00632313 0.0202647 -0.0700265
FixedParameters: 0 0 0

#Transform 22
Transform: AffineTransform_float_3_3
Parameters: 1 7.50867e-05 4.51478e-05 -7.50952e-05 1 9.36858e-05 -4.51338e-05 -9.36925e-05 1 -0.00777507 -0.0440897 -0.020079
FixedParameters: 0 0 0

#Transform 23
Transform: AffineTransform_float_3_3
Parameters: 1 -0.00015279 0.000182857 0.000152818 1 -7.71695e-05 -0.000182833 7.72253e-05 1 0.00416391 -0.0498508 -0.0063629
FixedParameters: 0 0 0

#Transform 24
Transform: AffineTransform_float_3_3
Parameters: 1 1.16562e-05 -2.99539e-05 -1.16615e-05 1 -8.80502e-05 2.99519e-05 8.80509e-05 1 -0.00599325 -0.0110625 -0.0526573
FixedParameters: 0 0 0

#Transform 25
Transform: AffineTransform_float_3_3
Parameters: 1 -0.000393943 -0.000304727 0.000393847 1 -0.000156996 0.000304851 0.000156756 1 0.00415908 -0.0304592 0.0375982
FixedParameters: 0 0 0

#Transform 26
Transform: AffineTransform_float_3_3
Parameters: 1 -0.000184995 -0.000132005 0.000184856 1 -0.000524509 0.000132199 0.00052446 1 0.00527131 -0.052549 0.0225221
FixedParameters: 0 0 0

#Transform 27
Transform: AffineTransform_float_3_3
Parameters: 1 -0.000155493 -0.000226178 0.000155229 1 -0.000583142 0.000226359 0.000583072 1 0.000113944 0.0151451 -0.0184905
FixedParameters: 0 0 0

#Transform 28
Transform: AffineTransform_float_3_3
Parameters: 1 5.8397e-05 -0.000361549 -5.82248e-05 1 -0.000551614 0.000362299 0.000551695 1 -0.00188089 0.0148115 -0.00535893
FixedParameters: 0 0 0

#Transform 29
Transform: AffineTransform_float_3_3
Parameters: 1 3.96246e-05 3.92106e-05 -3.95908e-05 1 -0.000431268 -3.92448e-05 0.000431264 1 -0.00321339 -0.060305 -0.0189831
FixedParameters: 0 0 0

#Transform 30
Transform: AffineTransform_float_3_3
Parameters: 1 2.04787e-05 -0.000113586 -2.05677e-05 1 -0.000391827 0.00011357 0.000391831 1 6.35469e-05 0.0016974 -0.0571319
FixedParameters: 0 0 0

#Transform 31
Transform: AffineTransform_float_3_3
Parameters: 1 6.06545e-05 -0.000469287 -6.02652e-05 1 -0.000457718 0.000468661 0.000457812 1 -0.0022665 -0.0396251 0.0181374
FixedParameters: 0 0 0

#Transform 32
Transform: AffineTransform_float_3_3
Parameters: 1 2.98761e-05 3.27665e-05 -2.98421e-05 1 -0.000518951 -3.27975e-05 0.000518949 1 0.01023 -0.0232221 -0.0800769
FixedParameters: 0 0 0

#Transform 33
Transform: AffineTransform_float_3_3
Parameters: 1 8.49678e-05 -7.21713e-05 -8.50184e-05 1 -0.000350693 7.21117e-05 0.000350705 1 0.00796716 -0.128135 0.0458432
FixedParameters: 0 0 0

#Transform 34
Transform: AffineTransform_float_3_3
Parameters: 1 0.000264224 -0.000118432 -0.000264408 0.999999 -0.000778125 0.000118021 0.000778188 0.999999 0.0115799 0.0329714 -0.00618427
FixedParameters: 0 0 0

#Transform 35
Transform: AffineTransform_float_3_3
Parameters: 1 0.000319626 6.55634e-06 -0.000320437 1 -0.00053943 -6.33093e-06 0.000539389 1 0.0116875 0.00672819 -0.0699292
FixedParameters: 0 0 0

#Transform 36
Transform: AffineTransform_float_3_3
Parameters: 1 9.74417e-05 -6.27049e-05 -9.74863e-05 1 -0.00035525 6.26356e-05 0.000355263 1 0.000958229 -0.102773 0.0101723
FixedParameters: 0 0 0

#Transform 37
Transform: AffineTransform_float_3_3
Parameters: 1 0.000301695 -0.000137683 -0.000301798 1 -0.000374702 0.000137457 0.000374785 1 0.00892586 0.0188868 -0.0489559
FixedParameters: 0 0 0

#Transform 38
Transform: AffineTransform_float_3_3
Parameters: 1 0.000341827 -0.000194025 -0.000341939 1 -0.000290249 0.000193826 0.000290381 1 0.00413995 -0.0662715 -0.0504844
FixedParameters: 0 0 0

#Transform 39
Transform: AffineTransform_float_3_3
Parameters: 1 0.000369224 -0.000263082 -0.000369205 1 3.70884e-05 0.000263109 -3.68941e-05 1 0.00332912 -0.0643393 -0.0491771
FixedParameters: 0 0 0

#Transform 40
Transform: AffineTransform_float_3_3
Parameters: 1 0.000466847 -0.000386634 -0.00046676 1 0.000111875 0.000386739 -0.000111514 1 -0.000162612 -0.0286308 -0.0583401
FixedParameters: 0 0 0

#Transform 41
Transform: AffineTransform_float_3_3
Parameters: 1 0.000610084 -0.00019033 -0.0006102 1 -0.000304187 0.000189959 0.000304419 1 -0.0006905 -0.0472603 -0.0625109
FixedParameters: 0 0 0

#Transform 42
Transform: AffineTransform_float_3_3
Parameters: 1 0.000631416 -0.000208172 -0.000631016 0.999999 -0.0004136 0.000208464 0.000413902 1 -0.00418918 -0.0585567 0.00898115
FixedParameters: 0 0 0

#Transform 43
Transform: AffineTransform_float_3_3
Parameters: 1 0.000470046 -0.000260526 -0.000470389 0.999999 -0.000659119 0.000259906 0.000659363 0.999999 -0.00294245 -0.0854996 -0.00824744
FixedParameters: 0 0 0

#Transform 44
Transform: AffineTransform_float_3_3
Parameters: 0.999999 0.000718078 -0.000279006 -0.000718734 1 -0.000794862 0.000279225 0.000794326 1 -0.00303918 -0.0448713 -0.00111589
FixedParameters: 0 0 0

#Transform 45
Transform: AffineTransform_float_3_3
Parameters: 0.999999 0.000649398 -0.000224127 -0.000649069 0.999999 -0.000539874 0.00022424 0.000540204 1 -0.00272329 -0.0559276 -0.0157161
FixedParameters: 0 0 0

#Transform 46
Transform: AffineTransform_float_3_3
Parameters: 0.999999 0.000581587 -0.000451552 -0.000581835 1 -0.000275277 0.000451232 0.000275802 1 0.00801349 -0.0314234 -0.0249248
FixedParameters: 0 0 0

#Transform 47
Transform: AffineTransform_float_3_3
Parameters: 0.999999 0.000616317 -0.000447645 -0.000616766 1 0.000137528 0.000447 -0.000137015 1 0.00877102 -0.0225309 -0.0669046
FixedParameters: 0 0 0

#Transform 48
Transform: AffineTransform_float_3_3
Parameters: 1 0.000564837 -0.000406191 -0.000564707 1 0.00016067 0.000406372 -0.000160212 1 0.00688452 -0.039294 -0.0938041
FixedParameters: 0 0 0

#Transform 49
Transform: AffineTransform_float_3_3
Parameters: 1 0.000523516 -0.000336405 -0.000523391 1 0.000185548 0.000336599 -0.000185196 1 0.00857452 -0.0456975 -0.0826218
FixedParameters: 0 0 0

#Transform 50
Transform: AffineTransform_float_3_3
Parameters: 0.999999 0.00055391 -0.000439907 -0.000553564 1 0.000393233 0.000440342 -0.000392746 1 0.0050627 0.00177935 -0.0813077
FixedParameters: 0 0 0

#Transform 51
Transform: AffineTransform_float_3_3
Parameters: 1 0.000175934 -0.000287107 -0.000175683 1 0.000437455 0.000287261 -0.000437354 1 0.00664173 -0.15573 -0.0434147
FixedParameters: 0 0 0

#Transform 52
Transform: AffineTransform_float_3_3
Parameters: 1 0.000365407 -0.000387174 -0.000364664 1 0.000913812 0.000387817 -0.000914468 0.999999 0.0097593 -0.0973379 0.00315239
FixedParameters: 0 0 0

#Transform 53
Transform: AffineTransform_float_3_3
Parameters: 1 0.000137815 -0.000232916 -0.000137489 0.999999 0.000698372 0.000233108 -0.000698308 0.999999 0.0146417 0.0696823 -0.0851467
FixedParameters: 0 0 0

#Transform 54
Transform: AffineTransform_float_3_3
Parameters: 1 0.000326011 -0.000300536 -0.00032564 0.999999 0.000570043 0.000300862 -0.00057019 1 0.00915227 -0.0301607 -0.0941896
FixedParameters: 0 0 0

#Transform 55
Transform: AffineTransform_float_3_3
Parameters: 1 0.000236952 -0.000367587 -0.000236762 1 0.00098775 0.000367216 -0.000988553 0.999999 0.00460655 -0.0164266 -0.0669609
FixedParameters: 0 0 0

#Transform 56
Transform: AffineTransform_float_3_3
Parameters: 1 0.000175159 -0.000299303 -0.000174771 1 0.000648671 0.00029953 -0.000648567 0.999999 0.00732112 -0.0928313 -0.0711499
FixedParameters: 0 0 0

#Transform 57
Transform: AffineTransform_float_3_3
Parameters: 1 0.000151576 -0.000209438 -0.000151242 0.999999 0.000797041 0.00020968 -0.000796978 0.999999 0.0050267 -0.0605786 0.048393
FixedParameters: 0 0 0

#Transform 58
Transform: AffineTransform_float_3_3
Parameters: 1 0.000178501 -0.000446948 -0.000178389 0.999999 0.000734392 0.00044635 -0.000734614 1 0.0127568 0.0683275 0.00319375
FixedParameters: 0 0 0

#Transform 59
Transform: AffineTransform_float_3_3
Parameters: 1 0.00023822 -0.000180649 -0.000237827 1 0.000989639 0.000181096 -0.000990491 0.999999 0.0141076 0.00300716 0.00402962
FixedParameters: 0 0 0

#Transform 60
Transform: AffineTransform_float_3_3
Parameters: 1 6.03046e-05 -0.000227079 -5.98651e-05 0.999999 0.00090609 0.000227143 -0.000906405 1 0.0104694 -0.0981965 0.0247626
FixedParameters: 0 0 0

#Transform 61
Transform: AffineTransform_float_3_3
Parameters: 1 0.000239098 -0.000353056 -0.000238415 1 0.000997299 0.000353428 -0.000997131 1 0.0133633 -0.0383693 -0.0204799
FixedParameters: 0 0 0

#Transform 62
Transform: AffineTransform_float_3_3
Parameters: 1 0.000299543 -0.000392026 -0.00029875 0.999999 0.000930531 0.000392513 -0.000931577 1 0.0136319 -0.0410756 -0.0207381
FixedParameters: 0 0 0

#Transform 63
Transform: AffineTransform_float_3_3
Parameters: 1 0.000235408 -0.000272092 -0.000235514 1 -0.000194384 0.000272 0.000194512 1 0.00936113 -0.0570875 -0.110359
FixedParameters: 0 0 0

#Transform 64
Transform: AffineTransform_float_3_3
Parameters: 1 0.000118689 -0.000304624 -0.000118483 1 0.000339104 0.000304704 -0.000339032 1 0.00753802 -0.0894558 -0.0361532
FixedParameters: 0 0 0

#Transform 65
Transform: AffineTransform_float_3_3
Parameters: 1 0.000140686 -0.000104704 -0.00014063 1 0.000267943 0.000104779 -0.000267913 1 0.0150451 0.0224661 -0.120769
FixedParameters: 0 0 0

#Transform 66
Transform: AffineTransform_float_3_3
Parameters: 1 0.000100733 -0.000359777 -0.000100506 1 0.000316427 0.00035984 -0.000316355 1 0.0105798 -0.0726262 -0.0687236
FixedParameters: 0 0 0

#Transform 67
Transform: AffineTransform_float_3_3
Parameters: 1 0.00013469 -0.000318333 -0.000134655 1 1.09899e-05 0.00031829 -1.12466e-05 1 0.014055 -0.0707217 -0.0763381
FixedParameters: 0 0 0

#Transform 68
Transform: AffineTransform_float_3_3
Parameters: 1 0.000122571 -0.000352192 -0.000122455 1 0.000164155 0.000352233 -0.000164069 1 0.0125049 -0.0717708 -0.058069
FixedParameters: 0 0 0

#Transform 69
Transform: AffineTransform_float_3_3
Parameters: 1 9.11434e-05 -0.000372257 -9.10426e-05 1 9.78097e-05 0.000372229 -9.80844e-05 1 0.0116154 -0.100108 -0.0547346
FixedParameters: 0 0 0

#Transform 70
Transform: AffineTransform_float_3_3
Parameters: 1 0.000131346 -0.000313279 -0.000131449 1 -0.000164365 0.000313236 0.000164448 1 0.0154173 -0.0383876 -0.0793683
FixedParameters: 0 0 0

#Transform 71
Transform: AffineTransform_float_3_3
Parameters: 1 0.000129866 -0.000347908 -0.000129831 1 1.09313e-05 0.000347866 -1.11835e-05 1 0.0142485 -0.0668422 -0.0522534
FixedParameters: 0 0 0

#Transform 72
Transform: AffineTransform_float_3_3
Parameters: 1 0.000116315 -0.00047991 -0.000116391 1 -7.9206e-05 0.000479891 7.93176e-05 1 0.0167394 0.00277878 -0.0798746
FixedParameters: 0 0 0

#Transform 73
Transform: AffineTransform_float_3_3
Parameters: 1 9.01684e-05 -0.000374252 -8.9998e-05 1 0.000227696 0.000374293 -0.000227629 1 0.00920873 -0.085072 -0.0579251
FixedParameters: 0 0 0

#Transform 74
Transform: AffineTransform_float_3_3
Parameters: 1 0.00012617 -0.000348128 -0.000126076 1 0.00013597 0.000348162 -0.000135883 1 0.0194496 -0.026018 -0.105034
FixedParameters: 0 0 0

#Transform 75
Transform: AffineTransform_float_3_3
Parameters: 1 0.000110374 -0.000353108 -0.00011002 1 0.000501263 0.000353218 -0.000501185 1 0.019632 -0.0548527 -0.111772
FixedParameters: 0 0 0

#Transform 76
Transform: AffineTransform_float_3_3
Parameters: 1 0.000109362 -0.000362875 -0.000109455 1 0.000659411 0.000362205 -0.00065937 0.999999 0.0151239 -0.0717346 -0.088879
FixedParameters: 0 0 0

#Transform 77
Transform: AffineTransform_float_3_3
Parameters: 1 0.000123597 -0.000511732 -0.000123154 1 0.000432825 0.000511839 -0.000432698 1 0.0166341 -0.00860954 -0.0951941
FixedParameters: 0 0 0

#Transform 78
Transform: AffineTransform_float_3_3
Parameters: 1 -1.65772e-05 -0.0003691 1.58621e-05 1 0.000140117 0.000369666 -0.000140165 1 0.0153539 -0.0708683 -0.078264
FixedParameters: 0 0 0

#Transform 79
Transform: AffineTransform_float_3_3
Parameters: 1 0.000130784 -0.000471092 -0.000131147 1 0.000221542 0.000470335 -0.000221457 1 0.0180062 -0.0355497 -0.0789279
FixedParameters: 0 0 0

#Transform 80
Transform: AffineTransform_float_3_3
Parameters: 1 0.000168108 -0.000525949 -0.000167827 0.999999 0.000240427 0.000525984 -0.000240593 1 0.0166934 -0.0402889 -0.0852695
FixedParameters: 0 0 0

#Transform 81
Transform: AffineTransform_float_3_3
Parameters: 1 8.39306e-05 -0.000560716 -8.39556e-05 1 -2.22958e-05 0.000560712 2.239e-05 1 0.0160738 -0.0786636 -0.0654666
FixedParameters: 0 0 0

#Transform 82
Transform: AffineTransform_float_3_3
Parameters: 1 2.52598e-05 -0.000427125 -2.5323e-05 1 -7.39304e-05 0.000427121 7.3952e-05 1 0.0167961 -0.00927648 -0.110098
FixedParameters: 0 0 0

#Transform 83
Transform: AffineTransform_float_3_3
Parameters: 1 3.77048e-05 -0.000574964 -3.74193e-05 1 0.000248334 0.000574983 -0.000248291 1 0.0151211 -0.0953968 -0.0431853
FixedParameters: 0 0 0

#Transform 84
Transform: AffineTransform_float_3_3
Parameters: 1 0.000125899 -0.000441163 -0.000125796 1 0.000116986 0.000441192 -0.000116875 1 0.0158279 0.0402235 -0.0962135
FixedParameters: 0 0 0

#Transform 85
Transform: AffineTransform_float_3_3
Parameters: 1 0.000212367 -0.000340471 -0.000212287 1 0.000118553 0.000340521 -0.000118409 1 0.00990135 -0.0114912 -0.0968722
FixedParameters: 0 0 0

#Transform 86
Transform: AffineTransform_float_3_3
Parameters: 1 0.000265071 -0.000562259 -0.000264454 1 0.000549157 0.00056255 -0.000548859 0.999999 0.0108329 -0.020563 -0.078818
FixedParameters: 0 0 0

#Transform 87
Transform: AffineTransform_float_3_3
Parameters: 1 0.000242429 -0.000470893 -0.000241811 0.999999 0.0012853 0.000470597 -0.00128511 0.999999 0.00938789 -0.0299687 -0.0505474
FixedParameters: 0 0 0

#Transform 88
Transform: AffineTransform_float_3_3
Parameters: 1 0.000411626 -0.000433768 -0.000411555 0.999999 0.000741134 0.000433564 -0.000740815 0.999999 0.00743751 -0.035975 -0.0942214
FixedParameters: 0 0 0

#Transform 89
Transform: AffineTransform_float_3_3
Parameters: 1 0.000329693 -0.000389513 -0.000328761 0.999999 0.00122255 0.000390214 -0.0012223 0.999999 0.011439 -0.0225833 -0.00219749
FixedParameters: 0 0 0

#Transform 90
Transform: AffineTransform_float_3_3
Parameters: 1 -2.90146e-05 -0.000316898 2.95669e-05 0.999999 0.000871407 0.000316846 -0.000871426 0.999999 0.01717 -0.124956 -0.0630151
FixedParameters: 0 0 0

#Transform 91
Transform: AffineTransform_float_3_3
Parameters: 1 0.000221157 -0.000492183 -0.000220293 0.999999 0.000935174 0.000492515 -0.000934019 1 0.0197334 -0.0651751 -0.0774791
FixedParameters: 0 0 0

#Transform 92
Transform: AffineTransform_float_3_3
Parameters: 1 3.01632e-05 -0.000329705 -2.95781e-05 0.999999 0.000887223 0.000329758 -0.000887204 0.999999 0.0227133 0.034407 -0.131739
FixedParameters: 0 0 0

#Transform 93
Transform: AffineTransform_float_3_3
Parameters: 1 -5.04979e-05 -0.000386788 5.14553e-05 0.999999 0.00126535 0.000386555 -0.00126539 0.999999 0.0247793 0.0818704 -0.173985
FixedParameters: 0 0 0

#Transform 94
Transform: AffineTransform_float_3_3
Parameters: 1 -4.185e-05 -0.000273121 4.19365e-05 0.999998 0.00169467 0.000273446 -0.00169473 0.999998 0.0223168 0.0475969 -0.130339
FixedParameters: 0 0 0

#Transform 95
Transform: AffineTransform_float_3_3
Parameters: 1 0.000104974 -0.000360071 -0.000104597 0.999999 0.00134766 0.000359435 -0.00134762 0.999999 0.0228672 0.0105364 -0.124863
FixedParameters: 0 0 0

#Transform 96
Transform: AffineTransform_float_3_3
Parameters: 1 0.000140494 -0.000440248 -0.000139347 0.999999 0.00132598 0.000440515 -0.00132586 0.999999 0.0177745 0.0216452 -0.132582
FixedParameters: 0 0 0

#Transform 97
Transform: AffineTransform_float_3_3
Parameters: 1 0.000295624 -0.000527772 -0.000295031 0.999998 0.00191784 0.000528452 -0.0019176 0.999998 0.0146919 -0.0917231 -0.0845353
FixedParameters: 0 0 0

#Transform 98
Transform: AffineTransform_float_3_3
Parameters: 0.999999 0.000137603 -0.000709116 -0.000137071 0.999998 0.00196115 0.000709773 -0.00196107 0.999998 0.0203775 -0.00828026 -0.102321
FixedParameters: 0 0 0

#Transform 99
Transform: AffineTransform_float_3_3
Parameters: 1 0.000273514 -0.000612547 -0.000271865 0.999998 0.00204633 0.000614025 -0.00204603 0.999997 0.0145374 -0.13932 -0.0887977
FixedParameters: 0 0 0

#Transform 100
Transform: AffineTransform_float_3_3
Parameters: 1 0.000202373 -0.000599677 -0.00020089 0.999998 0.001952 0.000600826 -0.0019518 0.999998 0.020158 0.00837599 -0.129893
FixedParameters: 0 0 0

#Transform 101
Transform: AffineTransform_float_3_3
Parameters: 0.999999 0.000305821 -0.000673669 -0.000304785 0.999999 0.0018307 0.000674335 -0.00183037 0.999998 0.0159116 -0.0449641 -0.091319
FixedParameters: 0 0 0

#Transform 102
Transform: AffineTransform_float_3_3
Parameters: 1 0.000252903 -0.000630736 -0.000251839 0.999999 0.00150843 0.000631964 -0.00150815 0.999998 0.0194248 0.00285709 -0.134737
FixedParameters: 0 0 0

#Transform 103
Transform: AffineTransform_float_3_3
Parameters: 1 0.000185014 -0.000639549 -0.000184042 0.999999 0.00141571 0.000640538 -0.00141551 0.999999 0.0202239 0.0276418 -0.127788
FixedParameters: 0 0 0

#Transform 104
Transform: AffineTransform_float_3_3
Parameters: 1 0.000197061 -0.000594503 -0.000196335 0.999999 0.00131641 0.000595487 -0.00131621 0.999999 0.0172381 -0.0023858 -0.127569
FixedParameters: 0 0 0

#Transform 105
Transform: AffineTransform_float_3_3
Parameters: 1 0.000218339 -0.000441761 -0.000217543 0.999999 0.00082808 0.000442052 -0.000829169 1 0.0198525 -0.00957299 -0.17555
FixedParameters: 0 0 0

#Transform 106
Transform: AffineTransform_float_3_3
Parameters: 1 0.00021458 -0.000518252 -0.000213305 0.999999 0.00125023 0.000518683 -0.00125001 0.999999 0.0191601 0.0133249 -0.172122
FixedParameters: 0 0 0

#Transform 107
Transform: AffineTransform_float_3_3
Parameters: 1 0.000238219 -0.000553203 -0.000236947 0.999999 0.00170428 0.00055299 -0.00170406 0.999999 0.0189604 0.00324668 -0.132727
FixedParameters: 0 0 0

#Transform 108
Transform: AffineTransform_float_3_3
Parameters: 1 0.000197274 -0.000469029 -0.000197232 0.999999 0.00154899 0.000469292 -0.00154888 0.999998 0.0174891 -0.0273807 -0.136252
FixedParameters: 0 0 0

#Transform 109
Transform: AffineTransform_float_3_3
Parameters: 1 0.000205239 -0.000672816 -0.000203469 0.999998 0.00175115 0.000672463 -0.00175126 0.999999 0.014487 0.00641631 -0.124271
FixedParameters: 0 0 0

#Transform 110
Transform: AffineTransform_float_3_3
Parameters: 1 0.000234562 -0.000582098 -0.000233571 0.999998 0.00208067 0.00058262 -0.00208048 0.999997 0.0135773 -0.0482975 -0.0945058
FixedParameters: 0 0 0

#Transform 111
Transform: AffineTransform_float_3_3
Parameters: 1 0.000258653 -0.00064949 -0.000257534 0.999998 0.00196357 0.000650052 -0.00196331 0.999998 0.0142967 -0.0278834 -0.119283
FixedParameters: 0 0 0

#Transform 112
Transform: AffineTransform_float_3_3
Parameters: 1 0.000252314 -0.000625074 -0.000250884 0.999998 0.00230564 0.000625678 -0.00230541 0.999997 0.00874447 -0.0952834 -0.0611077
FixedParameters: 0 0 0

#Transform 113
Transform: AffineTransform_float_3_3
Parameters: 1 0.000106328 -0.000543116 -0.000105421 0.999998 0.00160705 0.000543923 -0.00160697 0.999998 0.0205099 0.0824129 -0.167906
FixedParameters: 0 0 0

#Transform 114
Transform: AffineTransform_float_3_3
Parameters: 0.999999 0.000214912 -0.000766833 -0.000213895 0.999998 0.00158307 0.000767163 -0.00158282 0.999998 0.0146338 -0.00386478 -0.112611
FixedParameters: 0 0 0

#Transform 115
Transform: AffineTransform_float_3_3
Parameters: 1 0.000112698 -0.000597247 -0.000111703 1 0.000880612 0.000597365 -0.00087954 1 0.0150435 0.0429545 -0.149428
FixedParameters: 0 0 0

#Transform 116
Transform: AffineTransform_float_3_3
Parameters: 1 5.18613e-05 -0.000630167 -5.12519e-05 0.999999 0.000982526 0.000629374 -0.000981563 0.999999 0.024011 0.0194216 -0.147923
FixedParameters: 0 0 0

#Transform 117
Transform: AffineTransform_float_3_3
Parameters: 1 -6.11739e-05 -0.000459128 6.18445e-05 0.999999 0.000730367 0.000459038 -0.000730424 0.999999 0.0210314 0.0136164 -0.16937
FixedParameters: 0 0 0

#Transform 118
Transform: AffineTransform_float_3_3
Parameters: 1 6.73786e-06 -0.000463763 -6.48916e-06 1 0.000268136 0.000463767 -0.000268129 1 0.0205597 -0.0780199 -0.147619
FixedParameters: 0 0 0

#Transform 119
Transform: AffineTransform_float_3_3
Parameters: 1 -8.04101e-05 -0.000532006 8.02818e-05 1 0.000648428 0.000532472 -0.000648551 0.999999 0.0228886 -0.0391324 -0.144582
FixedParameters: 0 0 0

#Transform 120
Transform: AffineTransform_float_3_3
Parameters: 1 -7.84537e-05 -0.000433785 7.78407e-05 0.999999 0.000961259 0.000433311 -0.000960465 1 0.0249668 -0.0350189 -0.136659
FixedParameters: 0 0 0

#Transform 121
Transform: AffineTransform_float_3_3
Parameters: 1 -0.000155022 -0.000368278 0.000155622 0.999999 0.000815319 0.000368025 -0.000815433 0.999999 0.0275303 -0.0486202 -0.138994
FixedParameters: 0 0 0

#Transform 122
Transform: AffineTransform_float_3_3
Parameters: 1 -0.00016259 -0.000100558 0.000161881 1 0.000542142 0.000100953 -0.000542211 1 0.019268 -0.0191817 -0.170194
FixedParameters: 0 0 0

#Transform 123
Transform: AffineTransform_float_3_3
Parameters: 1 -0.000184273 -0.000145781 0.000183661 0.999999 0.000708024 0.000146092 -0.000708114 1 0.0169401 -0.0039503 -0.160873
FixedParameters: 0 0 0

#Transform 124
Transform: AffineTransform_float_3_3
Parameters: 1 -0.000166876 -0.000565199 0.000166544 1 0.000430227 0.000565626 -0.000430452 1 0.0203661 -0.041835 -0.131696
FixedParameters: 0 0 0

#Transform 125
Transform: AffineTransform_float_3_3
Parameters: 1 -0.000120901 -0.000155647 0.000121036 1 0.000433268 0.000155543 -0.000433306 1 0.016718 0.0513644 -0.189896
FixedParameters: 0 0 0

#Transform 126
Transform: AffineTransform_float_3_3
Parameters: 1 8.58124e-05 -0.000302236 -8.62811e-05 1 0.000578137 0.000302906 -0.000578121 1 0.0167547 -0.000168359 -0.171818
FixedParameters: 0 0 0

#Transform 127
Transform: AffineTransform_float_3_3
Parameters: 1 1.14322e-05 -0.000290098 -1.12484e-05 1 0.000316794 0.000290105 -0.000316787 1 0.00781456 0.00181049 -0.175244
FixedParameters: 0 0 0

#Transform 128
Transform: AffineTransform_float_3_3
Parameters: 1 0.000145685 -0.000277611 -0.000145456 1 0.00041309 0.000277731 -0.000413009 1 0.00442164 -0.0688872 -0.117332
FixedParameters: 0 0 0

#Transform 129
Transform: AffineTransform_float_3_3
Parameters: 1 -7.28396e-06 -0.00027887 7.39536e-06 1 0.000199717 0.000278867 -0.000199721 1 0.00497722 -0.010506 -0.142299
FixedParameters: 0 0 0

#Transform 130
Transform: AffineTransform_float_3_3
Parameters: 1 1.70783e-05 -0.000253619 -1.69617e-05 1 0.000229761 0.000253626 -0.000229752 1 0.00947613 -0.043768 -0.170741
FixedParameters: 0 0 0

#Transform 131
Transform: AffineTransform_float_3_3
Parameters: 1 -0.000136026 -0.000588086 0.000136088 1 5.28828e-05 0.000588072 -5.30428e-05 1 0.00242997 -0.0266268 -0.104794
FixedParameters: 0 0 0

#Transform 132
Transform: AffineTransform_float_3_3
Parameters: 1 8.87546e-06 -0.000157419 -8.85974e-06 1 4.99451e-05 0.00015742 -4.99423e-05 1 -0.00172051 -0.011163 -0.132722
FixedParameters: 0 0 0

#Transform 133
Transform: AffineTransform_float_3_3
Parameters: 1 -0.000124309 -0.00016928 0.000124469 1 0.000474359 0.000169162 -0.000474401 1 0.0111843 -0.00074444 -0.139085
FixedParameters: 0 0 0

#Transform 134
Transform: AffineTransform_float_3_3
Parameters: 1 -0.000226933 -6.28902e-05 0.000227604 0.999999 0.000782316 6.33491e-05 -0.000782306 0.999999 0.0120533 -0.0359109 -0.116198
FixedParameters: 0 0 0

#Transform 135
Transform: AffineTransform_float_3_3
Parameters: 1 -0.000255019 1.24026e-05 0.000255573 0.999999 0.000719504 -1.19555e-05 -0.000719459 1 0.0141263 -0.00462875 -0.142289
FixedParameters: 0 0 0

#Transform 136
Transform: AffineTransform_float_3_3
Parameters: 1 -0.000200547 -0.000169625 0.000199971 0.999999 0.000714625 0.000169909 -0.00071473 0.999999 0.0140839 -0.0112605 -0.133475
FixedParameters: 0 0 0

#Transform 137
Transform: AffineTransform_float_3_3
Parameters: 1 -0.000417651 -0.000393565 0.000417402 0.999999 0.000723487 0.000393531 -0.000723852 0.999999 0.0182662 -0.0147981 -0.0958184
FixedParameters: 0 0 0

#Transform 138
Transform: AffineTransform_float_3_3
Parameters: 1 -2.7525e-05 -0.00019257 2.77669e-05 1 0.000628295 0.000192535 -0.000628305 1 0.0113338 -0.0525529 -0.14529
FixedParameters: 0 0 0

#Transform 139
Transform: AffineTransform_float_3_3
Parameters: 1 -4.02156e-05 -0.000210497 4.05992e-05 0.999999 0.00091117 0.000210424 -0.000911187 0.999999 0.0147892 0.0326132 -0.169818
FixedParameters: 0 0 0

#Transform 140
Transform: AffineTransform_float_3_3
Parameters: 1 -0.000121725 -3.58398e-05 0.00012094 1 0.000468597 3.62967e-05 -0.000468643 1 0.0159795 -0.0423674 -0.204939
FixedParameters: 0 0 0

#Transform 141
Transform: AffineTransform_float_3_3
Parameters: 1 9.31788e-05 -0.000127754 -9.3723e-05 1 0.0011534 0.000128436 -0.00115341 1 0.0114203 -0.00497136 -0.238416
FixedParameters: 0 0 0

#Transform 142
Transform: AffineTransform_float_3_3
Parameters: 1 0.000113838 -0.000111083 -0.000113587 0.999999 0.00122264 0.000111257 -0.00122261 0.999999 0.00161631 -0.146328 -0.173883
FixedParameters: 0 0 0

#Transform 143
Transform: AffineTransform_float_3_3
Parameters: 1 0.000110679 -6.27634e-05 -0.000110561 0.999999 0.000931889 6.29696e-05 -0.000931875 0.999999 0.00223277 -0.00635879 -0.219323
FixedParameters: 0 0 0

#Transform 144
Transform: AffineTransform_float_3_3
Parameters: 1 3.44248e-05 -0.00011977 -3.42055e-05 0.999999 0.000915245 0.000119833 -0.000915237 0.999999 0.0123762 0.0288076 -0.224334
FixedParameters: 0 0 0

#Transform 145
Transform: AffineTransform_float_3_3
Parameters: 1 -8.15761e-05 3.73965e-06 8.07527e-05 1 0.000677219 -3.27891e-06 -0.000677255 1 0.0119774 -0.0181684 -0.225309
FixedParameters: 0 0 0

#Transform 146
Transform: AffineTransform_float_3_3
Parameters: 1 -1.14456e-05 8.59278e-05 1.12927e-05 0.999999 0.000889766 -8.59481e-05 -0.000889764 0.999999 0.00560727 -0.0955451 -0.184666
FixedParameters: 0 0 0

#Transform 147
Transform: AffineTransform_float_3_3
Parameters: 1 -7.3591e-05 3.98964e-06 7.27663e-05 0.999999 0.00080799 -3.53723e-06 -0.000808026 0.999999 0.0108448 0.00924932 -0.2114
FixedParameters: 0 0 0

#Transform 148
Transform: AffineTransform_float_3_3
Parameters: 1 -0.000140229 2.35728e-05 0.000140126 0.999999 0.000997459 -2.39323e-05 -0.000996515 1 0.0138266 -0.00687333 -0.204987
FixedParameters: 0 0 0

#Transform 149
Transform: AffineTransform_float_3_3
Parameters: 1 -0.000118355 0.000128859 0.000118746 0.999999 0.000703583 -0.000128212 -0.000703514 1 0.00242421 -0.0643843 -0.193816
FixedParameters: 0 0 0

#Transform 150
Transform: AffineTransform_float_3_3
Parameters: 1 -0.000147844 -0.000113874 0.00014724 0.999999 0.000943804 0.000114167 -0.000943874 0.999999 0.0138415 -0.014692 -0.177251
FixedParameters: 0 0 0

#Transform 151
Transform: AffineTransform_float_3_3
Parameters: 1 -9.1414e-05 -2.51574e-05 9.06385e-05 0.999999 0.000850672 2.55732e-05 -0.000850713 0.999999 0.0163011 -0.117311 -0.219269
FixedParameters: 0 0 0

#Transform 152
Transform: AffineTransform_float_3_3
Parameters: 1 -0.0001091 -6.27607e-05 0.000108406 0.999999 0.0009944 6.3115e-05 -0.00099445 0.999999 0.014561 -0.0315923 -0.207442
FixedParameters: 0 0 0

#Transform 153
Transform: AffineTransform_float_3_3
Parameters: 1 -0.000133948 -8.48638e-05 0.000133844 0.999999 0.000837267 8.60247e-05 -0.000837288 0.999999 0.0169281 0.0168146 -0.259733
FixedParameters: 0 0 0

#Transform 154
Transform: AffineTransform_float_3_3
Parameters: 1 -0.000108528 -6.19405e-05 0.000107833 0.999999 0.000994379 6.2296e-05 -0.000994429 0.999999 0.0187575 -0.0635187 -0.211178
FixedParameters: 0 0 0

#Transform 155
Transform: AffineTransform_float_3_3
Parameters: 1 -8.27636e-05 -1.94246e-05 8.19814e-05 0.999999 0.000928392 1.98423e-05 -0.000928432 0.999999 0.0187504 -0.0282169 -0.243956
FixedParameters: 0 0 0

#Transform 156
Transform: AffineTransform_float_3_3
Parameters: 1 -8.27419e-05 -9.13078e-06 8.19384e-05 0.999999 0.000808329 9.56834e-06 -0.000808368 0.999999 0.0133601 -0.00805197 -0.253342
FixedParameters: 0 0 0

#Transform 157
Transform: AffineTransform_float_3_3
Parameters: 1 -0.000111054 -2.30315e-05 0.000110259 1 0.000497218 2.34921e-05 -0.000497259 1 0.013718 -0.0935061 -0.214896
FixedParameters: 0 0 0

#Transform 158
Transform: AffineTransform_float_3_3
Parameters: 1 -0.000133186 -6.34736e-05 0.000132444 1 0.000600088 6.38848e-05 -0.000600141 1 0.0139564 -0.0372809 -0.200089
FixedParameters: 0 0 0

#Transform 159
Transform: AffineTransform_float_3_3
Parameters: 1 -0.000110659 -1.46831e-05 0.000109852 1 0.000406156 1.51642e-05 -0.000406196 1 0.0159253 -0.0653458 -0.228504
FixedParameters: 0 0 0

#Transform 160
Transform: AffineTransform_float_3_3
Parameters: 1 -0.000119714 -4.46796e-05 0.00011895 1 0.000605593 4.51058e-05 -0.00060564 1 0.0146768 -0.0399031 -0.208167
FixedParameters: 0 0 0

#Transform 161
Transform: AffineTransform_float_3_3
Parameters: 1 -0.000108568 -5.0696e-05 0.000107837 0.999999 0.000862312 5.108e-05 -0.00086236 0.999999 0.0162261 -0.0517736 -0.205105
FixedParameters: 0 0 0

#Transform 162
Transform: AffineTransform_float_3_3
Parameters: 1 -9.36619e-05 -4.0617e-05 9.29244e-05 0.999999 0.000993829 4.10023e-05 -0.000993873 0.999999 0.0146401 -0.0217338 -0.215581
FixedParameters: 0 0 0

#Transform 163
Transform: AffineTransform_float_3_3
Parameters: 1 -2.79074e-05 5.36967e-05 2.83733e-05 0.999999 0.000991461 -5.2938e-05 -0.00099142 0.999999 0.0130528 -0.0323524 -0.237337
FixedParameters: 0 0 0

#Transform 164
Transform: AffineTransform_float_3_3
Parameters: 1 -0.00010102 -2.60127e-05 0.000100238 0.999999 0.00069995 2.64425e-05 -0.000699992 1 0.0126816 -0.0150571 -0.214833
FixedParameters: 0 0 0

#Transform 165
Transform: AffineTransform_float_3_3
Parameters: 1 -9.35008e-05 1.45952e-05 9.26721e-05 1 0.000350493 -1.40898e-05 -0.000350527 1 0.0106513 -0.0813645 -0.193117
FixedParameters: 0 0 0

#Transform 166
Transform: AffineTransform_float_3_3
Parameters: 1 -6.08343e-05 3.69722e-05 5.9969e-05 1 0.000635428 -3.64783e-05 -0.000635461 1 0.00773248 -0.037344 -0.213715
FixedParameters: 0 0 0

#Transform 167
Transform: AffineTransform_float_3_3
Parameters: 1 -6.39293e-05 2.02984e-06 6.31071e-05 0.999999 0.000992727 -1.58529e-06 -0.000992763 0.999999 0.0152279 0.012779 -0.240643
FixedParameters: 0 0 0

#Transform 168
Transform: AffineTransform_float_3_3
Parameters: 1 -8.12184e-05 8.84694e-05 8.10593e-05 0.999999 0.000898456 -8.86152e-05 -0.000898441 0.999999 0.0115247 -0.0379303 -0.219338
FixedParameters: 0 0 0

#Transform 169
Transform: AffineTransform_float_3_3
Parameters: 1 -9.35244e-05 6.44728e-05 9.34067e-05 0.999999 0.000911864 -6.46433e-05 -0.000911851 0.999999 0.0140083 -0.0111996 -0.227209
FixedParameters: 0 0 0

#Transform 170
Transform: AffineTransform_float_3_3
Parameters: 1 -0.000150355 8.06532e-05 0.000150138 0.999999 0.000998599 -8.10331e-05 -0.000997637 1 0.0125824 -0.0187963 -0.197466
FixedParameters: 0 0 0

#Transform 171
Transform: AffineTransform_float_3_3
Parameters: 1 -0.000155217 2.69817e-05 0.000155168 0.999999 0.000910688 -2.72644e-05 -0.000910679 0.999999 0.0170234 -0.00553604 -0.197631
FixedParameters: 0 0 0

#Transform 172
Transform: AffineTransform_float_3_3
Parameters: 1 -0.000127143 6.09563e-05 0.000126964 0.999999 0.00100418 -6.12912e-05 -0.00100323 1 0.00765118 -0.133785 -0.150892
FixedParameters: 0 0 0

#Transform 173
Transform: AffineTransform_float_3_3
Parameters: 1 -0.000188725 -3.31008e-05 0.000188763 1 0.00131805 3.25444e-05 -0.00131772 0.999999 0.0229714 0.0246781 -0.163216
FixedParameters: 0 0 0

#Transform 174
Transform: AffineTransform_float_3_3
Parameters: 1 -0.00032899 -4.23026e-05 0.0003291 0.999998 0.00156996 4.11652e-05 -0.00156998 0.999999 0.0282797 0.00530335 -0.20144
FixedParameters: 0 0 0

#Transform 175
Transform: AffineTransform_float_3_3
Parameters: 1 -0.000429261 -0.00012357 0.00042971 0.999998 0.00200292 0.000121641 -0.00200303 0.999998 0.0289694 -0.00447856 -0.184611
FixedParameters: 0 0 0

#Transform 176
Transform: AffineTransform_float_3_3
Parameters: 1 -0.000341248 1.1581e-05 0.000340882 0.999997 0.00234727 -1.21099e-05 -0.00234727 0.999998 0.0295483 -0.0060271 -0.163895
FixedParameters: 0 0 0

#Transform 177
Transform: AffineTransform_float_3_3
Parameters: 1 -0.000423356 6.49684e-05 0.000423568 0.999998 0.00225005 -6.63724e-05 -0.00224996 0.999998 0.0306253 -0.00725098 -0.163371
FixedParameters: 0 0 0

#Transform 178
Transform: AffineTransform_float_3_3
Parameters: 1 -0.00051875 5.56914e-05 0.000518263 0.999999 0.0017642 -5.63443e-05 -0.00176415 0.999999 0.0227619 0.0242933 -0.161759
FixedParameters: 0 0 0

#Transform 179
Transform: AffineTransform_float_3_3
Parameters: 1 -0.00049358 6.93547e-05 0.000493334 0.999998 0.00159781 -7.10358e-05 -0.00159774 0.999998 0.0224792 -0.0289954 -0.165049
FixedParameters: 0 0 0

#Transform 180
Transform: AffineTransform_float_3_3
Parameters: 1 -0.000429526 0.000131232 0.000429553 0.999998 0.0019056 -0.000132263 -0.00190545 0.999998 0.0272179 -0.0931562 -0.0818903
FixedParameters: 0 0 0

#Transform 181
Transform: AffineTransform_float_3_3
Parameters: 1 -0.00033261 -8.91378e-05 0.00033259 0.999999 0.00154626 8.94355e-05 -0.00154598 0.999998 0.0285045 0.0178809 -0.179586
FixedParameters: 0 0 0

#Transform 182
Transform: AffineTransform_float_3_3
Parameters: 1 2.45446e-05 0.000119775 -2.48284e-05 1 0.00109653 -0.000119825 -0.00109654 1 0.0132684 -0.197551 -0.149846
FixedParameters: 0 0 0

#Transform 183
Transform: AffineTransform_float_3_3
Parameters: 1 -0.000181235 -0.000158013 0.000181705 0.999998 0.00173672 0.000157198 -0.00173584 0.999999 0.0220113 0.0582275 -0.165931
FixedParameters: 0 0 0

#Transform 184
Transform: AffineTransform_float_3_3
Parameters: 1 -0.000227176 -5.40876e-05 0.000227914 0.999998 0.00173578 5.40078e-05 -0.00173577 0.999998 0.027014 0.053348 -0.20741
FixedParameters: 0 0 0

#Transform 185
Transform: AffineTransform_float_3_3
Parameters: 1 -0.000107642 8.176e-05 0.000107728 0.999996 0.00258018 -8.18141e-05 -0.00258012 0.999996 0.0187642 -0.0190947 -0.141727
FixedParameters: 0 0 0

#Transform 186
Transform: AffineTransform_float_3_3
Parameters: 1 -0.000146514 -4.2824e-05 0.000145814 0.999997 0.00246333 4.24072e-05 -0.00246304 0.999996 0.0218268 -0.00414655 -0.163016
FixedParameters: 0 0 0

#Transform 187
Transform: AffineTransform_float_3_3
Parameters: 1 -0.000184888 0.000100172 0.000184798 0.999996 0.00286983 -0.000100836 -0.00286975 0.999996 0.0290298 -0.0275068 -0.164113
FixedParameters: 0 0 0

#Transform 188
Transform: AffineTransform_float_3_3
Parameters: 1 -0.000224136 6.52387e-05 0.000222915 0.999996 0.00257902 -6.61338e-05 -0.00257903 0.999996 0.0307506 -0.0588965 -0.172055
FixedParameters: 0 0 0

#Transform 189
Transform: AffineTransform_float_3_3
Parameters: 1 -0.00022922 -4.84441e-05 0.000229102 0.999998 0.00204402 4.87293e-05 -0.0020437 0.999997 0.0298298 -0.0649626 -0.114091
FixedParameters: 0 0 0
