#Insight Transform File V1.0
#Transform 0
Transform: AffineTransform_float_3_3
Parameters: 1 -0.0007642 0.00080777 0.000765753 0.999999 -0.00131579 -0.00080657 0.00131699 0.999999 -0.00267345 -0.096527 -0.0118852
FixedParameters: 0 0 0

#Transform 1
Transform: AffineTransform_float_3_3
Parameters: 1 -0.000676439 0.000876415 0.000678023 0.999999 -0.00153647 -0.000875987 0.00153664 0.999998 -0.000511758 -0.0643888 -0.0487844
FixedParameters: 0 0 0

#Transform 2
Transform: AffineTransform_float_3_3
Parameters: 1 -0.000611557 0.000993335 0.000613256 0.999999 -0.00153861 -0.000991719 0.00153881 0.999998 -0.00425434 -0.0837502 -0.0425514
FixedParameters: 0 0 0

#Transform 3
Transform: AffineTransform_float_3_3
Parameters: 0.999999 -0.000422262 0.000871299 0.000424173 1 -0.0011089 -0.000870464 0.00110964 0.999999 -0.00627435 -0.10877 -0.0269428
FixedParameters: 0 0 0

#Transform 4
Transform: AffineTransform_float_3_3
Parameters: 1 -0.000410766 0.00103954 0.000412161 1 -0.000945459 -0.00103958 0.000946276 0.999999 -0.00616856 -0.134836 -0.0433605
FixedParameters: 0 0 0

#Transform 5
Transform: AffineTransform_float_3_3
Parameters: 0.999999 -0.000268967 0.00076752 0.00027043 1 -0.000966973 -0.000767102 0.000967385 0.999999 -0.00532952 -0.20658 0.0421163
FixedParameters: 0 0 0

#Transform 6
Transform: AffineTransform_float_3_3
Parameters: 1 -0.000553655 0.000960895 0.000555434 0.999999 -0.00120876 -0.000960414 0.00120945 0.999999 -0.00100358 -0.0235899 -0.0191836
FixedParameters: 0 0 0

#Transform 7
Transform: AffineTransform_float_3_3
Parameters: 1 -0.000655239 0.000840544 0.000657218 0.999999 -0.00149692 -0.000839418 0.00149704 0.999998 -0.00459224 -0.0494637 -0.0267087
FixedParameters: 0 0 0

#Transform 8
Transform: AffineTransform_float_3_3
Parameters: 0.999999 -0.000262092 0.00075725 0.000263863 1 -0.00118375 -0.000756731 0.00118414 0.999999 -0.00814033 -0.0556303 0.0653704
FixedParameters: 0 0 0

#Transform 9
Transform: AffineTransform_float_3_3
Parameters: 0.999999 -0.000249075 0.000747279 0.000250873 0.999999 -0.00121759 -0.000746775 0.00121796 0.999999 -0.00431661 -0.0796186 0.0452832
FixedParameters: 0 0 0

#Transform 10
Transform: AffineTransform_float_3_3
Parameters: 0.999999 -0.000119615 0.000756145 0.000120647 0.999999 -0.000664257 -0.000756031 0.000664096 0.999999 -0.00447462 -0.120984 0.0113867
FixedParameters: 0 0 0

#Transform 11
Transform: AffineTransform_float_3_3
Parameters: 0.999999 -5.28403e-05 0.000921616 5.3771e-05 1 -0.000960811 -0.000921047 0.000960872 0.999999 -0.00840486 -0.108145 0.0249333
FixedParameters: 0 0 0

#Transform 12
Transform: AffineTransform_float_3_3
Parameters: 1 -5.24323e-05 0.000720261 5.27421e-05 1 -0.000611485 -0.000721011 0.000611522 0.999999 -0.00532046 -0.141648 0.0375638
FixedParameters: 0 0 0

#Transform 13
Transform: AffineTransform_float_3_3
Parameters: 1 -3.43874e-05 0.000678659 3.52003e-05 1 -0.000598835 -0.000678618 0.000598882 0.999999 -0.00745385 -0.116484 0.0259597
FixedParameters: 0 0 0

#Transform 14
Transform: AffineTransform_float_3_3
Parameters: 1 0.000148028 0.000566685 -0.000147942 0.999999 -0.000797973 -0.00056635 0.000797769 0.999999 -0.0152855 -0.146246 0.0435663
FixedParameters: 0 0 0

#Transform 15
Transform: AffineTransform_float_3_3
Parameters: 0.999999 0.000216942 0.000748356 -0.000216697 1 -0.000545361 -0.000749407 0.000544997 0.999999 -0.0129525 -0.117522 0.0200408
FixedParameters: 0 0 0

#Transform 16
Transform: AffineTransform_float_3_3
Parameters: 1 0.000145187 0.000431147 -0.00014488 1 -0.000355582 -0.00043125 0.000355457 1 -0.0149576 -0.125081 0.0545691
FixedParameters: 0 0 0

#Transform 17
Transform: AffineTransform_float_3_3
Parameters: 1 0.000140384 0.000322193 -0.000140215 1 -0.000262337 -0.000322266 0.000262247 1 -0.0114728 -0.123442 0.0107549
FixedParameters: 0 0 0

#Transform 18
Transform: AffineTransform_float_3_3
Parameters: 1 0.000155186 0.000310109 -0.000155011 1 -0.000282269 -0.000310197 0.000282173 1 -0.00989352 -0.188716 0.0870404
FixedParameters: 0 0 0

#Transform 19
Transform: AffineTransform_float_3_3
Parameters: 1 8.7618e-05 0.000144496 -8.75581e-05 1 -0.000207353 -0.000144532 0.000207328 1 -0.01476 -0.03817 0.0880198
FixedParameters: 0 0 0

#Transform 20
Transform: AffineTransform_float_3_3
Parameters: 0.999999 0.000415882 0.00062256 -0.000416079 1 0.000157825 -0.000622429 -0.000158342 1 -0.00692746 -0.0493274 -0.0125313
FixedParameters: 0 0 0

#Transform 21
Transform: AffineTransform_float_3_3
Parameters: 1 0.000298899 0.000485328 -0.000298849 1 -5.16941e-05 -0.000485359 5.14039e-05 1 -0.0135114 -0.0902224 0.0607233
FixedParameters: 0 0 0

#Transform 22
Transform: AffineTransform_float_3_3
Parameters: 1 0.000154693 4.89755e-05 -0.000154677 1 -0.000153785 -4.90231e-05 0.00015377 1 -0.0112037 -0.0169771 0.109487
FixedParameters: 0 0 0

#Transform 23
Transform: AffineTransform_float_3_3
Parameters: 1 0.000125578 0.000291823 -0.000125332 1 -0.0004211 -0.000291929 0.000421027 1 -0.0118746 -0.0772812 0.109642
FixedParameters: 0 0 0

#Transform 24
Transform: AffineTransform_float_3_3
Parameters: 1 0.000216434 0.00056354 -0.000215622 0.999999 -0.000720466 -0.000563852 0.000720222 0.999999 -0.00900975 -0.118838 0.0832685
FixedParameters: 0 0 0

#Transform 25
Transform: AffineTransform_float_3_3
Parameters: 1 -1.6113e-05 0.000192546 1.62118e-05 1 -0.000256482 -0.000192538 0.000256488 1 -0.00797231 -0.111129 0.143886
FixedParameters: 0 0 0

#Transform 26
Transform: AffineTransform_float_3_3
Parameters: 1 3.55376e-05 0.000185463 -3.53687e-05 1 -0.000455544 -0.000185496 0.000455531 1 -0.0123021 -0.121793 0.152211
FixedParameters: 0 0 0

#Transform 27
Transform: AffineTransform_float_3_3
Parameters: 1 1.52026e-05 0.00017194 -1.49691e-05 1 -0.000678936 -0.00017196 0.000678931 1 -0.0115012 -0.0941053 0.109838
FixedParameters: 0 0 0

#Transform 28
Transform: AffineTransform_float_3_3
Parameters: 1 0.000118367 0.000228095 -0.000118124 1 -0.000531544 -0.000228221 0.00053149 1 -0.0158886 -0.101898 0.130152
FixedParameters: 0 0 0

#Transform 29
Transform: AffineTransform_float_3_3
Parameters: 1 0.000121925 0.000149407 -0.000121761 1 -0.000551584 -0.000149542 0.000551547 1 -0.0164648 -0.0562991 0.128931
FixedParameters: 0 0 0

#Transform 30
Transform: AffineTransform_float_3_3
Parameters: 1 0.000218629 0.000215422 -0.000218482 1 -0.000340665 -0.00021557 0.000340571 1 -0.0208431 -0.0480608 0.150136
FixedParameters: 0 0 0

#Transform 31
Transform: AffineTransform_float_3_3
Parameters: 1 0.000227341 0.000289926 -0.0002278 1 -0.000620786 -0.000289638 0.000620617 1 -0.0213067 -0.076254 0.140633
FixedParameters: 0 0 0

#Transform 32
Transform: AffineTransform_float_3_3
Parameters: 1 0.000141033 0.000151929 -0.000140823 1 -0.000691755 -0.000152124 0.000691713 0.999999 -0.0208749 -0.0543407 0.123468
FixedParameters: 0 0 0

#Transform 33
Transform: AffineTransform_float_3_3
Parameters: 1 0.00023516 0.000417362 -0.00023526 0.999999 -0.000862211 -0.000417197 0.000861978 0.999999 -0.024332 -0.102885 0.135719
FixedParameters: 0 0 0

#Transform 34
Transform: AffineTransform_float_3_3
Parameters: 1 0.000229875 0.000424158 -0.000229245 0.999999 -0.000742653 -0.000424498 0.000742458 0.999999 -0.0226317 -0.0665827 0.143855
FixedParameters: 0 0 0

#Transform 35
Transform: AffineTransform_float_3_3
Parameters: 1 0.000231969 0.000424557 -0.000231399 0.999999 -0.000670659 -0.000424868 0.000670462 0.999999 -0.0204368 -0.0787819 0.118272
FixedParameters: 0 0 0

#Transform 36
Transform: AffineTransform_float_3_3
Parameters: 1 0.000265728 0.00040182 -0.000265217 1 -0.000636623 -0.000402158 0.00063641 0.999999 -0.0276854 -0.0933715 0.127748
FixedParameters: 0 0 0

#Transform 37
Transform: AffineTransform_float_3_3
Parameters: 1 0.000283031 0.000396321 -0.000282728 1 -0.000382235 -0.000396537 0.000382011 1 -0.0236629 -0.0536779 0.148119
FixedParameters: 0 0 0

#Transform 38
Transform: AffineTransform_float_3_3
Parameters: 1 0.000317597 0.00043077 -0.000318007 1 -0.000474872 -0.000430501 0.000474562 1 -0.0240107 -0.116062 0.140916
FixedParameters: 0 0 0

#Transform 39
Transform: AffineTransform_float_3_3
Parameters: 1 0.000278029 0.000394444 -0.000277564 1 -0.000589281 -0.000394771 0.000589061 0.999999 -0.0235061 -0.0431699 0.154102
FixedParameters: 0 0 0

#Transform 40
Transform: AffineTransform_float_3_3
Parameters: 1 0.000295039 0.000477623 -0.000295078 0.999999 -0.000874291 -0.000477648 0.00087491 1 -0.0318055 -0.085813 0.149152
FixedParameters: 0 0 0

#Transform 41
Transform: AffineTransform_float_3_3
Parameters: 1 0.000251252 0.000472013 -0.00025139 0.999999 -0.000721296 -0.000471805 0.000721022 0.999999 -0.0298268 -0.0220222 0.148701
FixedParameters: 0 0 0

#Transform 42
Transform: AffineTransform_float_3_3
Parameters: 1 0.000210587 0.000554324 -0.000210111 1 -0.00118695 -0.000554357 0.00118667 0.999999 -0.0296045 -0.121857 0.149077
FixedParameters: 0 0 0

#Transform 43
Transform: AffineTransform_float_3_3
Parameters: 1 0.000277536 0.000391669 -0.00027698 0.999999 -0.000709451 -0.000392062 0.000709234 0.999999 -0.0332071 -0.00792298 0.154805
FixedParameters: 0 0 0

#Transform 44
Transform: AffineTransform_float_3_3
Parameters: 1 0.000356731 0.000417071 -0.000355817 1 -0.00111993 -0.000417974 0.00111963 1 -0.0329726 -0.0435558 0.122523
FixedParameters: 0 0 0

#Transform 45
Transform: AffineTransform_float_3_3
Parameters: 1 0.000359603 0.000412451 -0.000359741 0.999999 -0.000891385 -0.000412602 0.000891989 1 -0.0357165 -0.0644084 0.153261
FixedParameters: 0 0 0

#Transform 46
Transform: AffineTransform_float_3_3
Parameters: 1 0.000408322 0.000384525 -0.000407479 1 -0.00112298 -0.000385545 0.00112267 1 -0.0380246 -0.0714849 0.141534
FixedParameters: 0 0 0

#Transform 47
Transform: AffineTransform_float_3_3
Parameters: 1 0.000451135 0.000383903 -0.00045115 1 -0.00107422 -0.000384406 0.00107383 1 -0.0444996 -0.0979458 0.138246
FixedParameters: 0 0 0

#Transform 48
Transform: AffineTransform_float_3_3
Parameters: 1 0.000504212 0.000329235 -0.000504272 0.999999 -0.00118271 -0.000329961 0.00118234 1 -0.0449046 -0.114828 0.156338
FixedParameters: 0 0 0

#Transform 49
Transform: AffineTransform_float_3_3
Parameters: 0.999999 0.000558037 0.000473359 -0.000557486 0.999999 -0.00146748 -0.000474529 0.00146691 0.999999 -0.0503941 -0.0584445 0.119425
FixedParameters: 0 0 0

#Transform 50
Transform: AffineTransform_float_3_3
Parameters: 1 0.000534776 0.000338356 -0.000533964 0.999999 -0.00122925 -0.000339774 0.00122888 0.999999 -0.0444155 -0.10132 0.14317
FixedParameters: 0 0 0

#Transform 51
Transform: AffineTransform_float_3_3
Parameters: 1 0.000481697 0.000235455 -0.000480573 0.999999 -0.00121545 -0.000235915 0.00121526 1 -0.0466425 -0.0429322 0.112702
FixedParameters: 0 0 0

#Transform 52
Transform: AffineTransform_float_3_3
Parameters: 1 0.00049846 0.000328912 -0.000497654 0.999999 -0.00125547 -0.000330267 0.00125514 0.999999 -0.041 -0.110006 0.138207
FixedParameters: 0 0 0

#Transform 53
Transform: AffineTransform_float_3_3
Parameters: 1 0.000517619 0.000287804 -0.0005163 0.999999 -0.00133297 -0.000288472 0.00133271 0.999999 -0.0473391 -0.033509 0.124765
FixedParameters: 0 0 0

#Transform 54
Transform: AffineTransform_float_3_3
Parameters: 1 0.000829397 0.000485836 -0.000828616 0.999999 -0.00105806 -0.000486205 0.00105725 1 -0.0610102 0.00103037 0.13349
FixedParameters: 0 0 0

#Transform 55
Transform: AffineTransform_float_3_3
Parameters: 0.999999 0.000707997 0.000432091 -0.000707698 0.999999 -0.00131658 -0.000433489 0.00131593 0.999999 -0.0557857 -0.0790676 0.145303
FixedParameters: 0 0 0

#Transform 56
Transform: AffineTransform_float_3_3
Parameters: 1 0.000784126 0.00057164 -0.000783815 0.999999 -0.00122944 -0.000571566 0.00122885 0.999999 -0.0571086 -0.0584692 0.119425
FixedParameters: 0 0 0

#Transform 57
Transform: AffineTransform_float_3_3
Parameters: 1 0.000839074 0.0006164 -0.000838642 1 -0.00103662 -0.000617522 0.00103589 0.999999 -0.0568854 -0.102868 0.155801
FixedParameters: 0 0 0

#Transform 58
Transform: AffineTransform_float_3_3
Parameters: 1 0.000868196 0.000559091 -0.000867066 0.999999 -0.00123162 -0.000559842 0.00123066 0.999999 -0.058796 -0.055425 0.12166
FixedParameters: 0 0 0

#Transform 59
Transform: AffineTransform_float_3_3
Parameters: 1 0.000882411 0.000514749 -0.000882048 0.999999 -0.00114672 -0.000516201 0.00114577 0.999999 -0.0564563 -0.107211 0.173123
FixedParameters: 0 0 0

#Transform 60
Transform: AffineTransform_float_3_3
Parameters: 1 0.000906943 0.000553291 -0.000905878 0.999999 -0.00121003 -0.000554054 0.00120937 0.999999 -0.0594389 -0.043616 0.134038
FixedParameters: 0 0 0

#Transform 61
Transform: AffineTransform_float_3_3
Parameters: 1 0.00100718 0.000577075 -0.00100647 0.999999 -0.000889175 -0.000577411 0.000889296 0.999999 -0.0575191 -0.0610215 0.140765
FixedParameters: 0 0 0

#Transform 62
Transform: AffineTransform_float_3_3
Parameters: 1 0.000969608 0.000503663 -0.000969452 0.999999 -0.000966175 -0.000504965 0.00096516 1 -0.0615761 -0.069936 0.148467
FixedParameters: 0 0 0

#Transform 63
Transform: AffineTransform_float_3_3
Parameters: 0.999999 0.00106612 0.000632531 -0.00106548 0.999999 -0.00115529 -0.000634422 0.0011539 0.999999 -0.0647947 -0.0239463 0.134966
FixedParameters: 0 0 0

#Transform 64
Transform: AffineTransform_float_3_3
Parameters: 1 0.000969604 0.000577003 -0.000969558 0.999999 -0.00077874 -0.000577918 0.000778522 1 -0.0600007 -0.0462446 0.181503
FixedParameters: 0 0 0

#Transform 65
Transform: AffineTransform_float_3_3
Parameters: 0.999999 0.00105122 0.000636118 -0.00104975 0.999999 -0.00141065 -0.000637731 0.0014106 0.999999 -0.0651365 -0.0715979 0.167806
FixedParameters: 0 0 0

#Transform 66
Transform: AffineTransform_float_3_3
Parameters: 1 0.000811481 0.000596297 -0.000810937 0.999999 -0.00114217 -0.000597578 0.00114117 0.999999 -0.057889 -0.0546111 0.195774
FixedParameters: 0 0 0

#Transform 67
Transform: AffineTransform_float_3_3
Parameters: 1 0.000929974 0.000726199 -0.000929021 0.999999 -0.00121928 -0.000727894 0.00121789 0.999999 -0.0575445 -0.0439274 0.210631
FixedParameters: 0 0 0

#Transform 68
Transform: AffineTransform_float_3_3
Parameters: 1 0.000891162 0.000751152 -0.00089002 0.999998 -0.00130409 -0.000752903 0.00130272 0.999999 -0.0554917 -0.0594902 0.184831
FixedParameters: 0 0 0

#Transform 69
Transform: AffineTransform_float_3_3
Parameters: 1 0.000967201 0.000701971 -0.000966405 0.999999 -0.00114938 -0.000703622 0.00114799 0.999999 -0.0533099 -0.0610799 0.171543
FixedParameters: 0 0 0

#Transform 70
Transform: AffineTransform_float_3_3
Parameters: 1 0.000912425 0.000740421 -0.000911545 0.999999 -0.00114611 -0.00074194 0.00114472 0.999999 -0.0529249 -0.0386394 0.190759
FixedParameters: 0 0 0

#Transform 71
Transform: AffineTransform_float_3_3
Parameters: 1 0.000891672 0.000741788 -0.000890925 0.999998 -0.00164325 -0.000743656 0.00164279 0.999998 -0.0545446 -0.0475648 0.173932
FixedParameters: 0 0 0

#Transform 72
Transform: AffineTransform_float_3_3
Parameters: 1 0.000779531 0.000592293 -0.000779128 0.999999 -0.00126304 -0.00059226 0.00126242 0.999999 -0.0542331 -0.0284941 0.227734
FixedParameters: 0 0 0

#Transform 73
Transform: AffineTransform_float_3_3
Parameters: 0.999999 0.00111075 0.000790184 -0.00111048 0.999999 -0.0012592 -0.000791873 0.00125865 0.999999 -0.0688131 -0.0141907 0.213514
FixedParameters: 0 0 0

#Transform 74
Transform: AffineTransform_float_3_3
Parameters: 0.999999 0.00103251 0.000828546 -0.00103151 0.999999 -0.00128035 -0.000829312 0.00127954 0.999999 -0.0702177 -0.0371469 0.238947
FixedParameters: 0 0 0

#Transform 75
Transform: AffineTransform_float_3_3
Parameters: 0.999999 0.00105673 0.00084128 -0.00105524 0.999997 -0.0020486 -0.000843263 0.00204769 0.999998 -0.0690576 -0.106809 0.229493
FixedParameters: 0 0 0

#Transform 76
Transform: AffineTransform_float_3_3
Parameters: 0.999999 0.00104016 0.000914817 -0.00103854 0.999998 -0.00183304 -0.000917625 0.00183234 0.999998 -0.0717732 -0.0877803 0.267377
FixedParameters: 0 0 0

#Transform 77
Transform: AffineTransform_float_3_3
Parameters: 0.999999 0.00110516 0.000822361 -0.0011041 0.999998 -0.00184941 -0.000824058 0.0018488 0.999998 -0.0675736 0.0408116 0.203426
FixedParameters: 0 0 0

#Transform 78
Transform: AffineTransform_float_3_3
Parameters: 0.999999 0.00108968 0.000892291 -0.00108808 0.999996 -0.00247782 -0.000894832 0.00247704 0.999996 -0.0697441 -0.047431 0.211672
FixedParameters: 0 0 0

#Transform 79
Transform: AffineTransform_float_3_3
Parameters: 0.999999 0.00112542 0.000921346 -0.00112392 0.999998 -0.00172983 -0.000924152 0.00172802 0.999998 -0.0720123 -0.0164191 0.216957
FixedParameters: 0 0 0

#Transform 80
Transform: AffineTransform_float_3_3
Parameters: 0.999999 0.00116113 0.00090648 -0.00116052 0.999998 -0.00171489 -0.000908806 0.00171302 0.999998 -0.070898 -0.0437233 0.210637
FixedParameters: 0 0 0

#Transform 81
Transform: AffineTransform_float_3_3
Parameters: 0.999998 0.00132525 0.000969189 -0.00132305 0.999998 -0.00173351 -0.000971962 0.00173218 0.999998 -0.071193 -0.0442956 0.21282
FixedParameters: 0 0 0

#Transform 82
Transform: AffineTransform_float_3_3
Parameters: 0.999998 0.00131391 0.000976786 -0.00131248 0.999998 -0.0017469 -0.000978985 0.00174554 0.999998 -0.0726152 -0.0568581 0.241965
FixedParameters: 0 0 0

#Transform 83
Transform: AffineTransform_float_3_3
Parameters: 0.999999 0.00144282 0.000884843 -0.00144077 0.999997 -0.00180664 -0.000888129 0.00180533 0.999998 -0.0776185 -0.036994 0.230731
FixedParameters: 0 0 0

#Transform 84
Transform: AffineTransform_float_3_3
Parameters: 0.999998 0.00132038 0.000828669 -0.00131921 0.999997 -0.00190784 -0.000831316 0.00190686 0.999998 -0.0740287 -0.0572589 0.289687
FixedParameters: 0 0 0

#Transform 85
Transform: AffineTransform_float_3_3
Parameters: 0.999999 0.00142742 0.000887611 -0.00142508 0.999996 -0.00210621 -0.000890311 0.00210492 0.999997 -0.0740504 -0.0675806 0.289119
FixedParameters: 0 0 0

#Transform 86
Transform: AffineTransform_float_3_3
Parameters: 0.999999 0.00135845 0.000932059 -0.00135566 0.999997 -0.00225234 -0.000934968 0.00225105 0.999997 -0.07349 -0.0459925 0.267628
FixedParameters: 0 0 0

#Transform 87
Transform: AffineTransform_float_3_3
Parameters: 0.999999 0.00119773 0.00090906 -0.00119555 0.999996 -0.00276078 -0.000912916 0.00275977 0.999996 -0.0746546 -0.0180697 0.232219
FixedParameters: 0 0 0

#Transform 88
Transform: AffineTransform_float_3_3
Parameters: 0.999999 0.00119694 0.000874857 -0.00119538 0.999996 -0.00250672 -0.000877998 0.00250579 0.999996 -0.0736135 -0.054582 0.273225
FixedParameters: 0 0 0

#Transform 89
Transform: AffineTransform_float_3_3
Parameters: 0.999999 0.00113519 0.000831994 -0.00113267 0.999996 -0.00271376 -0.000836013 0.00271274 0.999997 -0.0722331 -0.0175092 0.24282
FixedParameters: 0 0 0

#Transform 90
Transform: AffineTransform_float_3_3
Parameters: 0.999999 0.00115454 0.000791328 -0.00115232 0.999997 -0.00230893 -0.000793556 0.00230834 0.999997 -0.0731672 -0.0319049 0.270387
FixedParameters: 0 0 0

#Transform 91
Transform: AffineTransform_float_3_3
Parameters: 0.999999 0.0011183 0.000801753 -0.00111579 0.999996 -0.00282664 -0.000805889 0.00282605 0.999996 -0.0700092 -0.0724536 0.292791
FixedParameters: 0 0 0

#Transform 92
Transform: AffineTransform_float_3_3
Parameters: 0.999999 0.0011694 0.000850132 -0.00116686 0.999995 -0.0028289 -0.000853176 0.00282812 0.999996 -0.0680985 -0.0418608 0.280563
FixedParameters: 0 0 0

#Transform 93
Transform: AffineTransform_float_3_3
Parameters: 0.999999 0.00113877 0.000750144 -0.00113748 0.999996 -0.00275517 -0.000753665 0.00275462 0.999996 -0.0692826 -0.0413218 0.274795
FixedParameters: 0 0 0

#Transform 94
Transform: AffineTransform_float_3_3
Parameters: 0.999999 0.00119311 0.000762661 -0.00119143 0.999997 -0.00241442 -0.000766134 0.0024138 0.999997 -0.0696738 -0.0178178 0.282683
FixedParameters: 0 0 0

#Transform 95
Transform: AffineTransform_float_3_3
Parameters: 0.999999 0.00117606 0.000741496 -0.00117388 0.999995 -0.00283028 -0.000745967 0.00282974 0.999996 -0.0694749 -0.100209 0.306456
FixedParameters: 0 0 0

#Transform 96
Transform: AffineTransform_float_3_3
Parameters: 0.999999 0.001104 0.000723263 -0.00110185 0.999996 -0.00248013 -0.000725636 0.00247978 0.999997 -0.0712602 0.00164751 0.324118
FixedParameters: 0 0 0

#Transform 97
Transform: AffineTransform_float_3_3
Parameters: 0.999999 0.0010764 0.000815465 -0.00107448 0.999997 -0.00240772 -0.00081836 0.00240717 0.999997 -0.0710416 0.0116523 0.29361
FixedParameters: 0 0 0

#Transform 98
Transform: AffineTransform_float_3_3
Parameters: 0.999999 0.000936338 0.000841956 -0.000935154 0.999998 -0.00170673 -0.000844088 0.00170602 0.999998 -0.0615339 -0.01123 0.312372
FixedParameters: 0 0 0

#Transform 99
Transform: AffineTransform_float_3_3
Parameters: 1 0.000944536 0.000718 -0.000943132 0.999998 -0.00160352 -0.00072049 0.0016034 0.999998 -0.0599568 -0.0123861 0.308747
FixedParameters: 0 0 0

#Transform 100
Transform: AffineTransform_float_3_3
Parameters: 0.999999 0.000962272 0.000735789 -0.000960571 0.999997 -0.00189283 -0.000737576 0.00189138 0.999998 -0.0613027 -0.0625183 0.347432
FixedParameters: 0 0 0

#Transform 101
Transform: AffineTransform_float_3_3
Parameters: 0.999999 0.00106957 0.000568797 -0.00106843 0.999997 -0.0022149 -0.000570354 0.00221399 0.999997 -0.0678573 -0.0389275 0.331695
FixedParameters: 0 0 0

#Transform 102
Transform: AffineTransform_float_3_3
Parameters: 0.999999 0.00109852 0.000550163 -0.00109742 0.999997 -0.00205991 -0.000552869 0.00205995 0.999998 -0.0665899 -0.0504307 0.374444
FixedParameters: 0 0 0

#Transform 103
Transform: AffineTransform_float_3_3
Parameters: 0.999999 0.00116491 0.000704643 -0.00116238 0.999997 -0.00221813 -0.000707174 0.00221777 0.999997 -0.0655292 -0.0283202 0.350053
FixedParameters: 0 0 0

#Transform 104
Transform: AffineTransform_float_3_3
Parameters: 0.999999 0.00116211 0.00069336 -0.00116003 0.999996 -0.00252956 -0.000696135 0.00252919 0.999996 -0.0668452 -0.0424016 0.336618
FixedParameters: 0 0 0

#Transform 105
Transform: AffineTransform_float_3_3
Parameters: 0.999999 0.00112199 0.000578352 -0.00112118 0.999996 -0.00235547 -0.000581316 0.00235409 0.999997 -0.0667821 -0.000605045 0.320572
FixedParameters: 0 0 0

#Transform 106
Transform: AffineTransform_float_3_3
Parameters: 0.999999 0.00108646 0.000575719 -0.0010842 0.999996 -0.00247024 -0.000578599 0.00246992 0.999997 -0.0643005 -0.00865706 0.319822
FixedParameters: 0 0 0

#Transform 107
Transform: AffineTransform_float_3_3
Parameters: 0.999999 0.00108281 0.000572581 -0.0010814 0.999996 -0.0024115 -0.000574666 0.00241023 0.999997 -0.0635161 -0.0345693 0.360335
FixedParameters: 0 0 0

#Transform 108
Transform: AffineTransform_float_3_3
Parameters: 1 0.000884368 0.00059932 -0.000883081 0.999996 -0.00269319 -0.000601866 0.00269205 0.999997 -0.06234 -0.0322271 0.374635
FixedParameters: 0 0 0

#Transform 109
Transform: AffineTransform_float_3_3
Parameters: 1 0.000960301 0.000593805 -0.000959302 0.999996 -0.00245893 -0.000596206 0.00245771 0.999997 -0.0627319 0.000879248 0.333468
FixedParameters: 0 0 0

#Transform 110
Transform: AffineTransform_float_3_3
Parameters: 1 0.000900387 0.000601848 -0.000898596 0.999997 -0.00244916 -0.000604586 0.00244898 0.999997 -0.0573502 -0.0793674 0.392399
FixedParameters: 0 0 0

#Transform 111
Transform: AffineTransform_float_3_3
Parameters: 1 0.000887195 0.000467538 -0.000886142 0.999997 -0.00233543 -0.000469887 0.0023349 0.999997 -0.0621074 0.0157801 0.351295
FixedParameters: 0 0 0

#Transform 112
Transform: AffineTransform_float_3_3
Parameters: 1 0.000808136 0.000601501 -0.000806155 0.999996 -0.00278724 -0.000602972 0.00278623 0.999996 -0.0579896 0.00112307 0.391114
FixedParameters: 0 0 0

#Transform 113
Transform: AffineTransform_float_3_3
Parameters: 1 0.000734146 0.000706968 -0.000731691 0.999995 -0.00312378 -0.000709437 0.00312266 0.999995 -0.0603448 -0.0697058 0.432938
FixedParameters: 0 0 0

#Transform 114
Transform: AffineTransform_float_3_3
Parameters: 1 0.00082102 0.000634725 -0.000819228 0.999995 -0.0031755 -0.000636393 0.00317473 0.999994 -0.0578462 -0.0540239 0.395548
FixedParameters: 0 0 0

#Transform 115
Transform: AffineTransform_float_3_3
Parameters: 1 0.000925677 0.000684157 -0.000922979 0.999996 -0.00300827 -0.000686748 0.00300731 0.999995 -0.0574692 -0.0575436 0.383264
FixedParameters: 0 0 0

#Transform 116
Transform: AffineTransform_float_3_3
Parameters: 1 0.000829642 0.000723364 -0.000826469 0.999994 -0.00315468 -0.000725664 0.00315344 0.999995 -0.0604066 -0.0803443 0.43747
FixedParameters: 0 0 0

#Transform 117
Transform: AffineTransform_float_3_3
Parameters: 1 0.000909822 0.000702687 -0.000908174 0.999994 -0.00318878 -0.000705884 0.00318832 0.999995 -0.0581639 -0.00683413 0.386163
FixedParameters: 0 0 0

#Transform 118
Transform: AffineTransform_float_3_3
Parameters: 1 0.000805899 0.00063359 -0.000803975 0.999995 -0.00306522 -0.000636415 0.00306412 0.999995 -0.0579984 -0.0277324 0.391225
FixedParameters: 0 0 0

#Transform 119
Transform: AffineTransform_float_3_3
Parameters: 1 0.000774339 0.000603168 -0.000772326 0.999996 -0.0026511 -0.000605556 0.00265141 0.999996 -0.0582211 -0.0251721 0.398051
FixedParameters: 0 0 0

#Transform 120
Transform: AffineTransform_float_3_3
Parameters: 1 0.000823164 0.000613809 -0.00082193 0.999996 -0.00261524 -0.000615873 0.00261509 0.999997 -0.0587749 -0.0246836 0.408209
FixedParameters: 0 0 0

#Transform 121
Transform: AffineTransform_float_3_3
Parameters: 1 0.000762331 0.000658299 -0.000760831 0.999996 -0.00264162 -0.000660084 0.00264148 0.999996 -0.0553185 -0.0215184 0.388082
FixedParameters: 0 0 0

#Transform 122
Transform: AffineTransform_float_3_3
Parameters: 0.999999 0.00069228 0.000586187 -0.000690516 0.999997 -0.00251142 -0.000588097 0.00251151 0.999997 -0.0535978 -0.0280947 0.395601
FixedParameters: 0 0 0

#Transform 123
Transform: AffineTransform_float_3_3
Parameters: 0.999999 0.000670076 0.000564271 -0.000669188 0.999998 -0.00231402 -0.000566496 0.00231353 0.999997 -0.0548011 -0.0223274 0.429766
FixedParameters: 0 0 0

#Transform 124
Transform: AffineTransform_float_3_3
Parameters: 0.999999 0.000635451 0.000518729 -0.000634245 0.999998 -0.00227457 -0.000519928 0.00227421 0.999997 -0.0537628 -0.0162073 0.394649
FixedParameters: 0 0 0

#Transform 125
Transform: AffineTransform_float_3_3
Parameters: 0.999999 0.000651926 0.000482351 -0.000651075 0.999998 -0.0020585 -0.000483241 0.00205818 0.999997 -0.0533459 -0.00132618 0.415069
FixedParameters: 0 0 0

#Transform 126
Transform: AffineTransform_float_3_3
Parameters: 0.999999 0.000618757 0.000497589 -0.000616887 0.999997 -0.00222199 -0.000499239 0.00222231 0.999998 -0.0546925 -0.00968126 0.419409
FixedParameters: 0 0 0

#Transform 127
Transform: AffineTransform_float_3_3
Parameters: 0.999999 0.000667487 0.000526274 -0.000667138 0.999998 -0.0019244 -0.000527909 0.00192362 0.999998 -0.0552817 -0.00301542 0.382746
FixedParameters: 0 0 0

#Transform 128
Transform: AffineTransform_float_3_3
Parameters: 0.999999 0.000584617 0.000398202 -0.00058332 0.999998 -0.00198934 -0.000399349 0.00198887 0.999998 -0.0534701 -0.00518231 0.421584
FixedParameters: 0 0 0

#Transform 129
Transform: AffineTransform_float_3_3
Parameters: 0.999999 0.000620713 0.000437787 -0.000619345 0.999998 -0.0018907 -0.000438954 0.00189016 0.999998 -0.0557366 -0.00710733 0.400182
FixedParameters: 0 0 0

#Transform 130
Transform: AffineTransform_float_3_3
Parameters: 0.999999 0.000611109 0.000382144 -0.000610506 0.999997 -0.00226232 -0.000383265 0.00226181 0.999998 -0.058347 0.00302355 0.413739
FixedParameters: 0 0 0

#Transform 131
Transform: AffineTransform_float_3_3
Parameters: 0.999999 0.000708788 0.000519555 -0.000708182 0.999998 -0.00168181 -0.000520167 0.00168197 0.999999 -0.0574398 0.020653 0.378918
FixedParameters: 0 0 0

#Transform 132
Transform: AffineTransform_float_3_3
Parameters: 0.999999 0.000649778 0.000483256 -0.000649546 0.999999 -0.00110772 -0.000484229 0.00110705 1 -0.052314 0.00938164 0.401088
FixedParameters: 0 0 0

#Transform 133
Transform: AffineTransform_float_3_3
Parameters: 0.999999 0.000718738 0.000571756 -0.000718205 0.999999 -0.0011996 -0.000573013 0.00119874 0.999999 -0.0574092 0.0294548 0.368684
FixedParameters: 0 0 0

#Transform 134
Transform: AffineTransform_float_3_3
Parameters: 0.999999 0.000729884 0.000533297 -0.000729564 1 -0.00111178 -0.000534408 0.0011113 0.999999 -0.0566421 0.0206231 0.359509
FixedParameters: 0 0 0

#Transform 135
Transform: AffineTransform_float_3_3
Parameters: 0.999999 0.000668167 0.00053173 -0.000668023 0.999999 -0.000956525 -0.000532518 0.000956715 1 -0.0530299 -0.0172957 0.400385
FixedParameters: 0 0 0

#Transform 136
Transform: AffineTransform_float_3_3
Parameters: 0.999999 0.000639235 0.000494321 -0.000638979 0.999999 -0.00110705 -0.000495269 0.00110638 1 -0.0537626 -0.00612851 0.377108
FixedParameters: 0 0 0

#Transform 137
Transform: AffineTransform_float_3_3
Parameters: 0.999999 0.00068764 0.000593858 -0.000686332 0.999999 -0.00132688 -0.0005944 0.00132607 0.999999 -0.0517964 -0.00569079 0.435838
FixedParameters: 0 0 0

#Transform 138
Transform: AffineTransform_float_3_3
Parameters: 1 0.000705844 0.000649786 -0.000705312 0.999999 -0.00103892 -0.000650681 0.00103797 1 -0.0503856 0.0241578 0.399158
FixedParameters: 0 0 0

#Transform 139
Transform: AffineTransform_float_3_3
Parameters: 1 0.000700908 0.00072203 -0.000700181 0.999999 -0.00106999 -0.000722958 0.00106894 0.999999 -0.0536982 -0.00994239 0.429325
FixedParameters: 0 0 0

#Transform 140
Transform: AffineTransform_float_3_3
Parameters: 1 0.00071564 0.000719498 -0.000714209 0.999998 -0.00174974 -0.000720148 0.00174868 0.999999 -0.0539249 0.0227848 0.402838
FixedParameters: 0 0 0

#Transform 141
Transform: AffineTransform_float_3_3
Parameters: 1 0.000842764 0.000812715 -0.000840978 0.999999 -0.00178393 -0.000813821 0.00178287 0.999998 -0.0565797 0.00840575 0.372243
FixedParameters: 0 0 0

#Transform 142
Transform: AffineTransform_float_3_3
Parameters: 1 0.000669454 0.000833724 -0.000667608 0.999996 -0.00263597 -0.000835825 0.00263568 0.999996 -0.0554495 -0.157856 0.408177
FixedParameters: 0 0 0

#Transform 143
Transform: AffineTransform_float_3_3
Parameters: 1 0.000694172 0.000725872 -0.00069188 0.999997 -0.00235971 -0.000727349 0.00235901 0.999997 -0.053302 0.0498353 0.389107
FixedParameters: 0 0 0

#Transform 144
Transform: AffineTransform_float_3_3
Parameters: 1 0.000705292 0.000659326 -0.000703936 0.999998 -0.00185193 -0.000660084 0.00185097 0.999998 -0.0541232 0.124647 0.32135
FixedParameters: 0 0 0

#Transform 145
Transform: AffineTransform_float_3_3
Parameters: 1 0.000894534 0.00062158 -0.000893037 0.999998 -0.00144724 -0.000622861 0.00144706 0.999999 -0.0526683 0.0293895 0.356463
FixedParameters: 0 0 0

#Transform 146
Transform: AffineTransform_float_3_3
Parameters: 1 0.000807604 0.000615829 -0.000806203 0.999999 -0.00133802 -0.000616603 0.00133702 0.999999 -0.0530267 0.0109885 0.371437
FixedParameters: 0 0 0

#Transform 147
Transform: AffineTransform_float_3_3
Parameters: 0.999999 0.000786005 0.000534111 -0.000785411 0.999998 -0.00162465 -0.000534892 0.00162472 0.999999 -0.0564227 -0.0216862 0.378295
FixedParameters: 0 0 0

#Transform 148
Transform: AffineTransform_float_3_3
Parameters: 1 0.000920589 0.000552712 -0.000919787 0.999998 -0.0015134 -0.000555007 0.00151329 0.999999 -0.0573958 -0.114435 0.413868
FixedParameters: 0 0 0

#Transform 149
Transform: AffineTransform_float_3_3
Parameters: 1 0.000880245 0.000454692 -0.000878738 0.999999 -0.00102795 -0.000455685 0.00102719 1 -0.0564483 0.00376495 0.38456
FixedParameters: 0 0 0

#Transform 150
Transform: AffineTransform_float_3_3
Parameters: 1 0.000817226 0.000489809 -0.000817093 1 -0.000999655 -0.000490827 0.000999159 0.999999 -0.0556919 -5.1792e-05 0.363883
FixedParameters: 0 0 0

#Transform 151
Transform: AffineTransform_float_3_3
Parameters: 0.999999 0.000856768 0.000444793 -0.000856258 0.999999 -0.000913231 -0.000445053 0.000913408 1 -0.0564642 0.0393374 0.377353
FixedParameters: 0 0 0

#Transform 152
Transform: AffineTransform_float_3_3
Parameters: 1 0.000792114 0.000429074 -0.000791431 0.999999 -0.000867234 -0.000430378 0.000867834 0.999999 -0.0565518 0.0563858 0.377173
FixedParameters: 0 0 0

#Transform 153
Transform: AffineTransform_float_3_3
Parameters: 0.999999 0.000807795 0.00045827 -0.000806876 1 -0.0010545 -0.000460031 0.0010541 0.999999 -0.0550543 0.0371809 0.346834
FixedParameters: 0 0 0

#Transform 154
Transform: AffineTransform_float_3_3
Parameters: 0.999999 0.000731079 0.000410875 -0.000730145 0.999998 -0.00146118 -0.000411729 0.00146058 0.999999 -0.0587291 0.0103027 0.427085
FixedParameters: 0 0 0

#Transform 155
Transform: AffineTransform_float_3_3
Parameters: 0.999999 0.000714786 0.000395834 -0.000714737 0.999999 -0.00112203 -0.000396971 0.00112142 1 -0.0580026 0.114779 0.395563
FixedParameters: 0 0 0

#Transform 156
Transform: AffineTransform_float_3_3
Parameters: 0.999999 0.000738106 0.000438285 -0.000737959 0.999999 -0.00143962 -0.000438513 0.00143928 0.999998 -0.0580972 0.0912737 0.40056
FixedParameters: 0 0 0

#Transform 157
Transform: AffineTransform_float_3_3
Parameters: 0.999999 0.000639384 0.000364397 -0.000639168 0.999998 -0.00144583 -0.000365779 0.00144532 0.999999 -0.0521475 0.0225201 0.430619
FixedParameters: 0 0 0

#Transform 158
Transform: AffineTransform_float_3_3
Parameters: 0.999999 0.000807882 0.0004728 -0.000807959 0.999999 -0.000871684 -0.000473673 0.000872163 0.999999 -0.0585955 -0.0513892 0.482264
FixedParameters: 0 0 0

#Transform 159
Transform: AffineTransform_float_3_3
Parameters: 0.999999 0.000693697 0.000394608 -0.000693757 1 -0.000987745 -0.000395512 0.000987159 1 -0.0549113 0.0422022 0.42248
FixedParameters: 0 0 0

#Transform 160
Transform: AffineTransform_float_3_3
Parameters: 0.999999 0.000687357 0.000450647 -0.000685759 0.999999 -0.00116102 -0.000451531 0.00116044 0.999999 -0.0531885 -0.0209835 0.433615
FixedParameters: 0 0 0

#Transform 161
Transform: AffineTransform_float_3_3
Parameters: 0.999999 0.000669084 0.000398396 -0.000668555 1 -0.00103478 -0.000398454 0.00103459 0.999999 -0.052177 0.0376284 0.42654
FixedParameters: 0 0 0

#Transform 162
Transform: AffineTransform_float_3_3
Parameters: 0.999999 0.000664556 0.000318853 -0.000664654 0.999999 -0.00116121 -0.00031993 0.00116075 1 -0.0523622 0.0576851 0.391161
FixedParameters: 0 0 0

#Transform 163
Transform: AffineTransform_float_3_3
Parameters: 0.999999 0.000625876 0.000354586 -0.000625993 1 -0.00101862 -0.000355395 0.00101814 1 -0.0530413 0.0363424 0.397854
FixedParameters: 0 0 0

#Transform 164
Transform: AffineTransform_float_3_3
Parameters: 1 0.000467449 0.000284544 -0.000467243 0.999999 -0.000797664 -0.000283905 0.0007974 0.999999 -0.0484711 0.0473026 0.407025
FixedParameters: 0 0 0

#Transform 165
Transform: AffineTransform_float_3_3
Parameters: 0.999999 0.000623035 0.000484291 -0.00062313 0.999999 -0.000804408 -0.000484803 0.000804705 1 -0.051709 -0.00297404 0.412955
FixedParameters: 0 0 0

#Transform 166
Transform: AffineTransform_float_3_3
Parameters: 0.999999 0.000743767 0.000398204 -0.000743133 0.999999 -0.000864661 -0.00039957 0.000865005 1 -0.0522428 0.0638527 0.376483
FixedParameters: 0 0 0

#Transform 167
Transform: AffineTransform_float_3_3
Parameters: 0.999999 0.000808523 0.000346978 -0.000808036 0.999999 -0.00108736 -0.000347454 0.0010868 1 -0.0558213 0.0497095 0.359782
FixedParameters: 0 0 0

#Transform 168
Transform: AffineTransform_float_3_3
Parameters: 0.999999 0.000803161 0.000352206 -0.0008033 1 -0.00103231 -0.000353352 0.00103205 0.999999 -0.0566319 0.0326514 0.390985
FixedParameters: 0 0 0

#Transform 169
Transform: AffineTransform_float_3_3
Parameters: 0.999999 0.000723573 0.000403721 -0.00072263 0.999999 -0.00119147 -0.000405548 0.00119088 0.999999 -0.0533427 -0.0522241 0.395225
FixedParameters: 0 0 0

#Transform 170
Transform: AffineTransform_float_3_3
Parameters: 0.999999 0.000845314 0.000321156 -0.000844882 0.999999 -0.00108955 -0.000321716 0.00108901 1 -0.0557966 0.00428494 0.348094
FixedParameters: 0 0 0

#Transform 171
Transform: AffineTransform_float_3_3
Parameters: 1 0.000869566 0.000301127 -0.000869114 0.999999 -0.00120651 -0.000301794 0.00120633 0.999999 -0.0584485 0.0394719 0.344084
FixedParameters: 0 0 0

#Transform 172
Transform: AffineTransform_float_3_3
Parameters: 1 0.000984457 0.000499044 -0.000984207 0.999999 -0.00134587 -0.000499692 0.00134519 0.999999 -0.0594081 0.00786969 0.331489
FixedParameters: 0 0 0

#Transform 173
Transform: AffineTransform_float_3_3
Parameters: 1 0.000951605 0.000255055 -0.000951241 0.999999 -0.000779859 -0.000256515 0.000780311 1 -0.0477181 0.0571245 0.307779
FixedParameters: 0 0 0

#Transform 174
Transform: AffineTransform_float_3_3
Parameters: 1 0.00106364 0.000500782 -0.0010631 0.999999 -0.000848829 -0.000501132 0.000849046 0.999999 -0.0601712 0.00234178 0.292869
FixedParameters: 0 0 0

#Transform 175
Transform: AffineTransform_float_3_3
Parameters: 1 0.000917082 0.000503373 -0.000915521 0.999999 -0.000982358 -0.000504358 0.000981474 1 -0.0595137 -0.101295 0.345738
FixedParameters: 0 0 0

#Transform 176
Transform: AffineTransform_float_3_3
Parameters: 1 0.000993044 0.000443394 -0.000992383 0.999999 -0.00105441 -0.000444057 0.00105388 0.999999 -0.0599666 0.0202851 0.329755
FixedParameters: 0 0 0

#Transform 177
Transform: AffineTransform_float_3_3
Parameters: 1 0.00109555 0.00037391 -0.00109408 0.999999 -0.00160421 -0.000375281 0.00160377 0.999999 -0.0645223 -0.00341909 0.307197
FixedParameters: 0 0 0

#Transform 178
Transform: AffineTransform_float_3_3
Parameters: 0.999999 0.00113573 0.000431216 -0.00113464 0.999999 -0.00160581 -0.000433535 0.00160517 0.999999 -0.0655154 -0.0119439 0.308242
FixedParameters: 0 0 0

#Transform 179
Transform: AffineTransform_float_3_3
Parameters: 0.999999 0.00106301 0.000581383 -0.00106192 0.999997 -0.00187162 -0.000583507 0.00187034 0.999998 -0.0652567 -0.0926263 0.338918
FixedParameters: 0 0 0

#Transform 180
Transform: AffineTransform_float_3_3
Parameters: 0.999999 0.00119482 0.000506309 -0.00119364 0.999998 -0.00149659 -0.000508533 0.00149666 0.999999 -0.0659527 -0.000294166 0.306674
FixedParameters: 0 0 0

#Transform 181
Transform: AffineTransform_float_3_3
Parameters: 0.999999 0.00116319 0.00050559 -0.00116173 0.999997 -0.00202968 -0.000507677 0.00202978 0.999998 -0.0705594 -0.0635669 0.325947
FixedParameters: 0 0 0

#Transform 182
Transform: AffineTransform_float_3_3
Parameters: 1 0.0010998 0.000422978 -0.00109911 0.999997 -0.00212142 -0.000425895 0.00212045 0.999998 -0.0677287 -0.00245646 0.287212
FixedParameters: 0 0 0

#Transform 183
Transform: AffineTransform_float_3_3
Parameters: 0.999999 0.00115613 0.000502269 -0.0011546 0.999997 -0.00211045 -0.000504515 0.00211057 0.999998 -0.0653809 -0.0319095 0.302966
FixedParameters: 0 0 0

#Transform 184
Transform: AffineTransform_float_3_3
Parameters: 0.999999 0.00114576 0.000482 -0.00114438 0.999997 -0.002044 -0.00048405 0.00204418 0.999998 -0.0661506 -0.0354784 0.320454
FixedParameters: 0 0 0

#Transform 185
Transform: AffineTransform_float_3_3
Parameters: 0.999999 0.00114754 0.000500149 -0.00114644 0.999997 -0.00223268 -0.000503477 0.00223184 0.999997 -0.0689358 -0.0315988 0.304127
FixedParameters: 0 0 0

#Transform 186
Transform: AffineTransform_float_3_3
Parameters: 0.999999 0.00121794 0.000589764 -0.00121605 0.999997 -0.00210587 -0.000592258 0.00210571 0.999998 -0.0669388 -0.0468014 0.320436
FixedParameters: 0 0 0

#Transform 187
Transform: AffineTransform_float_3_3
Parameters: 0.999999 0.00117736 0.000549178 -0.00117594 0.999997 -0.0023129 -0.000552827 0.00231191 0.999997 -0.0645396 -0.0332161 0.276102
FixedParameters: 0 0 0

#Transform 188
Transform: AffineTransform_float_3_3
Parameters: 0.999999 0.00105963 0.00068588 -0.00105775 0.999996 -0.0023917 -0.000687891 0.00239114 0.999998 -0.0638826 -0.16111 0.314633
FixedParameters: 0 0 0

#Transform 189
Transform: AffineTransform_float_3_3
Parameters: 1 0.000994989 0.000543115 -0.000993377 0.999996 -0.00257323 -0.000546519 0.00257339 0.999996 -0.0686465 -0.0159469 0.374484
FixedParameters: 0 0 0
