#Insight Transform File V1.0
#Transform 0
Transform: AffineTransform_float_3_3
Parameters: 1 5.82594e-05 5.51164e-05 -5.81533e-05 0.999999 -0.000961825 -5.52283e-05 0.000961818 0.999999 -0.00867329 -0.047197 -0.00487575
FixedParameters: 0 0 0

#Transform 1
Transform: AffineTransform_float_3_3
Parameters: 1 6.15252e-05 -4.99421e-05 -6.15519e-05 1 -0.000267118 4.99092e-05 0.000267124 1 -0.00894372 0.0166624 0.0663616
FixedParameters: 0 0 0

#Transform 2
Transform: AffineTransform_float_3_3
Parameters: 1 8.9997e-06 5.99219e-05 -8.93347e-06 1 -0.00055262 -5.99318e-05 0.000552619 1 -0.0026478 -0.0520623 0.0557935
FixedParameters: 0 0 0

#Transform 3
Transform: AffineTransform_float_3_3
Parameters: 1 0.000119733 7.54996e-05 -0.000119729 1 -2.65006e-05 -7.5506e-05 2.64826e-05 1 -0.00252855 -0.0190638 0.0468472
FixedParameters: 0 0 0

#Transform 4
Transform: AffineTransform_float_3_3
Parameters: 1 5.37352e-05 6.39662e-05 -5.37544e-05 1 0.000150079 -6.395e-05 -0.000150086 1 -0.00347616 -0.00891589 0.0617155
FixedParameters: 0 0 0

#Transform 5
Transform: AffineTransform_float_3_3
Parameters: 1 0.000208131 0.000269431 -0.000208308 1 0.000328385 -0.000269294 -0.000328497 1 0.000587759 -0.0388498 0.0317153
FixedParameters: 0 0 0

#Transform 6
Transform: AffineTransform_float_3_3
Parameters: 1 -6.76858e-06 0.000162313 6.50555e-06 0.999999 0.000810214 -0.000162324 -0.000810212 0.999999 0.00440487 -0.00185225 -0.0216769
FixedParameters: 0 0 0

#Transform 7
Transform: AffineTransform_float_3_3
Parameters: 1 1.67065e-05 -7.26272e-05 -1.65636e-05 1 0.00112997 7.25605e-05 -0.00112997 1 0.00924824 -0.0279639 0.00550356
FixedParameters: 0 0 0

#Transform 8
Transform: AffineTransform_float_3_3
Parameters: 1 -9.05602e-05 -5.50241e-06 9.055e-05 1 0.00102313 5.21282e-06 -0.00102313 1 0.00598268 -0.0132495 -0.0053982
FixedParameters: 0 0 0

#Transform 9
Transform: AffineTransform_float_3_3
Parameters: 1 -0.000177289 -0.000175919 0.000177559 0.999999 0.000768466 0.000175647 -0.000768529 0.999999 0.00511049 0.00976773 -0.0273661
FixedParameters: 0 0 0

#Transform 10
Transform: AffineTransform_float_3_3
Parameters: 1 -6.40891e-05 -0.00014608 6.42754e-05 1 0.000637704 0.000145998 -0.000637722 1 -0.000412739 -0.092923 0.0402398
FixedParameters: 0 0 0

#Transform 11
Transform: AffineTransform_float_3_3
Parameters: 1 -3.92175e-05 -0.000113685 3.93709e-05 1 0.000674804 0.000113631 -0.000674813 1 0.00418534 0.0701413 -0.0398385
FixedParameters: 0 0 0

#Transform 12
Transform: AffineTransform_float_3_3
Parameters: 1 -0.000101818 -0.000236757 0.000102301 1 0.00106532 0.000236436 -0.00106537 1 0.00533255 0.0120292 -0.0317709
FixedParameters: 0 0 0

#Transform 13
Transform: AffineTransform_float_3_3
Parameters: 1 -0.000218114 -0.00018462 0.000217554 0.999999 0.000698355 0.000184887 -0.000698472 1 0.00770372 0.0105094 -0.0575917
FixedParameters: 0 0 0

#Transform 14
Transform: AffineTransform_float_3_3
Parameters: 1 -0.00011037 -0.000233099 0.00011078 0.999999 0.000880535 0.000232904 -0.000880586 0.999999 0.00389999 -0.0472262 0.0113948
FixedParameters: 0 0 0

#Transform 15
Transform: AffineTransform_float_3_3
Parameters: 1 -9.58295e-05 -0.000303559 9.52767e-05 1 0.000437352 0.000304046 -0.000437447 1 0.00200566 0.0466436 -0.0170298
FixedParameters: 0 0 0

#Transform 16
Transform: AffineTransform_float_3_3
Parameters: 1 -1.29482e-05 -0.000428197 1.34406e-05 0.999999 0.000542256 0.000428137 -0.00054261 1 -0.00486946 -0.0232554 0.00846143
FixedParameters: 0 0 0

#Transform 17
Transform: AffineTransform_float_3_3
Parameters: 1 8.02874e-06 -0.000131565 -7.96993e-06 1 0.00022351 0.000131569 -0.000223508 1 -0.00753066 -0.125991 0.102202
FixedParameters: 0 0 0

#Transform 18
Transform: AffineTransform_float_3_3
Parameters: 1 9.75841e-06 -0.000126831 -9.70324e-06 1 0.000217461 0.000126835 -0.000217459 1 0.000653157 0.0726525 -0.012192
FixedParameters: 0 0 0

#Transform 19
Transform: AffineTransform_float_3_3
Parameters: 1 -7.99674e-05 -1.16072e-05 7.99704e-05 1 0.000127233 1.15869e-05 -0.000127235 1 0.000495361 -0.0803372 0.00705505
FixedParameters: 0 0 0

#Transform 20
Transform: AffineTransform_float_3_3
Parameters: 1 0.000225894 -0.000153202 -0.00022584 1 0.00017587 0.000153281 -0.000175801 1 -0.000507741 0.0058822 0.0302042
FixedParameters: 0 0 0

#Transform 21
Transform: AffineTransform_float_3_3
Parameters: 1 -0.000100246 6.06537e-05 0.00010029 1 -0.000363634 -6.05808e-05 0.000363646 1 0.000137091 -0.070572 0.0059196
FixedParameters: 0 0 0

#Transform 22
Transform: AffineTransform_float_3_3
Parameters: 1 0.000211789 -2.9699e-05 -0.000211795 1 -9.6504e-05 2.96581e-05 9.65166e-05 1 -0.00757412 -0.0245852 0.0519349
FixedParameters: 0 0 0

#Transform 23
Transform: AffineTransform_float_3_3
Parameters: 1 0.000135276 -0.000203526 -0.000135415 1 -0.000341676 0.000203434 0.000341731 1 -0.00548039 0.0587573 0.027771
FixedParameters: 0 0 0

#Transform 24
Transform: AffineTransform_float_3_3
Parameters: 1 -0.000156032 0.000234439 0.000156349 1 -0.00067629 -0.000234228 0.000676363 0.999999 0.00828159 0.016618 0.0042203
FixedParameters: 0 0 0

#Transform 25
Transform: AffineTransform_float_3_3
Parameters: 1 6.53249e-05 9.02752e-05 -6.52943e-05 1 -0.000169703 -9.02974e-05 0.000169691 1 -0.00831457 -0.0398638 0.0597618
FixedParameters: 0 0 0

#Transform 26
Transform: AffineTransform_float_3_3
Parameters: 1 -0.000196608 0.000221338 0.000196823 1 -0.000485034 -0.000221148 0.000485121 1 0.00571929 0.017925 0.00244877
FixedParameters: 0 0 0

#Transform 27
Transform: AffineTransform_float_3_3
Parameters: 1 0.000123568 -4.23087e-06 -0.00012357 1 -0.000173743 4.18793e-06 0.000173744 1 0.000732666 -0.0592173 0.00224216
FixedParameters: 0 0 0

#Transform 28
Transform: AffineTransform_float_3_3
Parameters: 1 -4.72102e-06 0.000148358 4.61054e-06 1 0.000372342 -0.000148361 -0.00037234 1 0.00896425 -0.0390837 0.0119813
FixedParameters: 0 0 0

#Transform 29
Transform: AffineTransform_float_3_3
Parameters: 1 0.000184338 -8.32391e-06 -0.000184332 1 0.0003608 8.45692e-06 -0.000360796 1 -0.00198721 -0.0189853 0.0465871
FixedParameters: 0 0 0

#Transform 30
Transform: AffineTransform_float_3_3
Parameters: 1 1.80173e-05 -1.21996e-05 -1.8017e-05 1 1.49517e-05 1.22001e-05 -1.49512e-05 1 -0.00375191 -0.0876865 0.0261982
FixedParameters: 0 0 0

#Transform 31
Transform: AffineTransform_float_3_3
Parameters: 1 0.00017502 -0.000203136 -0.000174874 1 0.000359262 0.000203262 -0.000359191 1 -0.00579028 0.0336503 0.00258849
FixedParameters: 0 0 0

#Transform 32
Transform: AffineTransform_float_3_3
Parameters: 1 0.000236365 1.64065e-06 -0.000236367 1 0.000358182 -1.47132e-06 -0.000358183 1 -0.00177916 -0.00226146 0.0391339
FixedParameters: 0 0 0

#Transform 33
Transform: AffineTransform_float_3_3
Parameters: 1 0.000250835 -6.24801e-05 -0.00025081 1 0.000205549 6.25832e-05 -0.000205518 1 -0.00517498 0.0178439 -0.037647
FixedParameters: 0 0 0

#Transform 34
Transform: AffineTransform_float_3_3
Parameters: 1 0.000174729 -0.000116784 -0.000174682 1 0.000201949 0.000116855 -0.000201909 1 -0.00562982 0.00353872 -0.0565868
FixedParameters: 0 0 0

#Transform 35
Transform: AffineTransform_float_3_3
Parameters: 1 0.00033215 -0.000220615 -0.000331959 1 0.000433015 0.000220902 -0.000432868 1 -0.00965287 -0.0255894 -0.0310606
FixedParameters: 0 0 0

#Transform 36
Transform: AffineTransform_float_3_3
Parameters: 1 0.000307183 -0.000207484 -0.000307071 1 0.000270215 0.00020765 -0.000270088 1 -0.00824291 -0.0160983 -0.0686873
FixedParameters: 0 0 0

#Transform 37
Transform: AffineTransform_float_3_3
Parameters: 1 0.000289214 -0.000312791 -0.000289178 1 5.7764e-05 0.000312824 -5.75831e-05 1 -0.0096961 -0.0659861 -0.0556772
FixedParameters: 0 0 0

#Transform 38
Transform: AffineTransform_float_3_3
Parameters: 1 0.000337656 -0.000376723 -0.000337393 1 0.000349014 0.000376959 -0.000348759 1 -0.0126521 -0.0581594 -0.0148759
FixedParameters: 0 0 0

#Transform 39
Transform: AffineTransform_float_3_3
Parameters: 1 0.000294212 -0.000342212 -0.000294117 1 0.000138318 0.000342294 -0.000138116 1 -0.00764066 -0.0613101 -0.0520816
FixedParameters: 0 0 0

#Transform 40
Transform: AffineTransform_float_3_3
Parameters: 1 0.000348309 -0.000234092 -0.000348145 1 0.000349918 0.000234336 -0.000349755 1 -0.0119093 -0.0237553 -0.0508819
FixedParameters: 0 0 0

#Transform 41
Transform: AffineTransform_float_3_3
Parameters: 1 0.000290424 -0.000302898 -0.000290311 1 0.000186988 0.000303006 -0.000186812 1 -0.0124479 -0.0548367 -0.028141
FixedParameters: 0 0 0

#Transform 42
Transform: AffineTransform_float_3_3
Parameters: 1 0.000336874 -0.000231865 -0.000336813 1 0.000132225 0.000231954 -0.000132068 1 -0.0115719 0.0116348 -0.064217
FixedParameters: 0 0 0

#Transform 43
Transform: AffineTransform_float_3_3
Parameters: 1 0.000354341 -0.000235265 -0.000354122 1 0.000464757 0.000235594 -0.00046459 1 -0.0148266 -0.0239208 -0.0377862
FixedParameters: 0 0 0

#Transform 44
Transform: AffineTransform_float_3_3
Parameters: 1 0.000345109 -0.000233469 -0.000344974 1 0.000289004 0.000233669 -0.000288843 1 -0.0146109 0.0327425 -0.0635976
FixedParameters: 0 0 0

#Transform 45
Transform: AffineTransform_float_3_3
Parameters: 1 0.000348309 -0.000234092 -0.000348145 1 0.000349918 0.000234336 -0.000349755 1 -0.0150422 -0.0673179 -0.0234713
FixedParameters: 0 0 0

#Transform 46
Transform: AffineTransform_float_3_3
Parameters: 1 0.000404903 -0.000174328 -0.000404694 0.999999 0.000597936 0.000174812 -0.000597795 1 -0.017726 -0.0344746 -0.0107918
FixedParameters: 0 0 0

#Transform 47
Transform: AffineTransform_float_3_3
Parameters: 1 0.00040554 -0.000152114 -0.000406006 1 0.000347742 0.000151582 -0.000347657 1 -0.0161486 -0.0584682 -0.021511
FixedParameters: 0 0 0

#Transform 48
Transform: AffineTransform_float_3_3
Parameters: 1 0.000441575 -9.48864e-05 -0.000441522 1 0.000280379 9.51339e-05 -0.000280295 1 -0.015697 -0.0474672 -0.0342958
FixedParameters: 0 0 0

#Transform 49
Transform: AffineTransform_float_3_3
Parameters: 1 0.000474311 -6.77161e-05 -0.000474242 1 0.000511274 6.8201e-05 -0.000511209 1 -0.0228384 -0.0292905 -0.0390103
FixedParameters: 0 0 0

#Transform 50
Transform: AffineTransform_float_3_3
Parameters: 1 0.000448462 -9.06353e-05 -0.000448399 1 0.000346156 9.09457e-05 -0.000346075 1 -0.0155023 -0.0284896 -0.0547465
FixedParameters: 0 0 0

#Transform 51
Transform: AffineTransform_float_3_3
Parameters: 1 0.00033706 -4.70085e-06 -0.000337052 0.999999 0.000749413 5.20604e-06 -0.000749409 0.999999 -0.0193349 -0.0501687 0.00796934
FixedParameters: 0 0 0

#Transform 52
Transform: AffineTransform_float_3_3
Parameters: 1 0.000382243 -3.24685e-05 -0.000381415 1 0.000150966 3.20131e-05 -0.000150904 1 -0.0172509 -0.00173452 -0.0568797
FixedParameters: 0 0 0

#Transform 53
Transform: AffineTransform_float_3_3
Parameters: 1 0.000316171 -4.19787e-05 -0.000316149 1 0.00026143 4.2144e-05 -0.000261404 1 -0.0144375 0.0195126 -0.0776094
FixedParameters: 0 0 0

#Transform 54
Transform: AffineTransform_float_3_3
Parameters: 1 0.000362607 -3.56092e-05 -0.000361734 0.999999 0.000761824 3.55903e-05 -0.000761762 0.999999 -0.0157094 -0.01316 -0.0545763
FixedParameters: 0 0 0

#Transform 55
Transform: AffineTransform_float_3_3
Parameters: 1 0.000386692 -6.49951e-05 -0.000386588 0.999999 0.000793271 6.56084e-05 -0.000793221 0.999999 -0.0227974 -0.0124166 -0.0623164
FixedParameters: 0 0 0

#Transform 56
Transform: AffineTransform_float_3_3
Parameters: 1 0.00034715 -2.46267e-05 -0.000347133 1 0.00035212 2.48711e-05 -0.000352103 1 -0.0164543 -0.0525806 -0.0629951
FixedParameters: 0 0 0

#Transform 57
Transform: AffineTransform_float_3_3
Parameters: 1 0.000294315 -5.84298e-05 -0.000294274 1 0.000354534 5.86385e-05 -0.0003545 1 -0.0157762 -0.0646259 -0.0802693
FixedParameters: 0 0 0

#Transform 58
Transform: AffineTransform_float_3_3
Parameters: 1 0.000230904 -3.53949e-05 -0.000230885 1 0.000661185 3.57455e-05 -0.000660826 0.999999 -0.0127966 -0.091157 -0.0436641
FixedParameters: 0 0 0

#Transform 59
Transform: AffineTransform_float_3_3
Parameters: 1 0.00016276 -1.08408e-05 -0.000162753 1 0.000294806 1.09368e-05 -0.000294803 1 -0.0080757 0.0252319 -0.116538
FixedParameters: 0 0 0

#Transform 60
Transform: AffineTransform_float_3_3
Parameters: 1 0.00023883 4.07561e-05 -0.00023805 1 0.000473663 -4.11009e-05 -0.000473646 1 -0.0155486 -0.0847143 -0.0678989
FixedParameters: 0 0 0

#Transform 61
Transform: AffineTransform_float_3_3
Parameters: 1 0.000199286 -0.000139308 -0.000199287 1 -2.85552e-06 0.000139307 2.91104e-06 1 -0.0152398 0.0229096 -0.084022
FixedParameters: 0 0 0

#Transform 62
Transform: AffineTransform_float_3_3
Parameters: 1 0.000136251 6.74535e-05 -0.000136234 1 -0.00012659 -6.7488e-05 0.000126572 1 -0.011208 0.00825601 -0.106762
FixedParameters: 0 0 0

#Transform 63
Transform: AffineTransform_float_3_3
Parameters: 1 0.000216268 8.73986e-05 -0.000216297 1 0.000161841 -8.73286e-05 -0.000161878 1 -0.0169431 -0.00775211 -0.102454
FixedParameters: 0 0 0

#Transform 64
Transform: AffineTransform_float_3_3
Parameters: 1 0.000170437 7.64856e-05 -0.000170439 1 1.29139e-05 -7.64811e-05 -1.29399e-05 1 -0.00982282 -0.0337644 -0.12436
FixedParameters: 0 0 0

#Transform 65
Transform: AffineTransform_float_3_3
Parameters: 1 0.000197085 4.76796e-05 -0.000197103 1 0.000183463 -4.76073e-05 -0.000183482 1 -0.0179612 -0.0819147 -0.0861067
FixedParameters: 0 0 0

#Transform 66
Transform: AffineTransform_float_3_3
Parameters: 1 0.000157677 9.19442e-05 -0.000157648 1 -0.000157499 -9.19938e-05 0.00015747 1 -0.00996079 -0.0359178 -0.12215
FixedParameters: 0 0 0

#Transform 67
Transform: AffineTransform_float_3_3
Parameters: 1 0.000170397 6.24398e-05 -0.000170442 1 0.000362264 -6.23163e-05 -0.000362285 1 -0.0114168 -0.0825774 -0.0832105
FixedParameters: 0 0 0

#Transform 68
Transform: AffineTransform_float_3_3
Parameters: 1 0.000230798 -1.05853e-05 -0.000230794 1 0.000162068 1.06601e-05 -0.000162064 1 -0.0145938 -0.057938 -0.107116
FixedParameters: 0 0 0

#Transform 69
Transform: AffineTransform_float_3_3
Parameters: 1 0.000151363 5.8465e-06 -0.000151362 1 -7.19451e-05 -5.86828e-06 7.19433e-05 1 -0.00934995 -0.0131205 -0.129622
FixedParameters: 0 0 0

#Transform 70
Transform: AffineTransform_float_3_3
Parameters: 1 0.000119426 3.71315e-05 -0.000119411 1 -0.000196126 -3.71784e-05 0.000196117 1 -0.0108438 0.0263903 -0.112692
FixedParameters: 0 0 0

#Transform 71
Transform: AffineTransform_float_3_3
Parameters: 1 0.000103799 3.22093e-05 -0.000103787 1 -0.00019536 -3.22498e-05 0.000195353 1 -0.0114792 0.0209594 -0.100418
FixedParameters: 0 0 0

#Transform 72
Transform: AffineTransform_float_3_3
Parameters: 1 0.00011242 2.33545e-05 -0.000112417 1 -6.9725e-05 -2.33702e-05 6.97198e-05 1 -0.011379 0.0103649 -0.0978704
FixedParameters: 0 0 0

#Transform 73
Transform: AffineTransform_float_3_3
Parameters: 1 0.000113204 -4.8956e-06 -0.000113206 1 -0.000196241 4.85116e-06 0.000196242 1 -0.00630896 -0.0254107 -0.134799
FixedParameters: 0 0 0

#Transform 74
Transform: AffineTransform_float_3_3
Parameters: 1 0.000191708 -6.65876e-05 -0.000191694 1 0.000102444 6.66268e-05 -0.000102418 1 -0.00995061 -0.0404895 -0.105238
FixedParameters: 0 0 0

#Transform 75
Transform: AffineTransform_float_3_3
Parameters: 1 0.000149081 -4.77261e-06 -0.000149078 1 0.000301593 4.86253e-06 -0.000301592 1 -0.0119014 -0.0650355 -0.0701722
FixedParameters: 0 0 0

#Transform 76
Transform: AffineTransform_float_3_3
Parameters: 1 0.000164265 -2.82187e-05 -0.000164268 1 -4.99423e-05 2.82022e-05 4.99516e-05 1 -0.00971391 -0.0369016 -0.114442
FixedParameters: 0 0 0

#Transform 77
Transform: AffineTransform_float_3_3
Parameters: 1 0.000203848 -3.90967e-05 -0.000203864 1 -0.000201336 3.90146e-05 0.000201352 1 -0.00978934 -0.0216617 -0.113115
FixedParameters: 0 0 0

#Transform 78
Transform: AffineTransform_float_3_3
Parameters: 1 0.000114056 -9.52535e-05 -0.000114169 1 -0.0005958 9.51175e-05 0.000595822 1 -0.00687895 -0.0372787 -0.160936
FixedParameters: 0 0 0

#Transform 79
Transform: AffineTransform_float_3_3
Parameters: 1 0.000229695 -9.62645e-05 -0.000229734 1 -0.000203279 9.61711e-05 0.000203323 1 -0.0100064 0.00724412 -0.108763
FixedParameters: 0 0 0

#Transform 80
Transform: AffineTransform_float_3_3
Parameters: 1 0.000216149 -5.98279e-05 -0.000216156 1 -5.89904e-05 5.98024e-05 5.90162e-05 1 -0.00935044 -0.0223129 -0.120006
FixedParameters: 0 0 0

#Transform 81
Transform: AffineTransform_float_3_3
Parameters: 1 0.000171526 -0.00011861 -0.000171515 1 4.68763e-05 0.000118626 -4.68356e-05 1 -0.00770367 0.00148182 -0.150676
FixedParameters: 0 0 0

#Transform 82
Transform: AffineTransform_float_3_3
Parameters: 1 0.000375017 -0.000175977 -0.000374976 1 0.000115788 0.000176064 -0.000115656 1 -0.0148531 -0.0521527 -0.102489
FixedParameters: 0 0 0

#Transform 83
Transform: AffineTransform_float_3_3
Parameters: 1 0.000193899 -0.000137008 -0.000193916 1 -5.86306e-05 0.000136986 5.86838e-05 1 -0.00774836 -0.00891962 -0.144766
FixedParameters: 0 0 0

#Transform 84
Transform: AffineTransform_float_3_3
Parameters: 1 0.000282398 -0.000193968 -0.000282349 1 0.000126438 0.000194039 -0.000126329 1 -0.0156557 -0.0155395 -0.0955388
FixedParameters: 0 0 0

#Transform 85
Transform: AffineTransform_float_3_3
Parameters: 1 0.000259923 -0.000180898 -0.000259913 1 2.65997e-05 0.000180912 -2.65056e-05 1 -0.00951197 -0.0617332 -0.096087
FixedParameters: 0 0 0

#Transform 86
Transform: AffineTransform_float_3_3
Parameters: 1 0.000220755 -0.00015342 -0.000220745 1 3.09285e-05 0.000153434 -3.08607e-05 1 -0.0087095 -0.00670788 -0.124365
FixedParameters: 0 0 0

#Transform 87
Transform: AffineTransform_float_3_3
Parameters: 1 0.000276347 -8.99753e-05 -0.000276326 1 0.000115808 9.00393e-05 -0.000115758 1 -0.0112592 -0.0628499 -0.116063
FixedParameters: 0 0 0

#Transform 88
Transform: AffineTransform_float_3_3
Parameters: 1 0.000226659 -0.000157054 -0.000226643 1 4.96101e-05 0.000157077 -4.95389e-05 1 -0.00910111 -0.000468403 -0.118387
FixedParameters: 0 0 0

#Transform 89
Transform: AffineTransform_float_3_3
Parameters: 1 0.000237428 -0.000162882 -0.00023739 1 0.000114081 0.000162936 -0.000114004 1 -0.00963241 -0.0512044 -0.137657
FixedParameters: 0 0 0

#Transform 90
Transform: AffineTransform_float_3_3
Parameters: 1 0.000180146 -0.000124015 -0.000180128 1 7.04046e-05 0.000124041 -7.03599e-05 1 -0.00758063 -0.00452012 -0.151169
FixedParameters: 0 0 0

#Transform 91
Transform: AffineTransform_float_3_3
Parameters: 1 0.00019118 -0.000128667 -0.000191132 1 0.000186948 0.000128738 -0.000186898 1 -0.00707974 -0.0239769 -0.115432
FixedParameters: 0 0 0

#Transform 92
Transform: AffineTransform_float_3_3
Parameters: 1 0.000156927 -0.000106684 -0.000156903 1 0.000112855 0.00010672 -0.000112822 1 -0.00399181 -0.0379277 -0.144508
FixedParameters: 0 0 0

#Transform 93
Transform: AffineTransform_float_3_3
Parameters: 1 0.000166907 -0.000112359 -0.000166871 1 0.000162346 0.000112414 -0.000162309 1 -0.0042712 -0.00960272 -0.138788
FixedParameters: 0 0 0

#Transform 94
Transform: AffineTransform_float_3_3
Parameters: 1 0.000187591 -0.000134114 -0.000187622 1 -0.000116354 0.000134071 0.000116405 1 -0.00954092 -0.0385643 -0.10535
FixedParameters: 0 0 0

#Transform 95
Transform: AffineTransform_float_3_3
Parameters: 1 -4.61524e-05 1.54844e-05 4.61724e-05 1 -0.000647345 -1.54246e-05 0.000647346 1 0.00440484 0.078775 -0.139943
FixedParameters: 0 0 0

#Transform 96
Transform: AffineTransform_float_3_3
Parameters: 1 -0.000229291 -4.27743e-05 0.000229175 1 -0.00110406 4.31762e-05 0.00110404 1 -0.0115638 0.042688 -0.097119
FixedParameters: 0 0 0

#Transform 97
Transform: AffineTransform_float_3_3
Parameters: 1 -6.88937e-05 0.000167112 6.92436e-05 1 -0.00111019 -0.000167063 0.00111022 1 -0.0240822 -0.00382554 -0.077437
FixedParameters: 0 0 0

#Transform 98
Transform: AffineTransform_float_3_3
Parameters: 1 5.69125e-05 0.000308446 -5.62453e-05 1 -0.0011153 -0.000308677 0.00111526 1 -0.028704 0.0453287 -0.0420389
FixedParameters: 0 0 0

#Transform 99
Transform: AffineTransform_float_3_3
Parameters: 1 0.000185897 0.000327225 -0.000185894 0.999999 -0.00128716 -0.000327238 0.001287 0.999999 -0.0324755 -0.012087 -0.0562455
FixedParameters: 0 0 0

#Transform 100
Transform: AffineTransform_float_3_3
Parameters: 1 0.000110568 8.77454e-05 -0.000111138 0.999999 -0.00153607 -8.76196e-05 0.00153601 0.999999 -0.026666 0.0462828 -0.0626802
FixedParameters: 0 0 0

#Transform 101
Transform: AffineTransform_float_3_3
Parameters: 1 0.000255977 -6.78802e-06 -0.000255447 0.999999 -0.00153358 6.71387e-06 0.00153362 0.999999 -0.0278505 0.0687787 -0.00412888
FixedParameters: 0 0 0

#Transform 102
Transform: AffineTransform_float_3_3
Parameters: 1 0.000407622 0.000203513 -0.000407897 0.999999 -0.00138521 -0.000204176 0.001385 0.999999 -0.0377354 0.0328159 0.0525371
FixedParameters: 0 0 0

#Transform 103
Transform: AffineTransform_float_3_3
Parameters: 1 0.000388895 0.000118309 -0.000389389 0.999999 -0.0014552 -0.000118975 0.00145507 0.999999 -0.0364016 0.0366052 0.0343146
FixedParameters: 0 0 0

#Transform 104
Transform: AffineTransform_float_3_3
Parameters: 1 0.000461557 0.000192631 -0.000461311 0.999999 -0.00133705 -0.000192584 0.00133687 0.999999 -0.0387205 0.0538302 0.0693025
FixedParameters: 0 0 0

#Transform 105
Transform: AffineTransform_float_3_3
Parameters: 1 0.000529136 0.000150439 -0.000528241 0.999999 -0.0011417 -0.000150936 0.00114158 1 -0.0388013 0.00721231 0.0846176
FixedParameters: 0 0 0

#Transform 106
Transform: AffineTransform_float_3_3
Parameters: 1 0.000521379 0.000151945 -0.000520436 0.999999 -0.00129048 -0.00015258 0.00129036 0.999999 -0.0382149 0.0410434 0.0668498
FixedParameters: 0 0 0

#Transform 107
Transform: AffineTransform_float_3_3
Parameters: 1 0.000549554 0.000146541 -0.000549334 0.999999 -0.000750283 -0.000147365 0.000750122 0.999999 -0.0404693 0.0127986 0.115703
FixedParameters: 0 0 0

#Transform 108
Transform: AffineTransform_float_3_3
Parameters: 1 0.00054846 0.00014675 -0.000547662 0.999999 -0.000771223 -0.000146781 0.000771101 0.999999 -0.0413485 0.0231627 0.130401
FixedParameters: 0 0 0

#Transform 109
Transform: AffineTransform_float_3_3
Parameters: 1 0.000507013 0.000154741 -0.000506796 0.999998 -0.00156613 -0.000155048 0.00156598 0.999999 -0.0450366 0.0108256 0.113219
FixedParameters: 0 0 0

#Transform 110
Transform: AffineTransform_float_3_3
Parameters: 1 0.000529136 0.000150439 -0.000528241 0.999999 -0.0011417 -0.000150936 0.00114158 1 -0.0453465 0.0525866 0.129703
FixedParameters: 0 0 0

#Transform 111
Transform: AffineTransform_float_3_3
Parameters: 1 0.000547419 0.000146951 -0.000546615 0.999999 -0.000791195 -0.000147002 0.000791073 0.999999 -0.0435071 0.0260505 0.171084
FixedParameters: 0 0 0

#Transform 112
Transform: AffineTransform_float_3_3
Parameters: 1 0.000594009 0.000107129 -0.000594049 1 -0.00106146 -0.000107109 0.00106133 1 -0.0447084 0.0436954 0.131904
FixedParameters: 0 0 0

#Transform 113
Transform: AffineTransform_float_3_3
Parameters: 1 0.000600962 0.00010371 -0.000600203 1 -0.00100674 -0.000104209 0.00100665 1 -0.0415376 0.0723122 0.130918
FixedParameters: 0 0 0

#Transform 114
Transform: AffineTransform_float_3_3
Parameters: 1 0.000658076 0.000186808 -0.000657815 0.999999 -0.000695487 -0.000187723 0.000695241 0.999999 -0.0454535 0.0170278 0.146345
FixedParameters: 0 0 0

#Transform 115
Transform: AffineTransform_float_3_3
Parameters: 1 0.000636794 0.000172295 -0.000635883 0.999999 -0.00088422 -0.000172629 0.000883101 1 -0.0414589 0.0298859 0.129519
FixedParameters: 0 0 0

#Transform 116
Transform: AffineTransform_float_3_3
Parameters: 1 0.000644899 0.000175397 -0.000645443 0.999999 -0.000783076 -0.000175836 0.000782813 0.999999 -0.0417763 0.0443984 0.133166
FixedParameters: 0 0 0

#Transform 117
Transform: AffineTransform_float_3_3
Parameters: 0.999999 0.000674566 0.000127586 -0.000674577 1 -0.000790555 -0.000127291 0.000789446 1 -0.0459586 0.00252744 0.157044
FixedParameters: 0 0 0

#Transform 118
Transform: AffineTransform_float_3_3
Parameters: 0.999999 0.000698288 0.000157294 -0.000698249 1 -0.000885966 -0.000157125 0.000885152 0.999999 -0.0449078 0.0130427 0.12869
FixedParameters: 0 0 0

#Transform 119
Transform: AffineTransform_float_3_3
Parameters: 0.999999 0.000802867 -3.49955e-05 -0.000803171 1 -0.000910364 3.494e-05 0.000909826 0.999999 -0.0507367 0.0309948 0.117575
FixedParameters: 0 0 0

#Transform 120
Transform: AffineTransform_float_3_3
Parameters: 1 0.000963245 -0.000154236 -0.000963851 0.999999 -0.00116745 0.000153372 0.00116775 1 -0.0583748 0.0318887 0.144247
FixedParameters: 0 0 0

#Transform 121
Transform: AffineTransform_float_3_3
Parameters: 0.999999 0.000926527 -0.000206696 -0.000927276 0.999999 -0.00116605 0.000205815 0.00116643 1 -0.0548597 0.0232375 0.152504
FixedParameters: 0 0 0

#Transform 122
Transform: AffineTransform_float_3_3
Parameters: 1 0.00094933 -0.000151642 -0.000950038 0.999999 -0.00143241 0.000150351 0.00143304 0.999999 -0.0591921 0.0536251 0.104553
FixedParameters: 0 0 0

#Transform 123
Transform: AffineTransform_float_3_3
Parameters: 1 0.000890553 -0.000113271 -0.000891174 0.999998 -0.00153712 0.000111963 0.00153767 0.999998 -0.0622897 -0.0587782 0.178796
FixedParameters: 0 0 0

#Transform 124
Transform: AffineTransform_float_3_3
Parameters: 0.999999 0.000843804 -0.000274605 -0.000844429 0.999998 -0.00175669 0.00027371 0.00175625 0.999998 -0.0603959 0.123669 0.124768
FixedParameters: 0 0 0

#Transform 125
Transform: AffineTransform_float_3_3
Parameters: 1 0.000955613 -0.000152805 -0.000956288 0.999999 -0.00131257 0.000151726 0.00131321 0.999999 -0.0581674 0.0505011 0.170901
FixedParameters: 0 0 0

#Transform 126
Transform: AffineTransform_float_3_3
Parameters: 0.999999 0.000858949 2.25175e-05 -0.000859185 0.999999 -0.00130582 -2.34351e-05 0.00130612 0.999999 -0.0599232 0.0032758 0.20796
FixedParameters: 0 0 0

#Transform 127
Transform: AffineTransform_float_3_3
Parameters: 0.999999 0.000829269 1.70755e-05 -0.000829493 0.999998 -0.00182673 -1.89291e-05 0.0018267 0.999999 -0.0630501 -0.027458 0.171193
FixedParameters: 0 0 0

#Transform 128
Transform: AffineTransform_float_3_3
Parameters: 0.999999 0.000745655 5.97497e-06 -0.000745856 0.999999 -0.000875595 -5.91945e-06 0.00087465 1 -0.0500491 -0.0277873 0.19953
FixedParameters: 0 0 0

#Transform 129
Transform: AffineTransform_float_3_3
Parameters: 1 0.000658423 6.14165e-05 -0.000657739 0.999999 -0.00108427 -6.21333e-05 0.00108423 1 -0.0525897 0.0801384 0.152106
FixedParameters: 0 0 0

#Transform 130
Transform: AffineTransform_float_3_3
Parameters: 0.999999 0.00066479 3.88449e-05 -0.00066494 0.999998 -0.00176283 -4.00124e-05 0.00176278 0.999999 -0.0581349 0.0360621 0.129045
FixedParameters: 0 0 0

#Transform 131
Transform: AffineTransform_float_3_3
Parameters: 1 0.000672027 5.08825e-05 -0.000671362 0.999999 -0.00112214 -5.16798e-05 0.00112211 1 -0.0536822 -0.00160345 0.184512
FixedParameters: 0 0 0

#Transform 132
Transform: AffineTransform_float_3_3
Parameters: 1 0.000612268 9.44736e-05 -0.000612364 1 -0.00105686 -9.44418e-05 0.00105709 0.999999 -0.0507353 0.0854028 0.14527
FixedParameters: 0 0 0

#Transform 133
Transform: AffineTransform_float_3_3
Parameters: 0.999999 0.000704346 2.63271e-05 -0.00070455 0.999999 -0.00119422 -2.67288e-05 0.00119418 1 -0.0571852 0.0119402 0.178582
FixedParameters: 0 0 0

#Transform 134
Transform: AffineTransform_float_3_3
Parameters: 0.999999 0.000672408 5.24796e-05 -0.000672565 0.999999 -0.00105209 -5.26137e-05 0.00105202 1 -0.0491389 0.0466648 0.166411
FixedParameters: 0 0 0

#Transform 135
Transform: AffineTransform_float_3_3
Parameters: 1 0.0006425 6.65525e-05 -0.000641773 0.999999 -0.00131071 -6.75256e-05 0.00131066 0.999999 -0.0504532 -0.0217514 0.156543
FixedParameters: 0 0 0

#Transform 136
Transform: AffineTransform_float_3_3
Parameters: 1 0.00066106 4.75221e-06 -0.000660481 0.999999 -0.000760517 -4.94283e-06 0.000760549 0.999999 -0.0500045 0.0228233 0.178098
FixedParameters: 0 0 0

#Transform 137
Transform: AffineTransform_float_3_3
Parameters: 1 0.000600327 -5.16328e-05 -0.000599864 1 -0.000850039 5.13227e-05 0.000850138 1 -0.0497581 0.0238461 0.137713
FixedParameters: 0 0 0

#Transform 138
Transform: AffineTransform_float_3_3
Parameters: 0.999999 0.000697367 -4.88175e-05 -0.000696879 0.999999 -0.000855078 4.84397e-05 0.000855184 0.999999 -0.0505195 0.0447466 0.158935
FixedParameters: 0 0 0

#Transform 139
Transform: AffineTransform_float_3_3
Parameters: 1 0.000565778 1.05242e-05 -0.000565759 0.999999 -0.000847637 -1.14833e-05 0.000847624 0.999999 -0.0512763 0.00170748 0.144203
FixedParameters: 0 0 0

#Transform 140
Transform: AffineTransform_float_3_3
Parameters: 1 0.000493686 -7.69038e-05 -0.000493809 0.999999 -0.00102948 7.58633e-05 0.00102862 0.999999 -0.0497651 0.0594989 0.104988
FixedParameters: 0 0 0

#Transform 141
Transform: AffineTransform_float_3_3
Parameters: 1 0.000549797 -1.79833e-05 -0.000549281 1 -0.000779293 1.79864e-05 0.000779693 0.999999 -0.0461982 0.0460404 0.1535
FixedParameters: 0 0 0

#Transform 142
Transform: AffineTransform_float_3_3
Parameters: 1 0.000495836 -8.94044e-05 -0.000495416 0.999999 -0.000844962 8.93813e-05 0.000845089 0.999999 -0.0453791 0.0802925 0.138002
FixedParameters: 0 0 0

#Transform 143
Transform: AffineTransform_float_3_3
Parameters: 1 0.000492221 1.23262e-06 -0.000492219 0.999999 -0.000514418 -1.73904e-06 0.000514417 1 -0.0429035 0.0799119 0.160655
FixedParameters: 0 0 0

#Transform 144
Transform: AffineTransform_float_3_3
Parameters: 1 0.00052647 6.85972e-05 -0.000526366 0.999999 -0.000753866 -6.93909e-05 0.000753793 0.999999 -0.0432193 0.0107465 0.187298
FixedParameters: 0 0 0

#Transform 145
Transform: AffineTransform_float_3_3
Parameters: 1 0.000539937 -3.28331e-05 -0.000539987 0.999999 -0.000770615 3.20008e-05 0.00077065 0.999999 -0.0480313 0.0359456 0.149691
FixedParameters: 0 0 0

#Transform 146
Transform: AffineTransform_float_3_3
Parameters: 1 0.00050214 6.05472e-05 -0.00050209 1 -0.000409189 -6.09581e-05 0.000409128 1 -0.0425806 0.036101 0.16798
FixedParameters: 0 0 0

#Transform 147
Transform: AffineTransform_float_3_3
Parameters: 1 0.000461664 5.38527e-05 -0.000461622 1 -0.00039412 -5.42166e-05 0.00039407 1 -0.0422262 0.00136828 0.153639
FixedParameters: 0 0 0

#Transform 148
Transform: AffineTransform_float_3_3
Parameters: 1 0.000452828 2.42275e-05 -0.000452804 1 -0.000502111 -2.46822e-05 0.000502089 1 -0.0448427 0.0279368 0.123246
FixedParameters: 0 0 0

#Transform 149
Transform: AffineTransform_float_3_3
Parameters: 1 0.000470039 -0.00012626 -0.000470251 0.999999 -0.00084402 0.000125466 0.000844138 0.999999 -0.0469759 0.0556803 0.123385
FixedParameters: 0 0 0

#Transform 150
Transform: AffineTransform_float_3_3
Parameters: 1 0.000485925 -9.12141e-05 -0.000485499 0.999999 -0.000991139 9.10417e-05 0.000990328 0.999999 -0.0454982 0.0213538 0.110341
FixedParameters: 0 0 0

#Transform 151
Transform: AffineTransform_float_3_3
Parameters: 1 0.000542391 3.82681e-06 -0.000542401 0.999999 -0.00116293 -5.19263e-06 0.00116292 1 -0.0481775 -0.0393625 0.148635
FixedParameters: 0 0 0

#Transform 152
Transform: AffineTransform_float_3_3
Parameters: 1 0.000413198 -0.000119011 -0.000413116 0.999998 -0.00188444 0.00011806 0.00188457 0.999998 -0.0484153 0.0385069 0.0640155
FixedParameters: 0 0 0

#Transform 153
Transform: AffineTransform_float_3_3
Parameters: 1 0.000523183 1.96309e-06 -0.000523445 0.999999 -0.00146439 -2.21492e-06 0.00146438 0.999999 -0.0547266 -0.0153948 0.129712
FixedParameters: 0 0 0

#Transform 154
Transform: AffineTransform_float_3_3
Parameters: 1 0.000482532 -3.85055e-05 -0.000482928 0.999998 -0.00166996 3.81741e-05 0.00167 0.999998 -0.0513708 0.0282696 0.100073
FixedParameters: 0 0 0

#Transform 155
Transform: AffineTransform_float_3_3
Parameters: 1 0.000437057 -0.000118037 -0.000437429 0.999999 -0.00149514 0.000116625 0.00149525 0.999999 -0.0503193 0.0427461 0.0708089
FixedParameters: 0 0 0

#Transform 156
Transform: AffineTransform_float_3_3
Parameters: 1 0.000489209 -7.3293e-05 -0.000488826 0.999999 -0.00114688 7.28815e-05 0.00114699 1 -0.051389 -0.0185718 0.120489
FixedParameters: 0 0 0

#Transform 157
Transform: AffineTransform_float_3_3
Parameters: 1 0.000531069 -5.14479e-06 -0.00053135 0.999999 -0.00124756 5.10019e-06 0.00124757 1 -0.053742 -0.0207745 0.116625
FixedParameters: 0 0 0

#Transform 158
Transform: AffineTransform_float_3_3
Parameters: 1 0.000479404 -4.72005e-05 -0.000479825 0.999998 -0.00161982 4.69275e-05 0.00161986 0.999998 -0.0567688 -0.00851446 0.101698
FixedParameters: 0 0 0

#Transform 159
Transform: AffineTransform_float_3_3
Parameters: 0.999999 0.000682086 -0.000163919 -0.000682081 0.999998 -0.00158479 0.000162513 0.00158539 0.999998 -0.05849 -0.00981255 0.100665
FixedParameters: 0 0 0

#Transform 160
Transform: AffineTransform_float_3_3
Parameters: 0.999999 0.000737042 -8.33176e-05 -0.000736734 0.999998 -0.00146936 8.18622e-05 0.00146952 0.999999 -0.0623237 -0.03313 0.127127
FixedParameters: 0 0 0

#Transform 161
Transform: AffineTransform_float_3_3
Parameters: 0.999999 0.00077155 -3.3406e-05 -0.000771949 0.999999 -0.00166499 3.20126e-05 0.00166504 0.999999 -0.0600856 0.0031214 0.0912105
FixedParameters: 0 0 0

#Transform 162
Transform: AffineTransform_float_3_3
Parameters: 0.999999 0.0006772 -0.000211431 -0.000676779 0.999998 -0.00166176 0.000210705 0.00166212 0.999998 -0.0583821 0.00366187 0.0753491
FixedParameters: 0 0 0

#Transform 163
Transform: AffineTransform_float_3_3
Parameters: 0.999999 0.000756842 -0.000155992 -0.000757556 0.999998 -0.0014301 0.000155107 0.00143033 0.999999 -0.0595629 -0.00572954 0.0945717
FixedParameters: 0 0 0

#Transform 164
Transform: AffineTransform_float_3_3
Parameters: 0.999999 0.000864318 -0.000210469 -0.000864272 0.999999 -0.00120086 0.000209103 0.00120126 1 -0.0591824 -0.00719115 0.0943934
FixedParameters: 0 0 0

#Transform 165
Transform: AffineTransform_float_3_3
Parameters: 0.999999 0.000705799 -0.000406454 -0.000706275 0.999999 -0.00126465 0.000405378 0.00126526 0.999999 -0.0618202 -0.025159 0.0986828
FixedParameters: 0 0 0

#Transform 166
Transform: AffineTransform_float_3_3
Parameters: 1 0.000705452 -0.000497689 -0.000706137 0.999999 -0.00126254 0.000496721 0.00126328 0.999999 -0.0562083 0.00117111 0.0657632
FixedParameters: 0 0 0

#Transform 167
Transform: AffineTransform_float_3_3
Parameters: 1 0.000799508 -0.000540666 -0.000799967 0.999999 -0.00100592 0.000539951 0.00100588 0.999999 -0.0556745 0.000871529 0.0620524
FixedParameters: 0 0 0

#Transform 168
Transform: AffineTransform_float_3_3
Parameters: 0.999999 0.000790703 -0.000613328 -0.000791193 0.999999 -0.000894018 0.000612704 0.000894087 0.999999 -0.0580675 -0.000322163 0.0611282
FixedParameters: 0 0 0

#Transform 169
Transform: AffineTransform_float_3_3
Parameters: 1 0.000736551 -0.000546751 -0.000736977 0.999999 -0.000964667 0.000546224 0.000964573 0.999999 -0.0568191 -0.0703399 0.095694
FixedParameters: 0 0 0

#Transform 170
Transform: AffineTransform_float_3_3
Parameters: 0.999999 0.000761032 -0.000545949 -0.00076179 0.999999 -0.0011988 0.000544833 0.00119966 0.999999 -0.0501225 0.028159 0.082505
FixedParameters: 0 0 0

#Transform 171
Transform: AffineTransform_float_3_3
Parameters: 1 0.000874917 -0.000462959 -0.000874934 0.999999 -0.000696614 0.000462634 0.000696525 1 -0.0592443 0.00560792 0.122891
FixedParameters: 0 0 0

#Transform 172
Transform: AffineTransform_float_3_3
Parameters: 1 0.000834187 -0.000461654 -0.000834599 0.999999 -0.00106656 0.000460688 0.00106737 1 -0.0582742 -0.00534081 0.104595
FixedParameters: 0 0 0

#Transform 173
Transform: AffineTransform_float_3_3
Parameters: 1 0.000839751 -0.000553488 -0.000840208 0.999999 -0.000980086 0.000552736 0.000980117 0.999999 -0.0573312 -0.01634 0.0984901
FixedParameters: 0 0 0

#Transform 174
Transform: AffineTransform_float_3_3
Parameters: 1 0.000890965 -0.000440023 -0.000890951 0.999999 -0.000697223 0.000439675 0.000697107 1 -0.062209 -0.0136111 0.135706
FixedParameters: 0 0 0

#Transform 175
Transform: AffineTransform_float_3_3
Parameters: 0.999999 0.000774362 -0.000462101 -0.000774395 1 -0.000691395 0.000461821 0.000691211 1 -0.0591004 -0.042796 0.125143
FixedParameters: 0 0 0

#Transform 176
Transform: AffineTransform_float_3_3
Parameters: 1 0.000866611 -0.000681583 -0.000867167 0.999999 -0.000868563 0.000680972 0.000868845 0.999999 -0.0600042 0.0126495 0.101752
FixedParameters: 0 0 0

#Transform 177
Transform: AffineTransform_float_3_3
Parameters: 0.999999 0.000763648 -0.000458248 -0.000764246 1 -0.000690831 0.000457168 0.000690592 1 -0.0584795 -0.119698 0.123966
FixedParameters: 0 0 0

#Transform 178
Transform: AffineTransform_float_3_3
Parameters: 0.999999 0.000708696 -0.000583803 -0.000708704 1 -0.000525963 0.000583848 0.000525891 1 -0.0582566 0.0386958 0.105494
FixedParameters: 0 0 0

#Transform 179
Transform: AffineTransform_float_3_3
Parameters: 0.999999 0.000777379 -0.000584984 -0.000777939 1 -0.000508525 0.000584169 0.000508496 1 -0.0573724 0.0335015 0.0896922
FixedParameters: 0 0 0

#Transform 180
Transform: AffineTransform_float_3_3
Parameters: 0.999999 0.000812753 -0.000522798 -0.000813286 1 -0.000543794 0.00052189 0.000543704 1 -0.0656722 -0.0569981 0.0996094
FixedParameters: 0 0 0

#Transform 181
Transform: AffineTransform_float_3_3
Parameters: 0.999999 0.000795169 -0.000795291 -0.000794881 1 -0.000200028 0.000795763 0.000200393 1 -0.0572638 0.0223874 0.0714427
FixedParameters: 0 0 0

#Transform 182
Transform: AffineTransform_float_3_3
Parameters: 1 0.000888884 -0.000697085 -0.000888467 1 -0.000150823 0.000697711 0.000151163 1 -0.0588263 -0.0133423 0.0740177
FixedParameters: 0 0 0

#Transform 183
Transform: AffineTransform_float_3_3
Parameters: 1 0.000859384 -0.000762233 -0.000859074 1 -0.000208019 0.000762769 0.000208431 1 -0.0652932 -0.0379349 0.069515
FixedParameters: 0 0 0

#Transform 184
Transform: AffineTransform_float_3_3
Parameters: 1 0.000815472 -0.000635695 -0.000815536 1 -9.4389e-05 0.000635621 9.44883e-05 1 -0.0610647 -0.0371096 0.102646
FixedParameters: 0 0 0

#Transform 185
Transform: AffineTransform_float_3_3
Parameters: 1 0.000864752 -0.000674074 -0.000864898 1 -0.000149383 0.000673896 0.000149612 1 -0.0659768 -0.0554571 0.0957571
FixedParameters: 0 0 0

#Transform 186
Transform: AffineTransform_float_3_3
Parameters: 1 0.000910113 -0.000735352 -0.000910179 1 -0.000471752 0.000735387 0.000472191 1 -0.0667702 -0.0202883 0.067177
FixedParameters: 0 0 0

#Transform 187
Transform: AffineTransform_float_3_3
Parameters: 1 0.000773147 -0.000639454 -0.000773176 1 -0.000512818 0.000639556 0.000512908 1 -0.0599713 -0.0207419 0.0855633
FixedParameters: 0 0 0

#Transform 188
Transform: AffineTransform_float_3_3
Parameters: 0.999999 0.000627127 -0.000495588 -0.000627304 0.999999 -0.000818964 0.000495306 0.000818342 1 -0.0558247 -0.124554 0.0779373
FixedParameters: 0 0 0

#Transform 189
Transform: AffineTransform_float_3_3
Parameters: 1 0.000740033 -0.000652811 -0.000740539 0.999999 -0.000868756 0.000652419 0.000868824 0.999999 -0.0645318 -0.0190511 0.151017
FixedParameters: 0 0 0
