#Insight Transform File V1.0
#Transform 0
Transform: AffineTransform_float_3_3
Parameters: 0.999999 -0.000735882 0.000389391 0.000735853 0.999999 3.78828e-05 -0.000389447 -3.73097e-05 1 0.0104501 0.0202531 -0.0810469
FixedParameters: 0 0 0

#Transform 1
Transform: AffineTransform_float_3_3
Parameters: 1 -0.000610654 0.00026658 0.000610554 1 0.000136732 -0.000266701 -0.000136063 0.999999 0.0125287 0.0181291 -0.067858
FixedParameters: 0 0 0

#Transform 2
Transform: AffineTransform_float_3_3
Parameters: 1 -0.000650081 0.000132298 0.000650117 1 -0.000135762 -0.000132121 0.000135934 1 0.0053487 0.0146316 -0.0639686
FixedParameters: 0 0 0

#Transform 3
Transform: AffineTransform_float_3_3
Parameters: 1 -0.000660271 0.000138612 0.000660331 1 -0.000216272 -0.000138326 0.000216455 1 0.00185712 0.0293337 -0.0740801
FixedParameters: 0 0 0

#Transform 4
Transform: AffineTransform_float_3_3
Parameters: 1 -0.000506359 0.000160414 0.000506412 1 -0.000167018 -0.000160245 0.000167181 1 0.0117822 0.0542838 -0.0914124
FixedParameters: 0 0 0

#Transform 5
Transform: AffineTransform_float_3_3
Parameters: 1 -0.00054845 0.000174645 0.000548448 1 4.58772e-06 -0.00017465 -4.39615e-06 1 0.00491871 0.0265821 -0.0733305
FixedParameters: 0 0 0

#Transform 6
Transform: AffineTransform_float_3_3
Parameters: 1 -0.000534104 0.00010795 0.000534107 1 -1.69351e-05 -0.000107932 1.70504e-05 1 0.00598579 0.0245359 -0.0716029
FixedParameters: 0 0 0

#Transform 7
Transform: AffineTransform_float_3_3
Parameters: 1 -0.000406861 0.000109342 0.000406885 1 -0.000112714 -0.000109251 0.000112803 1 0.0026881 0.0307602 -0.0811129
FixedParameters: 0 0 0

#Transform 8
Transform: AffineTransform_float_3_3
Parameters: 1 -0.000528638 0.000116201 0.000528643 1 -2.21369e-05 -0.000116178 2.22597e-05 1 0.00152305 -0.00267691 -0.0562765
FixedParameters: 0 0 0

#Transform 9
Transform: AffineTransform_float_3_3
Parameters: 1 -0.000507539 0.000133384 0.000507477 1 0.000129835 -0.00013347 -0.000129357 0.999999 0.000605069 -0.00467917 -0.0398954
FixedParameters: 0 0 0

#Transform 10
Transform: AffineTransform_float_3_3
Parameters: 1 -0.000335976 3.19144e-05 0.000335964 1 0.000180148 -3.20355e-05 -0.000180127 1 0.00662457 0.0156476 -0.057049
FixedParameters: 0 0 0

#Transform 11
Transform: AffineTransform_float_3_3
Parameters: 1 -0.000321161 3.24514e-05 0.00032115 1 0.000176375 -3.25647e-05 -0.000176354 1 0.0154226 0.0273976 -0.0624564
FixedParameters: 0 0 0

#Transform 12
Transform: AffineTransform_float_3_3
Parameters: 1 -0.000281674 2.40945e-05 0.000281668 1 0.000117137 -2.41605e-05 -0.000117123 1 0.0127099 0.031547 -0.0578852
FixedParameters: 0 0 0

#Transform 13
Transform: AffineTransform_float_3_3
Parameters: 1 -0.000226689 -7.0731e-06 0.000226691 1 0.000113923 7.02145e-06 -0.000113926 1 -0.00451348 0.0644045 0.00707936
FixedParameters: 0 0 0

#Transform 14
Transform: AffineTransform_float_3_3
Parameters: 1 0.000139243 -9.29166e-05 -0.000139212 1 0.000166997 9.29631e-05 -0.000166971 1 -0.0120306 0.0521166 -0.0091457
FixedParameters: 0 0 0

#Transform 15
Transform: AffineTransform_float_3_3
Parameters: 1 0.000297199 0.000333419 -0.000297463 1 0.00039546 -0.000333184 -0.000395658 1 -0.00795251 0.0177943 -0.0252455
FixedParameters: 0 0 0

#Transform 16
Transform: AffineTransform_float_3_3
Parameters: 1 8.99648e-05 7.83112e-05 -8.99993e-05 1 0.000220435 -7.82715e-05 -0.000220449 1 -0.0109422 0.0435061 0.00216488
FixedParameters: 0 0 0

#Transform 17
Transform: AffineTransform_float_3_3
Parameters: 1 0.000185234 -2.0849e-05 -0.00018523 1 9.22417e-05 2.08832e-05 -9.2234e-05 1 -0.00776673 -0.0372692 -0.01711
FixedParameters: 0 0 0

#Transform 18
Transform: AffineTransform_float_3_3
Parameters: 1 0.000245054 0.00031072 -0.000245112 1 9.25422e-05 -0.000310675 -9.26944e-05 1 -0.00476921 0.0282885 -0.0471907
FixedParameters: 0 0 0

#Transform 19
Transform: AffineTransform_float_3_3
Parameters: 1 5.4497e-05 0.000114455 -5.44971e-05 1 3.58524e-07 -0.000114455 -3.70999e-07 1 -0.00205675 0.00425066 -0.0598895
FixedParameters: 0 0 0

#Transform 20
Transform: AffineTransform_float_3_3
Parameters: 1 3.58075e-05 -0.000234769 -3.57616e-05 1 9.77967e-05 0.000234776 -9.77799e-05 1 -0.00801967 0.0305519 0.0164669
FixedParameters: 0 0 0

#Transform 21
Transform: AffineTransform_float_3_3
Parameters: 1 8.87243e-05 0.00033712 -8.9078e-05 1 0.000524636 -0.000337027 -0.000524696 1 0.00258321 0.0365768 -0.034013
FixedParameters: 0 0 0

#Transform 22
Transform: AffineTransform_float_3_3
Parameters: 1 0.000105329 0.000331046 -0.000104968 1 0.000690976 -0.000331471 -0.000691009 0.999999 0.00348115 -0.0143134 0.0063839
FixedParameters: 0 0 0

#Transform 23
Transform: AffineTransform_float_3_3
Parameters: 1 -0.000176508 0.000348237 0.000176364 1 0.000207251 -0.000348311 -0.000207128 1 0.00173057 0.0225707 0.0196522
FixedParameters: 0 0 0

#Transform 24
Transform: AffineTransform_float_3_3
Parameters: 1 -0.00027 0.00018905 0.000269994 1 1.61715e-05 -0.000189059 -1.60694e-05 1 0.0105085 -0.0119936 -0.0362815
FixedParameters: 0 0 0

#Transform 25
Transform: AffineTransform_float_3_3
Parameters: 1 -0.000290837 1.28585e-05 0.000290835 1 9.54626e-05 -1.2914e-05 -9.54551e-05 1 -0.000905283 0.0426693 -0.00136312
FixedParameters: 0 0 0

#Transform 26
Transform: AffineTransform_float_3_3
Parameters: 1 -0.000258426 8.64512e-05 0.000258394 1 0.000184693 -8.65466e-05 -0.000184648 1 0.00133747 0.0265575 -0.0497537
FixedParameters: 0 0 0

#Transform 27
Transform: AffineTransform_float_3_3
Parameters: 1 9.58352e-05 0.000255224 -9.61733e-05 1 0.000662601 -0.000255096 -0.00066265 0.999999 -0.00741678 0.0150951 -0.00949564
FixedParameters: 0 0 0

#Transform 28
Transform: AffineTransform_float_3_3
Parameters: 1 -1.75146e-05 0.000180931 1.73734e-05 1 0.000390381 -0.000180945 -0.000390375 1 0.000223687 0.00606785 -0.0286195
FixedParameters: 0 0 0

#Transform 29
Transform: AffineTransform_float_3_3
Parameters: 1 -7.56232e-05 7.14457e-05 7.55202e-05 0.999999 0.000720731 -7.15546e-05 -0.00072072 0.999999 0.000999947 0.00749232 -0.0334035
FixedParameters: 0 0 0

#Transform 30
Transform: AffineTransform_float_3_3
Parameters: 1 -5.17956e-05 5.97052e-05 5.16869e-05 0.999999 0.000909628 -5.97994e-05 -0.000909622 0.999999 0.00196642 0.0177142 -0.0532369
FixedParameters: 0 0 0

#Transform 31
Transform: AffineTransform_float_3_3
Parameters: 1 2.30508e-05 9.60789e-06 -2.30698e-05 0.999999 0.000990302 -9.56221e-06 -0.000990303 0.999999 -0.00670899 0.0141953 -0.0582991
FixedParameters: 0 0 0

#Transform 32
Transform: AffineTransform_float_3_3
Parameters: 1 5.30554e-06 2.24928e-05 -5.3723e-06 1 0.0010124 -2.25863e-05 -0.0010124 1 0.00212323 -0.0391534 -0.0389423
FixedParameters: 0 0 0

#Transform 33
Transform: AffineTransform_float_3_3
Parameters: 1 -7.42164e-05 4.39963e-06 7.42087e-05 0.999999 0.000854135 -4.52641e-06 -0.000854135 0.999999 0.00328918 0.034101 -0.075291
FixedParameters: 0 0 0

#Transform 34
Transform: AffineTransform_float_3_3
Parameters: 1 -0.000115743 0.000109156 0.000115481 1 0.00110077 -0.000109515 -0.00110075 1 0.000805595 -0.0118897 -0.0333336
FixedParameters: 0 0 0

#Transform 35
Transform: AffineTransform_float_3_3
Parameters: 1 -0.000188418 7.83913e-05 0.000188273 0.999999 0.000918985 -7.87374e-05 -0.000918955 0.999999 0.00900743 -0.00172786 -0.0556738
FixedParameters: 0 0 0

#Transform 36
Transform: AffineTransform_float_3_3
Parameters: 1 -0.000203977 2.96774e-05 0.000203894 1 0.00102343 -3.01992e-05 -0.00102341 1 0.0123143 -0.00254238 -0.0557735
FixedParameters: 0 0 0

#Transform 37
Transform: AffineTransform_float_3_3
Parameters: 1 -0.000213839 -2.84563e-06 0.000213843 0.999999 0.00076923 2.51664e-06 -0.000769231 0.999999 0.00253325 0.0218102 -0.0600694
FixedParameters: 0 0 0

#Transform 38
Transform: AffineTransform_float_3_3
Parameters: 1 -0.00017039 -4.08126e-05 0.000170463 0.999999 0.000897737 4.05066e-05 -0.000897751 0.999999 0.0120959 0.0282061 -0.0493599
FixedParameters: 0 0 0

#Transform 39
Transform: AffineTransform_float_3_3
Parameters: 1 -0.000223347 -1.43421e-06 0.000223349 1 0.000471318 1.22368e-06 -0.000471318 1 0.00116327 0.0296316 -0.0357204
FixedParameters: 0 0 0

#Transform 40
Transform: AffineTransform_float_3_3
Parameters: 1 -0.000105735 0.000185928 0.00010531 1 0.00108604 -0.000186262 -0.001086 1 -0.000935158 0.0011326 -0.0114395
FixedParameters: 0 0 0

#Transform 41
Transform: AffineTransform_float_3_3
Parameters: 1 -8.45717e-05 0.000200347 8.4613e-05 0.999999 0.00127238 -0.000199853 -0.0012723 0.999999 -0.00097496 -0.0010052 -0.0110042
FixedParameters: 0 0 0

#Transform 42
Transform: AffineTransform_float_3_3
Parameters: 1 -0.000120656 0.00023157 0.000120819 0.999999 0.00136675 -0.000232575 -0.00136665 0.999999 0.000643909 -0.00940637 -0.0465186
FixedParameters: 0 0 0

#Transform 43
Transform: AffineTransform_float_3_3
Parameters: 1 -9.50017e-05 0.000173434 9.50627e-05 0.999999 0.00141284 -0.000172993 -0.00141277 0.999999 0.000673799 -0.0163759 -0.0370183
FixedParameters: 0 0 0

#Transform 44
Transform: AffineTransform_float_3_3
Parameters: 1 -0.000209527 0.000275705 0.000209313 0.999999 0.0013869 -0.000275576 -0.00138674 0.999999 -0.000288859 -0.00433197 -0.0360104
FixedParameters: 0 0 0

#Transform 45
Transform: AffineTransform_float_3_3
Parameters: 1 -0.000255866 0.000221068 0.000255683 0.999998 0.00165912 -0.000221207 -0.00165897 0.999998 -0.000230773 -0.0127797 -0.0308749
FixedParameters: 0 0 0

#Transform 46
Transform: AffineTransform_float_3_3
Parameters: 1 -0.000335977 0.000272232 0.000335723 0.999999 0.00147763 -0.000272514 -0.00147741 0.999999 0.00409768 -0.0019945 -0.0471645
FixedParameters: 0 0 0

#Transform 47
Transform: AffineTransform_float_3_3
Parameters: 1 -0.000401796 0.000313229 0.000401541 0.999999 0.00128626 -0.000313552 -0.00128597 0.999999 0.00998251 -0.00382599 -0.0651997
FixedParameters: 0 0 0

#Transform 48
Transform: AffineTransform_float_3_3
Parameters: 1 -0.000317668 0.000318886 0.000316895 1 0.00117672 -0.000319737 -0.00117651 1 0.00520826 0.0298081 -0.08868
FixedParameters: 0 0 0

#Transform 49
Transform: AffineTransform_float_3_3
Parameters: 1 -0.000342487 0.000274792 0.000342268 0.999999 0.00139989 -0.00027504 -0.00139966 0.999999 0.00819104 0.0151598 -0.079261
FixedParameters: 0 0 0

#Transform 50
Transform: AffineTransform_float_3_3
Parameters: 1 -0.000342903 0.000274879 0.000342688 0.999999 0.0013919 -0.000275123 -0.00139167 0.999999 0.0106012 0.0164539 -0.0586552
FixedParameters: 0 0 0

#Transform 51
Transform: AffineTransform_float_3_3
Parameters: 1 -0.000347943 0.000275931 0.000347778 0.999999 0.00129504 -0.000276121 -0.00129481 0.999999 0.00497961 0.00247884 -0.0589212
FixedParameters: 0 0 0

#Transform 52
Transform: AffineTransform_float_3_3
Parameters: 1 -0.000317659 0.000325029 0.000316867 0.999999 0.00122718 -0.000325957 -0.00122732 1 0.0104021 0.0185384 -0.0806798
FixedParameters: 0 0 0

#Transform 53
Transform: AffineTransform_float_3_3
Parameters: 1 -0.000338434 0.000273947 0.000338175 0.999999 0.00147777 -0.000274236 -0.00147755 0.999999 0.0157603 0.0176442 -0.0961672
FixedParameters: 0 0 0

#Transform 54
Transform: AffineTransform_float_3_3
Parameters: 1 -0.000330224 0.000272236 0.000329883 0.999998 0.00163555 -0.000272606 -0.00163533 0.999998 0.00549812 0.00781255 -0.0577538
FixedParameters: 0 0 0

#Transform 55
Transform: AffineTransform_float_3_3
Parameters: 1 -0.000324699 0.000271078 0.000324339 0.999999 0.00174092 -0.000271523 -0.00174165 0.999998 0.00895706 0.0147659 -0.0452649
FixedParameters: 0 0 0

#Transform 56
Transform: AffineTransform_float_3_3
Parameters: 1 -0.000300776 0.000325287 0.000300344 0.999999 0.00150839 -0.000325484 -0.00150816 0.999999 0.00327844 -0.00842689 -0.040398
FixedParameters: 0 0 0

#Transform 57
Transform: AffineTransform_float_3_3
Parameters: 1 -0.000470559 0.00023673 0.00047002 1 0.00109073 -0.00023786 -0.0010905 1 -0.000260409 0.0540508 -0.048754
FixedParameters: 0 0 0

#Transform 58
Transform: AffineTransform_float_3_3
Parameters: 1 -0.000403543 0.000408396 0.000402467 0.999999 0.00128936 -0.000409539 -0.00128903 0.999999 0.000736341 -0.0234017 -0.0180535
FixedParameters: 0 0 0

#Transform 59
Transform: AffineTransform_float_3_3
Parameters: 1 -0.000436394 0.000455513 0.000436828 0.999999 0.00108693 -0.000456243 -0.0010874 0.999999 0.0023814 0.00499654 -0.0368358
FixedParameters: 0 0 0

#Transform 60
Transform: AffineTransform_float_3_3
Parameters: 0.999999 -0.00033961 0.000633265 0.000339167 0.999999 0.000850719 -0.000633098 -0.000851532 1 -0.00818988 -0.0653176 0.0333637
FixedParameters: 0 0 0

#Transform 61
Transform: AffineTransform_float_3_3
Parameters: 1 -0.000521577 0.000382501 0.000521027 0.999999 0.00071949 -0.000383251 -0.000719091 0.999999 0.00315836 0.0415412 -0.0602514
FixedParameters: 0 0 0

#Transform 62
Transform: AffineTransform_float_3_3
Parameters: 0.999999 -0.000340957 0.000595386 0.000340136 1 0.00115194 -0.00059546 -0.00115149 0.999999 0.000527303 0.0409032 -0.028446
FixedParameters: 0 0 0

#Transform 63
Transform: AffineTransform_float_3_3
Parameters: 1 -0.000438525 0.000452632 0.000437688 1 0.000961762 -0.000453499 -0.000962304 0.999999 -0.00878307 0.0197275 0.0183569
FixedParameters: 0 0 0

#Transform 64
Transform: AffineTransform_float_3_3
Parameters: 0.999999 -0.000294308 0.000685379 0.00029376 1 0.00098122 -0.000686631 -0.000980781 1 -0.00381511 0.0200726 -0.0216285
FixedParameters: 0 0 0

#Transform 65
Transform: AffineTransform_float_3_3
Parameters: 1 -0.000393392 0.000309466 0.000393095 0.999999 0.00136889 -0.000309832 -0.00136861 0.999999 -0.00670566 0.0263361 -0.0142889
FixedParameters: 0 0 0

#Transform 66
Transform: AffineTransform_float_3_3
Parameters: 1 -0.000479913 0.0003589 0.000479848 1 0.000935906 -0.000359009 -0.000936461 0.999999 -0.00889406 0.0457679 0.00213301
FixedParameters: 0 0 0

#Transform 67
Transform: AffineTransform_float_3_3
Parameters: 1 -0.000131556 0.000607514 0.000130272 1 0.00103882 -0.00060789 -0.00103866 1 -0.00450804 -0.0402341 0.0182999
FixedParameters: 0 0 0

#Transform 68
Transform: AffineTransform_float_3_3
Parameters: 1 -0.000164599 0.000635688 0.000164205 0.999999 0.00138642 -0.000636005 -0.00138613 0.999999 -0.00369365 0.0153308 -0.014426
FixedParameters: 0 0 0

#Transform 69
Transform: AffineTransform_float_3_3
Parameters: 1 -0.000118115 0.000568113 0.000116678 0.999999 0.00173068 -0.000567914 -0.00173051 0.999999 -0.00289161 -0.000134096 -0.0168262
FixedParameters: 0 0 0

#Transform 70
Transform: AffineTransform_float_3_3
Parameters: 1 -0.000131565 0.000548367 0.00013019 0.999999 0.00173619 -0.000548215 -0.00173601 0.999999 -0.00328382 0.00750497 -0.0099655
FixedParameters: 0 0 0

#Transform 71
Transform: AffineTransform_float_3_3
Parameters: 1 -0.000190295 0.000312099 0.000189292 0.999998 0.0015705 -0.000312799 -0.00157038 0.999998 -0.00851973 0.0247385 0.0216275
FixedParameters: 0 0 0

#Transform 72
Transform: AffineTransform_float_3_3
Parameters: 1 -2.11041e-05 0.000489749 2.02378e-05 0.999999 0.00144734 -0.000489099 -0.00144728 0.999999 -0.00857296 0.0317422 -0.0211286
FixedParameters: 0 0 0

#Transform 73
Transform: AffineTransform_float_3_3
Parameters: 1 -6.13823e-05 0.000457038 6.06913e-05 0.999999 0.00135899 -0.000456494 -0.0013589 0.999999 -0.00135917 0.0437258 -0.0409515
FixedParameters: 0 0 0

#Transform 74
Transform: AffineTransform_float_3_3
Parameters: 1 -5.82054e-05 0.000448087 5.82509e-05 0.999999 0.00147694 -0.000448119 -0.00147681 0.999999 -0.00652966 0.0420224 -0.0405257
FixedParameters: 0 0 0

#Transform 75
Transform: AffineTransform_float_3_3
Parameters: 1 -6.23542e-05 0.000506182 6.19484e-05 0.999999 0.00173213 -0.000506362 -0.00173199 0.999999 -0.00658271 0.0274932 -0.0442217
FixedParameters: 0 0 0

#Transform 76
Transform: AffineTransform_float_3_3
Parameters: 1 -0.000198415 0.000437353 0.000197269 0.999998 0.00191478 -0.000437504 -0.00191457 0.999998 -0.00112394 0.0231878 -0.0433016
FixedParameters: 0 0 0

#Transform 77
Transform: AffineTransform_float_3_3
Parameters: 1 -0.000319842 0.000270023 0.000319379 0.999999 0.00183526 -0.00027059 -0.00183505 0.999999 -0.00106141 0.0231611 -0.028297
FixedParameters: 0 0 0

#Transform 78
Transform: AffineTransform_float_3_3
Parameters: 1 -0.000281082 0.000333398 0.000280504 0.999999 0.00174331 -0.000333692 -0.00174402 0.999998 -0.000826056 -0.00343633 -0.0327927
FixedParameters: 0 0 0

#Transform 79
Transform: AffineTransform_float_3_3
Parameters: 1 -0.00033038 0.000272269 0.000330041 0.999998 0.00163255 -0.000272637 -0.00163233 0.999998 0.000647824 0.0150803 -0.0595908
FixedParameters: 0 0 0

#Transform 80
Transform: AffineTransform_float_3_3
Parameters: 1 -0.000177027 0.000475149 0.000175844 0.999998 0.00183027 -0.000475235 -0.00183041 0.999999 -0.00134796 0.0199421 -0.0423934
FixedParameters: 0 0 0

#Transform 81
Transform: AffineTransform_float_3_3
Parameters: 1 -0.000319842 0.000270023 0.000319379 0.999999 0.00183526 -0.00027059 -0.00183505 0.999999 -0.00678593 -0.00226855 -0.0238134
FixedParameters: 0 0 0

#Transform 82
Transform: AffineTransform_float_3_3
Parameters: 1 -0.000327366 0.000271641 0.000326997 0.999998 0.00169047 -0.000272037 -0.00169025 0.999998 0.000122131 0.017177 -0.0499253
FixedParameters: 0 0 0

#Transform 83
Transform: AffineTransform_float_3_3
Parameters: 1 -0.000329289 0.000272042 0.000328939 0.999998 0.00165352 -0.00027242 -0.0016533 0.999998 0.00430221 0.0397497 -0.0541269
FixedParameters: 0 0 0

#Transform 84
Transform: AffineTransform_float_3_3
Parameters: 1 -0.000319842 0.000270023 0.000319379 0.999999 0.00183526 -0.00027059 -0.00183505 0.999999 0.0136953 0.0284854 -0.0655295
FixedParameters: 0 0 0

#Transform 85
Transform: AffineTransform_float_3_3
Parameters: 1 -0.000319842 0.000270023 0.000319379 0.999999 0.00183526 -0.00027059 -0.00183505 0.999999 0.00903319 0.0180591 -0.0584791
FixedParameters: 0 0 0

#Transform 86
Transform: AffineTransform_float_3_3
Parameters: 1 -0.000313657 0.000268739 0.000313135 0.999998 0.00195409 -0.000269358 -0.00195388 0.999998 0.00259322 0.0138731 -0.0348722
FixedParameters: 0 0 0

#Transform 87
Transform: AffineTransform_float_3_3
Parameters: 1 -0.000307732 0.00026751 0.000307154 0.999998 0.00206792 -0.000268176 -0.00206772 0.999998 0.00398387 0.000875149 -0.0499868
FixedParameters: 0 0 0

#Transform 88
Transform: AffineTransform_float_3_3
Parameters: 1 -0.000319842 0.000270023 0.000319379 0.999999 0.00183526 -0.00027059 -0.00183505 0.999999 0.000123265 0.00288987 -0.0467896
FixedParameters: 0 0 0

#Transform 89
Transform: AffineTransform_float_3_3
Parameters: 1 -0.000622143 0.000225083 0.000621723 0.999997 0.00210101 -0.000227091 -0.00210069 0.999998 0.00649796 0.0696522 -0.0271011
FixedParameters: 0 0 0

#Transform 90
Transform: AffineTransform_float_3_3
Parameters: 1 -0.000427465 0.000460142 0.000426529 0.999997 0.00224912 -0.000460667 -0.00224959 0.999997 0.000267693 0.00479889 -0.0260284
FixedParameters: 0 0 0

#Transform 91
Transform: AffineTransform_float_3_3
Parameters: 0.999999 -0.000329368 0.000710325 0.000328197 0.999997 0.00221798 -0.000711004 -0.00221868 0.999997 0.00438928 0.0043648 -0.0224184
FixedParameters: 0 0 0

#Transform 92
Transform: AffineTransform_float_3_3
Parameters: 0.999999 -0.000534099 0.000527657 0.000533104 0.999998 0.00198458 -0.000528355 -0.00198394 0.999998 0.0127499 0.0103278 -0.050237
FixedParameters: 0 0 0

#Transform 93
Transform: AffineTransform_float_3_3
Parameters: 0.999999 -0.000635924 0.00049251 0.000635116 0.999998 0.0019365 -0.000493551 -0.0019358 0.999998 0.0110649 0.00898632 -0.0528262
FixedParameters: 0 0 0

#Transform 94
Transform: AffineTransform_float_3_3
Parameters: 0.999999 -0.000622591 0.000484113 0.000621781 0.999998 0.00197175 -0.000485146 -0.00197107 0.999998 0.0122566 0.0131822 -0.0464655
FixedParameters: 0 0 0

#Transform 95
Transform: AffineTransform_float_3_3
Parameters: 0.999999 -0.000609388 0.00030058 0.000609393 0.999998 0.00182181 -0.000301379 -0.00182137 0.999999 -0.00119224 0.00496241 -0.0333523
FixedParameters: 0 0 0

#Transform 96
Transform: AffineTransform_float_3_3
Parameters: 0.999999 -0.000718333 0.000245153 0.000718088 0.999998 0.00168723 -0.000246891 -0.00168778 0.999998 0.0082892 0.00580557 -0.0489064
FixedParameters: 0 0 0

#Transform 97
Transform: AffineTransform_float_3_3
Parameters: 1 -0.000648496 0.000175694 0.000648293 0.999997 0.0020728 -0.000177776 -0.00207254 0.999998 0.00333857 0.0149433 -0.0498765
FixedParameters: 0 0 0

#Transform 98
Transform: AffineTransform_float_3_3
Parameters: 0.999999 -0.000694528 0.000153089 0.000694993 0.999997 0.00217768 -0.00015472 -0.00217832 0.999998 0.0039354 0.0177169 -0.0608858
FixedParameters: 0 0 0

#Transform 99
Transform: AffineTransform_float_3_3
Parameters: 0.999999 -0.000673203 0.000165314 0.000673612 0.999997 0.00218771 -0.000166865 -0.00218835 0.999998 0.00806127 0.0167789 -0.0886983
FixedParameters: 0 0 0

#Transform 100
Transform: AffineTransform_float_3_3
Parameters: 0.999999 -0.000750579 0.00017575 0.000750808 0.999997 0.00240466 -0.000178044 -0.00240432 0.999997 0.00292902 0.00534216 -0.0605206
FixedParameters: 0 0 0

#Transform 101
Transform: AffineTransform_float_3_3
Parameters: 1 -0.000495787 0.000234758 0.000494644 0.999998 0.00181504 -0.000235379 -0.00181481 0.999999 0.0166708 -0.0638874 -0.102431
FixedParameters: 0 0 0

#Transform 102
Transform: AffineTransform_float_3_3
Parameters: 1 -0.000373299 0.000310807 0.000372598 0.999998 0.00197671 -0.000311676 -0.00197644 0.999998 0.000206346 -0.0350651 -0.0478278
FixedParameters: 0 0 0

#Transform 103
Transform: AffineTransform_float_3_3
Parameters: 1 -0.000407719 6.63531e-05 0.000407241 0.999998 0.00157825 -6.63585e-05 -0.00157819 0.999999 0.00593213 0.129 -0.106501
FixedParameters: 0 0 0

#Transform 104
Transform: AffineTransform_float_3_3
Parameters: 1 -0.000362483 0.000405486 0.000361177 0.999998 0.00158258 -0.000406736 -0.00158229 0.999998 0.000290634 0.042976 -0.0760519
FixedParameters: 0 0 0

#Transform 105
Transform: AffineTransform_float_3_3
Parameters: 1 -0.000322316 0.000576781 0.000320877 0.999999 0.00170552 -0.000577272 -0.00170511 0.999999 0.000198887 -0.000481043 -0.0279024
FixedParameters: 0 0 0

#Transform 106
Transform: AffineTransform_float_3_3
Parameters: 1 -0.00039739 0.000438061 0.000396647 0.999999 0.00147565 -0.000438522 -0.00147527 0.999999 -0.00179745 -0.0718166 -0.0146264
FixedParameters: 0 0 0

#Transform 107
Transform: AffineTransform_float_3_3
Parameters: 0.999999 -0.000633449 0.000470677 0.000632937 0.999999 0.00112796 -0.000471394 -0.00112733 1 -0.000619272 0.0051143 -0.0631014
FixedParameters: 0 0 0

#Transform 108
Transform: AffineTransform_float_3_3
Parameters: 0.999999 -0.000400375 0.000652091 0.000399697 1 0.00112967 -0.000653669 -0.00112912 0.999999 -0.00075018 -0.0779998 0.00702655
FixedParameters: 0 0 0

#Transform 109
Transform: AffineTransform_float_3_3
Parameters: 0.999999 -0.00073569 0.00045326 0.000734431 0.999999 0.00109206 -0.000453584 -0.00109139 1 0.0050923 0.0186801 -0.0606523
FixedParameters: 0 0 0

#Transform 110
Transform: AffineTransform_float_3_3
Parameters: 0.999999 -0.000712972 0.000526569 0.000712314 0.999999 0.00114681 -0.000527493 -0.00114602 0.999999 0.00741288 -0.0219695 -0.0325008
FixedParameters: 0 0 0

#Transform 111
Transform: AffineTransform_float_3_3
Parameters: 0.999999 -0.000564942 0.000565975 0.000565106 1 0.000360336 -0.000565568 -0.000359658 1 0.00495839 0.0409417 -0.0876281
FixedParameters: 0 0 0

#Transform 112
Transform: AffineTransform_float_3_3
Parameters: 0.999999 -0.000707346 0.000645126 0.000706955 1 0.000772852 -0.000645429 -0.00077284 0.999999 0.00106178 0.0186052 -0.0679251
FixedParameters: 0 0 0

#Transform 113
Transform: AffineTransform_float_3_3
Parameters: 1 -0.000557012 0.000777804 0.000555863 0.999999 0.0011063 -0.00077822 -0.0011054 0.999999 0.00246385 -0.0112178 -0.0440879
FixedParameters: 0 0 0

#Transform 114
Transform: AffineTransform_float_3_3
Parameters: 0.999999 -0.000706715 0.000655617 0.000706126 1 0.000475492 -0.000656313 -0.000475504 1 0.00282585 -0.0201237 -0.0809179
FixedParameters: 0 0 0

#Transform 115
Transform: AffineTransform_float_3_3
Parameters: 0.999999 -0.000587626 0.000439448 0.00058716 0.999999 0.00115624 -0.000440096 -0.00115569 1 0.0011071 -0.0664902 -0.0151266
FixedParameters: 0 0 0

#Transform 116
Transform: AffineTransform_float_3_3
Parameters: 0.999999 -0.00061438 0.000536336 0.000614334 0.999999 0.000575916 -0.000536229 -0.000575219 0.999999 0.00313327 0.000527311 -0.0701606
FixedParameters: 0 0 0

#Transform 117
Transform: AffineTransform_float_3_3
Parameters: 1 -0.000493084 0.000353345 0.000492836 1 0.000351152 -0.000353691 -0.000350803 1 0.00267726 0.00788386 -0.108105
FixedParameters: 0 0 0

#Transform 118
Transform: AffineTransform_float_3_3
Parameters: 1 -0.000550635 0.000399043 0.000550179 0.999999 0.000570993 -0.000399671 -0.000570554 1 0.000222507 -0.0279184 -0.059282
FixedParameters: 0 0 0

#Transform 119
Transform: AffineTransform_float_3_3
Parameters: 1 -0.000522528 0.00044674 0.000522097 0.999999 0.000482919 -0.000447244 -0.000482452 1 -0.00458757 -0.00739257 -0.0852331
FixedParameters: 0 0 0

#Transform 120
Transform: AffineTransform_float_3_3
Parameters: 1 -0.000391102 0.000381187 0.000390289 1 0.00103806 -0.000382103 -0.00103776 1 -0.00252144 0.00168936 -0.0875758
FixedParameters: 0 0 0

#Transform 121
Transform: AffineTransform_float_3_3
Parameters: 1 -0.000351006 0.0004206 0.00035002 1 0.00114653 -0.000421508 -0.00114624 1 -5.48349e-05 0.0125518 -0.0632985
FixedParameters: 0 0 0

#Transform 122
Transform: AffineTransform_float_3_3
Parameters: 1 -0.000219306 0.000533223 0.000218241 1 0.00103118 -0.000533698 -0.00103188 0.999999 -0.0134714 -0.0395424 0.019471
FixedParameters: 0 0 0

#Transform 123
Transform: AffineTransform_float_3_3
Parameters: 1 -0.000309398 0.000388861 0.00030956 0.999999 0.000843613 -0.000389953 -0.000843336 0.999999 -0.0137978 -0.039274 -0.0349426
FixedParameters: 0 0 0

#Transform 124
Transform: AffineTransform_float_3_3
Parameters: 1 -0.000393554 0.000363996 0.000393367 1 0.001014 -0.000364084 -0.00101367 1 -0.0124489 -0.0167551 -0.0297533
FixedParameters: 0 0 0

#Transform 125
Transform: AffineTransform_float_3_3
Parameters: 1 -0.000230102 0.000421744 0.000229944 1 0.000906403 -0.000421371 -0.000907109 0.999999 -0.00740928 -0.004606 -0.0447187
FixedParameters: 0 0 0

#Transform 126
Transform: AffineTransform_float_3_3
Parameters: 1 -0.000286557 0.000458279 0.000285784 0.999999 0.000843119 -0.000458762 -0.000842856 0.999999 -0.00746673 0.0157814 -0.0588438
FixedParameters: 0 0 0

#Transform 127
Transform: AffineTransform_float_3_3
Parameters: 1 -0.000362303 0.000375822 0.000362273 1 0.000845778 -0.000375645 -0.000846406 1 -0.00755957 0.00682602 -0.0647563
FixedParameters: 0 0 0

#Transform 128
Transform: AffineTransform_float_3_3
Parameters: 1 -0.000171224 0.0005385 0.000170813 1 0.00112133 -0.000539559 -0.00112111 0.999999 -0.014308 0.00471122 -0.0658582
FixedParameters: 0 0 0

#Transform 129
Transform: AffineTransform_float_3_3
Parameters: 1 -0.000306094 0.000383382 0.000305576 0.999999 0.00139414 -0.000383524 -0.00139387 0.999999 -0.00905621 -0.0302218 -0.029905
FixedParameters: 0 0 0

#Transform 130
Transform: AffineTransform_float_3_3
Parameters: 1 -0.00030071 0.000368913 0.000300021 0.999999 0.001017 -0.000369594 -0.00101806 1 -0.00534015 -0.00738561 -0.0556187
FixedParameters: 0 0 0

#Transform 131
Transform: AffineTransform_float_3_3
Parameters: 1 -0.000253643 0.000472437 0.000253966 1 0.00110698 -0.000472859 -0.00110667 1 -0.00319778 -0.0225896 -0.0926308
FixedParameters: 0 0 0

#Transform 132
Transform: AffineTransform_float_3_3
Parameters: 1 -0.000281718 0.000322839 0.000280974 1 0.00111879 -0.000323572 -0.00111861 1 0.00133356 -0.0365062 -0.0659231
FixedParameters: 0 0 0

#Transform 133
Transform: AffineTransform_float_3_3
Parameters: 1 -0.000288183 0.000317603 0.000287389 0.999999 0.00121521 -0.000318407 -0.00121502 0.999999 0.0013343 -0.021929 -0.0684143
FixedParameters: 0 0 0

#Transform 134
Transform: AffineTransform_float_3_3
Parameters: 1 -0.000217446 0.000348818 0.000216374 0.999999 0.00150423 -0.000349575 -0.00150408 0.999999 0.00066243 -0.00792363 -0.0618404
FixedParameters: 0 0 0

#Transform 135
Transform: AffineTransform_float_3_3
Parameters: 1 -0.000206557 0.000313854 0.000205515 0.999998 0.00162545 -0.000314628 -0.00162532 0.999998 0.000704277 -0.0208733 -0.0555254
FixedParameters: 0 0 0

#Transform 136
Transform: AffineTransform_float_3_3
Parameters: 1 -0.000230618 0.000279674 0.000230227 0.999998 0.00168346 -0.000279739 -0.0016833 0.999998 -0.00404206 -0.0103646 -0.0540525
FixedParameters: 0 0 0

#Transform 137
Transform: AffineTransform_float_3_3
Parameters: 1 -0.000159673 0.000290209 0.000159598 0.999999 0.00150061 -0.000291363 -0.00150048 0.999999 -0.00339994 -0.0418955 -0.0419194
FixedParameters: 0 0 0

#Transform 138
Transform: AffineTransform_float_3_3
Parameters: 1 -0.000143119 0.000365638 0.000142421 0.999999 0.00175541 -0.000365454 -0.00175621 0.999998 -0.0089904 -0.00646136 -0.0069476
FixedParameters: 0 0 0

#Transform 139
Transform: AffineTransform_float_3_3
Parameters: 1 -0.000175711 0.000291648 0.000174813 0.999999 0.00150142 -0.000292278 -0.00150132 0.999999 0.00188013 0.000647423 -0.0369009
FixedParameters: 0 0 0

#Transform 140
Transform: AffineTransform_float_3_3
Parameters: 1 -7.3503e-05 0.000447893 7.24043e-05 0.999999 0.00181818 -0.000447552 -0.00181808 0.999999 0.00256752 -0.0138657 -0.0330632
FixedParameters: 0 0 0

#Transform 141
Transform: AffineTransform_float_3_3
Parameters: 1 2.45587e-05 0.000319304 -2.51735e-05 0.999999 0.00179363 -0.000318609 -0.00179361 0.999999 -0.000503065 -0.0232378 -0.0264072
FixedParameters: 0 0 0

#Transform 142
Transform: AffineTransform_float_3_3
Parameters: 1 -0.000137226 0.000429297 0.000135822 0.999998 0.00164139 -0.000429895 -0.00164161 0.999999 0.0136706 -0.0242598 -0.034743
FixedParameters: 0 0 0

#Transform 143
Transform: AffineTransform_float_3_3
Parameters: 1 -0.000177967 0.000256812 0.000177598 0.999999 0.00174855 -0.000256828 -0.00174842 0.999999 0.0175818 -0.0214502 -0.0546144
FixedParameters: 0 0 0

#Transform 144
Transform: AffineTransform_float_3_3
Parameters: 1 -0.000186704 0.000240123 0.000185801 0.999998 0.00171622 -0.000240946 -0.00171519 0.999999 0.0185956 -0.0222618 -0.049155
FixedParameters: 0 0 0

#Transform 145
Transform: AffineTransform_float_3_3
Parameters: 1 -6.0498e-05 0.000172686 6.03087e-05 0.999998 0.00208296 -0.000172332 -0.00208291 0.999998 0.0156744 -0.0314998 -0.0298919
FixedParameters: 0 0 0

#Transform 146
Transform: AffineTransform_float_3_3
Parameters: 1 -6.87655e-05 0.000168744 6.80507e-05 0.999998 0.0019902 -0.000169225 -0.00199017 0.999998 0.0173078 -0.0309478 -0.0381818
FixedParameters: 0 0 0

#Transform 147
Transform: AffineTransform_float_3_3
Parameters: 1 -0.000131245 0.000418792 0.000129673 0.999999 0.00182489 -0.000419476 -0.00182478 0.999998 0.0162836 -0.0272965 -0.0610769
FixedParameters: 0 0 0

#Transform 148
Transform: AffineTransform_float_3_3
Parameters: 1 -0.000188298 0.000317667 0.000187591 0.999998 0.00198941 -0.000317854 -0.00198959 0.999998 0.0208288 -0.00248621 -0.0869037
FixedParameters: 0 0 0

#Transform 149
Transform: AffineTransform_float_3_3
Parameters: 1 -0.000133412 0.000268811 0.000133481 0.999998 0.00233621 -0.000269504 -0.00233606 0.999997 0.0176315 -0.0315978 -0.048056
FixedParameters: 0 0 0

#Transform 150
Transform: AffineTransform_float_3_3
Parameters: 1 -0.000173364 0.000251208 0.000172225 0.999997 0.00217882 -0.000252169 -0.00217873 0.999997 0.0177885 -0.0381845 -0.0264194
FixedParameters: 0 0 0

#Transform 151
Transform: AffineTransform_float_3_3
Parameters: 1 -5.77937e-05 0.000174015 5.70152e-05 0.999998 0.00211285 -0.000174466 -0.00211283 0.999998 0.0204668 -0.0440553 -0.0544075
FixedParameters: 0 0 0

#Transform 152
Transform: AffineTransform_float_3_3
Parameters: 1 -3.9838e-05 0.000169401 3.95107e-05 0.999997 0.00246839 -0.000169095 -0.00246834 0.999997 0.02051 -0.0286201 -0.0597439
FixedParameters: 0 0 0

#Transform 153
Transform: AffineTransform_float_3_3
Parameters: 1 -6.36974e-05 0.000114253 6.35649e-05 0.999997 0.00271241 -0.000114201 -0.00271236 0.999997 0.0158473 -0.0166368 -0.0830996
FixedParameters: 0 0 0

#Transform 154
Transform: AffineTransform_float_3_3
Parameters: 1 2.98787e-05 0.000231143 -3.13129e-05 0.999995 0.00291798 -0.000231382 -0.002918 0.999995 0.0157031 -0.0191495 -0.0752594
FixedParameters: 0 0 0

#Transform 155
Transform: AffineTransform_float_3_3
Parameters: 1 2.272e-05 0.000223222 -2.40956e-05 0.999996 0.00289024 -0.000223504 -0.00289025 0.999996 0.0181184 -0.0126767 -0.0760484
FixedParameters: 0 0 0

#Transform 156
Transform: AffineTransform_float_3_3
Parameters: 1 -5.82755e-05 0.000113162 5.81254e-05 0.999996 0.00281626 -0.000113093 -0.00281621 0.999996 0.0158917 -0.0279442 -0.0739302
FixedParameters: 0 0 0

#Transform 157
Transform: AffineTransform_float_3_3
Parameters: 1 0.00013424 -2.69817e-05 -0.000134164 0.999996 0.00256635 2.73577e-05 -0.00256635 0.999996 0.0118744 -0.00539769 -0.115696
FixedParameters: 0 0 0

#Transform 158
Transform: AffineTransform_float_3_3
Parameters: 1 -6.75274e-05 0.00011507 6.74636e-05 0.999997 0.00263804 -0.000114949 -0.00263893 0.999996 0.0203944 -0.0270268 -0.101335
FixedParameters: 0 0 0

#Transform 159
Transform: AffineTransform_float_3_3
Parameters: 1 -5.45217e-05 0.000112408 5.43597e-05 0.999996 0.00288816 -0.000112325 -0.00288811 0.999996 0.0184514 -0.0380271 -0.064969
FixedParameters: 0 0 0

#Transform 160
Transform: AffineTransform_float_3_3
Parameters: 1 -6.75274e-05 0.00011507 6.74636e-05 0.999997 0.00263804 -0.000114949 -0.00263893 0.999996 0.0191227 -0.0476941 -0.0603264
FixedParameters: 0 0 0

#Transform 161
Transform: AffineTransform_float_3_3
Parameters: 1 -0.000160508 -1.87662e-05 0.000160332 0.999997 0.00264146 1.89664e-05 -0.0026424 0.999996 0.0209431 -0.0186116 -0.0794543
FixedParameters: 0 0 0

#Transform 162
Transform: AffineTransform_float_3_3
Parameters: 1 -0.000151781 -1.79018e-06 0.000150907 0.999996 0.00259054 1.26385e-06 -0.00259058 0.999996 0.0208332 -0.0147769 -0.0905733
FixedParameters: 0 0 0

#Transform 163
Transform: AffineTransform_float_3_3
Parameters: 1 -0.000156721 5.76601e-06 0.000156383 0.999997 0.00241967 -5.45135e-06 -0.00241967 0.999997 0.0200483 -0.0233826 -0.0793274
FixedParameters: 0 0 0

#Transform 164
Transform: AffineTransform_float_3_3
Parameters: 1 -9.18252e-05 0.000120039 9.18333e-05 0.999997 0.00217318 -0.000119832 -0.00217312 0.999997 0.020249 -0.0439952 -0.0405384
FixedParameters: 0 0 0

#Transform 165
Transform: AffineTransform_float_3_3
Parameters: 1 -0.000169168 1.49095e-05 0.000169634 0.999998 0.00210501 -1.50168e-05 -0.00210497 0.999998 0.0242093 -0.034151 -0.0556881
FixedParameters: 0 0 0

#Transform 166
Transform: AffineTransform_float_3_3
Parameters: 1 -0.000158341 3.61322e-05 0.00015815 0.999998 0.00203855 -3.6986e-05 -0.00203854 0.999998 0.0204954 -0.0184555 -0.0673667
FixedParameters: 0 0 0

#Transform 167
Transform: AffineTransform_float_3_3
Parameters: 1 -0.000130946 7.83392e-05 0.000130588 0.999998 0.00200452 -7.9072e-05 -0.0020045 0.999998 0.0213075 -0.0135846 -0.087788
FixedParameters: 0 0 0

#Transform 168
Transform: AffineTransform_float_3_3
Parameters: 1 -0.000132015 7.0126e-05 0.000131679 0.999998 0.0020826 -7.08838e-05 -0.00208258 0.999998 0.0218977 -0.0291937 -0.0952846
FixedParameters: 0 0 0

#Transform 169
Transform: AffineTransform_float_3_3
Parameters: 1 -0.000153384 1.91401e-05 0.000152986 0.999998 0.0023195 -1.87785e-05 -0.00231949 0.999998 0.0251273 0.0137177 -0.0270207
FixedParameters: 0 0 0

#Transform 170
Transform: AffineTransform_float_3_3
Parameters: 1 -0.000154865 2.41259e-05 0.000155265 0.999998 0.00223655 -2.4318e-05 -0.00223651 0.999998 0.0274932 -0.0287334 -0.0702555
FixedParameters: 0 0 0

#Transform 171
Transform: AffineTransform_float_3_3
Parameters: 1 -8.5693e-05 -9.51687e-05 8.52861e-05 0.999997 0.00249798 9.49994e-05 -0.00249803 0.999997 0.0234115 -0.0176773 -0.106772
FixedParameters: 0 0 0

#Transform 172
Transform: AffineTransform_float_3_3
Parameters: 1 -0.000130776 1.3569e-05 0.00013037 0.999996 0.00276289 -1.33225e-05 -0.00276289 0.999996 0.0262248 -0.0491099 -0.103268
FixedParameters: 0 0 0

#Transform 173
Transform: AffineTransform_float_3_3
Parameters: 1 -0.000162961 0.000111908 0.000162889 0.999996 0.0025894 -0.00011225 -0.00258933 0.999996 0.0293014 -0.0379388 -0.101783
FixedParameters: 0 0 0

#Transform 174
Transform: AffineTransform_float_3_3
Parameters: 1 -0.00017757 8.52659e-05 0.000177096 0.999997 0.00238958 -8.64263e-05 -0.00238955 0.999997 0.0278895 -0.0382054 -0.106238
FixedParameters: 0 0 0

#Transform 175
Transform: AffineTransform_float_3_3
Parameters: 1 -0.000138771 3.11636e-05 0.000139127 0.999997 0.00242405 -3.13357e-05 -0.00242401 0.999997 0.0261983 -0.0359444 -0.0968703
FixedParameters: 0 0 0

#Transform 176
Transform: AffineTransform_float_3_3
Parameters: 1 -0.000112391 6.14096e-05 0.000112591 0.999997 0.00251312 -6.14734e-05 -0.00251307 0.999997 0.0254642 -0.0419011 -0.0925668
FixedParameters: 0 0 0

#Transform 177
Transform: AffineTransform_float_3_3
Parameters: 1 -0.000159505 -2.09719e-06 0.000158632 0.999997 0.00246477 1.57086e-06 -0.00246481 0.999997 0.0262158 -0.0386597 -0.0881006
FixedParameters: 0 0 0

#Transform 178
Transform: AffineTransform_float_3_3
Parameters: 1 -0.000150139 7.26081e-06 0.000149765 0.999997 0.00251315 -6.89682e-06 -0.0025128 0.999996 0.0247406 -0.0456643 -0.0748182
FixedParameters: 0 0 0

#Transform 179
Transform: AffineTransform_float_3_3
Parameters: 1 -0.000126442 2.48665e-05 0.000125977 0.999997 0.0027037 -2.4581e-05 -0.00270369 0.999997 0.0257215 -0.0195315 -0.0788197
FixedParameters: 0 0 0

#Transform 180
Transform: AffineTransform_float_3_3
Parameters: 1 -0.000113134 5.12599e-05 0.000113374 0.999996 0.0026192 -5.13515e-05 -0.00261915 0.999996 0.0241206 -0.0264912 -0.0673687
FixedParameters: 0 0 0

#Transform 181
Transform: AffineTransform_float_3_3
Parameters: 1 -0.000108202 7.08625e-05 0.00010836 0.999997 0.00247294 -7.08965e-05 -0.00247289 0.999997 0.0261004 -0.0356606 -0.0852082
FixedParameters: 0 0 0

#Transform 182
Transform: AffineTransform_float_3_3
Parameters: 1 -0.000124679 5.64052e-05 0.000124921 0.999997 0.0023655 -5.6494e-05 -0.00236545 0.999997 0.030234 -0.00952246 -0.10282
FixedParameters: 0 0 0

#Transform 183
Transform: AffineTransform_float_3_3
Parameters: 1 -0.000132399 3.59654e-06 0.000132048 0.999996 0.00285199 -3.38277e-06 -0.00285199 0.999996 0.0272413 -0.0147671 -0.102671
FixedParameters: 0 0 0

#Transform 184
Transform: AffineTransform_float_3_3
Parameters: 1 -8.82727e-05 -7.82196e-05 8.78366e-05 0.999995 0.00299199 7.78462e-05 -0.00299205 0.999995 0.0227908 -0.0188263 -0.0984195
FixedParameters: 0 0 0

#Transform 185
Transform: AffineTransform_float_3_3
Parameters: 1 -0.000132619 -4.78386e-06 0.000131743 0.999995 0.00294602 4.15855e-06 -0.00294606 0.999995 0.0278812 -0.0416021 -0.0896161
FixedParameters: 0 0 0

#Transform 186
Transform: AffineTransform_float_3_3
Parameters: 1 -0.000132415 -3.89132e-06 0.000132107 0.999995 0.00293904 4.08185e-06 -0.00293904 0.999995 0.0300946 -0.0249077 -0.0966257
FixedParameters: 0 0 0

#Transform 187
Transform: AffineTransform_float_3_3
Parameters: 1 -0.000104536 2.41376e-05 0.000104035 0.999996 0.00307908 -2.39161e-05 -0.00307907 0.999996 0.0290572 -0.020033 -0.125441
FixedParameters: 0 0 0

#Transform 188
Transform: AffineTransform_float_3_3
Parameters: 1 -0.000133094 -3.56432e-05 0.000132976 0.999994 0.00329724 3.56295e-05 -0.00329726 0.999994 0.0311178 -0.00421262 -0.130203
FixedParameters: 0 0 0

#Transform 189
Transform: AffineTransform_float_3_3
Parameters: 1 -8.83249e-05 -4.76247e-05 8.9107e-05 0.999994 0.00332887 4.73271e-05 -0.00332884 0.999994 0.0308753 -0.00388424 -0.129152
FixedParameters: 0 0 0
