#Insight Transform File V1.0
#Transform 0
Transform: AffineTransform_float_3_3
Parameters: 0.999998 0.00150532 -0.00106555 -0.0015091 0.999993 -0.00346168 0.00106045 0.00346324 0.999994 -0.0030448 0.0776026 -0.0849753
FixedParameters: 0 0 0

#Transform 1
Transform: AffineTransform_float_3_3
Parameters: 0.999998 0.00144365 -0.00116222 -0.00144614 0.999996 -0.00240407 0.00115907 0.00240561 0.999997 -0.00113802 0.0360582 -0.0443145
FixedParameters: 0 0 0

#Transform 2
Transform: AffineTransform_float_3_3
Parameters: 0.999998 0.00120453 -0.00102017 -0.00120732 0.999997 -0.00197955 0.00101794 0.00198139 0.999997 -0.00173248 0.0416052 -0.0360937
FixedParameters: 0 0 0

#Transform 3
Transform: AffineTransform_float_3_3
Parameters: 1 0.000655627 -0.000904057 -0.000657331 0.999997 -0.00229556 0.000901604 0.00229641 0.999997 0.00746114 0.0353003 -0.00117916
FixedParameters: 0 0 0

#Transform 4
Transform: AffineTransform_float_3_3
Parameters: 1 0.000651606 -0.0007641 -0.000653366 0.999998 -0.00180961 0.000763514 0.00180945 0.999998 0.00469036 0.0313172 -0.00478913
FixedParameters: 0 0 0

#Transform 5
Transform: AffineTransform_float_3_3
Parameters: 1 0.000679797 -0.000817403 -0.000681234 0.999998 -0.00169956 0.000815496 0.00169939 0.999998 0.000312933 0.0202607 0.0134604
FixedParameters: 0 0 0

#Transform 6
Transform: AffineTransform_float_3_3
Parameters: 0.999999 0.000552774 -0.00063282 -0.000552621 1 -0.000864731 0.000632256 0.000864611 0.999999 -0.00626048 0.046249 -0.00333047
FixedParameters: 0 0 0

#Transform 7
Transform: AffineTransform_float_3_3
Parameters: 1 0.000656823 -0.000743275 -0.000658051 0.999999 -0.00116805 0.000742586 0.00116912 0.999999 0.00126951 -0.00734042 0.0344958
FixedParameters: 0 0 0

#Transform 8
Transform: AffineTransform_float_3_3
Parameters: 1 0.00060903 -0.000731518 -0.000609436 0.999999 -0.000736087 0.000731603 0.000735728 1 -0.0024069 0.0281203 -0.000110848
FixedParameters: 0 0 0

#Transform 9
Transform: AffineTransform_float_3_3
Parameters: 0.999999 0.000491147 -0.000793683 -0.000492149 1 -0.000897646 0.000793609 0.000898054 1 0.00661474 -0.011155 0.0220778
FixedParameters: 0 0 0

#Transform 10
Transform: AffineTransform_float_3_3
Parameters: 0.999999 0.000569793 -0.000715 -0.00057068 1 -0.000548084 0.000714439 0.000548012 0.999999 0.0031301 0.00254663 0.00286028
FixedParameters: 0 0 0

#Transform 11
Transform: AffineTransform_float_3_3
Parameters: 0.999999 0.000524552 -0.000668648 -0.000524279 1 -0.000728541 0.000668275 0.000728422 0.999999 0.00288031 -0.0328505 0.0101649
FixedParameters: 0 0 0

#Transform 12
Transform: AffineTransform_float_3_3
Parameters: 1 0.000704016 -0.000667496 -0.000703984 0.999999 -0.00136949 0.000666742 0.00137058 0.999999 0.000313016 -0.0139208 0.0206949
FixedParameters: 0 0 0

#Transform 13
Transform: AffineTransform_float_3_3
Parameters: 0.999999 0.000504797 -0.000513356 -0.000504131 0.999999 0.000648869 0.00051401 -0.000648351 0.999999 -0.00854735 -0.0104345 0.00560665
FixedParameters: 0 0 0

#Transform 14
Transform: AffineTransform_float_3_3
Parameters: 0.999999 0.000541849 -0.000466552 -0.000542617 1 -0.000712247 0.000465844 0.000711866 1 0.0010047 -0.0280418 0.0307947
FixedParameters: 0 0 0

#Transform 15
Transform: AffineTransform_float_3_3
Parameters: 1 0.000490248 -0.000254724 -0.000490571 0.999999 -0.000635499 0.0002541 0.000635748 1 -0.0118913 -0.0215905 0.0239262
FixedParameters: 0 0 0

#Transform 16
Transform: AffineTransform_float_3_3
Parameters: 1 0.00017911 -6.54932e-05 -0.000179044 1 0.000500451 6.56724e-05 -0.000500427 1 -0.0318449 -0.0326788 0.0210688
FixedParameters: 0 0 0

#Transform 17
Transform: AffineTransform_float_3_3
Parameters: 1 0.000306361 -0.000530837 -0.000306405 0.999999 -0.000835616 0.000529805 0.000835919 0.999999 0.00612355 -0.0186728 0.0221833
FixedParameters: 0 0 0

#Transform 18
Transform: AffineTransform_float_3_3
Parameters: 1 0.000440944 -0.000313787 -0.000441446 0.999999 -0.000801049 0.00031308 0.000801325 0.999999 -0.00576349 -0.00659371 0.0109605
FixedParameters: 0 0 0

#Transform 19
Transform: AffineTransform_float_3_3
Parameters: 1 0.000374651 -0.00039186 -0.000374213 1 -0.00103251 0.000391478 0.00103198 0.999999 0.0142996 -0.0208169 0.0134856
FixedParameters: 0 0 0

#Transform 20
Transform: AffineTransform_float_3_3
Parameters: 1 0.000388882 -0.000204517 -0.000389074 1 -0.000468628 0.000204152 0.000468787 1 0.00961821 -0.0106763 0.00486492
FixedParameters: 0 0 0

#Transform 21
Transform: AffineTransform_float_3_3
Parameters: 1 -0.000451053 0.000208025 0.000451223 1 -0.000408936 -0.000207656 0.000409124 1 0.00963321 -0.00919022 0.0150324
FixedParameters: 0 0 0

#Transform 22
Transform: AffineTransform_float_3_3
Parameters: 1 0.000104673 -0.000342565 -0.000105524 1 -0.000985275 0.000342303 0.000985342 1 0.0147236 0.0149718 -0.00440704
FixedParameters: 0 0 0

#Transform 23
Transform: AffineTransform_float_3_3
Parameters: 1 -0.000109437 -0.000195072 0.000109087 0.999999 -0.000899084 0.000195269 0.000899041 0.999999 0.0302914 0.00401793 0.00936718
FixedParameters: 0 0 0

#Transform 24
Transform: AffineTransform_float_3_3
Parameters: 1 -0.000195685 -0.000131761 0.000195466 0.999999 -0.000831852 0.000132086 0.000831801 0.999999 0.0272878 -0.00284114 0.0173112
FixedParameters: 0 0 0

#Transform 25
Transform: AffineTransform_float_3_3
Parameters: 1 -0.000292611 0.000226833 0.000292911 0.999999 -0.000662738 -0.000226445 0.000662871 1 0.0215487 0.00333935 0.000421272
FixedParameters: 0 0 0

#Transform 26
Transform: AffineTransform_float_3_3
Parameters: 1 -0.000506742 0.00033868 0.00050701 1 -0.000395748 -0.000338278 0.000396091 1 0.00812194 -0.0211993 0.00725343
FixedParameters: 0 0 0

#Transform 27
Transform: AffineTransform_float_3_3
Parameters: 1 -0.000383506 0.00029238 0.000383973 0.999999 -0.000799005 -0.000291766 0.00079923 0.999999 0.0217817 -0.0181111 0.0326109
FixedParameters: 0 0 0

#Transform 28
Transform: AffineTransform_float_3_3
Parameters: 0.999999 -0.000517039 0.00061193 0.00051683 0.999999 0.000587032 -0.000611689 -0.00058631 0.999999 0.00648505 -0.00841672 0.00143418
FixedParameters: 0 0 0

#Transform 29
Transform: AffineTransform_float_3_3
Parameters: 1 -0.000433804 0.000329556 0.000434284 1 -0.000887143 -0.000328722 0.000886542 0.999999 0.0182508 -0.0173362 0.0330829
FixedParameters: 0 0 0

#Transform 30
Transform: AffineTransform_float_3_3
Parameters: 0.999999 -0.000531989 0.000676046 0.000531029 0.999999 0.00100951 -0.000676208 -0.00100959 0.999999 0.0108006 -0.0171275 -0.00341921
FixedParameters: 0 0 0

#Transform 31
Transform: AffineTransform_float_3_3
Parameters: 0.999999 -0.00080292 0.000447339 0.000802785 1 0.00060204 -0.000447394 -0.000602119 1 0.0274234 -0.0183562 0.000630601
FixedParameters: 0 0 0

#Transform 32
Transform: AffineTransform_float_3_3
Parameters: 1 -0.000684446 0.000760515 0.000683751 1 0.000838587 -0.000760697 -0.000838339 0.999999 0.0178221 -0.0149571 -0.00489958
FixedParameters: 0 0 0

#Transform 33
Transform: AffineTransform_float_3_3
Parameters: 1 -0.000843284 0.000592227 0.000842986 1 0.000741677 -0.000592512 -0.00074147 0.999999 0.0345691 -0.0185478 0.00302865
FixedParameters: 0 0 0

#Transform 34
Transform: AffineTransform_float_3_3
Parameters: 1 -0.000986489 0.000635351 0.000986604 1 -0.000434594 -0.000635223 0.000434876 1 0.0280962 -0.00941741 0.0109982
FixedParameters: 0 0 0

#Transform 35
Transform: AffineTransform_float_3_3
Parameters: 0.999999 -0.000850268 0.00055776 0.000850231 1 -0.00051568 -0.000557667 0.000515652 1 0.0453589 -0.00921017 0.00770214
FixedParameters: 0 0 0

#Transform 36
Transform: AffineTransform_float_3_3
Parameters: 1 -0.000913121 0.000702479 0.00091265 0.999999 0.000748493 -0.000702879 -0.000748003 0.999999 0.0398118 -0.0258665 -0.0093399
FixedParameters: 0 0 0

#Transform 37
Transform: AffineTransform_float_3_3
Parameters: 1 -0.000889266 0.000583047 0.000889227 0.999998 0.00126818 -0.000584959 -0.00126753 1 0.0417883 -0.0300343 0.00176042
FixedParameters: 0 0 0

#Transform 38
Transform: AffineTransform_float_3_3
Parameters: 0.999999 -0.000991541 0.00073587 0.00099051 0.999998 0.00110696 -0.0007372 -0.00110587 1 0.0282271 0.000130235 -0.0232783
FixedParameters: 0 0 0

#Transform 39
Transform: AffineTransform_float_3_3
Parameters: 0.999999 -0.000862785 0.000182686 0.000862367 1 0.000610895 -0.000183692 -0.000611008 0.999999 0.0375441 0.0474025 -0.0782844
FixedParameters: 0 0 0

#Transform 40
Transform: AffineTransform_float_3_3
Parameters: 0.999999 -0.00110447 0.000526198 0.00110357 0.999997 0.00204181 -0.000528154 -0.00204127 0.999998 0.0410116 -0.0431348 -0.0149108
FixedParameters: 0 0 0

#Transform 41
Transform: AffineTransform_float_3_3
Parameters: 0.999999 -0.0011256 0.000879481 0.00112371 0.999998 0.00159198 -0.000881302 -0.00159071 0.999998 0.0304531 -0.0243144 0.00707582
FixedParameters: 0 0 0

#Transform 42
Transform: AffineTransform_float_3_3
Parameters: 0.999999 -0.00100213 0.00106269 0.000999646 0.999998 0.00195467 -0.0010654 -0.00195373 0.999998 0.00908418 -0.0140895 8.28013e-05
FixedParameters: 0 0 0

#Transform 43
Transform: AffineTransform_float_3_3
Parameters: 0.999999 -0.000994456 0.000632593 0.000993531 0.999999 0.00145162 -0.000633719 -0.00145107 0.999999 0.0269295 -0.03821 0.0143144
FixedParameters: 0 0 0

#Transform 44
Transform: AffineTransform_float_3_3
Parameters: 0.999999 -0.00111251 0.00100399 0.00111003 0.999998 0.00189633 -0.00100563 -0.00189518 0.999998 0.0118788 -0.00550361 -0.000638875
FixedParameters: 0 0 0

#Transform 45
Transform: AffineTransform_float_3_3
Parameters: 0.999999 -0.00110625 0.00124722 0.0011041 0.999998 0.00180851 -0.00124911 -0.00180685 0.999998 0.00292803 -0.0398104 0.043173
FixedParameters: 0 0 0

#Transform 46
Transform: AffineTransform_float_3_3
Parameters: 0.999999 -0.00108377 0.00101876 0.0010829 0.999999 0.00132938 -0.00102039 -0.00132836 0.999999 0.0130321 -0.0520281 0.0700756
FixedParameters: 0 0 0

#Transform 47
Transform: AffineTransform_float_3_3
Parameters: 0.999999 -0.00113255 0.00117965 0.00113021 0.999997 0.00198801 -0.00118204 -0.00198644 0.999997 0.0050784 -0.0123222 0.0236192
FixedParameters: 0 0 0

#Transform 48
Transform: AffineTransform_float_3_3
Parameters: 0.999999 -0.00091887 0.00149965 0.000915661 0.999998 0.00224652 -0.0015014 -0.0022448 0.999996 -0.010207 -0.0225265 0.0346471
FixedParameters: 0 0 0

#Transform 49
Transform: AffineTransform_float_3_3
Parameters: 0.999999 -0.000894296 0.00113153 0.000892865 0.999998 0.0016725 -0.00113242 -0.00167158 0.999998 0.0164059 -0.0503185 0.0469398
FixedParameters: 0 0 0

#Transform 50
Transform: AffineTransform_float_3_3
Parameters: 0.999998 -0.00110567 0.00137237 0.00110292 0.999997 0.00231818 -0.00137509 -0.00231664 0.999997 0.000630039 -0.0282793 0.0272445
FixedParameters: 0 0 0

#Transform 51
Transform: AffineTransform_float_3_3
Parameters: 0.999998 -0.000989842 0.00148381 0.000986334 0.999997 0.00225301 -0.0014866 -0.00225254 0.999996 0.00309934 -0.0479888 0.0312212
FixedParameters: 0 0 0

#Transform 52
Transform: AffineTransform_float_3_3
Parameters: 0.999999 -0.00119191 0.00121897 0.00118952 0.999997 0.00194505 -0.0012215 -0.00194324 0.999998 0.0183537 -0.0345312 0.0151712
FixedParameters: 0 0 0

#Transform 53
Transform: AffineTransform_float_3_3
Parameters: 0.999998 -0.00132334 0.00143016 0.00132137 0.999998 0.00153652 -0.001432 -0.00153471 0.999998 0.0223775 -0.0335531 0.0217068
FixedParameters: 0 0 0

#Transform 54
Transform: AffineTransform_float_3_3
Parameters: 0.999999 -0.00126061 0.00118261 0.0012577 0.999997 0.00217835 -0.00118593 -0.00217735 0.999997 0.0292181 -0.0569911 0.0471427
FixedParameters: 0 0 0

#Transform 55
Transform: AffineTransform_float_3_3
Parameters: 0.999999 -0.00121956 0.00129902 0.00121685 0.999997 0.00194701 -0.00130166 -0.00194494 0.999997 0.0366868 -0.0344282 0.0215248
FixedParameters: 0 0 0

#Transform 56
Transform: AffineTransform_float_3_3
Parameters: 0.999998 -0.00127923 0.00128665 0.00127715 0.999998 0.00174932 -0.0012889 -0.00174801 0.999997 0.031748 -0.0141118 0.0107886
FixedParameters: 0 0 0

#Transform 57
Transform: AffineTransform_float_3_3
Parameters: 0.999999 -0.00127222 0.00125778 0.00126923 0.999997 0.00208199 -0.0012609 -0.00208077 0.999997 0.0355918 -0.0356026 0.0327476
FixedParameters: 0 0 0

#Transform 58
Transform: AffineTransform_float_3_3
Parameters: 0.999999 -0.00125241 0.00106699 0.00125009 0.999996 0.00237465 -0.00106991 -0.00237387 0.999996 0.0415717 -0.0331259 0.0104815
FixedParameters: 0 0 0

#Transform 59
Transform: AffineTransform_float_3_3
Parameters: 0.999998 -0.00127314 0.00124421 0.00127024 0.999996 0.00227365 -0.00124698 -0.00227238 0.999996 0.0391852 -0.0155556 -0.00414005
FixedParameters: 0 0 0

#Transform 60
Transform: AffineTransform_float_3_3
Parameters: 0.999998 -0.00150576 0.0009999 0.00150242 0.999994 0.00295546 -0.00100367 -0.00295415 0.999995 0.0483662 -0.0429102 0.0215369
FixedParameters: 0 0 0

#Transform 61
Transform: AffineTransform_float_3_3
Parameters: 0.999998 -0.00141427 0.00105888 0.00141149 0.999995 0.00272183 -0.00106278 -0.00272018 0.999995 0.0477481 -0.037012 0.0234062
FixedParameters: 0 0 0

#Transform 62
Transform: AffineTransform_float_3_3
Parameters: 0.999999 -0.00126214 0.00118739 0.00125803 0.999995 0.00295222 -0.00119107 -0.00295103 0.999995 0.039934 -0.0440734 0.0267602
FixedParameters: 0 0 0

#Transform 63
Transform: AffineTransform_float_3_3
Parameters: 0.999998 -0.00136947 0.00125094 0.00136578 0.999995 0.00297513 -0.00125584 -0.00297354 0.999995 0.0403342 -0.0569261 0.0592482
FixedParameters: 0 0 0

#Transform 64
Transform: AffineTransform_float_3_3
Parameters: 0.999998 -0.001475 0.00114846 0.00147096 0.999993 0.00338881 -0.00115305 -0.00338706 0.999993 0.0539228 -0.0481328 0.0218752
FixedParameters: 0 0 0

#Transform 65
Transform: AffineTransform_float_3_3
Parameters: 0.999997 -0.001755 0.00156719 0.0017503 0.999994 0.00269531 -0.00157184 -0.00269287 0.999995 0.0422496 -0.0384144 0.0122335
FixedParameters: 0 0 0

#Transform 66
Transform: AffineTransform_float_3_3
Parameters: 0.999999 -0.00135379 0.000472953 0.00135037 0.99998 0.00621443 -0.000481298 -0.00621313 0.999981 0.0627576 -0.0547441 0.0156084
FixedParameters: 0 0 0

#Transform 67
Transform: AffineTransform_float_3_3
Parameters: 0.999999 -0.00129478 0.00061565 0.00129089 0.999979 0.00636722 -0.000624749 -0.00636565 0.99998 0.0502166 -0.0704649 0.0165071
FixedParameters: 0 0 0

#Transform 68
Transform: AffineTransform_float_3_3
Parameters: 1 -0.000888153 -5.63006e-05 0.000888892 0.999965 0.00823989 4.92959e-05 -0.00824004 0.999966 0.0486033 -0.0433296 -0.0560086
FixedParameters: 0 0 0

#Transform 69
Transform: AffineTransform_float_3_3
Parameters: 1 -0.000735618 -0.000996223 0.000745003 0.999957 0.00924054 0.000989284 -0.00924099 0.999956 0.0677968 -0.0690763 -0.0343719
FixedParameters: 0 0 0

#Transform 70
Transform: AffineTransform_float_3_3
Parameters: 1 -0.000931312 -0.000778988 0.000938001 0.999969 0.00786121 0.000772019 -0.00786152 0.999968 0.0770183 -0.06242 -0.0168162
FixedParameters: 0 0 0

#Transform 71
Transform: AffineTransform_float_3_3
Parameters: 0.999998 -0.0016653 -0.00111392 0.00167312 0.999977 0.00662544 0.00110293 -0.00662732 0.999977 0.11987 -0.0110037 -0.064679
FixedParameters: 0 0 0

#Transform 72
Transform: AffineTransform_float_3_3
Parameters: 0.999998 -0.00148661 -0.0009132 0.00149167 0.999983 0.00566765 0.000905003 -0.0056692 0.999984 0.102436 -0.0501061 0.00847797
FixedParameters: 0 0 0

#Transform 73
Transform: AffineTransform_float_3_3
Parameters: 0.999999 -0.0013377 -0.000648444 0.00134083 0.999986 0.0050255 0.000641998 -0.00502618 0.999987 0.0828402 -0.0263513 -0.00255034
FixedParameters: 0 0 0

#Transform 74
Transform: AffineTransform_float_3_3
Parameters: 0.999999 -0.0014021 -0.000219692 0.00140247 0.999992 0.00369837 0.000214838 -0.00369892 0.999993 0.0760143 -0.0301853 0.0145593
FixedParameters: 0 0 0

#Transform 75
Transform: AffineTransform_float_3_3
Parameters: 0.999999 -0.00140962 -0.000188472 0.0014094 0.999993 0.0033342 0.000183736 -0.00333387 0.999995 0.0722465 -0.0274516 0.0293657
FixedParameters: 0 0 0

#Transform 76
Transform: AffineTransform_float_3_3
Parameters: 0.999998 -0.00156715 -0.000129438 0.00156824 0.999991 0.00383365 0.000123264 -0.00383392 0.999992 0.0656626 -0.0246443 0.015056
FixedParameters: 0 0 0

#Transform 77
Transform: AffineTransform_float_3_3
Parameters: 0.999998 -0.00153365 -0.000113908 0.00153419 0.999993 0.00334411 0.000108624 -0.00334307 0.999994 0.0773082 -0.0354598 0.00830022
FixedParameters: 0 0 0

#Transform 78
Transform: AffineTransform_float_3_3
Parameters: 0.999999 -0.0016128 -0.000135005 0.00161354 0.999989 0.00428741 0.000128331 -0.0042876 0.999991 0.0752012 -0.0374681 -0.0025279
FixedParameters: 0 0 0

#Transform 79
Transform: AffineTransform_float_3_3
Parameters: 0.999998 -0.0015109 -0.000192291 0.00151226 0.99999 0.00422518 0.000185253 -0.00422564 0.999991 0.086203 -0.0591357 0.0269895
FixedParameters: 0 0 0

#Transform 80
Transform: AffineTransform_float_3_3
Parameters: 0.999999 -0.00173388 -1.93863e-05 0.00173428 0.999986 0.0051764 1.09649e-05 -0.0051764 0.999986 0.0843434 -0.0642638 0.0464624
FixedParameters: 0 0 0

#Transform 81
Transform: AffineTransform_float_3_3
Parameters: 0.999999 -0.00177444 -0.000438852 0.001776 0.999983 0.00572062 0.000428502 -0.00572127 0.999984 0.0937769 -0.0687196 0.0462623
FixedParameters: 0 0 0

#Transform 82
Transform: AffineTransform_float_3_3
Parameters: 0.999999 -0.00173331 -0.000230983 0.00173508 0.99998 0.00607435 0.00022054 -0.00607499 0.999981 0.0885586 -0.0662417 0.0371282
FixedParameters: 0 0 0

#Transform 83
Transform: AffineTransform_float_3_3
Parameters: 0.999999 -0.00173891 -0.000429401 0.001741 0.99998 0.00596988 0.000419396 -0.00597084 0.999982 0.0807586 -0.0388788 -0.00106792
FixedParameters: 0 0 0

#Transform 84
Transform: AffineTransform_float_3_3
Parameters: 0.999998 -0.00153556 -0.000550162 0.00153814 0.999987 0.00490172 0.000543074 -0.00490315 0.999988 0.0806045 -0.0157889 -0.0150808
FixedParameters: 0 0 0

#Transform 85
Transform: AffineTransform_float_3_3
Parameters: 0.999999 -0.00170619 -0.000693842 0.001708 0.999995 0.00278525 0.000689607 -0.00278626 0.999996 0.0981011 0.0201105 -0.0649874
FixedParameters: 0 0 0

#Transform 86
Transform: AffineTransform_float_3_3
Parameters: 0.999998 -0.00185186 -0.000282376 0.00185331 0.999992 0.00359268 0.000275484 -0.00359356 0.999994 0.0987668 -0.0285666 -0.00723891
FixedParameters: 0 0 0

#Transform 87
Transform: AffineTransform_float_3_3
Parameters: 0.999999 -0.00176432 -0.000320122 0.00176621 0.999987 0.00469175 0.000311975 -0.00469253 0.999989 0.0921906 -0.037655 -0.00417888
FixedParameters: 0 0 0

#Transform 88
Transform: AffineTransform_float_3_3
Parameters: 0.999999 -0.001756 -0.000272692 0.00175732 0.999991 0.00397734 0.000265068 -0.00397768 0.999992 0.0870404 -0.0436595 0.0167038
FixedParameters: 0 0 0

#Transform 89
Transform: AffineTransform_float_3_3
Parameters: 0.999999 -0.00173027 -0.000120833 0.0017318 0.999992 0.00383496 0.00011425 -0.00383515 0.999993 0.085284 -0.0347915 0.012199
FixedParameters: 0 0 0

#Transform 90
Transform: AffineTransform_float_3_3
Parameters: 0.999999 -0.00171111 6.62332e-05 0.00171042 0.999988 0.0045112 -7.37153e-05 -0.00451065 0.99999 0.0806054 -0.0324035 -0.00493046
FixedParameters: 0 0 0

#Transform 91
Transform: AffineTransform_float_3_3
Parameters: 0.999998 -0.00181202 -0.000249223 0.00181281 0.99999 0.00411989 0.000241968 -0.00412053 0.999992 0.090268 -0.0389999 0.00845049
FixedParameters: 0 0 0

#Transform 92
Transform: AffineTransform_float_3_3
Parameters: 0.999999 -0.00172675 0.00012352 0.00172667 0.999988 0.00467254 -0.00013143 -0.00467172 0.999989 0.0805661 -0.0258436 -0.00436697
FixedParameters: 0 0 0

#Transform 93
Transform: AffineTransform_float_3_3
Parameters: 0.999998 -0.00202917 0.00041449 0.00202718 0.999989 0.00421374 -0.000423128 -0.00421254 0.999991 0.0823359 -0.0376456 0.00678773
FixedParameters: 0 0 0

#Transform 94
Transform: AffineTransform_float_3_3
Parameters: 0.999998 -0.00212764 0.000363613 0.00212592 0.99999 0.00398289 -0.000372893 -0.00398191 0.999992 0.0884854 -0.0325551 0.0295887
FixedParameters: 0 0 0

#Transform 95
Transform: AffineTransform_float_3_3
Parameters: 0.999998 -0.00234954 0.00051588 0.00234672 0.999987 0.004642 -0.000526036 -0.00464153 0.999989 0.0828471 -0.042027 0.0188812
FixedParameters: 0 0 0

#Transform 96
Transform: AffineTransform_float_3_3
Parameters: 0.999997 -0.00237751 0.000459172 0.00237524 0.999987 0.00454467 -0.000469244 -0.00454356 0.99999 0.0899989 -0.0497095 0.034657
FixedParameters: 0 0 0

#Transform 97
Transform: AffineTransform_float_3_3
Parameters: 0.999997 -0.00244531 0.000492811 0.00244259 0.999987 0.00442565 -0.000503592 -0.00442528 0.99999 0.0884687 -0.0560134 0.0327878
FixedParameters: 0 0 0

#Transform 98
Transform: AffineTransform_float_3_3
Parameters: 0.999997 -0.00246896 0.000669209 0.00246556 0.999985 0.00487435 -0.000681343 -0.00487293 0.999988 0.0840405 -0.0582857 0.0226929
FixedParameters: 0 0 0

#Transform 99
Transform: AffineTransform_float_3_3
Parameters: 0.999997 -0.00240976 0.000480587 0.00240815 0.999987 0.00436373 -0.000491342 -0.00436259 0.99999 0.0991138 -0.0578616 0.0265453
FixedParameters: 0 0 0

#Transform 100
Transform: AffineTransform_float_3_3
Parameters: 0.999997 -0.00258506 0.000823064 0.00258108 0.999984 0.00507209 -0.000836957 -0.00507054 0.999987 0.0882962 -0.049188 0.0198299
FixedParameters: 0 0 0

#Transform 101
Transform: AffineTransform_float_3_3
Parameters: 0.999997 -0.00269274 0.000650563 0.00269024 0.999985 0.00460283 -0.000663311 -0.0046012 0.999989 0.0981446 -0.0521161 0.0185013
FixedParameters: 0 0 0

#Transform 102
Transform: AffineTransform_float_3_3
Parameters: 0.999996 -0.00266039 0.000707387 0.00265762 0.999986 0.00459778 -0.00071903 -0.00459535 0.999989 0.0990846 -0.0458768 0.0206969
FixedParameters: 0 0 0

#Transform 103
Transform: AffineTransform_float_3_3
Parameters: 0.999996 -0.00259406 0.000683106 0.00259147 0.999987 0.00438572 -0.000693834 -0.0043836 0.99999 0.0899754 -0.0447872 0.0169148
FixedParameters: 0 0 0

#Transform 104
Transform: AffineTransform_float_3_3
Parameters: 0.999997 -0.00247731 0.000581663 0.00247542 0.999989 0.00399716 -0.000591135 -0.00399545 0.999992 0.0946426 -0.0392073 0.00955594
FixedParameters: 0 0 0

#Transform 105
Transform: AffineTransform_float_3_3
Parameters: 0.999997 -0.00252886 0.00064372 0.00252536 0.999987 0.00438452 -0.00065418 -0.00438322 0.99999 0.0963836 -0.0325392 -0.0060466
FixedParameters: 0 0 0

#Transform 106
Transform: AffineTransform_float_3_3
Parameters: 0.999996 -0.00255408 0.000674308 0.00255161 0.999988 0.00418012 -0.000684415 -0.00417864 0.999991 0.0987559 -0.0369453 -0.0158263
FixedParameters: 0 0 0

#Transform 107
Transform: AffineTransform_float_3_3
Parameters: 0.999996 -0.0026466 0.000741814 0.00264371 0.999989 0.00402693 -0.000751895 -0.00402451 0.999992 0.103867 -0.0404274 0.000123944
FixedParameters: 0 0 0

#Transform 108
Transform: AffineTransform_float_3_3
Parameters: 0.999997 -0.00261111 0.000914203 0.00260745 0.999987 0.00441114 -0.000925595 -0.00440915 0.99999 0.0967677 -0.0405571 -0.00415998
FixedParameters: 0 0 0

#Transform 109
Transform: AffineTransform_float_3_3
Parameters: 0.999997 -0.0026778 0.000700022 0.002674 0.999984 0.00483794 -0.000712571 -0.00483596 0.999988 0.0954435 -0.0496457 0.0129163
FixedParameters: 0 0 0

#Transform 110
Transform: AffineTransform_float_3_3
Parameters: 0.999996 -0.00258558 0.000806757 0.00258123 0.999986 0.00468385 -0.00081892 -0.00468245 0.999989 0.0972038 -0.0545536 0.0362682
FixedParameters: 0 0 0

#Transform 111
Transform: AffineTransform_float_3_3
Parameters: 0.999997 -0.00253328 0.000534377 0.00253124 0.999985 0.00483279 -0.000546935 -0.00483196 0.999988 0.103376 -0.04593 0.0195177
FixedParameters: 0 0 0

#Transform 112
Transform: AffineTransform_float_3_3
Parameters: 0.999996 -0.00260031 0.000471646 0.00259703 0.999984 0.00492983 -0.000484427 -0.00492834 0.999988 0.106627 -0.029058 -0.0282659
FixedParameters: 0 0 0

#Transform 113
Transform: AffineTransform_float_3_3
Parameters: 0.999996 -0.00268079 0.000693234 0.00267807 0.999984 0.00495196 -0.000706154 -0.00494995 0.999988 0.11264 -0.0372698 -0.00232458
FixedParameters: 0 0 0

#Transform 114
Transform: AffineTransform_float_3_3
Parameters: 0.999996 -0.0026653 0.000624773 0.00266152 0.999985 0.00478623 -0.000637844 -0.00478431 0.999988 0.119471 -0.0515742 0.0110513
FixedParameters: 0 0 0

#Transform 115
Transform: AffineTransform_float_3_3
Parameters: 0.999996 -0.00274876 0.000552603 0.00274625 0.999984 0.00507997 -0.000566336 -0.00507904 0.999987 0.116358 -0.033357 0.00588723
FixedParameters: 0 0 0

#Transform 116
Transform: AffineTransform_float_3_3
Parameters: 0.999996 -0.00271787 0.000311863 0.00271643 0.999985 0.00465013 -0.000324253 -0.00464893 0.99999 0.113947 -0.00947493 -0.0368778
FixedParameters: 0 0 0

#Transform 117
Transform: AffineTransform_float_3_3
Parameters: 0.999996 -0.00278646 0.000572644 0.00278389 0.999985 0.00475784 -0.00058582 -0.00475596 0.999989 0.122115 -0.0574522 0.015621
FixedParameters: 0 0 0

#Transform 118
Transform: AffineTransform_float_3_3
Parameters: 0.999996 -0.00282064 0.000562969 0.00281695 0.999982 0.00541144 -0.000578036 -0.00541026 0.999985 0.119941 -0.052664 0.0145192
FixedParameters: 0 0 0

#Transform 119
Transform: AffineTransform_float_3_3
Parameters: 0.999996 -0.00288657 0.000410821 0.00288447 0.99998 0.00567586 -0.000427475 -0.00567406 0.999984 0.125162 -0.0290335 -0.0243296
FixedParameters: 0 0 0

#Transform 120
Transform: AffineTransform_float_3_3
Parameters: 0.999996 -0.00278952 0.000350075 0.00278753 0.999982 0.00522076 -0.000365457 -0.0052201 0.999986 0.129749 -0.0418878 0.0202381
FixedParameters: 0 0 0

#Transform 121
Transform: AffineTransform_float_3_3
Parameters: 0.999995 -0.00293871 0.000513094 0.00293587 0.999979 0.00574681 -0.000529827 -0.00574562 0.999984 0.122511 -0.0569165 0.0222497
FixedParameters: 0 0 0

#Transform 122
Transform: AffineTransform_float_3_3
Parameters: 0.999996 -0.00284939 0.000537661 0.00284573 0.99998 0.00555906 -0.000553996 -0.00555711 0.999984 0.119334 -0.0498616 0.0258516
FixedParameters: 0 0 0

#Transform 123
Transform: AffineTransform_float_3_3
Parameters: 0.999996 -0.0028903 0.000466471 0.00288793 0.999983 0.00498086 -0.000480627 -0.0049789 0.999987 0.133362 -0.0425516 0.0228277
FixedParameters: 0 0 0

#Transform 124
Transform: AffineTransform_float_3_3
Parameters: 0.999995 -0.00287435 0.000627053 0.00287097 0.999979 0.0058006 -0.000643871 -0.00579884 0.999983 0.113566 -0.050782 0.0252765
FixedParameters: 0 0 0

#Transform 125
Transform: AffineTransform_float_3_3
Parameters: 0.999997 -0.00221277 0.000919801 0.00220809 0.999985 0.00507259 -0.000931401 -0.00507046 0.999986 0.0857182 -0.066514 0.0519503
FixedParameters: 0 0 0

#Transform 126
Transform: AffineTransform_float_3_3
Parameters: 0.999997 -0.00232734 0.000796122 0.00232404 0.999988 0.00428587 -0.000806291 -0.00428382 0.999991 0.0996511 -0.0540704 0.0443737
FixedParameters: 0 0 0

#Transform 127
Transform: AffineTransform_float_3_3
Parameters: 0.999995 -0.00265007 0.00120997 0.00264403 0.999983 0.00524617 -0.00122344 -0.00524269 0.999986 0.0793919 -0.044568 0.0531482
FixedParameters: 0 0 0

#Transform 128
Transform: AffineTransform_float_3_3
Parameters: 0.999994 -0.00257902 0.0022404 0.00256718 0.999984 0.00503704 -0.00225383 -0.00503076 0.999985 0.0564779 -0.0585362 0.0618523
FixedParameters: 0 0 0

#Transform 129
Transform: AffineTransform_float_3_3
Parameters: 0.999994 -0.00281239 0.0016832 0.00280489 0.999987 0.00428397 -0.00169555 -0.00427992 0.999989 0.0930055 -0.0612279 0.0500743
FixedParameters: 0 0 0

#Transform 130
Transform: AffineTransform_float_3_3
Parameters: 0.999992 -0.00327084 0.0021958 0.00325847 0.99998 0.00539886 -0.00221303 -0.00539146 0.999983 0.0703701 -0.0525964 0.0481115
FixedParameters: 0 0 0

#Transform 131
Transform: AffineTransform_float_3_3
Parameters: 0.999993 -0.00330134 0.00202902 0.00329169 0.999984 0.00462069 -0.00204414 -0.00461411 0.999987 0.0947036 -0.0604388 0.049795
FixedParameters: 0 0 0

#Transform 132
Transform: AffineTransform_float_3_3
Parameters: 0.999991 -0.00349179 0.00239809 0.00347909 0.99998 0.00534438 -0.00241682 -0.00533541 0.999983 0.0883393 -0.0528933 0.0486755
FixedParameters: 0 0 0

#Transform 133
Transform: AffineTransform_float_3_3
Parameters: 0.999991 -0.0035775 0.0022013 0.00356681 0.999982 0.00481521 -0.00221774 -0.00480689 0.999986 0.0956185 -0.0649521 0.0493132
FixedParameters: 0 0 0

#Transform 134
Transform: AffineTransform_float_3_3
Parameters: 0.999991 -0.00358714 0.00239707 0.00357488 0.99998 0.0052704 -0.00241617 -0.00526185 0.999983 0.0941884 -0.0663243 0.0388083
FixedParameters: 0 0 0

#Transform 135
Transform: AffineTransform_float_3_3
Parameters: 0.999991 -0.00358363 0.00237664 0.00357003 0.999978 0.00550876 -0.00239608 -0.00550073 0.999982 0.0956402 -0.0780335 0.0342278
FixedParameters: 0 0 0

#Transform 136
Transform: AffineTransform_float_3_3
Parameters: 0.999992 -0.00345241 0.00193775 0.00344218 0.99998 0.00532409 -0.00195593 -0.00531718 0.999984 0.109382 -0.0789082 0.0373968
FixedParameters: 0 0 0

#Transform 137
Transform: AffineTransform_float_3_3
Parameters: 0.999991 -0.00349264 0.00216765 0.00347923 0.999974 0.00629265 -0.00218994 -0.00628494 0.999978 0.0995495 -0.0777807 0.0321928
FixedParameters: 0 0 0

#Transform 138
Transform: AffineTransform_float_3_3
Parameters: 0.999992 -0.00343679 0.00231254 0.00342267 0.999976 0.00604034 -0.00233312 -0.00603242 0.99998 0.0981355 -0.0840111 0.045465
FixedParameters: 0 0 0

#Transform 139
Transform: AffineTransform_float_3_3
Parameters: 0.999991 -0.0035197 0.00216219 0.00350732 0.999979 0.00540257 -0.00218066 -0.00539462 0.999983 0.098562 -0.0693772 0.0482954
FixedParameters: 0 0 0

#Transform 140
Transform: AffineTransform_float_3_3
Parameters: 0.999991 -0.00351187 0.00244732 0.00349963 0.999981 0.0050909 -0.00246517 -0.00508245 0.999983 0.0974779 -0.0698944 0.0449842
FixedParameters: 0 0 0

#Transform 141
Transform: AffineTransform_float_3_3
Parameters: 0.99999 -0.00370572 0.00246695 0.00369234 0.999979 0.00529507 -0.00248599 -0.0052862 0.999983 0.092751 -0.0657553 0.0528734
FixedParameters: 0 0 0

#Transform 142
Transform: AffineTransform_float_3_3
Parameters: 0.99999 -0.00361343 0.00252745 0.0036014 0.999982 0.00474199 -0.00254543 -0.0047331 0.999986 0.100534 -0.0719509 0.0508181
FixedParameters: 0 0 0

#Transform 143
Transform: AffineTransform_float_3_3
Parameters: 0.999988 -0.00389852 0.00276148 0.00388361 0.999978 0.00528181 -0.00278198 -0.00527097 0.999982 0.0897601 -0.0643162 0.0524941
FixedParameters: 0 0 0

#Transform 144
Transform: AffineTransform_float_3_3
Parameters: 0.999989 -0.00380364 0.00256366 0.00379116 0.999981 0.00480997 -0.00258162 -0.00480052 0.999985 0.0952329 -0.0702277 0.0507411
FixedParameters: 0 0 0

#Transform 145
Transform: AffineTransform_float_3_3
Parameters: 0.999989 -0.00379257 0.00253593 0.00378006 0.99998 0.00508209 -0.00255559 -0.00507237 0.999983 0.100054 -0.0744379 0.0502537
FixedParameters: 0 0 0

#Transform 146
Transform: AffineTransform_float_3_3
Parameters: 0.999989 -0.00383226 0.00268948 0.00381934 0.99998 0.00501338 -0.0027081 -0.00500266 0.999984 0.0931547 -0.0628259 0.0421861
FixedParameters: 0 0 0

#Transform 147
Transform: AffineTransform_float_3_3
Parameters: 0.999989 -0.00386716 0.00271203 0.00385432 0.999982 0.00457117 -0.00272951 -0.00455987 0.999985 0.101923 -0.0631705 0.049022
FixedParameters: 0 0 0

#Transform 148
Transform: AffineTransform_float_3_3
Parameters: 0.999988 -0.00386294 0.00305966 0.00384723 0.999979 0.00504159 -0.00307916 -0.00502967 0.999982 0.0949107 -0.0685703 0.040068
FixedParameters: 0 0 0

#Transform 149
Transform: AffineTransform_float_3_3
Parameters: 0.999988 -0.00393214 0.00302196 0.00391757 0.999981 0.00470845 -0.00303982 -0.00469601 0.999985 0.0963639 -0.0715657 0.0505112
FixedParameters: 0 0 0

#Transform 150
Transform: AffineTransform_float_3_3
Parameters: 0.999988 -0.00386746 0.00311786 0.00385407 0.999983 0.00440271 -0.00313479 -0.00439146 0.999985 0.0960007 -0.0677668 0.0555963
FixedParameters: 0 0 0

#Transform 151
Transform: AffineTransform_float_3_3
Parameters: 0.999987 -0.00394297 0.00327121 0.00392736 0.999982 0.0046767 -0.0032893 -0.00466405 0.999984 0.0865148 -0.0638019 0.045781
FixedParameters: 0 0 0

#Transform 152
Transform: AffineTransform_float_3_3
Parameters: 0.999987 -0.00395103 0.00322736 0.00393829 0.999984 0.00412912 -0.00324361 -0.00411656 0.999986 0.0945938 -0.0779881 0.068611
FixedParameters: 0 0 0

#Transform 153
Transform: AffineTransform_float_3_3
Parameters: 0.999987 -0.00392821 0.00334944 0.00391219 0.999982 0.00458098 -0.00336742 -0.00456791 0.999984 0.08202 -0.0676649 0.0539014
FixedParameters: 0 0 0

#Transform 154
Transform: AffineTransform_float_3_3
Parameters: 0.999987 -0.00396084 0.00327467 0.00394594 0.999982 0.00450049 -0.00329234 -0.00448732 0.999985 0.0895788 -0.0693037 0.0537993
FixedParameters: 0 0 0

#Transform 155
Transform: AffineTransform_float_3_3
Parameters: 0.999987 -0.00402371 0.00318519 0.00400927 0.999981 0.00461949 -0.00320355 -0.00460607 0.999984 0.100513 -0.0733823 0.0543297
FixedParameters: 0 0 0

#Transform 156
Transform: AffineTransform_float_3_3
Parameters: 0.999986 -0.00422397 0.00337884 0.0042063 0.999978 0.00522406 -0.00340115 -0.00521009 0.999981 0.08744 -0.0794726 0.04228
FixedParameters: 0 0 0

#Transform 157
Transform: AffineTransform_float_3_3
Parameters: 0.999986 -0.00422521 0.00338453 0.00420928 0.99998 0.00474155 -0.00340393 -0.00472633 0.999983 0.104958 -0.0708666 0.0505292
FixedParameters: 0 0 0

#Transform 158
Transform: AffineTransform_float_3_3
Parameters: 0.999986 -0.00389387 0.00339141 0.00387705 0.999981 0.0048727 -0.00341016 -0.00486026 0.999982 0.0790598 -0.061468 0.0534593
FixedParameters: 0 0 0

#Transform 159
Transform: AffineTransform_float_3_3
Parameters: 0.999987 -0.00387699 0.00335369 0.00386145 0.999982 0.00444359 -0.00337105 -0.00443002 0.999985 0.0963816 -0.0674014 0.0525196
FixedParameters: 0 0 0

#Transform 160
Transform: AffineTransform_float_3_3
Parameters: 0.999986 -0.00387297 0.00342185 0.0038568 0.99998 0.00487605 -0.0034411 -0.00486222 0.999983 0.0836779 -0.0578263 0.0506113
FixedParameters: 0 0 0

#Transform 161
Transform: AffineTransform_float_3_3
Parameters: 0.999987 -0.00386397 0.00337286 0.00385035 0.999984 0.00409592 -0.00338811 -0.00408326 0.999986 0.0997315 -0.071841 0.0596393
FixedParameters: 0 0 0

#Transform 162
Transform: AffineTransform_float_3_3
Parameters: 0.999987 -0.00370751 0.00358398 0.00369476 0.999986 0.00376263 -0.0035977 -0.00374924 0.999986 0.0701797 -0.0324746 0.0428616
FixedParameters: 0 0 0

#Transform 163
Transform: AffineTransform_float_3_3
Parameters: 0.999984 -0.00371033 0.00417638 0.00369327 0.999986 0.00392925 -0.00419089 -0.00391366 0.999984 0.0651757 -0.0693502 0.0617902
FixedParameters: 0 0 0

#Transform 164
Transform: AffineTransform_float_3_3
Parameters: 0.999985 -0.00404091 0.00375934 0.0040273 0.999986 0.00355465 -0.00377395 -0.00353974 0.999987 0.0928044 -0.0725454 0.0551636
FixedParameters: 0 0 0

#Transform 165
Transform: AffineTransform_float_3_3
Parameters: 0.999986 -0.00391904 0.00371237 0.00390735 0.999988 0.00320706 -0.00372518 -0.00319227 0.999988 0.0980614 -0.0666462 0.0631981
FixedParameters: 0 0 0

#Transform 166
Transform: AffineTransform_float_3_3
Parameters: 0.999984 -0.00410978 0.00392373 0.00409554 0.999985 0.00363721 -0.00393767 -0.00362159 0.999986 0.0862095 -0.0526984 0.043438
FixedParameters: 0 0 0

#Transform 167
Transform: AffineTransform_float_3_3
Parameters: 0.999984 -0.00416807 0.00386627 0.00415514 0.999986 0.00317676 -0.00387969 -0.00316015 0.999988 0.102142 -0.0612029 0.0455927
FixedParameters: 0 0 0

#Transform 168
Transform: AffineTransform_float_3_3
Parameters: 0.999982 -0.0043189 0.00407121 0.00430505 0.999984 0.00357074 -0.00408649 -0.00355311 0.999986 0.0904352 -0.0446577 0.0409351
FixedParameters: 0 0 0

#Transform 169
Transform: AffineTransform_float_3_3
Parameters: 0.999982 -0.00440411 0.0040082 0.00439143 0.999985 0.00319659 -0.00402278 -0.00317859 0.999987 0.100329 -0.0463076 0.036447
FixedParameters: 0 0 0

#Transform 170
Transform: AffineTransform_float_3_3
Parameters: 0.999982 -0.00437779 0.00420342 0.00436355 0.999985 0.00337447 -0.00421755 -0.00335615 0.999985 0.0951391 -0.0460843 0.0314911
FixedParameters: 0 0 0

#Transform 171
Transform: AffineTransform_float_3_3
Parameters: 0.999983 -0.00430991 0.00403754 0.00429617 0.999985 0.00337842 -0.00405222 -0.0033613 0.999986 0.0930983 -0.0407597 0.0371395
FixedParameters: 0 0 0

#Transform 172
Transform: AffineTransform_float_3_3
Parameters: 0.999982 -0.00441063 0.00418565 0.00439705 0.999985 0.00310961 -0.0041988 -0.00309133 0.999986 0.102595 -0.0501551 0.0301388
FixedParameters: 0 0 0

#Transform 173
Transform: AffineTransform_float_3_3
Parameters: 0.99998 -0.00454281 0.00443891 0.00452798 0.999984 0.00331237 -0.00445337 -0.00329232 0.999985 0.0896703 -0.0485573 0.022272
FixedParameters: 0 0 0

#Transform 174
Transform: AffineTransform_float_3_3
Parameters: 0.999981 -0.0045011 0.00418013 0.0044892 0.999985 0.00301459 -0.0041935 -0.00299561 0.999987 0.10166 -0.0505598 0.0218733
FixedParameters: 0 0 0

#Transform 175
Transform: AffineTransform_float_3_3
Parameters: 0.99998 -0.00451643 0.00446433 0.0045021 0.999986 0.00311368 -0.00447854 -0.00309335 0.999985 0.0951182 -0.0440832 0.0239795
FixedParameters: 0 0 0

#Transform 176
Transform: AffineTransform_float_3_3
Parameters: 0.99998 -0.00459878 0.00430196 0.00458548 0.999984 0.00310094 -0.00431658 -0.00308091 0.999985 0.100991 -0.0344025 0.0196555
FixedParameters: 0 0 0

#Transform 177
Transform: AffineTransform_float_3_3
Parameters: 0.99998 -0.00462399 0.00423874 0.00460943 0.999984 0.00323348 -0.00425343 -0.00321371 0.999986 0.112768 -0.0481213 0.0309203
FixedParameters: 0 0 0

#Transform 178
Transform: AffineTransform_float_3_3
Parameters: 0.99998 -0.00466082 0.00434734 0.00464534 0.999983 0.00362645 -0.00436434 -0.00360647 0.999984 0.10892 -0.0507558 0.0244278
FixedParameters: 0 0 0

#Transform 179
Transform: AffineTransform_float_3_3
Parameters: 0.99998 -0.00460259 0.00421751 0.00458741 0.999983 0.00353079 -0.00423356 -0.00351213 0.999985 0.107493 -0.035907 0.0199245
FixedParameters: 0 0 0

#Transform 180
Transform: AffineTransform_float_3_3
Parameters: 0.999981 -0.00457164 0.00402938 0.00455865 0.999984 0.00334285 -0.00404456 -0.00332356 0.999986 0.117424 -0.0355566 0.020146
FixedParameters: 0 0 0

#Transform 181
Transform: AffineTransform_float_3_3
Parameters: 0.999982 -0.00448415 0.00401258 0.00446884 0.999983 0.00375971 -0.00402925 -0.00374156 0.999985 0.118972 -0.0584942 0.0490377
FixedParameters: 0 0 0

#Transform 182
Transform: AffineTransform_float_3_3
Parameters: 0.999982 -0.00454174 0.00386676 0.00452817 0.999984 0.00335987 -0.00388228 -0.00334237 0.999987 0.120857 -0.0186745 -0.00460251
FixedParameters: 0 0 0

#Transform 183
Transform: AffineTransform_float_3_3
Parameters: 0.999981 -0.0046458 0.00408643 0.00462906 0.999981 0.00406726 -0.00410585 -0.00404875 0.999983 0.118218 -0.0495896 0.0267746
FixedParameters: 0 0 0

#Transform 184
Transform: AffineTransform_float_3_3
Parameters: 0.999981 -0.00464977 0.00410523 0.00463342 0.999982 0.00386015 -0.00412304 -0.00384149 0.999984 0.114191 -0.0436121 0.0171218
FixedParameters: 0 0 0

#Transform 185
Transform: AffineTransform_float_3_3
Parameters: 0.999981 -0.00461328 0.00406708 0.00459684 0.999981 0.00406286 -0.00408626 -0.0040439 0.999983 0.114759 -0.0431506 0.0247354
FixedParameters: 0 0 0

#Transform 186
Transform: AffineTransform_float_3_3
Parameters: 0.999981 -0.00460925 0.00403085 0.00459082 0.99998 0.00449036 -0.00405149 -0.00447151 0.999982 0.112183 -0.0616433 0.0328276
FixedParameters: 0 0 0

#Transform 187
Transform: AffineTransform_float_3_3
Parameters: 0.999983 -0.00434425 0.00386126 0.00432705 0.99998 0.00460323 -0.00388122 -0.00458713 0.999982 0.118833 -0.0666045 0.0306624
FixedParameters: 0 0 0

#Transform 188
Transform: AffineTransform_float_3_3
Parameters: 0.999985 -0.00426946 0.00344915 0.00425189 0.999978 0.00488739 -0.00347013 -0.00487266 0.999982 0.124377 -0.0637583 0.056166
FixedParameters: 0 0 0

#Transform 189
Transform: AffineTransform_float_3_3
Parameters: 0.999985 -0.00415991 0.00353023 0.0041428 0.999979 0.00490427 -0.00355006 -0.00488914 0.999982 0.111165 -0.0661551 0.0439331
FixedParameters: 0 0 0
