#Insight Transform File V1.0
#Transform 0
Transform: AffineTransform_float_3_3
Parameters: 0.999999 0.000927851 -0.00124322 -0.000928382 1 -0.000580871 0.00124174 0.000582273 0.999998 0.0278161 0.0671467 -0.142366
FixedParameters: 0 0 0

#Transform 1
Transform: AffineTransform_float_3_3
Parameters: 0.999999 0.000805837 -0.00142158 -0.000807042 0.999999 -0.000992286 0.00142037 0.000994193 0.999998 0.0541436 0.0745646 -0.153184
FixedParameters: 0 0 0

#Transform 2
Transform: AffineTransform_float_3_3
Parameters: 0.999998 0.000901624 -0.00165619 -0.000903159 0.999999 -0.000947246 0.00165496 0.000948505 0.999999 0.0602735 0.0733672 -0.12509
FixedParameters: 0 0 0

#Transform 3
Transform: AffineTransform_float_3_3
Parameters: 0.999996 0.000909381 -0.0027301 -0.000914452 0.999999 -0.00162754 0.00272886 0.00163003 0.999995 0.0916815 0.0833258 -0.111854
FixedParameters: 0 0 0

#Transform 4
Transform: AffineTransform_float_3_3
Parameters: 0.999998 0.0010668 -0.00191624 -0.00106944 0.999999 -0.00128174 0.00191496 0.00128285 0.999998 0.0550885 0.0585667 -0.0897954
FixedParameters: 0 0 0

#Transform 5
Transform: AffineTransform_float_3_3
Parameters: 0.999998 0.000926043 -0.00181066 -0.000928966 0.999998 -0.00139023 0.0018094 0.00139194 0.999997 0.0564876 0.0257739 -0.0476471
FixedParameters: 0 0 0

#Transform 6
Transform: AffineTransform_float_3_3
Parameters: 0.999998 0.000843667 -0.00182024 -0.000841335 0.999998 0.00147352 0.00182125 -0.00147158 0.999997 0.042148 -0.00921384 0.00162734
FixedParameters: 0 0 0

#Transform 7
Transform: AffineTransform_float_3_3
Parameters: 0.999997 0.0011761 -0.00174505 -0.00117709 0.999999 -0.000888783 0.00174429 0.000891248 0.999998 0.02941 0.00205294 -0.0126717
FixedParameters: 0 0 0

#Transform 8
Transform: AffineTransform_float_3_3
Parameters: 0.999999 0.000996185 -0.00105718 -0.000997868 0.999998 -0.00167073 0.00105511 0.00167164 0.999998 -0.000367452 0.0765166 -0.0442155
FixedParameters: 0 0 0

#Transform 9
Transform: AffineTransform_float_3_3
Parameters: 0.999999 0.0010844 -0.000855464 -0.00108492 0.999999 -0.0013303 0.000853816 0.00133142 0.999999 -0.0108018 0.0334558 -0.0108415
FixedParameters: 0 0 0

#Transform 10
Transform: AffineTransform_float_3_3
Parameters: 0.999999 0.00117926 -0.000821155 -0.0011794 0.999999 -0.000955261 0.000819346 0.00095638 0.999999 -0.0100809 -0.0384166 0.0310478
FixedParameters: 0 0 0

#Transform 11
Transform: AffineTransform_float_3_3
Parameters: 0.999999 0.000874747 -0.000821727 -0.000874844 1 -0.000615807 0.000820247 0.000616339 0.999999 0.0121588 -0.0277308 0.0232834
FixedParameters: 0 0 0

#Transform 12
Transform: AffineTransform_float_3_3
Parameters: 0.999999 0.000910779 -0.000550749 -0.000910408 0.999999 0.00089221 0.00055159 -0.000892183 0.999999 -0.0129861 -0.0410169 0.0534746
FixedParameters: 0 0 0

#Transform 13
Transform: AffineTransform_float_3_3
Parameters: 1 0.000874103 -0.000677206 -0.000873899 1 0.000473394 0.000677304 -0.000473181 1 -0.00306345 -0.048765 0.0623458
FixedParameters: 0 0 0

#Transform 14
Transform: AffineTransform_float_3_3
Parameters: 0.999999 0.000735603 -0.000423334 -0.00073505 0.999999 0.00158099 0.000424821 -0.00158135 0.999999 -0.0137727 -0.0409528 0.0358815
FixedParameters: 0 0 0

#Transform 15
Transform: AffineTransform_float_3_3
Parameters: 0.999999 0.00060792 -0.000710166 -0.000607352 1 0.00083116 0.000710392 -0.000831273 0.999999 0.000550541 -0.0426898 0.0633445
FixedParameters: 0 0 0

#Transform 16
Transform: AffineTransform_float_3_3
Parameters: 1 0.000368047 -0.000596344 -0.000366996 0.999999 0.00145569 0.000596511 -0.00145535 0.999999 0.0057507 -0.0322057 0.0335364
FixedParameters: 0 0 0

#Transform 17
Transform: AffineTransform_float_3_3
Parameters: 0.999999 0.000785226 -0.000120026 -0.000785224 0.999998 -0.00138989 0.000118636 0.00139016 0.999999 -0.0284911 -0.0366711 0.037623
FixedParameters: 0 0 0

#Transform 18
Transform: AffineTransform_float_3_3
Parameters: 0.999999 0.000735617 -0.000476271 -0.000736112 0.999999 -0.00104041 0.000475667 0.00103986 0.999999 -0.00970232 -0.0272479 0.0245827
FixedParameters: 0 0 0

#Transform 19
Transform: AffineTransform_float_3_3
Parameters: 0.999999 0.000757235 -0.000464665 -0.00075763 0.999999 -0.000860493 0.000464273 0.000860399 0.999999 0.00292984 -0.0232519 0.00138306
FixedParameters: 0 0 0

#Transform 20
Transform: AffineTransform_float_3_3
Parameters: 0.999999 0.000712693 -0.000578606 -0.000712934 1 -0.000557988 0.000578722 0.000558016 1 0.0111071 -0.0304496 -0.000834769
FixedParameters: 0 0 0

#Transform 21
Transform: AffineTransform_float_3_3
Parameters: 1 -0.000501387 0.000244651 0.000500958 0.999998 0.00155418 -0.000245416 -0.00155385 0.999999 0.00401427 -0.0262802 0.0280486
FixedParameters: 0 0 0

#Transform 22
Transform: AffineTransform_float_3_3
Parameters: 0.999999 -0.00063448 0.000226486 0.000634279 0.999999 0.00117564 -0.000227184 -0.00117527 1 0.0187332 -0.0422116 0.0271218
FixedParameters: 0 0 0

#Transform 23
Transform: AffineTransform_float_3_3
Parameters: 0.999999 -0.000639844 0.000490867 0.000638823 0.999999 0.00137814 -0.000491836 -0.00137743 0.999999 0.0161096 -0.0449234 0.0171988
FixedParameters: 0 0 0

#Transform 24
Transform: AffineTransform_float_3_3
Parameters: 0.999999 -0.000795531 0.000244672 0.000795166 0.999998 0.0014218 -0.00024614 -0.00142132 0.999999 0.0278242 -0.0371963 0.00603328
FixedParameters: 0 0 0

#Transform 25
Transform: AffineTransform_float_3_3
Parameters: 0.999999 -0.000871531 -1.06849e-05 0.000870959 0.999999 0.00139074 9.5593e-06 -0.0013902 0.999999 0.0295243 -0.0299925 0.0191961
FixedParameters: 0 0 0

#Transform 26
Transform: AffineTransform_float_3_3
Parameters: 0.999999 -0.000767449 9.42913e-06 0.00076757 0.999998 0.00174249 -1.13655e-05 -0.00174239 0.999999 0.0289238 -0.0355181 0.0283605
FixedParameters: 0 0 0

#Transform 27
Transform: AffineTransform_float_3_3
Parameters: 1 -0.000512039 0.000120393 0.00051201 0.999999 0.00149621 -0.000121132 -0.001496 0.999999 0.0202804 -0.0523558 0.0374408
FixedParameters: 0 0 0

#Transform 28
Transform: AffineTransform_float_3_3
Parameters: 0.999999 -0.000563628 0.000348331 0.000563378 1 0.000939018 -0.000348478 -0.000939423 0.999999 0.0106589 -0.042993 0.0478965
FixedParameters: 0 0 0

#Transform 29
Transform: AffineTransform_float_3_3
Parameters: 0.999999 -0.000617166 0.00030944 0.00061712 1 0.000728146 -0.000309427 -0.000728562 1 0.0154152 -0.0392031 0.074152
FixedParameters: 0 0 0

#Transform 30
Transform: AffineTransform_float_3_3
Parameters: 1 -0.000548533 0.00039343 0.000547808 1 0.000788938 -0.000394232 -0.000789393 0.999999 0.0211367 -0.0477968 0.0614988
FixedParameters: 0 0 0

#Transform 31
Transform: AffineTransform_float_3_3
Parameters: 1 -0.000615183 0.000809063 0.000614021 0.999999 0.00134759 -0.000809024 -0.00134642 0.999999 0.00814138 -0.0351131 0.0298726
FixedParameters: 0 0 0

#Transform 32
Transform: AffineTransform_float_3_3
Parameters: 0.999999 -0.000638057 0.000540012 0.00063707 1 0.000816577 -0.00054099 -0.000816774 0.999999 0.0168701 -0.0480033 0.0470845
FixedParameters: 0 0 0

#Transform 33
Transform: AffineTransform_float_3_3
Parameters: 1 -0.000605851 0.000867421 0.000604857 0.999998 0.00140303 -0.000868776 -0.00140237 0.999999 -0.0110293 -0.0322972 0.0438061
FixedParameters: 0 0 0

#Transform 34
Transform: AffineTransform_float_3_3
Parameters: 0.999999 -0.000536527 0.000751994 0.00053666 1 0.000471521 -0.00075302 -0.000470736 0.999999 -0.00441639 -0.0494701 0.0729515
FixedParameters: 0 0 0

#Transform 35
Transform: AffineTransform_float_3_3
Parameters: 1 -0.000724847 0.00094285 0.000722997 0.999999 0.00125117 -0.000943813 -0.00124971 0.999999 -0.0101267 -0.0328204 0.048242
FixedParameters: 0 0 0

#Transform 36
Transform: AffineTransform_float_3_3
Parameters: 1 -0.000706941 0.000824295 0.000706231 1 0.000474307 -0.000824847 -0.000474024 0.999999 0.00965908 -0.0476435 0.0651659
FixedParameters: 0 0 0

#Transform 37
Transform: AffineTransform_float_3_3
Parameters: 0.999999 -0.000695508 0.00102139 0.000693862 0.999999 0.00105547 -0.00102201 -0.00105396 0.999999 -0.0036769 -0.0383213 0.0441398
FixedParameters: 0 0 0

#Transform 38
Transform: AffineTransform_float_3_3
Parameters: 1 -0.000695975 0.000798097 0.000695269 1 0.000806114 -0.000798252 -0.000805796 0.999999 -0.00636096 -0.0632159 0.0681831
FixedParameters: 0 0 0

#Transform 39
Transform: AffineTransform_float_3_3
Parameters: 0.999999 -0.000381307 0.0012561 0.000379545 0.999999 0.00127552 -0.00125672 -0.00127495 0.999998 -0.031134 -0.0468632 0.0537186
FixedParameters: 0 0 0

#Transform 40
Transform: AffineTransform_float_3_3
Parameters: 0.999999 -0.000441834 0.00119444 0.000440922 1 0.000985556 -0.00119497 -0.000984892 0.999999 -0.0171671 -0.0563551 0.0581817
FixedParameters: 0 0 0

#Transform 41
Transform: AffineTransform_float_3_3
Parameters: 0.999999 -0.000645608 0.00132205 0.000644051 0.999999 0.00113438 -0.00132316 -0.00113307 0.999998 -0.0228395 -0.0384164 0.0410903
FixedParameters: 0 0 0

#Transform 42
Transform: AffineTransform_float_3_3
Parameters: 0.999999 -0.000521609 0.00140956 0.000520138 0.999998 0.00124633 -0.00140965 -0.00124562 0.999998 -0.0401938 -0.0471624 0.0464583
FixedParameters: 0 0 0

#Transform 43
Transform: AffineTransform_float_3_3
Parameters: 0.999998 -0.00080781 0.00133985 0.000806445 1 0.00100866 -0.00134107 -0.00100778 0.999999 -0.0115233 -0.0593611 0.0374032
FixedParameters: 0 0 0

#Transform 44
Transform: AffineTransform_float_3_3
Parameters: 0.999999 -0.000817926 0.00151844 0.000815995 0.999999 0.00133153 -0.00151929 -0.00133069 0.999998 -0.0226702 -0.0452949 0.036611
FixedParameters: 0 0 0

#Transform 45
Transform: AffineTransform_float_3_3
Parameters: 0.999998 -0.000869973 0.00165609 0.000868376 0.999999 0.00112039 -0.00165671 -0.00111915 0.999998 -0.0208976 -0.0592792 0.0489866
FixedParameters: 0 0 0

#Transform 46
Transform: AffineTransform_float_3_3
Parameters: 0.999998 -0.000712334 0.00147689 0.000710857 0.999999 0.00101885 -0.00147798 -0.0010176 0.999999 -0.0145046 -0.0625205 0.0578508
FixedParameters: 0 0 0

#Transform 47
Transform: AffineTransform_float_3_3
Parameters: 0.999998 -0.000588649 0.00180094 0.000586142 0.999999 0.00114111 -0.0018018 -0.00114072 0.999998 -0.0313551 -0.055253 0.0627066
FixedParameters: 0 0 0

#Transform 48
Transform: AffineTransform_float_3_3
Parameters: 0.999999 -0.000526857 0.00124239 0.000526006 1 0.000718091 -0.00124365 -0.000717262 0.999999 -0.00884345 -0.0947601 0.0903513
FixedParameters: 0 0 0

#Transform 49
Transform: AffineTransform_float_3_3
Parameters: 0.999999 -0.000608276 0.00151023 0.000605976 0.999998 0.00171582 -0.00151162 -0.00171476 0.999998 -0.0249482 -0.0692038 0.0691466
FixedParameters: 0 0 0

#Transform 50
Transform: AffineTransform_float_3_3
Parameters: 0.999999 -0.000291948 0.0013871 0.000289497 0.999999 0.00140307 -0.00138757 -0.00140266 0.999998 -0.0146375 -0.0959536 0.090229
FixedParameters: 0 0 0

#Transform 51
Transform: AffineTransform_float_3_3
Parameters: 0.999999 -0.000651522 0.00154218 0.000648605 0.999998 0.00160743 -0.00154306 -0.00160618 0.999998 -0.0164023 -0.0645396 0.0634409
FixedParameters: 0 0 0

#Transform 52
Transform: AffineTransform_float_3_3
Parameters: 0.999998 -0.000679682 0.00179087 0.000676438 0.999998 0.0016184 -0.00179101 -0.00161664 0.999997 -0.0293963 -0.0589444 0.0512223
FixedParameters: 0 0 0

#Transform 53
Transform: AffineTransform_float_3_3
Parameters: 0.999999 -0.000850504 0.00148983 0.000847997 0.999999 0.00109688 -0.0014907 -0.00109606 0.999999 -0.014905 -0.0741277 0.0741323
FixedParameters: 0 0 0

#Transform 54
Transform: AffineTransform_float_3_3
Parameters: 0.999998 -0.000512918 0.0018136 0.00051031 0.999998 0.0017461 -0.00181522 -0.00174504 0.999997 -0.0360193 -0.0590714 0.0615438
FixedParameters: 0 0 0

#Transform 55
Transform: AffineTransform_float_3_3
Parameters: 0.999999 -0.000774149 0.00158409 0.000771927 0.999999 0.00136825 -0.00158488 -0.00136744 0.999998 -0.0148087 -0.0743914 0.0729
FixedParameters: 0 0 0

#Transform 56
Transform: AffineTransform_float_3_3
Parameters: 0.999998 -0.000651242 0.00190909 0.00064804 0.999998 0.00159397 -0.00191047 -0.00159227 0.999997 -0.0258794 -0.0653356 0.0594391
FixedParameters: 0 0 0

#Transform 57
Transform: AffineTransform_float_3_3
Parameters: 0.999998 -0.000923835 0.00169673 0.000921237 0.999999 0.00123808 -0.00169854 -0.00123667 0.999998 -0.0121759 -0.088421 0.071894
FixedParameters: 0 0 0

#Transform 58
Transform: AffineTransform_float_3_3
Parameters: 0.999997 -0.000969268 0.00187563 0.000965752 0.999999 0.0015899 -0.00187658 -0.00158782 0.999997 -0.0188904 -0.0777287 0.0650137
FixedParameters: 0 0 0

#Transform 59
Transform: AffineTransform_float_3_3
Parameters: 0.999998 -0.000956882 0.00194441 0.000954682 0.999998 0.00117815 -0.00194527 -0.00117653 0.999997 -0.0192474 -0.0808546 0.0684624
FixedParameters: 0 0 0

#Transform 60
Transform: AffineTransform_float_3_3
Parameters: 0.999997 -0.00115427 0.00198031 0.00115148 0.999999 0.00138437 -0.0019812 -0.00138223 0.999997 -0.0200572 -0.0687111 0.0562438
FixedParameters: 0 0 0

#Transform 61
Transform: AffineTransform_float_3_3
Parameters: 0.999998 -0.0012184 0.00184356 0.00121625 0.999999 0.00117612 -0.00184497 -0.00117415 0.999998 -0.00781007 -0.0680948 0.0620638
FixedParameters: 0 0 0

#Transform 62
Transform: AffineTransform_float_3_3
Parameters: 0.999998 -0.00121634 0.00191965 0.00121348 0.999998 0.00144705 -0.00192087 -0.00144482 0.999997 -0.0196101 -0.0601494 0.0402152
FixedParameters: 0 0 0

#Transform 63
Transform: AffineTransform_float_3_3
Parameters: 0.999997 -0.0011248 0.00204846 0.00112359 0.999999 0.000855732 -0.002049 -0.000852761 0.999997 -0.00762228 -0.0668317 0.0517466
FixedParameters: 0 0 0

#Transform 64
Transform: AffineTransform_float_3_3
Parameters: 0.999997 -0.00116349 0.00213886 0.0011602 0.999998 0.0013007 -0.00214042 -0.00129871 0.999997 -0.0199654 -0.0397576 0.0266086
FixedParameters: 0 0 0

#Transform 65
Transform: AffineTransform_float_3_3
Parameters: 0.999997 -0.00134961 0.00186756 0.00134825 0.999999 0.000951151 -0.00186867 -0.000948633 0.999998 -0.000423316 -0.0583106 0.0418368
FixedParameters: 0 0 0

#Transform 66
Transform: AffineTransform_float_3_3
Parameters: 0.999997 -0.00129085 0.00189626 0.00128832 0.999998 0.00159984 -0.00189861 -0.0015974 0.999996 -0.00606644 -0.0462259 0.0177132
FixedParameters: 0 0 0

#Transform 67
Transform: AffineTransform_float_3_3
Parameters: 0.999998 -0.00128693 0.00155947 0.001285 0.999998 0.00126511 -0.00156133 -0.00126362 0.999998 0.0157546 -0.064457 0.00961155
FixedParameters: 0 0 0

#Transform 68
Transform: AffineTransform_float_3_3
Parameters: 0.999998 -0.0013097 0.00175916 0.00130589 0.999998 0.00179897 -0.00176163 -0.0017968 0.999997 0.0107808 -0.0506393 -0.00377923
FixedParameters: 0 0 0

#Transform 69
Transform: AffineTransform_float_3_3
Parameters: 0.999997 -0.00121934 0.00201446 0.00121545 0.999998 0.00161679 -0.00201622 -0.00161343 0.999997 -0.00507719 -0.0380115 -0.0169504
FixedParameters: 0 0 0

#Transform 70
Transform: AffineTransform_float_3_3
Parameters: 0.999998 -0.00131258 0.00179942 0.00131067 0.999999 0.00113777 -0.00180095 -0.00113557 0.999998 0.0104388 -0.0289897 -0.00919873
FixedParameters: 0 0 0

#Transform 71
Transform: AffineTransform_float_3_3
Parameters: 0.999997 -0.00141338 0.0019667 0.00141091 0.999998 0.00149888 -0.0019691 -0.00149667 0.999997 0.0061562 -0.017701 -0.025241
FixedParameters: 0 0 0

#Transform 72
Transform: AffineTransform_float_3_3
Parameters: 0.999997 -0.00154385 0.00179729 0.00154121 0.999998 0.00145432 -0.00179941 -0.00145209 0.999997 0.0158473 -0.0107165 -0.0357082
FixedParameters: 0 0 0

#Transform 73
Transform: AffineTransform_float_3_3
Parameters: 0.999997 -0.00145436 0.00197022 0.0014512 0.999998 0.0016769 -0.00197336 -0.00167409 0.999997 0.00889002 -0.0263263 -0.0221679
FixedParameters: 0 0 0

#Transform 74
Transform: AffineTransform_float_3_3
Parameters: 0.999998 -0.00135861 0.00182842 0.00135697 0.999999 0.00104632 -0.00182982 -0.00104388 0.999998 0.0145919 -0.0172896 -0.0314942
FixedParameters: 0 0 0

#Transform 75
Transform: AffineTransform_float_3_3
Parameters: 0.999997 -0.00156313 0.00192873 0.00156044 0.999998 0.00139168 -0.00193071 -0.00138943 0.999998 0.0122131 -0.00197189 -0.0490477
FixedParameters: 0 0 0

#Transform 76
Transform: AffineTransform_float_3_3
Parameters: 0.999997 -0.00150839 0.00188013 0.00150546 0.999998 0.00135972 -0.00188278 -0.00135658 0.999997 0.0121776 -0.00167951 -0.0487515
FixedParameters: 0 0 0

#Transform 77
Transform: AffineTransform_float_3_3
Parameters: 0.999998 -0.00133382 0.00186721 0.00133203 0.999999 0.00106314 -0.0018686 -0.00106068 0.999998 0.0159774 -0.0143631 -0.0218831
FixedParameters: 0 0 0

#Transform 78
Transform: AffineTransform_float_3_3
Parameters: 0.999997 -0.00123551 0.00199879 0.00123311 0.999998 0.00129732 -0.00199968 -0.00129527 0.999997 0.00253112 -9.47504e-05 -0.0290175
FixedParameters: 0 0 0

#Transform 79
Transform: AffineTransform_float_3_3
Parameters: 0.999997 -0.00133757 0.00204983 0.00133525 0.999999 0.00110076 -0.00205132 -0.0010978 0.999997 1.07935e-05 -0.00940856 -0.0191201
FixedParameters: 0 0 0

#Transform 80
Transform: AffineTransform_float_3_3
Parameters: 0.999997 -0.00141846 0.0021088 0.00141788 1 0.000214539 -0.00210914 -0.000211236 0.999998 0.00755847 -0.013897 -0.0316324
FixedParameters: 0 0 0

#Transform 81
Transform: AffineTransform_float_3_3
Parameters: 0.999996 -0.00149196 0.00221947 0.00149002 0.999998 0.00127115 -0.00222135 -0.00126833 0.999997 -0.00217848 -0.00786157 -0.018338
FixedParameters: 0 0 0

#Transform 82
Transform: AffineTransform_float_3_3
Parameters: 0.999996 -0.00155583 0.00214743 0.00155638 0.999999 -0.000168614 -0.00214748 0.000172529 0.999998 0.00989158 -0.0219687 -0.0196159
FixedParameters: 0 0 0

#Transform 83
Transform: AffineTransform_float_3_3
Parameters: 0.999997 -0.00139626 0.00228202 0.00139349 0.999998 0.00114476 -0.0022837 -0.00114137 0.999996 -0.0100692 -0.00466929 -0.0118738
FixedParameters: 0 0 0

#Transform 84
Transform: AffineTransform_float_3_3
Parameters: 0.999995 -0.00127141 0.00271731 0.00127393 0.999999 -0.000865548 -0.00271545 0.000868735 0.999996 -0.0321519 0.0250183 -0.0173511
FixedParameters: 0 0 0

#Transform 85
Transform: AffineTransform_float_3_3
Parameters: 0.999996 -0.00152491 0.00237649 0.00152884 0.999997 -0.00152167 -0.0023739 0.00152547 0.999996 -0.00184563 -0.00760356 0.0071582
FixedParameters: 0 0 0

#Transform 86
Transform: AffineTransform_float_3_3
Parameters: 0.999996 -0.00143616 0.0024002 0.00143973 0.999998 -0.00132531 -0.0023976 0.00132885 0.999996 -0.0103214 0.00576153 -0.0175774
FixedParameters: 0 0 0

#Transform 87
Transform: AffineTransform_float_3_3
Parameters: 0.999996 -0.0015342 0.00218935 0.00153864 0.999997 -0.00186999 -0.00218578 0.00187371 0.999996 0.0178387 -0.0280959 0.00913899
FixedParameters: 0 0 0

#Transform 88
Transform: AffineTransform_float_3_3
Parameters: 0.999997 -0.0011508 0.00239745 0.00116102 0.999992 -0.00388704 -0.00239339 0.00389012 0.999989 -0.00819981 0.0691038 -0.0415858
FixedParameters: 0 0 0

#Transform 89
Transform: AffineTransform_float_3_3
Parameters: 0.999996 -0.00167752 0.0019468 0.00168491 0.999991 -0.00381042 -0.00194075 0.00381394 0.99999 0.0371733 0.0159454 -0.0194585
FixedParameters: 0 0 0

#Transform 90
Transform: AffineTransform_float_3_3
Parameters: 0.999996 -0.001853 0.00196473 0.00186102 0.999992 -0.00352988 -0.00195789 0.00353333 0.999992 0.0535451 0.0229814 -0.0303586
FixedParameters: 0 0 0

#Transform 91
Transform: AffineTransform_float_3_3
Parameters: 0.999994 -0.00236132 0.00245002 0.00236868 0.999991 -0.00338573 -0.00244242 0.00339182 0.999991 0.0561072 0.0281847 -0.0376795
FixedParameters: 0 0 0

#Transform 92
Transform: AffineTransform_float_3_3
Parameters: 0.999994 -0.00236829 0.00254819 0.00237485 0.999993 -0.00296173 -0.00254166 0.00296842 0.999992 0.0600344 0.0209532 -0.0315006
FixedParameters: 0 0 0

#Transform 93
Transform: AffineTransform_float_3_3
Parameters: 0.999995 -0.0022654 0.002421 0.00227267 0.999992 -0.00330181 -0.00241359 0.0033074 0.999992 0.0593908 0.0176678 -0.0171542
FixedParameters: 0 0 0

#Transform 94
Transform: AffineTransform_float_3_3
Parameters: 0.999994 -0.00211426 0.00263976 0.00212213 0.999993 -0.00286427 -0.00263338 0.00286978 0.999992 0.04804 0.0130347 -0.0240542
FixedParameters: 0 0 0

#Transform 95
Transform: AffineTransform_float_3_3
Parameters: 0.999995 -0.00194191 0.00269558 0.00194999 0.999995 -0.00274986 -0.00268979 0.00275477 0.999992 0.0456878 -0.00206432 -0.0340209
FixedParameters: 0 0 0

#Transform 96
Transform: AffineTransform_float_3_3
Parameters: 0.999995 -0.00183096 0.00270471 0.00183647 0.999996 -0.00238679 -0.00270029 0.00239116 0.999993 0.0363776 0.00326398 -0.0392366
FixedParameters: 0 0 0

#Transform 97
Transform: AffineTransform_float_3_3
Parameters: 0.999995 -0.0016986 0.00262821 0.00170537 0.999995 -0.00245344 -0.00262399 0.00245779 0.999993 0.0312649 -0.00780949 -0.0211269
FixedParameters: 0 0 0

#Transform 98
Transform: AffineTransform_float_3_3
Parameters: 0.999995 -0.00166567 0.0026323 0.00167273 0.999994 -0.00277824 -0.00262752 0.0027819 0.999993 0.0361455 -0.0142376 -0.0120611
FixedParameters: 0 0 0

#Transform 99
Transform: AffineTransform_float_3_3
Parameters: 0.999995 -0.00180938 0.00270095 0.00181633 0.999996 -0.00251386 -0.00269681 0.00251897 0.999993 0.0344511 -0.00416831 -0.0267973
FixedParameters: 0 0 0

#Transform 100
Transform: AffineTransform_float_3_3
Parameters: 0.999995 -0.00182729 0.00273772 0.00183476 0.999995 -0.00285655 -0.00273261 0.00286181 0.999992 0.0309219 -0.00840416 -0.00874782
FixedParameters: 0 0 0

#Transform 101
Transform: AffineTransform_float_3_3
Parameters: 0.999995 -0.00179719 0.00263509 0.00180511 0.999993 -0.00319474 -0.00262995 0.00320026 0.999992 0.0334529 -0.00347041 -0.0092255
FixedParameters: 0 0 0

#Transform 102
Transform: AffineTransform_float_3_3
Parameters: 0.999994 -0.00193389 0.00278259 0.00194036 0.999994 -0.00257982 -0.00277788 0.00258539 0.999993 0.0268734 0.00713537 -0.0104446
FixedParameters: 0 0 0

#Transform 103
Transform: AffineTransform_float_3_3
Parameters: 0.999995 -0.0018784 0.00276888 0.00188603 0.999994 -0.00285219 -0.00276349 0.00285785 0.999992 0.0258791 -0.0158086 0.00898877
FixedParameters: 0 0 0

#Transform 104
Transform: AffineTransform_float_3_3
Parameters: 0.999994 -0.00162915 0.0030084 0.00163766 0.999994 -0.0031502 -0.00300331 0.00315476 0.99999 0.00595468 0.0156199 -0.00516612
FixedParameters: 0 0 0

#Transform 105
Transform: AffineTransform_float_3_3
Parameters: 0.999995 -0.00168654 0.00268981 0.00169567 0.999993 -0.00337434 -0.00268471 0.00337858 0.99999 0.0183513 -0.0132006 0.0240155
FixedParameters: 0 0 0

#Transform 106
Transform: AffineTransform_float_3_3
Parameters: 0.999994 -0.00176556 0.00311112 0.00177347 0.999995 -0.00256842 -0.00310581 0.00257299 0.999992 0.0123336 0.0211067 -0.0104959
FixedParameters: 0 0 0

#Transform 107
Transform: AffineTransform_float_3_3
Parameters: 0.999993 -0.00193796 0.00318278 0.00194679 0.999995 -0.0026268 -0.00317786 0.00263395 0.999991 0.0214661 -0.000425371 -0.0112451
FixedParameters: 0 0 0

#Transform 108
Transform: AffineTransform_float_3_3
Parameters: 0.999992 -0.00206808 0.00326568 0.00207942 0.999992 -0.00336281 -0.00325907 0.00336954 0.999989 0.0326429 0.0186815 -0.0355598
FixedParameters: 0 0 0

#Transform 109
Transform: AffineTransform_float_3_3
Parameters: 0.999991 -0.00214763 0.00358095 0.00216174 0.99999 -0.0038603 -0.00357227 0.00386742 0.999986 0.0332126 0.0123844 -0.0291217
FixedParameters: 0 0 0

#Transform 110
Transform: AffineTransform_float_3_3
Parameters: 0.999992 -0.00190902 0.00336557 0.00192196 0.999991 -0.00373987 -0.00335908 0.00374676 0.999987 0.0273119 -0.0155554 -0.00112384
FixedParameters: 0 0 0

#Transform 111
Transform: AffineTransform_float_3_3
Parameters: 0.999991 -0.00212455 0.00352255 0.00213423 0.999994 -0.00273628 -0.00351714 0.00274323 0.99999 0.0185118 -0.0145625 0.00375661
FixedParameters: 0 0 0

#Transform 112
Transform: AffineTransform_float_3_3
Parameters: 0.999991 -0.00233178 0.00355427 0.00234346 0.999993 -0.00322249 -0.00354583 0.00323143 0.999988 0.0225907 -0.0367811 0.038591
FixedParameters: 0 0 0

#Transform 113
Transform: AffineTransform_float_3_3
Parameters: 0.999992 -0.00202479 0.00345608 0.00203333 0.999995 -0.0026699 -0.0034502 0.00267732 0.99999 0.0116361 -0.0234664 0.0240823
FixedParameters: 0 0 0

#Transform 114
Transform: AffineTransform_float_3_3
Parameters: 0.999992 -0.00206533 0.00349307 0.00207542 0.999994 -0.00282873 -0.00348771 0.00283602 0.99999 0.0142034 -0.0528966 0.0517283
FixedParameters: 0 0 0

#Transform 115
Transform: AffineTransform_float_3_3
Parameters: 0.99999 -0.00232624 0.00365575 0.00233616 0.999993 -0.00285357 -0.003649 0.00286249 0.999989 0.0130747 -0.0171365 0.025061
FixedParameters: 0 0 0

#Transform 116
Transform: AffineTransform_float_3_3
Parameters: 0.99999 -0.00251922 0.00379709 0.00253113 0.999992 -0.00314627 -0.00378937 0.0031558 0.999988 0.0050593 -0.0209243 0.0421955
FixedParameters: 0 0 0

#Transform 117
Transform: AffineTransform_float_3_3
Parameters: 0.999989 -0.00278226 0.00373282 0.00279475 0.99999 -0.00346314 -0.00372338 0.00347368 0.999987 0.0234482 -0.0219911 0.0343168
FixedParameters: 0 0 0

#Transform 118
Transform: AffineTransform_float_3_3
Parameters: 0.99999 -0.00285132 0.00368079 0.00286336 0.999991 -0.00321003 -0.00367176 0.00321998 0.999988 0.0193531 -0.0207013 0.0344519
FixedParameters: 0 0 0

#Transform 119
Transform: AffineTransform_float_3_3
Parameters: 0.999989 -0.00279403 0.00370222 0.00280718 0.99999 -0.00358309 -0.00369202 0.00359355 0.999987 0.0244881 -0.0498044 0.0570882
FixedParameters: 0 0 0

#Transform 120
Transform: AffineTransform_float_3_3
Parameters: 0.99999 -0.00248228 0.00355909 0.00249309 0.999992 -0.00302573 -0.0035519 0.00303431 0.999989 0.00668657 -0.0253196 0.0467954
FixedParameters: 0 0 0

#Transform 121
Transform: AffineTransform_float_3_3
Parameters: 0.999991 -0.00242133 0.00350186 0.00243289 0.999991 -0.00340048 -0.0034936 0.00340828 0.999988 0.0151252 -0.0523218 0.0773992
FixedParameters: 0 0 0

#Transform 122
Transform: AffineTransform_float_3_3
Parameters: 0.999991 -0.0024291 0.0033352 0.00244033 0.99999 -0.00356134 -0.00332618 0.00356883 0.999988 0.0246807 -0.069949 0.0913971
FixedParameters: 0 0 0

#Transform 123
Transform: AffineTransform_float_3_3
Parameters: 0.999989 -0.00294184 0.00370739 0.00295204 0.999992 -0.00266233 -0.00369978 0.00267327 0.99999 0.0204065 -0.035843 0.0507323
FixedParameters: 0 0 0

#Transform 124
Transform: AffineTransform_float_3_3
Parameters: 0.999987 -0.00306129 0.00408152 0.00307115 0.999993 -0.00249995 -0.0040744 0.00251266 0.999988 0.0140175 -0.0493167 0.0653534
FixedParameters: 0 0 0

#Transform 125
Transform: AffineTransform_float_3_3
Parameters: 0.999987 -0.00310556 0.00395845 0.00311631 0.999991 -0.00277806 -0.00395028 0.00279028 0.999988 0.0267079 -0.0766225 0.0868835
FixedParameters: 0 0 0

#Transform 126
Transform: AffineTransform_float_3_3
Parameters: 0.999988 -0.00298983 0.00401363 0.00299909 0.999993 -0.00218923 -0.00400755 0.00220155 0.99999 0.0136748 -0.0615734 0.0679468
FixedParameters: 0 0 0

#Transform 127
Transform: AffineTransform_float_3_3
Parameters: 0.999986 -0.00307768 0.00421173 0.0030868 0.999993 -0.00224211 -0.0042052 0.00225539 0.999988 0.00812781 -0.0684361 0.0739113
FixedParameters: 0 0 0

#Transform 128
Transform: AffineTransform_float_3_3
Parameters: 0.999988 -0.00313446 0.00397147 0.00314442 0.999992 -0.00251779 -0.00396302 0.00253049 0.999989 0.0244152 -0.0734545 0.0718812
FixedParameters: 0 0 0

#Transform 129
Transform: AffineTransform_float_3_3
Parameters: 0.999985 -0.00339158 0.00414176 0.0034006 0.999992 -0.0020954 -0.00413437 0.00211004 0.99999 0.0194679 -0.0718467 0.0725071
FixedParameters: 0 0 0

#Transform 130
Transform: AffineTransform_float_3_3
Parameters: 0.999987 -0.00323804 0.0039504 0.00324706 0.999991 -0.00227209 -0.00394347 0.00228501 0.99999 0.0231798 -0.0738865 0.0774663
FixedParameters: 0 0 0

#Transform 131
Transform: AffineTransform_float_3_3
Parameters: 0.999988 -0.00300569 0.00400538 0.00301362 0.999993 -0.00195588 -0.00399968 0.00196748 0.99999 0.011201 -0.0653259 0.0614518
FixedParameters: 0 0 0

#Transform 132
Transform: AffineTransform_float_3_3
Parameters: 0.999989 -0.00306159 0.00370043 0.00306982 0.999993 -0.00228557 -0.00369354 0.00229745 0.999991 0.0151042 -0.0660094 0.0605781
FixedParameters: 0 0 0

#Transform 133
Transform: AffineTransform_float_3_3
Parameters: 0.999989 -0.00293311 0.00374193 0.00293988 0.999995 -0.00171188 -0.00373691 0.00172284 0.999992 0.0100456 -0.0522367 0.0563606
FixedParameters: 0 0 0

#Transform 134
Transform: AffineTransform_float_3_3
Parameters: 0.999989 -0.00293883 0.00369398 0.00294813 0.999993 -0.0023894 -0.00368624 0.00240042 0.99999 0.0175609 -0.0742524 0.0764538
FixedParameters: 0 0 0

#Transform 135
Transform: AffineTransform_float_3_3
Parameters: 0.999988 -0.00291888 0.0037161 0.0029253 0.999994 -0.00168884 -0.00371128 0.0017 0.999991 0.00805307 -0.0537357 0.0518367
FixedParameters: 0 0 0

#Transform 136
Transform: AffineTransform_float_3_3
Parameters: 0.999988 -0.00307232 0.00377408 0.0030798 0.999994 -0.00199564 -0.00376711 0.00200734 0.999991 0.0175168 -0.0675577 0.071593
FixedParameters: 0 0 0

#Transform 137
Transform: AffineTransform_float_3_3
Parameters: 0.999988 -0.0031697 0.00382425 0.00317661 0.999994 -0.00168605 -0.00381835 0.001698 0.999991 0.0151221 -0.0548584 0.059046
FixedParameters: 0 0 0

#Transform 138
Transform: AffineTransform_float_3_3
Parameters: 0.999988 -0.00292223 0.0037668 0.00292964 0.999994 -0.00200054 -0.00376052 0.00201195 0.99999 0.00902099 -0.0497029 0.0590958
FixedParameters: 0 0 0

#Transform 139
Transform: AffineTransform_float_3_3
Parameters: 0.999989 -0.00299113 0.0038081 0.00300112 0.999992 -0.00252015 -0.00380089 0.00253072 0.999989 0.0167472 -0.0623339 0.0757742
FixedParameters: 0 0 0

#Transform 140
Transform: AffineTransform_float_3_3
Parameters: 0.999988 -0.00292691 0.00374685 0.00293559 0.999993 -0.00205515 -0.00374074 0.00206601 0.999991 0.0101003 -0.0520364 0.0611538
FixedParameters: 0 0 0

#Transform 141
Transform: AffineTransform_float_3_3
Parameters: 0.999989 -0.00283976 0.00390508 0.00284732 0.999994 -0.00197914 -0.00390004 0.00199018 0.99999 0.00321912 -0.0588155 0.0634485
FixedParameters: 0 0 0

#Transform 142
Transform: AffineTransform_float_3_3
Parameters: 0.999989 -0.00299562 0.00378747 0.00300467 0.999992 -0.00252193 -0.00377971 0.00253243 0.99999 0.0186834 -0.077408 0.0795878
FixedParameters: 0 0 0

#Transform 143
Transform: AffineTransform_float_3_3
Parameters: 0.999988 -0.0030511 0.00379802 0.00305858 0.999993 -0.00197173 -0.00379127 0.00198296 0.999991 0.00236537 -0.0458503 0.059882
FixedParameters: 0 0 0

#Transform 144
Transform: AffineTransform_float_3_3
Parameters: 0.999989 -0.0030065 0.00356515 0.00301466 0.999993 -0.00226853 -0.00355919 0.00227916 0.999992 0.0155607 -0.0670764 0.081499
FixedParameters: 0 0 0

#Transform 145
Transform: AffineTransform_float_3_3
Parameters: 0.999989 -0.00304217 0.00348808 0.00304979 0.999993 -0.00214289 -0.00348183 0.00215339 0.999992 0.0181245 -0.0507129 0.0617839
FixedParameters: 0 0 0

#Transform 146
Transform: AffineTransform_float_3_3
Parameters: 0.999987 -0.00337081 0.003793 0.0033769 0.999992 -0.00164522 -0.00378753 0.00165795 0.999992 0.0128958 -0.0538755 0.0563724
FixedParameters: 0 0 0

#Transform 147
Transform: AffineTransform_float_3_3
Parameters: 0.999988 -0.00325732 0.00364845 0.00326476 0.999993 -0.00195748 -0.00364152 0.00197019 0.999991 0.0224322 -0.0760491 0.0747302
FixedParameters: 0 0 0

#Transform 148
Transform: AffineTransform_float_3_3
Parameters: 0.999987 -0.00341683 0.00370741 0.00342161 0.999993 -0.00145103 -0.00370229 0.00146406 0.999992 0.01499 -0.0678329 0.0602076
FixedParameters: 0 0 0

#Transform 149
Transform: AffineTransform_float_3_3
Parameters: 0.999988 -0.00339741 0.00369328 0.00340216 0.999993 -0.00145294 -0.0036882 0.00146573 0.999992 0.00899041 -0.0690695 0.0680777
FixedParameters: 0 0 0

#Transform 150
Transform: AffineTransform_float_3_3
Parameters: 0.999987 -0.00354136 0.00361739 0.0035481 0.999992 -0.00192732 -0.00361017 0.00194002 0.999991 0.0286569 -0.0692128 0.0775873
FixedParameters: 0 0 0

#Transform 151
Transform: AffineTransform_float_3_3
Parameters: 0.999987 -0.00356169 0.00378038 0.00356759 0.999993 -0.00144065 -0.00377519 0.00145349 0.999991 0.0213952 -0.0663597 0.0623183
FixedParameters: 0 0 0

#Transform 152
Transform: AffineTransform_float_3_3
Parameters: 0.999987 -0.0035095 0.00364962 0.00351702 0.999992 -0.00211118 -0.00364214 0.00212379 0.999991 0.0257999 -0.0752254 0.0856301
FixedParameters: 0 0 0

#Transform 153
Transform: AffineTransform_float_3_3
Parameters: 0.999988 -0.0034007 0.00369421 0.00340625 0.999993 -0.00156023 -0.00368839 0.00157305 0.999992 0.0153329 -0.0506868 0.0601944
FixedParameters: 0 0 0

#Transform 154
Transform: AffineTransform_float_3_3
Parameters: 0.999988 -0.00348668 0.00363077 0.0034945 0.999992 -0.00207901 -0.00362282 0.0020923 0.999991 0.0260311 -0.0753208 0.0819254
FixedParameters: 0 0 0

#Transform 155
Transform: AffineTransform_float_3_3
Parameters: 0.999987 -0.00356252 0.00376457 0.00356833 0.999992 -0.0016245 -0.00375851 0.00163805 0.999992 0.0189681 -0.0520644 0.0579218
FixedParameters: 0 0 0

#Transform 156
Transform: AffineTransform_float_3_3
Parameters: 0.999989 -0.0030517 0.0035741 0.00306134 0.999992 -0.00269654 -0.00356571 0.00270792 0.99999 0.00506872 -0.0613786 0.0933523
FixedParameters: 0 0 0

#Transform 157
Transform: AffineTransform_float_3_3
Parameters: 0.999991 -0.00226959 0.00352034 0.0022885 0.999984 -0.00527965 -0.00350835 0.00528738 0.99998 -0.00205319 -0.0693382 0.130414
FixedParameters: 0 0 0

#Transform 158
Transform: AffineTransform_float_3_3
Parameters: 0.999992 -0.002127 0.00339581 0.00213973 0.999991 -0.00372935 -0.00338834 0.00373598 0.999987 -0.00403563 -0.025168 0.0695488
FixedParameters: 0 0 0

#Transform 159
Transform: AffineTransform_float_3_3
Parameters: 0.99999 -0.0023549 0.00369955 0.00236641 0.999992 -0.00319625 -0.00369277 0.0032054 0.999988 -0.00768456 -0.0305198 0.0665506
FixedParameters: 0 0 0

#Transform 160
Transform: AffineTransform_float_3_3
Parameters: 0.99999 -0.00234383 0.00369279 0.0023553 0.999992 -0.00319721 -0.00368608 0.00320625 0.999988 -0.00140679 -0.0521243 0.0732191
FixedParameters: 0 0 0

#Transform 161
Transform: AffineTransform_float_3_3
Parameters: 0.999992 -0.00240632 0.00344327 0.00241717 0.999992 -0.00327853 -0.00343493 0.00328737 0.999989 0.00852341 -0.0797301 0.0927131
FixedParameters: 0 0 0

#Transform 162
Transform: AffineTransform_float_3_3
Parameters: 0.999991 -0.00243123 0.00342275 0.00244131 0.999993 -0.0029622 -0.00341541 0.00297118 0.99999 0.0048949 -0.0507923 0.0698337
FixedParameters: 0 0 0

#Transform 163
Transform: AffineTransform_float_3_3
Parameters: 0.999991 -0.00264621 0.00328431 0.00265688 0.999991 -0.00337552 -0.00327519 0.00338416 0.999989 0.0167015 -0.0672835 0.0990833
FixedParameters: 0 0 0

#Transform 164
Transform: AffineTransform_float_3_3
Parameters: 0.99999 -0.00264088 0.0034368 0.00265071 0.999992 -0.00285665 -0.00342994 0.0028648 0.99999 0.0111613 -0.0528977 0.0758825
FixedParameters: 0 0 0

#Transform 165
Transform: AffineTransform_float_3_3
Parameters: 0.99999 -0.00277899 0.00346478 0.00278877 0.999993 -0.00274062 -0.0034569 0.00275042 0.99999 0.012082 -0.0585685 0.0755142
FixedParameters: 0 0 0

#Transform 166
Transform: AffineTransform_float_3_3
Parameters: 0.999991 -0.0027943 0.00321239 0.00280416 0.999991 -0.00317994 -0.00320385 0.0031896 0.99999 0.0234744 -0.0619545 0.0814793
FixedParameters: 0 0 0

#Transform 167
Transform: AffineTransform_float_3_3
Parameters: 0.99999 -0.00272259 0.00331602 0.0027298 0.999993 -0.00229589 -0.00330913 0.00230467 0.999992 0.0163023 -0.0509543 0.0665298
FixedParameters: 0 0 0

#Transform 168
Transform: AffineTransform_float_3_3
Parameters: 0.999991 -0.00271998 0.00321847 0.00272974 0.999992 -0.00282675 -0.00321108 0.00283567 0.999991 0.0264904 -0.0675591 0.0827862
FixedParameters: 0 0 0

#Transform 169
Transform: AffineTransform_float_3_3
Parameters: 0.999991 -0.00266564 0.00330052 0.00267379 0.999993 -0.00255219 -0.00329343 0.00256042 0.999992 0.0174243 -0.0445627 0.0547044
FixedParameters: 0 0 0

#Transform 170
Transform: AffineTransform_float_3_3
Parameters: 0.999991 -0.00266289 0.00332879 0.00267249 0.999992 -0.00283652 -0.00332115 0.00284568 0.999991 0.0202357 -0.059811 0.0712792
FixedParameters: 0 0 0

#Transform 171
Transform: AffineTransform_float_3_3
Parameters: 0.99999 -0.00268925 0.00336242 0.00269763 0.999993 -0.00254078 -0.00335526 0.0025495 0.999991 0.0127509 -0.0522158 0.0525333
FixedParameters: 0 0 0

#Transform 172
Transform: AffineTransform_float_3_3
Parameters: 0.999992 -0.00255713 0.00329296 0.00256618 0.999993 -0.0026803 -0.00328582 0.00268866 0.999991 0.0149745 -0.0665332 0.0714315
FixedParameters: 0 0 0

#Transform 173
Transform: AffineTransform_float_3_3
Parameters: 0.999992 -0.00257739 0.00322036 0.00258554 0.999993 -0.00261426 -0.00321347 0.00262284 0.999991 0.0156862 -0.0530543 0.0617692
FixedParameters: 0 0 0

#Transform 174
Transform: AffineTransform_float_3_3
Parameters: 0.999992 -0.00249191 0.0031342 0.00250046 0.999993 -0.00287038 -0.0031275 0.00287877 0.999991 0.0196372 -0.0574404 0.0709404
FixedParameters: 0 0 0

#Transform 175
Transform: AffineTransform_float_3_3
Parameters: 0.999992 -0.00244411 0.00330191 0.00245288 0.999994 -0.00255336 -0.00329516 0.00256111 0.999991 0.0122994 -0.0564044 0.061763
FixedParameters: 0 0 0

#Transform 176
Transform: AffineTransform_float_3_3
Parameters: 0.999991 -0.00253255 0.00320692 0.00254203 0.999992 -0.00311063 -0.0031983 0.00311966 0.99999 0.0195647 -0.0708555 0.0903983
FixedParameters: 0 0 0

#Transform 177
Transform: AffineTransform_float_3_3
Parameters: 0.999992 -0.00236889 0.00324901 0.00237736 0.999993 -0.00256003 -0.00324272 0.00256793 0.999991 0.012541 -0.0361143 0.0562842
FixedParameters: 0 0 0

#Transform 178
Transform: AffineTransform_float_3_3
Parameters: 0.999992 -0.00251086 0.0031907 0.00252051 0.999992 -0.0029954 -0.00318318 0.00300285 0.99999 0.0261938 -0.067211 0.088837
FixedParameters: 0 0 0

#Transform 179
Transform: AffineTransform_float_3_3
Parameters: 0.999992 -0.00248556 0.0031671 0.00249457 0.999993 -0.0026892 -0.00316089 0.0026969 0.999991 0.0205194 -0.0528678 0.0737576
FixedParameters: 0 0 0

#Transform 180
Transform: AffineTransform_float_3_3
Parameters: 0.999992 -0.00250386 0.00325895 0.00251208 0.999994 -0.0023561 -0.00325347 0.0023649 0.999992 0.0224726 -0.059647 0.0710359
FixedParameters: 0 0 0

#Transform 181
Transform: AffineTransform_float_3_3
Parameters: 0.999992 -0.00262152 0.00307964 0.00263 0.999992 -0.00292912 -0.00307182 0.00293715 0.999991 0.0353525 -0.0581983 0.0825813
FixedParameters: 0 0 0

#Transform 182
Transform: AffineTransform_float_3_3
Parameters: 0.999991 -0.00257676 0.0032957 0.00258422 0.999994 -0.00235802 -0.00328927 0.00236661 0.999992 0.0212517 -0.0553272 0.0715196
FixedParameters: 0 0 0

#Transform 183
Transform: AffineTransform_float_3_3
Parameters: 0.999991 -0.00271553 0.00321485 0.00272419 0.999993 -0.00255299 -0.00320808 0.00256195 0.999992 0.0306279 -0.0937671 0.10411
FixedParameters: 0 0 0

#Transform 184
Transform: AffineTransform_float_3_3
Parameters: 0.999992 -0.00265192 0.00315768 0.00265986 0.999993 -0.00239385 -0.00315112 0.0024013 0.999992 0.0299599 -0.089494 0.100189
FixedParameters: 0 0 0

#Transform 185
Transform: AffineTransform_float_3_3
Parameters: 0.999991 -0.00260535 0.00313707 0.00261286 0.999994 -0.00228447 -0.00313058 0.00229295 0.999992 0.028527 -0.0559172 0.0788472
FixedParameters: 0 0 0

#Transform 186
Transform: AffineTransform_float_3_3
Parameters: 0.999992 -0.00256508 0.00304375 0.00257264 0.999993 -0.00271339 -0.0030365 0.00272144 0.999991 0.0297663 -0.0643 0.102373
FixedParameters: 0 0 0

#Transform 187
Transform: AffineTransform_float_3_3
Parameters: 0.999993 -0.00245128 0.00298149 0.00245841 0.999995 -0.00219668 -0.00297674 0.00220475 0.999993 0.0236941 -0.0633062 0.0899724
FixedParameters: 0 0 0

#Transform 188
Transform: AffineTransform_float_3_3
Parameters: 0.999993 -0.00240798 0.00306217 0.00241436 0.999995 -0.00213817 -0.00305736 0.00214594 0.999993 0.01696 -0.0569494 0.0967678
FixedParameters: 0 0 0

#Transform 189
Transform: AffineTransform_float_3_3
Parameters: 0.999994 -0.00217669 0.00269182 0.00218242 0.999995 -0.00228112 -0.00268672 0.00228728 0.999994 0.0158049 -0.105716 0.139494
FixedParameters: 0 0 0
