#Insight Transform File V1.0
#Transform 0
Transform: AffineTransform_float_3_3
Parameters: 0.999999 0.000793005 -0.000236859 -0.000792173 0.999998 0.00141951 0.000237686 -0.00141925 0.999999 -0.0285707 -0.0224608 0.00630783
FixedParameters: 0 0 0

#Transform 1
Transform: AffineTransform_float_3_3
Parameters: 0.999999 0.000857611 -9.88157e-05 -0.000858144 0.999999 0.00121665 9.99845e-05 -0.00121612 0.999999 -0.0283144 -0.0313089 0.0138729
FixedParameters: 0 0 0

#Transform 2
Transform: AffineTransform_float_3_3
Parameters: 0.999999 0.000759141 -0.000118028 -0.000758152 0.999999 0.00135858 0.000119515 -0.00135843 0.999999 -0.0275616 -0.0213883 0.0151879
FixedParameters: 0 0 0

#Transform 3
Transform: AffineTransform_float_3_3
Parameters: 1 0.000751422 1.00451e-05 -0.000752127 0.999999 0.00105869 -9.35557e-06 -0.0010588 1 -0.0304176 -0.0132468 -0.00639357
FixedParameters: 0 0 0

#Transform 4
Transform: AffineTransform_float_3_3
Parameters: 0.999999 0.00090616 -0.000142937 -0.000906532 0.999999 0.000841721 0.000143679 -0.000842438 1 -0.0247061 -0.0199546 -0.00431467
FixedParameters: 0 0 0

#Transform 5
Transform: AffineTransform_float_3_3
Parameters: 1 0.000665914 -0.000205871 -0.000665624 0.999999 0.000702663 0.000206806 -0.000702388 0.999999 -0.0311495 0.0116088 -0.00470648
FixedParameters: 0 0 0

#Transform 6
Transform: AffineTransform_float_3_3
Parameters: 0.999999 0.0008961 -7.98853e-05 -0.000895902 1 -0.00072633 7.94792e-05 0.000726132 0.999999 -0.0264933 0.0307812 -0.0051466
FixedParameters: 0 0 0

#Transform 7
Transform: AffineTransform_float_3_3
Parameters: 1 0.000597362 0.000283871 -0.000597204 1 -0.000277695 -0.000284203 0.000277356 1 -0.0364617 0.0437109 -0.0307218
FixedParameters: 0 0 0

#Transform 8
Transform: AffineTransform_float_3_3
Parameters: 1 0.000963014 -0.000216215 -0.000962947 0.999999 -0.00102258 0.000215092 0.00102309 1 -0.0136643 -0.00347371 0.0131705
FixedParameters: 0 0 0

#Transform 9
Transform: AffineTransform_float_3_3
Parameters: 0.999999 0.000910507 -0.000240576 -0.00091031 0.999999 0.000408719 0.000241319 -0.000408281 1 -0.0268071 0.0230051 -0.0207907
FixedParameters: 0 0 0

#Transform 10
Transform: AffineTransform_float_3_3
Parameters: 1 0.00065468 -8.49513e-05 -0.000655219 1 0.000963926 8.54142e-05 -0.000964334 0.999999 -0.0272926 0.0129485 -0.0081143
FixedParameters: 0 0 0

#Transform 11
Transform: AffineTransform_float_3_3
Parameters: 0.999999 0.000849365 -0.000129632 -0.000849805 1 0.000662686 0.000129975 -0.000663442 1 -0.0158555 -0.00509408 0.00519523
FixedParameters: 0 0 0

#Transform 12
Transform: AffineTransform_float_3_3
Parameters: 1 0.00041407 2.81391e-05 -0.000414113 0.999999 0.00076334 -2.75069e-05 -0.000763363 0.999999 -0.0267022 0.0337997 -0.0287445
FixedParameters: 0 0 0

#Transform 13
Transform: AffineTransform_float_3_3
Parameters: 1 0.000476772 0.000331269 -0.000476584 0.999999 0.000880165 -0.000331069 -0.000879621 1 -0.0437871 0.024797 -0.0247632
FixedParameters: 0 0 0

#Transform 14
Transform: AffineTransform_float_3_3
Parameters: 1 0.000493685 0.000282222 -0.000493597 1 -0.000155451 -0.000282375 0.000155172 1 -0.0297145 0.0310686 -0.0412951
FixedParameters: 0 0 0

#Transform 15
Transform: AffineTransform_float_3_3
Parameters: 1 0.000491902 0.000247456 -0.000491944 1 8.35589e-05 -0.000247374 -8.38024e-05 1 -0.0298977 0.0338959 -0.0317581
FixedParameters: 0 0 0

#Transform 16
Transform: AffineTransform_float_3_3
Parameters: 1 0.00024532 0.000371124 -0.000245898 1 -0.000356623 -0.000370778 0.000356463 1 -0.0170636 0.0279394 -0.0458902
FixedParameters: 0 0 0

#Transform 17
Transform: AffineTransform_float_3_3
Parameters: 1 -0.000244614 0.000582056 0.000243966 0.999999 -0.000603418 -0.000582088 0.000603635 0.999999 -0.00890922 0.0316303 -0.0225846
FixedParameters: 0 0 0

#Transform 18
Transform: AffineTransform_float_3_3
Parameters: 0.999999 0.000725394 3.25714e-06 -0.000724983 1 -0.000837588 -3.5601e-06 0.000836786 1 -0.0244639 -0.0512417 0.043154
FixedParameters: 0 0 0

#Transform 19
Transform: AffineTransform_float_3_3
Parameters: 1 0.000631407 0.000135203 -0.000632161 1 -0.000974628 -0.000135968 0.000974474 1 -0.0302407 -0.0150147 0.024334
FixedParameters: 0 0 0

#Transform 20
Transform: AffineTransform_float_3_3
Parameters: 1 0.000482113 -8.77653e-05 -0.000482488 0.999999 -0.00114579 8.66053e-05 0.00114587 1 -0.00377327 -0.000734987 -0.00099162
FixedParameters: 0 0 0

#Transform 21
Transform: AffineTransform_float_3_3
Parameters: 1 -0.000436293 0.000472446 0.00043686 0.999999 -0.00059972 -0.000471922 0.000600133 0.999999 -0.00449728 0.0386202 -0.0368287
FixedParameters: 0 0 0

#Transform 22
Transform: AffineTransform_float_3_3
Parameters: 1 -0.000518407 0.000311 0.00051825 0.999999 -0.000563619 -0.000311263 0.000563852 1 -0.0072515 0.0165651 -0.0244476
FixedParameters: 0 0 0

#Transform 23
Transform: AffineTransform_float_3_3
Parameters: 1 -0.000506168 0.000303654 0.000506131 0.999999 -0.000776528 -0.000303715 0.000776746 0.999999 -0.00170927 0.0187099 -0.0199164
FixedParameters: 0 0 0

#Transform 24
Transform: AffineTransform_float_3_3
Parameters: 1 0.000188683 -0.000112144 -0.000188496 1 -0.000966604 0.000112691 0.000965849 0.999999 1.68239e-05 0.0173366 -0.0155393
FixedParameters: 0 0 0

#Transform 25
Transform: AffineTransform_float_3_3
Parameters: 1 -0.000351043 0.00032112 0.000351038 1 7.10736e-06 -0.000321125 -6.88191e-06 1 -0.00411041 0.0333782 -0.049134
FixedParameters: 0 0 0

#Transform 26
Transform: AffineTransform_float_3_3
Parameters: 1 -0.000360722 0.00030933 0.000361059 1 -0.000544038 -0.000308937 0.000544261 1 0.00710842 0.00926815 -0.00310133
FixedParameters: 0 0 0

#Transform 27
Transform: AffineTransform_float_3_3
Parameters: 0.999999 -0.000724166 0.000195487 0.000724606 0.999999 0.000174034 -0.000194891 -0.000173661 1 0.00763269 0.0192323 -0.0312087
FixedParameters: 0 0 0

#Transform 28
Transform: AffineTransform_float_3_3
Parameters: 0.999999 -0.000758533 0.000139288 0.000758994 0.999999 0.000169967 -0.000138698 -0.000169666 1 0.0133075 0.00327386 -0.0265049
FixedParameters: 0 0 0

#Transform 29
Transform: AffineTransform_float_3_3
Parameters: 1 -0.000719089 0.000161162 0.000718088 0.999999 0.000491178 -0.000161347 -0.000490924 1 0.0107129 0.0124268 0.000153012
FixedParameters: 0 0 0

#Transform 30
Transform: AffineTransform_float_3_3
Parameters: 0.999999 -0.000736136 0.000175904 0.000736075 0.999999 0.000172603 -0.000176158 -0.000172343 1 0.00668359 0.0195886 0.00357778
FixedParameters: 0 0 0

#Transform 31
Transform: AffineTransform_float_3_3
Parameters: 0.999999 -0.000691 0.000199386 0.000690689 1 0.000552817 -0.000200166 -0.000552083 0.999999 0.00556038 0.0143892 -0.018163
FixedParameters: 0 0 0

#Transform 32
Transform: AffineTransform_float_3_3
Parameters: 1 -0.000582653 3.15295e-05 0.00058207 1 -0.000249573 -3.21022e-05 0.000249978 0.999999 0.0179415 0.014039 -0.0320233
FixedParameters: 0 0 0

#Transform 33
Transform: AffineTransform_float_3_3
Parameters: 0.999999 -0.000829503 -0.000211873 0.000829587 1 0.000412428 0.000211173 -0.000412322 0.999999 0.0186048 0.0362227 -0.0410056
FixedParameters: 0 0 0

#Transform 34
Transform: AffineTransform_float_3_3
Parameters: 0.999999 -0.000767166 8.07485e-05 0.000766152 1 0.000499115 -8.1009e-05 -0.000498511 0.999999 0.0230267 0.0197834 -0.0479245
FixedParameters: 0 0 0

#Transform 35
Transform: AffineTransform_float_3_3
Parameters: 0.999999 -0.00079961 -0.000277094 0.00079965 0.999999 7.15963e-05 0.00027698 -7.20394e-05 1 0.0234646 0.0176476 -0.0513839
FixedParameters: 0 0 0

#Transform 36
Transform: AffineTransform_float_3_3
Parameters: 0.999999 -0.000815081 1.02537e-05 0.000814739 0.999999 0.000434166 -9.59322e-06 -0.000434038 1 0.0233842 0.0268116 -0.0493037
FixedParameters: 0 0 0

#Transform 37
Transform: AffineTransform_float_3_3
Parameters: 0.999999 -0.000802813 -0.000317919 0.000802617 1 -0.000165255 0.000318169 0.000165202 0.999999 0.0375057 0.0187473 -0.0504451
FixedParameters: 0 0 0

#Transform 38
Transform: AffineTransform_float_3_3
Parameters: 0.999999 -0.000922912 -0.000145491 0.000922147 0.999999 0.000268514 0.000145516 -0.00026876 1 0.032008 0.0285278 -0.0610607
FixedParameters: 0 0 0

#Transform 39
Transform: AffineTransform_float_3_3
Parameters: 0.999999 -0.000803754 9.09261e-06 0.00080341 0.999999 0.000581391 -8.65894e-06 -0.000581265 1 0.0293178 0.0195157 -0.0599091
FixedParameters: 0 0 0

#Transform 40
Transform: AffineTransform_float_3_3
Parameters: 0.999999 -0.0007766 -0.000247362 0.000776285 1 -0.000452939 0.000248049 0.000453011 0.999999 0.0334146 0.00546414 -0.0195484
FixedParameters: 0 0 0

#Transform 41
Transform: AffineTransform_float_3_3
Parameters: 0.999999 -0.00089841 -6.51677e-05 0.000898316 1 -2.55297e-05 6.51979e-05 2.58697e-05 1 0.0266988 0.0405085 -0.0674317
FixedParameters: 0 0 0

#Transform 42
Transform: AffineTransform_float_3_3
Parameters: 0.999999 -0.000955985 6.8362e-05 0.000956199 0.999998 -0.00171815 -6.65538e-05 0.00171816 0.999999 0.0240008 0.0731838 -0.0613068
FixedParameters: 0 0 0

#Transform 43
Transform: AffineTransform_float_3_3
Parameters: 0.999999 -0.000935104 8.98061e-05 0.000934604 0.999998 -0.00162286 -8.76112e-05 0.00162204 0.999999 0.0195634 0.0622574 -0.0474739
FixedParameters: 0 0 0

#Transform 44
Transform: AffineTransform_float_3_3
Parameters: 1 -0.00055774 8.48224e-05 0.000558335 0.999998 -0.00220696 -8.30593e-05 0.00220748 0.999998 0.0208322 0.0202109 -0.00789406
FixedParameters: 0 0 0

#Transform 45
Transform: AffineTransform_float_3_3
Parameters: 1 -0.000977542 -0.000173663 0.000977813 0.999999 -0.00137491 0.000175815 0.001375 0.999999 0.0264431 0.0518442 -0.0284188
FixedParameters: 0 0 0

#Transform 46
Transform: AffineTransform_float_3_3
Parameters: 1 -0.00109424 -0.000279149 0.00109317 1 -0.00083082 0.000280102 0.000830576 1 0.0288334 0.0150492 -0.0311282
FixedParameters: 0 0 0

#Transform 47
Transform: AffineTransform_float_3_3
Parameters: 1 -0.00115292 -0.000307672 0.00115297 0.999999 -0.000622122 0.000307675 0.000622187 1 0.0375231 0.0249278 -0.0414597
FixedParameters: 0 0 0

#Transform 48
Transform: AffineTransform_float_3_3
Parameters: 0.999999 -0.00100585 -9.04558e-05 0.00100495 0.999999 -0.0011495 9.18646e-05 0.00114922 1 0.0189554 0.0516173 -0.0462785
FixedParameters: 0 0 0

#Transform 49
Transform: AffineTransform_float_3_3
Parameters: 0.999999 -0.000859246 2.7216e-05 0.000859317 0.999998 -0.00167829 -2.58091e-05 0.00167821 0.999999 0.0189035 0.0479041 -0.0416983
FixedParameters: 0 0 0

#Transform 50
Transform: AffineTransform_float_3_3
Parameters: 0.999999 -0.000706803 -0.000117239 0.000706738 0.999998 -0.00196682 0.000119374 0.00196708 0.999998 0.0293943 0.0298103 -0.0350969
FixedParameters: 0 0 0

#Transform 51
Transform: AffineTransform_float_3_3
Parameters: 1 -0.000619274 -0.000111007 0.000619362 0.999998 -0.00180467 0.000112612 0.0018045 0.999999 0.0284765 0.0750918 -0.0604688
FixedParameters: 0 0 0

#Transform 52
Transform: AffineTransform_float_3_3
Parameters: 1 0.000325152 -1.90159e-05 -0.000325452 0.999996 -0.00286979 1.77778e-05 0.00286987 0.999996 0.0145882 0.0683319 -0.0717014
FixedParameters: 0 0 0

#Transform 53
Transform: AffineTransform_float_3_3
Parameters: 1 -0.000380242 -2.18362e-05 0.000380905 0.999995 -0.00320428 2.29612e-05 0.00320419 0.999995 0.0261768 0.0421998 -0.0205469
FixedParameters: 0 0 0

#Transform 54
Transform: AffineTransform_float_3_3
Parameters: 1 -0.000413484 -6.09871e-05 0.000413057 0.999995 -0.00316068 6.28059e-05 0.00316058 0.999995 0.029328 0.0350351 -0.0145958
FixedParameters: 0 0 0

#Transform 55
Transform: AffineTransform_float_3_3
Parameters: 1 -0.000482063 0.000397628 0.000483892 0.999996 -0.00276742 -0.000396541 0.00276768 0.999996 0.0179753 0.0448455 -0.0362186
FixedParameters: 0 0 0

#Transform 56
Transform: AffineTransform_float_3_3
Parameters: 1 -0.000451637 0.000317341 0.000452977 0.999996 -0.00297428 -0.000316292 0.00297443 0.999996 0.0226642 0.0355409 -0.0253225
FixedParameters: 0 0 0

#Transform 57
Transform: AffineTransform_float_3_3
Parameters: 1 -0.00042115 0.000216232 0.000422043 0.999995 -0.00292487 -0.000215352 0.00292492 0.999995 0.0259787 0.031502 -0.0199517
FixedParameters: 0 0 0

#Transform 58
Transform: AffineTransform_float_3_3
Parameters: 1 -0.000479108 0.000360147 0.00048076 0.999996 -0.00281102 -0.000359035 0.00281123 0.999996 0.0157304 0.0505535 -0.027901
FixedParameters: 0 0 0

#Transform 59
Transform: AffineTransform_float_3_3
Parameters: 1 -0.000318251 -8.83023e-05 0.000317868 0.999995 -0.00294174 8.94346e-05 0.00294164 0.999995 0.0300822 0.00514578 0.016122
FixedParameters: 0 0 0

#Transform 60
Transform: AffineTransform_float_3_3
Parameters: 0.999999 -0.000829783 2.71522e-05 0.000829832 0.999999 -0.00161856 -2.58414e-05 0.00161805 0.999998 0.0251235 0.0433662 -0.0192523
FixedParameters: 0 0 0

#Transform 61
Transform: AffineTransform_float_3_3
Parameters: 0.999999 -0.000991535 0.000253155 0.000992403 0.999998 -0.00140431 -0.000251791 0.0014047 0.999999 0.026063 0.0437893 -0.025442
FixedParameters: 0 0 0

#Transform 62
Transform: AffineTransform_float_3_3
Parameters: 0.999999 -0.000738389 -4.27894e-05 0.000738213 0.999998 -0.00181743 4.39956e-05 0.00181724 0.999999 0.0415628 0.0260873 -0.023198
FixedParameters: 0 0 0

#Transform 63
Transform: AffineTransform_float_3_3
Parameters: 1 -0.000980476 0.000133022 0.000980174 0.999999 -0.0011224 -0.000131684 0.00112303 0.999999 0.0308536 0.0272531 -0.048024
FixedParameters: 0 0 0

#Transform 64
Transform: AffineTransform_float_3_3
Parameters: 0.999999 -0.00102963 0.000157192 0.00102918 0.999999 -0.00104154 -0.000155965 0.00104223 0.999999 0.029164 0.0295192 -0.0457662
FixedParameters: 0 0 0

#Transform 65
Transform: AffineTransform_float_3_3
Parameters: 0.999999 -0.000784059 6.67379e-05 0.000784289 0.999998 -0.00187066 -6.52813e-05 0.00187064 0.999998 0.0446803 0.0107848 -0.0241216
FixedParameters: 0 0 0

#Transform 66
Transform: AffineTransform_float_3_3
Parameters: 0.999999 -0.000761591 0.000500184 0.000762306 0.999999 -0.00150457 -0.00049873 0.00150435 0.999999 0.0228322 0.0401715 -0.0458346
FixedParameters: 0 0 0

#Transform 67
Transform: AffineTransform_float_3_3
Parameters: 1 -0.000613982 0.000351138 0.000614309 0.999999 -0.00159029 -0.000350023 0.00158974 0.999999 0.0251691 0.0274539 -0.034827
FixedParameters: 0 0 0

#Transform 68
Transform: AffineTransform_float_3_3
Parameters: 0.999999 -0.000716551 0.000117045 0.000716954 0.999998 -0.00180675 -0.000115933 0.0018068 0.999999 0.0392414 0.0307339 -0.0268639
FixedParameters: 0 0 0

#Transform 69
Transform: AffineTransform_float_3_3
Parameters: 0.999999 -0.000755273 0.000447817 0.00075529 0.999999 -0.00146826 -0.000447285 0.00146787 0.999999 0.0266076 0.0447092 -0.0412012
FixedParameters: 0 0 0

#Transform 70
Transform: AffineTransform_float_3_3
Parameters: 1 -0.000702627 3.98271e-05 0.000702766 0.999998 -0.00199482 -3.85009e-05 0.00199475 0.999998 0.0494216 0.0210576 -0.0226536
FixedParameters: 0 0 0

#Transform 71
Transform: AffineTransform_float_3_3
Parameters: 0.999999 -0.000783042 0.000201618 0.000783739 0.999999 -0.00159894 -0.000200473 0.00159825 0.999999 0.0322065 0.0539596 -0.0490414
FixedParameters: 0 0 0

#Transform 72
Transform: AffineTransform_float_3_3
Parameters: 0.999999 -0.000756809 0.000540343 0.000757656 0.999999 -0.00151517 -0.000538888 0.00151501 0.999999 0.0173475 0.0406647 -0.0429629
FixedParameters: 0 0 0

#Transform 73
Transform: AffineTransform_float_3_3
Parameters: 1 -0.000636576 0.000141185 0.000636261 0.999998 -0.00194141 -0.000139671 0.00194149 0.999998 0.0486094 0.0233043 -0.023639
FixedParameters: 0 0 0

#Transform 74
Transform: AffineTransform_float_3_3
Parameters: 0.999999 -0.000761906 0.000534277 0.000762704 0.999998 -0.00138858 -0.000533062 0.0013893 0.999999 0.0297981 0.0545882 -0.0430138
FixedParameters: 0 0 0

#Transform 75
Transform: AffineTransform_float_3_3
Parameters: 1 -0.000629421 0.000320924 0.000629531 0.999999 -0.00123758 -0.000320268 0.00123789 0.999999 0.0420526 0.0315818 -0.0415952
FixedParameters: 0 0 0

#Transform 76
Transform: AffineTransform_float_3_3
Parameters: 1 -0.000676154 0.00030423 0.000676284 0.999999 -0.00134122 -0.000303318 0.00134153 0.999999 0.043219 0.0330341 -0.0429276
FixedParameters: 0 0 0

#Transform 77
Transform: AffineTransform_float_3_3
Parameters: 0.999999 -0.00084732 0.000467274 0.000847638 0.999999 -0.0010728 -0.000466358 0.00107349 1 0.0303513 0.0419173 -0.0516441
FixedParameters: 0 0 0

#Transform 78
Transform: AffineTransform_float_3_3
Parameters: 1 -0.000575082 4.09813e-06 0.000574743 0.999998 -0.00193423 -1.98344e-06 0.00193422 0.999998 0.0491819 0.0140526 -0.0174604
FixedParameters: 0 0 0

#Transform 79
Transform: AffineTransform_float_3_3
Parameters: 0.999999 -0.000815753 0.00047359 0.000816021 0.999999 -0.00100582 -0.000472851 0.0010065 1 0.0220055 0.0627585 -0.051862
FixedParameters: 0 0 0

#Transform 80
Transform: AffineTransform_float_3_3
Parameters: 0.999999 -0.000782704 0.000414539 0.000783388 0.999999 -0.00103813 -0.000412967 0.00103877 1 0.026848 0.0312674 -0.0496099
FixedParameters: 0 0 0

#Transform 81
Transform: AffineTransform_float_3_3
Parameters: 0.999999 -0.000818838 0.00035942 0.000818902 0.999999 -0.00104206 -0.000358615 0.00104256 1 0.027573 0.0271508 -0.0564948
FixedParameters: 0 0 0

#Transform 82
Transform: AffineTransform_float_3_3
Parameters: 1 -0.000921824 0.000568119 0.000921873 1 -0.000506989 -0.00056793 0.000507522 0.999999 0.014965 0.0235183 -0.079031
FixedParameters: 0 0 0

#Transform 83
Transform: AffineTransform_float_3_3
Parameters: 1 -0.000505725 0.000255803 0.000506158 0.999999 -0.00119157 -0.000254652 0.00119182 1 0.0459355 0.0205547 -0.0490812
FixedParameters: 0 0 0

#Transform 84
Transform: AffineTransform_float_3_3
Parameters: 1 -0.000927902 0.000586164 0.000928288 0.999999 -0.000702787 -0.000585589 0.000702903 0.999999 0.0193059 0.0295818 -0.0726241
FixedParameters: 0 0 0

#Transform 85
Transform: AffineTransform_float_3_3
Parameters: 0.999999 -0.000878475 0.000578957 0.000878972 0.999999 -0.00102075 -0.000578064 0.00102167 1 0.0281649 0.039201 -0.0579596
FixedParameters: 0 0 0

#Transform 86
Transform: AffineTransform_float_3_3
Parameters: 0.999999 -0.0010711 0.00020945 0.00107084 0.999999 -0.00150621 -0.000207079 0.00150613 0.999998 0.0474132 0.0248072 -0.0351472
FixedParameters: 0 0 0

#Transform 87
Transform: AffineTransform_float_3_3
Parameters: 1 -0.00108331 0.000618382 0.00108389 0.999999 -0.000821077 -0.000617332 0.000821445 0.999999 0.0282674 0.0393127 -0.0627143
FixedParameters: 0 0 0

#Transform 88
Transform: AffineTransform_float_3_3
Parameters: 1 -0.000963659 0.000630761 0.000964428 0.999999 -0.00101372 -0.000629654 0.00101484 1 0.0320401 0.0303443 -0.0459213
FixedParameters: 0 0 0

#Transform 89
Transform: AffineTransform_float_3_3
Parameters: 1 -0.00112873 0.000266272 0.00112868 0.999999 -0.00104207 -0.000264782 0.00104304 0.999999 0.0442327 0.0289238 -0.049461
FixedParameters: 0 0 0

#Transform 90
Transform: AffineTransform_float_3_3
Parameters: 0.999999 -0.0011413 0.000543706 0.00114124 0.999999 -0.000343043 -0.000543652 0.000343313 1 0.0354389 0.0294907 -0.0681657
FixedParameters: 0 0 0

#Transform 91
Transform: AffineTransform_float_3_3
Parameters: 1 -0.00119099 0.000309699 0.00119088 0.999999 -0.00066325 -0.000308864 0.000663473 0.999999 0.0419871 0.0307714 -0.0719307
FixedParameters: 0 0 0

#Transform 92
Transform: AffineTransform_float_3_3
Parameters: 0.999999 -0.00123729 0.00058206 0.0012376 0.999999 -0.000641231 -0.000581201 0.000641699 0.999999 0.0382111 0.0326194 -0.0693415
FixedParameters: 0 0 0

#Transform 93
Transform: AffineTransform_float_3_3
Parameters: 1 -0.00115149 0.000408534 0.00115206 0.999999 -0.00102865 -0.000408395 0.00102985 0.999999 0.0402333 0.0326969 -0.0639586
FixedParameters: 0 0 0

#Transform 94
Transform: AffineTransform_float_3_3
Parameters: 0.999999 -0.000935605 0.000436164 0.00093582 0.999999 -0.00103194 -0.000435135 0.00103266 1 0.0443107 0.038289 -0.0630146
FixedParameters: 0 0 0

#Transform 95
Transform: AffineTransform_float_3_3
Parameters: 1 -0.00108268 0.000566421 0.00108281 0.999999 -0.00101616 -0.000565915 0.00101721 1 0.0354437 0.0443794 -0.0556341
FixedParameters: 0 0 0

#Transform 96
Transform: AffineTransform_float_3_3
Parameters: 1 -0.00115036 0.000309037 0.00115096 0.999998 -0.00125228 -0.00030837 0.00125279 0.999999 0.0461136 0.0330042 -0.0496229
FixedParameters: 0 0 0

#Transform 97
Transform: AffineTransform_float_3_3
Parameters: 0.999999 -0.00119686 0.000806301 0.00119808 0.999998 -0.00145688 -0.000804443 0.00145775 0.999998 0.029971 0.0613425 -0.0585229
FixedParameters: 0 0 0

#Transform 98
Transform: AffineTransform_float_3_3
Parameters: 0.999999 -0.00122841 0.000469032 0.00122915 0.999998 -0.00191746 -0.00046739 0.00191788 0.999998 0.0508811 0.0328023 -0.0345359
FixedParameters: 0 0 0

#Transform 99
Transform: AffineTransform_float_3_3
Parameters: 0.999999 -0.00134958 0.000658538 0.00134988 0.999998 -0.00146588 -0.00065706 0.0014665 0.999999 0.0475009 0.0583339 -0.0515838
FixedParameters: 0 0 0

#Transform 100
Transform: AffineTransform_float_3_3
Parameters: 0.999998 -0.00143808 0.000839171 0.00143884 0.999998 -0.00153724 -0.000837179 0.00153806 0.999998 0.0376203 0.0424519 -0.0427149
FixedParameters: 0 0 0

#Transform 101
Transform: AffineTransform_float_3_3
Parameters: 0.999999 -0.00137446 0.000536774 0.00137582 0.999998 -0.00168184 -0.000534433 0.00168356 0.999998 0.052613 0.0374187 -0.0396956
FixedParameters: 0 0 0

#Transform 102
Transform: AffineTransform_float_3_3
Parameters: 0.999999 -0.000778884 0.000490915 0.000779499 0.999997 -0.00202273 -0.000489567 0.0020233 0.999998 0.0388263 0.0127257 -0.0287156
FixedParameters: 0 0 0

#Transform 103
Transform: AffineTransform_float_3_3
Parameters: 0.999999 -0.000981022 -7.07819e-06 0.000980544 0.999998 -0.00153586 7.88315e-06 0.00153475 0.999999 0.0667976 -0.0463668 0.0252728
FixedParameters: 0 0 0

#Transform 104
Transform: AffineTransform_float_3_3
Parameters: 0.999998 -0.00190322 0.000575209 0.00190324 0.999998 2.70375e-05 -0.00057509 -2.61553e-05 1 0.0512117 0.0362474 -0.068399
FixedParameters: 0 0 0

#Transform 105
Transform: AffineTransform_float_3_3
Parameters: 0.999998 -0.0018319 0.000379103 0.0018312 0.999996 0.00209055 -0.000382738 -0.00209009 0.999998 0.0505576 -0.00123019 -0.0406251
FixedParameters: 0 0 0

#Transform 106
Transform: AffineTransform_float_3_3
Parameters: 0.999999 -0.00156641 0.000595048 0.0015652 0.999995 0.00276019 -0.000599497 -0.00275876 0.999996 0.0401983 -0.0546114 -0.0195759
FixedParameters: 0 0 0

#Transform 107
Transform: AffineTransform_float_3_3
Parameters: 0.999999 -0.000843845 7.19303e-05 0.000843141 0.999996 0.00241105 -7.39459e-05 -0.00241074 0.999997 0.0547888 -0.091005 0.0110205
FixedParameters: 0 0 0

#Transform 108
Transform: AffineTransform_float_3_3
Parameters: 1 -0.00106039 1.84667e-05 0.00106037 0.999992 0.00368086 -2.26897e-05 -0.00368047 0.999994 0.043154 -0.0347788 -0.0237847
FixedParameters: 0 0 0

#Transform 109
Transform: AffineTransform_float_3_3
Parameters: 0.999999 -0.00142482 1.34217e-05 0.00142482 0.999993 0.0036959 -1.81073e-05 -0.00369573 0.999993 0.0575598 -0.0326216 -0.0387219
FixedParameters: 0 0 0

#Transform 110
Transform: AffineTransform_float_3_3
Parameters: 0.999999 -0.00168946 0.000166837 0.00168887 0.999992 0.00379403 -0.000172843 -0.00379413 0.999993 0.057875 -0.0546069 -0.0427375
FixedParameters: 0 0 0

#Transform 111
Transform: AffineTransform_float_3_3
Parameters: 0.999999 -0.00163033 0.000400817 0.00162886 0.999993 0.00344027 -0.000406592 -0.00343885 0.999994 0.0541223 -0.0659925 -0.0429633
FixedParameters: 0 0 0

#Transform 112
Transform: AffineTransform_float_3_3
Parameters: 0.999999 -0.00165968 0.000435039 0.00165844 0.999995 0.00274108 -0.000439435 -0.00273959 0.999996 0.0668139 -0.0659662 -0.0291619
FixedParameters: 0 0 0

#Transform 113
Transform: AffineTransform_float_3_3
Parameters: 0.999998 -0.0018667 0.000567077 0.001865 0.999993 0.00294352 -0.000572435 -0.00294262 0.999996 0.0629891 -0.0366516 -0.0521442
FixedParameters: 0 0 0

#Transform 114
Transform: AffineTransform_float_3_3
Parameters: 0.999998 -0.00182505 0.000609388 0.00182398 0.999995 0.00256823 -0.000614462 -0.00256687 0.999996 0.0672799 -0.0507411 -0.0337222
FixedParameters: 0 0 0

#Transform 115
Transform: AffineTransform_float_3_3
Parameters: 0.999998 -0.00210192 0.000499981 0.00210104 0.999994 0.00267822 -0.000505455 -0.00267775 0.999996 0.0682997 -0.0213382 -0.0538289
FixedParameters: 0 0 0

#Transform 116
Transform: AffineTransform_float_3_3
Parameters: 0.999997 -0.00194823 0.000775007 0.00194646 0.999994 0.00253174 -0.000780553 -0.00253004 0.999997 0.0621971 -0.0154967 -0.057949
FixedParameters: 0 0 0

#Transform 117
Transform: AffineTransform_float_3_3
Parameters: 0.999997 -0.00203976 0.000498134 0.00203897 0.999995 0.00219258 -0.000502205 -0.00219138 0.999997 0.0743102 -0.0153302 -0.0606212
FixedParameters: 0 0 0

#Transform 118
Transform: AffineTransform_float_3_3
Parameters: 0.999998 -0.00215847 0.000560213 0.00215725 0.999995 0.00233014 -0.000565396 -0.00232856 0.999997 0.0717038 -0.00145476 -0.0765963
FixedParameters: 0 0 0

#Transform 119
Transform: AffineTransform_float_3_3
Parameters: 0.999998 -0.00211689 0.0005501 0.00211602 0.999996 0.0021257 -0.000554108 -0.00212509 0.999998 0.0811328 -0.0114807 -0.0637867
FixedParameters: 0 0 0

#Transform 120
Transform: AffineTransform_float_3_3
Parameters: 0.999998 -0.00211776 0.000553136 0.00211701 0.999995 0.00209229 -0.000557069 -0.00209078 0.999998 0.0784467 -0.00630993 -0.0701592
FixedParameters: 0 0 0

#Transform 121
Transform: AffineTransform_float_3_3
Parameters: 0.999997 -0.00227685 0.000570944 0.00227583 0.999995 0.00217732 -0.000575867 -0.00217644 0.999997 0.0711002 -0.0065089 -0.067488
FixedParameters: 0 0 0

#Transform 122
Transform: AffineTransform_float_3_3
Parameters: 0.999998 -0.00221061 0.000480542 0.00220982 0.999996 0.00149338 -0.000483872 -0.00149181 0.999998 0.080681 -0.00516097 -0.0613038
FixedParameters: 0 0 0

#Transform 123
Transform: AffineTransform_float_3_3
Parameters: 0.999998 -0.00198396 0.000755279 0.00198297 0.999995 0.00223824 -0.000759672 -0.00223744 0.999997 0.0640877 -0.00435839 -0.0656919
FixedParameters: 0 0 0

#Transform 124
Transform: AffineTransform_float_3_3
Parameters: 0.999997 -0.0023051 0.000822769 0.00230345 0.999996 0.00189363 -0.000826503 -0.00189156 0.999998 0.0792864 -0.0233078 -0.0602112
FixedParameters: 0 0 0

#Transform 125
Transform: AffineTransform_float_3_3
Parameters: 0.999996 -0.00254892 0.00103264 0.00254679 0.999994 0.00237591 -0.00103924 -0.00237406 0.999996 0.0738739 -0.0255085 -0.0646598
FixedParameters: 0 0 0

#Transform 126
Transform: AffineTransform_float_3_3
Parameters: 0.999996 -0.00264703 0.00103666 0.0026455 0.999994 0.00213345 -0.00104251 -0.00213049 0.999997 0.0804713 -0.0402008 -0.0434443
FixedParameters: 0 0 0

#Transform 127
Transform: AffineTransform_float_3_3
Parameters: 0.999995 -0.00294335 0.00142994 0.00293974 0.999993 0.00223761 -0.00143604 -0.00223384 0.999997 0.066559 -0.0420951 -0.0108368
FixedParameters: 0 0 0

#Transform 128
Transform: AffineTransform_float_3_3
Parameters: 0.999994 -0.00305049 0.00155789 0.00304613 0.999993 0.00226106 -0.00156455 -0.00225708 0.999997 0.0629905 -0.0554643 0.000577109
FixedParameters: 0 0 0

#Transform 129
Transform: AffineTransform_float_3_3
Parameters: 0.999995 -0.00306597 0.001088 0.00306394 0.999994 0.00174218 -0.00109328 -0.00173941 0.999998 0.0784082 -0.0531675 0.0135173
FixedParameters: 0 0 0

#Transform 130
Transform: AffineTransform_float_3_3
Parameters: 0.999994 -0.00312903 0.00127484 0.00312599 0.999994 0.00201328 -0.00128125 -0.00200912 0.999997 0.0733726 -0.0212164 -0.0327109
FixedParameters: 0 0 0

#Transform 131
Transform: AffineTransform_float_3_3
Parameters: 0.999994 -0.00322002 0.00118791 0.00321761 0.999993 0.00175579 -0.00119382 -0.00175204 0.999997 0.0876947 -0.0229596 -0.0281051
FixedParameters: 0 0 0

#Transform 132
Transform: AffineTransform_float_3_3
Parameters: 0.999994 -0.00319229 0.00131328 0.00318919 0.999993 0.0020149 -0.00131994 -0.00201079 0.999998 0.0787999 -0.0154802 -0.0455663
FixedParameters: 0 0 0

#Transform 133
Transform: AffineTransform_float_3_3
Parameters: 0.999994 -0.0031801 0.00122846 0.00317774 0.999993 0.00185927 -0.00123416 -0.00185438 0.999998 0.0892162 -0.0128983 -0.0519797
FixedParameters: 0 0 0

#Transform 134
Transform: AffineTransform_float_3_3
Parameters: 0.999994 -0.00320311 0.00111579 0.00320098 0.999993 0.0021224 -0.00112235 -0.00211898 0.999997 0.0912583 -0.00784769 -0.0649738
FixedParameters: 0 0 0

#Transform 135
Transform: AffineTransform_float_3_3
Parameters: 0.999994 -0.00318574 0.00108306 0.00318382 0.999993 0.00190335 -0.00108906 -0.00189938 0.999998 0.0998606 -0.0158354 -0.0656875
FixedParameters: 0 0 0

#Transform 136
Transform: AffineTransform_float_3_3
Parameters: 0.999994 -0.00331343 0.00117538 0.00331102 0.999992 0.00220842 -0.00118292 -0.00220434 0.999997 0.0876042 -0.010633 -0.0732676
FixedParameters: 0 0 0

#Transform 137
Transform: AffineTransform_float_3_3
Parameters: 0.999994 -0.00321967 0.00113266 0.00321615 0.999993 0.00211033 -0.00113954 -0.00210682 0.999997 0.092873 -0.0195244 -0.0656917
FixedParameters: 0 0 0

#Transform 138
Transform: AffineTransform_float_3_3
Parameters: 0.999995 -0.00310762 0.00104653 0.00310534 0.999993 0.00189673 -0.00105304 -0.00189324 0.999998 0.0899657 -0.0172895 -0.064873
FixedParameters: 0 0 0

#Transform 139
Transform: AffineTransform_float_3_3
Parameters: 0.999995 -0.00312606 0.00114603 0.00312328 0.999993 0.00212595 -0.00115313 -0.00212259 0.999997 0.0892931 -0.0116049 -0.0796766
FixedParameters: 0 0 0

#Transform 140
Transform: AffineTransform_float_3_3
Parameters: 0.999995 -0.00314007 0.000979439 0.00313828 0.999993 0.00203719 -0.000986108 -0.00203396 0.999998 0.0967089 -0.0100724 -0.0842172
FixedParameters: 0 0 0

#Transform 141
Transform: AffineTransform_float_3_3
Parameters: 0.999996 -0.00254323 0.00095359 0.00254235 0.999996 0.00153724 -0.000957609 -0.0015351 0.999998 0.0686595 -0.0276194 -0.0539367
FixedParameters: 0 0 0

#Transform 142
Transform: AffineTransform_float_3_3
Parameters: 0.999997 -0.00238521 0.000634751 0.00238383 0.999996 0.00151389 -0.000638636 -0.0015123 0.999998 0.100406 -0.0580934 -0.0364823
FixedParameters: 0 0 0

#Transform 143
Transform: AffineTransform_float_3_3
Parameters: 0.999995 -0.00294579 0.00094782 0.00294421 0.999994 0.00172633 -0.000952718 -0.00172377 0.999998 0.0880982 0.013508 -0.0851788
FixedParameters: 0 0 0

#Transform 144
Transform: AffineTransform_float_3_3
Parameters: 0.999994 -0.00317788 0.00114478 0.00317549 0.999993 0.00181591 -0.00115093 -0.00181253 0.999997 0.0917046 0.00898354 -0.0840872
FixedParameters: 0 0 0

#Transform 145
Transform: AffineTransform_float_3_3
Parameters: 0.999995 -0.00305967 0.0010387 0.00305829 0.999994 0.00156716 -0.00104296 -0.00156381 0.999998 0.102639 -0.00867903 -0.072338
FixedParameters: 0 0 0

#Transform 146
Transform: AffineTransform_float_3_3
Parameters: 0.999994 -0.0033437 0.00132347 0.00334093 0.999993 0.00190645 -0.00132996 -0.00190141 0.999998 0.0881573 0.0121527 -0.0880992
FixedParameters: 0 0 0

#Transform 147
Transform: AffineTransform_float_3_3
Parameters: 0.999993 -0.00340278 0.00128663 0.00340051 0.999993 0.00159893 -0.00129199 -0.00159496 0.999998 0.0990808 -0.00812657 -0.0670127
FixedParameters: 0 0 0

#Transform 148
Transform: AffineTransform_float_3_3
Parameters: 0.999992 -0.00384471 0.00118899 0.00384447 0.999993 -0.000265464 -0.00118787 0.000270076 1 0.0873086 0.038257 -0.173854
FixedParameters: 0 0 0

#Transform 149
Transform: AffineTransform_float_3_3
Parameters: 0.999995 -0.00303742 0.000512232 0.00303889 0.999991 -0.00288013 -0.000503502 0.00288111 0.999996 0.0902386 0.0405053 -0.201617
FixedParameters: 0 0 0

#Transform 150
Transform: AffineTransform_float_3_3
Parameters: 0.999997 -0.00255051 0.000354992 0.00255122 0.999993 -0.00266275 -0.000348129 0.00266396 0.999997 0.109686 0.0338499 -0.203589
FixedParameters: 0 0 0

#Transform 151
Transform: AffineTransform_float_3_3
Parameters: 0.999997 -0.00252473 0.00105394 0.00252552 0.999997 -0.000800282 -0.00105125 0.00080323 1 0.0823704 -0.00146521 -0.148101
FixedParameters: 0 0 0

#Transform 152
Transform: AffineTransform_float_3_3
Parameters: 0.999996 -0.0025733 0.00116832 0.00257527 0.999996 -0.00108176 -0.00116546 0.00108529 0.999999 0.0707223 0.0249687 -0.125972
FixedParameters: 0 0 0

#Transform 153
Transform: AffineTransform_float_3_3
Parameters: 0.999995 -0.00280767 0.000935644 0.00280879 0.999996 -0.000671678 -0.000933755 0.000674994 1 0.0882052 0.019805 -0.112376
FixedParameters: 0 0 0

#Transform 154
Transform: AffineTransform_float_3_3
Parameters: 0.999995 -0.00282772 0.00129187 0.00282857 0.999996 -0.000649486 -0.00128932 0.000653111 0.999998 0.0725155 0.0466459 -0.116223
FixedParameters: 0 0 0

#Transform 155
Transform: AffineTransform_float_3_3
Parameters: 0.999996 -0.00284844 0.00125259 0.00284939 0.999995 -0.00111387 -0.00124917 0.00111757 0.999999 0.0773103 0.0166357 -0.0896495
FixedParameters: 0 0 0

#Transform 156
Transform: AffineTransform_float_3_3
Parameters: 0.999995 -0.00317631 0.0011443 0.00317597 0.999995 -0.000177108 -0.00114426 0.000181163 0.999999 0.0693524 0.0467776 -0.108073
FixedParameters: 0 0 0

#Transform 157
Transform: AffineTransform_float_3_3
Parameters: 0.999996 -0.00280074 0.00122506 0.00280181 0.999996 1.7984e-05 -0.0012251 -1.50966e-05 0.999999 0.0588152 0.02618 -0.0939912
FixedParameters: 0 0 0

#Transform 158
Transform: AffineTransform_float_3_3
Parameters: 0.999996 -0.00270678 0.000986304 0.00270791 0.999997 -8.77199e-05 -0.000985901 9.04226e-05 0.999999 0.0691167 -0.0144176 -0.0638677
FixedParameters: 0 0 0

#Transform 159
Transform: AffineTransform_float_3_3
Parameters: 0.999995 -0.00302915 0.00108053 0.00302873 0.999995 0.000516316 -0.00108224 -0.000513172 0.999999 0.0643268 0.000332322 -0.0746881
FixedParameters: 0 0 0

#Transform 160
Transform: AffineTransform_float_3_3
Parameters: 0.999994 -0.00301774 0.00117832 0.00301778 0.999995 6.1843e-05 -0.00117812 -5.82282e-05 0.999999 0.071713 -0.0167712 -0.0489916
FixedParameters: 0 0 0

#Transform 161
Transform: AffineTransform_float_3_3
Parameters: 0.999995 -0.00288859 0.001239 0.00288802 0.999996 0.00054614 -0.00124072 -0.000542842 0.999999 0.0698505 -0.0259209 -0.0573436
FixedParameters: 0 0 0

#Transform 162
Transform: AffineTransform_float_3_3
Parameters: 0.999995 -0.00301596 0.00143961 0.003015 0.999995 0.00115946 -0.00144251 -0.00115525 0.999998 0.0680956 -0.0182799 -0.0546584
FixedParameters: 0 0 0

#Transform 163
Transform: AffineTransform_float_3_3
Parameters: 0.999994 -0.0031974 0.00139327 0.00319648 0.999994 0.00100176 -0.00139643 -0.000997406 0.999998 0.0695459 -0.0409126 -0.036321
FixedParameters: 0 0 0

#Transform 164
Transform: AffineTransform_float_3_3
Parameters: 0.999994 -0.00330511 0.00142882 0.0033034 0.999994 0.00139967 -0.00143399 -0.00139423 0.999998 0.0654673 -0.0218425 -0.059535
FixedParameters: 0 0 0

#Transform 165
Transform: AffineTransform_float_3_3
Parameters: 0.999994 -0.00328653 0.00143054 0.0032853 0.999994 0.00122751 -0.00143452 -0.00122212 0.999998 0.0641984 -0.000899124 -0.0622711
FixedParameters: 0 0 0

#Transform 166
Transform: AffineTransform_float_3_3
Parameters: 0.999994 -0.00301922 0.00161012 0.00301721 0.999995 0.00133617 -0.00161413 -0.00133138 0.999998 0.054788 -0.0218195 -0.0403781
FixedParameters: 0 0 0

#Transform 167
Transform: AffineTransform_float_3_3
Parameters: 0.999993 -0.00321835 0.00140215 0.00321716 0.999994 0.00105296 -0.00140561 -0.00104938 0.999998 0.0631961 -0.0240042 -0.0464644
FixedParameters: 0 0 0

#Transform 168
Transform: AffineTransform_float_3_3
Parameters: 0.999994 -0.00302794 0.0015273 0.00302591 0.999995 0.00138381 -0.00153163 -0.00137904 0.999998 0.0513867 -0.0106036 -0.0591985
FixedParameters: 0 0 0

#Transform 169
Transform: AffineTransform_float_3_3
Parameters: 0.999994 -0.00327042 0.00142135 0.00326849 0.999994 0.00121941 -0.0014247 -0.00121456 0.999999 0.0697255 -0.0289923 -0.0446101
FixedParameters: 0 0 0

#Transform 170
Transform: AffineTransform_float_3_3
Parameters: 0.999992 -0.00349868 0.00174781 0.00349562 0.999992 0.00169024 -0.0017545 -0.00168415 0.999997 0.0595263 -0.0161969 -0.0591775
FixedParameters: 0 0 0

#Transform 171
Transform: AffineTransform_float_3_3
Parameters: 0.999992 -0.00348477 0.00193291 0.0034821 0.999993 0.00132238 -0.00193781 -0.00131561 0.999998 0.0550217 -0.0263094 -0.0453143
FixedParameters: 0 0 0

#Transform 172
Transform: AffineTransform_float_3_3
Parameters: 0.999993 -0.00349162 0.00154772 0.00348994 0.999993 0.00133351 -0.00155281 -0.00132804 0.999998 0.0669834 -0.0302164 -0.0495731
FixedParameters: 0 0 0

#Transform 173
Transform: AffineTransform_float_3_3
Parameters: 0.999994 -0.00320574 0.00163946 0.00320269 0.999994 0.00167612 -0.00164382 -0.00167076 0.999997 0.0559362 -0.0198035 -0.0561289
FixedParameters: 0 0 0

#Transform 174
Transform: AffineTransform_float_3_3
Parameters: 0.999994 -0.00324633 0.00155897 0.00324308 0.999994 0.00150112 -0.00156403 -0.00149633 0.999998 0.0632693 -0.0326245 -0.0451729
FixedParameters: 0 0 0

#Transform 175
Transform: AffineTransform_float_3_3
Parameters: 0.999993 -0.00341897 0.0014833 0.00341608 0.999993 0.0015964 -0.00148869 -0.00159104 0.999997 0.0671137 -0.0240693 -0.0560834
FixedParameters: 0 0 0

#Transform 176
Transform: AffineTransform_float_3_3
Parameters: 0.999992 -0.00345 0.00148775 0.00344777 0.999993 0.00178617 -0.00149416 -0.0017815 0.999997 0.0678239 -0.0327594 -0.0562995
FixedParameters: 0 0 0

#Transform 177
Transform: AffineTransform_float_3_3
Parameters: 0.999993 -0.00352192 0.00152217 0.00351912 0.999992 0.00191125 -0.00152828 -0.00190646 0.999997 0.0725658 -0.0288936 -0.061774
FixedParameters: 0 0 0

#Transform 178
Transform: AffineTransform_float_3_3
Parameters: 0.999993 -0.00355697 0.00150804 0.00355357 0.999991 0.00237584 -0.00151596 -0.00237041 0.999996 0.0658824 -0.0322332 -0.0679042
FixedParameters: 0 0 0

#Transform 179
Transform: AffineTransform_float_3_3
Parameters: 0.999992 -0.00352865 0.00180154 0.00352511 0.999992 0.00214716 -0.00180905 -0.00214032 0.999996 0.0715591 -0.0254653 -0.074219
FixedParameters: 0 0 0

#Transform 180
Transform: AffineTransform_float_3_3
Parameters: 0.999992 -0.00373663 0.00166772 0.00373348 0.999991 0.00171954 -0.00167394 -0.00171399 0.999997 0.0802294 -0.0283699 -0.0740312
FixedParameters: 0 0 0

#Transform 181
Transform: AffineTransform_float_3_3
Parameters: 0.999991 -0.00369776 0.00192424 0.00369436 0.999991 0.00190686 -0.00193138 -0.00189947 0.999996 0.0657871 -0.0119737 -0.0850749
FixedParameters: 0 0 0

#Transform 182
Transform: AffineTransform_float_3_3
Parameters: 0.999992 -0.00361112 0.00175866 0.00360764 0.999992 0.00172424 -0.00176448 -0.00171845 0.999997 0.0726566 -0.0233589 -0.0680376
FixedParameters: 0 0 0

#Transform 183
Transform: AffineTransform_float_3_3
Parameters: 0.999991 -0.00366292 0.00190871 0.00365993 0.999992 0.001817 -0.00191506 -0.00180986 0.999996 0.0732702 -0.0189933 -0.0761608
FixedParameters: 0 0 0

#Transform 184
Transform: AffineTransform_float_3_3
Parameters: 0.999991 -0.0037698 0.00204265 0.00376626 0.999991 0.00186953 -0.00204965 -0.00186231 0.999996 0.0675505 -0.0204069 -0.0770769
FixedParameters: 0 0 0

#Transform 185
Transform: AffineTransform_float_3_3
Parameters: 0.999992 -0.0036728 0.00181722 0.00366911 0.999992 0.00172643 -0.00182327 -0.00172 0.999997 0.0759135 -0.0293238 -0.0622401
FixedParameters: 0 0 0

#Transform 186
Transform: AffineTransform_float_3_3
Parameters: 0.999991 -0.00374649 0.00201779 0.00374265 0.999991 0.00205358 -0.00202536 -0.00204521 0.999996 0.0601949 -0.0145958 -0.0661908
FixedParameters: 0 0 0

#Transform 187
Transform: AffineTransform_float_3_3
Parameters: 0.999992 -0.00347417 0.00190417 0.00347094 0.999992 0.00175242 -0.00191034 -0.0017457 0.999997 0.0686443 -0.0360784 -0.052204
FixedParameters: 0 0 0

#Transform 188
Transform: AffineTransform_float_3_3
Parameters: 0.999992 -0.00355661 0.00186998 0.00355246 0.999991 0.00227367 -0.00187839 -0.00226758 0.999996 0.061123 -0.0244269 -0.070672
FixedParameters: 0 0 0

#Transform 189
Transform: AffineTransform_float_3_3
Parameters: 0.999992 -0.00352264 0.00197064 0.00351796 0.999991 0.00242057 -0.00197907 -0.00241381 0.999995 0.0588858 -0.0452717 -0.0649917
FixedParameters: 0 0 0
