#Insight Transform File V1.0
#Transform 0
Transform: AffineTransform_float_3_3
Parameters: 0.999997 0.00218016 -0.0010977 -0.00217855 0.999997 0.00145214 0.00110173 -0.00144977 0.999998 -0.0303657 -0.0304767 0.00452546
FixedParameters: 0 0 0

#Transform 1
Transform: AffineTransform_float_3_3
Parameters: 0.999997 0.00198878 -0.000927265 -0.00198765 0.999997 0.00121843 0.000930553 -0.0012162 0.999999 -0.0343778 -7.85419e-05 0.00286166
FixedParameters: 0 0 0

#Transform 2
Transform: AffineTransform_float_3_3
Parameters: 0.999998 0.00205622 -0.00106622 -0.00205504 0.999998 0.00100939 0.00106886 -0.00100646 0.999999 -0.0281237 -0.0157131 0.0140653
FixedParameters: 0 0 0

#Transform 3
Transform: AffineTransform_float_3_3
Parameters: 0.999998 0.00179277 -0.00105976 -0.00179096 0.999998 0.000950997 0.00106111 -0.000949146 0.999999 -0.0223366 0.00904631 -0.00755468
FixedParameters: 0 0 0

#Transform 4
Transform: AffineTransform_float_3_3
Parameters: 0.999999 0.00171225 -0.000819923 -0.00171158 0.999998 0.00104301 0.00082188 -0.00104078 0.999999 -0.0288874 0.00440534 -0.0152007
FixedParameters: 0 0 0

#Transform 5
Transform: AffineTransform_float_3_3
Parameters: 0.999998 0.00170133 -0.00112254 -0.0017004 0.999998 0.000839233 0.0011238 -0.000836455 0.999999 -0.0187942 -0.0281342 0.0104942
FixedParameters: 0 0 0

#Transform 6
Transform: AffineTransform_float_3_3
Parameters: 0.999998 0.00161827 -0.000671332 -0.0016178 0.999998 0.00124145 0.000673689 -0.00123986 0.999999 -0.031234 0.0187945 -0.0157624
FixedParameters: 0 0 0

#Transform 7
Transform: AffineTransform_float_3_3
Parameters: 0.999998 0.00160594 -0.000527354 -0.00160528 0.999997 0.00136067 0.000528712 -0.00136012 0.999999 -0.0354166 0.00640672 -0.00268511
FixedParameters: 0 0 0

#Transform 8
Transform: AffineTransform_float_3_3
Parameters: 0.999998 0.00157741 -0.000680322 -0.00157635 0.999997 0.00134934 0.000681565 -0.00134834 0.999999 -0.0100921 -0.0154848 0.00613306
FixedParameters: 0 0 0

#Transform 9
Transform: AffineTransform_float_3_3
Parameters: 0.999999 0.00131096 -0.000282302 -0.00131129 0.999998 0.00138686 0.000284297 -0.00138716 0.999999 -0.0247481 0.0141043 -0.0119955
FixedParameters: 0 0 0

#Transform 10
Transform: AffineTransform_float_3_3
Parameters: 1 0.00112974 -0.000150291 -0.00112903 0.999998 0.00122445 0.000151688 -0.00122421 0.999999 -0.0251109 -0.00651124 0.00798714
FixedParameters: 0 0 0

#Transform 11
Transform: AffineTransform_float_3_3
Parameters: 0.999999 0.00102497 -0.000246797 -0.00102481 0.999999 0.00116184 0.000246896 -0.00116106 0.999999 -0.0157502 -0.0237159 0.0175796
FixedParameters: 0 0 0

#Transform 12
Transform: AffineTransform_float_3_3
Parameters: 0.999999 0.000950058 -0.000209494 -0.00094942 0.999999 0.00128799 0.000210508 -0.00128724 0.999999 -0.0200316 -0.000195291 -0.00117915
FixedParameters: 0 0 0

#Transform 13
Transform: AffineTransform_float_3_3
Parameters: 0.999999 0.000948255 -5.69051e-05 -0.000948024 0.999999 0.00117266 5.76968e-05 -0.0011722 0.999999 -0.0293207 -0.00762399 0.000972991
FixedParameters: 0 0 0

#Transform 14
Transform: AffineTransform_float_3_3
Parameters: 0.999999 0.00127736 -0.000320216 -0.00127768 0.999998 0.00123617 0.000321732 -0.0012364 1 -0.0197688 -0.0435401 0.010232
FixedParameters: 0 0 0

#Transform 15
Transform: AffineTransform_float_3_3
Parameters: 0.999999 0.00129191 -0.000367665 -0.00129157 0.999998 0.00183888 0.000369342 -0.00183862 0.999998 -0.0242545 0.0214955 -0.0166102
FixedParameters: 0 0 0

#Transform 16
Transform: AffineTransform_float_3_3
Parameters: 0.999999 0.000969645 -0.000492399 -0.000968859 0.999998 0.00156901 0.000494601 -0.00156902 0.999999 -0.00594552 -0.00551967 0.00678342
FixedParameters: 0 0 0

#Transform 17
Transform: AffineTransform_float_3_3
Parameters: 0.999999 0.000642199 -0.000448359 -0.000641542 0.999998 0.00147529 0.000449355 -0.00147479 0.999999 0.00842913 -0.000448407 0.001861
FixedParameters: 0 0 0

#Transform 18
Transform: AffineTransform_float_3_3
Parameters: 0.999999 0.000660838 -0.000300906 -0.000660233 0.999999 0.0012658 0.000302531 -0.00126541 0.999999 0.00273832 0.00517815 -0.0124386
FixedParameters: 0 0 0

#Transform 19
Transform: AffineTransform_float_3_3
Parameters: 1 0.000445916 -0.000272183 -0.000445524 0.999999 0.000720277 0.000272825 -0.000720034 0.999999 -0.0017723 0.00927368 -0.00106394
FixedParameters: 0 0 0

#Transform 20
Transform: AffineTransform_float_3_3
Parameters: 1 0.000230881 -0.000329191 -0.000230465 1 0.000631509 0.000329482 -0.000631357 0.999999 0.00956891 -0.0134872 0.0127686
FixedParameters: 0 0 0

#Transform 21
Transform: AffineTransform_float_3_3
Parameters: 1 0.000345773 -0.000374396 -0.000345245 0.999999 0.000704469 0.000374882 -0.00070421 0.999999 0.0101963 0.0116649 -0.00961926
FixedParameters: 0 0 0

#Transform 22
Transform: AffineTransform_float_3_3
Parameters: 1 -0.000397588 0.000576997 0.00039763 1 -0.000476964 -0.000577467 0.000477342 0.999999 -0.0154434 0.0513152 -0.0232559
FixedParameters: 0 0 0

#Transform 23
Transform: AffineTransform_float_3_3
Parameters: 1 0.000454336 -0.000196573 -0.000454612 0.999999 -0.000703822 0.000195934 0.000704001 0.999999 -0.00363736 0.00517817 0.0109986
FixedParameters: 0 0 0

#Transform 24
Transform: AffineTransform_float_3_3
Parameters: 1 -0.000319623 0.000274871 0.000319746 1 -0.000225167 -0.000274727 0.000225343 1 -0.0130612 0.0497358 -0.0430077
FixedParameters: 0 0 0

#Transform 25
Transform: AffineTransform_float_3_3
Parameters: 0.999999 0.000258517 0.000682075 -0.000258298 1 -0.000160478 -0.000682158 0.000160125 1 -0.0365523 0.052396 -0.0218454
FixedParameters: 0 0 0

#Transform 26
Transform: AffineTransform_float_3_3
Parameters: 1 -0.000185429 0.000531856 0.000185366 1 -0.000826402 -0.000530973 0.000825735 0.999999 -0.0166629 0.0420324 -0.0237536
FixedParameters: 0 0 0

#Transform 27
Transform: AffineTransform_float_3_3
Parameters: 1 -0.000259362 0.000532 0.000259087 1 -0.000537146 -0.000531203 0.000537443 0.999999 -0.0173971 0.0578795 -0.0404703
FixedParameters: 0 0 0

#Transform 28
Transform: AffineTransform_float_3_3
Parameters: 1 -0.000282999 0.000626933 0.000284129 1 -0.00102866 -0.000626397 0.00102902 1 -0.0138505 0.0327023 -0.0224712
FixedParameters: 0 0 0

#Transform 29
Transform: AffineTransform_float_3_3
Parameters: 1 -0.000443938 0.00123802 0.000448282 0.999995 -0.0031466 -0.00123601 0.00314668 0.999994 -0.0111724 0.179651 -0.259939
FixedParameters: 0 0 0

#Transform 30
Transform: AffineTransform_float_3_3
Parameters: 0.999999 -0.000873863 0.00164311 0.000877719 0.999998 -0.00174504 -0.00164116 0.00174643 0.999997 -0.00741836 0.0909142 -0.158677
FixedParameters: 0 0 0

#Transform 31
Transform: AffineTransform_float_3_3
Parameters: 0.999998 -0.000980231 0.0017814 0.000982815 0.999999 -0.00137162 -0.00178065 0.00137308 0.999998 -0.0207956 0.0856853 -0.108359
FixedParameters: 0 0 0

#Transform 32
Transform: AffineTransform_float_3_3
Parameters: 0.999998 -0.00112211 0.00184397 0.00112364 0.999999 -0.00101696 -0.00184359 0.00101954 0.999997 -0.0242968 0.0147532 -0.0572732
FixedParameters: 0 0 0

#Transform 33
Transform: AffineTransform_float_3_3
Parameters: 0.999998 -0.00140316 0.0014358 0.00140344 0.999999 -0.000203427 -0.00143586 0.000205152 0.999999 -0.0163134 0.0414718 -0.0808085
FixedParameters: 0 0 0

#Transform 34
Transform: AffineTransform_float_3_3
Parameters: 0.999998 -0.00102924 0.0013573 0.0010299 0.999999 -0.00071112 -0.00135615 0.000713393 0.999999 -0.0249659 0.0671987 -0.0935151
FixedParameters: 0 0 0

#Transform 35
Transform: AffineTransform_float_3_3
Parameters: 0.999999 -0.000810999 0.00161639 0.000812201 1 -0.000453796 -0.00161644 0.000455881 0.999999 -0.020596 -0.0103766 -0.03234
FixedParameters: 0 0 0

#Transform 36
Transform: AffineTransform_float_3_3
Parameters: 0.999999 -0.000689449 0.00116756 0.000688245 0.999999 0.00130778 -0.00116811 -0.00130738 0.999999 -0.01765 0.0802987 -0.101614
FixedParameters: 0 0 0

#Transform 37
Transform: AffineTransform_float_3_3
Parameters: 0.999998 -0.00100095 0.00133979 0.000999476 0.999999 0.00124226 -0.00134101 -0.00124079 0.999998 -0.0228396 0.046769 -0.0751156
FixedParameters: 0 0 0

#Transform 38
Transform: AffineTransform_float_3_3
Parameters: 0.999998 -0.0014262 0.00128591 0.00142459 0.999997 0.00176506 -0.00128788 -0.00176332 0.999997 -0.0135664 0.0320622 -0.0771092
FixedParameters: 0 0 0

#Transform 39
Transform: AffineTransform_float_3_3
Parameters: 0.999998 -0.00127528 0.00128517 0.00127323 0.999998 0.00174009 -0.00128739 -0.00173882 0.999997 -0.0223969 0.0375382 -0.0615566
FixedParameters: 0 0 0

#Transform 40
Transform: AffineTransform_float_3_3
Parameters: 0.999998 -0.00102592 0.00164076 0.00102382 0.999999 0.00112203 -0.00164259 -0.00112041 0.999998 -0.0423001 0.0286801 -0.0451106
FixedParameters: 0 0 0

#Transform 41
Transform: AffineTransform_float_3_3
Parameters: 0.999998 -0.00128889 0.00149234 0.00128697 0.999999 0.00103313 -0.00149318 -0.00103046 0.999998 -0.02509 -0.0128977 -0.0297238
FixedParameters: 0 0 0

#Transform 42
Transform: AffineTransform_float_3_3
Parameters: 0.999998 -0.00135462 0.00136834 0.00135229 0.999998 0.00155015 -0.00137117 -0.00154853 0.999998 -0.0212463 0.0233773 -0.0615296
FixedParameters: 0 0 0

#Transform 43
Transform: AffineTransform_float_3_3
Parameters: 0.999997 -0.00137852 0.00155133 0.00137581 0.999998 0.00165598 -0.00155368 -0.00165371 0.999997 -0.0301381 0.00626907 -0.0464241
FixedParameters: 0 0 0

#Transform 44
Transform: AffineTransform_float_3_3
Parameters: 0.999998 -0.00156759 0.0012187 0.00156539 0.999998 0.00151497 -0.00122073 -0.00151267 0.999998 -0.00486501 -0.0109418 -0.0356701
FixedParameters: 0 0 0

#Transform 45
Transform: AffineTransform_float_3_3
Parameters: 0.999998 -0.0016068 0.00163375 0.00160426 0.999998 0.00115368 -0.00163553 -0.00115049 0.999998 -0.0219819 0.0256966 -0.0568039
FixedParameters: 0 0 0

#Transform 46
Transform: AffineTransform_float_3_3
Parameters: 0.999998 -0.00134484 0.00187233 0.00134403 0.999999 0.00056352 -0.00187407 -0.000561186 0.999998 -0.0378421 0.0364289 -0.0569076
FixedParameters: 0 0 0

#Transform 47
Transform: AffineTransform_float_3_3
Parameters: 0.999998 -0.00129463 0.00183212 0.00129294 0.999999 0.000705907 -0.0018329 -0.000702885 0.999998 -0.0298348 0.0130462 -0.054967
FixedParameters: 0 0 0

#Transform 48
Transform: AffineTransform_float_3_3
Parameters: 0.999997 -0.00148096 0.00190155 0.00147799 0.999998 0.00134719 -0.00190411 -0.00134411 0.999997 -0.031348 0.0567919 -0.0774362
FixedParameters: 0 0 0

#Transform 49
Transform: AffineTransform_float_3_3
Parameters: 0.999997 -0.00162695 0.00198327 0.00162393 0.999998 0.00144753 -0.00198559 -0.00144443 0.999997 -0.03407 0.0515676 -0.0660589
FixedParameters: 0 0 0

#Transform 50
Transform: AffineTransform_float_3_3
Parameters: 0.999996 -0.00214272 0.0017755 0.00213962 0.999997 0.00123163 -0.00177866 -0.00122831 0.999998 -0.00563161 0.0295172 -0.070675
FixedParameters: 0 0 0

#Transform 51
Transform: AffineTransform_float_3_3
Parameters: 0.999996 -0.00203184 0.00187266 0.0020286 0.999996 0.00170346 -0.00187628 -0.0017 0.999997 -0.01724 0.0312836 -0.072374
FixedParameters: 0 0 0

#Transform 52
Transform: AffineTransform_float_3_3
Parameters: 0.999996 -0.00208384 0.00176229 0.00208097 0.999996 0.00134791 -0.001765 -0.00134389 0.999998 -0.00903797 0.00636892 -0.0530832
FixedParameters: 0 0 0

#Transform 53
Transform: AffineTransform_float_3_3
Parameters: 0.999995 -0.00242088 0.00199883 0.00241821 0.999996 0.00113751 -0.00200134 -0.00113158 0.999997 -0.0140073 0.0311121 -0.0621056
FixedParameters: 0 0 0

#Transform 54
Transform: AffineTransform_float_3_3
Parameters: 0.999995 -0.0020634 0.0023148 0.00206177 0.999998 0.00047898 -0.00231626 -0.000473872 0.999996 -0.0271593 0.0376986 -0.056582
FixedParameters: 0 0 0

#Transform 55
Transform: AffineTransform_float_3_3
Parameters: 0.999994 -0.00220988 0.00240946 0.00220854 0.999997 0.0003971 -0.00241063 -0.000392243 0.999997 -0.0296591 0.02968 -0.063631
FixedParameters: 0 0 0

#Transform 56
Transform: AffineTransform_float_3_3
Parameters: 0.999994 -0.00221727 0.00234806 0.00221684 0.999998 0.000485343 -0.00234931 -0.000480199 0.999996 -0.00829499 0.0238786 -0.063754
FixedParameters: 0 0 0

#Transform 57
Transform: AffineTransform_float_3_3
Parameters: 0.999993 -0.00233274 0.00265403 0.00232922 0.999996 0.00107313 -0.00265588 -0.00106676 0.999996 -0.0313692 0.0383062 -0.0657376
FixedParameters: 0 0 0

#Transform 58
Transform: AffineTransform_float_3_3
Parameters: 0.999994 -0.00222239 0.00267329 0.00221956 0.999997 0.00109689 -0.00267553 -0.00109104 0.999996 -0.0293783 0.0282688 -0.0524754
FixedParameters: 0 0 0

#Transform 59
Transform: AffineTransform_float_3_3
Parameters: 0.999994 -0.00182685 0.00266015 0.00182462 0.999998 0.000880977 -0.00266169 -0.000876493 0.999996 -0.0385677 0.030885 -0.0617928
FixedParameters: 0 0 0

#Transform 60
Transform: AffineTransform_float_3_3
Parameters: 0.999995 -0.00199187 0.00243245 0.00199061 0.999998 0.000487483 -0.00243312 -0.000481739 0.999997 -0.0242464 0.015458 -0.0582361
FixedParameters: 0 0 0

#Transform 61
Transform: AffineTransform_float_3_3
Parameters: 0.999994 -0.00232656 0.00245401 0.00232367 0.999997 0.000912696 -0.00245597 -0.00090691 0.999997 -0.0218771 0.0536598 -0.0818797
FixedParameters: 0 0 0

#Transform 62
Transform: AffineTransform_float_3_3
Parameters: 0.999994 -0.00243825 0.0025312 0.00243736 0.999997 3.63188e-05 -0.00253101 -3.07099e-05 0.999997 -0.0267206 0.0743088 -0.089503
FixedParameters: 0 0 0

#Transform 63
Transform: AffineTransform_float_3_3
Parameters: 0.999994 -0.00236452 0.00233489 0.00236504 0.999997 -0.000418778 -0.00233363 0.00042523 0.999997 -0.0194398 0.0784252 -0.0800432
FixedParameters: 0 0 0

#Transform 64
Transform: AffineTransform_float_3_3
Parameters: 0.999995 -0.00237949 0.00233347 0.00237977 0.999997 -1.11715e-05 -0.00233363 1.64097e-05 0.999997 -0.0138856 0.0402318 -0.0722587
FixedParameters: 0 0 0

#Transform 65
Transform: AffineTransform_float_3_3
Parameters: 0.999995 -0.00216732 0.0023769 0.00216562 0.999998 0.000679799 -0.00237767 -0.000674247 0.999997 -0.0291796 0.0791264 -0.0999498
FixedParameters: 0 0 0

#Transform 66
Transform: AffineTransform_float_3_3
Parameters: 0.999994 -0.0024785 0.0024656 0.00247757 0.999997 0.000421421 -0.00246614 -0.000415792 0.999997 -0.0177791 0.0455901 -0.08104
FixedParameters: 0 0 0

#Transform 67
Transform: AffineTransform_float_3_3
Parameters: 0.999994 -0.00276769 0.00234982 0.00276624 0.999996 0.000854638 -0.00235257 -0.00084904 0.999997 -0.0028643 0.0767637 -0.103325
FixedParameters: 0 0 0

#Transform 68
Transform: AffineTransform_float_3_3
Parameters: 0.999993 -0.00277183 0.00250357 0.00276897 0.999995 0.00117204 -0.00250733 -0.00116461 0.999996 -0.0168574 0.0645288 -0.0968643
FixedParameters: 0 0 0

#Transform 69
Transform: AffineTransform_float_3_3
Parameters: 0.999993 -0.00263494 0.0023632 0.00263298 0.999996 0.000766361 -0.00236485 -0.000760419 0.999997 -0.00534777 0.0373615 -0.0835302
FixedParameters: 0 0 0

#Transform 70
Transform: AffineTransform_float_3_3
Parameters: 0.999993 -0.00273031 0.00257422 0.00272745 0.999996 0.00114166 -0.00257772 -0.00113405 0.999996 -0.0184569 0.0670854 -0.0989572
FixedParameters: 0 0 0

#Transform 71
Transform: AffineTransform_float_3_3
Parameters: 0.999993 -0.00277332 0.00255843 0.00277102 0.999996 0.000785723 -0.00256029 -0.000778926 0.999996 -0.0165446 0.049995 -0.0794257
FixedParameters: 0 0 0

#Transform 72
Transform: AffineTransform_float_3_3
Parameters: 0.999993 -0.00254332 0.00271089 0.00254018 0.999996 0.00115025 -0.002714 -0.00114338 0.999996 -0.0293932 0.0740703 -0.0921257
FixedParameters: 0 0 0

#Transform 73
Transform: AffineTransform_float_3_3
Parameters: 0.999993 -0.00237652 0.00261187 0.00237411 0.999997 0.000780767 -0.00261327 -0.000774448 0.999997 -0.0282431 0.0763829 -0.129197
FixedParameters: 0 0 0

#Transform 74
Transform: AffineTransform_float_3_3
Parameters: 0.999994 -0.00238415 0.00247957 0.00238229 0.999997 0.000609477 -0.00248102 -0.000603827 0.999998 -0.0209116 0.0662773 -0.118214
FixedParameters: 0 0 0

#Transform 75
Transform: AffineTransform_float_3_3
Parameters: 0.999993 -0.00272122 0.00252544 0.00271789 0.999996 0.00109019 -0.00252812 -0.00108287 0.999996 -0.0128949 0.0752209 -0.110831
FixedParameters: 0 0 0

#Transform 76
Transform: AffineTransform_float_3_3
Parameters: 0.999992 -0.00282596 0.00274666 0.00282236 0.999996 0.00121525 -0.00275069 -0.00120705 0.999995 -0.0153745 0.0583905 -0.107044
FixedParameters: 0 0 0

#Transform 77
Transform: AffineTransform_float_3_3
Parameters: 0.999992 -0.00268244 0.0026925 0.00268045 0.999996 0.000944695 -0.00269482 -0.000937163 0.999996 -0.00148976 0.0474689 -0.106414
FixedParameters: 0 0 0

#Transform 78
Transform: AffineTransform_float_3_3
Parameters: 0.999992 -0.00295987 0.00300171 0.00295377 0.999993 0.00196076 -0.0030083 -0.00195191 0.999994 -0.0183764 0.0665745 -0.116531
FixedParameters: 0 0 0

#Transform 79
Transform: AffineTransform_float_3_3
Parameters: 0.999991 -0.00291354 0.00305522 0.00290796 0.999994 0.00181541 -0.00306082 -0.00180652 0.999994 -0.0175976 0.0478987 -0.0968851
FixedParameters: 0 0 0

#Transform 80
Transform: AffineTransform_float_3_3
Parameters: 0.999991 -0.00311567 0.00292738 0.00311036 0.999993 0.00172923 -0.00293252 -0.0017203 0.999994 -0.00405265 0.0549472 -0.101872
FixedParameters: 0 0 0

#Transform 81
Transform: AffineTransform_float_3_3
Parameters: 0.999991 -0.00296226 0.00309372 0.00295615 0.999993 0.00198855 -0.00309963 -0.00197906 0.999993 -0.0176963 0.0608649 -0.105953
FixedParameters: 0 0 0

#Transform 82
Transform: AffineTransform_float_3_3
Parameters: 0.999992 -0.00299568 0.00272054 0.00299193 0.999995 0.00121944 -0.00272351 -0.00121172 0.999996 0.0013224 0.0415102 -0.0902472
FixedParameters: 0 0 0

#Transform 83
Transform: AffineTransform_float_3_3
Parameters: 0.99999 -0.00324771 0.00315818 0.00324099 0.999992 0.00213153 -0.00316512 -0.002122 0.999993 -0.0147057 0.0689128 -0.11653
FixedParameters: 0 0 0

#Transform 84
Transform: AffineTransform_float_3_3
Parameters: 0.999992 -0.0029153 0.0030542 0.00290889 0.999994 0.00212909 -0.00305983 -0.00212093 0.999993 -0.0236203 0.043649 -0.101917
FixedParameters: 0 0 0

#Transform 85
Transform: AffineTransform_float_3_3
Parameters: 0.999992 -0.00280709 0.00271883 0.00280313 0.999995 0.00171659 -0.00272362 -0.00170891 0.999995 0.000483098 0.0290491 -0.0884923
FixedParameters: 0 0 0

#Transform 86
Transform: AffineTransform_float_3_3
Parameters: 0.999991 -0.00278938 0.00312498 0.00278199 0.999994 0.00221873 -0.00313078 -0.00220919 0.999993 -0.0264553 0.0689079 -0.112337
FixedParameters: 0 0 0

#Transform 87
Transform: AffineTransform_float_3_3
Parameters: 0.999991 -0.00293933 0.00307186 0.00293361 0.999993 0.00195226 -0.00307745 -0.0019435 0.999994 -0.0144538 0.0383091 -0.0936776
FixedParameters: 0 0 0

#Transform 88
Transform: AffineTransform_float_3_3
Parameters: 0.999992 -0.00258601 0.00311229 0.00258097 0.999995 0.00164553 -0.0031168 -0.00163666 0.999994 -0.0289871 0.0583194 -0.104273
FixedParameters: 0 0 0

#Transform 89
Transform: AffineTransform_float_3_3
Parameters: 0.999992 -0.00240095 0.00305341 0.00239566 0.999995 0.00178748 -0.00305718 -0.00178044 0.999994 -0.0360149 0.0468598 -0.0952606
FixedParameters: 0 0 0

#Transform 90
Transform: AffineTransform_float_3_3
Parameters: 0.999993 -0.00264464 0.00265688 0.00264291 0.999996 0.000807535 -0.00265917 -0.000800894 0.999996 -0.0258623 0.0426387 -0.0743627
FixedParameters: 0 0 0

#Transform 91
Transform: AffineTransform_float_3_3
Parameters: 0.999996 -0.00137245 0.00246625 0.00137422 0.999999 -0.000524204 -0.00246483 0.000527774 0.999997 -0.0464467 0.0356798 -0.0867194
FixedParameters: 0 0 0

#Transform 92
Transform: AffineTransform_float_3_3
Parameters: 0.999996 -0.00164855 0.00219439 0.00164593 0.999997 0.0014295 -0.00219722 -0.00142609 0.999996 -0.0239092 0.0319052 -0.0876767
FixedParameters: 0 0 0

#Transform 93
Transform: AffineTransform_float_3_3
Parameters: 0.999994 -0.00255904 0.00214085 0.00255519 0.999995 0.00188637 -0.00214538 -0.00188028 0.999996 -0.000842052 0.104256 -0.142632
FixedParameters: 0 0 0

#Transform 94
Transform: AffineTransform_float_3_3
Parameters: 0.999994 -0.00258092 0.00198559 0.00257896 0.999996 0.00103933 -0.00198916 -0.00103469 0.999997 0.00184491 0.122939 -0.162105
FixedParameters: 0 0 0

#Transform 95
Transform: AffineTransform_float_3_3
Parameters: 0.999994 -0.00262571 0.00212911 0.00262322 0.999996 0.00105235 -0.00213142 -0.00104668 0.999996 -0.00201516 0.0834953 -0.133472
FixedParameters: 0 0 0

#Transform 96
Transform: AffineTransform_float_3_3
Parameters: 0.999993 -0.00293184 0.00216561 0.00292961 0.999995 0.00101 -0.00216819 -0.00100415 0.999997 0.00621976 0.0906286 -0.131487
FixedParameters: 0 0 0

#Transform 97
Transform: AffineTransform_float_3_3
Parameters: 0.999993 -0.00300042 0.00226477 0.0029976 0.999995 0.0013593 -0.0022693 -0.0013525 0.999997 0.00258701 0.0855847 -0.131927
FixedParameters: 0 0 0

#Transform 98
Transform: AffineTransform_float_3_3
Parameters: 0.999992 -0.00345339 0.00214979 0.00345431 0.999994 -0.000446173 -0.00214839 0.000453727 0.999997 0.00974525 0.126596 -0.154818
FixedParameters: 0 0 0

#Transform 99
Transform: AffineTransform_float_3_3
Parameters: 0.999993 -0.0029419 0.00227011 0.00294498 0.999995 -0.00100409 -0.00226692 0.00101092 0.999997 0.00345759 0.0940668 -0.145214
FixedParameters: 0 0 0

#Transform 100
Transform: AffineTransform_float_3_3
Parameters: 0.999994 -0.00273566 0.00213076 0.00273897 0.999996 -0.00118087 -0.00212708 0.00118645 0.999997 0.0041236 0.0841178 -0.121254
FixedParameters: 0 0 0

#Transform 101
Transform: AffineTransform_float_3_3
Parameters: 0.999994 -0.00274663 0.00223664 0.00274818 0.999996 -0.000447883 -0.0022352 0.000453797 0.999997 0.00240999 0.0256746 -0.0708148
FixedParameters: 0 0 0

#Transform 102
Transform: AffineTransform_float_3_3
Parameters: 0.999994 -0.0027378 0.00220268 0.00273794 0.999996 -3.76811e-05 -0.00220266 4.39126e-05 0.999997 -0.0113068 0.135104 -0.146737
FixedParameters: 0 0 0

#Transform 103
Transform: AffineTransform_float_3_3
Parameters: 0.999992 -0.00320397 0.00253327 0.00320529 0.999994 -0.000704818 -0.00253084 0.000713654 0.999997 -0.00886292 0.124114 -0.130131
FixedParameters: 0 0 0

#Transform 104
Transform: AffineTransform_float_3_3
Parameters: 0.999992 -0.00314862 0.00252003 0.00315163 0.999995 -0.000996875 -0.00251715 0.00100436 0.999997 0.00799754 0.0927962 -0.118241
FixedParameters: 0 0 0

#Transform 105
Transform: AffineTransform_float_3_3
Parameters: 0.999988 -0.00409745 0.00294864 0.00409865 0.999992 -0.00028959 -0.00294736 0.000301131 0.999996 0.00589681 0.137793 -0.146987
FixedParameters: 0 0 0

#Transform 106
Transform: AffineTransform_float_3_3
Parameters: 0.999987 -0.00402682 0.00301052 0.00402835 0.999992 -0.000363569 -0.00300874 0.000375187 0.999995 0.00679911 0.1126 -0.129034
FixedParameters: 0 0 0

#Transform 107
Transform: AffineTransform_float_3_3
Parameters: 0.999989 -0.00377044 0.00289028 0.00377365 0.999993 -0.000869489 -0.00288679 0.000880257 0.999996 0.00617931 0.0730255 -0.112324
FixedParameters: 0 0 0

#Transform 108
Transform: AffineTransform_float_3_3
Parameters: 0.99999 -0.00362559 0.00287421 0.00362671 0.999993 -0.000199726 -0.00287329 0.000210674 0.999995 0.00417982 0.105004 -0.134002
FixedParameters: 0 0 0

#Transform 109
Transform: AffineTransform_float_3_3
Parameters: 0.999991 -0.00296996 0.00296969 0.00297245 0.999996 -0.000531091 -0.00296816 0.000539596 0.999996 -0.0166014 0.0876704 -0.117855
FixedParameters: 0 0 0

#Transform 110
Transform: AffineTransform_float_3_3
Parameters: 0.999993 -0.00294015 0.00264202 0.00294288 0.999995 -0.00076769 -0.00264009 0.000775352 0.999997 -0.0051374 0.0621093 -0.0995685
FixedParameters: 0 0 0

#Transform 111
Transform: AffineTransform_float_3_3
Parameters: 0.999991 -0.00336447 0.00264997 0.00336425 0.999994 -7.1755e-06 -0.00265062 1.5993e-05 0.999996 0.00341079 0.101315 -0.136081
FixedParameters: 0 0 0

#Transform 112
Transform: AffineTransform_float_3_3
Parameters: 0.99999 -0.00323972 0.00284875 0.00323849 0.999995 0.000454019 -0.00284982 -0.000444797 0.999995 -0.0110174 0.0958525 -0.128564
FixedParameters: 0 0 0

#Transform 113
Transform: AffineTransform_float_3_3
Parameters: 0.999992 -0.00320916 0.00265793 0.00320948 0.999995 -1.36318e-05 -0.00265769 2.17561e-05 0.999996 0.00108639 0.0676975 -0.100609
FixedParameters: 0 0 0

#Transform 114
Transform: AffineTransform_float_3_3
Parameters: 0.999991 -0.00320557 0.00279622 0.00320399 0.999994 0.000539333 -0.00279779 -0.000531103 0.999996 -0.00280575 0.102679 -0.139862
FixedParameters: 0 0 0

#Transform 115
Transform: AffineTransform_float_3_3
Parameters: 0.999991 -0.00298474 0.00297859 0.0029837 0.999995 0.000420995 -0.00297937 -0.000411146 0.999996 -0.017107 0.0991817 -0.136348
FixedParameters: 0 0 0

#Transform 116
Transform: AffineTransform_float_3_3
Parameters: 0.999991 -0.00328361 0.00287612 0.00328366 0.999994 0.000179718 -0.00287621 -0.000170604 0.999996 -0.00125673 0.0733786 -0.11048
FixedParameters: 0 0 0

#Transform 117
Transform: AffineTransform_float_3_3
Parameters: 0.999988 -0.00357183 0.00309503 0.00357025 0.999993 0.000589291 -0.00309628 -0.000578561 0.999995 0.000546106 0.0975971 -0.137191
FixedParameters: 0 0 0

#Transform 118
Transform: AffineTransform_float_3_3
Parameters: 0.999989 -0.00357327 0.00297619 0.00357265 0.999993 0.000194939 -0.00297718 -0.000185288 0.999996 0.00307819 0.0648078 -0.093965
FixedParameters: 0 0 0

#Transform 119
Transform: AffineTransform_float_3_3
Parameters: 0.999988 -0.0035931 0.00311031 0.00359072 0.999994 0.000621973 -0.00311268 -0.000610619 0.999994 -0.00371638 0.0879817 -0.124046
FixedParameters: 0 0 0

#Transform 120
Transform: AffineTransform_float_3_3
Parameters: 0.999989 -0.00357709 0.003164 0.00357625 0.999993 0.000539004 -0.00316621 -0.00052784 0.999994 -0.0062551 0.0850049 -0.12192
FixedParameters: 0 0 0

#Transform 121
Transform: AffineTransform_float_3_3
Parameters: 0.999992 -0.00315725 0.00272296 0.0031572 0.999995 0.000163317 -0.00272297 -0.000155439 0.999996 0.00872755 0.0670416 -0.108268
FixedParameters: 0 0 0

#Transform 122
Transform: AffineTransform_float_3_3
Parameters: 0.999989 -0.00343737 0.00308746 0.0034346 0.999994 0.000783752 -0.00308989 -0.000773906 0.999995 -0.00500194 0.097993 -0.143155
FixedParameters: 0 0 0

#Transform 123
Transform: AffineTransform_float_3_3
Parameters: 0.999989 -0.00350091 0.00323313 0.00349847 0.999994 0.000844276 -0.00323665 -0.00083215 0.999994 -0.00569177 0.0840572 -0.122131
FixedParameters: 0 0 0

#Transform 124
Transform: AffineTransform_float_3_3
Parameters: 0.99999 -0.00344411 0.00308482 0.00344402 0.999994 0.000200996 -0.003085 -0.000190402 0.999995 -0.000217379 0.0819489 -0.114044
FixedParameters: 0 0 0

#Transform 125
Transform: AffineTransform_float_3_3
Parameters: 0.999988 -0.00373873 0.00325873 0.00373635 0.999992 0.000851712 -0.00326259 -0.000839197 0.999995 -0.0050072 0.096626 -0.1286
FixedParameters: 0 0 0

#Transform 126
Transform: AffineTransform_float_3_3
Parameters: 0.999991 -0.00329019 0.00289371 0.00328999 0.999994 0.000119851 -0.00289428 -0.000110201 0.999995 0.00431189 0.0725471 -0.103062
FixedParameters: 0 0 0

#Transform 127
Transform: AffineTransform_float_3_3
Parameters: 0.999989 -0.00361165 0.00292595 0.00360977 0.999993 0.000819141 -0.00292943 -0.0008094 0.999996 -0.00423839 0.101387 -0.11925
FixedParameters: 0 0 0

#Transform 128
Transform: AffineTransform_float_3_3
Parameters: 0.999989 -0.00349932 0.00307235 0.0034982 0.999994 0.000271242 -0.00307384 -0.000261359 0.999995 -0.00287227 0.0791228 -0.0988501
FixedParameters: 0 0 0

#Transform 129
Transform: AffineTransform_float_3_3
Parameters: 0.999988 -0.00373802 0.00328538 0.00373702 0.999993 0.000554094 -0.00328777 -0.000541886 0.999994 -0.00304234 0.067841 -0.0996713
FixedParameters: 0 0 0

#Transform 130
Transform: AffineTransform_float_3_3
Parameters: 0.999989 -0.00355617 0.00302573 0.00355319 0.999994 0.00103494 -0.00302991 -0.00102339 0.999995 -0.0156497 0.0817442 -0.101302
FixedParameters: 0 0 0

#Transform 131
Transform: AffineTransform_float_3_3
Parameters: 0.999991 -0.00330059 0.00266768 0.00329896 0.999994 0.000654355 -0.00266928 -0.0006459 0.999996 0.000811751 0.0346596 -0.0672093
FixedParameters: 0 0 0

#Transform 132
Transform: AffineTransform_float_3_3
Parameters: 0.99999 -0.00360199 0.00288607 0.00360056 0.999994 0.000505096 -0.00288762 -0.000495302 0.999996 -0.0075413 0.0857436 -0.0930848
FixedParameters: 0 0 0

#Transform 133
Transform: AffineTransform_float_3_3
Parameters: 0.999989 -0.00362119 0.00315088 0.00361921 0.999993 0.000506947 -0.00315324 -0.000495662 0.999995 -0.0137579 0.0751958 -0.0954083
FixedParameters: 0 0 0

#Transform 134
Transform: AffineTransform_float_3_3
Parameters: 0.999989 -0.00368469 0.00309512 0.00368394 0.999993 0.000317311 -0.00309615 -0.000306037 0.999995 -0.0109097 0.0655506 -0.0928163
FixedParameters: 0 0 0

#Transform 135
Transform: AffineTransform_float_3_3
Parameters: 0.999989 -0.00381446 0.00281948 0.00381404 0.999993 0.000141565 -0.00282018 -0.000130752 0.999996 0.00593135 0.0742843 -0.0921582
FixedParameters: 0 0 0

#Transform 136
Transform: AffineTransform_float_3_3
Parameters: 0.99999 -0.00356557 0.00273733 0.00356482 0.999994 0.000289096 -0.00273828 -0.000279311 0.999996 -0.0129652 0.0796987 -0.0926623
FixedParameters: 0 0 0

#Transform 137
Transform: AffineTransform_float_3_3
Parameters: 0.999989 -0.00383714 0.00286469 0.00383685 0.999992 0.000145966 -0.00286538 -0.000134674 0.999996 0.00727075 0.0703927 -0.0898585
FixedParameters: 0 0 0

#Transform 138
Transform: AffineTransform_float_3_3
Parameters: 0.999988 -0.00377888 0.00289373 0.00377888 0.999993 -1.97905e-05 -0.00289404 3.08836e-05 0.999995 0.0104721 0.0605954 -0.0819129
FixedParameters: 0 0 0

#Transform 139
Transform: AffineTransform_float_3_3
Parameters: 0.999987 -0.00406706 0.00307161 0.00406663 0.999992 0.000471081 -0.00307365 -0.000458871 0.999995 -0.00479154 0.0810639 -0.0909741
FixedParameters: 0 0 0

#Transform 140
Transform: AffineTransform_float_3_3
Parameters: 0.999988 -0.00402047 0.00306262 0.00402004 0.999992 8.558e-05 -0.00306355 -7.39535e-05 0.999995 5.01398e-05 0.0635612 -0.0789694
FixedParameters: 0 0 0

#Transform 141
Transform: AffineTransform_float_3_3
Parameters: 0.999986 -0.00423009 0.00312149 0.00422957 0.999991 0.000176794 -0.00312228 -0.000163726 0.999995 -0.000941853 0.0883856 -0.0893427
FixedParameters: 0 0 0

#Transform 142
Transform: AffineTransform_float_3_3
Parameters: 0.999987 -0.00397262 0.00300113 0.0039727 0.999992 0.000160896 -0.00300104 -0.000149012 0.999996 -0.0125122 0.0752833 -0.0846435
FixedParameters: 0 0 0

#Transform 143
Transform: AffineTransform_float_3_3
Parameters: 0.999989 -0.00368871 0.00292448 0.00368746 0.999993 0.00029381 -0.00292625 -0.000283391 0.999996 -0.0013577 0.0615482 -0.0821689
FixedParameters: 0 0 0

#Transform 144
Transform: AffineTransform_float_3_3
Parameters: 0.999987 -0.0042165 0.00295143 0.00421368 0.999991 0.00106153 -0.00295679 -0.00104967 0.999995 -0.00132403 0.0978953 -0.107616
FixedParameters: 0 0 0

#Transform 145
Transform: AffineTransform_float_3_3
Parameters: 0.999987 -0.00410556 0.00323126 0.00410324 0.999991 0.000631903 -0.00323401 -0.000619471 0.999995 0.00026223 0.0704623 -0.0934364
FixedParameters: 0 0 0

#Transform 146
Transform: AffineTransform_float_3_3
Parameters: 0.999985 -0.00420829 0.00326957 0.00420467 0.99999 0.000967907 -0.00327358 -0.000953864 0.999994 -0.00316603 0.0792417 -0.106427
FixedParameters: 0 0 0

#Transform 147
Transform: AffineTransform_float_3_3
Parameters: 0.999986 -0.00426661 0.00329047 0.00426305 0.99999 0.00117031 -0.00329597 -0.0011561 0.999994 -0.00324024 0.0666568 -0.0996969
FixedParameters: 0 0 0

#Transform 148
Transform: AffineTransform_float_3_3
Parameters: 0.999985 -0.00424738 0.00323626 0.00424495 0.999991 0.000635907 -0.00323923 -0.000622053 0.999994 0.00600935 0.0671934 -0.0978748
FixedParameters: 0 0 0

#Transform 149
Transform: AffineTransform_float_3_3
Parameters: 0.999984 -0.00452592 0.00346862 0.00452371 0.999989 0.000884394 -0.00347273 -0.000868708 0.999993 -0.00559015 0.0829334 -0.106728
FixedParameters: 0 0 0

#Transform 150
Transform: AffineTransform_float_3_3
Parameters: 0.999985 -0.00421159 0.00329509 0.00420998 0.99999 0.000640186 -0.00329856 -0.000626546 0.999994 0.00285551 0.0745453 -0.0973794
FixedParameters: 0 0 0

#Transform 151
Transform: AffineTransform_float_3_3
Parameters: 0.999983 -0.00474451 0.00336846 0.00474142 0.999988 0.000814895 -0.00337258 -0.000799128 0.999994 0.0108762 0.0860061 -0.104595
FixedParameters: 0 0 0

#Transform 152
Transform: AffineTransform_float_3_3
Parameters: 0.999983 -0.00469991 0.00340639 0.00469729 0.999989 0.000661291 -0.00340984 -0.000645551 0.999994 0.00445648 0.0885059 -0.09877
FixedParameters: 0 0 0

#Transform 153
Transform: AffineTransform_float_3_3
Parameters: 0.999984 -0.00447569 0.0033622 0.00447364 0.99999 0.000651882 -0.00336453 -0.000637107 0.999994 0.00679109 0.0722859 -0.091793
FixedParameters: 0 0 0

#Transform 154
Transform: AffineTransform_float_3_3
Parameters: 0.999984 -0.00452903 0.00349953 0.00452713 0.99999 0.000482243 -0.00350204 -0.000466021 0.999993 -0.00989238 0.102698 -0.104113
FixedParameters: 0 0 0

#Transform 155
Transform: AffineTransform_float_3_3
Parameters: 0.999985 -0.00452126 0.00331121 0.00452199 0.99999 -7.82349e-05 -0.00331042 9.29908e-05 0.999994 -0.00573915 0.101526 -0.0891853
FixedParameters: 0 0 0

#Transform 156
Transform: AffineTransform_float_3_3
Parameters: 0.999984 -0.00461693 0.00341876 0.00461522 0.99999 0.000375976 -0.00342118 -0.000360849 0.999994 0.00877332 0.0865271 -0.10212
FixedParameters: 0 0 0

#Transform 157
Transform: AffineTransform_float_3_3
Parameters: 0.999983 -0.00463717 0.00357829 0.00463596 0.999989 0.00030198 -0.00358001 -0.000285699 0.999993 -0.00336977 0.104742 -0.108318
FixedParameters: 0 0 0

#Transform 158
Transform: AffineTransform_float_3_3
Parameters: 0.999984 -0.00456328 0.00329855 0.00456386 0.99999 -0.000133385 -0.00329809 0.000148224 0.999994 0.00632003 0.0878299 -0.0903866
FixedParameters: 0 0 0

#Transform 159
Transform: AffineTransform_float_3_3
Parameters: 0.999984 -0.0046872 0.00336723 0.0046868 0.999989 0.000187833 -0.00336793 -0.000172712 0.999995 0.00352789 0.0854911 -0.0888592
FixedParameters: 0 0 0

#Transform 160
Transform: AffineTransform_float_3_3
Parameters: 0.999984 -0.00436481 0.00341211 0.00436352 0.99999 0.000308453 -0.00341395 -0.000293809 0.999994 -0.00631344 0.0783893 -0.0907334
FixedParameters: 0 0 0

#Transform 161
Transform: AffineTransform_float_3_3
Parameters: 0.999985 -0.00431387 0.00321078 0.00431454 0.99999 -7.91428e-05 -0.00321022 9.29608e-05 0.999995 0.0116584 0.0758787 -0.0845862
FixedParameters: 0 0 0

#Transform 162
Transform: AffineTransform_float_3_3
Parameters: 0.999982 -0.00481604 0.00340512 0.00481501 0.999988 0.000341861 -0.0034065 -0.000324964 0.999994 0.00281697 0.130588 -0.116074
FixedParameters: 0 0 0

#Transform 163
Transform: AffineTransform_float_3_3
Parameters: 0.999984 -0.00465898 0.00318734 0.00466012 0.999989 -0.000385154 -0.00318622 0.000399426 0.999995 0.00761502 0.13251 -0.129457
FixedParameters: 0 0 0

#Transform 164
Transform: AffineTransform_float_3_3
Parameters: 0.999985 -0.00442696 0.00314896 0.00443088 0.99999 -0.00113387 -0.00314421 0.00114829 0.999994 0.00761916 0.122293 -0.127784
FixedParameters: 0 0 0

#Transform 165
Transform: AffineTransform_float_3_3
Parameters: 0.999987 -0.00427722 0.00277783 0.00427995 0.99999 -0.000897556 -0.00277393 0.000910252 0.999996 0.0268238 0.0529365 -0.0769206
FixedParameters: 0 0 0

#Transform 166
Transform: AffineTransform_float_3_3
Parameters: 0.999985 -0.00458439 0.00286753 0.00458541 0.99999 -0.000388235 -0.00286578 0.000400977 0.999996 0.0127191 0.109704 -0.0976396
FixedParameters: 0 0 0

#Transform 167
Transform: AffineTransform_float_3_3
Parameters: 0.999983 -0.00480934 0.00326008 0.00481172 0.999989 -0.000578954 -0.00325698 0.000595341 0.999995 0.00251908 0.106641 -0.0915705
FixedParameters: 0 0 0

#Transform 168
Transform: AffineTransform_float_3_3
Parameters: 0.999983 -0.0048702 0.00333657 0.00487375 0.999988 -0.000896237 -0.00333194 0.000912254 0.999994 0.00468238 0.0937453 -0.0915715
FixedParameters: 0 0 0

#Transform 169
Transform: AffineTransform_float_3_3
Parameters: 0.999985 -0.00439348 0.00308959 0.00439713 0.99999 -0.000934722 -0.00308496 0.000948114 0.999995 0.0160406 0.0903013 -0.0966363
FixedParameters: 0 0 0

#Transform 170
Transform: AffineTransform_float_3_3
Parameters: 0.999982 -0.00514083 0.00321644 0.0051425 0.999987 -0.000653178 -0.00321374 0.00066981 0.999995 0.00405413 0.123756 -0.0939157
FixedParameters: 0 0 0

#Transform 171
Transform: AffineTransform_float_3_3
Parameters: 0.999981 -0.00509265 0.00335586 0.00509512 0.999987 -0.000731673 -0.0033524 0.000748952 0.999994 -0.0038161 0.103945 -0.0826436
FixedParameters: 0 0 0

#Transform 172
Transform: AffineTransform_float_3_3
Parameters: 0.999985 -0.0045321 0.00315956 0.00453425 0.999989 -0.000650038 -0.00315719 0.000664929 0.999995 0.00481217 0.0674359 -0.0825913
FixedParameters: 0 0 0

#Transform 173
Transform: AffineTransform_float_3_3
Parameters: 0.999986 -0.00395838 0.00337317 0.00395895 0.999992 -0.000342013 -0.00337196 0.000355993 0.999994 -0.0206092 0.0750202 -0.0823166
FixedParameters: 0 0 0

#Transform 174
Transform: AffineTransform_float_3_3
Parameters: 0.999986 -0.00417067 0.0033512 0.00417252 0.999991 -0.000489349 -0.00334989 0.000504059 0.999994 -0.00458207 0.0685393 -0.0667764
FixedParameters: 0 0 0

#Transform 175
Transform: AffineTransform_float_3_3
Parameters: 0.999986 -0.00409946 0.00319145 0.00409943 0.999991 -0.000272879 -0.00319062 0.0002859 0.999995 0.00171975 0.077072 -0.0843309
FixedParameters: 0 0 0

#Transform 176
Transform: AffineTransform_float_3_3
Parameters: 0.999986 -0.00417476 0.00326116 0.00417511 0.999991 -1.61656e-05 -0.00326113 2.90506e-05 0.999995 -0.00496878 0.0944432 -0.0940315
FixedParameters: 0 0 0

#Transform 177
Transform: AffineTransform_float_3_3
Parameters: 0.999984 -0.00434156 0.00345449 0.00434351 0.999991 -0.000477429 -0.003453 0.0004933 0.999994 -0.000383885 0.0585474 -0.0734144
FixedParameters: 0 0 0

#Transform 178
Transform: AffineTransform_float_3_3
Parameters: 0.999984 -0.00427642 0.00351836 0.00427705 0.99999 -0.000106327 -0.00351828 0.000120652 0.999994 -0.00108262 0.0631335 -0.0897883
FixedParameters: 0 0 0

#Transform 179
Transform: AffineTransform_float_3_3
Parameters: 0.999984 -0.00423866 0.00355677 0.00423878 0.999991 9.93899e-05 -0.00355675 -8.43837e-05 0.999993 -0.00680312 0.0886997 -0.0988329
FixedParameters: 0 0 0

#Transform 180
Transform: AffineTransform_float_3_3
Parameters: 0.999984 -0.00426137 0.00355788 0.0042628 0.999991 -0.000229144 -0.00355677 0.00024416 0.999993 -0.0112552 0.0714549 -0.0840467
FixedParameters: 0 0 0

#Transform 181
Transform: AffineTransform_float_3_3
Parameters: 0.999985 -0.00428559 0.00348414 0.00428552 0.999991 5.53932e-05 -0.00348461 -4.07546e-05 0.999994 -0.00335622 0.078344 -0.0931484
FixedParameters: 0 0 0

#Transform 182
Transform: AffineTransform_float_3_3
Parameters: 0.999986 -0.00385886 0.00348393 0.00385919 0.999992 -0.000212691 -0.00348293 0.000226473 0.999994 -0.0206952 0.0606538 -0.0696575
FixedParameters: 0 0 0

#Transform 183
Transform: AffineTransform_float_3_3
Parameters: 0.999989 -0.00316101 0.00328607 0.0031629 0.999995 -0.000572108 -0.00328428 0.000582343 0.999994 -0.0159336 0.0303155 -0.0471562
FixedParameters: 0 0 0

#Transform 184
Transform: AffineTransform_float_3_3
Parameters: 0.999988 -0.00368326 0.00316031 0.00368274 0.999993 0.000196252 -0.00316129 -0.000184586 0.999995 -0.0111075 0.0856958 -0.0890186
FixedParameters: 0 0 0

#Transform 185
Transform: AffineTransform_float_3_3
Parameters: 0.999991 -0.00323114 0.00289764 0.00322836 0.999995 0.000817632 -0.00290025 -0.000807177 0.999995 -0.0195506 0.0892097 -0.0955426
FixedParameters: 0 0 0

#Transform 186
Transform: AffineTransform_float_3_3
Parameters: 0.999992 -0.00310035 0.00276138 0.00309953 0.999995 0.000225648 -0.00276266 -0.000217035 0.999996 -0.0142894 0.0372111 -0.0684808
FixedParameters: 0 0 0

#Transform 187
Transform: AffineTransform_float_3_3
Parameters: 0.999992 -0.00305545 0.00257174 0.00305379 0.999995 0.000834033 -0.00257474 -0.000826608 0.999996 -0.0219602 0.0817259 -0.0906363
FixedParameters: 0 0 0

#Transform 188
Transform: AffineTransform_float_3_3
Parameters: 0.999993 -0.00265733 0.00261752 0.00265488 0.999996 0.00104494 -0.00262034 -0.00103748 0.999996 -0.0287375 0.0647659 -0.0816068
FixedParameters: 0 0 0

#Transform 189
Transform: AffineTransform_float_3_3
Parameters: 0.999993 -0.00281944 0.0024733 0.0028173 0.999995 0.000677508 -0.00247547 -0.000671034 0.999997 -0.012847 0.0368887 -0.0636232
FixedParameters: 0 0 0
