#Insight Transform File V1.0
#Transform 0
Transform: AffineTransform_float_3_3
Parameters: 0.999999 0.00130426 -0.00101005 -0.0013008 0.999993 0.00340674 0.0010145 -0.00340541 0.999994 -0.0186393 -0.107231 0.102667
FixedParameters: 0 0 0

#Transform 1
Transform: AffineTransform_float_3_3
Parameters: 0.999998 0.001455 -0.000887224 -0.00145197 0.999994 0.00311665 0.000891365 -0.00311493 0.999994 -0.0220364 -0.105943 0.0960322
FixedParameters: 0 0 0

#Transform 2
Transform: AffineTransform_float_3_3
Parameters: 0.999998 0.00147063 -0.000891838 -0.0014677 0.999993 0.00337205 0.000895946 -0.00337083 0.999994 -0.0307612 -0.0875029 0.0759626
FixedParameters: 0 0 0

#Transform 3
Transform: AffineTransform_float_3_3
Parameters: 0.999999 0.00119804 -0.000680435 -0.00119571 0.999994 0.00311411 0.000683839 -0.00311372 0.999995 -0.0286397 -0.0885846 0.0892894
FixedParameters: 0 0 0

#Transform 4
Transform: AffineTransform_float_3_3
Parameters: 0.999998 0.00146953 -0.000821124 -0.00146681 0.999995 0.00276732 0.000825229 -0.00276568 0.999995 -0.0217669 -0.0880012 0.0930896
FixedParameters: 0 0 0

#Transform 5
Transform: AffineTransform_float_3_3
Parameters: 0.999999 0.00129488 -0.000623208 -0.00129304 0.999995 0.00287854 0.000626654 -0.00287816 0.999995 -0.0301191 -0.0665621 0.0791552
FixedParameters: 0 0 0

#Transform 6
Transform: AffineTransform_float_3_3
Parameters: 0.999998 0.00147548 -0.000787768 -0.00147327 0.999996 0.00257214 0.000791332 -0.00257059 0.999996 -0.0224391 -0.0829629 0.0887511
FixedParameters: 0 0 0

#Transform 7
Transform: AffineTransform_float_3_3
Parameters: 0.999998 0.00143694 -0.000837187 -0.00143529 0.999996 0.00244699 0.000840776 -0.00244579 0.999996 -0.0217864 -0.0760538 0.0877993
FixedParameters: 0 0 0

#Transform 8
Transform: AffineTransform_float_3_3
Parameters: 0.999999 0.00113783 -0.00067507 -0.00113637 0.999996 0.00255648 0.000678189 -0.0025552 0.999997 -0.0210329 -0.057287 0.0678471
FixedParameters: 0 0 0

#Transform 9
Transform: AffineTransform_float_3_3
Parameters: 0.999999 0.00137347 -0.000895162 -0.00137158 0.999997 0.00204858 0.000898244 -0.00204725 0.999997 -0.0125469 -0.0808317 0.0802759
FixedParameters: 0 0 0

#Transform 10
Transform: AffineTransform_float_3_3
Parameters: 0.999999 0.00115228 -0.000730465 -0.00115091 0.999997 0.00226135 0.000733085 -0.0022608 0.999998 -0.021022 -0.0558907 0.0625081
FixedParameters: 0 0 0

#Transform 11
Transform: AffineTransform_float_3_3
Parameters: 0.999999 0.00118 -0.000637565 -0.00117766 0.999997 0.00221231 0.000640466 -0.00221099 0.999998 -0.0293883 -0.0598457 0.0625754
FixedParameters: 0 0 0

#Transform 12
Transform: AffineTransform_float_3_3
Parameters: 0.999999 0.00119545 -0.000911585 -0.00119373 0.999997 0.00192097 0.000913633 -0.00191992 0.999998 -0.0114442 -0.0707159 0.0777305
FixedParameters: 0 0 0

#Transform 13
Transform: AffineTransform_float_3_3
Parameters: 0.999999 0.000840071 -0.000396889 -0.000839813 0.999997 0.00212245 0.000398718 -0.00212284 0.999998 -0.0280206 -0.0463255 0.0476393
FixedParameters: 0 0 0

#Transform 14
Transform: AffineTransform_float_3_3
Parameters: 1 0.00111667 -0.00038737 -0.00111542 0.999998 0.00117294 0.000388618 -0.00117218 0.999999 -0.0319541 -0.0365428 0.0447033
FixedParameters: 0 0 0

#Transform 15
Transform: AffineTransform_float_3_3
Parameters: 1 0.000960746 -0.000718805 -0.000960827 1 0.000253902 0.000718548 -0.000253483 1 -0.0106326 -0.0347149 0.0518618
FixedParameters: 0 0 0

#Transform 16
Transform: AffineTransform_float_3_3
Parameters: 0.999998 0.00129644 -0.000973547 -0.00129692 0.999999 -1.67582e-05 0.000972757 1.83202e-05 0.999999 0.00261928 -0.0234634 0.0412938
FixedParameters: 0 0 0

#Transform 17
Transform: AffineTransform_float_3_3
Parameters: 0.999999 0.00116403 -0.000813062 -0.0011637 0.999999 0.000162499 0.000813545 -0.000161487 1 -0.00445318 -0.00225034 0.0286397
FixedParameters: 0 0 0

#Transform 18
Transform: AffineTransform_float_3_3
Parameters: 0.999999 0.00113881 -0.000955374 -0.00113855 0.999999 6.18186e-05 0.000955635 -6.09854e-05 1 -0.00458228 -0.0210065 0.0169015
FixedParameters: 0 0 0

#Transform 19
Transform: AffineTransform_float_3_3
Parameters: 0.999999 0.000968936 -0.00111534 -0.00096873 1 0.000292603 0.00111516 -0.000291404 0.999999 0.0135942 -0.0253476 0.0153177
FixedParameters: 0 0 0

#Transform 20
Transform: AffineTransform_float_3_3
Parameters: 1 0.000294146 -0.000292642 -0.000294264 0.999999 0.000668039 0.000292185 -0.000667947 0.999999 -0.00240474 -0.0266508 0.0108275
FixedParameters: 0 0 0

#Transform 21
Transform: AffineTransform_float_3_3
Parameters: 0.999999 -0.000742848 0.000295052 0.000743161 1 -0.000694459 -0.000293963 0.000694012 1 0.0111317 -0.00409309 0.00500632
FixedParameters: 0 0 0

#Transform 22
Transform: AffineTransform_float_3_3
Parameters: 0.999999 -0.000919453 0.000401839 0.000919602 0.999999 -0.00101731 -0.000400865 0.00101796 1 0.0270141 -0.00442133 0.00342952
FixedParameters: 0 0 0

#Transform 23
Transform: AffineTransform_float_3_3
Parameters: 1 -0.00112349 0.000386073 0.00112372 0.999999 -0.000955441 -0.000384775 0.000956227 1 0.0373944 0.0137578 -0.00882164
FixedParameters: 0 0 0

#Transform 24
Transform: AffineTransform_float_3_3
Parameters: 0.999999 -0.00122334 0.000693058 0.00122469 0.999999 -0.00116234 -0.000692372 0.00116297 0.999999 0.0274747 0.0199168 0.00621644
FixedParameters: 0 0 0

#Transform 25
Transform: AffineTransform_float_3_3
Parameters: 1 -0.00067874 0.000287616 0.000678585 1 -0.000781919 -0.000287347 0.000781343 1 0.0334695 -0.034212 0.0287101
FixedParameters: 0 0 0

#Transform 26
Transform: AffineTransform_float_3_3
Parameters: 0.999999 -0.00110304 0.000673179 0.00110393 0.999999 -0.000611925 -0.000671722 0.000612528 0.999999 0.0236344 0.0315767 -0.0195186
FixedParameters: 0 0 0

#Transform 27
Transform: AffineTransform_float_3_3
Parameters: 0.999999 -0.00125075 0.000638397 0.00125197 0.999999 -0.00116511 -0.000637641 0.00116564 0.999999 0.0285798 0.0116167 0.0136778
FixedParameters: 0 0 0

#Transform 28
Transform: AffineTransform_float_3_3
Parameters: 0.999999 -0.000427829 0.000869658 0.000429802 0.999998 -0.00218875 -0.000868255 0.00218942 0.999997 -0.00971947 -0.0166618 0.00752123
FixedParameters: 0 0 0

#Transform 29
Transform: AffineTransform_float_3_3
Parameters: 0.999999 -0.000729689 0.000977677 0.000728797 0.999999 0.00114912 -0.00097902 -0.00114763 0.999999 0.0294424 -0.0465638 -0.00636728
FixedParameters: 0 0 0

#Transform 30
Transform: AffineTransform_float_3_3
Parameters: 0.999998 -0.00120175 0.00110791 0.00119957 0.999999 0.00117101 -0.00110981 -0.00116915 0.999999 0.0215967 0.0257723 -0.0515377
FixedParameters: 0 0 0

#Transform 31
Transform: AffineTransform_float_3_3
Parameters: 0.999998 -0.00145305 0.00142846 0.00145383 0.999999 -0.000200743 -0.00142765 0.00020267 0.999999 0.0274515 0.0255138 -0.0584286
FixedParameters: 0 0 0

#Transform 32
Transform: AffineTransform_float_3_3
Parameters: 0.999998 -0.00113164 0.00155772 0.0011329 0.999999 -0.000792063 -0.00155614 0.000794187 0.999999 0.0245389 0.00293783 -0.0416512
FixedParameters: 0 0 0

#Transform 33
Transform: AffineTransform_float_3_3
Parameters: 0.999998 -0.00117514 0.00166981 0.00117526 0.999999 -0.00020197 -0.00166857 0.000203229 0.999999 0.0106731 0.00196672 -0.0460146
FixedParameters: 0 0 0

#Transform 34
Transform: AffineTransform_float_3_3
Parameters: 0.999999 -0.00120311 0.00138755 0.00120346 0.999999 -0.000353918 -0.00138596 0.000355052 0.999999 0.0245633 0.0190163 -0.0514155
FixedParameters: 0 0 0

#Transform 35
Transform: AffineTransform_float_3_3
Parameters: 0.999998 -0.00145746 0.00182579 0.00145748 0.999999 -0.000278845 -0.00182496 0.00028054 0.999998 0.0223504 0.0400589 -0.0658711
FixedParameters: 0 0 0

#Transform 36
Transform: AffineTransform_float_3_3
Parameters: 0.999997 -0.00150398 0.00192005 0.00150586 0.999999 -0.00067896 -0.00191946 0.000681892 0.999998 0.0253286 0.0342935 -0.071316
FixedParameters: 0 0 0

#Transform 37
Transform: AffineTransform_float_3_3
Parameters: 0.999998 -0.00149188 0.00175304 0.00149232 0.999999 -0.00055587 -0.00175221 0.000557394 0.999998 0.036183 0.00675136 -0.0570482
FixedParameters: 0 0 0

#Transform 38
Transform: AffineTransform_float_3_3
Parameters: 0.999997 -0.0016363 0.00184422 0.00163723 0.999998 -0.000431301 -0.00184415 0.00043361 0.999998 0.0272193 0.0400621 -0.0713185
FixedParameters: 0 0 0

#Transform 39
Transform: AffineTransform_float_3_3
Parameters: 0.999997 -0.00159883 0.0019024 0.00160085 0.999999 -0.000742458 -0.00190149 0.000746159 0.999998 0.028536 0.0305554 -0.0589534
FixedParameters: 0 0 0

#Transform 40
Transform: AffineTransform_float_3_3
Parameters: 0.999997 -0.00163965 0.00178901 0.00163981 0.999999 -0.000486196 -0.00178827 0.000488816 0.999998 0.0396154 0.0295395 -0.0720418
FixedParameters: 0 0 0

#Transform 41
Transform: AffineTransform_float_3_3
Parameters: 0.999997 -0.00170328 0.00188582 0.00170423 0.999998 -0.000426178 -0.00188572 0.000428876 0.999998 0.0274066 0.0513223 -0.0761809
FixedParameters: 0 0 0

#Transform 42
Transform: AffineTransform_float_3_3
Parameters: 0.999997 -0.00159936 0.0019068 0.00160123 0.999999 -0.000836433 -0.00190644 0.00084007 0.999998 0.0277742 0.0482917 -0.0886243
FixedParameters: 0 0 0

#Transform 43
Transform: AffineTransform_float_3_3
Parameters: 0.999999 -0.00115312 0.00150425 0.00115384 0.999999 -0.000640312 -0.00150298 0.000642379 0.999999 0.0464084 0.0231428 -0.0762646
FixedParameters: 0 0 0

#Transform 44
Transform: AffineTransform_float_3_3
Parameters: 0.999997 -0.00169985 0.00179437 0.0016992 0.999998 -9.65517e-05 -0.00179402 9.90239e-05 0.999998 0.0286096 0.0707256 -0.0913602
FixedParameters: 0 0 0

#Transform 45
Transform: AffineTransform_float_3_3
Parameters: 0.999997 -0.00177471 0.00198915 0.00177546 0.999998 -0.00018605 -0.00198894 0.000189468 0.999998 0.0311353 0.0512469 -0.0895137
FixedParameters: 0 0 0

#Transform 46
Transform: AffineTransform_float_3_3
Parameters: 0.999997 -0.00170284 0.00179078 0.00170329 0.999999 -0.000189346 -0.00179065 0.00019226 0.999998 0.0470723 0.0393867 -0.0940925
FixedParameters: 0 0 0

#Transform 47
Transform: AffineTransform_float_3_3
Parameters: 0.999997 -0.00188632 0.00191849 0.00188602 0.999998 0.000193153 -0.00191883 -0.000189016 0.999998 0.0374114 0.0416543 -0.0937592
FixedParameters: 0 0 0

#Transform 48
Transform: AffineTransform_float_3_3
Parameters: 0.999997 -0.0014091 0.00168363 0.00140969 0.999999 -8.74673e-05 -0.00168314 8.95267e-05 0.999999 0.0349917 0.00624593 -0.0755549
FixedParameters: 0 0 0

#Transform 49
Transform: AffineTransform_float_3_3
Parameters: 0.999997 -0.00157185 0.00153509 0.00157155 0.999998 -0.000274373 -0.00153432 0.000276913 0.999999 0.0425569 0.0548532 -0.107942
FixedParameters: 0 0 0

#Transform 50
Transform: AffineTransform_float_3_3
Parameters: 0.999996 -0.00174533 0.0019579 0.00174602 0.999998 -0.000214457 -0.00195765 0.000217645 0.999998 0.0326044 0.0491995 -0.10326
FixedParameters: 0 0 0

#Transform 51
Transform: AffineTransform_float_3_3
Parameters: 0.999997 -0.00171955 0.00170636 0.00172045 0.999999 -0.000332307 -0.00170573 0.00033499 0.999998 0.0405301 0.0379093 -0.10348
FixedParameters: 0 0 0

#Transform 52
Transform: AffineTransform_float_3_3
Parameters: 0.999996 -0.00163068 0.00205299 0.0016314 0.999998 -0.000413685 -0.00205171 0.000417173 0.999998 0.0315082 0.0530542 -0.107658
FixedParameters: 0 0 0

#Transform 53
Transform: AffineTransform_float_3_3
Parameters: 0.999996 -0.00178006 0.00217753 0.00178077 0.999999 -0.000509741 -0.00217654 0.000513787 0.999998 0.0378165 0.0357234 -0.109527
FixedParameters: 0 0 0

#Transform 54
Transform: AffineTransform_float_3_3
Parameters: 0.999996 -0.0017896 0.00214899 0.00179126 0.999998 -0.000402133 -0.00214803 0.000405717 0.999998 0.037342 0.0449013 -0.103116
FixedParameters: 0 0 0

#Transform 55
Transform: AffineTransform_float_3_3
Parameters: 0.999996 -0.00171471 0.00225416 0.00171514 0.999999 -0.000241217 -0.00225468 0.000245221 0.999998 0.0303771 0.0376649 -0.0955145
FixedParameters: 0 0 0

#Transform 56
Transform: AffineTransform_float_3_3
Parameters: 0.999997 -0.00138597 0.00165708 0.00138552 0.999999 0.000199534 -0.00165741 -0.000197165 0.999998 0.0374612 0.0109175 -0.0776864
FixedParameters: 0 0 0

#Transform 57
Transform: AffineTransform_float_3_3
Parameters: 0.999998 -0.0012043 0.00150691 0.00120207 0.999999 0.00137494 -0.00150886 -0.0013734 0.999998 0.0160919 0.0278147 -0.0655296
FixedParameters: 0 0 0

#Transform 58
Transform: AffineTransform_float_3_3
Parameters: 0.999998 -0.000895625 0.00162845 0.000894168 0.999998 0.00134854 -0.00163006 -0.00134731 0.999998 0.0182586 0.00969888 -0.0837306
FixedParameters: 0 0 0

#Transform 59
Transform: AffineTransform_float_3_3
Parameters: 0.999998 -0.00108819 0.001461 0.00108638 0.999999 0.00130749 -0.00146254 -0.00130551 0.999998 0.0267935 0.0197131 -0.0904703
FixedParameters: 0 0 0

#Transform 60
Transform: AffineTransform_float_3_3
Parameters: 0.999998 -0.00111286 0.00165165 0.00111144 0.999999 0.000909383 -0.0016532 -0.000907452 0.999999 0.0274912 0.0165121 -0.0854994
FixedParameters: 0 0 0

#Transform 61
Transform: AffineTransform_float_3_3
Parameters: 0.999998 -0.00120373 0.00163748 0.00120225 0.999999 0.00106786 -0.00163874 -0.00106512 0.999998 0.0323502 0.00392373 -0.0870647
FixedParameters: 0 0 0

#Transform 62
Transform: AffineTransform_float_3_3
Parameters: 0.999998 -0.00126011 0.00178971 0.00125836 0.999999 0.00109053 -0.00179103 -0.00108857 0.999998 0.0272284 0.0108646 -0.0835442
FixedParameters: 0 0 0

#Transform 63
Transform: AffineTransform_float_3_3
Parameters: 0.999998 -0.00111954 0.00169755 0.00111898 1 0.000377661 -0.00169732 -0.000376005 0.999998 0.0291637 -0.00762983 -0.0711203
FixedParameters: 0 0 0

#Transform 64
Transform: AffineTransform_float_3_3
Parameters: 0.999998 -0.00120165 0.00166185 0.00120057 0.999999 0.000413249 -0.0016626 -0.000411942 0.999998 0.0255857 0.0459668 -0.104524
FixedParameters: 0 0 0

#Transform 65
Transform: AffineTransform_float_3_3
Parameters: 0.999998 -0.00123353 0.00151286 0.00123256 0.999999 0.000389643 -0.00151359 -0.000388136 0.999999 0.0333443 0.0274152 -0.0950707
FixedParameters: 0 0 0

#Transform 66
Transform: AffineTransform_float_3_3
Parameters: 0.999998 -0.00104477 0.00127645 0.00104417 0.999999 0.000490571 -0.0012765 -0.000489167 0.999999 0.0383655 0.0224493 -0.0914197
FixedParameters: 0 0 0

#Transform 67
Transform: AffineTransform_float_3_3
Parameters: 0.999998 -0.0013283 0.00097099 0.00132898 0.999999 -0.000889729 -0.000970162 0.00089038 0.999999 0.0420107 0.0935843 -0.137914
FixedParameters: 0 0 0

#Transform 68
Transform: AffineTransform_float_3_3
Parameters: 0.999998 -0.00121634 0.00111272 0.00121706 0.999999 -0.000524263 -0.00111219 0.000526009 0.999999 0.0531642 0.0469024 -0.126152
FixedParameters: 0 0 0

#Transform 69
Transform: AffineTransform_float_3_3
Parameters: 0.999998 -0.00124169 0.0010409 0.00124182 0.999999 -0.000273563 -0.00104096 0.000275186 0.999999 0.0514571 0.0592632 -0.121572
FixedParameters: 0 0 0

#Transform 70
Transform: AffineTransform_float_3_3
Parameters: 0.999998 -0.00133948 0.00110327 0.00133968 1 -0.000333736 -0.00110307 0.000334845 0.999999 0.0463133 0.0579878 -0.122593
FixedParameters: 0 0 0

#Transform 71
Transform: AffineTransform_float_3_3
Parameters: 0.999998 -0.00127443 0.00114781 0.00127432 0.999999 -0.000520157 -0.00114663 0.000520793 0.999999 0.0470372 0.0517953 -0.121063
FixedParameters: 0 0 0

#Transform 72
Transform: AffineTransform_float_3_3
Parameters: 0.999998 -0.00130487 0.00114994 0.00130506 0.999999 -0.000277168 -0.00114996 0.000279208 0.999999 0.060087 0.0356647 -0.114286
FixedParameters: 0 0 0

#Transform 73
Transform: AffineTransform_float_3_3
Parameters: 0.999998 -0.0015539 0.00120211 0.00155332 0.999999 0.000117515 -0.00120309 -0.000116083 1 0.0421487 0.0672157 -0.120079
FixedParameters: 0 0 0

#Transform 74
Transform: AffineTransform_float_3_3
Parameters: 0.999998 -0.0014985 0.00114884 0.00149837 0.999999 0.000146919 -0.00114905 -0.0001457 1 0.0367316 0.0425944 -0.0961698
FixedParameters: 0 0 0

#Transform 75
Transform: AffineTransform_float_3_3
Parameters: 0.999998 -0.0013546 0.00105068 0.00135418 0.999998 2.63685e-05 -0.00105148 -2.49446e-05 1 0.0532788 0.0397748 -0.121624
FixedParameters: 0 0 0

#Transform 76
Transform: AffineTransform_float_3_3
Parameters: 0.999998 -0.00147634 0.000920184 0.00147593 0.999999 -1.76341e-05 -0.000920874 1.93901e-05 0.999999 0.0703307 0.0360658 -0.136786
FixedParameters: 0 0 0

#Transform 77
Transform: AffineTransform_float_3_3
Parameters: 0.999998 -0.0018016 0.000856702 0.00180249 0.999999 -0.000295463 -0.000856807 0.000297148 0.999999 0.060824 0.064443 -0.128023
FixedParameters: 0 0 0

#Transform 78
Transform: AffineTransform_float_3_3
Parameters: 0.999998 -0.00160619 0.000538484 0.00160704 0.999998 -0.00111468 -0.000537077 0.0011158 0.999999 0.0728745 0.0616551 -0.130657
FixedParameters: 0 0 0

#Transform 79
Transform: AffineTransform_float_3_3
Parameters: 0.999998 -0.0019016 0.000735939 0.0019028 0.999998 -0.00100644 -0.000734178 0.00100775 0.999999 0.0709468 0.065456 -0.132377
FixedParameters: 0 0 0

#Transform 80
Transform: AffineTransform_float_3_3
Parameters: 0.999998 -0.00198629 0.000735395 0.00198752 0.999997 -0.00137777 -0.000732839 0.00137912 0.999999 0.0746415 0.0764918 -0.132114
FixedParameters: 0 0 0

#Transform 81
Transform: AffineTransform_float_3_3
Parameters: 0.999999 -0.00179491 0.000645505 0.00179618 0.999996 -0.00210469 -0.000641853 0.00210577 0.999998 0.0838125 0.0735418 -0.133906
FixedParameters: 0 0 0

#Transform 82
Transform: AffineTransform_float_3_3
Parameters: 0.999999 -0.00106427 0.000928271 0.00106682 0.999997 -0.0024247 -0.000925691 0.00242554 0.999996 0.0606343 0.0605945 -0.117265
FixedParameters: 0 0 0

#Transform 83
Transform: AffineTransform_float_3_3
Parameters: 0.999999 -0.00101004 0.000640399 0.00101187 0.999996 -0.00233853 -0.000638881 0.00233955 0.999997 0.0653533 0.0548077 -0.0927539
FixedParameters: 0 0 0

#Transform 84
Transform: AffineTransform_float_3_3
Parameters: 1 -0.00112962 0.000262295 0.00113029 0.999997 -0.00192675 -0.000260206 0.00192716 0.999998 0.0678754 0.0669642 -0.0852974
FixedParameters: 0 0 0

#Transform 85
Transform: AffineTransform_float_3_3
Parameters: 1 -0.00119269 6.46475e-05 0.00119311 0.999999 -0.0013426 -6.27558e-05 0.00134177 0.999999 0.0645358 0.0887651 -0.100986
FixedParameters: 0 0 0

#Transform 86
Transform: AffineTransform_float_3_3
Parameters: 1 -0.000966476 0.00015178 0.000967094 0.999999 -0.00151683 -0.000150173 0.0015166 0.999998 0.0619723 0.0612192 -0.0933836
FixedParameters: 0 0 0

#Transform 87
Transform: AffineTransform_float_3_3
Parameters: 1 -0.00103387 -0.000147234 0.00103427 0.999998 -0.00183707 0.000149083 0.0018371 0.999998 0.0750538 0.037925 -0.0922789
FixedParameters: 0 0 0

#Transform 88
Transform: AffineTransform_float_3_3
Parameters: 0.999999 -0.000941341 0.000244024 0.000940878 0.999998 -0.00179428 -0.000242442 0.00179457 0.999999 0.0605878 0.0788398 -0.106482
FixedParameters: 0 0 0

#Transform 89
Transform: AffineTransform_float_3_3
Parameters: 0.999999 -0.000706454 0.000473232 0.000708261 0.999998 -0.00189175 -0.000472018 0.00189231 0.999998 0.0517733 0.0597401 -0.0959302
FixedParameters: 0 0 0

#Transform 90
Transform: AffineTransform_float_3_3
Parameters: 0.999999 -0.000823177 8.99317e-05 0.00082331 0.999997 -0.00254085 -8.72171e-05 0.00254046 0.999996 0.0758205 0.0392172 -0.0938367
FixedParameters: 0 0 0

#Transform 91
Transform: AffineTransform_float_3_3
Parameters: 1 -0.00109906 0.000507174 0.00109968 0.999996 -0.0025333 -0.000504192 0.00253328 0.999997 0.0667925 0.0870004 -0.122867
FixedParameters: 0 0 0

#Transform 92
Transform: AffineTransform_float_3_3
Parameters: 0.999999 -0.00148957 0.000444187 0.00149256 0.999981 -0.00610404 -0.000435338 0.0061042 0.999981 0.0687127 0.157803 -0.185731
FixedParameters: 0 0 0

#Transform 93
Transform: AffineTransform_float_3_3
Parameters: 0.999998 -0.00160552 0.000642637 0.00160901 0.999984 -0.00554314 -0.000632992 0.00554409 0.999984 0.0826691 0.0995706 -0.144785
FixedParameters: 0 0 0

#Transform 94
Transform: AffineTransform_float_3_3
Parameters: 0.999999 -0.00141757 0.000784914 0.00142163 0.999986 -0.00507616 -0.000777999 0.00507684 0.999987 0.0708504 0.107975 -0.14272
FixedParameters: 0 0 0

#Transform 95
Transform: AffineTransform_float_3_3
Parameters: 0.999999 -0.00121215 0.00077162 0.00121697 0.999987 -0.00504434 -0.00076518 0.00504529 0.999987 0.0646771 0.0963635 -0.127156
FixedParameters: 0 0 0

#Transform 96
Transform: AffineTransform_float_3_3
Parameters: 0.999999 -0.00115323 0.00101582 0.00115792 0.99999 -0.00424691 -0.00101058 0.00424793 0.99999 0.0632164 0.077508 -0.122178
FixedParameters: 0 0 0

#Transform 97
Transform: AffineTransform_float_3_3
Parameters: 0.999999 -0.000811031 0.00115626 0.000815764 0.999993 -0.00377787 -0.00115333 0.00377942 0.999992 0.0490072 0.0942964 -0.132139
FixedParameters: 0 0 0

#Transform 98
Transform: AffineTransform_float_3_3
Parameters: 0.999999 -0.000796686 0.0010192 0.000800951 0.999992 -0.00393426 -0.00101527 0.00393475 0.999992 0.0487722 0.0621063 -0.0976825
FixedParameters: 0 0 0

#Transform 99
Transform: AffineTransform_float_3_3
Parameters: 0.999999 -0.000583358 0.00141519 0.000586655 0.999996 -0.002798 -0.00141308 0.002799 0.999996 0.0244981 0.0937621 -0.0986304
FixedParameters: 0 0 0

#Transform 100
Transform: AffineTransform_float_3_3
Parameters: 0.999998 -0.000632577 0.00159526 0.000636591 0.999996 -0.00268734 -0.00159292 0.00268782 0.999995 0.0277995 0.0580787 -0.0975142
FixedParameters: 0 0 0

#Transform 101
Transform: AffineTransform_float_3_3
Parameters: 0.999998 -0.000919964 0.00148069 0.00092432 0.999996 -0.00297864 -0.00147769 0.00298019 0.999994 0.0488565 0.0384045 -0.0973258
FixedParameters: 0 0 0

#Transform 102
Transform: AffineTransform_float_3_3
Parameters: 0.999998 -0.000922831 0.00178256 0.000927932 0.999996 -0.00283015 -0.00177922 0.00283137 0.999995 0.0425713 0.0606842 -0.105977
FixedParameters: 0 0 0

#Transform 103
Transform: AffineTransform_float_3_3
Parameters: 0.999998 -0.000978296 0.00181623 0.000984419 0.999996 -0.00282599 -0.0018131 0.00282745 0.999995 0.0436898 0.0530352 -0.114583
FixedParameters: 0 0 0

#Transform 104
Transform: AffineTransform_float_3_3
Parameters: 0.999997 -0.00124109 0.00197576 0.00124668 0.999995 -0.00280635 -0.00197153 0.0028091 0.999994 0.0506726 0.0591892 -0.120393
FixedParameters: 0 0 0

#Transform 105
Transform: AffineTransform_float_3_3
Parameters: 0.999997 -0.000965979 0.00216146 0.000971735 0.999996 -0.00279836 -0.00215827 0.00280041 0.999994 0.0435032 0.0685528 -0.127363
FixedParameters: 0 0 0

#Transform 106
Transform: AffineTransform_float_3_3
Parameters: 0.999998 -0.000932084 0.00180614 0.000937706 0.999994 -0.00309551 -0.00180321 0.0030976 0.999994 0.0522648 0.0475439 -0.111369
FixedParameters: 0 0 0

#Transform 107
Transform: AffineTransform_float_3_3
Parameters: 0.999997 -0.00107422 0.00224826 0.00108015 0.999995 -0.00278826 -0.00224527 0.00279042 0.999994 0.0340027 0.0730818 -0.127983
FixedParameters: 0 0 0

#Transform 108
Transform: AffineTransform_float_3_3
Parameters: 0.999997 -0.000950822 0.00181961 0.000956384 0.999995 -0.0031265 -0.00181649 0.0031278 0.999994 0.0499991 0.0526369 -0.122422
FixedParameters: 0 0 0

#Transform 109
Transform: AffineTransform_float_3_3
Parameters: 0.999998 -0.000765014 0.00168668 0.000769549 0.999995 -0.00284147 -0.00168432 0.00284286 0.999995 0.0456133 0.064345 -0.123237
FixedParameters: 0 0 0

#Transform 110
Transform: AffineTransform_float_3_3
Parameters: 0.999998 -0.000522976 0.00183171 0.000528824 0.999995 -0.0028359 -0.00182988 0.00283671 0.999994 0.0194158 0.0712116 -0.120628
FixedParameters: 0 0 0

#Transform 111
Transform: AffineTransform_float_3_3
Parameters: 0.999999 -0.000649767 0.00148064 0.000654706 0.999995 -0.00316836 -0.0014791 0.00316953 0.999994 0.0438541 0.056599 -0.135483
FixedParameters: 0 0 0

#Transform 112
Transform: AffineTransform_float_3_3
Parameters: 0.999998 -0.000836689 0.00173019 0.0008423 0.999995 -0.00283611 -0.00172795 0.0028378 0.999995 0.0436315 0.0824752 -0.146396
FixedParameters: 0 0 0

#Transform 113
Transform: AffineTransform_float_3_3
Parameters: 0.999998 -0.000596162 0.00172133 0.000599463 0.999997 -0.00237834 -0.00172044 0.0023792 0.999996 0.0337539 0.0640808 -0.126695
FixedParameters: 0 0 0

#Transform 114
Transform: AffineTransform_float_3_3
Parameters: 1 -0.000234493 0.0012534 0.000238056 0.999996 -0.00269254 -0.00125293 0.002693 0.999995 0.0436473 0.0555373 -0.123895
FixedParameters: 0 0 0

#Transform 115
Transform: AffineTransform_float_3_3
Parameters: 1 -0.000345474 0.00127476 0.000348337 0.999997 -0.00231074 -0.00127392 0.0023115 0.999996 0.0295985 0.0833035 -0.133032
FixedParameters: 0 0 0

#Transform 116
Transform: AffineTransform_float_3_3
Parameters: 0.999999 -0.000514731 0.00149791 0.000517759 0.999997 -0.0023098 -0.00149569 0.00230989 0.999996 0.0405207 0.0666631 -0.128098
FixedParameters: 0 0 0

#Transform 117
Transform: AffineTransform_float_3_3
Parameters: 0.999998 -0.000631214 0.00158001 0.000635411 0.999997 -0.00247238 -0.00157852 0.00247371 0.999996 0.0590983 0.0374134 -0.122104
FixedParameters: 0 0 0

#Transform 118
Transform: AffineTransform_float_3_3
Parameters: 0.999998 -0.000338959 0.00177616 0.000343108 0.999997 -0.00270687 -0.00177497 0.00270745 0.999995 0.0491637 0.0499509 -0.129497
FixedParameters: 0 0 0

#Transform 119
Transform: AffineTransform_float_3_3
Parameters: 0.999998 -0.000393594 0.0019767 0.000399351 0.999996 -0.00279871 -0.00197509 0.00279965 0.999994 0.0471675 0.0615949 -0.145225
FixedParameters: 0 0 0

#Transform 120
Transform: AffineTransform_float_3_3
Parameters: 0.999999 -0.000171036 0.00197569 0.000176596 0.999995 -0.00295934 -0.00197484 0.00295984 0.999994 0.0314489 0.0697693 -0.151942
FixedParameters: 0 0 0

#Transform 121
Transform: AffineTransform_float_3_3
Parameters: 0.999998 -0.000451677 0.00181685 0.000456421 0.999996 -0.0028101 -0.00181495 0.00281112 0.999994 0.0528911 0.0444308 -0.129931
FixedParameters: 0 0 0

#Transform 122
Transform: AffineTransform_float_3_3
Parameters: 0.999998 -0.000615792 0.00193415 0.000620557 0.999997 -0.00234386 -0.00193233 0.0023456 0.999995 0.0311651 0.0811992 -0.1452
FixedParameters: 0 0 0

#Transform 123
Transform: AffineTransform_float_3_3
Parameters: 0.999998 -0.000795488 0.00185636 0.000799882 0.999996 -0.00264205 -0.00185486 0.00264332 0.999994 0.0526717 0.055186 -0.128651
FixedParameters: 0 0 0

#Transform 124
Transform: AffineTransform_float_3_3
Parameters: 0.999997 -0.00106427 0.00235717 0.00106936 0.999997 -0.00235545 -0.00235428 0.00235835 0.999994 0.0553152 0.0765075 -0.1667
FixedParameters: 0 0 0

#Transform 125
Transform: AffineTransform_float_3_3
Parameters: 0.999996 -0.00112045 0.00241799 0.00112711 0.999995 -0.00274417 -0.00241483 0.00274693 0.999993 0.0552434 0.0784158 -0.15802
FixedParameters: 0 0 0

#Transform 126
Transform: AffineTransform_float_3_3
Parameters: 0.999997 -0.00101027 0.00240168 0.00101855 0.999994 -0.0034983 -0.00239809 0.00350088 0.999991 0.0682233 0.0762479 -0.187129
FixedParameters: 0 0 0

#Transform 127
Transform: AffineTransform_float_3_3
Parameters: 0.999997 -0.000769331 0.00246549 0.000785954 0.999977 -0.00662896 -0.00246003 0.00663117 0.999975 0.0685864 0.111451 -0.258375
FixedParameters: 0 0 0

#Transform 128
Transform: AffineTransform_float_3_3
Parameters: 0.999996 -0.00124277 0.00264229 0.00126527 0.999965 -0.0082501 -0.00263195 0.0082528 0.999962 0.0778324 0.147405 -0.254144
FixedParameters: 0 0 0

#Transform 129
Transform: AffineTransform_float_3_3
Parameters: 0.999996 -0.00130658 0.00264758 0.00132783 0.999965 -0.00826668 -0.00263659 0.00827055 0.999963 0.0779889 0.110221 -0.208244
FixedParameters: 0 0 0

#Transform 130
Transform: AffineTransform_float_3_3
Parameters: 0.999995 -0.0013775 0.0028504 0.0014007 0.999967 -0.0080568 -0.00283948 0.00806019 0.999964 0.0705908 0.143476 -0.24071
FixedParameters: 0 0 0

#Transform 131
Transform: AffineTransform_float_3_3
Parameters: 0.999996 -0.00078881 0.0029473 0.000813272 0.999966 -0.00819188 -0.00294175 0.00819415 0.999962 0.0445537 0.113004 -0.207004
FixedParameters: 0 0 0

#Transform 132
Transform: AffineTransform_float_3_3
Parameters: 0.999995 -0.000892818 0.00312112 0.000912409 0.999978 -0.00652804 -0.00311543 0.00653089 0.999974 0.030576 0.0799763 -0.129438
FixedParameters: 0 0 0

#Transform 133
Transform: AffineTransform_float_3_3
Parameters: 0.999995 -0.000932196 0.00287853 0.000952136 0.999976 -0.00684438 -0.00287197 0.00684663 0.999972 0.02634 0.104693 -0.113598
FixedParameters: 0 0 0

#Transform 134
Transform: AffineTransform_float_3_3
Parameters: 0.999995 -0.00111786 0.00299089 0.0011387 0.999974 -0.00710337 -0.00298247 0.0071068 0.99997 0.0351531 0.0713925 -0.10424
FixedParameters: 0 0 0

#Transform 135
Transform: AffineTransform_float_3_3
Parameters: 0.999995 -0.000999194 0.00294244 0.0010183 0.999978 -0.00648375 -0.00293565 0.0064874 0.999974 0.0317076 0.0872062 -0.120737
FixedParameters: 0 0 0

#Transform 136
Transform: AffineTransform_float_3_3
Parameters: 0.999995 -0.000872292 0.00298097 0.000891787 0.99998 -0.006368 -0.00297508 0.00637017 0.999975 0.0127852 0.102076 -0.127634
FixedParameters: 0 0 0

#Transform 137
Transform: AffineTransform_float_3_3
Parameters: 0.999996 -0.000767247 0.0027529 0.0007864 0.999976 -0.00694599 -0.00274771 0.00694852 0.999972 0.0189824 0.0718121 -0.104178
FixedParameters: 0 0 0

#Transform 138
Transform: AffineTransform_float_3_3
Parameters: 0.999995 -0.000830611 0.00291135 0.000851167 0.999975 -0.00705569 -0.00290545 0.00705831 0.999971 0.0179241 0.076723 -0.0981177
FixedParameters: 0 0 0

#Transform 139
Transform: AffineTransform_float_3_3
Parameters: 0.999998 -0.000150087 0.00204859 0.000164589 0.999972 -0.00741724 -0.00204748 0.00741705 0.99997 -0.00135233 0.0984105 -0.130887
FixedParameters: 0 0 0

#Transform 140
Transform: AffineTransform_float_3_3
Parameters: 0.999997 -0.000396989 0.00252642 0.000417702 0.999967 -0.00817232 -0.00252364 0.00817323 0.999963 0.0277879 0.0197948 -0.0547764
FixedParameters: 0 0 0

#Transform 141
Transform: AffineTransform_float_3_3
Parameters: 1 0.000303361 0.000566329 -0.000300927 0.999992 -0.0041495 -0.000568745 0.00414915 0.999991 0.0654854 -0.0443144 -0.0400017
FixedParameters: 0 0 0

#Transform 142
Transform: AffineTransform_float_3_3
Parameters: 1 0.000165565 0.00123965 -0.00016265 0.999998 -0.00219084 -0.00124027 0.00219038 0.999997 0.033247 0.0453716 -0.0927859
FixedParameters: 0 0 0

#Transform 143
Transform: AffineTransform_float_3_3
Parameters: 0.999998 -4.21727e-05 0.00196123 4.79296e-05 0.999995 -0.00311704 -0.00196113 0.0031166 0.999993 0.0169367 0.0575874 -0.0891183
FixedParameters: 0 0 0

#Transform 144
Transform: AffineTransform_float_3_3
Parameters: 0.999996 -7.98323e-05 0.00254659 9.06459e-05 0.999991 -0.00418131 -0.00254644 0.00418143 0.999988 0.00847027 0.069094 -0.0946595
FixedParameters: 0 0 0

#Transform 145
Transform: AffineTransform_float_3_3
Parameters: 0.999996 1.13375e-05 0.0028384 9.6145e-07 0.999992 -0.00414483 -0.00283854 0.0041454 0.999987 -0.00566393 0.038764 -0.0792427
FixedParameters: 0 0 0

#Transform 146
Transform: AffineTransform_float_3_3
Parameters: 0.999995 -0.000240844 0.00315991 0.000254 0.99999 -0.00426236 -0.00315853 0.00426349 0.999986 -0.00377232 0.0278437 -0.0786546
FixedParameters: 0 0 0

#Transform 147
Transform: AffineTransform_float_3_3
Parameters: 0.999995 -0.00055983 0.00306402 0.000576871 0.999982 -0.00588874 -0.00306079 0.00589058 0.999978 0.0143007 0.129541 -0.165583
FixedParameters: 0 0 0

#Transform 148
Transform: AffineTransform_float_3_3
Parameters: 0.999995 -0.000636115 0.00308894 0.000658371 0.999975 -0.00714179 -0.00308382 0.00714364 0.99997 0.0239914 0.132998 -0.187271
FixedParameters: 0 0 0

#Transform 149
Transform: AffineTransform_float_3_3
Parameters: 0.999995 -0.000521682 0.00300097 0.000541984 0.999976 -0.00688699 -0.00299683 0.00688812 0.999972 0.01954 0.0523745 -0.0846324
FixedParameters: 0 0 0

#Transform 150
Transform: AffineTransform_float_3_3
Parameters: 0.999992 -0.00103591 0.00364441 0.00105613 0.999983 -0.00573062 -0.00363858 0.0057345 0.999977 0.0147558 0.0663294 -0.10828
FixedParameters: 0 0 0

#Transform 151
Transform: AffineTransform_float_3_3
Parameters: 0.99999 -0.00125034 0.00428519 0.0012755 0.999981 -0.00607405 -0.00427725 0.00607908 0.999972 0.0141195 0.0858313 -0.129557
FixedParameters: 0 0 0

#Transform 152
Transform: AffineTransform_float_3_3
Parameters: 0.99999 -0.00125122 0.00428893 0.00127681 0.99998 -0.00611988 -0.00428085 0.00612492 0.999972 -0.0014736 0.0756384 -0.120752
FixedParameters: 0 0 0

#Transform 153
Transform: AffineTransform_float_3_3
Parameters: 0.999991 -0.00104528 0.00418099 0.00107193 0.999979 -0.00639807 -0.0041742 0.00640255 0.999971 0.00674715 0.0359672 -0.0806616
FixedParameters: 0 0 0

#Transform 154
Transform: AffineTransform_float_3_3
Parameters: 0.999991 -0.00143075 0.00382936 0.00145318 0.999981 -0.00595737 -0.00382075 0.00596219 0.999975 0.0200209 0.101554 -0.135635
FixedParameters: 0 0 0

#Transform 155
Transform: AffineTransform_float_3_3
Parameters: 0.999992 -0.00112736 0.00399592 0.00115128 0.999982 -0.00591478 -0.00398968 0.00591912 0.999974 0.00523785 0.097513 -0.135635
FixedParameters: 0 0 0

#Transform 156
Transform: AffineTransform_float_3_3
Parameters: 0.999992 -0.00119678 0.00375967 0.00121983 0.999981 -0.00610068 -0.00375277 0.00610497 0.999974 0.0135477 0.071066 -0.120582
FixedParameters: 0 0 0

#Transform 157
Transform: AffineTransform_float_3_3
Parameters: 0.999993 -0.000889273 0.00364326 0.00090884 0.999984 -0.00547 -0.0036378 0.00547344 0.999978 0.00486768 0.10415 -0.156349
FixedParameters: 0 0 0

#Transform 158
Transform: AffineTransform_float_3_3
Parameters: 0.999992 -0.000711438 0.00390568 0.000732571 0.999985 -0.00538767 -0.0039018 0.00539064 0.999978 0.00421512 0.0909512 -0.146094
FixedParameters: 0 0 0

#Transform 159
Transform: AffineTransform_float_3_3
Parameters: 0.999991 -0.000843359 0.00400055 0.000865082 0.999984 -0.00558614 -0.00399614 0.00559016 0.999976 0.00573758 0.07934 -0.141652
FixedParameters: 0 0 0

#Transform 160
Transform: AffineTransform_float_3_3
Parameters: 0.99999 -0.00111896 0.00417678 0.00114247 0.999983 -0.00567858 -0.00417068 0.00568324 0.999976 0.0143471 0.0730556 -0.140508
FixedParameters: 0 0 0

#Transform 161
Transform: AffineTransform_float_3_3
Parameters: 0.999989 -0.000904784 0.00445747 0.000928446 0.999986 -0.00526536 -0.0044522 0.00526894 0.999976 0.00418292 0.084244 -0.14707
FixedParameters: 0 0 0

#Transform 162
Transform: AffineTransform_float_3_3
Parameters: 0.99999 -0.00107977 0.00431705 0.00110457 0.999983 -0.00572447 -0.00431072 0.00572914 0.999974 0.00913194 0.0605101 -0.123581
FixedParameters: 0 0 0

#Transform 163
Transform: AffineTransform_float_3_3
Parameters: 0.99999 -0.00102801 0.00420119 0.00104996 0.999985 -0.005361 -0.00419585 0.00536503 0.999977 0.00625617 0.0830834 -0.143798
FixedParameters: 0 0 0

#Transform 164
Transform: AffineTransform_float_3_3
Parameters: 0.999991 -0.000997749 0.00426595 0.00102046 0.999985 -0.00547829 -0.00426019 0.00548268 0.999976 -0.0026557 0.103018 -0.149023
FixedParameters: 0 0 0

#Transform 165
Transform: AffineTransform_float_3_3
Parameters: 0.999991 -0.00102401 0.00409927 0.001048 0.999984 -0.00560744 -0.00409318 0.00561175 0.999976 0.0153525 0.0717131 -0.139814
FixedParameters: 0 0 0

#Transform 166
Transform: AffineTransform_float_3_3
Parameters: 0.999992 -0.000902679 0.00378162 0.000923629 0.999986 -0.00530861 -0.00377676 0.00531193 0.999979 0.0147957 0.0781102 -0.150615
FixedParameters: 0 0 0

#Transform 167
Transform: AffineTransform_float_3_3
Parameters: 0.999992 -0.000924668 0.00396823 0.000943753 0.999988 -0.00493367 -0.00396404 0.00493744 0.999979 0.00595439 0.114906 -0.16564
FixedParameters: 0 0 0

#Transform 168
Transform: AffineTransform_float_3_3
Parameters: 0.999992 -0.000996743 0.00396568 0.001016 0.999987 -0.00488445 -0.00396001 0.00488841 0.99998 0.0140057 0.0922793 -0.156784
FixedParameters: 0 0 0

#Transform 169
Transform: AffineTransform_float_3_3
Parameters: 0.999992 -0.0012187 0.00379617 0.00123803 0.999987 -0.00500022 -0.00378993 0.00500497 0.99998 0.0205627 0.0697335 -0.141264
FixedParameters: 0 0 0

#Transform 170
Transform: AffineTransform_float_3_3
Parameters: 0.999992 -0.00115842 0.00390614 0.00117712 0.999988 -0.00484643 -0.00390025 0.004851 0.99998 0.00632661 0.0884029 -0.14787
FixedParameters: 0 0 0

#Transform 171
Transform: AffineTransform_float_3_3
Parameters: 0.999993 -0.00104434 0.00369145 0.00106267 0.999987 -0.00491713 -0.00368624 0.00492042 0.999981 0.00967878 0.074833 -0.12819
FixedParameters: 0 0 0

#Transform 172
Transform: AffineTransform_float_3_3
Parameters: 0.999993 -0.00114109 0.0037122 0.00115989 0.999986 -0.00515669 -0.00370587 0.00516068 0.999979 0.0199961 0.0591055 -0.125741
FixedParameters: 0 0 0

#Transform 173
Transform: AffineTransform_float_3_3
Parameters: 0.999992 -0.00125478 0.00374394 0.00127331 0.999987 -0.00494327 -0.00373744 0.00494816 0.99998 0.0188068 0.0750565 -0.134973
FixedParameters: 0 0 0

#Transform 174
Transform: AffineTransform_float_3_3
Parameters: 0.999992 -0.00101915 0.00399235 0.00103816 0.999987 -0.00488369 -0.00398731 0.0048878 0.99998 -0.00118532 0.0834198 -0.136862
FixedParameters: 0 0 0

#Transform 175
Transform: AffineTransform_float_3_3
Parameters: 0.999992 -0.00127624 0.00378057 0.00129576 0.999985 -0.00533514 -0.00377417 0.00534014 0.999979 0.0201835 0.0707935 -0.126627
FixedParameters: 0 0 0

#Transform 176
Transform: AffineTransform_float_3_3
Parameters: 0.999991 -0.00131332 0.00381183 0.00133181 0.999987 -0.00492858 -0.00380558 0.00493313 0.99998 0.0162148 0.0944582 -0.151374
FixedParameters: 0 0 0

#Transform 177
Transform: AffineTransform_float_3_3
Parameters: 0.999992 -0.00144909 0.00366469 0.00146912 0.999985 -0.00533427 -0.00365737 0.00533931 0.999979 0.0240619 0.0828599 -0.126474
FixedParameters: 0 0 0

#Transform 178
Transform: AffineTransform_float_3_3
Parameters: 0.999992 -0.00140938 0.003903 0.00142805 0.999987 -0.00500058 -0.00389592 0.00500559 0.99998 0.0168682 0.0981518 -0.150094
FixedParameters: 0 0 0

#Transform 179
Transform: AffineTransform_float_3_3
Parameters: 0.999992 -0.00105419 0.00395621 0.00107554 0.999986 -0.00513851 -0.00395084 0.00514281 0.999979 0.00317322 0.0854409 -0.133543
FixedParameters: 0 0 0

#Transform 180
Transform: AffineTransform_float_3_3
Parameters: 0.999993 -0.00114493 0.0037176 0.0011663 0.999983 -0.00562881 -0.00371111 0.00563275 0.999977 0.0204299 0.0663489 -0.116935
FixedParameters: 0 0 0

#Transform 181
Transform: AffineTransform_float_3_3
Parameters: 0.999991 -0.00135499 0.0039496 0.00137287 0.999989 -0.00462794 -0.00394366 0.00463272 0.999981 0.015099 0.097356 -0.147105
FixedParameters: 0 0 0

#Transform 182
Transform: AffineTransform_float_3_3
Parameters: 0.999993 -0.00098528 0.00372489 0.00100233 0.999988 -0.00466571 -0.00372078 0.00466951 0.999982 0.00131754 0.0665773 -0.122038
FixedParameters: 0 0 0

#Transform 183
Transform: AffineTransform_float_3_3
Parameters: 0.999992 -0.00136021 0.0037458 0.00138044 0.999985 -0.00529194 -0.00373819 0.00529666 0.999979 0.0243046 0.0752264 -0.128231
FixedParameters: 0 0 0

#Transform 184
Transform: AffineTransform_float_3_3
Parameters: 0.999992 -0.00142129 0.00387424 0.00144057 0.999987 -0.00492027 -0.00386689 0.00492535 0.99998 0.0221982 0.0862314 -0.144054
FixedParameters: 0 0 0

#Transform 185
Transform: AffineTransform_float_3_3
Parameters: 0.999992 -0.00141564 0.00388671 0.00143376 0.999987 -0.00494737 -0.00387979 0.00495373 0.99998 0.0199787 0.069432 -0.130879
FixedParameters: 0 0 0

#Transform 186
Transform: AffineTransform_float_3_3
Parameters: 0.999992 -0.00140722 0.00387656 0.00142528 0.999987 -0.00473883 -0.00386982 0.00474381 0.999981 0.0190516 0.0817514 -0.13951
FixedParameters: 0 0 0

#Transform 187
Transform: AffineTransform_float_3_3
Parameters: 0.999991 -0.00115365 0.00412269 0.00117281 0.999988 -0.00466987 -0.00411804 0.00467392 0.999981 0.0128384 0.0774482 -0.130814
FixedParameters: 0 0 0

#Transform 188
Transform: AffineTransform_float_3_3
Parameters: 0.999992 -0.00115368 0.00370488 0.00117151 0.999987 -0.00481829 -0.00369888 0.0048233 0.999982 0.0275007 0.0595267 -0.1262
FixedParameters: 0 0 0

#Transform 189
Transform: AffineTransform_float_3_3
Parameters: 0.999991 -0.00137044 0.00413483 0.00138876 0.99999 -0.00438115 -0.00412858 0.00438753 0.999982 0.0154004 0.0728554 -0.123118
FixedParameters: 0 0 0
