#Insight Transform File V1.0
#Transform 0
Transform: AffineTransform_float_3_3
Parameters: 0.999998 0.00177151 -0.00109306 -0.00177085 0.999998 0.00101507 0.00109427 -0.0010132 0.999999 -0.0261262 -0.0412763 0.018375
FixedParameters: 0 0 0

#Transform 1
Transform: AffineTransform_float_3_3
Parameters: 0.999998 0.00174092 -0.00099339 -0.00174039 0.999998 0.000714545 0.000994386 -0.000713009 0.999999 -0.0279252 -0.0325844 0.0153705
FixedParameters: 0 0 0

#Transform 2
Transform: AffineTransform_float_3_3
Parameters: 0.999997 0.00183188 -0.00115584 -0.00183093 0.999998 0.00083577 0.00115747 -0.000834342 0.999999 -0.0147802 -0.0350423 0.0301678
FixedParameters: 0 0 0

#Transform 3
Transform: AffineTransform_float_3_3
Parameters: 0.999998 0.00156858 -0.000831893 -0.00156808 0.999999 0.0010163 0.00083342 -0.00101427 0.999999 -0.0311638 -0.0185341 -0.000475331
FixedParameters: 0 0 0

#Transform 4
Transform: AffineTransform_float_3_3
Parameters: 0.999999 0.00136161 -0.000659285 -0.00136106 0.999998 0.000757006 0.0006606 -0.000756171 0.999999 -0.0289979 -0.0183056 0.0151303
FixedParameters: 0 0 0

#Transform 5
Transform: AffineTransform_float_3_3
Parameters: 0.999999 0.00118292 -0.00054276 -0.00118315 0.999999 0.00019139 0.000542468 -0.000191068 1 -0.0161551 -0.00740952 0.0407576
FixedParameters: 0 0 0

#Transform 6
Transform: AffineTransform_float_3_3
Parameters: 0.999999 0.000944002 -0.000356428 -0.000944042 0.999999 0.000789671 0.000357127 -0.000789963 0.999999 -0.0193927 -0.00373103 0.0211956
FixedParameters: 0 0 0

#Transform 7
Transform: AffineTransform_float_3_3
Parameters: 1 0.00089902 -0.000415226 -0.000898713 0.999999 0.00098119 0.00041614 -0.000980523 1 -0.0139079 -0.031043 0.0327411
FixedParameters: 0 0 0

#Transform 8
Transform: AffineTransform_float_3_3
Parameters: 1 0.000649692 -0.000174797 -0.000648725 1 0.00103199 0.000175555 -0.00103133 0.999999 -0.024013 -0.0102371 0.0223247
FixedParameters: 0 0 0

#Transform 9
Transform: AffineTransform_float_3_3
Parameters: 0.999999 0.000837544 -0.000239491 -0.000837362 0.999999 0.000378455 0.000240125 -0.000378053 1 -0.0105087 -0.0211304 0.0611594
FixedParameters: 0 0 0

#Transform 10
Transform: AffineTransform_float_3_3
Parameters: 0.999999 0.000821853 3.87816e-05 -0.000821043 0.999999 0.000463098 -3.8539e-05 -0.000463182 1 -0.0319149 0.00543557 0.0315791
FixedParameters: 0 0 0

#Transform 11
Transform: AffineTransform_float_3_3
Parameters: 1 0.000700445 -9.69076e-05 -0.000701378 0.999999 -0.000446879 9.67994e-05 0.000447036 1 -0.0225733 -0.00806117 0.0324646
FixedParameters: 0 0 0

#Transform 12
Transform: AffineTransform_float_3_3
Parameters: 1 0.000585726 -0.000116575 -0.000585723 1 1.08671e-05 0.000116587 -1.07305e-05 1 -0.0176035 -0.00394147 0.0490066
FixedParameters: 0 0 0

#Transform 13
Transform: AffineTransform_float_3_3
Parameters: 1 0.000172952 0.000189956 -0.000173266 0.999999 0.000827859 -0.000189669 -0.000827924 0.999999 -0.0362085 -0.00363236 0.0442316
FixedParameters: 0 0 0

#Transform 14
Transform: AffineTransform_float_3_3
Parameters: 0.999999 0.00063804 -0.000487074 -0.000638349 0.999999 -0.000316811 0.00048667 0.000317433 1 0.0026406 -0.023267 0.0395942
FixedParameters: 0 0 0

#Transform 15
Transform: AffineTransform_float_3_3
Parameters: 1 0.000361473 -0.00034374 -0.000361426 1 6.73366e-05 0.000343788 -6.70881e-05 1 -0.0101127 0.0524753 0.019457
FixedParameters: 0 0 0

#Transform 16
Transform: AffineTransform_float_3_3
Parameters: 1 -0.000405497 -0.000105122 0.000405301 0.999999 -0.000925017 0.000105872 0.000924932 0.999999 0.00301903 0.0351671 0.0120572
FixedParameters: 0 0 0

#Transform 17
Transform: AffineTransform_float_3_3
Parameters: 1 -0.00021051 -0.000233219 0.000210681 1 -0.00110649 0.000233119 0.00110636 1 0.021702 -0.0129571 0.0230346
FixedParameters: 0 0 0

#Transform 18
Transform: AffineTransform_float_3_3
Parameters: 1 0.00037372 -0.000448158 -0.000373817 1 0.000460103 0.000447652 -0.000459849 1 0.00349384 0.0274333 0.0309329
FixedParameters: 0 0 0

#Transform 19
Transform: AffineTransform_float_3_3
Parameters: 1 0.00048974 -5.21589e-05 -0.000489688 1 0.000494908 5.26436e-05 -0.000494857 1 -0.0204865 -0.00124708 0.035359
FixedParameters: 0 0 0

#Transform 20
Transform: AffineTransform_float_3_3
Parameters: 1 0.000278699 -0.000333207 -0.000278246 0.999999 0.00067923 0.000333585 -0.000679044 0.999999 0.00593489 -0.0205849 0.00410977
FixedParameters: 0 0 0

#Transform 21
Transform: AffineTransform_float_3_3
Parameters: 1 -0.000652778 -0.000138268 0.000652117 0.999999 0.000666748 0.000137916 -0.000666907 1 0.0263767 -0.0202253 0.00745669
FixedParameters: 0 0 0

#Transform 22
Transform: AffineTransform_float_3_3
Parameters: 1 -0.000316293 -8.277e-06 0.000316072 1 0.00122989 7.4362e-06 -0.00122944 0.999999 -0.0131615 -0.00837774 0.016019
FixedParameters: 0 0 0

#Transform 23
Transform: AffineTransform_float_3_3
Parameters: 1 -0.000514762 3.29619e-05 0.000514268 1 0.00093874 -3.25019e-05 -0.00093949 0.999999 0.00998001 -0.027984 0.015311
FixedParameters: 0 0 0

#Transform 24
Transform: AffineTransform_float_3_3
Parameters: 1 0.000225609 0.000427819 -0.000225683 0.999999 0.00100056 -0.000427991 -0.000999896 1 -0.035191 -0.0183679 0.017769
FixedParameters: 0 0 0

#Transform 25
Transform: AffineTransform_float_3_3
Parameters: 0.999999 -0.000203187 0.000697026 0.000202572 0.999999 0.000864853 -0.000696511 -0.000864952 0.999999 -0.0170688 -0.0231895 0.029648
FixedParameters: 0 0 0

#Transform 26
Transform: AffineTransform_float_3_3
Parameters: 0.999999 -0.000377316 0.000785977 0.000375993 0.999999 0.00111613 -0.000785999 -0.00111592 1 -0.0214731 0.0094989 -0.00059235
FixedParameters: 0 0 0

#Transform 27
Transform: AffineTransform_float_3_3
Parameters: 0.999999 -0.000451784 0.000764301 0.000450372 0.999999 0.00120554 -0.00076457 -0.00120524 0.999999 -0.0260313 0.0153232 0.00378692
FixedParameters: 0 0 0

#Transform 28
Transform: AffineTransform_float_3_3
Parameters: 1 -0.000405719 0.000798964 0.000405267 0.999999 0.00118112 -0.000799575 -0.00118088 0.999999 -0.0109467 -0.0254335 0.0111321
FixedParameters: 0 0 0

#Transform 29
Transform: AffineTransform_float_3_3
Parameters: 1 -0.000730139 0.000743185 0.000728981 0.999999 0.00112114 -0.00074397 -0.00111998 0.999999 -0.00191751 -0.013493 0.00406354
FixedParameters: 0 0 0

#Transform 30
Transform: AffineTransform_float_3_3
Parameters: 0.999999 -0.000956063 0.00115915 0.000955733 0.999999 0.000788948 -0.00116021 -0.000788015 0.999999 -0.0157675 0.0100455 0.00141665
FixedParameters: 0 0 0

#Transform 31
Transform: AffineTransform_float_3_3
Parameters: 0.999999 -0.000739312 0.00101976 0.000738884 0.999999 0.000905445 -0.00102066 -0.000904759 0.999998 -0.0144226 0.00123678 -0.00340413
FixedParameters: 0 0 0

#Transform 32
Transform: AffineTransform_float_3_3
Parameters: 0.999999 -0.000805621 0.000921251 0.000804705 0.999999 0.000807798 -0.000921596 -0.000807115 0.999999 -0.00584973 -0.0203564 0.00386852
FixedParameters: 0 0 0

#Transform 33
Transform: AffineTransform_float_3_3
Parameters: 0.999998 -0.00103114 0.00118839 0.0010297 0.999999 0.00103103 -0.00118874 -0.00102977 0.999999 -0.018154 0.0166279 -0.00406563
FixedParameters: 0 0 0

#Transform 34
Transform: AffineTransform_float_3_3
Parameters: 0.999999 -0.000827392 0.000872115 0.000826366 0.999999 0.000916762 -0.000872675 -0.00091612 0.999999 -0.00335404 -0.0147434 0.018455
FixedParameters: 0 0 0

#Transform 35
Transform: AffineTransform_float_3_3
Parameters: 0.999999 -0.000684967 0.00108537 0.000683987 0.999999 0.00111281 -0.00108654 -0.00111172 0.999999 -0.0212963 0.0132365 -0.000878717
FixedParameters: 0 0 0

#Transform 36
Transform: AffineTransform_float_3_3
Parameters: 0.999999 -0.000603442 0.00121048 0.000601973 0.999999 0.00120013 -0.00121158 -0.00119907 0.999999 -0.0306313 0.000981999 0.00580905
FixedParameters: 0 0 0

#Transform 37
Transform: AffineTransform_float_3_3
Parameters: 0.999998 -0.000405857 0.00155341 0.00040395 0.999999 0.00107622 -0.00155393 -0.00107536 0.999998 -0.0554746 0.0190463 0.00920574
FixedParameters: 0 0 0

#Transform 38
Transform: AffineTransform_float_3_3
Parameters: 0.999999 -0.000505992 0.00139478 0.000505119 0.999999 0.00101082 -0.0013946 -0.00100973 0.999999 -0.0477162 0.0101655 0.000255682
FixedParameters: 0 0 0

#Transform 39
Transform: AffineTransform_float_3_3
Parameters: 0.999999 -0.00037072 0.00135842 0.000370428 1 0.000325081 -0.00135779 -0.000324456 1 -0.0294597 -0.0514471 0.0358972
FixedParameters: 0 0 0

#Transform 40
Transform: AffineTransform_float_3_3
Parameters: 0.999999 -0.000487779 0.00124402 0.000487389 1 0.000734294 -0.00124439 -0.000733483 0.999999 -0.0332278 0.016164 0.01249
FixedParameters: 0 0 0

#Transform 41
Transform: AffineTransform_float_3_3
Parameters: 0.999999 -0.000739604 0.00132702 0.000738138 0.999999 0.000799056 -0.00132723 -0.000798357 0.999998 -0.0351353 0.0383842 -0.0160498
FixedParameters: 0 0 0

#Transform 42
Transform: AffineTransform_float_3_3
Parameters: 0.999999 -0.000841512 0.0012137 0.000839677 0.999999 0.000999638 -0.00121451 -0.000997978 0.999999 -0.0217624 -0.00365104 0.000670239
FixedParameters: 0 0 0

#Transform 43
Transform: AffineTransform_float_3_3
Parameters: 0.999998 -0.000833731 0.00131234 0.000832128 0.999999 0.00103051 -0.00131234 -0.00102863 0.999999 -0.0170424 0.00933083 0.00259183
FixedParameters: 0 0 0

#Transform 44
Transform: AffineTransform_float_3_3
Parameters: 0.999999 -0.000816229 0.00156063 0.000814966 0.999999 0.00134504 -0.00156202 -0.00134418 0.999998 -0.0337627 0.00280565 -0.000906001
FixedParameters: 0 0 0

#Transform 45
Transform: AffineTransform_float_3_3
Parameters: 0.999999 -0.000991432 0.001468 0.000990402 0.999999 0.00106301 -0.00146879 -0.00106177 0.999999 -0.0219353 -0.0220981 0.0183311
FixedParameters: 0 0 0

#Transform 46
Transform: AffineTransform_float_3_3
Parameters: 0.999999 -0.00116655 0.00140276 0.00116466 0.999999 0.0012084 -0.00140512 -0.00120641 0.999998 -0.015289 -0.00627157 6.33455e-06
FixedParameters: 0 0 0

#Transform 47
Transform: AffineTransform_float_3_3
Parameters: 0.999998 -0.000930984 0.00163523 0.000928919 0.999999 0.00127069 -0.00163627 -0.00126932 0.999998 -0.0304568 -0.00564228 0.00478204
FixedParameters: 0 0 0

#Transform 48
Transform: AffineTransform_float_3_3
Parameters: 0.999999 -0.000947885 0.00144813 0.000945888 0.999999 0.00138316 -0.00144944 -0.00138162 0.999998 -0.0180996 -0.0310792 0.0100449
FixedParameters: 0 0 0

#Transform 49
Transform: AffineTransform_float_3_3
Parameters: 0.999998 -0.00088505 0.00159287 0.000883762 0.999998 0.00148589 -0.00159385 -0.00148468 0.999997 -0.0227422 -0.0135842 0.00413169
FixedParameters: 0 0 0

#Transform 50
Transform: AffineTransform_float_3_3
Parameters: 0.999998 -0.000791975 0.00177072 0.000789008 0.999998 0.0015545 -0.00177111 -0.0015524 0.999997 -0.040002 0.0119204 -0.00174341
FixedParameters: 0 0 0

#Transform 51
Transform: AffineTransform_float_3_3
Parameters: 0.999998 -0.00100113 0.00168766 0.000999348 0.999999 0.00112393 -0.0016886 -0.00112176 0.999998 -0.0302417 0.007597 -0.00462233
FixedParameters: 0 0 0

#Transform 52
Transform: AffineTransform_float_3_3
Parameters: 0.999998 -0.000958531 0.00172167 0.000956526 0.999998 0.00143497 -0.00172362 -0.00143336 0.999997 -0.0315276 0.0123235 -0.0178816
FixedParameters: 0 0 0

#Transform 53
Transform: AffineTransform_float_3_3
Parameters: 0.999998 -0.00092113 0.00176861 0.000918369 0.999999 0.00156525 -0.00177074 -0.00156368 0.999998 -0.0346743 0.00339442 -0.00944851
FixedParameters: 0 0 0

#Transform 54
Transform: AffineTransform_float_3_3
Parameters: 0.999998 -0.00100086 0.00168682 0.000999122 0.999999 0.00113416 -0.00168777 -0.00113245 0.999998 -0.0207793 -0.00834914 0.00304933
FixedParameters: 0 0 0

#Transform 55
Transform: AffineTransform_float_3_3
Parameters: 0.999998 -0.00122622 0.00187605 0.00122455 0.999998 0.0013797 -0.00187767 -0.00137759 0.999997 -0.0286765 0.0131472 -0.0162702
FixedParameters: 0 0 0

#Transform 56
Transform: AffineTransform_float_3_3
Parameters: 0.999998 -0.000788383 0.00200594 0.000785792 0.999998 0.00142216 -0.00200742 -0.00142027 0.999997 -0.0384614 -0.00332349 -0.00139341
FixedParameters: 0 0 0

#Transform 57
Transform: AffineTransform_float_3_3
Parameters: 0.999998 -0.000927732 0.00181219 0.000925832 0.999999 0.00110129 -0.00181292 -0.0010996 0.999998 -0.0263457 -0.00814191 0.00317997
FixedParameters: 0 0 0

#Transform 58
Transform: AffineTransform_float_3_3
Parameters: 0.999997 -0.00096944 0.0021763 0.000965388 0.999998 0.00154759 -0.0021771 -0.00154542 0.999997 -0.0385153 0.00611574 -0.00958906
FixedParameters: 0 0 0

#Transform 59
Transform: AffineTransform_float_3_3
Parameters: 0.999997 -0.000769808 0.00218193 0.00076556 0.999998 0.00196075 -0.00218389 -0.00195861 0.999996 -0.0456097 -0.0058492 0.00770501
FixedParameters: 0 0 0

#Transform 60
Transform: AffineTransform_float_3_3
Parameters: 0.999998 -0.000809166 0.00189487 0.000805613 0.999997 0.00207406 -0.00189717 -0.00207221 0.999996 -0.0256826 -0.0390555 0.0219859
FixedParameters: 0 0 0

#Transform 61
Transform: AffineTransform_float_3_3
Parameters: 0.999998 -0.000763289 0.00208697 0.000758537 0.999998 0.00225024 -0.00208846 -0.00224862 0.999995 -0.0480958 0.00785153 0.00668232
FixedParameters: 0 0 0

#Transform 62
Transform: AffineTransform_float_3_3
Parameters: 0.999998 -0.000660542 0.00210832 0.00065607 0.999997 0.00236542 -0.0021101 -0.00236379 0.999995 -0.0529683 -0.00641321 0.0168079
FixedParameters: 0 0 0

#Transform 63
Transform: AffineTransform_float_3_3
Parameters: 0.999998 -0.000825061 0.0018454 0.000821157 0.999997 0.00227147 -0.00184725 -0.00226999 0.999996 -0.0271217 -0.0378321 0.0237103
FixedParameters: 0 0 0

#Transform 64
Transform: AffineTransform_float_3_3
Parameters: 0.999997 -0.000923243 0.00216925 0.000917625 0.999997 0.00246407 -0.00217103 -0.00246201 0.999995 -0.0456951 0.0055776 0.000846998
FixedParameters: 0 0 0

#Transform 65
Transform: AffineTransform_float_3_3
Parameters: 0.999997 -0.000881661 0.00219888 0.000876421 0.999997 0.00253665 -0.0022011 -0.00253473 0.999994 -0.0495262 -0.00426425 0.00688534
FixedParameters: 0 0 0

#Transform 66
Transform: AffineTransform_float_3_3
Parameters: 0.999998 -0.000770902 0.00194126 0.000766401 0.999998 0.00222261 -0.00194359 -0.00222125 0.999995 -0.0348056 -0.0386406 0.0229346
FixedParameters: 0 0 0

#Transform 67
Transform: AffineTransform_float_3_3
Parameters: 0.999998 -0.000789794 0.00208698 0.00078458 0.999996 0.00248749 -0.00208819 -0.00248525 0.999995 -0.0443118 -0.00249124 0.00737607
FixedParameters: 0 0 0

#Transform 68
Transform: AffineTransform_float_3_3
Parameters: 0.999998 -0.000568897 0.00205854 0.00056343 0.999996 0.00266406 -0.00206023 -0.00266288 0.999994 -0.0602951 0.000274684 0.0187904
FixedParameters: 0 0 0

#Transform 69
Transform: AffineTransform_float_3_3
Parameters: 0.999998 -0.000610608 0.00186904 0.000605211 0.999996 0.0027578 -0.00186969 -0.00275747 0.999995 -0.0468358 -0.025927 0.0253648
FixedParameters: 0 0 0

#Transform 70
Transform: AffineTransform_float_3_3
Parameters: 0.999998 -0.000541946 0.00191029 0.000536621 0.999996 0.00288424 -0.00191132 -0.00288326 0.999994 -0.051491 -0.0266978 0.0222151
FixedParameters: 0 0 0

#Transform 71
Transform: AffineTransform_float_3_3
Parameters: 0.999998 -0.00054345 0.00202735 0.000538513 0.999997 0.0024288 -0.00202951 -0.00242738 0.999995 -0.0578815 -0.00572928 0.0141631
FixedParameters: 0 0 0

#Transform 72
Transform: AffineTransform_float_3_3
Parameters: 0.999997 -0.000635691 0.00216583 0.000631609 0.999997 0.00222747 -0.00216722 -0.00222675 0.999995 -0.0593913 -0.00903994 0.0168726
FixedParameters: 0 0 0

#Transform 73
Transform: AffineTransform_float_3_3
Parameters: 0.999997 -0.000322315 0.00236502 0.000317731 0.999999 0.00177205 -0.00236597 -0.00177182 0.999996 -0.0685126 -0.0375563 0.0344707
FixedParameters: 0 0 0

#Transform 74
Transform: AffineTransform_float_3_3
Parameters: 0.999997 -0.000672806 0.00221501 0.000670261 0.999999 0.00127748 -0.00221597 -0.00127576 0.999997 -0.055786 -0.0239625 0.0461886
FixedParameters: 0 0 0

#Transform 75
Transform: AffineTransform_float_3_3
Parameters: 0.999995 -7.31877e-05 0.00314938 7.80487e-05 0.999999 -0.00146897 -0.00314968 0.00146922 0.999994 -0.0777551 -0.0219867 0.0619644
FixedParameters: 0 0 0

#Transform 76
Transform: AffineTransform_float_3_3
Parameters: 0.999995 0.000566728 0.00317949 -0.000572508 0.999998 0.00176418 -0.00317939 -0.00176613 0.999993 -0.0917461 -0.0253141 0.0458938
FixedParameters: 0 0 0

#Transform 77
Transform: AffineTransform_float_3_3
Parameters: 0.999995 4.89887e-05 0.00327806 -5.66947e-05 0.999997 0.00247036 -0.00327817 -0.00247019 0.999992 -0.0957429 0.0113917 0.00681343
FixedParameters: 0 0 0

#Transform 78
Transform: AffineTransform_float_3_3
Parameters: 0.999995 -0.000123485 0.00300373 0.000116362 0.999997 0.0023573 -0.00300494 -0.00235701 0.999993 -0.0864149 -0.00810734 0.0225892
FixedParameters: 0 0 0

#Transform 79
Transform: AffineTransform_float_3_3
Parameters: 0.999996 -0.000363051 0.00308939 0.00035474 0.999997 0.00257695 -0.00309093 -0.00257595 0.999992 -0.0826042 -0.0188299 0.010186
FixedParameters: 0 0 0

#Transform 80
Transform: AffineTransform_float_3_3
Parameters: 0.999994 -0.000341552 0.00329923 0.000332682 0.999996 0.00258747 -0.0032998 -0.00258686 0.999991 -0.0882066 -0.0221294 0.0159337
FixedParameters: 0 0 0

#Transform 81
Transform: AffineTransform_float_3_3
Parameters: 0.999994 -0.000761709 0.00326277 0.000754467 0.999996 0.00245513 -0.00326436 -0.00245259 0.999991 -0.063991 -0.0462397 0.0249718
FixedParameters: 0 0 0

#Transform 82
Transform: AffineTransform_float_3_3
Parameters: 0.999993 -0.000846986 0.00364474 0.000840248 0.999997 0.00200919 -0.0036462 -0.00200642 0.999991 -0.0740575 -0.0191155 0.0189694
FixedParameters: 0 0 0

#Transform 83
Transform: AffineTransform_float_3_3
Parameters: 0.999993 -0.00101712 0.00350996 0.00101138 0.999999 0.00153257 -0.00351176 -0.00152938 0.999993 -0.068077 -0.0117637 0.0204432
FixedParameters: 0 0 0

#Transform 84
Transform: AffineTransform_float_3_3
Parameters: 0.999992 -0.00103065 0.00378591 0.00102445 0.999998 0.0015741 -0.00378702 -0.00156974 0.999992 -0.0763235 -0.00635304 0.0157552
FixedParameters: 0 0 0

#Transform 85
Transform: AffineTransform_float_3_3
Parameters: 0.999992 -0.0010717 0.00381634 0.00106602 0.999999 0.00149341 -0.00381742 -0.00148868 0.999992 -0.0816716 -0.00138795 0.0133073
FixedParameters: 0 0 0

#Transform 86
Transform: AffineTransform_float_3_3
Parameters: 0.999993 -0.0013642 0.00349914 0.00135958 0.999999 0.00107311 -0.00350046 -0.00106843 0.999993 -0.0583054 -0.00432637 0.0356589
FixedParameters: 0 0 0

#Transform 87
Transform: AffineTransform_float_3_3
Parameters: 0.999991 -0.0013026 0.00395824 0.00129691 0.999998 0.00146761 -0.00395971 -0.00146296 0.999991 -0.0825256 0.0233744 0.00704669
FixedParameters: 0 0 0

#Transform 88
Transform: AffineTransform_float_3_3
Parameters: 0.999992 -0.00139274 0.00386936 0.00138914 0.999998 0.00100369 -0.00387104 -0.000997829 0.999992 -0.0666145 0.0113151 0.0235936
FixedParameters: 0 0 0

#Transform 89
Transform: AffineTransform_float_3_3
Parameters: 0.999989 -0.00164752 0.00419045 0.00164271 0.999998 0.00113775 -0.00419205 -0.00113101 0.99999 -0.0681189 0.0409131 0.00625273
FixedParameters: 0 0 0

#Transform 90
Transform: AffineTransform_float_3_3
Parameters: 0.999989 -0.00156974 0.00433006 0.0015642 0.999998 0.00114765 -0.0043324 -0.00114078 0.99999 -0.0803345 0.0332345 0.009627
FixedParameters: 0 0 0

#Transform 91
Transform: AffineTransform_float_3_3
Parameters: 0.999989 -0.00181095 0.00424903 0.00180862 0.999998 0.000630295 -0.0042503 -0.000622098 0.999991 -0.0584226 0.0197073 0.00324804
FixedParameters: 0 0 0

#Transform 92
Transform: AffineTransform_float_3_3
Parameters: 0.999988 -0.00199937 0.00450679 0.00199313 0.999997 0.00126101 -0.00450949 -0.00125186 0.99999 -0.0695587 0.0290243 -0.00447608
FixedParameters: 0 0 0

#Transform 93
Transform: AffineTransform_float_3_3
Parameters: 0.999989 -0.00181147 0.0043821 0.00180483 0.999997 0.001547 -0.00438429 -0.00153898 0.99999 -0.0754643 0.01451 0.00302176
FixedParameters: 0 0 0

#Transform 94
Transform: AffineTransform_float_3_3
Parameters: 0.99999 -0.00157315 0.00413384 0.00156846 0.999998 0.00130267 -0.00413546 -0.00129667 0.999991 -0.0627534 -0.0166353 0.0307116
FixedParameters: 0 0 0

#Transform 95
Transform: AffineTransform_float_3_3
Parameters: 0.999991 -0.00118797 0.00420393 0.00118729 0.999999 0.00018143 -0.00420334 -0.000176902 0.999991 -0.0651833 -0.00959521 -0.0135741
FixedParameters: 0 0 0

#Transform 96
Transform: AffineTransform_float_3_3
Parameters: 0.999988 -0.00191635 0.00450901 0.00191009 0.999997 0.00139534 -0.00451173 -0.00138687 0.999989 -0.0546804 0.0384487 -0.0374237
FixedParameters: 0 0 0

#Transform 97
Transform: AffineTransform_float_3_3
Parameters: 0.999987 -0.00192741 0.00479438 0.00191923 0.999997 0.00173144 -0.00479718 -0.00172211 0.999987 -0.0661756 0.0562008 -0.0576444
FixedParameters: 0 0 0

#Transform 98
Transform: AffineTransform_float_3_3
Parameters: 0.999986 -0.00193362 0.00491808 0.00192676 0.999997 0.00152626 -0.00492089 -0.00151692 0.999987 -0.064198 0.0401581 -0.0483592
FixedParameters: 0 0 0

#Transform 99
Transform: AffineTransform_float_3_3
Parameters: 0.999985 -0.00191168 0.00507326 0.00190575 0.999998 0.00113012 -0.00507515 -0.00112098 0.999987 -0.0662606 0.0399732 -0.039674
FixedParameters: 0 0 0

#Transform 100
Transform: AffineTransform_float_3_3
Parameters: 0.999985 -0.00192422 0.00494102 0.0019186 0.999997 0.00111938 -0.00494291 -0.00111015 0.999987 -0.0607938 0.0135995 -0.0221674
FixedParameters: 0 0 0

#Transform 101
Transform: AffineTransform_float_3_3
Parameters: 0.999985 -0.00187628 0.00511133 0.00186903 0.999997 0.00138211 -0.00511375 -0.00137313 0.999986 -0.0658921 0.0275394 -0.0390943
FixedParameters: 0 0 0

#Transform 102
Transform: AffineTransform_float_3_3
Parameters: 0.999984 -0.00165487 0.00535154 0.00164878 0.999998 0.0012379 -0.00535297 -0.00122908 0.999985 -0.0686536 0.0057723 -0.0283855
FixedParameters: 0 0 0

#Transform 103
Transform: AffineTransform_float_3_3
Parameters: 0.999983 -0.00203296 0.00539596 0.00202657 0.999998 0.00125375 -0.00539822 -0.00124247 0.999985 -0.0480079 -0.00777003 -0.0345438
FixedParameters: 0 0 0

#Transform 104
Transform: AffineTransform_float_3_3
Parameters: 0.999982 -0.00217955 0.00555501 0.00217145 0.999996 0.00143882 -0.00555746 -0.001427 0.999983 -0.0636534 0.00361155 -0.0275566
FixedParameters: 0 0 0

#Transform 105
Transform: AffineTransform_float_3_3
Parameters: 0.999984 -0.00215467 0.00532943 0.00214841 0.999997 0.00113597 -0.00533171 -0.00112461 0.999985 -0.0524821 0.0189884 -0.0313164
FixedParameters: 0 0 0

#Transform 106
Transform: AffineTransform_float_3_3
Parameters: 0.999984 -0.00195157 0.0053384 0.00194551 0.999997 0.00120419 -0.00534116 -0.00119367 0.999985 -0.0714232 0.0361222 -0.0291052
FixedParameters: 0 0 0

#Transform 107
Transform: AffineTransform_float_3_3
Parameters: 0.999983 -0.00204255 0.0054598 0.00203663 0.999997 0.00107988 -0.0054617 -0.00106875 0.999985 -0.0766474 0.0311395 -0.0167834
FixedParameters: 0 0 0

#Transform 108
Transform: AffineTransform_float_3_3
Parameters: 0.999982 -0.00249635 0.00533786 0.00249357 0.999997 0.000426155 -0.00533821 -0.000413032 0.999985 -0.0506816 -0.010712 0.00152501
FixedParameters: 0 0 0

#Transform 109
Transform: AffineTransform_float_3_3
Parameters: 0.999981 -0.00278984 0.00553187 0.00278451 0.999995 0.00104512 -0.00553473 -0.00102941 0.999984 -0.0616498 0.0649444 -0.0409692
FixedParameters: 0 0 0

#Transform 110
Transform: AffineTransform_float_3_3
Parameters: 0.999982 -0.00239058 0.00559826 0.00238417 0.999997 0.00111697 -0.00560084 -0.00110361 0.999984 -0.0733369 0.0265549 -0.0293468
FixedParameters: 0 0 0

#Transform 111
Transform: AffineTransform_float_3_3
Parameters: 0.999979 -0.00285743 0.00579458 0.00285051 0.999995 0.00130303 -0.00579784 -0.00128541 0.999982 -0.0573826 -0.000135519 -0.0288689
FixedParameters: 0 0 0

#Transform 112
Transform: AffineTransform_float_3_3
Parameters: 0.99998 -0.00238115 0.00587362 0.00237281 0.999996 0.00141493 -0.00587634 -0.00140115 0.999982 -0.0779586 0.0237287 -0.0238986
FixedParameters: 0 0 0

#Transform 113
Transform: AffineTransform_float_3_3
Parameters: 0.999979 -0.00220254 0.00604689 0.00219901 0.999998 0.000522002 -0.00604879 -0.00050907 0.999981 -0.0906632 0.0304415 -0.00710256
FixedParameters: 0 0 0

#Transform 114
Transform: AffineTransform_float_3_3
Parameters: 0.99998 -0.00235432 0.00598924 0.00235408 0.999998 0.00017631 -0.00598916 -0.000161315 0.999982 -0.0810815 0.0282015 -0.0285986
FixedParameters: 0 0 0

#Transform 115
Transform: AffineTransform_float_3_3
Parameters: 0.99998 -0.00231968 0.00593781 0.00232097 0.999998 -0.000236471 -0.00593737 0.000250618 0.999982 -0.090899 0.0324346 -0.0169553
FixedParameters: 0 0 0

#Transform 116
Transform: AffineTransform_float_3_3
Parameters: 0.99998 -0.00231113 0.00581839 0.00231098 0.999997 -8.24218e-05 -0.00581776 9.51012e-05 0.999983 -0.0843757 0.0211327 -0.0260431
FixedParameters: 0 0 0

#Transform 117
Transform: AffineTransform_float_3_3
Parameters: 0.99998 -0.00263812 0.00575595 0.0026381 0.999997 -1.57872e-05 -0.00575593 3.06224e-05 0.999983 -0.0649637 0.020324 -0.035473
FixedParameters: 0 0 0

#Transform 118
Transform: AffineTransform_float_3_3
Parameters: 0.999982 -0.00246785 0.00556825 0.00246301 0.999997 0.000865419 -0.00556999 -0.000852273 0.999984 -0.0881508 0.0448715 -0.020314
FixedParameters: 0 0 0

#Transform 119
Transform: AffineTransform_float_3_3
Parameters: 0.99998 -0.00235935 0.00577289 0.00236105 0.999998 -0.000249582 -0.00577148 0.000263078 0.999983 -0.0685167 0.0126837 0.00990316
FixedParameters: 0 0 0

#Transform 120
Transform: AffineTransform_float_3_3
Parameters: 0.999983 -0.00128281 0.0056781 0.00129481 0.999998 -0.00194293 -0.00567558 0.00194966 0.999982 -0.0904732 0.00643414 0.0263782
FixedParameters: 0 0 0

#Transform 121
Transform: AffineTransform_float_3_3
Parameters: 0.999983 -0.00185388 0.00558776 0.0018551 0.999998 -0.000227485 -0.00558697 0.000237567 0.999984 -0.0794368 0.0413338 -0.00781804
FixedParameters: 0 0 0

#Transform 122
Transform: AffineTransform_float_3_3
Parameters: 0.999983 -0.00205914 0.00545243 0.00205699 0.999998 0.000401034 -0.0054539 -0.000389552 0.999984 -0.0783025 0.0613044 -0.0298562
FixedParameters: 0 0 0

#Transform 123
Transform: AffineTransform_float_3_3
Parameters: 0.999983 -0.00204496 0.00535502 0.00204359 0.999998 0.000114594 -0.00535518 -0.000103705 0.999985 -0.0742014 0.0222358 0.0011801
FixedParameters: 0 0 0

#Transform 124
Transform: AffineTransform_float_3_3
Parameters: 0.999984 -0.00140289 0.00549123 0.00139717 0.999998 0.00114224 -0.00549267 -0.00113538 0.999984 -0.0949365 0.0421229 -0.0131935
FixedParameters: 0 0 0

#Transform 125
Transform: AffineTransform_float_3_3
Parameters: 0.999982 -0.00188265 0.00569653 0.00187319 0.999997 0.00161213 -0.00569941 -0.00160134 0.999982 -0.085192 -0.00332123 0.00408894
FixedParameters: 0 0 0

#Transform 126
Transform: AffineTransform_float_3_3
Parameters: 0.999985 -0.00156006 0.00511829 0.00154984 0.999997 0.00213712 -0.00512192 -0.00212945 0.999984 -0.0765542 -0.0261044 0.00801962
FixedParameters: 0 0 0

#Transform 127
Transform: AffineTransform_float_3_3
Parameters: 0.999984 -0.00134461 0.0054814 0.00133365 0.999997 0.00209557 -0.00548408 -0.00208829 0.999983 -0.0936657 0.00898209 0.0021018
FixedParameters: 0 0 0

#Transform 128
Transform: AffineTransform_float_3_3
Parameters: 0.999985 -0.00118343 0.0055167 0.00117456 0.999998 0.00158603 -0.00551768 -0.00157917 0.999983 -0.0982823 -0.00317101 0.00111057
FixedParameters: 0 0 0

#Transform 129
Transform: AffineTransform_float_3_3
Parameters: 0.999984 -0.00108038 0.00560659 0.0010716 0.999998 0.00158397 -0.00560869 -0.00157774 0.999983 -0.0946493 -0.0177098 0.00820765
FixedParameters: 0 0 0

#Transform 130
Transform: AffineTransform_float_3_3
Parameters: 0.999982 -0.00121988 0.0059511 0.00120248 0.999996 0.0028345 -0.00595406 -0.00282734 0.999978 -0.0868472 0.01031 -0.0220486
FixedParameters: 0 0 0

#Transform 131
Transform: AffineTransform_float_3_3
Parameters: 0.999978 -0.00135929 0.00653642 0.00133849 0.999994 0.00309987 -0.00654015 -0.00309079 0.999974 -0.103279 0.0279002 -0.0324519
FixedParameters: 0 0 0

#Transform 132
Transform: AffineTransform_float_3_3
Parameters: 0.999978 -0.00166868 0.00645885 0.00165822 0.999997 0.00155432 -0.00646094 -0.00154308 0.999978 -0.0943574 0.0329252 -0.0331186
FixedParameters: 0 0 0

#Transform 133
Transform: AffineTransform_float_3_3
Parameters: 0.99998 -0.00130951 0.00633167 0.0012995 0.999999 0.00152993 -0.00633273 -0.00152186 0.999979 -0.0961925 0.0165622 -0.030771
FixedParameters: 0 0 0

#Transform 134
Transform: AffineTransform_float_3_3
Parameters: 0.99998 -0.00133398 0.00621658 0.00132177 0.999997 0.00200906 -0.00621888 -0.0020009 0.999978 -0.0902093 -0.00159631 -0.0143941
FixedParameters: 0 0 0

#Transform 135
Transform: AffineTransform_float_3_3
Parameters: 0.999978 -0.00144097 0.00645076 0.00142967 0.999997 0.00185128 -0.00645381 -0.00184212 0.999978 -0.114083 0.0164965 -0.0127893
FixedParameters: 0 0 0

#Transform 136
Transform: AffineTransform_float_3_3
Parameters: 0.999978 -0.00170793 0.00645981 0.00169975 0.999997 0.00144781 -0.00646207 -0.00143695 0.999978 -0.0910925 0.0120399 -0.0133163
FixedParameters: 0 0 0

#Transform 137
Transform: AffineTransform_float_3_3
Parameters: 0.999977 -0.00155259 0.00664676 0.00154087 0.999998 0.00177615 -0.00664934 -0.00176626 0.999976 -0.098078 0.015089 -0.0243376
FixedParameters: 0 0 0

#Transform 138
Transform: AffineTransform_float_3_3
Parameters: 0.999979 -0.00131661 0.00636489 0.00130546 0.999998 0.00168465 -0.00636687 -0.00167689 0.999978 -0.0875196 -0.00352221 -0.0265463
FixedParameters: 0 0 0

#Transform 139
Transform: AffineTransform_float_3_3
Parameters: 0.999977 -0.00143806 0.00665238 0.00142368 0.999997 0.0022362 -0.00665583 -0.00222685 0.999975 -0.0981258 0.00619537 -0.0218111
FixedParameters: 0 0 0

#Transform 140
Transform: AffineTransform_float_3_3
Parameters: 0.999978 -0.00106585 0.00663484 0.00104873 0.999996 0.00250865 -0.006638 -0.00250169 0.999975 -0.114527 0.0177522 -0.0165876
FixedParameters: 0 0 0

#Transform 141
Transform: AffineTransform_float_3_3
Parameters: 0.999975 -0.00134393 0.00702083 0.00132496 0.999996 0.00261017 -0.00702374 -0.00260061 0.999972 -0.110228 0.00249317 -0.0190812
FixedParameters: 0 0 0

#Transform 142
Transform: AffineTransform_float_3_3
Parameters: 0.999975 -0.00188098 0.00685661 0.00186696 0.999996 0.00195485 -0.00685991 -0.00194289 0.999975 -0.0785031 0.00124198 -0.0233999
FixedParameters: 0 0 0

#Transform 143
Transform: AffineTransform_float_3_3
Parameters: 0.999972 -0.00190091 0.00724366 0.00188668 0.999996 0.00195305 -0.00724753 -0.00193941 0.999972 -0.093693 0.033816 -0.0357749
FixedParameters: 0 0 0

#Transform 144
Transform: AffineTransform_float_3_3
Parameters: 0.999973 -0.00203909 0.00706441 0.00202865 0.999997 0.00144086 -0.00706766 -0.00142606 0.999974 -0.0850624 0.0135365 -0.0213095
FixedParameters: 0 0 0

#Transform 145
Transform: AffineTransform_float_3_3
Parameters: 0.999974 -0.00198075 0.00699547 0.00197374 0.999998 0.00104218 -0.00699692 -0.00102714 0.999975 -0.0788601 0.0281217 -0.0277153
FixedParameters: 0 0 0

#Transform 146
Transform: AffineTransform_float_3_3
Parameters: 0.999972 -0.00196488 0.00716193 0.00195578 0.999997 0.0012335 -0.00716458 -0.00121899 0.999974 -0.0977008 0.0371702 -0.0235614
FixedParameters: 0 0 0

#Transform 147
Transform: AffineTransform_float_3_3
Parameters: 0.999973 -0.00155891 0.0071417 0.00154826 0.999998 0.00152638 -0.00714389 -0.00151453 0.999973 -0.100764 0.00429766 -0.00906197
FixedParameters: 0 0 0

#Transform 148
Transform: AffineTransform_float_3_3
Parameters: 0.999975 -0.00157087 0.00692466 0.0015643 0.999998 0.00107435 -0.00692599 -0.00106441 0.999975 -0.0966772 -0.0179567 0.00233431
FixedParameters: 0 0 0

#Transform 149
Transform: AffineTransform_float_3_3
Parameters: 0.999974 -0.00124213 0.00718949 0.00122759 0.999998 0.00194074 -0.00719208 -0.00193153 0.999972 -0.117141 0.0284499 -0.0256337
FixedParameters: 0 0 0

#Transform 150
Transform: AffineTransform_float_3_3
Parameters: 0.999972 -0.00159737 0.00739912 0.00158417 0.999997 0.00167855 -0.00740178 -0.00166627 0.999971 -0.112608 0.0106722 -0.0115759
FixedParameters: 0 0 0

#Transform 151
Transform: AffineTransform_float_3_3
Parameters: 0.999974 -0.00173293 0.00706219 0.00171753 0.999996 0.0021657 -0.00706594 -0.00215326 0.999972 -0.106309 0.0131284 -0.0191595
FixedParameters: 0 0 0

#Transform 152
Transform: AffineTransform_float_3_3
Parameters: 0.999974 -0.00158167 0.0069412 0.00156879 0.999996 0.00182137 -0.006944 -0.00181068 0.999974 -0.0923057 -0.00514664 -0.0101658
FixedParameters: 0 0 0

#Transform 153
Transform: AffineTransform_float_3_3
Parameters: 0.999975 -0.00164899 0.00698027 0.00163428 0.999996 0.00207554 -0.00698295 -0.00206366 0.999974 -0.0906644 0.0179201 -0.0239868
FixedParameters: 0 0 0

#Transform 154
Transform: AffineTransform_float_3_3
Parameters: 0.999971 -0.00180436 0.00734205 0.0017858 0.999995 0.00255695 -0.00734731 -0.00254381 0.99997 -0.106529 0.0407898 -0.0361295
FixedParameters: 0 0 0

#Transform 155
Transform: AffineTransform_float_3_3
Parameters: 0.999971 -0.0017967 0.00735614 0.00177818 0.999996 0.00249161 -0.00736061 -0.00247851 0.99997 -0.11141 0.0173522 -0.0263913
FixedParameters: 0 0 0

#Transform 156
Transform: AffineTransform_float_3_3
Parameters: 0.999974 -0.00209062 0.00697206 0.00207554 0.999995 0.00211817 -0.00697635 -0.00210414 0.999973 -0.0882931 -0.00437354 -0.0104923
FixedParameters: 0 0 0

#Transform 157
Transform: AffineTransform_float_3_3
Parameters: 0.999971 -0.00201808 0.0073611 0.00199939 0.999995 0.00254527 -0.00736583 -0.00253057 0.999969 -0.100195 0.0136369 -0.0331894
FixedParameters: 0 0 0

#Transform 158
Transform: AffineTransform_float_3_3
Parameters: 0.999971 -0.00190106 0.00739597 0.00188307 0.999995 0.0024593 -0.00740078 -0.00244496 0.99997 -0.104829 -0.00592587 -0.0196934
FixedParameters: 0 0 0

#Transform 159
Transform: AffineTransform_float_3_3
Parameters: 0.999971 -0.0018898 0.00726322 0.00187259 0.999996 0.00236907 -0.00726713 -0.0023558 0.999971 -0.0891828 -0.00472398 -0.0171091
FixedParameters: 0 0 0

#Transform 160
Transform: AffineTransform_float_3_3
Parameters: 0.99997 -0.0018086 0.00750949 0.00178982 0.999995 0.00252734 -0.00751471 -0.00251311 0.999969 -0.102459 0.00953138 -0.0309449
FixedParameters: 0 0 0

#Transform 161
Transform: AffineTransform_float_3_3
Parameters: 0.99997 -0.00192877 0.00750582 0.00191295 0.999996 0.00201205 -0.00750994 -0.00199793 0.99997 -0.104366 0.0192889 -0.0238703
FixedParameters: 0 0 0

#Transform 162
Transform: AffineTransform_float_3_3
Parameters: 0.999973 -0.00206388 0.0070487 0.00205051 0.999996 0.00193341 -0.00705308 -0.00191863 0.999974 -0.0822072 0.0183033 -0.0192908
FixedParameters: 0 0 0

#Transform 163
Transform: AffineTransform_float_3_3
Parameters: 0.999972 -0.00198115 0.00716015 0.0019674 0.999997 0.00183558 -0.00716416 -0.00182158 0.999972 -0.100039 0.0440742 -0.0284135
FixedParameters: 0 0 0

#Transform 164
Transform: AffineTransform_float_3_3
Parameters: 0.999973 -0.00210181 0.00708265 0.00208825 0.999996 0.00184658 -0.00708704 -0.00183206 0.999973 -0.0859006 0.0200007 -0.0160459
FixedParameters: 0 0 0

#Transform 165
Transform: AffineTransform_float_3_3
Parameters: 0.99997 -0.00214935 0.00736105 0.0021371 0.999996 0.00161857 -0.00736489 -0.00160315 0.999971 -0.0859542 0.0443712 -0.0274718
FixedParameters: 0 0 0

#Transform 166
Transform: AffineTransform_float_3_3
Parameters: 0.999972 -0.00207349 0.00727266 0.00205787 0.999996 0.00217416 -0.00727682 -0.00215865 0.999971 -0.0976533 0.0265537 -0.0159447
FixedParameters: 0 0 0

#Transform 167
Transform: AffineTransform_float_3_3
Parameters: 0.999976 -0.00157621 0.00681515 0.00155997 0.999996 0.00234356 -0.00681948 -0.0023328 0.999974 -0.081228 -0.00655901 -0.00722529
FixedParameters: 0 0 0

#Transform 168
Transform: AffineTransform_float_3_3
Parameters: 0.999972 -0.00170792 0.00724786 0.00168596 0.999993 0.00308861 -0.00725359 -0.00307618 0.999969 -0.110421 0.0436028 -0.0154544
FixedParameters: 0 0 0

#Transform 169
Transform: AffineTransform_float_3_3
Parameters: 0.999973 -0.00166846 0.00709866 0.00164848 0.999995 0.00281169 -0.00710393 -0.0027995 0.999971 -0.107933 0.0166966 -0.000901878
FixedParameters: 0 0 0

#Transform 170
Transform: AffineTransform_float_3_3
Parameters: 0.999974 -0.00208062 0.00697033 0.00206365 0.999995 0.00249712 -0.00697606 -0.00248315 0.999972 -0.0828998 0.00791166 -0.00527639
FixedParameters: 0 0 0

#Transform 171
Transform: AffineTransform_float_3_3
Parameters: 0.999969 -0.00198914 0.00765699 0.00196701 0.999994 0.00300447 -0.00766296 -0.0029894 0.999966 -0.0969662 0.023217 -0.0253544
FixedParameters: 0 0 0

#Transform 172
Transform: AffineTransform_float_3_3
Parameters: 0.999972 -0.00214578 0.00713917 0.00212888 0.999995 0.0022939 -0.0071442 -0.00227792 0.999972 -0.0843891 -0.00646617 -0.000502683
FixedParameters: 0 0 0

#Transform 173
Transform: AffineTransform_float_3_3
Parameters: 0.999971 -0.00190787 0.00729948 0.00188681 0.999994 0.00286437 -0.0073052 -0.00285063 0.999969 -0.0958172 0.0178936 -0.0193994
FixedParameters: 0 0 0

#Transform 174
Transform: AffineTransform_float_3_3
Parameters: 0.999969 -0.00178687 0.0076871 0.00176275 0.999993 0.00321214 -0.00769242 -0.00319825 0.999965 -0.107646 0.0109198 -0.00762866
FixedParameters: 0 0 0

#Transform 175
Transform: AffineTransform_float_3_3
Parameters: 0.99997 -0.00227865 0.00739005 0.00226036 0.999994 0.00251308 -0.00739577 -0.00249664 0.999969 -0.0850787 -0.0184257 0.0104193
FixedParameters: 0 0 0

#Transform 176
Transform: AffineTransform_float_3_3
Parameters: 0.999967 -0.00242177 0.00774952 0.00240158 0.999994 0.002546 -0.00775601 -0.0025271 0.999967 -0.0934195 0.0268177 -0.0207153
FixedParameters: 0 0 0

#Transform 177
Transform: AffineTransform_float_3_3
Parameters: 0.999968 -0.0024783 0.0074969 0.00246271 0.999995 0.00209342 -0.00750294 -0.00207502 0.99997 -0.0920088 0.0227984 -0.00424366
FixedParameters: 0 0 0

#Transform 178
Transform: AffineTransform_float_3_3
Parameters: 0.999968 -0.00260359 0.00749365 0.00259099 0.999996 0.00157171 -0.00749788 -0.00155247 0.999971 -0.0782187 0.0187403 -0.0174949
FixedParameters: 0 0 0

#Transform 179
Transform: AffineTransform_float_3_3
Parameters: 0.999967 -0.00242444 0.00770436 0.0024132 0.999996 0.00151338 -0.00770837 -0.0014945 0.999969 -0.0947984 0.0378591 -0.0158316
FixedParameters: 0 0 0

#Transform 180
Transform: AffineTransform_float_3_3
Parameters: 0.999969 -0.00250401 0.00743556 0.00249526 0.999996 0.00120066 -0.00743889 -0.00118196 0.999971 -0.0816046 0.0145437 -0.00114711
FixedParameters: 0 0 0

#Transform 181
Transform: AffineTransform_float_3_3
Parameters: 0.999971 -0.00203751 0.00742562 0.00202481 0.999997 0.00173222 -0.00742929 -0.00171725 0.999971 -0.0966204 0.0349471 -0.018242
FixedParameters: 0 0 0

#Transform 182
Transform: AffineTransform_float_3_3
Parameters: 0.999969 -0.00187649 0.00757846 0.00186184 0.999997 0.00191244 -0.0075821 -0.00189795 0.99997 -0.109953 0.030816 -0.0146083
FixedParameters: 0 0 0

#Transform 183
Transform: AffineTransform_float_3_3
Parameters: 0.999972 -0.00210993 0.00710611 0.0020988 0.999996 0.00167016 -0.00710979 -0.0016554 0.999973 -0.0801332 0.00277325 -0.0116505
FixedParameters: 0 0 0

#Transform 184
Transform: AffineTransform_float_3_3
Parameters: 0.999974 -0.00167971 0.00692803 0.00166863 0.999997 0.00159124 -0.00693076 -0.00157881 0.999975 -0.0907178 0.0310437 -0.0219398
FixedParameters: 0 0 0

#Transform 185
Transform: AffineTransform_float_3_3
Parameters: 0.999973 -0.00149613 0.00719375 0.00148458 0.999997 0.00159415 -0.00719589 -0.00158352 0.999973 -0.117353 0.0326542 -0.0155456
FixedParameters: 0 0 0

#Transform 186
Transform: AffineTransform_float_3_3
Parameters: 0.999976 -0.00157766 0.00676904 0.00156774 0.999998 0.00152296 -0.00677121 -0.0015124 0.999976 -0.0886822 0.000450187 0.00757032
FixedParameters: 0 0 0

#Transform 187
Transform: AffineTransform_float_3_3
Parameters: 0.999978 -0.00116307 0.00655585 0.00114749 0.999997 0.0023048 -0.00655931 -0.00229721 0.999976 -0.108482 0.0303649 -0.00750719
FixedParameters: 0 0 0

#Transform 188
Transform: AffineTransform_float_3_3
Parameters: 0.99998 -0.000837141 0.00628675 0.000822093 0.999997 0.00234221 -0.00628892 -0.00233753 0.999977 -0.122285 0.0211798 0.00243108
FixedParameters: 0 0 0

#Transform 189
Transform: AffineTransform_float_3_3
Parameters: 0.999981 -0.000850448 0.00611054 0.000838492 0.999997 0.00208126 -0.00611183 -0.00207621 0.999979 -0.108161 -0.00388043 0.00953512
FixedParameters: 0 0 0
