#Insight Transform File V1.0
#Transform 0
Transform: AffineTransform_float_3_3
Parameters: 0.999998 0.00166029 -0.00123707 -0.00165988 0.999999 0.000320044 0.00123749 -0.00031778 0.999999 -0.0162296 -0.0196184 0.0440649
FixedParameters: 0 0 0

#Transform 1
Transform: AffineTransform_float_3_3
Parameters: 0.999997 0.00173151 -0.00131942 -0.00173073 0.999998 0.000438407 0.0013203 -0.000435681 0.999999 -0.0131611 -0.0223742 0.029142
FixedParameters: 0 0 0

#Transform 2
Transform: AffineTransform_float_3_3
Parameters: 0.999998 0.00159228 -0.00114612 -0.00159232 0.999998 0.000740074 0.0011475 -0.000738324 0.999999 -0.0184928 -0.0358333 0.0298207
FixedParameters: 0 0 0

#Transform 3
Transform: AffineTransform_float_3_3
Parameters: 0.999997 0.001758 -0.00120139 -0.00175823 0.999998 -0.000146936 0.00120108 0.000149397 0.999999 -0.0132991 -0.0433495 0.0449075
FixedParameters: 0 0 0

#Transform 4
Transform: AffineTransform_float_3_3
Parameters: 0.999999 0.00142543 -0.00121443 -0.00142494 0.999999 0.000328423 0.00121474 -0.000327265 0.999999 -0.0131261 -0.000934655 0.0115958
FixedParameters: 0 0 0

#Transform 5
Transform: AffineTransform_float_3_3
Parameters: 0.999999 0.00138081 -0.0010971 -0.00138007 0.999999 0.000512982 0.00109787 -0.000511795 0.999999 -0.0116319 -0.00204383 -0.0029634
FixedParameters: 0 0 0

#Transform 6
Transform: AffineTransform_float_3_3
Parameters: 0.999998 0.00151165 -0.00115355 -0.00151157 0.999999 -5.40434e-05 0.00115361 5.53068e-05 1 -0.0119835 0.00358744 0.0147756
FixedParameters: 0 0 0

#Transform 7
Transform: AffineTransform_float_3_3
Parameters: 0.999999 0.00120472 -0.000887884 -0.00120449 0.999999 0.000378407 0.00088805 -0.000377229 0.999999 -0.0234102 0.0146088 -0.00309044
FixedParameters: 0 0 0

#Transform 8
Transform: AffineTransform_float_3_3
Parameters: 0.999999 0.00123816 -0.00089739 -0.00123794 0.999999 -0.000196032 0.000897858 0.000197454 0.999999 -0.0196996 0.0175119 0.00985704
FixedParameters: 0 0 0

#Transform 9
Transform: AffineTransform_float_3_3
Parameters: 0.999998 0.00127443 -0.000953502 -0.00127376 0.999999 0.000320473 0.000954423 -0.000318923 0.999999 -0.0110852 0.0199248 -0.00401778
FixedParameters: 0 0 0

#Transform 10
Transform: AffineTransform_float_3_3
Parameters: 0.999999 0.00138932 -0.00112701 -0.00139012 0.999999 -0.000445518 0.00112599 0.000446425 1 -0.00272795 0.00603787 -0.00263059
FixedParameters: 0 0 0

#Transform 11
Transform: AffineTransform_float_3_3
Parameters: 0.999998 0.0012961 -0.000978344 -0.00129551 0.999999 0.000227985 0.000979055 -0.000226791 1 -0.00945584 0.017251 -0.0186378
FixedParameters: 0 0 0

#Transform 12
Transform: AffineTransform_float_3_3
Parameters: 0.999999 0.0012799 -0.000847299 -0.00127943 0.999999 0.000238404 0.000848013 -0.000237116 0.999999 -0.0133575 0.0256311 -0.0323107
FixedParameters: 0 0 0

#Transform 13
Transform: AffineTransform_float_3_3
Parameters: 0.999999 0.00111068 -0.000924221 -0.00111176 0.999999 -0.000617671 0.000922952 0.000618842 0.999999 -0.00957719 0.0297527 -0.0126684
FixedParameters: 0 0 0

#Transform 14
Transform: AffineTransform_float_3_3
Parameters: 0.999999 0.00107725 -0.000810303 -0.00107675 1 0.000266065 0.000810981 -0.0002652 1 -0.0171938 0.037555 -0.0321283
FixedParameters: 0 0 0

#Transform 15
Transform: AffineTransform_float_3_3
Parameters: 0.999999 0.00103455 -0.000763816 -0.00103406 1 0.000274737 0.000764489 -0.000274037 1 -0.00904428 0.00870686 -0.013216
FixedParameters: 0 0 0

#Transform 16
Transform: AffineTransform_float_3_3
Parameters: 0.999999 0.00082517 -0.000476533 -0.000825281 1 0.000518058 0.000476596 -0.000518237 1 -0.012974 0.0101185 -0.0143016
FixedParameters: 0 0 0

#Transform 17
Transform: AffineTransform_float_3_3
Parameters: 1 0.000473368 -0.000200952 -0.000473543 1 -0.000435697 0.000200539 0.000435887 1 -0.0125174 -0.00979575 0.0109065
FixedParameters: 0 0 0

#Transform 18
Transform: AffineTransform_float_3_3
Parameters: 1 0.000334946 -0.000182183 -0.000335247 1 0.000570513 0.000181715 -0.000570471 1 0.000999271 -0.0132189 0.00701521
FixedParameters: 0 0 0

#Transform 19
Transform: AffineTransform_float_3_3
Parameters: 1 0.000273158 -0.000291068 -0.000272794 1 0.000623517 0.000291408 -0.000623358 1 -0.00201 -0.0183994 0.00873582
FixedParameters: 0 0 0

#Transform 20
Transform: AffineTransform_float_3_3
Parameters: 1 0.00033682 -0.000188377 -0.000337085 0.999999 0.000648244 0.000187964 -0.000648198 1 0.00182573 -0.0166694 0.00716109
FixedParameters: 0 0 0

#Transform 21
Transform: AffineTransform_float_3_3
Parameters: 1 -0.000241124 -0.000357438 0.000240689 1 -0.000607982 0.000357731 0.00060781 1 0.0246231 0.00345477 -0.0112221
FixedParameters: 0 0 0

#Transform 22
Transform: AffineTransform_float_3_3
Parameters: 1 -0.000364775 -6.32237e-05 0.000364644 1 -0.000389016 6.34919e-05 0.000389431 0.999999 0.0107236 0.0520767 -0.0290341
FixedParameters: 0 0 0

#Transform 23
Transform: AffineTransform_float_3_3
Parameters: 1 -0.000359732 8.49344e-07 0.000359733 0.999999 -0.000838303 -2.46222e-07 0.000838303 0.999999 0.0194274 0.0286784 -0.0123021
FixedParameters: 0 0 0

#Transform 24
Transform: AffineTransform_float_3_3
Parameters: 1 -0.000465264 0.000104433 0.00046533 1 -0.000314651 -0.00010414 0.000314749 1 0.0111808 0.0322865 -0.0350611
FixedParameters: 0 0 0

#Transform 25
Transform: AffineTransform_float_3_3
Parameters: 1 -0.000580515 0.000279352 0.000580941 0.999999 -0.00076342 -0.000278465 0.000763744 0.999999 0.0034437 0.0186713 -0.0112462
FixedParameters: 0 0 0

#Transform 26
Transform: AffineTransform_float_3_3
Parameters: 1 -0.000331609 5.53515e-05 0.000331505 0.999999 0.000939609 -5.59745e-05 -0.000939572 0.999999 -0.00194406 -0.0128873 -0.000378171
FixedParameters: 0 0 0

#Transform 27
Transform: AffineTransform_float_3_3
Parameters: 1 -0.000280602 4.0016e-05 0.000280615 1 -0.000152652 -3.99303e-05 0.000152674 1 0.0150759 -0.0345147 0.00663033
FixedParameters: 0 0 0

#Transform 28
Transform: AffineTransform_float_3_3
Parameters: 1 -0.000559176 0.000243793 0.000559183 1 0.000833381 -0.000243817 -0.000833913 1 0.00506793 0.00224082 -0.0108831
FixedParameters: 0 0 0

#Transform 29
Transform: AffineTransform_float_3_3
Parameters: 1 -0.000238478 -4.59163e-06 0.000238484 0.999999 0.000688711 4.26314e-06 -0.000688713 1 0.020604 -0.0220858 0.00360621
FixedParameters: 0 0 0

#Transform 30
Transform: AffineTransform_float_3_3
Parameters: 1 -0.000313786 3.83855e-05 0.000313717 0.999999 0.000890653 -3.89444e-05 -0.000890629 0.999999 0.00660202 0.00471002 -0.0140791
FixedParameters: 0 0 0

#Transform 31
Transform: AffineTransform_float_3_3
Parameters: 1 -0.000390581 0.000104518 0.000390434 0.999999 0.000701125 -0.000105065 -0.000701044 0.999999 -0.00301975 0.00926889 -0.0126942
FixedParameters: 0 0 0

#Transform 32
Transform: AffineTransform_float_3_3
Parameters: 1 -0.000527529 0.000227902 0.000527657 0.999999 0.000836798 -0.000227935 -0.000836478 0.999999 0.00350526 0.00458821 -0.0205416
FixedParameters: 0 0 0

#Transform 33
Transform: AffineTransform_float_3_3
Parameters: 1 -0.000507146 0.000187549 0.000507388 0.999999 0.000710627 -0.00018742 -0.000710356 0.999999 0.00579008 -0.00815468 -0.0107734
FixedParameters: 0 0 0

#Transform 34
Transform: AffineTransform_float_3_3
Parameters: 1 -0.000559076 0.000258529 0.000559045 1 0.000857647 -0.00025858 -0.000858163 0.999999 0.00302246 -0.00673425 -0.0133182
FixedParameters: 0 0 0

#Transform 35
Transform: AffineTransform_float_3_3
Parameters: 1 -0.000522919 -4.42134e-05 0.00052298 0.999999 0.000692328 4.34893e-05 -0.000692374 1 0.0130546 -0.031705 0.00885533
FixedParameters: 0 0 0

#Transform 36
Transform: AffineTransform_float_3_3
Parameters: 1 -0.000586519 0.000279005 0.000586427 1 0.000906124 -0.00027916 -0.000906601 0.999999 -0.00326724 0.00208926 -0.0066746
FixedParameters: 0 0 0

#Transform 37
Transform: AffineTransform_float_3_3
Parameters: 1 -0.000606435 0.000147054 0.000606283 0.999999 0.000516065 -0.00014768 -0.000515886 1 0.00683437 -0.0233643 0.0193386
FixedParameters: 0 0 0

#Transform 38
Transform: AffineTransform_float_3_3
Parameters: 1 -0.00058433 0.000171707 0.000584454 1 0.000843232 -0.000171785 -0.000843836 1 0.00592796 -0.0251341 0.0120845
FixedParameters: 0 0 0

#Transform 39
Transform: AffineTransform_float_3_3
Parameters: 1 -0.000499966 0.000149276 0.00049927 1 0.000886536 -0.000148736 -0.000887171 0.999999 0.00716352 -0.024954 0.0168533
FixedParameters: 0 0 0

#Transform 40
Transform: AffineTransform_float_3_3
Parameters: 1 -0.000271485 -2.43379e-05 0.000271518 0.999999 0.000687916 2.39644e-05 -0.000687929 1 0.0159606 -0.0463348 0.0138967
FixedParameters: 0 0 0

#Transform 41
Transform: AffineTransform_float_3_3
Parameters: 1 -0.000522509 9.34303e-05 0.000522142 1 0.00110481 -9.46319e-05 -0.00110472 1 0.00697461 -0.0122474 0.00919046
FixedParameters: 0 0 0

#Transform 42
Transform: AffineTransform_float_3_3
Parameters: 1 -0.000495664 0.000198229 0.000495354 0.999999 0.00078044 -0.000199003 -0.000780243 0.999999 0.00610303 -0.0303864 0.0350502
FixedParameters: 0 0 0

#Transform 43
Transform: AffineTransform_float_3_3
Parameters: 1 -0.000556813 -0.000326971 0.00055695 1 0.000333897 0.000326583 -0.0003338 0.999999 0.0248632 -0.0429193 0.0370217
FixedParameters: 0 0 0

#Transform 44
Transform: AffineTransform_float_3_3
Parameters: 1 -0.000501931 8.17886e-05 0.000502186 1 0.000968476 -8.18533e-05 -0.000969198 0.999999 0.00872201 -0.030201 0.0322026
FixedParameters: 0 0 0

#Transform 45
Transform: AffineTransform_float_3_3
Parameters: 1 -0.000346004 -2.65157e-05 0.000345466 1 -0.000549824 2.60457e-05 0.000549726 1 0.0189637 -0.075771 0.078247
FixedParameters: 0 0 0

#Transform 46
Transform: AffineTransform_float_3_3
Parameters: 1 0.000371117 -0.000428976 -0.000371132 0.999999 -0.00181913 0.000428713 0.00181958 0.999999 0.000718168 -0.09104 0.116992
FixedParameters: 0 0 0

#Transform 47
Transform: AffineTransform_float_3_3
Parameters: 1 0.000242457 -0.00111158 -0.000242074 1 0.000101193 0.00111167 -0.00010065 0.999999 0.0161289 -0.0351394 0.0673431
FixedParameters: 0 0 0

#Transform 48
Transform: AffineTransform_float_3_3
Parameters: 0.999999 -0.000602868 -0.000548981 0.000603515 1 0.000125688 0.000549679 -0.00012627 1 0.0250002 0.0438554 0.0080692
FixedParameters: 0 0 0

#Transform 49
Transform: AffineTransform_float_3_3
Parameters: 1 -0.000666387 -0.000651089 0.000665843 0.999999 -0.00106726 0.000651992 0.00106637 0.999999 0.0417528 0.0191955 0.00836008
FixedParameters: 0 0 0

#Transform 50
Transform: AffineTransform_float_3_3
Parameters: 1 -0.000805898 -0.000562264 0.000805578 0.999999 -0.00103577 0.000563414 0.00103484 1 0.045227 -0.0291939 0.0406913
FixedParameters: 0 0 0

#Transform 51
Transform: AffineTransform_float_3_3
Parameters: 1 -0.000914756 -0.000516312 0.000914864 0.999999 -0.000727272 0.000517051 0.000727652 0.999999 0.0409933 -0.0296134 0.0285627
FixedParameters: 0 0 0

#Transform 52
Transform: AffineTransform_float_3_3
Parameters: 1 -0.000815295 -0.000574966 0.00081452 0.999999 -0.000756161 0.00057614 0.000756108 1 0.0420537 -0.043209 0.0350505
FixedParameters: 0 0 0

#Transform 53
Transform: AffineTransform_float_3_3
Parameters: 0.999999 -0.000802561 -0.000582733 0.000801614 0.999999 -0.000757086 0.000583842 0.000757032 1 0.0419388 -0.0406583 0.0393519
FixedParameters: 0 0 0

#Transform 54
Transform: AffineTransform_float_3_3
Parameters: 1 -0.00075254 -0.000595783 0.000752087 1 -0.00102092 0.000596785 0.00102047 0.999999 0.0395534 -0.0261356 0.0453795
FixedParameters: 0 0 0

#Transform 55
Transform: AffineTransform_float_3_3
Parameters: 1 -0.000768779 -0.000747031 0.000768365 0.999999 -0.000906611 0.000747848 0.000906326 0.999999 0.0459271 -0.0245481 0.0295789
FixedParameters: 0 0 0

#Transform 56
Transform: AffineTransform_float_3_3
Parameters: 0.999999 -0.00072515 -0.000524175 0.000724046 0.999999 -0.00122225 0.00052453 0.00122138 0.999999 0.038962 0.00700594 0.0153616
FixedParameters: 0 0 0

#Transform 57
Transform: AffineTransform_float_3_3
Parameters: 1 -0.000774908 -0.000553867 0.000774992 0.999998 -0.00144926 0.000555076 0.00144836 0.999999 0.0397219 0.00975049 0.0128256
FixedParameters: 0 0 0

#Transform 58
Transform: AffineTransform_float_3_3
Parameters: 0.999999 -0.000843986 -0.000406182 0.000843594 0.999999 -0.00132533 0.000407852 0.00132462 0.999999 0.0334789 0.0273992 0.0111981
FixedParameters: 0 0 0

#Transform 59
Transform: AffineTransform_float_3_3
Parameters: 0.999999 -0.000697936 -0.000364747 0.000697092 0.999999 -0.00140068 0.000365284 0.00140006 0.999999 0.0346091 0.0174733 0.0174558
FixedParameters: 0 0 0

#Transform 60
Transform: AffineTransform_float_3_3
Parameters: 1 -0.000741352 -0.000579512 0.000741454 0.999999 -0.00137082 0.000580508 0.00136992 0.999999 0.0414926 -0.00653023 0.0267625
FixedParameters: 0 0 0

#Transform 61
Transform: AffineTransform_float_3_3
Parameters: 0.999999 -0.000851488 -0.000416108 0.00085112 0.999999 -0.00126575 0.000417697 0.00126501 0.999999 0.033809 0.0202466 0.0257096
FixedParameters: 0 0 0

#Transform 62
Transform: AffineTransform_float_3_3
Parameters: 0.999999 -0.000731581 -0.000591351 0.000730749 0.999999 -0.00128271 0.000592661 0.00128182 0.999999 0.0421604 -0.0143375 0.0322111
FixedParameters: 0 0 0

#Transform 63
Transform: AffineTransform_float_3_3
Parameters: 0.999999 -0.000852329 -0.000407889 0.000851616 1 -0.000992379 0.000408148 0.00099204 0.999999 0.0347541 -0.00153703 0.0207837
FixedParameters: 0 0 0

#Transform 64
Transform: AffineTransform_float_3_3
Parameters: 1 -0.000673901 -0.000604292 0.000672723 0.999998 -0.00161983 0.00060585 0.00161988 0.999999 0.047188 -0.0244666 0.0352861
FixedParameters: 0 0 0

#Transform 65
Transform: AffineTransform_float_3_3
Parameters: 1 -0.000911378 -0.000467096 0.000910246 0.999998 -0.00150288 0.00046836 0.00150281 0.999999 0.0354265 0.0175615 0.0255128
FixedParameters: 0 0 0

#Transform 66
Transform: AffineTransform_float_3_3
Parameters: 1 -0.000816896 -0.000539662 0.000817208 0.999999 -0.00127653 0.000540711 0.0012756 0.999999 0.0394823 -0.0067587 0.0293431
FixedParameters: 0 0 0

#Transform 67
Transform: AffineTransform_float_3_3
Parameters: 1 -0.000645916 -0.000588636 0.000644888 0.999997 -0.00211796 0.00059018 0.00211804 0.999998 0.0342855 -0.0411428 0.0715637
FixedParameters: 0 0 0

#Transform 68
Transform: AffineTransform_float_3_3
Parameters: 1 0.000342334 -0.000800283 -0.000343599 0.999997 -0.00211872 0.000798612 0.00211884 0.999997 -0.000897875 -0.0103964 0.0385122
FixedParameters: 0 0 0

#Transform 69
Transform: AffineTransform_float_3_3
Parameters: 0.999999 0.000481899 -0.00136296 -0.000482614 1 -0.000788954 0.00136255 0.000789866 0.999999 0.0311267 -0.0390519 0.0498516
FixedParameters: 0 0 0

#Transform 70
Transform: AffineTransform_float_3_3
Parameters: 1 -0.000201781 -0.000955288 0.000200708 0.999999 -0.000654162 0.000955509 0.000654201 1 0.0179802 0.0669733 -0.0171726
FixedParameters: 0 0 0

#Transform 71
Transform: AffineTransform_float_3_3
Parameters: 1 -0.000417392 -0.000932808 0.000416971 1 -0.000729963 0.000932841 0.000730048 0.999999 0.0346109 0.036325 -0.0145175
FixedParameters: 0 0 0

#Transform 72
Transform: AffineTransform_float_3_3
Parameters: 1 -0.000486575 -0.000948852 0.000486287 1 -0.000647381 0.000948905 0.000647322 0.999999 0.0459354 0.0123427 -0.00659817
FixedParameters: 0 0 0

#Transform 73
Transform: AffineTransform_float_3_3
Parameters: 1 -0.000409483 -0.00085813 0.000410331 1 0.000438942 0.000857712 -0.000438761 1 0.0299276 -0.0281583 0.0268779
FixedParameters: 0 0 0

#Transform 74
Transform: AffineTransform_float_3_3
Parameters: 0.999999 -0.000428987 -0.00070472 0.000427451 0.999999 -0.00104353 0.000705508 0.00104381 0.999999 0.0480493 -0.0509106 0.0342751
FixedParameters: 0 0 0

#Transform 75
Transform: AffineTransform_float_3_3
Parameters: 0.999999 -0.000841661 -0.000305269 0.000840839 0.999994 -0.0032476 0.000307986 0.00324781 0.999995 0.0364797 0.079267 -0.0457289
FixedParameters: 0 0 0

#Transform 76
Transform: AffineTransform_float_3_3
Parameters: 0.999999 -0.000862753 -0.000276623 0.000861888 0.999993 -0.00348509 0.000279944 0.00348444 0.999994 0.0485955 0.0413882 -0.0199378
FixedParameters: 0 0 0

#Transform 77
Transform: AffineTransform_float_3_3
Parameters: 1 -0.00105004 -0.000175296 0.0010496 0.999994 -0.00328183 0.000178694 0.00328121 0.999995 0.0467153 0.0527821 -0.0183259
FixedParameters: 0 0 0

#Transform 78
Transform: AffineTransform_float_3_3
Parameters: 1 -0.00112523 -0.000342282 0.0011249 0.999996 -0.00262048 0.000345615 0.00262002 0.999997 0.0575611 0.00135363 0.0155259
FixedParameters: 0 0 0

#Transform 79
Transform: AffineTransform_float_3_3
Parameters: 0.999999 -0.00147708 -5.38751e-06 0.00147739 0.999997 -0.00191185 8.29291e-06 0.0019112 0.999998 0.0481342 0.0279891 0.00333362
FixedParameters: 0 0 0

#Transform 80
Transform: AffineTransform_float_3_3
Parameters: 0.999999 -0.00151799 3.36008e-05 0.0015184 0.999997 -0.00212102 -3.00076e-05 0.00212136 0.999998 0.0530573 0.0223226 0.0108214
FixedParameters: 0 0 0

#Transform 81
Transform: AffineTransform_float_3_3
Parameters: 0.999999 -0.00178271 0.000357302 0.0017835 0.999997 -0.00161498 -0.000353718 0.00161564 0.999999 0.0378234 0.0516388 -0.00892841
FixedParameters: 0 0 0

#Transform 82
Transform: AffineTransform_float_3_3
Parameters: 0.999998 -0.00162642 0.000593703 0.00162766 0.999997 -0.00183703 -0.000590783 0.0018378 0.999998 0.0359977 0.0237385 0.00801023
FixedParameters: 0 0 0

#Transform 83
Transform: AffineTransform_float_3_3
Parameters: 0.999998 -0.00185961 0.00064503 0.00186068 0.999997 -0.00144448 -0.000642575 0.00144531 0.999999 0.0288114 0.0387898 0.00833446
FixedParameters: 0 0 0

#Transform 84
Transform: AffineTransform_float_3_3
Parameters: 0.999998 -0.00185979 0.000695971 0.00186038 0.999998 -0.0012426 -0.000692899 0.00124371 0.999999 0.0285708 0.017175 0.0160824
FixedParameters: 0 0 0

#Transform 85
Transform: AffineTransform_float_3_3
Parameters: 0.999998 -0.00190051 0.000579856 0.00190159 0.999997 -0.00167319 -0.000576518 0.0016747 0.999999 0.0467839 -0.00158178 0.0148017
FixedParameters: 0 0 0

#Transform 86
Transform: AffineTransform_float_3_3
Parameters: 0.999998 -0.00195983 0.000761916 0.00196104 0.999997 -0.00131502 -0.000759678 0.00131643 0.999999 0.0445932 -0.0117054 0.0227172
FixedParameters: 0 0 0

#Transform 87
Transform: AffineTransform_float_3_3
Parameters: 0.999997 -0.00199034 0.000886735 0.00199073 0.999998 -0.000823743 -0.0008849 0.000824923 0.999999 0.0266029 -0.00496472 0.0310212
FixedParameters: 0 0 0

#Transform 88
Transform: AffineTransform_float_3_3
Parameters: 0.999997 -0.00216645 0.000667638 0.00216747 0.999997 -0.00142235 -0.000664407 0.00142413 0.999998 0.0521092 -0.0277585 0.0459
FixedParameters: 0 0 0

#Transform 89
Transform: AffineTransform_float_3_3
Parameters: 0.999996 -0.0024025 0.000997331 0.00240304 0.999997 -0.000809459 -0.000994883 0.000811898 1 0.0423122 -0.00405809 0.0117306
FixedParameters: 0 0 0

#Transform 90
Transform: AffineTransform_float_3_3
Parameters: 0.999997 -0.00246108 0.000784163 0.00246188 0.999996 -0.0013548 -0.000781171 0.00135659 0.999998 0.0506683 -0.0172836 0.032219
FixedParameters: 0 0 0

#Transform 91
Transform: AffineTransform_float_3_3
Parameters: 0.999996 -0.00244855 0.000870932 0.00244964 0.999997 -0.000746286 -0.000869308 0.000749527 0.999999 0.0410461 -0.00119199 0.0177642
FixedParameters: 0 0 0

#Transform 92
Transform: AffineTransform_float_3_3
Parameters: 0.999997 -0.00232524 0.00103094 0.00232525 0.999997 -0.000445284 -0.00103027 0.000447733 0.999999 0.0335388 -0.00770975 0.0247523
FixedParameters: 0 0 0

#Transform 93
Transform: AffineTransform_float_3_3
Parameters: 0.999997 -0.00233959 0.000695967 0.00234033 0.999997 -0.00104544 -0.000693959 0.00104759 0.999999 0.0480893 -0.0146377 0.0348892
FixedParameters: 0 0 0

#Transform 94
Transform: AffineTransform_float_3_3
Parameters: 0.999997 -0.00234743 0.000963169 0.00234806 0.999996 -0.000799586 -0.00096081 0.00080176 0.999999 0.0416779 0.00765877 0.0138513
FixedParameters: 0 0 0

#Transform 95
Transform: AffineTransform_float_3_3
Parameters: 0.999998 -0.00163788 0.000467392 0.00163878 0.999996 -0.00205308 -0.000463738 0.00205392 0.999997 0.0339223 -0.010091 0.0260616
FixedParameters: 0 0 0

#Transform 96
Transform: AffineTransform_float_3_3
Parameters: 0.999998 -0.00177489 0.000139277 0.00177449 0.999998 -0.000697202 -0.000137666 0.000698075 1 0.0572647 -0.0460437 0.034843
FixedParameters: 0 0 0

#Transform 97
Transform: AffineTransform_float_3_3
Parameters: 0.999998 -0.00223011 0.000439096 0.00223017 0.999997 7.69305e-05 -0.00043921 -7.58075e-05 0.999999 0.0510524 0.0176228 -0.0226542
FixedParameters: 0 0 0

#Transform 98
Transform: AffineTransform_float_3_3
Parameters: 0.999996 -0.00245121 0.0007794 0.0024514 0.999996 -0.000378585 -0.00077809 0.00038014 1 0.0476905 -0.00383362 0.00594662
FixedParameters: 0 0 0

#Transform 99
Transform: AffineTransform_float_3_3
Parameters: 0.999997 -0.00237028 0.000665964 0.00237107 0.999997 -0.000640836 -0.000664842 0.000641626 0.999999 0.0536251 -0.0270748 0.0178719
FixedParameters: 0 0 0

#Transform 100
Transform: AffineTransform_float_3_3
Parameters: 0.999997 -0.00243212 0.00051972 0.00243103 0.999997 0.000746447 -0.000521695 -0.000745534 0.999999 0.0437204 -0.0067247 -0.00731486
FixedParameters: 0 0 0

#Transform 101
Transform: AffineTransform_float_3_3
Parameters: 0.999997 -0.00233134 0.000680911 0.00233088 0.999997 0.000733191 -0.000683191 -0.000731651 0.999999 0.040007 -0.0375871 0.0048219
FixedParameters: 0 0 0

#Transform 102
Transform: AffineTransform_float_3_3
Parameters: 0.999997 -0.00245038 0.000303545 0.00244971 0.999997 0.000486619 -0.00030438 -0.000485867 1 0.0647984 -0.0577891 0.0399507
FixedParameters: 0 0 0

#Transform 103
Transform: AffineTransform_float_3_3
Parameters: 0.999997 -0.00232533 0.000476522 0.00232462 0.999997 0.000978873 -0.000478658 -0.000977771 1 0.0431082 -0.0263147 0.0186239
FixedParameters: 0 0 0

#Transform 104
Transform: AffineTransform_float_3_3
Parameters: 0.999998 -0.00222175 0.00040455 0.00222086 0.999998 0.000716772 -0.000406081 -0.000716591 0.999999 0.0415982 -0.0396552 0.0344681
FixedParameters: 0 0 0

#Transform 105
Transform: AffineTransform_float_3_3
Parameters: 0.999998 -0.00228796 0.00015536 0.00228801 0.999997 4.23726e-05 -0.000155431 -4.16159e-05 1 0.0570642 -0.0493361 0.0581873
FixedParameters: 0 0 0

#Transform 106
Transform: AffineTransform_float_3_3
Parameters: 0.999996 -0.00253982 0.000393002 0.00254016 0.999996 0.000813369 -0.000395251 -0.000812046 1 0.0474989 -0.0128006 0.0183863
FixedParameters: 0 0 0

#Transform 107
Transform: AffineTransform_float_3_3
Parameters: 0.999997 -0.00239058 0.000476703 0.00239123 0.999997 -0.000298899 -0.000476357 0.000299355 1 0.0494605 -0.0215713 0.0463784
FixedParameters: 0 0 0

#Transform 108
Transform: AffineTransform_float_3_3
Parameters: 0.999996 -0.00249762 0.000557977 0.00249758 0.999997 0.000511351 -0.000559393 -0.0005102 0.999999 0.0525306 -0.0120311 0.0229075
FixedParameters: 0 0 0

#Transform 109
Transform: AffineTransform_float_3_3
Parameters: 0.999997 -0.00225137 0.000809951 0.00225104 0.999997 0.000586546 -0.000811438 -0.000584997 0.999999 0.0418437 -0.0203181 0.020492
FixedParameters: 0 0 0

#Transform 110
Transform: AffineTransform_float_3_3
Parameters: 0.999997 -0.00238743 0.000557212 0.00238654 0.999997 0.000520613 -0.000558042 -0.00051957 0.999999 0.0544139 -0.0183548 0.0232053
FixedParameters: 0 0 0

#Transform 111
Transform: AffineTransform_float_3_3
Parameters: 0.999997 -0.00245263 0.00054397 0.00245259 0.999997 0.000522141 -0.000545394 -0.00052111 0.999999 0.0513483 -0.0137152 0.0214391
FixedParameters: 0 0 0

#Transform 112
Transform: AffineTransform_float_3_3
Parameters: 0.999997 -0.00258525 0.000590867 0.00258431 0.999996 0.000672769 -0.000592641 -0.000671325 0.999999 0.0594071 -0.0211399 0.016089
FixedParameters: 0 0 0

#Transform 113
Transform: AffineTransform_float_3_3
Parameters: 0.999997 -0.00255871 0.000642047 0.00255777 0.999996 0.000614117 -0.000643485 -0.000612444 0.999999 0.0569919 -0.0317291 0.0196694
FixedParameters: 0 0 0

#Transform 114
Transform: AffineTransform_float_3_3
Parameters: 0.999997 -0.00269377 0.000402119 0.00269329 0.999997 0.00074487 -0.000403641 -0.000743777 1 0.0639424 -0.0224887 0.0111725
FixedParameters: 0 0 0

#Transform 115
Transform: AffineTransform_float_3_3
Parameters: 0.999996 -0.00246311 0.000595833 0.0024632 0.999996 0.000799687 -0.000597785 -0.000798306 0.999999 0.0527864 -0.0268386 0.00855412
FixedParameters: 0 0 0

#Transform 116
Transform: AffineTransform_float_3_3
Parameters: 0.999997 -0.00235154 0.000369446 0.00235148 0.999997 0.000238747 -0.00037034 -0.000237843 0.999999 0.0680654 -0.028155 0.0243477
FixedParameters: 0 0 0

#Transform 117
Transform: AffineTransform_float_3_3
Parameters: 0.999997 -0.00254922 0.000626931 0.00254833 0.999997 0.000869588 -0.000628856 -0.000867926 1 0.056029 6.8506e-05 -0.000983767
FixedParameters: 0 0 0

#Transform 118
Transform: AffineTransform_float_3_3
Parameters: 0.999996 -0.00268941 0.000587365 0.00268967 0.999997 0.000654277 -0.000588807 -0.000653093 0.999999 0.0642729 -0.00719143 0.00160798
FixedParameters: 0 0 0

#Transform 119
Transform: AffineTransform_float_3_3
Parameters: 0.999996 -0.00292727 0.000653544 0.00292645 0.999995 0.000838665 -0.00065591 -0.000835906 0.999999 0.0706718 0.00662474 -0.0151763
FixedParameters: 0 0 0

#Transform 120
Transform: AffineTransform_float_3_3
Parameters: 0.999995 -0.00301626 0.000934861 0.00301589 0.999995 0.000551456 -0.000936835 -0.000549213 0.999999 0.0574169 -0.00333783 -0.01084
FixedParameters: 0 0 0

#Transform 121
Transform: AffineTransform_float_3_3
Parameters: 0.999996 -0.00296249 0.00084224 0.00296104 0.999996 0.000706745 -0.000844572 -0.00070467 0.999999 0.0580147 0.00424287 -0.0149452
FixedParameters: 0 0 0

#Transform 122
Transform: AffineTransform_float_3_3
Parameters: 0.999995 -0.00292701 0.000951888 0.00292646 0.999996 0.000639978 -0.000954282 -0.000637802 0.999999 0.0556823 -0.000695137 -0.0103151
FixedParameters: 0 0 0

#Transform 123
Transform: AffineTransform_float_3_3
Parameters: 0.999996 -0.00291796 0.000816287 0.00291789 0.999995 0.000504491 -0.000817937 -0.00050224 0.999999 0.0602008 -0.00781841 -0.00405753
FixedParameters: 0 0 0

#Transform 124
Transform: AffineTransform_float_3_3
Parameters: 0.999995 -0.00300632 0.000832149 0.003006 0.999996 0.000542407 -0.000834074 -0.00054034 0.999999 0.0603736 -0.00536511 -0.00719112
FixedParameters: 0 0 0

#Transform 125
Transform: AffineTransform_float_3_3
Parameters: 0.999995 -0.00277315 0.000951675 0.00277289 0.999996 0.0007147 -0.00095347 -0.000713205 1 0.0549288 -0.00519067 -0.00335407
FixedParameters: 0 0 0

#Transform 126
Transform: AffineTransform_float_3_3
Parameters: 0.999996 -0.00263382 0.000854395 0.00263393 0.999997 0.000284818 -0.00085465 -0.000282838 0.999999 0.0524847 -0.0130544 0.0105738
FixedParameters: 0 0 0

#Transform 127
Transform: AffineTransform_float_3_3
Parameters: 0.999995 -0.00296211 0.000922709 0.00296213 0.999995 0.000624391 -0.000924206 -0.000622242 0.999999 0.0540609 -0.00340418 -0.00611369
FixedParameters: 0 0 0

#Transform 128
Transform: AffineTransform_float_3_3
Parameters: 0.999996 -0.00285379 0.00100421 0.00285301 0.999996 0.000714758 -0.00100694 -0.000712422 0.999999 0.0477218 -0.0060015 -0.0017279
FixedParameters: 0 0 0

#Transform 129
Transform: AffineTransform_float_3_3
Parameters: 0.999995 -0.00271616 0.00109431 0.00271562 0.999996 0.000557903 -0.00109607 -0.000554937 0.999999 0.0478316 -0.0133614 0.000540652
FixedParameters: 0 0 0

#Transform 130
Transform: AffineTransform_float_3_3
Parameters: 0.999995 -0.00291831 0.00103928 0.00291711 0.999995 0.000774743 -0.00104106 -0.000772436 0.999999 0.054632 -0.0153958 -0.00883418
FixedParameters: 0 0 0

#Transform 131
Transform: AffineTransform_float_3_3
Parameters: 0.999996 -0.00280817 0.00112818 0.00280745 0.999996 0.000877737 -0.00113089 -0.000875178 0.999999 0.0419235 -0.00683676 -0.00230952
FixedParameters: 0 0 0

#Transform 132
Transform: AffineTransform_float_3_3
Parameters: 0.999997 -0.00216047 0.000407546 0.00215971 0.999997 0.0010033 -0.000409513 -0.00100265 1 0.0621726 -0.0521813 0.0316701
FixedParameters: 0 0 0

#Transform 133
Transform: AffineTransform_float_3_3
Parameters: 0.999997 -0.00242894 0.000575609 0.00242797 0.999996 0.00132309 -0.000578726 -0.00132175 0.999999 0.0423999 -0.00128524 -0.00280205
FixedParameters: 0 0 0

#Transform 134
Transform: AffineTransform_float_3_3
Parameters: 0.999997 -0.00219796 0.000736144 0.00219693 0.999997 0.00119283 -0.000738118 -0.00119063 0.999999 0.0435602 -0.0355015 0.00181919
FixedParameters: 0 0 0

#Transform 135
Transform: AffineTransform_float_3_3
Parameters: 0.999997 -0.00258703 0.000716289 0.0025861 0.999996 0.00120036 -0.000719125 -0.00119857 0.999999 0.0555669 -0.0224153 -0.00459128
FixedParameters: 0 0 0

#Transform 136
Transform: AffineTransform_float_3_3
Parameters: 0.999996 -0.002705 0.000683567 0.00270406 0.999995 0.0012003 -0.0006867 -0.00119805 0.999999 0.0575759 -0.0156198 -0.00839077
FixedParameters: 0 0 0

#Transform 137
Transform: AffineTransform_float_3_3
Parameters: 0.999997 -0.00256072 0.000785453 0.00256052 0.999997 0.000830348 -0.000787611 -0.000828761 0.999999 0.0542908 -0.0161753 0.00143937
FixedParameters: 0 0 0

#Transform 138
Transform: AffineTransform_float_3_3
Parameters: 0.999996 -0.00238695 0.000842053 0.00238536 0.999996 0.0013202 -0.000845026 -0.0013181 0.999999 0.0559482 -0.0516865 0.0134978
FixedParameters: 0 0 0

#Transform 139
Transform: AffineTransform_float_3_3
Parameters: 0.999996 -0.00237343 0.000793673 0.00237188 0.999996 0.00190705 -0.000797744 -0.00190505 0.999998 0.0585149 -0.057262 0.023684
FixedParameters: 0 0 0

#Transform 140
Transform: AffineTransform_float_3_3
Parameters: 0.999996 -0.00257029 0.00090971 0.00256828 0.999995 0.0019542 -0.000914666 -0.00195216 0.999998 0.0628157 -0.0535473 0.0164167
FixedParameters: 0 0 0

#Transform 141
Transform: AffineTransform_float_3_3
Parameters: 0.999996 -0.00259455 0.000976608 0.00259203 0.999994 0.00208077 -0.000982314 -0.00207834 0.999997 0.0667372 -0.051299 0.00620951
FixedParameters: 0 0 0

#Transform 142
Transform: AffineTransform_float_3_3
Parameters: 0.999995 -0.00283287 0.00104921 0.00283165 0.999993 0.00223789 -0.00105552 -0.00223532 0.999997 0.0651581 -0.0551606 0.00533417
FixedParameters: 0 0 0

#Transform 143
Transform: AffineTransform_float_3_3
Parameters: 0.999996 -0.00273618 0.00100417 0.00273514 0.999994 0.00204247 -0.00100988 -0.00203955 0.999998 0.0688306 -0.0692389 0.0107863
FixedParameters: 0 0 0

#Transform 144
Transform: AffineTransform_float_3_3
Parameters: 0.999994 -0.00312859 0.00131707 0.00312502 0.999993 0.00234095 -0.00132465 -0.00233782 0.999996 0.0577004 -0.04568 0.00915594
FixedParameters: 0 0 0

#Transform 145
Transform: AffineTransform_float_3_3
Parameters: 0.999994 -0.00317644 0.00126714 0.00317382 0.999993 0.00209456 -0.00127344 -0.00209074 0.999997 0.0625896 -0.0562716 0.0133718
FixedParameters: 0 0 0

#Transform 146
Transform: AffineTransform_float_3_3
Parameters: 0.999995 -0.00309365 0.00119456 0.00309101 0.999992 0.00241811 -0.00120177 -0.00241399 0.999997 0.0610086 -0.0467903 0.00337459
FixedParameters: 0 0 0

#Transform 147
Transform: AffineTransform_float_3_3
Parameters: 0.999994 -0.0029614 0.00125322 0.00295907 0.999993 0.00227466 -0.00126026 -0.0022715 0.999997 0.0563864 -0.0638411 0.0166344
FixedParameters: 0 0 0

#Transform 148
Transform: AffineTransform_float_3_3
Parameters: 0.999995 -0.0029182 0.00117888 0.00291453 0.999992 0.00259904 -0.00118719 -0.00259551 0.999996 0.0575186 -0.06064 0.0227644
FixedParameters: 0 0 0

#Transform 149
Transform: AffineTransform_float_3_3
Parameters: 0.999996 -0.00272938 0.000946007 0.00272693 0.999992 0.00282638 -0.000953838 -0.00282361 0.999996 0.0656279 -0.0699218 0.0267165
FixedParameters: 0 0 0

#Transform 150
Transform: AffineTransform_float_3_3
Parameters: 0.999995 -0.00270274 0.00135732 0.0026991 0.999992 0.00277325 -0.0013651 -0.00276968 0.999995 0.0552339 -0.0651434 0.0118516
FixedParameters: 0 0 0

#Transform 151
Transform: AffineTransform_float_3_3
Parameters: 0.999997 -0.00212323 0.0011465 0.00212051 0.999996 0.0020154 -0.00115143 -0.00201286 0.999998 0.0458288 -0.0569224 0.0167025
FixedParameters: 0 0 0

#Transform 152
Transform: AffineTransform_float_3_3
Parameters: 0.999998 -0.00161965 0.000925478 0.00161839 0.999997 0.00176232 -0.000927618 -0.00176077 0.999998 0.0309189 -0.0548393 0.0198627
FixedParameters: 0 0 0

#Transform 153
Transform: AffineTransform_float_3_3
Parameters: 0.999998 -0.00202469 0.000465661 0.00202348 0.999997 0.00172939 -0.000469492 -0.00172854 0.999999 0.0589767 -0.068679 0.0415355
FixedParameters: 0 0 0

#Transform 154
Transform: AffineTransform_float_3_3
Parameters: 0.999997 -0.00204129 0.00051639 0.00204058 0.999996 0.00206217 -0.000519935 -0.00206094 0.999998 0.056015 -0.0397403 0.0198872
FixedParameters: 0 0 0

#Transform 155
Transform: AffineTransform_float_3_3
Parameters: 0.999998 -0.00216123 0.00033874 0.00216023 0.999996 0.00179958 -0.000341931 -0.00179905 0.999999 0.0685396 -0.0559362 0.0233827
FixedParameters: 0 0 0

#Transform 156
Transform: AffineTransform_float_3_3
Parameters: 0.999997 -0.00251823 0.000532013 0.00251785 0.999995 0.00220451 -0.000537199 -0.00220393 0.999997 0.0778597 -0.0410516 0.00541745
FixedParameters: 0 0 0

#Transform 157
Transform: AffineTransform_float_3_3
Parameters: 0.999997 -0.00255085 0.000537842 0.0025489 0.999995 0.00199743 -0.00054335 -0.00199603 0.999998 0.0723451 -0.0530339 0.00793216
FixedParameters: 0 0 0

#Transform 158
Transform: AffineTransform_float_3_3
Parameters: 0.999996 -0.00273999 0.000726058 0.00273836 0.999994 0.00184504 -0.000732003 -0.00184243 0.999998 0.0703173 -0.0237469 -0.00565738
FixedParameters: 0 0 0

#Transform 159
Transform: AffineTransform_float_3_3
Parameters: 0.999996 -0.00260977 0.000777267 0.00260796 0.999994 0.002151 -0.000783407 -0.00214958 0.999998 0.0714463 -0.0482904 0.00190408
FixedParameters: 0 0 0

#Transform 160
Transform: AffineTransform_float_3_3
Parameters: 0.999995 -0.00277 0.000825301 0.00276865 0.999994 0.00201116 -0.000830519 -0.00200868 0.999998 0.0736385 -0.0422684 0.00833233
FixedParameters: 0 0 0

#Transform 161
Transform: AffineTransform_float_3_3
Parameters: 0.999996 -0.00282822 0.000866096 0.00282644 0.999994 0.00196579 -0.000872092 -0.00196306 0.999998 0.07776 -0.0520757 0.00535495
FixedParameters: 0 0 0

#Transform 162
Transform: AffineTransform_float_3_3
Parameters: 0.999995 -0.00303608 0.000948204 0.00303406 0.999994 0.00186995 -0.000954377 -0.00186724 0.999998 0.0767243 -0.0451288 0.0071058
FixedParameters: 0 0 0

#Transform 163
Transform: AffineTransform_float_3_3
Parameters: 0.999996 -0.00285891 0.00100366 0.00285678 0.999994 0.00187056 -0.00100923 -0.00186699 0.999998 0.0650956 -0.0515209 0.0183682
FixedParameters: 0 0 0

#Transform 164
Transform: AffineTransform_float_3_3
Parameters: 0.999996 -0.00275438 0.00078438 0.00275301 0.999995 0.0015838 -0.000788835 -0.00158173 0.999998 0.0732161 -0.0455927 0.0160895
FixedParameters: 0 0 0

#Transform 165
Transform: AffineTransform_float_3_3
Parameters: 0.999996 -0.0026842 0.000548496 0.00268339 0.999995 0.00138032 -0.000552547 -0.00137882 0.999999 0.0760868 -0.0410729 0.018569
FixedParameters: 0 0 0

#Transform 166
Transform: AffineTransform_float_3_3
Parameters: 0.999996 -0.0027035 0.000701329 0.00270208 0.999995 0.00176381 -0.000706701 -0.00176138 0.999998 0.0720561 -0.0308657 0.00246412
FixedParameters: 0 0 0

#Transform 167
Transform: AffineTransform_float_3_3
Parameters: 0.999996 -0.00263796 0.000875275 0.00263659 0.999994 0.00175733 -0.000879412 -0.00175535 0.999998 0.0633644 -0.0342927 0.0111083
FixedParameters: 0 0 0

#Transform 168
Transform: AffineTransform_float_3_3
Parameters: 0.999997 -0.00248925 0.000662773 0.00248796 0.999996 0.00176536 -0.000667399 -0.00176344 0.999998 0.071183 -0.0466872 0.0175613
FixedParameters: 0 0 0

#Transform 169
Transform: AffineTransform_float_3_3
Parameters: 0.999997 -0.00251334 0.000695607 0.0025119 0.999996 0.00178974 -0.000700439 -0.00178762 0.999998 0.0697525 -0.0452511 0.0221238
FixedParameters: 0 0 0

#Transform 170
Transform: AffineTransform_float_3_3
Parameters: 0.999997 -0.00257502 0.000629551 0.00257436 0.999995 0.00176074 -0.000633606 -0.00175878 0.999999 0.0668002 -0.041402 0.028333
FixedParameters: 0 0 0

#Transform 171
Transform: AffineTransform_float_3_3
Parameters: 0.999997 -0.00244058 0.000556574 0.00243868 0.999994 0.00220202 -0.000561837 -0.00220058 0.999997 0.0670879 -0.0578155 0.0334043
FixedParameters: 0 0 0

#Transform 172
Transform: AffineTransform_float_3_3
Parameters: 0.999997 -0.00233765 0.000369043 0.00233728 0.999996 0.00184025 -0.000373592 -0.00183901 0.999998 0.0814958 -0.0685731 0.028439
FixedParameters: 0 0 0

#Transform 173
Transform: AffineTransform_float_3_3
Parameters: 0.999997 -0.0023582 0.00059753 0.00235621 0.999994 0.0021926 -0.000602371 -0.00219152 0.999997 0.0655107 -0.0573421 0.0208078
FixedParameters: 0 0 0

#Transform 174
Transform: AffineTransform_float_3_3
Parameters: 0.999997 -0.00245782 0.000445725 0.00245734 0.999995 0.00210902 -0.00045113 -0.00210812 0.999997 0.0746863 -0.0599043 0.0236056
FixedParameters: 0 0 0

#Transform 175
Transform: AffineTransform_float_3_3
Parameters: 0.999997 -0.00236429 0.000534792 0.00236317 0.999995 0.00229015 -0.00054076 -0.00228803 0.999997 0.0677371 -0.0475637 0.0100414
FixedParameters: 0 0 0

#Transform 176
Transform: AffineTransform_float_3_3
Parameters: 0.999997 -0.00235538 0.000363058 0.00235519 0.999995 0.0017421 -0.000367196 -0.00174134 0.999999 0.0772268 -0.0528409 0.0241312
FixedParameters: 0 0 0

#Transform 177
Transform: AffineTransform_float_3_3
Parameters: 0.999998 -0.00219848 0.000525687 0.0021971 0.999996 0.00215439 -0.000531046 -0.00215345 0.999997 0.0652567 -0.0484315 0.0207717
FixedParameters: 0 0 0

#Transform 178
Transform: AffineTransform_float_3_3
Parameters: 0.999998 -0.00208953 0.000666543 0.00208792 0.999996 0.00200642 -0.000670854 -0.00200459 0.999998 0.0518795 -0.0575113 0.0288943
FixedParameters: 0 0 0

#Transform 179
Transform: AffineTransform_float_3_3
Parameters: 0.999997 -0.0021473 0.000264191 0.00214667 0.999997 0.00178884 -0.000268718 -0.00178828 0.999998 0.0843673 -0.0627931 0.0278862
FixedParameters: 0 0 0

#Transform 180
Transform: AffineTransform_float_3_3
Parameters: 0.999997 -0.00236022 0.00055982 0.00235906 0.999994 0.00229941 -0.000565799 -0.00229764 0.999998 0.0721174 -0.0417791 0.0137902
FixedParameters: 0 0 0

#Transform 181
Transform: AffineTransform_float_3_3
Parameters: 0.999997 -0.00257688 0.00053562 0.00257668 0.999994 0.00212339 -0.000540702 -0.00212184 0.999997 0.0785765 -0.0550483 0.0272029
FixedParameters: 0 0 0

#Transform 182
Transform: AffineTransform_float_3_3
Parameters: 0.999996 -0.00264993 0.000688315 0.00264788 0.999993 0.00231671 -0.00069424 -0.00231472 0.999998 0.0735624 -0.0455222 0.0136628
FixedParameters: 0 0 0

#Transform 183
Transform: AffineTransform_float_3_3
Parameters: 0.999996 -0.00249326 0.000668639 0.00249194 0.999996 0.00138956 -0.000672255 -0.00138768 0.999999 0.0743343 -0.0556031 0.0290902
FixedParameters: 0 0 0

#Transform 184
Transform: AffineTransform_float_3_3
Parameters: 0.999996 -0.00264251 0.000853281 0.00264081 0.999994 0.00215081 -0.000858724 -0.0021484 0.999997 0.0632807 -0.0246802 0.000235834
FixedParameters: 0 0 0

#Transform 185
Transform: AffineTransform_float_3_3
Parameters: 0.999996 -0.00259707 0.000734819 0.00259586 0.999995 0.00188941 -0.000739618 -0.00188688 0.999998 0.0691976 -0.0440148 0.0134386
FixedParameters: 0 0 0

#Transform 186
Transform: AffineTransform_float_3_3
Parameters: 0.999997 -0.00219681 0.000818551 0.00219479 0.999995 0.00213756 -0.00082296 -0.00213572 0.999997 0.0596982 -0.0286801 0.0179412
FixedParameters: 0 0 0

#Transform 187
Transform: AffineTransform_float_3_3
Parameters: 0.999997 -0.00207853 0.000525712 0.0020774 0.999997 0.00185983 -0.000529434 -0.00185814 0.999998 0.0634004 -0.0574294 0.0209166
FixedParameters: 0 0 0

#Transform 188
Transform: AffineTransform_float_3_3
Parameters: 0.999999 -0.00142018 -0.000139375 0.00142157 0.999996 0.00253288 0.000136043 -0.00253336 0.999996 0.0567884 -0.0763741 0.0471321
FixedParameters: 0 0 0

#Transform 189
Transform: AffineTransform_float_3_3
Parameters: 1 -0.00104738 -0.000447079 0.00104934 0.999994 0.00336652 0.000443354 -0.00336673 0.999994 0.0426409 -0.0364271 0.0352742
FixedParameters: 0 0 0
