#Insight Transform File V1.0
#Transform 0
Transform: AffineTransform_float_3_3
Parameters: 0.999999 -0.000104078 -0.00131845 0.000111096 0.999987 0.00513181 0.00131832 -0.00513204 0.999986 0.0362576 -0.0637307 -0.0477981
FixedParameters: 0 0 0

#Transform 1
Transform: AffineTransform_float_3_3
Parameters: 0.999999 -7.62017e-06 -0.00133302 1.31362e-05 0.99999 0.0044595 0.00133316 -0.00445999 0.99999 0.034899 -0.0664994 -0.0259358
FixedParameters: 0 0 0

#Transform 2
Transform: AffineTransform_float_3_3
Parameters: 0.999999 -5.76804e-05 -0.00126973 6.33131e-05 0.999988 0.00486617 0.00126921 -0.00486546 0.999987 0.0308739 -0.0411687 -0.053921
FixedParameters: 0 0 0

#Transform 3
Transform: AffineTransform_float_3_3
Parameters: 0.999999 -0.000358385 -0.00128826 0.00036424 0.999991 0.0042548 0.00128701 -0.00425468 0.99999 0.0456204 -0.0346119 -0.0461236
FixedParameters: 0 0 0

#Transform 4
Transform: AffineTransform_float_3_3
Parameters: 0.999999 -0.000378674 -0.00110316 0.000382936 0.999991 0.00430359 0.00110179 -0.00430429 0.99999 0.0400347 -0.0199576 -0.0567094
FixedParameters: 0 0 0

#Transform 5
Transform: AffineTransform_float_3_3
Parameters: 0.999999 -0.000437923 -0.00112759 0.000442376 0.999993 0.00370252 0.00112566 -0.0037025 0.999993 0.0495597 -0.0392762 -0.0278646
FixedParameters: 0 0 0

#Transform 6
Transform: AffineTransform_float_3_3
Parameters: 0.999999 -0.000651238 -0.000912773 0.000655092 0.999991 0.00413516 0.000909602 -0.00413616 0.999991 0.0388221 -0.018776 -0.0384553
FixedParameters: 0 0 0

#Transform 7
Transform: AffineTransform_float_3_3
Parameters: 0.999999 -0.000565832 -0.000939461 0.000569452 0.999993 0.00372213 0.000937411 -0.0037221 0.999993 0.0381865 -0.0268733 -0.0109219
FixedParameters: 0 0 0

#Transform 8
Transform: AffineTransform_float_3_3
Parameters: 0.999999 0.000665172 -0.000564817 -0.000666374 0.999999 0.000135104 0.00056469 -0.000134397 1 -0.0152587 0.058519 0.0141758
FixedParameters: 0 0 0

#Transform 9
Transform: AffineTransform_float_3_3
Parameters: 1 0.000604819 -0.000735481 -0.000605191 0.999999 -0.00123548 0.000734322 0.00123599 0.999999 0.00789139 -0.0197961 0.0761459
FixedParameters: 0 0 0

#Transform 10
Transform: AffineTransform_float_3_3
Parameters: 1 0.000567781 -0.000331912 -0.000567864 1 0.000853237 0.000332122 -0.000853848 0.999999 -0.0189639 0.0532502 -0.0258044
FixedParameters: 0 0 0

#Transform 11
Transform: AffineTransform_float_3_3
Parameters: 1 0.000518563 -0.000127693 -0.000518409 0.999999 0.00134398 0.000129063 -0.00134385 0.999999 -0.0259825 0.0327237 -0.0329375
FixedParameters: 0 0 0

#Transform 12
Transform: AffineTransform_float_3_3
Parameters: 1 0.000730403 -9.75644e-05 -0.000731 1 0.00106579 9.82282e-05 -0.00106531 0.999999 -0.0237875 0.0272826 -0.029427
FixedParameters: 0 0 0

#Transform 13
Transform: AffineTransform_float_3_3
Parameters: 1 0.000515 -0.000360679 -0.000514731 1 0.000373342 0.000361063 -0.00037297 1 -0.0015601 -0.0389851 0.0852231
FixedParameters: 0 0 0

#Transform 14
Transform: AffineTransform_float_3_3
Parameters: 1 0.000336611 -0.000664464 -0.00033671 1 0.000550186 0.000665368 -0.000549696 0.999999 0.00906117 0.0622094 -0.0346933
FixedParameters: 0 0 0

#Transform 15
Transform: AffineTransform_float_3_3
Parameters: 1 0.000331904 5.19564e-05 -0.000331903 1 0.00109516 -5.26263e-05 -0.00109532 1 -0.0252834 0.04426 -0.0550583
FixedParameters: 0 0 0

#Transform 16
Transform: AffineTransform_float_3_3
Parameters: 1 0.000256879 9.89131e-05 -0.000257284 1 0.0010895 -9.83761e-05 -0.00108955 1 -0.0270886 0.0174286 -0.0562607
FixedParameters: 0 0 0

#Transform 17
Transform: AffineTransform_float_3_3
Parameters: 1 0.000556837 -0.00026011 -0.000556798 1 7.60706e-05 0.000260195 -7.57809e-05 1 0.000933817 -0.0165771 0.0541447
FixedParameters: 0 0 0

#Transform 18
Transform: AffineTransform_float_3_3
Parameters: 1 -0.000185261 0.000270922 0.00018476 0.999999 0.000924493 -0.000271264 -0.000924393 0.999999 -0.0200711 0.039696 -0.0362269
FixedParameters: 0 0 0

#Transform 19
Transform: AffineTransform_float_3_3
Parameters: 1 -0.000224493 0.000287346 0.00022396 0.999999 0.000926552 -0.000287762 -0.000926423 0.999999 -0.0200803 0.0304925 -0.036696
FixedParameters: 0 0 0

#Transform 20
Transform: AffineTransform_float_3_3
Parameters: 1 0.000351468 -0.000659725 -0.000351881 0.999999 0.000713224 0.000659921 -0.000712805 0.999999 0.023175 -0.0308444 0.00651817
FixedParameters: 0 0 0

#Transform 21
Transform: AffineTransform_float_3_3
Parameters: 1 -0.000162718 0.000267338 0.000163578 0.999999 0.000923891 -0.000267333 -0.000923758 0.999999 -0.0203578 0.0482054 -0.0571169
FixedParameters: 0 0 0

#Transform 22
Transform: AffineTransform_float_3_3
Parameters: 1 -0.000160084 0.000262158 0.0001596 0.999999 0.000923343 -0.000262453 -0.00092326 0.999999 -0.0184116 0.0268954 -0.0300942
FixedParameters: 0 0 0

#Transform 23
Transform: AffineTransform_float_3_3
Parameters: 1 0.000177733 -0.000454069 -0.000177438 0.999999 0.000939712 0.000453673 -0.000940964 1 0.0100408 0.0121753 -0.0167725
FixedParameters: 0 0 0

#Transform 24
Transform: AffineTransform_float_3_3
Parameters: 1 -3.38809e-05 0.000149692 3.37941e-05 0.999999 0.00140631 -0.000148971 -0.00140621 0.999999 -0.0160314 0.0383692 -0.0438424
FixedParameters: 0 0 0

#Transform 25
Transform: AffineTransform_float_3_3
Parameters: 1 -0.000277309 0.000214052 0.000276923 0.999999 0.00089902 -0.000214551 -0.000898902 0.999999 -0.019911 0.00658741 0.0193102
FixedParameters: 0 0 0

#Transform 26
Transform: AffineTransform_float_3_3
Parameters: 1 -0.0001757 -1.74462e-05 0.000175559 0.999999 0.00145318 1.69125e-05 -0.00145319 0.999999 -0.0101484 0.0200741 -0.0284851
FixedParameters: 0 0 0

#Transform 27
Transform: AffineTransform_float_3_3
Parameters: 1 2.88324e-05 0.000162821 -2.82068e-05 0.999998 0.00165297 -0.000162444 -0.00165294 0.999998 -0.0199127 0.00676356 -0.0293065
FixedParameters: 0 0 0

#Transform 28
Transform: AffineTransform_float_3_3
Parameters: 1 0.000174485 0.000392431 -0.000174952 0.999999 0.00141004 -0.000392496 -0.00141022 0.999999 -0.0289155 0.0141222 -0.0381509
FixedParameters: 0 0 0

#Transform 29
Transform: AffineTransform_float_3_3
Parameters: 1 -0.000220988 0.000244216 0.000220224 1 0.00117152 -0.000244757 -0.00117141 1 -0.00932687 -0.0246341 0.00632272
FixedParameters: 0 0 0

#Transform 30
Transform: AffineTransform_float_3_3
Parameters: 1 -5.04864e-05 0.000297429 5.02049e-05 0.999999 0.00154632 -0.000298141 -0.00154633 0.999999 -0.020911 0.028433 -0.0397053
FixedParameters: 0 0 0

#Transform 31
Transform: AffineTransform_float_3_3
Parameters: 0.999999 -0.000200313 0.000636215 0.000199924 0.999999 0.00129075 -0.000636419 -0.00129088 0.999999 -0.0304732 0.000112266 -0.00791144
FixedParameters: 0 0 0

#Transform 32
Transform: AffineTransform_float_3_3
Parameters: 1 -0.000142531 0.000503174 0.000141524 0.999999 0.00133217 -0.000502736 -0.00133194 0.999999 -0.0237881 0.0164932 -0.0147862
FixedParameters: 0 0 0

#Transform 33
Transform: AffineTransform_float_3_3
Parameters: 0.999999 -0.000241535 0.000677429 0.000240509 0.999999 0.00129523 -0.00067858 -0.00129538 0.999999 -0.0325676 0.0318735 -0.011535
FixedParameters: 0 0 0

#Transform 34
Transform: AffineTransform_float_3_3
Parameters: 0.999999 -0.000391047 0.000784196 0.000391291 0.999999 0.00076589 -0.000784459 -0.000765656 0.999999 -0.0266881 0.0158799 0.0153415
FixedParameters: 0 0 0

#Transform 35
Transform: AffineTransform_float_3_3
Parameters: 0.999999 -0.000307727 0.000754253 0.000306564 0.999999 0.0010523 -0.000754053 -0.00105218 1 -0.031 0.0445192 -0.0316862
FixedParameters: 0 0 0

#Transform 36
Transform: AffineTransform_float_3_3
Parameters: 0.999999 -0.000315098 0.000794497 0.0003144 0.999999 0.000496649 -0.000794779 -0.000496574 1 -0.0313941 0.0263376 0.0164221
FixedParameters: 0 0 0

#Transform 37
Transform: AffineTransform_float_3_3
Parameters: 0.999999 -0.000198743 0.000707119 0.000197381 0.999999 0.000938418 -0.000707381 -0.000939464 0.999999 -0.024609 0.0403335 -0.0247495
FixedParameters: 0 0 0

#Transform 38
Transform: AffineTransform_float_3_3
Parameters: 0.999999 8.65463e-05 0.000774122 -8.78347e-05 1 0.00124487 -0.000774462 -0.00124505 0.999999 -0.0420216 0.0300476 -0.0319735
FixedParameters: 0 0 0

#Transform 39
Transform: AffineTransform_float_3_3
Parameters: 1 0.000302333 0.000306418 -0.000302557 1 0.000366421 -0.000306196 -0.000366607 1 -0.022647 0.00128673 0.0636534
FixedParameters: 0 0 0

#Transform 40
Transform: AffineTransform_float_3_3
Parameters: 1 0.000248417 0.000457821 -0.000248667 0.999999 0.00110844 -0.000457907 -0.00110781 0.999999 -0.0381187 0.0437689 -0.0317024
FixedParameters: 0 0 0

#Transform 41
Transform: AffineTransform_float_3_3
Parameters: 1 0.00013215 0.000464482 -0.00013282 0.999999 0.00140944 -0.000464666 -0.00140961 0.999999 -0.0379495 0.038337 -0.0311469
FixedParameters: 0 0 0

#Transform 42
Transform: AffineTransform_float_3_3
Parameters: 1 -0.000272461 0.00060981 0.0002715 1 0.00106174 -0.000609571 -0.00106133 1 -0.0249834 0.00411114 0.00272791
FixedParameters: 0 0 0

#Transform 43
Transform: AffineTransform_float_3_3
Parameters: 1 -0.000173485 0.000526702 0.000173291 0.999999 0.00128861 -0.000526867 -0.00128839 0.999999 -0.0305601 0.0447872 -0.0304875
FixedParameters: 0 0 0

#Transform 44
Transform: AffineTransform_float_3_3
Parameters: 0.999999 -9.26822e-06 0.000700875 8.2941e-06 0.999998 0.00158996 -0.00070059 -0.00159033 0.999998 -0.0338062 0.0201436 -0.0244713
FixedParameters: 0 0 0

#Transform 45
Transform: AffineTransform_float_3_3
Parameters: 0.999999 0.000350004 0.000758593 -0.000350252 0.999999 0.000727419 -0.00075869 -0.000727518 1 -0.0306085 0.0277842 -0.0213492
FixedParameters: 0 0 0

#Transform 46
Transform: AffineTransform_float_3_3
Parameters: 0.999999 0.000820098 0.00130667 -0.000818458 1 -0.000970491 -0.00130783 0.000969289 0.999999 -0.0537822 0.0902396 -0.0898911
FixedParameters: 0 0 0

#Transform 47
Transform: AffineTransform_float_3_3
Parameters: 0.999999 -1.06649e-05 0.00137674 1.17733e-05 1 -0.000894164 -0.00137703 0.000894149 0.999998 -0.0356736 0.0593754 -0.0433657
FixedParameters: 0 0 0

#Transform 48
Transform: AffineTransform_float_3_3
Parameters: 1 -0.000150816 0.00123535 0.000151264 1 -0.000428995 -0.00123473 0.000429885 0.999999 -0.0257706 0.064252 -0.0659551
FixedParameters: 0 0 0

#Transform 49
Transform: AffineTransform_float_3_3
Parameters: 0.999999 2.29777e-05 0.00129193 -2.19354e-05 1 -0.000319294 -0.00129199 0.000319711 0.999999 -0.0274211 0.0729694 -0.0751073
FixedParameters: 0 0 0

#Transform 50
Transform: AffineTransform_float_3_3
Parameters: 1 -0.000353838 0.00103573 0.000354919 1 -0.000446549 -0.00103528 0.000445958 0.999999 -0.00405728 0.0676127 -0.0657375
FixedParameters: 0 0 0

#Transform 51
Transform: AffineTransform_float_3_3
Parameters: 1 -0.000309291 0.00105939 0.000309028 1 -3.27426e-05 -0.00106019 3.3313e-05 0.999999 -0.0199084 0.0778541 -0.0638464
FixedParameters: 0 0 0

#Transform 52
Transform: AffineTransform_float_3_3
Parameters: 1 -0.000242893 0.00120972 0.000243628 1 -0.000430272 -0.0012104 0.000431249 1 -0.0235047 0.0771987 -0.0516101
FixedParameters: 0 0 0

#Transform 53
Transform: AffineTransform_float_3_3
Parameters: 0.999999 -0.000334523 0.00139967 0.000335142 1 -0.000188149 -0.00139951 0.000188661 0.999999 -0.0317056 0.0750654 -0.0487452
FixedParameters: 0 0 0

#Transform 54
Transform: AffineTransform_float_3_3
Parameters: 0.999999 -0.000382316 0.00104723 0.000384101 1 -0.000943247 -0.00104653 0.000944047 0.999999 -0.0152878 0.0569706 -0.00191484
FixedParameters: 0 0 0

#Transform 55
Transform: AffineTransform_float_3_3
Parameters: 0.999999 -0.000450962 0.00137284 0.000450341 1 0.000259893 -0.00137304 -0.000259081 0.999999 -0.0367129 0.0736515 -0.0360111
FixedParameters: 0 0 0

#Transform 56
Transform: AffineTransform_float_3_3
Parameters: 1 -0.000380479 0.00103183 0.000382187 1 -0.000783716 -0.0010312 0.000784077 1 -0.00856752 0.0498933 -0.0108503
FixedParameters: 0 0 0

#Transform 57
Transform: AffineTransform_float_3_3
Parameters: 0.999999 -0.000488986 0.00146636 0.000490325 1 -0.00040317 -0.00146583 0.000403282 0.999998 -0.0274329 0.0705597 -0.0388861
FixedParameters: 0 0 0

#Transform 58
Transform: AffineTransform_float_3_3
Parameters: 0.999999 -0.000488657 0.00148731 0.000489418 1 -0.000400702 -0.00148772 0.000401644 0.999999 -0.0267046 0.0693447 -0.0483671
FixedParameters: 0 0 0

#Transform 59
Transform: AffineTransform_float_3_3
Parameters: 0.999999 -0.000519266 0.00130327 0.000520031 0.999999 -0.000978758 -0.00130336 0.000979554 0.999999 -0.0271232 0.0593917 0.00947057
FixedParameters: 0 0 0

#Transform 60
Transform: AffineTransform_float_3_3
Parameters: 0.999999 -0.000429641 0.00130852 0.000429195 1 0.000229833 -0.00130858 -0.000230033 0.999999 -0.0337955 0.0634801 0.0118797
FixedParameters: 0 0 0

#Transform 61
Transform: AffineTransform_float_3_3
Parameters: 0.999999 -0.000417115 0.00136656 0.000417564 1 -0.000107327 -0.00136634 0.000107144 0.999999 -0.0305373 0.0587955 0.0219616
FixedParameters: 0 0 0

#Transform 62
Transform: AffineTransform_float_3_3
Parameters: 0.999999 -0.000313257 0.00125633 0.000313314 0.999999 -0.000118883 -0.00125704 0.00011916 0.999999 -0.0270461 0.0616165 0.00849048
FixedParameters: 0 0 0

#Transform 63
Transform: AffineTransform_float_3_3
Parameters: 0.999999 -0.000233169 0.00127532 0.000234565 1 -0.00087291 -0.00127438 0.000873548 0.999999 -0.0284774 0.0783855 -0.00549376
FixedParameters: 0 0 0

#Transform 64
Transform: AffineTransform_float_3_3
Parameters: 0.999999 -4.84573e-05 0.00105591 4.92516e-05 1 -0.00110742 -0.00105613 0.00110747 0.999999 -0.0223547 0.0695774 -0.00216735
FixedParameters: 0 0 0

#Transform 65
Transform: AffineTransform_float_3_3
Parameters: 0.999999 0.000258824 0.00138499 -0.000257976 0.999999 -0.00052743 -0.00138478 0.000527231 0.999999 -0.0468205 0.0757799 -0.00156438
FixedParameters: 0 0 0

#Transform 66
Transform: AffineTransform_float_3_3
Parameters: 0.999999 0.00101014 0.00120656 -0.00100786 0.999998 -0.00147803 -0.00120777 0.00147709 0.999998 -0.0526369 0.0881751 0.0179622
FixedParameters: 0 0 0

#Transform 67
Transform: AffineTransform_float_3_3
Parameters: 0.999999 0.0015645 0.00099378 -0.00156238 0.999995 -0.00238225 -0.000997568 0.00238079 0.999997 -0.0600737 0.0990812 0.0229278
FixedParameters: 0 0 0

#Transform 68
Transform: AffineTransform_float_3_3
Parameters: 0.999998 0.00122531 0.00112138 -0.0012222 0.999996 -0.00258387 -0.00112547 0.00258265 0.999996 -0.0632817 0.058954 0.051959
FixedParameters: 0 0 0

#Transform 69
Transform: AffineTransform_float_3_3
Parameters: 1 0.00081804 0.000954456 -0.000816285 0.999998 -0.00192128 -0.000956654 0.0019207 0.999998 -0.0387563 0.0499457 0.0463363
FixedParameters: 0 0 0

#Transform 70
Transform: AffineTransform_float_3_3
Parameters: 0.999999 0.000691412 0.0011059 -0.000689188 0.999998 -0.00154858 -0.00110623 0.00154812 0.999998 -0.0415471 0.0765864 0.02649
FixedParameters: 0 0 0

#Transform 71
Transform: AffineTransform_float_3_3
Parameters: 1 2.13735e-05 0.00118796 -1.82246e-05 0.999998 -0.0019639 -0.00118844 0.00196427 0.999998 -0.0242475 0.069517 0.0344409
FixedParameters: 0 0 0

#Transform 72
Transform: AffineTransform_float_3_3
Parameters: 0.999999 0.000478443 0.00122959 -0.000477298 0.999999 -0.00134287 -0.00123072 0.00134217 0.999999 -0.0308941 0.0688646 0.0148264
FixedParameters: 0 0 0

#Transform 73
Transform: AffineTransform_float_3_3
Parameters: 0.999999 0.0007585 0.00105831 -0.000756423 0.999998 -0.00154895 -0.00105886 0.00154842 0.999998 -0.0372147 0.0495357 0.0539157
FixedParameters: 0 0 0

#Transform 74
Transform: AffineTransform_float_3_3
Parameters: 0.999999 0.000726868 0.00124784 -0.000725637 0.999999 -0.000775988 -0.00124851 0.000775117 0.999999 -0.0437578 0.0776972 0.0281222
FixedParameters: 0 0 0

#Transform 75
Transform: AffineTransform_float_3_3
Parameters: 0.999999 0.000643065 0.00118793 -0.000642098 0.999999 -0.00110659 -0.00118828 0.00110515 0.999998 -0.0402237 0.0655904 0.039373
FixedParameters: 0 0 0

#Transform 76
Transform: AffineTransform_float_3_3
Parameters: 0.999999 0.000617657 0.00140194 -0.000614908 0.999997 -0.00255457 -0.00140386 0.00255292 0.999996 -0.0417499 0.0041211 0.127342
FixedParameters: 0 0 0

#Transform 77
Transform: AffineTransform_float_3_3
Parameters: 0.999998 0.00126125 0.00155825 -0.00125353 0.999985 -0.00522859 -0.00156461 0.00522749 0.999985 -0.0799905 0.0433422 0.114605
FixedParameters: 0 0 0

#Transform 78
Transform: AffineTransform_float_3_3
Parameters: 0.999996 0.0023872 0.00159387 -0.00238107 0.999992 -0.00316502 -0.00160136 0.00316119 0.999994 -0.107955 0.040879 0.1107
FixedParameters: 0 0 0

#Transform 79
Transform: AffineTransform_float_3_3
Parameters: 0.999996 0.00208969 0.00167119 -0.0020868 0.999996 -0.0018727 -0.00167503 0.00187007 0.999997 -0.0908048 -0.013196 0.186437
FixedParameters: 0 0 0

#Transform 80
Transform: AffineTransform_float_3_3
Parameters: 0.999997 0.00191762 0.00166878 -0.00191588 0.999998 -0.000594083 -0.0016699 0.000590465 0.999998 -0.0941909 0.0144714 0.157368
FixedParameters: 0 0 0

#Transform 81
Transform: AffineTransform_float_3_3
Parameters: 0.999996 0.00185154 0.00184653 -0.00185074 0.999998 -0.000364747 -0.00184761 0.000361078 0.999998 -0.102038 0.00843998 0.153885
FixedParameters: 0 0 0

#Transform 82
Transform: AffineTransform_float_3_3
Parameters: 0.999996 0.00181581 0.00226549 -0.00181309 0.999998 -0.000987231 -0.00226699 0.000983246 0.999997 -0.107146 0.00285582 0.154655
FixedParameters: 0 0 0

#Transform 83
Transform: AffineTransform_float_3_3
Parameters: 0.999997 0.00127734 0.00213957 -0.00127493 0.999998 -0.00129826 -0.002141 0.00129567 0.999997 -0.0895971 -0.0150069 0.14982
FixedParameters: 0 0 0

#Transform 84
Transform: AffineTransform_float_3_3
Parameters: 0.999996 0.00143994 0.00227175 -0.00143773 0.999999 -0.000995643 -0.00227327 0.000991929 0.999997 -0.0943239 -0.00904678 0.141692
FixedParameters: 0 0 0

#Transform 85
Transform: AffineTransform_float_3_3
Parameters: 0.999997 0.00115955 0.00224267 -0.00115633 0.999998 -0.00161148 -0.00224389 0.00160787 0.999996 -0.0897496 -0.0266947 0.164011
FixedParameters: 0 0 0

#Transform 86
Transform: AffineTransform_float_3_3
Parameters: 0.999997 0.00118379 0.00217403 -0.00118077 0.999999 -0.00101413 -0.00217559 0.00101134 0.999998 -0.0866415 -0.0194731 0.144746
FixedParameters: 0 0 0

#Transform 87
Transform: AffineTransform_float_3_3
Parameters: 0.999997 0.00112529 0.00221302 -0.00112303 0.999999 -0.00103301 -0.002214 0.00103086 0.999997 -0.0884035 -0.00699202 0.142563
FixedParameters: 0 0 0

#Transform 88
Transform: AffineTransform_float_3_3
Parameters: 0.999997 0.00114089 0.00221532 -0.00113885 0.999999 -0.00117064 -0.00221612 0.00116846 0.999997 -0.0814494 -0.00961172 0.125866
FixedParameters: 0 0 0

#Transform 89
Transform: AffineTransform_float_3_3
Parameters: 0.999997 0.00122559 0.00214311 -0.00122375 0.999999 -0.000966709 -0.00214414 0.000964284 0.999998 -0.0827414 0.00482801 0.134817
FixedParameters: 0 0 0

#Transform 90
Transform: AffineTransform_float_3_3
Parameters: 0.999996 0.00105184 0.0024898 -0.00104835 0.999998 -0.00162319 -0.00249164 0.00162035 0.999996 -0.0915452 0.00476624 0.138534
FixedParameters: 0 0 0

#Transform 91
Transform: AffineTransform_float_3_3
Parameters: 0.999997 0.00114585 0.00237251 -0.00114016 0.999997 -0.00228992 -0.00237485 0.00228744 0.999994 -0.0962629 0.0372588 0.124329
FixedParameters: 0 0 0

#Transform 92
Transform: AffineTransform_float_3_3
Parameters: 0.999995 0.00177961 0.00252875 -0.0017749 0.999996 -0.00196665 -0.00253163 0.00196253 0.999995 -0.117249 0.0401702 0.115355
FixedParameters: 0 0 0

#Transform 93
Transform: AffineTransform_float_3_3
Parameters: 0.999996 0.00128898 0.00238909 -0.0012836 0.999996 -0.00239537 -0.00239192 0.0023931 0.999994 -0.101843 0.0127938 0.147335
FixedParameters: 0 0 0

#Transform 94
Transform: AffineTransform_float_3_3
Parameters: 0.999996 0.00142822 0.00248519 -0.00142407 0.999997 -0.0018136 -0.00248752 0.00181035 0.999995 -0.103046 0.0363499 0.111896
FixedParameters: 0 0 0

#Transform 95
Transform: AffineTransform_float_3_3
Parameters: 0.999996 0.00129472 0.00246153 -0.00128917 0.999997 -0.00196635 -0.00246429 0.00196337 0.999995 -0.100622 0.0105516 0.124081
FixedParameters: 0 0 0

#Transform 96
Transform: AffineTransform_float_3_3
Parameters: 0.999996 0.00151781 0.00252694 -0.00151275 0.999997 -0.00196358 -0.00253004 0.00195977 0.999995 -0.100008 -0.00107332 0.139816
FixedParameters: 0 0 0

#Transform 97
Transform: AffineTransform_float_3_3
Parameters: 0.999995 0.00157733 0.00258931 -0.00157501 0.999998 -0.00119207 -0.00259074 0.00118772 0.999996 -0.103949 -0.00229286 0.128682
FixedParameters: 0 0 0

#Transform 98
Transform: AffineTransform_float_3_3
Parameters: 0.999995 0.00159105 0.00255365 -0.00158869 0.999999 -0.000889249 -0.00255521 0.000884852 0.999997 -0.102822 -0.0124136 0.13907
FixedParameters: 0 0 0

#Transform 99
Transform: AffineTransform_float_3_3
Parameters: 0.999996 0.00109613 0.00253826 -0.00109156 0.999998 -0.00180303 -0.00254063 0.00179987 0.999995 -0.0887525 -0.00460752 0.13666
FixedParameters: 0 0 0

#Transform 100
Transform: AffineTransform_float_3_3
Parameters: 0.999995 0.00134522 0.0027197 -0.00134275 0.999999 -0.000992272 -0.00272054 0.000988303 0.999996 -0.0970238 0.0255139 0.115577
FixedParameters: 0 0 0

#Transform 101
Transform: AffineTransform_float_3_3
Parameters: 0.999995 0.00135022 0.00275868 -0.00134605 0.999998 -0.00146564 -0.0027604 0.0014629 0.999995 -0.101623 0.0135507 0.129752
FixedParameters: 0 0 0

#Transform 102
Transform: AffineTransform_float_3_3
Parameters: 0.999995 0.0017215 0.00284419 -0.00171197 0.999992 -0.00337147 -0.00285043 0.00336665 0.99999 -0.121807 0.045307 0.165577
FixedParameters: 0 0 0

#Transform 103
Transform: AffineTransform_float_3_3
Parameters: 0.999995 0.00176391 0.00269017 -0.00175468 0.999992 -0.00367568 -0.00269638 0.0036708 0.99999 -0.121325 0.0104035 0.181937
FixedParameters: 0 0 0

#Transform 104
Transform: AffineTransform_float_3_3
Parameters: 0.999995 0.00183012 0.0026781 -0.00182333 0.999995 -0.00260648 -0.00268249 0.00260207 0.999993 -0.115493 0.0510471 0.124698
FixedParameters: 0 0 0

#Transform 105
Transform: AffineTransform_float_3_3
Parameters: 0.999995 0.00149049 0.00277616 -0.00148346 0.999995 -0.00266944 -0.0027798 0.00266605 0.999993 -0.110931 0.0569232 0.127812
FixedParameters: 0 0 0

#Transform 106
Transform: AffineTransform_float_3_3
Parameters: 0.999996 0.00110251 0.00261808 -0.00109622 0.999997 -0.00223553 -0.00262089 0.00223221 0.999994 -0.089518 -0.0137307 0.163432
FixedParameters: 0 0 0

#Transform 107
Transform: AffineTransform_float_3_3
Parameters: 0.999995 0.00140753 0.0027396 -0.00140245 0.999998 -0.0016626 -0.00274196 0.0016587 0.999995 -0.105772 0.021761 0.116032
FixedParameters: 0 0 0

#Transform 108
Transform: AffineTransform_float_3_3
Parameters: 0.999995 0.00130578 0.00280965 -0.00130142 0.999998 -0.00171851 -0.0028121 0.00171451 0.999994 -0.104344 -0.00431222 0.151731
FixedParameters: 0 0 0

#Transform 109
Transform: AffineTransform_float_3_3
Parameters: 0.999995 0.00126572 0.0027715 -0.0012636 0.999999 -0.0010043 -0.00277306 0.00100054 0.999996 -0.097007 -0.00334349 0.133183
FixedParameters: 0 0 0

#Transform 110
Transform: AffineTransform_float_3_3
Parameters: 0.999995 0.00145384 0.00289071 -0.00144988 0.999998 -0.00131269 -0.00289224 0.00130857 0.999995 -0.103502 -0.0109927 0.132064
FixedParameters: 0 0 0

#Transform 111
Transform: AffineTransform_float_3_3
Parameters: 0.999995 0.00135645 0.00275936 -0.00135211 0.999999 -0.00151835 -0.00276117 0.00151468 0.999995 -0.0923309 -0.00861091 0.125422
FixedParameters: 0 0 0

#Transform 112
Transform: AffineTransform_float_3_3
Parameters: 0.999995 0.00154433 0.00289035 -0.00154239 0.999999 -0.000836171 -0.00289121 0.000831916 0.999996 -0.107031 0.0109966 0.130009
FixedParameters: 0 0 0

#Transform 113
Transform: AffineTransform_float_3_3
Parameters: 0.999995 0.00116994 0.0028961 -0.00116522 0.999997 -0.00171407 -0.00289804 0.00171022 0.999994 -0.0930396 7.15983e-05 0.141252
FixedParameters: 0 0 0

#Transform 114
Transform: AffineTransform_float_3_3
Parameters: 0.999995 0.00125659 0.00280951 -0.00125326 0.999998 -0.00136476 -0.00281152 0.0013619 0.999995 -0.0970074 0.0285102 0.112599
FixedParameters: 0 0 0

#Transform 115
Transform: AffineTransform_float_3_3
Parameters: 0.999995 0.00124353 0.0027705 -0.00123896 0.999997 -0.0017806 -0.00277289 0.00177705 0.999994 -0.0869029 0.0134874 0.109562
FixedParameters: 0 0 0

#Transform 116
Transform: AffineTransform_float_3_3
Parameters: 0.999995 0.00139432 0.00294105 -0.00139037 0.999998 -0.00145116 -0.00294219 0.00144639 0.999995 -0.0958905 0.0249163 0.0980935
FixedParameters: 0 0 0

#Transform 117
Transform: AffineTransform_float_3_3
Parameters: 0.999995 0.00119981 0.00288184 -0.00119492 0.999998 -0.00176838 -0.00288404 0.00176481 0.999994 -0.0886456 0.0116785 0.0963284
FixedParameters: 0 0 0

#Transform 118
Transform: AffineTransform_float_3_3
Parameters: 0.999994 0.00148722 0.00307426 -0.00148401 0.999998 -0.00134256 -0.00307638 0.00133856 0.999995 -0.0999855 0.0221478 0.0962363
FixedParameters: 0 0 0

#Transform 119
Transform: AffineTransform_float_3_3
Parameters: 0.999996 0.00115824 0.00275929 -0.00115312 0.999997 -0.00207077 -0.00276154 0.00206776 0.999994 -0.0883869 0.00640812 0.125542
FixedParameters: 0 0 0

#Transform 120
Transform: AffineTransform_float_3_3
Parameters: 0.999995 0.00130259 0.00301879 -0.00129863 0.999998 -0.00134555 -0.00302084 0.00134189 0.999994 -0.0931334 0.0371888 0.0875789
FixedParameters: 0 0 0

#Transform 121
Transform: AffineTransform_float_3_3
Parameters: 0.999994 0.0012027 0.00317581 -0.00119753 0.999998 -0.00148358 -0.00317792 0.00147972 0.999994 -0.0940159 0.0246298 0.0999271
FixedParameters: 0 0 0

#Transform 122
Transform: AffineTransform_float_3_3
Parameters: 0.999994 0.000925043 0.00307913 -0.000919418 0.999998 -0.00200953 -0.00308111 0.00200671 0.999993 -0.0839341 0.0184137 0.106837
FixedParameters: 0 0 0

#Transform 123
Transform: AffineTransform_float_3_3
Parameters: 0.999994 0.00103746 0.00342278 -0.00103268 0.999999 -0.00140109 -0.00342364 0.00139739 0.999993 -0.0951181 0.0346689 0.0914967
FixedParameters: 0 0 0

#Transform 124
Transform: AffineTransform_float_3_3
Parameters: 0.999994 0.00092455 0.00334454 -0.000918769 0.999998 -0.00175389 -0.00334514 0.00175025 0.999993 -0.0924114 0.0238758 0.104757
FixedParameters: 0 0 0

#Transform 125
Transform: AffineTransform_float_3_3
Parameters: 0.999994 0.00100368 0.00339772 -0.000998708 0.999999 -0.00143812 -0.00339857 0.00143471 0.999993 -0.0895044 0.0392632 0.0876324
FixedParameters: 0 0 0

#Transform 126
Transform: AffineTransform_float_3_3
Parameters: 0.999994 0.000540785 0.00344144 -0.000534613 0.999997 -0.0020199 -0.00344211 0.00201817 0.999992 -0.0844817 0.0458052 0.090791
FixedParameters: 0 0 0

#Transform 127
Transform: AffineTransform_float_3_3
Parameters: 0.999994 0.000747928 0.0034661 -0.000742538 0.999999 -0.0015453 -0.00346721 0.00154343 0.999993 -0.0834861 0.0519549 0.081035
FixedParameters: 0 0 0

#Transform 128
Transform: AffineTransform_float_3_3
Parameters: 0.999994 0.000580701 0.00330964 -0.000573683 0.999998 -0.00212196 -0.00331104 0.00211916 0.999993 -0.0771766 0.0429782 0.0967166
FixedParameters: 0 0 0

#Transform 129
Transform: AffineTransform_float_3_3
Parameters: 0.999994 0.000734632 0.00333672 -0.000729981 0.999998 -0.00137578 -0.00333796 0.00137283 0.999994 -0.0833846 0.0571117 0.088983
FixedParameters: 0 0 0

#Transform 130
Transform: AffineTransform_float_3_3
Parameters: 0.999995 0.000600536 0.00327459 -0.000595163 0.999998 -0.00187401 -0.00327585 0.00187202 0.999993 -0.0776288 0.0359317 0.102816
FixedParameters: 0 0 0

#Transform 131
Transform: AffineTransform_float_3_3
Parameters: 0.999994 0.000652969 0.00345839 -0.000649125 0.999999 -0.00118311 -0.00345914 0.00118054 0.999993 -0.0881982 0.0475496 0.0850454
FixedParameters: 0 0 0

#Transform 132
Transform: AffineTransform_float_3_3
Parameters: 0.999995 0.000978115 0.0031411 -0.000973966 0.999999 -0.00132731 -0.00314214 0.00132405 0.999994 -0.084086 0.0149842 0.11922
FixedParameters: 0 0 0

#Transform 133
Transform: AffineTransform_float_3_3
Parameters: 0.999994 0.0012261 0.00321984 -0.00122142 0.999999 -0.00111809 -0.00322077 0.00111402 0.999994 -0.0905014 0.0366105 0.0859793
FixedParameters: 0 0 0

#Transform 134
Transform: AffineTransform_float_3_3
Parameters: 0.999995 0.00139247 0.00309163 -0.00139259 0.999999 1.96505e-05 -0.00309148 -2.32389e-05 0.999995 -0.0941097 0.0210421 0.105824
FixedParameters: 0 0 0

#Transform 135
Transform: AffineTransform_float_3_3
Parameters: 0.999995 0.00114058 0.00297811 -0.00113777 0.999999 -0.000638976 -0.00297875 0.000635026 0.999995 -0.0773223 -0.0117634 0.125411
FixedParameters: 0 0 0

#Transform 136
Transform: AffineTransform_float_3_3
Parameters: 0.999994 0.00105718 0.00337063 -0.0010581 0.999999 0.000164262 -0.00337014 -0.00016722 0.999994 -0.0980188 -0.00301816 0.122556
FixedParameters: 0 0 0

#Transform 137
Transform: AffineTransform_float_3_3
Parameters: 0.999992 0.00146575 0.00372922 -0.00147019 0.999998 0.00139039 -0.00372751 -0.00139553 0.999992 -0.125125 -0.10487 0.151836
FixedParameters: 0 0 0

#Transform 138
Transform: AffineTransform_float_3_3
Parameters: 0.999993 0.00163222 0.00327705 -0.00163791 0.999997 0.00182516 -0.00327399 -0.00183016 0.999992 -0.107927 -0.0713502 0.141338
FixedParameters: 0 0 0

#Transform 139
Transform: AffineTransform_float_3_3
Parameters: 0.999994 0.00127431 0.0033798 -0.00127649 0.999999 0.000814274 -0.00337841 -0.000817859 0.999994 -0.0997387 -0.0557586 0.143028
FixedParameters: 0 0 0

#Transform 140
Transform: AffineTransform_float_3_3
Parameters: 0.999993 0.00106984 0.00363273 -0.00107391 0.999999 0.000966838 -0.00363206 -0.000971001 0.999993 -0.103416 -0.0506058 0.135321
FixedParameters: 0 0 0

#Transform 141
Transform: AffineTransform_float_3_3
Parameters: 0.999994 0.00122893 0.00338342 -0.00123216 0.999999 0.000949458 -0.0033817 -0.000953649 0.999994 -0.105365 -0.00267935 0.126521
FixedParameters: 0 0 0

#Transform 142
Transform: AffineTransform_float_3_3
Parameters: 0.999993 0.0013071 0.0036601 -0.00131099 0.999999 0.000913696 -0.00365924 -0.00091833 0.999993 -0.112471 -0.0205881 0.133885
FixedParameters: 0 0 0

#Transform 143
Transform: AffineTransform_float_3_3
Parameters: 0.999992 0.00107365 0.00386286 -0.00107922 0.999998 0.00147133 -0.00386056 -0.00147503 0.999991 -0.108584 -0.0402878 0.134697
FixedParameters: 0 0 0

#Transform 144
Transform: AffineTransform_float_3_3
Parameters: 0.999992 0.00108394 0.00393896 -0.00109029 0.999998 0.00163441 -0.0039368 -0.00163883 0.999991 -0.114294 -0.0464533 0.136116
FixedParameters: 0 0 0

#Transform 145
Transform: AffineTransform_float_3_3
Parameters: 0.999992 0.00110964 0.00384795 -0.0011141 0.999998 0.00125065 -0.00384687 -0.0012551 0.999992 -0.108308 -0.0605139 0.156953
FixedParameters: 0 0 0

#Transform 146
Transform: AffineTransform_float_3_3
Parameters: 0.999991 0.00149414 0.00409069 -0.00149998 0.999997 0.00147644 -0.00408866 -0.00148283 0.999991 -0.117878 -0.0377815 0.15065
FixedParameters: 0 0 0

#Transform 147
Transform: AffineTransform_float_3_3
Parameters: 0.999989 0.00148844 0.00421579 -0.0014941 0.999997 0.00147232 -0.00421295 -0.00147894 0.99999 -0.121778 -0.0604301 0.164907
FixedParameters: 0 0 0

#Transform 148
Transform: AffineTransform_float_3_3
Parameters: 0.999991 0.00146553 0.00408984 -0.00147213 0.999997 0.00156923 -0.00408762 -0.00157538 0.99999 -0.123805 -0.0457052 0.155897
FixedParameters: 0 0 0

#Transform 149
Transform: AffineTransform_float_3_3
Parameters: 0.999991 0.00141107 0.00402888 -0.00141658 0.999998 0.00136396 -0.00402678 -0.00137035 0.999991 -0.126169 -0.0332137 0.169737
FixedParameters: 0 0 0

#Transform 150
Transform: AffineTransform_float_3_3
Parameters: 0.999991 0.00136642 0.0041237 -0.00137239 0.999998 0.00146927 -0.0041221 -0.00147427 0.99999 -0.120001 -0.0470634 0.156794
FixedParameters: 0 0 0

#Transform 151
Transform: AffineTransform_float_3_3
Parameters: 0.99999 0.00167078 0.00408689 -0.00167868 0.999997 0.00171148 -0.00408368 -0.00171798 0.99999 -0.125428 -0.0314863 0.146726
FixedParameters: 0 0 0

#Transform 152
Transform: AffineTransform_float_3_3
Parameters: 0.99999 0.00112712 0.00409255 -0.00113328 0.999998 0.00145775 -0.00409009 -0.00146323 0.999991 -0.113676 -0.0567311 0.164177
FixedParameters: 0 0 0

#Transform 153
Transform: AffineTransform_float_3_3
Parameters: 0.999991 0.00127144 0.00415983 -0.00127906 0.999998 0.00172447 -0.00415688 -0.00173045 0.99999 -0.11901 -0.0381283 0.164336
FixedParameters: 0 0 0

#Transform 154
Transform: AffineTransform_float_3_3
Parameters: 0.999991 0.00119554 0.00413331 -0.00120275 0.999998 0.00172317 -0.00413199 -0.00172859 0.99999 -0.11481 -0.0549304 0.175379
FixedParameters: 0 0 0

#Transform 155
Transform: AffineTransform_float_3_3
Parameters: 0.999991 0.00124031 0.00414976 -0.00124804 0.999998 0.00183122 -0.00414721 -0.00183653 0.999989 -0.114124 -0.0502964 0.147054
FixedParameters: 0 0 0

#Transform 156
Transform: AffineTransform_float_3_3
Parameters: 0.99999 0.00128689 0.00416886 -0.00129561 0.999998 0.0018709 -0.00416697 -0.00187584 0.99999 -0.119106 -0.0476906 0.15665
FixedParameters: 0 0 0

#Transform 157
Transform: AffineTransform_float_3_3
Parameters: 0.999991 0.00111929 0.00399634 -0.00112635 0.999998 0.00171092 -0.00399386 -0.00171617 0.999991 -0.102288 -0.0568957 0.153102
FixedParameters: 0 0 0

#Transform 158
Transform: AffineTransform_float_3_3
Parameters: 0.99999 0.00134595 0.00424134 -0.00135425 0.999997 0.0019826 -0.00423858 -0.00198861 0.999989 -0.114803 -0.0518072 0.147726
FixedParameters: 0 0 0

#Transform 159
Transform: AffineTransform_float_3_3
Parameters: 0.999991 0.00118052 0.00412791 -0.00118701 0.999998 0.00163852 -0.00412685 -0.0016438 0.999991 -0.104777 -0.0615125 0.162384
FixedParameters: 0 0 0

#Transform 160
Transform: AffineTransform_float_3_3
Parameters: 0.999991 0.00131381 0.00423673 -0.00132333 0.999996 0.00212833 -0.0042337 -0.00213406 0.999989 -0.111503 -0.0477749 0.154625
FixedParameters: 0 0 0

#Transform 161
Transform: AffineTransform_float_3_3
Parameters: 0.999991 0.00129865 0.00409096 -0.00130606 0.999998 0.00171721 -0.00408796 -0.00172281 0.99999 -0.104957 -0.054531 0.171664
FixedParameters: 0 0 0

#Transform 162
Transform: AffineTransform_float_3_3
Parameters: 0.99999 0.00129026 0.0042273 -0.00129821 0.999998 0.0016733 -0.00422525 -0.00167971 0.99999 -0.111148 -0.0476043 0.152141
FixedParameters: 0 0 0

#Transform 163
Transform: AffineTransform_float_3_3
Parameters: 0.999991 0.00136121 0.00422633 -0.00137107 0.999996 0.00217379 -0.00422298 -0.00217989 0.999989 -0.1185 -0.0298649 0.142441
FixedParameters: 0 0 0

#Transform 164
Transform: AffineTransform_float_3_3
Parameters: 0.999992 0.00117082 0.0040469 -0.00117859 0.999997 0.00198631 -0.00404478 -0.00199085 0.99999 -0.103131 -0.0560104 0.144857
FixedParameters: 0 0 0

#Transform 165
Transform: AffineTransform_float_3_3
Parameters: 0.999991 0.00127243 0.00422741 -0.00128151 0.999996 0.00218037 -0.00422497 -0.00218576 0.999988 -0.108374 -0.0426382 0.135504
FixedParameters: 0 0 0

#Transform 166
Transform: AffineTransform_float_3_3
Parameters: 0.999991 0.0011634 0.00405302 -0.00116967 0.999998 0.00168017 -0.00405102 -0.00168551 0.99999 -0.098943 -0.0572546 0.144401
FixedParameters: 0 0 0

#Transform 167
Transform: AffineTransform_float_3_3
Parameters: 0.99999 0.00127333 0.00432198 -0.00128336 0.999997 0.00213854 -0.00431921 -0.00214325 0.999989 -0.10938 -0.0425624 0.120629
FixedParameters: 0 0 0

#Transform 168
Transform: AffineTransform_float_3_3
Parameters: 0.999991 0.00126686 0.00410987 -0.00127382 0.999998 0.00166556 -0.00410708 -0.00167137 0.999991 -0.0976286 -0.0558829 0.13292
FixedParameters: 0 0 0

#Transform 169
Transform: AffineTransform_float_3_3
Parameters: 0.99999 0.00131346 0.00429224 -0.00132295 0.999996 0.00218631 -0.0042897 -0.00219132 0.999989 -0.106897 -0.0347329 0.111767
FixedParameters: 0 0 0

#Transform 170
Transform: AffineTransform_float_3_3
Parameters: 0.999991 0.00123349 0.00401968 -0.00123999 0.999998 0.00171451 -0.00401746 -0.00171944 0.999991 -0.0890913 -0.0477842 0.121021
FixedParameters: 0 0 0

#Transform 171
Transform: AffineTransform_float_3_3
Parameters: 0.99999 0.00127285 0.00427159 -0.0012819 0.999997 0.00205596 -0.00426892 -0.00206143 0.999989 -0.0988081 -0.0295108 0.113018
FixedParameters: 0 0 0

#Transform 172
Transform: AffineTransform_float_3_3
Parameters: 0.99999 0.00128719 0.00432166 -0.00129683 0.999997 0.00218952 -0.00431922 -0.00219439 0.999988 -0.10275 -0.0416881 0.131775
FixedParameters: 0 0 0

#Transform 173
Transform: AffineTransform_float_3_3
Parameters: 0.99999 0.00112747 0.0043425 -0.00113693 0.999997 0.00208142 -0.00434034 -0.00208624 0.999988 -0.0984373 -0.0451461 0.122464
FixedParameters: 0 0 0

#Transform 174
Transform: AffineTransform_float_3_3
Parameters: 0.99999 0.0011403 0.00436162 -0.00115009 0.999997 0.00209463 -0.0043593 -0.0021005 0.999988 -0.0979151 -0.0462137 0.132422
FixedParameters: 0 0 0

#Transform 175
Transform: AffineTransform_float_3_3
Parameters: 0.99999 0.00115537 0.00437868 -0.00116379 0.999997 0.00208916 -0.00437612 -0.00209383 0.999988 -0.103132 -0.0390587 0.138865
FixedParameters: 0 0 0

#Transform 176
Transform: AffineTransform_float_3_3
Parameters: 0.99999 0.00102297 0.00429791 -0.00102858 0.999999 0.00135012 -0.00429602 -0.00135469 0.999991 -0.0873676 -0.0479569 0.135644
FixedParameters: 0 0 0

#Transform 177
Transform: AffineTransform_float_3_3
Parameters: 0.99999 0.00109854 0.00423081 -0.00110619 0.999998 0.0017983 -0.00422882 -0.00180304 0.999989 -0.0985811 -0.0322847 0.133468
FixedParameters: 0 0 0

#Transform 178
Transform: AffineTransform_float_3_3
Parameters: 0.99999 0.000961229 0.00432697 -0.000968413 0.999999 0.00146236 -0.00432586 -0.00146656 0.99999 -0.0961752 -0.0474387 0.146045
FixedParameters: 0 0 0

#Transform 179
Transform: AffineTransform_float_3_3
Parameters: 0.999989 0.00112454 0.00446512 -0.00113296 0.999997 0.00196657 -0.0044624 -0.00197154 0.999988 -0.0964788 -0.0363394 0.125718
FixedParameters: 0 0 0

#Transform 180
Transform: AffineTransform_float_3_3
Parameters: 0.99999 0.00140023 0.00427147 -0.00140866 0.999997 0.00206968 -0.00426881 -0.00207585 0.999988 -0.107265 -0.0628085 0.146389
FixedParameters: 0 0 0

#Transform 181
Transform: AffineTransform_float_3_3
Parameters: 0.99999 0.00113465 0.0044082 -0.00114184 0.999998 0.00169779 -0.00440636 -0.00170277 0.999989 -0.104405 -0.0751212 0.178007
FixedParameters: 0 0 0

#Transform 182
Transform: AffineTransform_float_3_3
Parameters: 0.999989 0.00160793 0.00429563 -0.00161656 0.999997 0.0020128 -0.00429323 -0.00202001 0.999989 -0.109398 -0.0414671 0.142953
FixedParameters: 0 0 0

#Transform 183
Transform: AffineTransform_float_3_3
Parameters: 0.999989 0.00179939 0.00447573 -0.00180952 0.999995 0.00237115 -0.00447165 -0.00237885 0.999987 -0.116738 -0.0423133 0.143364
FixedParameters: 0 0 0

#Transform 184
Transform: AffineTransform_float_3_3
Parameters: 0.999989 0.00149181 0.0044226 -0.00150041 0.999997 0.00194864 -0.00441944 -0.00195553 0.999988 -0.0978928 -0.0434055 0.132141
FixedParameters: 0 0 0

#Transform 185
Transform: AffineTransform_float_3_3
Parameters: 0.999988 0.00148639 0.00459008 -0.00149497 0.999997 0.00195903 -0.00458754 -0.00196551 0.999988 -0.103291 -0.0438744 0.123327
FixedParameters: 0 0 0

#Transform 186
Transform: AffineTransform_float_3_3
Parameters: 0.999989 0.00131127 0.00449759 -0.00132106 0.999997 0.00213635 -0.00449506 -0.00214321 0.999988 -0.101166 -0.0548239 0.125273
FixedParameters: 0 0 0

#Transform 187
Transform: AffineTransform_float_3_3
Parameters: 0.999989 0.0013844 0.00445993 -0.00139348 0.999997 0.00207951 -0.00445736 -0.0020856 0.999988 -0.0993793 -0.056008 0.147238
FixedParameters: 0 0 0

#Transform 188
Transform: AffineTransform_float_3_3
Parameters: 0.99999 0.00127924 0.00432675 -0.00128922 0.999996 0.00246495 -0.00432379 -0.00247065 0.999987 -0.0969512 -0.051935 0.133908
FixedParameters: 0 0 0

#Transform 189
Transform: AffineTransform_float_3_3
Parameters: 0.99999 0.00142042 0.00425964 -0.00142877 0.999997 0.00205865 -0.00425702 -0.00206406 0.999989 -0.0927426 -0.0662308 0.146291
FixedParameters: 0 0 0
