#Insight Transform File V1.0
#Transform 0
Transform: AffineTransform_float_3_3
Parameters: 1 0.000542446 -0.000108568 -0.000542742 0.999997 -0.00268909 0.000107237 0.00268937 0.999997 0.000462586 0.0323403 -0.00860935
FixedParameters: 0 0 0

#Transform 1
Transform: AffineTransform_float_3_3
Parameters: 1 0.000491457 -0.000201892 -0.000491978 0.999996 -0.00277279 0.000199378 0.00277302 0.999996 0.0167372 0.007048 0.0108502
FixedParameters: 0 0 0

#Transform 2
Transform: AffineTransform_float_3_3
Parameters: 1 0.000589328 -0.000166953 -0.00058964 0.999997 -0.00236669 0.000165773 0.00236705 0.999997 0.000211346 0.0445281 -0.0261017
FixedParameters: 0 0 0

#Transform 3
Transform: AffineTransform_float_3_3
Parameters: 1 0.000539684 -0.000136295 -0.000539849 0.999997 -0.00235415 0.000135364 0.00235447 0.999997 -0.00136639 0.00253929 0.0211944
FixedParameters: 0 0 0

#Transform 4
Transform: AffineTransform_float_3_3
Parameters: 1 0.000357685 -0.000113601 -0.000358294 0.999997 -0.0024785 0.000112596 0.00247867 0.999997 0.00681198 0.033661 -4.74236e-05
FixedParameters: 0 0 0

#Transform 5
Transform: AffineTransform_float_3_3
Parameters: 0.999999 0.000568105 -0.000388528 -0.000568403 0.999999 -0.00172303 0.000386933 0.00172261 0.999998 0.0101781 -0.00726035 0.0114402
FixedParameters: 0 0 0

#Transform 6
Transform: AffineTransform_float_3_3
Parameters: 1 0.000482599 -0.000381498 -0.000483185 0.999998 -0.00204746 0.00037978 0.00204786 0.999998 0.00775761 0.000957965 0.00942273
FixedParameters: 0 0 0

#Transform 7
Transform: AffineTransform_float_3_3
Parameters: 1 0.000377019 -0.000333544 -0.000377406 0.999998 -0.00204168 0.000332263 0.00204197 0.999998 0.00561721 0.0363572 -0.00636475
FixedParameters: 0 0 0

#Transform 8
Transform: AffineTransform_float_3_3
Parameters: 1 0.000453026 -0.00025187 -0.000453697 0.999998 -0.00227784 0.000251414 0.00227823 0.999998 0.0104504 -0.00537779 0.0317407
FixedParameters: 0 0 0

#Transform 9
Transform: AffineTransform_float_3_3
Parameters: 1 0.000550729 -0.000162202 -0.000551277 0.999997 -0.00213976 0.000160637 0.00214002 0.999997 -0.00355063 0.0397716 0.000630598
FixedParameters: 0 0 0

#Transform 10
Transform: AffineTransform_float_3_3
Parameters: 1 0.000488824 -0.000126787 -0.000489209 0.999997 -0.00209246 0.000125534 0.00209267 0.999998 -0.00217714 0.0102842 0.0175817
FixedParameters: 0 0 0

#Transform 11
Transform: AffineTransform_float_3_3
Parameters: 1 0.000360918 -0.000215935 -0.000361876 0.999998 -0.00225975 0.000215175 0.00225908 0.999997 -0.00040544 0.0452413 -0.00569042
FixedParameters: 0 0 0

#Transform 12
Transform: AffineTransform_float_3_3
Parameters: 1 0.000324325 -2.87278e-05 -0.000324297 0.999998 -0.00201186 2.82161e-05 0.00201196 0.999998 0.000282248 0.0184174 0.0096247
FixedParameters: 0 0 0

#Transform 13
Transform: AffineTransform_float_3_3
Parameters: 1 0.00039363 -0.000104936 -0.000393642 0.999998 -0.00165025 0.000104454 0.00165041 0.999998 0.01091 -0.0107545 0.0103606
FixedParameters: 0 0 0

#Transform 14
Transform: AffineTransform_float_3_3
Parameters: 1 0.000657957 0.000138396 -0.000658198 0.999999 -0.00125158 -0.000138724 0.00125195 0.999999 -0.0133181 0.0229826 -0.00722241
FixedParameters: 0 0 0

#Transform 15
Transform: AffineTransform_float_3_3
Parameters: 1 0.000230257 -6.20262e-05 -0.000230344 0.999999 -0.00185724 6.1964e-05 0.00185735 0.999999 0.0138642 -0.0193075 0.0378117
FixedParameters: 0 0 0

#Transform 16
Transform: AffineTransform_float_3_3
Parameters: 1 0.000566339 -9.97183e-05 -0.000566333 0.999998 -0.00165173 9.86639e-05 0.00165193 0.999998 -0.00301176 0.00394929 0.0188718
FixedParameters: 0 0 0

#Transform 17
Transform: AffineTransform_float_3_3
Parameters: 1 0.00063235 -0.000144386 -0.000632463 1 -0.00123209 0.000143613 0.00123278 0.999999 -0.00903992 0.043565 -0.00513716
FixedParameters: 0 0 0

#Transform 18
Transform: AffineTransform_float_3_3
Parameters: 1 0.000615204 -0.000158868 -0.000615281 0.999999 -0.00129427 0.000158092 0.00129455 0.999999 -0.00293786 0.0167409 0.0140205
FixedParameters: 0 0 0

#Transform 19
Transform: AffineTransform_float_3_3
Parameters: 1 0.000382152 -0.000293315 -0.000382577 0.999999 -0.00129344 0.000293143 0.00129375 0.999999 0.0112502 0.00063401 0.0254074
FixedParameters: 0 0 0

#Transform 20
Transform: AffineTransform_float_3_3
Parameters: 1 0.000460311 -0.000210254 -0.000460308 1 -0.000939215 0.00021031 0.000938595 0.999999 0.00464205 0.0267037 -0.00222024
FixedParameters: 0 0 0

#Transform 21
Transform: AffineTransform_float_3_3
Parameters: 1 -0.000270515 0.00013531 0.000270631 1 -0.00113416 -0.000134719 0.00113423 1 0.0107024 -0.00556303 0.00809451
FixedParameters: 0 0 0

#Transform 22
Transform: AffineTransform_float_3_3
Parameters: 1 0.0002551 -0.000197573 -0.000255713 1 -0.00106882 0.000197004 0.00106892 1 0.009912 0.0322825 -0.0163002
FixedParameters: 0 0 0

#Transform 23
Transform: AffineTransform_float_3_3
Parameters: 1 0.00027617 -8.02882e-05 -0.000276533 1 -0.00108092 7.96675e-05 0.00108096 1 0.00331828 0.0224239 -0.0169848
FixedParameters: 0 0 0

#Transform 24
Transform: AffineTransform_float_3_3
Parameters: 1 -0.000164814 0.000215123 0.000165155 0.999999 -0.00123823 -0.000214737 0.0012383 0.999999 0.00839303 0.0290459 -0.0150272
FixedParameters: 0 0 0

#Transform 25
Transform: AffineTransform_float_3_3
Parameters: 1 0.000234575 -5.21615e-05 -0.00023488 1 -0.00109883 5.16224e-05 0.00109885 1 0.000662488 0.0379941 -0.0262799
FixedParameters: 0 0 0

#Transform 26
Transform: AffineTransform_float_3_3
Parameters: 1 -7.73169e-05 -5.43785e-05 7.69352e-05 0.999998 -0.0017525 5.46256e-05 0.00175249 0.999998 0.0223381 0.0258484 -0.000480982
FixedParameters: 0 0 0

#Transform 27
Transform: AffineTransform_float_3_3
Parameters: 1 0.00016085 -4.76229e-05 -0.000161184 0.999999 -0.0015185 4.71107e-05 0.00151851 0.999999 0.00844698 0.0544206 -0.0389291
FixedParameters: 0 0 0

#Transform 28
Transform: AffineTransform_float_3_3
Parameters: 1 0.000319136 -6.86623e-05 -0.000319012 0.999999 -0.00152234 6.85073e-05 0.00152247 0.999999 -0.000331879 0.0523076 -0.0246398
FixedParameters: 0 0 0

#Transform 29
Transform: AffineTransform_float_3_3
Parameters: 1 0.000194937 4.93724e-05 -0.000194601 0.999998 -0.00195966 -4.93426e-05 0.00195973 0.999998 0.00311706 0.059583 -0.0219113
FixedParameters: 0 0 0

#Transform 30
Transform: AffineTransform_float_3_3
Parameters: 1 0.000106455 -3.66652e-05 -0.000106987 0.999998 -0.00206939 3.61769e-05 0.00206939 0.999998 0.00878512 0.0625007 -0.0313011
FixedParameters: 0 0 0

#Transform 31
Transform: AffineTransform_float_3_3
Parameters: 1 0.000117667 7.70334e-05 -0.000117593 0.999998 -0.00171398 -7.74599e-05 0.00171396 0.999998 -0.00209599 0.0726322 -0.0334802
FixedParameters: 0 0 0

#Transform 32
Transform: AffineTransform_float_3_3
Parameters: 1 0.000186405 5.55717e-05 -0.000186566 0.999998 -0.00196802 -5.63523e-05 0.00196799 0.999998 0.00921769 0.0477749 -0.0251471
FixedParameters: 0 0 0

#Transform 33
Transform: AffineTransform_float_3_3
Parameters: 1 4.01925e-05 0.000157057 -3.99269e-05 0.999998 -0.00205803 -0.000157269 0.00205801 0.999998 0.00202069 0.0642021 -0.0366127
FixedParameters: 0 0 0

#Transform 34
Transform: AffineTransform_float_3_3
Parameters: 1 0.000447039 0.000152737 -0.000446059 0.999995 -0.00329735 -0.000154038 0.00329648 0.999994 -0.0231839 0.0645635 0.0238499
FixedParameters: 0 0 0

#Transform 35
Transform: AffineTransform_float_3_3
Parameters: 1 0.00100758 -0.000254727 -0.00100891 0.99999 -0.00442213 0.000249798 0.00442305 0.99999 -0.00010394 0.0583277 0.0258289
FixedParameters: 0 0 0

#Transform 36
Transform: AffineTransform_float_3_3
Parameters: 1 0.000404658 9.40719e-05 -0.00040396 0.999995 -0.0031885 -9.5087e-05 0.00318859 0.999995 -0.0109036 0.108341 -0.0327424
FixedParameters: 0 0 0

#Transform 37
Transform: AffineTransform_float_3_3
Parameters: 0.999999 0.00064701 -3.06839e-05 -0.00064682 0.999996 -0.00269735 2.88842e-05 0.00269665 0.999996 -0.0217891 0.0772463 -0.0171607
FixedParameters: 0 0 0

#Transform 38
Transform: AffineTransform_float_3_3
Parameters: 1 0.000414162 -0.000193412 -0.000414545 0.999994 -0.00330675 0.000191812 0.0033057 0.999995 0.00602411 0.0535598 -0.000137608
FixedParameters: 0 0 0

#Transform 39
Transform: AffineTransform_float_3_3
Parameters: 1 0.000435654 -0.000178769 -0.000436084 0.999996 -0.00253486 0.000178169 0.00253518 0.999997 0.00296447 0.0765305 -0.0391949
FixedParameters: 0 0 0

#Transform 40
Transform: AffineTransform_float_3_3
Parameters: 0.999999 0.000666103 -0.000215943 -0.000666647 0.999997 -0.00236823 0.000214397 0.00236868 0.999997 -0.00447446 0.0550706 -0.0317024
FixedParameters: 0 0 0

#Transform 41
Transform: AffineTransform_float_3_3
Parameters: 1 0.00067635 -0.000274104 -0.000676563 0.999996 -0.00278277 0.000271415 0.00278327 0.999996 0.00292453 0.0420182 -0.0133472
FixedParameters: 0 0 0

#Transform 42
Transform: AffineTransform_float_3_3
Parameters: 0.999999 0.000678428 -9.4581e-05 -0.000678672 0.999997 -0.00206442 9.25725e-05 0.00206463 0.999998 -0.0192722 0.0543044 -0.0215683
FixedParameters: 0 0 0

#Transform 43
Transform: AffineTransform_float_3_3
Parameters: 0.999999 0.000760021 -0.000192414 -0.000760448 0.999997 -0.002358 0.000190438 0.00235846 0.999997 -0.00589841 0.0270231 0.0180728
FixedParameters: 0 0 0

#Transform 44
Transform: AffineTransform_float_3_3
Parameters: 0.999999 0.000801751 -0.000248101 -0.000802524 0.999998 -0.00185144 0.000245923 0.00185192 0.999999 -0.0130186 0.0469699 -0.0117697
FixedParameters: 0 0 0

#Transform 45
Transform: AffineTransform_float_3_3
Parameters: 0.999999 0.000858233 -0.000361473 -0.000859214 0.999998 -0.00211048 0.000359561 0.00211036 0.999998 -0.00755559 0.0166437 0.0276833
FixedParameters: 0 0 0

#Transform 46
Transform: AffineTransform_float_3_3
Parameters: 0.999999 0.000919303 -0.000250346 -0.000920193 0.999998 -0.0015832 0.000249704 0.00158298 0.999999 -0.0182663 0.0413806 0.00668215
FixedParameters: 0 0 0

#Transform 47
Transform: AffineTransform_float_3_3
Parameters: 1 0.000949376 -0.000299966 -0.000950447 0.999998 -0.00183294 0.000298673 0.00183372 0.999999 -0.00983325 0.0173722 0.024162
FixedParameters: 0 0 0

#Transform 48
Transform: AffineTransform_float_3_3
Parameters: 1 0.00103402 -0.000373623 -0.00103465 0.999999 -0.00137824 0.000371691 0.0013782 0.999999 -0.0116975 0.0207345 0.019056
FixedParameters: 0 0 0

#Transform 49
Transform: AffineTransform_float_3_3
Parameters: 1 0.00104406 -0.000326043 -0.0010443 0.999998 -0.00165539 0.000324315 0.00165577 0.999998 -0.0121874 0.00891023 0.0236591
FixedParameters: 0 0 0

#Transform 50
Transform: AffineTransform_float_3_3
Parameters: 0.999999 0.00136785 -0.000366982 -0.00136809 0.999999 -0.000964924 0.000365366 0.000964213 1 -0.0244673 0.000410833 0.024258
FixedParameters: 0 0 0

#Transform 51
Transform: AffineTransform_float_3_3
Parameters: 0.999999 0.00119712 -0.000374341 -0.00119836 0.999999 -0.00113185 0.000372972 0.0011333 0.999999 -0.015054 -0.0257711 0.0420017
FixedParameters: 0 0 0

#Transform 52
Transform: AffineTransform_float_3_3
Parameters: 0.999998 0.00160008 -0.000380561 -0.00159933 0.999998 0.000606452 0.000381199 -0.000605835 0.999999 -0.0259245 -0.0190774 0.0541505
FixedParameters: 0 0 0

#Transform 53
Transform: AffineTransform_float_3_3
Parameters: 0.999999 0.00132967 -0.000301119 -0.00133002 0.999998 -0.00125012 0.000298714 0.0012501 1 -0.0171043 -0.0135118 0.0479832
FixedParameters: 0 0 0

#Transform 54
Transform: AffineTransform_float_3_3
Parameters: 0.999998 0.00157695 -0.000322361 -0.00157723 0.999998 0.000284018 0.000322521 -0.000283987 1 -0.0189877 -0.00803422 0.0400595
FixedParameters: 0 0 0

#Transform 55
Transform: AffineTransform_float_3_3
Parameters: 0.999998 0.00166393 -5.91553e-05 -0.00166442 0.999998 0.000474372 5.99679e-05 -0.000474734 1 -0.0360694 -0.0165706 0.0363008
FixedParameters: 0 0 0

#Transform 56
Transform: AffineTransform_float_3_3
Parameters: 0.999999 0.00143719 -0.000337077 -0.00143706 0.999999 0.000231704 0.000337815 -0.000231208 1 -0.0100163 -0.0219258 0.0480393
FixedParameters: 0 0 0

#Transform 57
Transform: AffineTransform_float_3_3
Parameters: 0.999999 0.00143504 -0.000292405 -0.00143587 0.999997 -0.0019861 0.000289782 0.00198676 0.999998 -0.0473436 0.0118625 0.0969372
FixedParameters: 0 0 0

#Transform 58
Transform: AffineTransform_float_3_3
Parameters: 0.999998 0.00215925 -0.000177796 -0.00216008 0.999989 -0.00426338 0.000168499 0.00426408 0.999991 -0.0584583 0.0436255 0.101145
FixedParameters: 0 0 0

#Transform 59
Transform: AffineTransform_float_3_3
Parameters: 0.999999 0.00158299 -0.00038234 -0.0015844 0.999994 -0.00284684 0.000377248 0.00284752 0.999996 -0.0191061 0.0255484 0.0344902
FixedParameters: 0 0 0

#Transform 60
Transform: AffineTransform_float_3_3
Parameters: 0.999999 0.000917765 -9.11061e-05 -0.000918281 0.999997 -0.0019493 8.96937e-05 0.00194968 0.999998 -0.0307376 0.0696599 0.00128107
FixedParameters: 0 0 0

#Transform 61
Transform: AffineTransform_float_3_3
Parameters: 0.999999 0.000748427 -1.08006e-05 -0.000748416 0.999998 -0.00209167 8.43218e-06 0.00209219 0.999997 -0.0175059 0.0468394 0.00469332
FixedParameters: 0 0 0

#Transform 62
Transform: AffineTransform_float_3_3
Parameters: 1 0.000530121 -9.70535e-05 -0.000530619 0.999997 -0.00233824 9.53431e-05 0.00233842 0.999998 0.000372644 0.0471201 -0.00545243
FixedParameters: 0 0 0

#Transform 63
Transform: AffineTransform_float_3_3
Parameters: 1 0.000684374 -2.48708e-05 -0.00068515 0.999998 -0.00180468 2.37263e-05 0.00180483 0.999999 -0.0163554 0.0565821 -0.0183142
FixedParameters: 0 0 0

#Transform 64
Transform: AffineTransform_float_3_3
Parameters: 1 0.000453421 0.000137134 -0.000453662 0.999997 -0.00231795 -0.000137932 0.00231795 0.999998 -0.0102351 0.0360783 0.017263
FixedParameters: 0 0 0

#Transform 65
Transform: AffineTransform_float_3_3
Parameters: 1 -0.000407662 0.000553652 0.000408689 0.999998 -0.00157338 -0.00055323 0.00157374 0.999998 -0.00458613 0.070895 -0.0267135
FixedParameters: 0 0 0

#Transform 66
Transform: AffineTransform_float_3_3
Parameters: 1 0.000429888 0.000262541 -0.000430093 0.999998 -0.00208493 -0.000263877 0.00208516 0.999997 -0.0165047 0.0303775 0.017903
FixedParameters: 0 0 0

#Transform 67
Transform: AffineTransform_float_3_3
Parameters: 1 -0.000341561 0.000472238 0.000342818 0.999999 -0.0016679 -0.00047104 0.00166732 0.999998 0.00124918 0.0601359 -0.0201118
FixedParameters: 0 0 0

#Transform 68
Transform: AffineTransform_float_3_3
Parameters: 1 0.000477589 0.000267339 -0.000477229 0.999998 -0.00195916 -0.000267882 0.00195902 0.999998 -0.0209465 0.0431583 -0.00151668
FixedParameters: 0 0 0

#Transform 69
Transform: AffineTransform_float_3_3
Parameters: 1 0.000511368 0.000402686 -0.000510587 0.999998 -0.00182303 -0.000403222 0.00182274 0.999999 -0.0237138 0.0408504 -0.00102023
FixedParameters: 0 0 0

#Transform 70
Transform: AffineTransform_float_3_3
Parameters: 1 0.000633614 0.000127337 -0.000633755 0.999999 -0.00139472 -0.000127754 0.00139468 0.999999 -0.0183854 0.0367324 0.00377791
FixedParameters: 0 0 0

#Transform 71
Transform: AffineTransform_float_3_3
Parameters: 1 0.000491391 0.000121836 -0.000490779 0.999998 -0.001921 -0.000122929 0.00192096 0.999998 -0.0108823 0.0319614 0.0156131
FixedParameters: 0 0 0

#Transform 72
Transform: AffineTransform_float_3_3
Parameters: 0.999999 -0.000196467 0.00105068 0.000197869 0.999999 -0.00110977 -0.0010497 0.0011098 0.999999 -0.0193739 0.0595378 -0.0249278
FixedParameters: 0 0 0

#Transform 73
Transform: AffineTransform_float_3_3
Parameters: 0.999999 0.000883945 0.000153831 -0.000884677 0.999999 -0.00122766 -0.000155522 0.00122785 0.999999 -0.0115159 0.0157036 0.0040283
FixedParameters: 0 0 0

#Transform 74
Transform: AffineTransform_float_3_3
Parameters: 1 0.000648153 6.36932e-05 -0.000648187 0.999999 -0.00121009 -6.52851e-05 0.00121 1 -0.0111864 0.0269128 -0.00317107
FixedParameters: 0 0 0

#Transform 75
Transform: AffineTransform_float_3_3
Parameters: 0.999999 0.000844388 0.000218763 -0.000843604 0.999999 -0.00102982 -0.000219684 0.00102953 1 -0.0222347 0.0118729 0.0125108
FixedParameters: 0 0 0

#Transform 76
Transform: AffineTransform_float_3_3
Parameters: 0.999999 0.000743575 6.38118e-05 -0.000742633 0.999999 -0.00164664 -6.45222e-05 0.00164581 0.999999 -0.00142314 -0.00429003 0.0206876
FixedParameters: 0 0 0

#Transform 77
Transform: AffineTransform_float_3_3
Parameters: 0.999999 0.000734724 9.50615e-05 -0.000734157 0.999999 -0.00122116 -9.60387e-05 0.00122111 1 -0.0130634 0.0602381 -0.022501
FixedParameters: 0 0 0

#Transform 78
Transform: AffineTransform_float_3_3
Parameters: 0.999999 0.000790813 0.000215479 -0.000790954 1 -0.00103683 -0.000215799 0.00103704 0.999999 -0.0182374 0.0447679 -0.0118532
FixedParameters: 0 0 0

#Transform 79
Transform: AffineTransform_float_3_3
Parameters: 0.999999 0.000726796 0.000101594 -0.000726226 0.999998 -0.00160249 -0.000103137 0.00160285 0.999998 0.00501553 0.0297074 -0.00508261
FixedParameters: 0 0 0

#Transform 80
Transform: AffineTransform_float_3_3
Parameters: 1 0.000520605 0.000313997 -0.000519857 0.999998 -0.00149206 -0.000315573 0.00149173 0.999999 -0.0136745 0.0560548 -0.0254387
FixedParameters: 0 0 0

#Transform 81
Transform: AffineTransform_float_3_3
Parameters: 1 8.68557e-05 0.00114142 -8.49342e-05 0.999999 -0.00116592 -0.00114105 0.00116534 0.999999 -0.0245977 0.0549415 -0.0292269
FixedParameters: 0 0 0

#Transform 82
Transform: AffineTransform_float_3_3
Parameters: 0.999999 -0.000206454 0.000791879 0.000207802 0.999999 -0.00149658 -0.000790749 0.00149695 0.999998 0.000985555 0.0574826 -0.0292529
FixedParameters: 0 0 0

#Transform 83
Transform: AffineTransform_float_3_3
Parameters: 0.999999 -6.10348e-05 0.00102298 6.18261e-05 1 -0.00114158 -0.00102317 0.00114165 0.999999 -0.00572001 0.066057 -0.0402613
FixedParameters: 0 0 0

#Transform 84
Transform: AffineTransform_float_3_3
Parameters: 0.999999 0.000875596 0.000295203 -0.000875372 0.999999 -0.0012188 -0.000295986 0.00121841 0.999999 0.00180014 0.0267192 -0.0265431
FixedParameters: 0 0 0

#Transform 85
Transform: AffineTransform_float_3_3
Parameters: 0.999999 0.000825067 0.00018067 -0.000825263 0.999999 -0.00160615 -0.000182024 0.0016064 0.999999 0.000115633 0.0375861 -0.0100107
FixedParameters: 0 0 0

#Transform 86
Transform: AffineTransform_float_3_3
Parameters: 0.999999 0.000843563 0.000537163 -0.000842226 0.999998 -0.00188249 -0.000539009 0.0018817 0.999998 -0.0246554 0.0555245 -0.0071252
FixedParameters: 0 0 0

#Transform 87
Transform: AffineTransform_float_3_3
Parameters: 0.999999 -8.27613e-06 0.000782008 1.00115e-05 0.999998 -0.00188478 -0.000781486 0.00188483 0.999998 -0.00103942 0.0799827 -0.0294461
FixedParameters: 0 0 0

#Transform 88
Transform: AffineTransform_float_3_3
Parameters: 0.999999 0.00070258 0.000479697 -0.000702155 0.999998 -0.00157238 -0.000481498 0.00157265 0.999999 -0.0130348 0.0649673 -0.0287189
FixedParameters: 0 0 0

#Transform 89
Transform: AffineTransform_float_3_3
Parameters: 1 -8.51162e-06 0.00074611 1.04133e-05 0.999998 -0.00221476 -0.000745604 0.00221481 0.999998 7.58619e-05 0.0654436 -0.00717314
FixedParameters: 0 0 0

#Transform 90
Transform: AffineTransform_float_3_3
Parameters: 1 6.44277e-05 0.00117377 -6.20476e-05 0.999999 -0.00136776 -0.00117341 0.00136765 0.999998 -0.021701 0.0859464 -0.0378152
FixedParameters: 0 0 0

#Transform 91
Transform: AffineTransform_float_3_3
Parameters: 0.999999 -8.92796e-05 0.000768896 9.10651e-05 0.999998 -0.00189079 -0.000768037 0.00189054 0.999998 0.00188382 0.055193 -0.0253061
FixedParameters: 0 0 0

#Transform 92
Transform: AffineTransform_float_3_3
Parameters: 0.999999 0.000723293 0.000483144 -0.000721826 0.999997 -0.00242165 -0.000485339 0.00242107 0.999997 -0.00551532 0.101057 -0.0551881
FixedParameters: 0 0 0

#Transform 93
Transform: AffineTransform_float_3_3
Parameters: 0.999999 0.000933781 0.000417973 -0.000932123 0.999996 -0.00240025 -0.000420307 0.00239967 0.999997 -0.00429565 0.0685194 -0.0141956
FixedParameters: 0 0 0

#Transform 94
Transform: AffineTransform_float_3_3
Parameters: 0.999999 0.000705209 0.000447995 -0.000703684 0.999995 -0.00295779 -0.000450985 0.00295818 0.999996 -0.00703135 0.0860637 -0.0127995
FixedParameters: 0 0 0

#Transform 95
Transform: AffineTransform_float_3_3
Parameters: 1 0.000472797 0.000279031 -0.000472295 0.999995 -0.00314748 -0.000280748 0.00314733 0.999995 0.0214543 0.054744 -0.00692593
FixedParameters: 0 0 0

#Transform 96
Transform: AffineTransform_float_3_3
Parameters: 1 -0.000295388 0.000549098 0.000297049 0.999997 -0.00268539 -0.00054844 0.00268562 0.999996 0.0195442 0.0738812 -0.0160555
FixedParameters: 0 0 0

#Transform 97
Transform: AffineTransform_float_3_3
Parameters: 0.999999 -0.000399354 0.000799854 0.00040095 0.999998 -0.00220276 -0.000798467 0.00220335 0.999998 0.0206306 0.0846493 -0.0254108
FixedParameters: 0 0 0

#Transform 98
Transform: AffineTransform_float_3_3
Parameters: 0.999999 -0.000492946 0.000812802 0.000494612 0.999996 -0.00259493 -0.000811448 0.00259517 0.999997 0.0282807 0.0665969 -0.0212637
FixedParameters: 0 0 0

#Transform 99
Transform: AffineTransform_float_3_3
Parameters: 0.999999 -0.000513325 0.000860608 0.000514519 0.999998 -0.00208039 -0.000859582 0.00208024 0.999997 0.0224315 0.092262 -0.043209
FixedParameters: 0 0 0

#Transform 100
Transform: AffineTransform_float_3_3
Parameters: 0.999999 -0.000454734 0.000841531 0.000456219 0.999997 -0.00228518 -0.000840634 0.00228538 0.999998 0.0224033 0.0674579 -0.0196792
FixedParameters: 0 0 0

#Transform 101
Transform: AffineTransform_float_3_3
Parameters: 0.999999 -0.000607314 0.000817036 0.000608476 0.999998 -0.0022116 -0.000815562 0.00221245 0.999997 0.024704 0.0815212 -0.0423426
FixedParameters: 0 0 0

#Transform 102
Transform: AffineTransform_float_3_3
Parameters: 0.999999 -0.000515741 0.000854612 0.000516893 0.999998 -0.00199609 -0.000853742 0.00199683 0.999997 0.023125 0.0847575 -0.0468761
FixedParameters: 0 0 0

#Transform 103
Transform: AffineTransform_float_3_3
Parameters: 0.999999 -0.000579118 0.000748873 0.000581349 0.999996 -0.00270081 -0.000747511 0.0027015 0.999996 0.0391617 0.0664641 -0.0248097
FixedParameters: 0 0 0

#Transform 104
Transform: AffineTransform_float_3_3
Parameters: 0.999999 -0.000570828 0.000905095 0.000572298 0.999998 -0.00216635 -0.000903833 0.00216724 0.999997 0.031858 0.0851289 -0.0578465
FixedParameters: 0 0 0

#Transform 105
Transform: AffineTransform_float_3_3
Parameters: 1 -0.000632525 0.000925002 0.000633933 0.999998 -0.00194809 -0.000923624 0.00194822 0.999998 0.0239458 0.0704849 -0.0495418
FixedParameters: 0 0 0

#Transform 106
Transform: AffineTransform_float_3_3
Parameters: 0.999999 -0.000625351 0.00094428 0.00062708 0.999997 -0.00221412 -0.000942722 0.00221516 0.999997 0.0402089 0.0640549 -0.0466122
FixedParameters: 0 0 0

#Transform 107
Transform: AffineTransform_float_3_3
Parameters: 0.999999 -0.000646811 0.00094698 0.000649215 0.999998 -0.00209145 -0.000945915 0.0020916 0.999997 0.0375805 0.0853177 -0.06154
FixedParameters: 0 0 0

#Transform 108
Transform: AffineTransform_float_3_3
Parameters: 0.999999 -0.000603532 0.000931811 0.000605327 0.999997 -0.00223038 -0.000930299 0.00223094 0.999998 0.0405548 0.0671147 -0.0454852
FixedParameters: 0 0 0

#Transform 109
Transform: AffineTransform_float_3_3
Parameters: 0.999999 -0.000669313 0.000869177 0.000671095 0.999998 -0.00209872 -0.000866637 0.00209893 0.999997 0.0406329 0.0817497 -0.0673968
FixedParameters: 0 0 0

#Transform 110
Transform: AffineTransform_float_3_3
Parameters: 1 -0.000672632 0.00092623 0.000673669 0.999999 -0.00167674 -0.000925141 0.00167785 0.999998 0.0394926 0.0931248 -0.0840165
FixedParameters: 0 0 0

#Transform 111
Transform: AffineTransform_float_3_3
Parameters: 0.999999 -0.000580897 0.000676824 0.000582599 0.999997 -0.00245558 -0.000675716 0.00245618 0.999996 0.0487569 0.0837395 -0.0468007
FixedParameters: 0 0 0

#Transform 112
Transform: AffineTransform_float_3_3
Parameters: 1 -0.000436287 0.000630027 0.000437759 0.999997 -0.00255476 -0.000629463 0.00255423 0.999996 0.0518989 0.0856118 -0.0612767
FixedParameters: 0 0 0

#Transform 113
Transform: AffineTransform_float_3_3
Parameters: 1 -0.000371985 0.000655249 0.00037272 0.999998 -0.00188652 -0.000654197 0.00188696 0.999998 0.0469347 0.114473 -0.0995178
FixedParameters: 0 0 0

#Transform 114
Transform: AffineTransform_float_3_3
Parameters: 0.999999 -0.000496747 0.000915713 0.000497768 0.999998 -0.00179148 -0.000915123 0.00179225 0.999998 0.0377675 0.099868 -0.0852439
FixedParameters: 0 0 0

#Transform 115
Transform: AffineTransform_float_3_3
Parameters: 1 -0.000333248 0.000770761 0.00033444 0.999997 -0.00236313 -0.000770399 0.0023635 0.999997 0.0482707 0.076264 -0.0739278
FixedParameters: 0 0 0

#Transform 116
Transform: AffineTransform_float_3_3
Parameters: 1 -0.000556874 0.000953612 0.000559242 0.999998 -0.00189053 -0.000953204 0.00189142 0.999997 0.0367975 0.0949517 -0.0849291
FixedParameters: 0 0 0

#Transform 117
Transform: AffineTransform_float_3_3
Parameters: 1 -0.000615344 0.000904889 0.000616616 0.999998 -0.00184631 -0.000903783 0.00184728 0.999998 0.0412041 0.0862441 -0.0702693
FixedParameters: 0 0 0

#Transform 118
Transform: AffineTransform_float_3_3
Parameters: 0.999999 -0.000636608 0.000918892 0.000638582 0.999998 -0.00185171 -0.000918257 0.0018527 0.999998 0.0538654 0.0813055 -0.0620469
FixedParameters: 0 0 0

#Transform 119
Transform: AffineTransform_float_3_3
Parameters: 0.999999 -0.000830367 0.0010402 0.00083153 0.999998 -0.00182262 -0.00103907 0.0018228 0.999998 0.0509292 0.0670531 -0.0585427
FixedParameters: 0 0 0

#Transform 120
Transform: AffineTransform_float_3_3
Parameters: 0.999999 -0.000971368 0.0011591 0.000973545 0.999997 -0.00214069 -0.00115696 0.00214272 0.999997 0.049389 0.0624014 -0.0409915
FixedParameters: 0 0 0

#Transform 121
Transform: AffineTransform_float_3_3
Parameters: 0.999999 -0.000830862 0.00105878 0.000833261 0.999998 -0.00202505 -0.00105788 0.00202565 0.999997 0.0396012 0.0661952 -0.0271939
FixedParameters: 0 0 0

#Transform 122
Transform: AffineTransform_float_3_3
Parameters: 0.999999 -0.000512957 0.000710545 0.000514764 0.999998 -0.00190958 -0.000709469 0.00191022 0.999998 0.0531863 0.0618021 -0.0180164
FixedParameters: 0 0 0

#Transform 123
Transform: AffineTransform_float_3_3
Parameters: 0.999999 -0.000542516 0.000661601 0.000542497 0.999999 -0.00164415 -0.000660906 0.00164383 0.999998 0.0500014 0.0937495 -0.0560626
FixedParameters: 0 0 0

#Transform 124
Transform: AffineTransform_float_3_3
Parameters: 0.999999 -0.00056566 0.00064513 0.000567291 0.999998 -0.00206543 -0.000643596 0.00206516 0.999998 0.0496306 0.0601414 -0.0110248
FixedParameters: 0 0 0

#Transform 125
Transform: AffineTransform_float_3_3
Parameters: 0.999999 -0.000571341 0.000764923 0.000571968 0.999999 -0.00150317 -0.000763454 0.0015031 0.999998 0.0412773 0.0875111 -0.0508175
FixedParameters: 0 0 0

#Transform 126
Transform: AffineTransform_float_3_3
Parameters: 0.999999 -0.000509638 0.000774146 0.000511067 0.999998 -0.0018462 -0.000773987 0.00184681 0.999998 0.0406249 0.065377 -0.0164935
FixedParameters: 0 0 0

#Transform 127
Transform: AffineTransform_float_3_3
Parameters: 0.999999 -0.000580551 0.000774057 0.000581554 0.999998 -0.00171142 -0.00077239 0.00171184 0.999999 0.0441147 0.0595983 -0.0326854
FixedParameters: 0 0 0

#Transform 128
Transform: AffineTransform_float_3_3
Parameters: 0.999999 -0.000348343 0.000886347 0.000349988 1 -0.00103558 -0.000885647 0.00103619 0.999999 0.0388442 0.0705904 -0.0441621
FixedParameters: 0 0 0

#Transform 129
Transform: AffineTransform_float_3_3
Parameters: 1 -0.000662839 0.000901801 0.000663494 0.999999 -0.00147471 -0.000900911 0.00147487 0.999998 0.0402746 0.0360738 -0.00820818
FixedParameters: 0 0 0

#Transform 130
Transform: AffineTransform_float_3_3
Parameters: 0.999999 -0.000579353 0.00095314 0.000581162 0.999999 -0.00127611 -0.000952491 0.0012767 0.999999 0.0474197 0.0598719 -0.0390649
FixedParameters: 0 0 0

#Transform 131
Transform: AffineTransform_float_3_3
Parameters: 0.999999 -0.000667869 0.00112238 0.000669522 0.999999 -0.000929039 -0.00112195 0.000930027 0.999999 0.0330987 0.047405 -0.0424987
FixedParameters: 0 0 0

#Transform 132
Transform: AffineTransform_float_3_3
Parameters: 0.999999 -0.000602366 0.000872462 0.000603847 0.999998 -0.00157849 -0.000872151 0.00157803 0.999998 0.0514807 0.0416133 -0.00722661
FixedParameters: 0 0 0

#Transform 133
Transform: AffineTransform_float_3_3
Parameters: 1 -0.000700431 0.000866144 0.000701314 1 -0.000812086 -0.000865845 0.000813213 1 0.05334 0.0637551 -0.0478121
FixedParameters: 0 0 0

#Transform 134
Transform: AffineTransform_float_3_3
Parameters: 0.999999 -0.000607461 0.00082002 0.000608411 0.999999 -0.000959099 -0.000819686 0.000959581 1 0.0580172 0.0418646 -0.0268998
FixedParameters: 0 0 0

#Transform 135
Transform: AffineTransform_float_3_3
Parameters: 0.999999 -0.000578331 0.000945496 0.0005795 0.999999 -0.000947313 -0.000945232 0.000947892 1 0.0520397 0.0656158 -0.0712421
FixedParameters: 0 0 0

#Transform 136
Transform: AffineTransform_float_3_3
Parameters: 1 -0.000523117 0.0010876 0.000523886 0.999999 -0.000934266 -0.0010869 0.000934933 0.999999 0.0397781 0.0728825 -0.058124
FixedParameters: 0 0 0

#Transform 137
Transform: AffineTransform_float_3_3
Parameters: 0.999999 -0.000464864 0.000901919 0.000465625 0.999999 -0.00122826 -0.000901075 0.00122863 0.999999 0.0553667 0.0621469 -0.0479974
FixedParameters: 0 0 0

#Transform 138
Transform: AffineTransform_float_3_3
Parameters: 1 -0.00053836 0.00098161 0.000539655 1 -0.000626556 -0.000980832 0.000626715 0.999999 0.0479102 0.0833625 -0.0965261
FixedParameters: 0 0 0

#Transform 139
Transform: AffineTransform_float_3_3
Parameters: 0.999999 -0.000424108 0.000948845 0.000424691 0.999999 -0.00107353 -0.000948232 0.00107386 0.999999 0.0582953 0.0567618 -0.0720712
FixedParameters: 0 0 0

#Transform 140
Transform: AffineTransform_float_3_3
Parameters: 0.999999 -0.000442443 0.000887107 0.000442357 1 -0.000785626 -0.000886637 0.000785464 0.999999 0.063938 0.0687167 -0.0997536
FixedParameters: 0 0 0

#Transform 141
Transform: AffineTransform_float_3_3
Parameters: 1 -0.000578507 0.000936571 0.000579159 0.999999 -0.00019763 -0.000936288 0.000198291 1 0.0500544 0.0588292 -0.0958489
FixedParameters: 0 0 0

#Transform 142
Transform: AffineTransform_float_3_3
Parameters: 0.999999 -0.000597566 0.000759849 0.000597463 1 -0.000359936 -0.000760178 0.000359856 1 0.0726095 0.0485623 -0.077079
FixedParameters: 0 0 0

#Transform 143
Transform: AffineTransform_float_3_3
Parameters: 1 -0.00064745 0.000778837 0.00064733 1 -0.000216809 -0.000779292 0.000216832 1 0.0581026 0.0745316 -0.0941597
FixedParameters: 0 0 0

#Transform 144
Transform: AffineTransform_float_3_3
Parameters: 1 -0.000777848 0.000773344 0.000777974 1 -3.88683e-05 -0.00077318 3.91726e-05 1 0.0633822 0.0673529 -0.0953288
FixedParameters: 0 0 0

#Transform 145
Transform: AffineTransform_float_3_3
Parameters: 1 -0.0007135 0.000864058 0.000714244 1 -0.000696027 -0.0008638 0.000696275 0.999999 0.066616 0.0614287 -0.063295
FixedParameters: 0 0 0

#Transform 146
Transform: AffineTransform_float_3_3
Parameters: 0.999999 -0.000655195 0.00105799 0.000655235 1 1.22957e-05 -0.0010579 -1.1808e-05 0.999999 0.0442257 0.0598377 -0.085249
FixedParameters: 0 0 0

#Transform 147
Transform: AffineTransform_float_3_3
Parameters: 1 -0.00056731 0.000739638 0.000566022 0.999999 0.000975327 -0.00074061 -0.000975812 0.999999 0.0545216 0.0364892 -0.0490252
FixedParameters: 0 0 0

#Transform 148
Transform: AffineTransform_float_3_3
Parameters: 1 -0.000805209 0.000638418 0.000804239 0.999999 0.00148165 -0.000639043 -0.00148135 0.999999 0.0563177 0.0158385 -0.0456454
FixedParameters: 0 0 0

#Transform 149
Transform: AffineTransform_float_3_3
Parameters: 1 -0.000736639 0.000659512 0.000734674 0.999998 0.0017405 -0.000661256 -0.00173945 0.999999 0.046667 0.0371041 -0.0555145
FixedParameters: 0 0 0

#Transform 150
Transform: AffineTransform_float_3_3
Parameters: 1 -0.000813042 0.000807164 0.000811431 0.999998 0.00137829 -0.000808532 -0.00137732 0.999999 0.057252 0.00839576 -0.0446525
FixedParameters: 0 0 0

#Transform 151
Transform: AffineTransform_float_3_3
Parameters: 0.999999 -0.000934422 0.000736597 0.000933289 0.999999 0.00139434 -0.000737441 -0.00139369 0.999999 0.0548947 0.0394223 -0.0843117
FixedParameters: 0 0 0

#Transform 152
Transform: AffineTransform_float_3_3
Parameters: 1 -0.0007358 0.000693684 0.000735273 0.999999 0.00135498 -0.00069537 -0.00135391 0.999999 0.054275 0.0295908 -0.0710502
FixedParameters: 0 0 0

#Transform 153
Transform: AffineTransform_float_3_3
Parameters: 1 -0.00100538 0.000507353 0.00100513 0.999998 0.00127494 -0.000508236 -0.00127374 0.999999 0.0759909 0.020505 -0.0735503
FixedParameters: 0 0 0

#Transform 154
Transform: AffineTransform_float_3_3
Parameters: 1 -0.000940026 0.00072635 0.000938404 0.999999 0.00138939 -0.00072804 -0.00138884 0.999999 0.0589215 0.041284 -0.0855469
FixedParameters: 0 0 0

#Transform 155
Transform: AffineTransform_float_3_3
Parameters: 0.999999 -0.00101649 0.00075781 0.00101544 0.999999 0.00103919 -0.00075908 -0.00103756 0.999999 0.0700979 0.0391405 -0.0727776
FixedParameters: 0 0 0

#Transform 156
Transform: AffineTransform_float_3_3
Parameters: 0.999999 -0.00109804 0.000918065 0.00109728 0.999998 0.00141638 -0.000919917 -0.00141555 0.999999 0.0620303 0.0456438 -0.087964
FixedParameters: 0 0 0

#Transform 157
Transform: AffineTransform_float_3_3
Parameters: 0.999999 -0.00106052 0.000877501 0.00105946 0.999998 0.00160157 -0.000879669 -0.00160047 0.999998 0.0691625 0.00827068 -0.0583249
FixedParameters: 0 0 0

#Transform 158
Transform: AffineTransform_float_3_3
Parameters: 0.999999 -0.00110679 0.000883085 0.00110506 0.999998 0.00186395 -0.000886004 -0.00186276 0.999998 0.0576514 0.0164914 -0.0753353
FixedParameters: 0 0 0

#Transform 159
Transform: AffineTransform_float_3_3
Parameters: 1 -0.000896791 0.000731982 0.000895766 0.999999 0.00110203 -0.000733014 -0.00110153 0.999999 0.0748194 0.00603261 -0.0522342
FixedParameters: 0 0 0

#Transform 160
Transform: AffineTransform_float_3_3
Parameters: 0.999998 -0.00122799 0.00097633 0.00122559 0.999998 0.0016835 -0.000978591 -0.00168315 0.999998 0.0626628 0.0387545 -0.09248
FixedParameters: 0 0 0

#Transform 161
Transform: AffineTransform_float_3_3
Parameters: 0.999999 -0.0011656 0.000917278 0.00116429 0.999998 0.00189847 -0.000919627 -0.00189744 0.999998 0.0616068 0.0271675 -0.0863695
FixedParameters: 0 0 0

#Transform 162
Transform: AffineTransform_float_3_3
Parameters: 0.999999 -0.00109512 0.000592718 0.00109427 0.999999 0.00115775 -0.000594412 -0.00115636 0.999999 0.083226 0.0244541 -0.0665623
FixedParameters: 0 0 0

#Transform 163
Transform: AffineTransform_float_3_3
Parameters: 0.999998 -0.00132131 0.000788307 0.00131937 0.999997 0.00202625 -0.000791079 -0.00202481 0.999998 0.072519 0.0338524 -0.104238
FixedParameters: 0 0 0

#Transform 164
Transform: AffineTransform_float_3_3
Parameters: 0.999999 -0.00127459 0.000750478 0.00127354 0.999997 0.00165823 -0.000752102 -0.00165695 0.999998 0.0872856 0.0121329 -0.0784033
FixedParameters: 0 0 0

#Transform 165
Transform: AffineTransform_float_3_3
Parameters: 0.999998 -0.00136732 0.000694387 0.00136538 0.999997 0.00220512 -0.000697756 -0.00220476 0.999997 0.0855741 0.024604 -0.102996
FixedParameters: 0 0 0

#Transform 166
Transform: AffineTransform_float_3_3
Parameters: 0.999999 -0.00134277 0.000576762 0.00134229 0.999997 0.00166726 -0.000578638 -0.00166635 0.999998 0.10032 0.00638291 -0.087682
FixedParameters: 0 0 0

#Transform 167
Transform: AffineTransform_float_3_3
Parameters: 0.999999 -0.00119923 0.000710213 0.0011978 0.999998 0.00188948 -0.000712165 -0.00188842 0.999998 0.0824254 0.0261103 -0.0947411
FixedParameters: 0 0 0

#Transform 168
Transform: AffineTransform_float_3_3
Parameters: 0.999999 -0.00120073 0.000680898 0.00119985 0.999997 0.00217201 -0.000684069 -0.00217106 0.999997 0.0888058 0.0105488 -0.0931139
FixedParameters: 0 0 0

#Transform 169
Transform: AffineTransform_float_3_3
Parameters: 0.999999 -0.00131919 0.000570994 0.00131826 0.999997 0.00161817 -0.000573501 -0.00161739 0.999998 0.105292 0.0192643 -0.0805431
FixedParameters: 0 0 0

#Transform 170
Transform: AffineTransform_float_3_3
Parameters: 0.999998 -0.00140762 0.000633643 0.00140652 0.999997 0.00217458 -0.000636266 -0.00217425 0.999997 0.0868648 0.0321449 -0.114835
FixedParameters: 0 0 0

#Transform 171
Transform: AffineTransform_float_3_3
Parameters: 1 -0.000558071 0.000469443 0.00055828 1 -0.000982891 -0.000469209 0.000983326 1 0.0790121 0.0786858 -0.0605188
FixedParameters: 0 0 0

#Transform 172
Transform: AffineTransform_float_3_3
Parameters: 1 -0.000508967 0.000257685 0.000509305 1 -0.00102708 -0.000256662 0.00102734 1 0.10141 0.0226468 -0.0104977
FixedParameters: 0 0 0

#Transform 173
Transform: AffineTransform_float_3_3
Parameters: 0.999999 -0.000622079 0.000642384 0.000622441 1 -0.000281125 -0.000642034 0.000281924 1 0.0863339 0.100558 -0.10792
FixedParameters: 0 0 0

#Transform 174
Transform: AffineTransform_float_3_3
Parameters: 1 -0.000991817 0.000537507 0.000991471 1 0.000382981 -0.000538163 -0.000382813 1 0.0857005 0.092008 -0.129903
FixedParameters: 0 0 0

#Transform 175
Transform: AffineTransform_float_3_3
Parameters: 1 -0.000974145 0.00054099 0.000974201 1 8.31981e-06 -0.000540903 -8.16458e-06 1 0.0937729 0.0789806 -0.116121
FixedParameters: 0 0 0

#Transform 176
Transform: AffineTransform_float_3_3
Parameters: 1 -0.00101392 0.000468121 0.00101382 1 0.000174544 -0.000468372 -0.000174493 1 0.108431 0.0665165 -0.129289
FixedParameters: 0 0 0

#Transform 177
Transform: AffineTransform_float_3_3
Parameters: 1 -0.000968452 0.000588381 0.000968226 1 0.000246969 -0.000588755 -0.000246728 1 0.0973341 0.0761231 -0.13293
FixedParameters: 0 0 0

#Transform 178
Transform: AffineTransform_float_3_3
Parameters: 1 -0.000890089 0.000364461 0.000890577 1 -0.00058057 -0.000363324 0.000580319 1 0.116511 0.0529216 -0.0857466
FixedParameters: 0 0 0

#Transform 179
Transform: AffineTransform_float_3_3
Parameters: 0.999999 -0.000774576 0.000368578 0.000774439 1 6.26534e-05 -0.000368705 -6.1657e-05 0.999999 0.0943622 0.0743391 -0.115838
FixedParameters: 0 0 0

#Transform 180
Transform: AffineTransform_float_3_3
Parameters: 1 -0.000397842 0.000278724 0.000397273 0.999998 0.00161707 -0.000279193 -0.00161676 0.999998 0.0804616 0.0506367 -0.0850549
FixedParameters: 0 0 0

#Transform 181
Transform: AffineTransform_float_3_3
Parameters: 0.999999 -0.000829143 0.000100862 0.000829201 0.999999 0.00135387 -0.000102291 -0.00135361 0.999999 0.10396 0.0188735 -0.0606547
FixedParameters: 0 0 0

#Transform 182
Transform: AffineTransform_float_3_3
Parameters: 0.999999 -0.000866232 4.1836e-05 0.00086572 0.999999 0.000963289 -4.20513e-05 -0.000963988 0.999999 0.107784 0.0666532 -0.098414
FixedParameters: 0 0 0

#Transform 183
Transform: AffineTransform_float_3_3
Parameters: 1 -0.00102558 0.000215552 0.00102452 0.999999 0.00145232 -0.000217076 -0.00145265 0.999999 0.104925 0.0773827 -0.124292
FixedParameters: 0 0 0

#Transform 184
Transform: AffineTransform_float_3_3
Parameters: 0.999999 -0.0013255 0.000288227 0.00132513 0.999998 0.00132137 -0.00029081 -0.00132142 0.999999 0.111183 0.0685343 -0.118766
FixedParameters: 0 0 0

#Transform 185
Transform: AffineTransform_float_3_3
Parameters: 0.999998 -0.00156538 0.000160445 0.00156578 0.999999 0.000319726 -0.000160533 -0.00031961 1 0.126317 0.06092 -0.122407
FixedParameters: 0 0 0

#Transform 186
Transform: AffineTransform_float_3_3
Parameters: 0.999999 -0.001769 0.000107395 0.00176897 0.999998 0.0010495 -0.000108821 -0.00104937 1 0.12795 0.0531926 -0.122987
FixedParameters: 0 0 0

#Transform 187
Transform: AffineTransform_float_3_3
Parameters: 0.999998 -0.00157908 0.00040277 0.00157945 0.999998 0.00133567 -0.000404388 -0.00133503 0.999999 0.117282 0.0547365 -0.120852
FixedParameters: 0 0 0

#Transform 188
Transform: AffineTransform_float_3_3
Parameters: 0.999999 -0.00164576 0.000362927 0.00164468 0.999998 0.00102379 -0.000364848 -0.00102294 1 0.124873 0.0410248 -0.10931
FixedParameters: 0 0 0

#Transform 189
Transform: AffineTransform_float_3_3
Parameters: 0.999998 -0.00157488 0.000398997 0.00157457 0.999998 0.00142639 -0.000401759 -0.00142543 0.999999 0.12142 0.0553674 -0.126172
FixedParameters: 0 0 0
