#Insight Transform File V1.0
#Transform 0
Transform: AffineTransform_float_3_3
Parameters: 0.999999 -0.000884 3.38721e-06 0.000883573 0.999999 -0.00077966 -2.91139e-06 0.000778858 1 0.00223113 -0.00414952 0.00430221
FixedParameters: 0 0 0

#Transform 1
Transform: AffineTransform_float_3_3
Parameters: 0.999999 -0.000759144 0.000660481 0.000759086 0.999999 -0.000951553 -0.000659509 0.000951126 0.999999 -0.0160017 0.0161497 0.00870745
FixedParameters: 0 0 0

#Transform 2
Transform: AffineTransform_float_3_3
Parameters: 1 -0.00048665 0.000928604 0.000488297 1 -0.000880275 -0.000927761 0.000880577 1 -0.0224277 0.0240395 0.00308208
FixedParameters: 0 0 0

#Transform 3
Transform: AffineTransform_float_3_3
Parameters: 0.999999 -0.00048586 0.000929232 0.000487261 1 -0.000746862 -0.000928512 0.000746969 0.999999 -0.0192971 0.0160693 0.00487532
FixedParameters: 0 0 0

#Transform 4
Transform: AffineTransform_float_3_3
Parameters: 0.999999 -0.000746994 0.000365969 0.000747616 1 -0.000833619 -0.00036473 0.000833368 0.999999 -0.00795543 0.025953 -0.00384878
FixedParameters: 0 0 0

#Transform 5
Transform: AffineTransform_float_3_3
Parameters: 0.999999 -0.000670085 0.000614401 0.000670739 1 -0.000883682 -0.000614117 0.000883698 0.999999 -0.0135984 0.0217238 0.0058197
FixedParameters: 0 0 0

#Transform 6
Transform: AffineTransform_float_3_3
Parameters: 0.999999 -0.000397956 0.00089519 0.000397488 1 0.000510855 -0.000894702 -0.000510132 0.999999 -0.0222207 -0.0161273 0.0148016
FixedParameters: 0 0 0

#Transform 7
Transform: AffineTransform_float_3_3
Parameters: 0.999999 -0.000833169 3.32718e-05 0.000833166 1 -0.000142279 -3.3019e-05 0.000142937 1 -0.00896856 0.00866193 0.0366458
FixedParameters: 0 0 0

#Transform 8
Transform: AffineTransform_float_3_3
Parameters: 1 -0.00024227 0.000585704 0.000243136 0.999999 -0.000739222 -0.000585346 0.000739506 0.999999 -0.0126239 0.0126048 0.0216506
FixedParameters: 0 0 0

#Transform 9
Transform: AffineTransform_float_3_3
Parameters: 1 0.000272441 0.000556339 -0.000272214 1 -0.000203878 -0.00055645 0.000203575 1 -0.0152339 -0.00170247 0.0395895
FixedParameters: 0 0 0

#Transform 10
Transform: AffineTransform_float_3_3
Parameters: 1 0.000304161 0.000235214 -0.0003041 1 -0.000128906 -0.000235292 0.000128763 1 -0.00649186 -0.0069261 0.053708
FixedParameters: 0 0 0

#Transform 11
Transform: AffineTransform_float_3_3
Parameters: 1 -0.000272803 0.000627918 0.000273092 1 0.000124665 -0.000627091 -0.000124312 1 -0.0200135 -0.0115048 0.0526656
FixedParameters: 0 0 0

#Transform 12
Transform: AffineTransform_float_3_3
Parameters: 0.999999 -0.000329273 0.000857009 0.000329296 1 -1.27745e-05 -0.000857001 1.33389e-05 0.999999 -0.0259666 0.033228 0.0187843
FixedParameters: 0 0 0

#Transform 13
Transform: AffineTransform_float_3_3
Parameters: 0.999999 -0.000300333 0.000836196 0.00030082 1 -0.000828596 -0.000835293 0.000829081 1 -0.0249286 0.0307978 0.00721961
FixedParameters: 0 0 0

#Transform 14
Transform: AffineTransform_float_3_3
Parameters: 0.999999 -0.000324796 0.000849358 0.000326008 0.999999 -0.000705814 -0.000848914 0.000705763 0.999999 -0.0253758 0.0297201 0.00346475
FixedParameters: 0 0 0

#Transform 15
Transform: AffineTransform_float_3_3
Parameters: 0.999999 -0.000106705 0.000741006 0.000107711 1 -0.000678784 -0.000740861 0.000678943 0.999999 -0.0214594 0.0247661 0.00630849
FixedParameters: 0 0 0

#Transform 16
Transform: AffineTransform_float_3_3
Parameters: 1 0.000263599 0.000556892 -0.000262872 1 -0.000652781 -0.000557235 0.000652487 0.999999 -0.02083 -0.0101035 0.0312182
FixedParameters: 0 0 0

#Transform 17
Transform: AffineTransform_float_3_3
Parameters: 0.999999 0.000537018 0.000722381 -0.000537807 1 0.00023785 -0.00072302 -0.000238637 0.999999 -0.0184433 -0.0331461 0.0246526
FixedParameters: 0 0 0

#Transform 18
Transform: AffineTransform_float_3_3
Parameters: 1 0.000491055 0.000427842 -0.000491018 1 -4.35246e-05 -0.000427884 4.31045e-05 1 -0.0108223 -0.00667603 0.0446681
FixedParameters: 0 0 0

#Transform 19
Transform: AffineTransform_float_3_3
Parameters: 0.999999 -0.000239792 0.00080926 0.000240938 0.999999 -0.000707877 -0.000808919 0.000708266 0.999999 -0.0274463 0.0212646 0.0203451
FixedParameters: 0 0 0

#Transform 20
Transform: AffineTransform_float_3_3
Parameters: 1 -0.000216215 0.000629597 0.000216267 0.999999 -0.00075271 -0.000628827 0.000752965 0.999999 -0.0190564 0.0109588 0.0180004
FixedParameters: 0 0 0

#Transform 21
Transform: AffineTransform_float_3_3
Parameters: 1 0.000456511 0.000159724 -0.000456279 0.999999 -0.000725225 -0.000160386 0.000725079 0.999999 -0.0104042 0.0343152 0.0188851
FixedParameters: 0 0 0

#Transform 22
Transform: AffineTransform_float_3_3
Parameters: 1 0.000291913 0.000215688 -0.00029164 1 -0.000630779 -0.000216056 0.000630653 1 -0.0101584 0.0216699 0.0263326
FixedParameters: 0 0 0

#Transform 23
Transform: AffineTransform_float_3_3
Parameters: 1 -0.0001177 0.000590026 0.000116746 0.999999 0.000818689 -0.000590234 -0.000819154 0.999999 -0.0174629 -0.00232069 0.00604553
FixedParameters: 0 0 0

#Transform 24
Transform: AffineTransform_float_3_3
Parameters: 1 -0.000545006 -0.00016901 0.000544998 1 1.54973e-05 0.000169008 -1.50779e-05 1 -0.00457013 0.000833064 0.0446723
FixedParameters: 0 0 0

#Transform 25
Transform: AffineTransform_float_3_3
Parameters: 1 0.000398723 0.000237893 -0.000398752 1 5.91975e-05 -0.000237846 -5.93872e-05 1 -0.00614276 0.00113492 0.052403
FixedParameters: 0 0 0

#Transform 26
Transform: AffineTransform_float_3_3
Parameters: 1 0.000479312 0.000372434 -0.000480302 0.999999 0.000731806 -0.000372626 -0.000732174 0.999999 -0.00891202 -0.000735129 0.016151
FixedParameters: 0 0 0

#Transform 27
Transform: AffineTransform_float_3_3
Parameters: 1 0.000612898 0.00014016 -0.000612873 1 -9.03065e-05 -0.00014027 9.01347e-05 1 -0.00245886 0.00361594 0.0503619
FixedParameters: 0 0 0

#Transform 28
Transform: AffineTransform_float_3_3
Parameters: 1 0.000462604 -0.000523907 -0.00046264 1 -3.39141e-05 0.000523876 3.43988e-05 1 0.0155262 0.0385833 0.0362832
FixedParameters: 0 0 0

#Transform 29
Transform: AffineTransform_float_3_3
Parameters: 1 0.000550831 -0.000344481 -0.000550777 1 7.85382e-05 0.000344568 -7.81587e-05 1 0.0109762 0.0354625 0.0356265
FixedParameters: 0 0 0

#Transform 30
Transform: AffineTransform_float_3_3
Parameters: 1 0.000389407 -0.000154955 -0.000389463 1 -0.000181094 0.000154814 0.000181215 1 0.00453923 0.00404659 0.0597123
FixedParameters: 0 0 0

#Transform 31
Transform: AffineTransform_float_3_3
Parameters: 0.999999 0.000724582 -0.000288959 -0.000724603 0.999999 -3.59021e-05 0.000288906 3.63208e-05 1 0.01007 0.0271979 0.0409674
FixedParameters: 0 0 0

#Transform 32
Transform: AffineTransform_float_3_3
Parameters: 1 0.000442522 -0.000322335 -0.0004425 1 3.47081e-05 0.000322366 -3.44228e-05 1 0.00996808 0.0376625 0.0303479
FixedParameters: 0 0 0

#Transform 33
Transform: AffineTransform_float_3_3
Parameters: 1 0.00047049 -0.000150171 -0.000470902 1 0.000110333 0.00014938 -0.000110203 1 0.00479774 0.00226195 0.0563371
FixedParameters: 0 0 0

#Transform 34
Transform: AffineTransform_float_3_3
Parameters: 1 0.00057762 -0.000299292 -0.000577545 1 0.000125056 0.000299437 -0.00012471 1 0.00978513 0.0387836 0.0355848
FixedParameters: 0 0 0

#Transform 35
Transform: AffineTransform_float_3_3
Parameters: 0.999999 0.000725414 -0.000452003 -0.000725097 1 0.000827734 0.000452302 -0.000827886 0.999999 0.00281044 0.00595502 0.0260358
FixedParameters: 0 0 0

#Transform 36
Transform: AffineTransform_float_3_3
Parameters: 0.999999 0.000713836 -0.000444995 -0.000713411 0.999999 0.000960997 0.000445465 -0.000961169 0.999999 -0.00143364 0.00372489 0.0211862
FixedParameters: 0 0 0

#Transform 37
Transform: AffineTransform_float_3_3
Parameters: 0.999999 0.000528346 -0.000634534 -0.000529255 0.999999 -0.00107534 0.000634236 0.00107542 1 0.000552552 0.0663618 -0.000805729
FixedParameters: 0 0 0

#Transform 38
Transform: AffineTransform_float_3_3
Parameters: 1 0.000745152 -0.0007124 -0.000745207 0.999999 -4.06299e-05 0.000712379 4.16917e-05 0.999999 0.00618078 0.0381878 0.0266392
FixedParameters: 0 0 0

#Transform 39
Transform: AffineTransform_float_3_3
Parameters: 1 0.000798585 -0.000807089 -0.000798636 1 -4.21382e-05 0.000807055 4.26303e-05 1 0.0108171 0.0259748 0.0526885
FixedParameters: 0 0 0

#Transform 40
Transform: AffineTransform_float_3_3
Parameters: 0.999999 0.000959801 -0.000803755 -0.000960623 1 -0.000521377 0.000802787 0.000522122 0.999999 0.00983947 0.0265862 0.0177838
FixedParameters: 0 0 0

#Transform 41
Transform: AffineTransform_float_3_3
Parameters: 0.999999 0.000991127 -0.000933135 -0.000991434 1 -0.000172974 0.000932824 0.000174027 0.999999 0.013297 0.0272471 0.0352543
FixedParameters: 0 0 0

#Transform 42
Transform: AffineTransform_float_3_3
Parameters: 1 0.00085604 -0.000763616 -0.000856001 1 1.47848e-05 0.000763674 -1.42744e-05 1 0.0078258 0.0145981 0.0369969
FixedParameters: 0 0 0

#Transform 43
Transform: AffineTransform_float_3_3
Parameters: 0.999999 0.000977866 -0.000825427 -0.000978022 0.999999 -0.000112451 0.000825226 0.000112664 1 0.0103005 0.0281315 0.0281458
FixedParameters: 0 0 0

#Transform 44
Transform: AffineTransform_float_3_3
Parameters: 1 0.000996485 -0.000711363 -0.000996561 1 -6.49436e-05 0.000711267 6.55644e-05 1 0.00982476 0.0201355 0.0400382
FixedParameters: 0 0 0

#Transform 45
Transform: AffineTransform_float_3_3
Parameters: 1 0.000871528 -0.000772446 -0.000871667 1 -0.000100548 0.000772304 0.000101097 1 0.00816274 0.0262724 0.0379303
FixedParameters: 0 0 0

#Transform 46
Transform: AffineTransform_float_3_3
Parameters: 0.999999 0.000993374 -0.00106384 -0.000993263 1 4.4966e-05 0.00106396 -4.36494e-05 0.999999 0.0168115 0.0281741 0.0350113
FixedParameters: 0 0 0

#Transform 47
Transform: AffineTransform_float_3_3
Parameters: 0.999998 0.000841867 -0.00139063 -0.000841546 1 0.000593359 0.00139116 -0.000591649 0.999999 0.0217975 0.00527692 0.00922263
FixedParameters: 0 0 0

#Transform 48
Transform: AffineTransform_float_3_3
Parameters: 0.999998 0.000786122 -0.00154116 -0.00078664 0.999999 -0.000466701 0.00153995 0.000467934 0.999999 0.0265046 0.0543733 0.00187221
FixedParameters: 0 0 0

#Transform 49
Transform: AffineTransform_float_3_3
Parameters: 0.999999 0.000906755 -0.00153727 -0.000907106 0.999999 -0.000554166 0.00153674 0.000556378 0.999999 0.0230908 0.0444045 0.0146808
FixedParameters: 0 0 0

#Transform 50
Transform: AffineTransform_float_3_3
Parameters: 0.999999 0.000696226 -0.00134228 -0.000697189 0.999999 -0.00102817 0.00134218 0.00102947 0.999999 0.0160363 0.0535549 -0.00724181
FixedParameters: 0 0 0

#Transform 51
Transform: AffineTransform_float_3_3
Parameters: 0.999999 0.000681495 -0.00141092 -0.000683307 0.999999 -0.000803922 0.0014107 0.000805254 0.999999 0.016125 0.0474188 -0.00803671
FixedParameters: 0 0 0

#Transform 52
Transform: AffineTransform_float_3_3
Parameters: 0.999999 0.000920519 -0.00152909 -0.000922271 0.999999 -0.000722475 0.00152868 0.000724699 0.999999 0.024669 0.0337601 -0.00267773
FixedParameters: 0 0 0

#Transform 53
Transform: AffineTransform_float_3_3
Parameters: 0.999998 0.000967604 -0.00143822 -0.000969415 0.999999 -0.000793126 0.00143754 0.000794714 0.999999 0.0194752 0.0317971 -0.00907975
FixedParameters: 0 0 0

#Transform 54
Transform: AffineTransform_float_3_3
Parameters: 0.999999 0.00115665 -0.00136771 -0.00115733 0.999999 -0.000755031 0.00136641 0.000756218 1 0.0202617 0.0281477 -0.0101166
FixedParameters: 0 0 0

#Transform 55
Transform: AffineTransform_float_3_3
Parameters: 0.999998 0.00105355 -0.001316 -0.00105407 0.999999 -0.00071925 0.00131495 0.000720649 0.999998 0.0141379 0.0290468 -0.00862972
FixedParameters: 0 0 0

#Transform 56
Transform: AffineTransform_float_3_3
Parameters: 0.999999 0.000910787 -0.00124766 -0.000911898 0.999999 -0.000987169 0.00124629 0.000988866 0.999999 0.0128898 0.0389519 -0.00137334
FixedParameters: 0 0 0

#Transform 57
Transform: AffineTransform_float_3_3
Parameters: 0.999999 0.0012208 -0.00127636 -0.00122125 0.999999 -0.000718804 0.00127511 0.00071975 0.999999 0.0132726 0.0372293 0.00471446
FixedParameters: 0 0 0

#Transform 58
Transform: AffineTransform_float_3_3
Parameters: 0.999999 0.00138679 -0.00113791 -0.00138772 0.999999 -0.000622131 0.00113714 0.000623703 0.999999 0.00833162 0.0341159 0.0106928
FixedParameters: 0 0 0

#Transform 59
Transform: AffineTransform_float_3_3
Parameters: 0.999999 0.00127946 -0.00125571 -0.0012806 0.999999 -0.000651914 0.00125499 0.000652941 0.999999 0.0151799 0.0242212 -0.00080027
FixedParameters: 0 0 0

#Transform 60
Transform: AffineTransform_float_3_3
Parameters: 0.999998 0.00126088 -0.00110059 -0.0012617 0.999998 -0.00058711 0.00110002 0.000588496 0.999999 0.00214869 0.0290843 0.0132759
FixedParameters: 0 0 0

#Transform 61
Transform: AffineTransform_float_3_3
Parameters: 0.999999 0.00120772 -0.00129615 -0.00120885 1 -0.000455527 0.0012951 0.00045646 0.999999 0.0136346 0.023043 0.02256
FixedParameters: 0 0 0

#Transform 62
Transform: AffineTransform_float_3_3
Parameters: 0.999998 0.00129656 -0.00105038 -0.00129802 0.999999 -0.00092386 0.00104885 0.000925193 1 0.00925028 0.0316977 0.0182997
FixedParameters: 0 0 0

#Transform 63
Transform: AffineTransform_float_3_3
Parameters: 0.999998 0.00115071 -0.00114092 -0.00115103 0.999999 -0.000931068 0.0011401 0.000932331 0.999999 0.0117378 0.0373 -0.00217904
FixedParameters: 0 0 0

#Transform 64
Transform: AffineTransform_float_3_3
Parameters: 0.999999 0.00119352 -0.000991461 -0.00119448 0.999999 -0.000948456 0.000991012 0.00094925 0.999999 0.00686303 0.0367458 0.0117347
FixedParameters: 0 0 0

#Transform 65
Transform: AffineTransform_float_3_3
Parameters: 0.999998 0.00113109 -0.00119602 -0.00113145 0.999999 -0.000723674 0.00119485 0.000725006 0.999999 0.0109185 0.031948 0.0235501
FixedParameters: 0 0 0

#Transform 66
Transform: AffineTransform_float_3_3
Parameters: 0.999998 0.00114925 -0.00128144 -0.00114956 0.999999 -0.000655035 0.0012804 0.000656607 0.999999 0.0130368 0.0294797 0.0258429
FixedParameters: 0 0 0

#Transform 67
Transform: AffineTransform_float_3_3
Parameters: 0.999998 0.00109982 -0.00167739 -0.00110009 1 -0.000493021 0.00167675 0.000494734 0.999999 0.0359862 0.0156544 0.00905868
FixedParameters: 0 0 0

#Transform 68
Transform: AffineTransform_float_3_3
Parameters: 0.999997 0.00131787 -0.00166308 -0.00131807 0.999999 -0.000603284 0.00166285 0.000606306 0.999998 0.027991 0.0287929 0.00400841
FixedParameters: 0 0 0

#Transform 69
Transform: AffineTransform_float_3_3
Parameters: 0.999999 0.00114363 -0.00136188 -0.00114539 0.999999 -0.000818013 0.00136092 0.000819739 0.999999 0.00891398 0.0426049 0.0169748
FixedParameters: 0 0 0

#Transform 70
Transform: AffineTransform_float_3_3
Parameters: 0.999999 0.00116069 -0.00136213 -0.00116073 0.999999 -2.91612e-05 0.00136212 3.09228e-05 0.999999 0.017928 0.0195146 0.0298695
FixedParameters: 0 0 0

#Transform 71
Transform: AffineTransform_float_3_3
Parameters: 0.999999 0.00119662 -0.00138514 -0.00119668 1 -0.000521333 0.00138439 0.000522478 0.999999 0.0194256 0.0160903 0.00803266
FixedParameters: 0 0 0

#Transform 72
Transform: AffineTransform_float_3_3
Parameters: 0.999998 0.00108514 -0.00167154 -0.00108587 0.999999 -0.000631779 0.00167062 0.00063343 0.999999 0.0286457 0.0275998 0.0131409
FixedParameters: 0 0 0

#Transform 73
Transform: AffineTransform_float_3_3
Parameters: 0.999998 0.00105317 -0.00131815 -0.00105519 0.999999 -0.000944313 0.00131703 0.000945701 0.999999 0.0138112 0.033476 0.00702412
FixedParameters: 0 0 0

#Transform 74
Transform: AffineTransform_float_3_3
Parameters: 0.999998 0.00129362 -0.00143284 -0.00129356 0.999999 -0.000466962 0.00143211 0.000467895 0.999999 0.0162071 0.0213416 0.00439452
FixedParameters: 0 0 0

#Transform 75
Transform: AffineTransform_float_3_3
Parameters: 0.999999 0.000778757 -0.00158423 -0.000779072 1 0.000319349 0.0015843 -0.000317513 0.999999 0.0368482 0.044445 0.0352854
FixedParameters: 0 0 0

#Transform 76
Transform: AffineTransform_float_3_3
Parameters: 0.999997 0.000692458 -0.0020924 -0.00069086 0.999999 0.000700246 0.00209289 -0.000697789 0.999998 0.0527571 -0.0475052 0.037018
FixedParameters: 0 0 0

#Transform 77
Transform: AffineTransform_float_3_3
Parameters: 0.999998 0.000908452 -0.00190255 -0.000907078 1 0.000702636 0.00190338 -0.000701213 0.999998 0.0480443 -0.0473928 0.0247569
FixedParameters: 0 0 0

#Transform 78
Transform: AffineTransform_float_3_3
Parameters: 0.999997 0.0008371 -0.00204133 -0.000835978 1 0.00059283 0.00204187 -0.000591446 0.999997 0.0529928 -0.00429668 0.0100701
FixedParameters: 0 0 0

#Transform 79
Transform: AffineTransform_float_3_3
Parameters: 0.999997 0.0010522 -0.00192752 -0.00105236 0.999999 -0.000403029 0.00192711 0.000404505 0.999999 0.0482756 0.0239577 0.0132642
FixedParameters: 0 0 0

#Transform 80
Transform: AffineTransform_float_3_3
Parameters: 0.999997 0.00104539 -0.00186738 -0.00104717 0.999999 -0.00084618 0.00186606 0.00084811 0.999998 0.0433696 0.0422228 -0.0054962
FixedParameters: 0 0 0

#Transform 81
Transform: AffineTransform_float_3_3
Parameters: 0.999996 0.00065336 -0.00252677 -0.000653116 1 0.000220684 0.0025275 -0.000218414 0.999997 0.0654658 0.0469375 0.0291899
FixedParameters: 0 0 0

#Transform 82
Transform: AffineTransform_float_3_3
Parameters: 0.999997 0.000233986 -0.0027145 -0.000231522 1 0.00102504 0.00271542 -0.00102486 0.999996 0.081646 -0.00762685 0.0632206
FixedParameters: 0 0 0

#Transform 83
Transform: AffineTransform_float_3_3
Parameters: 0.999996 0.000579911 -0.00279484 -0.000578357 1 0.000671031 0.00279559 -0.000669456 0.999996 0.082697 0.0021798 0.0230787
FixedParameters: 0 0 0

#Transform 84
Transform: AffineTransform_float_3_3
Parameters: 0.999997 0.000758104 -0.00253887 -0.000756283 1 0.00061451 0.00253938 -0.000612503 0.999996 0.0706746 -0.00128025 0.0275142
FixedParameters: 0 0 0

#Transform 85
Transform: AffineTransform_float_3_3
Parameters: 0.999996 0.00061469 -0.00249285 -0.000613559 1 0.000667087 0.00249366 -0.000665881 0.999997 0.0740856 -0.0130692 0.042749
FixedParameters: 0 0 0

#Transform 86
Transform: AffineTransform_float_3_3
Parameters: 0.999997 0.000731789 -0.00241295 -0.000730447 1 0.000733084 0.00241401 -0.000731411 0.999997 0.0722064 -0.002412 0.0521257
FixedParameters: 0 0 0

#Transform 87
Transform: AffineTransform_float_3_3
Parameters: 0.999997 0.000735796 -0.00241309 -0.000733589 0.999999 0.000909254 0.0024144 -0.000908167 0.999997 0.0723284 -0.0289914 0.0475641
FixedParameters: 0 0 0

#Transform 88
Transform: AffineTransform_float_3_3
Parameters: 0.999997 0.000664408 -0.00256302 -0.000662498 0.999999 0.000797377 0.00256409 -0.000796436 0.999996 0.0766334 -0.026755 0.029899
FixedParameters: 0 0 0

#Transform 89
Transform: AffineTransform_float_3_3
Parameters: 0.999997 0.000668627 -0.00238265 -0.0006678 1 0.000634211 0.00238348 -0.000632882 0.999997 0.071464 -0.00989197 0.0371961
FixedParameters: 0 0 0

#Transform 90
Transform: AffineTransform_float_3_3
Parameters: 0.999997 0.000669843 -0.00245829 -0.000667617 1 0.000717164 0.0024588 -0.000715715 0.999997 0.0668541 -0.0111831 0.039418
FixedParameters: 0 0 0

#Transform 91
Transform: AffineTransform_float_3_3
Parameters: 0.999997 0.000668129 -0.00238263 -0.000667407 1 0.000612214 0.00238343 -0.000610888 0.999997 0.0713254 -0.00775001 0.0280432
FixedParameters: 0 0 0

#Transform 92
Transform: AffineTransform_float_3_3
Parameters: 0.999997 0.000699244 -0.00233177 -0.000697392 1 0.000867761 0.00233297 -0.000866359 0.999997 0.0663648 -0.00584962 0.0170467
FixedParameters: 0 0 0

#Transform 93
Transform: AffineTransform_float_3_3
Parameters: 0.999996 0.000863372 -0.00241324 -0.000862548 1 0.000440681 0.00241354 -0.000438354 0.999997 0.073899 0.000706944 0.0161608
FixedParameters: 0 0 0

#Transform 94
Transform: AffineTransform_float_3_3
Parameters: 0.999996 0.000874901 -0.00248659 -0.000873774 0.999999 0.00048564 0.00248696 -0.000483733 0.999997 0.0763811 0.00392829 0.0101412
FixedParameters: 0 0 0

#Transform 95
Transform: AffineTransform_float_3_3
Parameters: 0.999996 0.000907857 -0.00250219 -0.000906363 0.999999 0.000556062 0.00250273 -0.000553965 0.999997 0.0665628 0.00386748 0.00862668
FixedParameters: 0 0 0

#Transform 96
Transform: AffineTransform_float_3_3
Parameters: 0.999996 0.000820366 -0.0024582 -0.000818672 1 0.000609459 0.00245874 -0.000607269 0.999997 0.0659245 -0.00201237 0.0105529
FixedParameters: 0 0 0

#Transform 97
Transform: AffineTransform_float_3_3
Parameters: 0.999997 0.000729 -0.0024112 -0.000727491 1 0.000768143 0.0024123 -0.000766487 0.999997 0.0639965 -0.0146409 0.0139551
FixedParameters: 0 0 0

#Transform 98
Transform: AffineTransform_float_3_3
Parameters: 0.999996 0.000820957 -0.00245822 -0.00082003 1 0.000635439 0.00245925 -0.000633261 0.999997 0.0639309 -0.0170343 0.01757
FixedParameters: 0 0 0

#Transform 99
Transform: AffineTransform_float_3_3
Parameters: 0.999996 0.00078216 -0.00250219 -0.000780089 1 0.000674124 0.00250279 -0.000672053 0.999996 0.0649764 -0.0203675 0.0187121
FixedParameters: 0 0 0

#Transform 100
Transform: AffineTransform_float_3_3
Parameters: 0.999997 0.000969614 -0.00253497 -0.000968646 0.999999 0.000356908 0.00253613 -0.000354426 0.999997 0.0725767 0.00294696 0.0208919
FixedParameters: 0 0 0

#Transform 101
Transform: AffineTransform_float_3_3
Parameters: 0.999996 0.000976219 -0.00258579 -0.000975692 0.999999 9.17154e-05 0.00258598 -8.90825e-05 0.999997 0.0683764 0.00467718 0.0216921
FixedParameters: 0 0 0

#Transform 102
Transform: AffineTransform_float_3_3
Parameters: 0.999996 0.000942526 -0.00264949 -0.000941814 0.999999 0.00029331 0.00265051 -0.000290748 0.999996 0.0703389 0.000325844 0.0331315
FixedParameters: 0 0 0

#Transform 103
Transform: AffineTransform_float_3_3
Parameters: 0.999996 0.000886149 -0.00263466 -0.000884134 0.999999 0.000626386 0.00263533 -0.000624164 0.999996 0.0701407 -0.0103032 0.0241593
FixedParameters: 0 0 0

#Transform 104
Transform: AffineTransform_float_3_3
Parameters: 0.999996 0.000903236 -0.00265561 -0.000901293 0.999999 0.000608068 0.00265628 -0.000605718 0.999996 0.0709069 -0.0111014 0.0213776
FixedParameters: 0 0 0

#Transform 105
Transform: AffineTransform_float_3_3
Parameters: 0.999996 0.000852846 -0.00269605 -0.000852659 1 2.48079e-05 0.00269611 -2.26242e-05 0.999996 0.071985 0.00839111 0.0328917
FixedParameters: 0 0 0

#Transform 106
Transform: AffineTransform_float_3_3
Parameters: 0.999996 0.000745491 -0.00265365 -0.000743966 1 0.0003608 0.00265331 -0.000359272 0.999996 0.0701335 0.00488931 0.0313766
FixedParameters: 0 0 0

#Transform 107
Transform: AffineTransform_float_3_3
Parameters: 0.999997 0.000998921 -0.00246021 -0.000998454 0.999999 0.000356417 0.00246049 -0.000353946 0.999997 0.0737397 0.00611908 0.0303622
FixedParameters: 0 0 0

#Transform 108
Transform: AffineTransform_float_3_3
Parameters: 0.999996 0.000979032 -0.00271159 -0.000977491 0.999999 0.000356659 0.00271141 -0.000353779 0.999996 0.0826102 -0.00892881 0.0124101
FixedParameters: 0 0 0

#Transform 109
Transform: AffineTransform_float_3_3
Parameters: 0.999996 0.000966759 -0.00273651 -0.000966309 0.999999 7.27988e-05 0.00273666 -6.99233e-05 0.999996 0.0758991 -0.00382133 0.00639328
FixedParameters: 0 0 0

#Transform 110
Transform: AffineTransform_float_3_3
Parameters: 0.999996 0.000839172 -0.00246754 -0.000837468 1 0.000609119 0.0024681 -0.00060682 0.999997 0.0683627 -0.0133823 0.00927269
FixedParameters: 0 0 0

#Transform 111
Transform: AffineTransform_float_3_3
Parameters: 0.999996 0.000854146 -0.00247426 -0.000852088 0.999999 0.000676063 0.00247494 -0.000674283 0.999997 0.0685413 -0.0269654 0.0149119
FixedParameters: 0 0 0

#Transform 112
Transform: AffineTransform_float_3_3
Parameters: 0.999996 0.00104461 -0.00265596 -0.00104401 0.999999 0.000355518 0.00265627 -0.000352413 0.999996 0.0735113 -0.0118219 0.0163961
FixedParameters: 0 0 0

#Transform 113
Transform: AffineTransform_float_3_3
Parameters: 0.999996 0.0012359 -0.00273287 -0.00123404 0.999999 0.000572789 0.00273388 -0.000569277 0.999996 0.0743886 -0.0154136 0.0182417
FixedParameters: 0 0 0

#Transform 114
Transform: AffineTransform_float_3_3
Parameters: 0.999995 0.00128322 -0.00295726 -0.00128183 0.999999 0.000675115 0.00295813 -0.0006714 0.999995 0.0809143 -0.0095075 0.00696347
FixedParameters: 0 0 0

#Transform 115
Transform: AffineTransform_float_3_3
Parameters: 0.999994 0.00114009 -0.00308069 -0.0011382 0.999999 0.000659951 0.00308219 -0.000655994 0.999995 0.0763721 -0.00407104 0.0295986
FixedParameters: 0 0 0

#Transform 116
Transform: AffineTransform_float_3_3
Parameters: 0.999994 0.00119506 -0.00306483 -0.00119445 0.999999 0.000525168 0.00306517 -0.000521522 0.999996 0.0789935 0.0022031 0.0306851
FixedParameters: 0 0 0

#Transform 117
Transform: AffineTransform_float_3_3
Parameters: 0.999994 0.00114108 -0.00307969 -0.00113991 0.999999 0.000395081 0.00308013 -0.000391706 0.999996 0.076111 0.00934496 0.0385143
FixedParameters: 0 0 0

#Transform 118
Transform: AffineTransform_float_3_3
Parameters: 0.999995 0.001071 -0.00293275 -0.00106969 0.999999 0.000437759 0.00293327 -0.000435324 0.999995 0.0718065 0.00962127 0.0398673
FixedParameters: 0 0 0

#Transform 119
Transform: AffineTransform_float_3_3
Parameters: 0.999995 0.00111675 -0.00298546 -0.00111473 0.999999 0.000553375 0.00298624 -0.000549759 0.999996 0.0775847 0.00366017 0.0442008
FixedParameters: 0 0 0

#Transform 120
Transform: AffineTransform_float_3_3
Parameters: 0.999995 0.00116985 -0.00291608 -0.00116766 0.999999 0.000827328 0.00291713 -0.00082298 0.999995 0.0777705 -0.0089667 0.0247383
FixedParameters: 0 0 0

#Transform 121
Transform: AffineTransform_float_3_3
Parameters: 0.999996 0.00109309 -0.00285768 -0.00109144 0.999999 0.000745262 0.00285846 -0.000742285 0.999995 0.0701052 -0.00671951 0.0248021
FixedParameters: 0 0 0

#Transform 122
Transform: AffineTransform_float_3_3
Parameters: 0.999996 0.00129601 -0.00276361 -0.00129425 0.999999 0.000789959 0.00276479 -0.00078667 0.999996 0.0734583 -0.0151486 0.0215156
FixedParameters: 0 0 0

#Transform 123
Transform: AffineTransform_float_3_3
Parameters: 0.999996 0.00121707 -0.00281981 -0.00121433 0.999998 0.000947364 0.00282125 -0.000944376 0.999995 0.069553 -0.017288 0.0261509
FixedParameters: 0 0 0

#Transform 124
Transform: AffineTransform_float_3_3
Parameters: 0.999995 0.00133326 -0.00286371 -0.00133072 0.999998 0.000975331 0.00286454 -0.000971582 0.999995 0.0713932 -0.0108105 0.0222957
FixedParameters: 0 0 0

#Transform 125
Transform: AffineTransform_float_3_3
Parameters: 0.999996 0.00127202 -0.00275973 -0.00126917 0.999998 0.00107024 0.0027607 -0.00106651 0.999995 0.0681608 -0.0165768 0.0232244
FixedParameters: 0 0 0

#Transform 126
Transform: AffineTransform_float_3_3
Parameters: 0.999996 0.00133813 -0.00271031 -0.00133512 0.999998 0.00103429 0.00271221 -0.00103091 0.999996 0.0705588 -0.0202372 0.0223988
FixedParameters: 0 0 0

#Transform 127
Transform: AffineTransform_float_3_3
Parameters: 0.999995 0.00127652 -0.00294307 -0.00127399 0.999999 0.000947296 0.00294368 -0.00094367 0.999996 0.078643 -0.0181453 0.0269783
FixedParameters: 0 0 0

#Transform 128
Transform: AffineTransform_float_3_3
Parameters: 0.999995 0.00135578 -0.00288688 -0.00135361 0.999999 0.00090052 0.00288755 -0.000897376 0.999995 0.0755176 -0.0171048 0.0331412
FixedParameters: 0 0 0

#Transform 129
Transform: AffineTransform_float_3_3
Parameters: 0.999995 0.00135217 -0.00287971 -0.00135025 0.999998 0.00078496 0.00288096 -0.000781047 0.999995 0.0771282 -0.0137247 0.0199226
FixedParameters: 0 0 0

#Transform 130
Transform: AffineTransform_float_3_3
Parameters: 0.999994 0.00138332 -0.00296144 -0.00138115 0.999999 0.000650194 0.00296191 -0.00064726 0.999996 0.0744251 -0.00992806 0.0152538
FixedParameters: 0 0 0

#Transform 131
Transform: AffineTransform_float_3_3
Parameters: 0.999995 0.00128498 -0.00284059 -0.00128245 0.999998 0.000902165 0.00284204 -0.00089874 0.999995 0.0704611 -0.013108 0.0242346
FixedParameters: 0 0 0

#Transform 132
Transform: AffineTransform_float_3_3
Parameters: 0.999996 0.00125838 -0.00280224 -0.00125562 0.999998 0.00095665 0.00280378 -0.000953474 0.999995 0.073762 -0.0120062 0.0255788
FixedParameters: 0 0 0

#Transform 133
Transform: AffineTransform_float_3_3
Parameters: 0.999995 0.00128947 -0.00284505 -0.00128648 0.999998 0.000902093 0.00284517 -0.000898628 0.999995 0.0738919 -0.00682019 0.0274919
FixedParameters: 0 0 0

#Transform 134
Transform: AffineTransform_float_3_3
Parameters: 0.999995 0.00140329 -0.00292112 -0.0014012 0.999998 0.000650051 0.00292163 -0.000645711 0.999995 0.0793693 -0.00962405 0.0180167
FixedParameters: 0 0 0

#Transform 135
Transform: AffineTransform_float_3_3
Parameters: 0.999994 0.00128595 -0.00300021 -0.00128375 0.999999 0.000652667 0.00300052 -0.000648617 0.999996 0.0778663 -0.00714253 0.0165077
FixedParameters: 0 0 0

#Transform 136
Transform: AffineTransform_float_3_3
Parameters: 0.999994 0.00124489 -0.00302277 -0.00124204 0.999998 0.000903417 0.0030241 -0.000899576 0.999995 0.0753949 -0.0173064 0.0195956
FixedParameters: 0 0 0

#Transform 137
Transform: AffineTransform_float_3_3
Parameters: 0.999995 0.00121637 -0.0028928 -0.00121217 0.999998 0.00117781 0.00289476 -0.00117386 0.999995 0.0767738 -0.0315345 0.0137945
FixedParameters: 0 0 0

#Transform 138
Transform: AffineTransform_float_3_3
Parameters: 0.999995 0.00131642 -0.00282133 -0.00131314 0.999999 0.00112447 0.0028225 -0.00112033 0.999996 0.0704947 -0.0380908 0.00590447
FixedParameters: 0 0 0

#Transform 139
Transform: AffineTransform_float_3_3
Parameters: 0.999995 0.00126832 -0.00296413 -0.00126547 0.999998 0.000996042 0.00296484 -0.000992218 0.999996 0.0786709 -0.0291173 0.0197158
FixedParameters: 0 0 0

#Transform 140
Transform: AffineTransform_float_3_3
Parameters: 0.999994 0.00119755 -0.00304363 -0.00119387 0.999999 0.00132571 0.00304455 -0.00132234 0.999994 0.0797139 -0.0264611 0.0323539
FixedParameters: 0 0 0

#Transform 141
Transform: AffineTransform_float_3_3
Parameters: 0.999994 0.00133673 -0.00300905 -0.00133429 0.999999 0.000911236 0.00300968 -0.000907079 0.999995 0.079892 -0.0237531 0.0188047
FixedParameters: 0 0 0

#Transform 142
Transform: AffineTransform_float_3_3
Parameters: 0.999994 0.00125955 -0.00306341 -0.00125657 0.999999 0.00091296 0.0030648 -0.000908324 0.999995 0.076512 -0.022615 0.0252297
FixedParameters: 0 0 0

#Transform 143
Transform: AffineTransform_float_3_3
Parameters: 0.999995 0.00123971 -0.00292755 -0.00123646 0.999998 0.00100236 0.00292913 -0.000998179 0.999995 0.0772439 -0.0250355 0.0385982
FixedParameters: 0 0 0

#Transform 144
Transform: AffineTransform_float_3_3
Parameters: 0.999994 0.00129538 -0.00302978 -0.00129317 0.999999 0.00101496 0.00303105 -0.00101101 0.999995 0.080337 -0.0294347 0.0406589
FixedParameters: 0 0 0

#Transform 145
Transform: AffineTransform_float_3_3
Parameters: 0.999995 0.00106805 -0.00292229 -0.00106512 0.999999 0.000949319 0.00292341 -0.000946158 0.999996 0.0746968 -0.0154769 0.0349643
FixedParameters: 0 0 0

#Transform 146
Transform: AffineTransform_float_3_3
Parameters: 0.999995 0.00119839 -0.0030122 -0.00119553 0.999999 0.000983035 0.00301276 -0.000978908 0.999995 0.078904 -0.0180955 0.039569
FixedParameters: 0 0 0

#Transform 147
Transform: AffineTransform_float_3_3
Parameters: 0.999995 0.0013503 -0.00291418 -0.00134802 0.999998 0.00091121 0.00291486 -0.000907831 0.999995 0.0768388 -0.0111927 0.033039
FixedParameters: 0 0 0

#Transform 148
Transform: AffineTransform_float_3_3
Parameters: 0.999995 0.00134775 -0.00292317 -0.00134454 0.999999 0.000993283 0.00292493 -0.000989886 0.999996 0.0729628 -0.00452046 0.0286694
FixedParameters: 0 0 0

#Transform 149
Transform: AffineTransform_float_3_3
Parameters: 0.999994 0.00138962 -0.00318193 -0.00138666 0.999999 0.000872504 0.00318347 -0.000868142 0.999995 0.0805153 -0.00900757 0.0189147
FixedParameters: 0 0 0

#Transform 150
Transform: AffineTransform_float_3_3
Parameters: 0.999994 0.00128461 -0.0030441 -0.00128198 0.999999 0.00085732 0.00304537 -0.00085398 0.999996 0.0760801 -0.0164708 0.0248761
FixedParameters: 0 0 0

#Transform 151
Transform: AffineTransform_float_3_3
Parameters: 0.999994 0.00126072 -0.00309336 -0.00125787 0.999999 0.000881528 0.00309468 -0.000877606 0.999995 0.0772601 -0.0136181 0.0286662
FixedParameters: 0 0 0

#Transform 152
Transform: AffineTransform_float_3_3
Parameters: 0.999994 0.00131707 -0.00298498 -0.00131464 0.999999 0.000992591 0.00298713 -0.000988621 0.999995 0.0748179 -0.0188328 0.0167297
FixedParameters: 0 0 0

#Transform 153
Transform: AffineTransform_float_3_3
Parameters: 0.999994 0.00131606 -0.00313793 -0.00131256 0.999999 0.0010418 0.0031389 -0.00103804 0.999995 0.0789923 -0.0221502 0.0179113
FixedParameters: 0 0 0

#Transform 154
Transform: AffineTransform_float_3_3
Parameters: 0.999994 0.00137713 -0.00322714 -0.00137412 0.999999 0.000867711 0.00322864 -0.000863305 0.999994 0.0868933 -0.0216868 0.030633
FixedParameters: 0 0 0

#Transform 155
Transform: AffineTransform_float_3_3
Parameters: 0.999994 0.00125175 -0.00301822 -0.00124958 0.999999 0.000718261 0.00301999 -0.000714377 0.999996 0.0756165 -0.0184036 0.00880638
FixedParameters: 0 0 0

#Transform 156
Transform: AffineTransform_float_3_3
Parameters: 0.999996 0.00119641 -0.00283675 -0.00119421 0.999999 0.000612461 0.00283781 -0.000608917 0.999995 0.0705456 -0.00129014 0.000562229
FixedParameters: 0 0 0

#Transform 157
Transform: AffineTransform_float_3_3
Parameters: 0.999995 0.00135314 -0.00291601 -0.00135083 0.999999 0.00107299 0.00291755 -0.001069 0.999996 0.0664442 0.00502234 0.0132994
FixedParameters: 0 0 0

#Transform 158
Transform: AffineTransform_float_3_3
Parameters: 0.999995 0.00125263 -0.00295247 -0.00125084 0.999999 0.000746062 0.00295344 -0.000741743 0.999996 0.074106 -0.00415205 -0.00462469
FixedParameters: 0 0 0

#Transform 159
Transform: AffineTransform_float_3_3
Parameters: 0.999994 0.00127796 -0.00304673 -0.00127674 0.999999 0.000630576 0.00304744 -0.000625865 0.999995 0.0768101 -0.0040738 -0.00496633
FixedParameters: 0 0 0

#Transform 160
Transform: AffineTransform_float_3_3
Parameters: 0.999995 0.00125089 -0.00298139 -0.00125047 0.999999 0.000281593 0.00298168 -0.000277978 0.999995 0.0750671 -0.00657226 -0.011394
FixedParameters: 0 0 0

#Transform 161
Transform: AffineTransform_float_3_3
Parameters: 0.999995 0.00112587 -0.00293395 -0.00112481 0.999999 0.000469809 0.0029337 -0.000467059 0.999995 0.0730729 -0.0173464 -0.0094581
FixedParameters: 0 0 0

#Transform 162
Transform: AffineTransform_float_3_3
Parameters: 0.999995 0.00124513 -0.00286706 -0.00124248 0.999999 0.000761634 0.00286766 -0.000757751 0.999995 0.0719252 -0.0177114 -0.0150125
FixedParameters: 0 0 0

#Transform 163
Transform: AffineTransform_float_3_3
Parameters: 0.999995 0.00131746 -0.00288653 -0.00131438 0.999998 0.000830589 0.00288741 -0.000826844 0.999995 0.0753507 -0.0174788 -0.0233789
FixedParameters: 0 0 0

#Transform 164
Transform: AffineTransform_float_3_3
Parameters: 0.999994 0.00142733 -0.00296755 -0.00142581 0.999999 0.000464393 0.00296843 -0.000461169 0.999996 0.0758555 -0.00934703 -0.0317399
FixedParameters: 0 0 0

#Transform 165
Transform: AffineTransform_float_3_3
Parameters: 0.999995 0.00134397 -0.00290605 -0.00134252 0.999999 0.000466043 0.00290689 -0.000462077 0.999996 0.0659791 -0.00356121 -0.0235536
FixedParameters: 0 0 0

#Transform 166
Transform: AffineTransform_float_3_3
Parameters: 0.999995 0.00130389 -0.00280608 -0.0013018 0.999998 0.000834825 0.00280739 -0.000831382 0.999996 0.0625893 -0.0116505 -0.0149056
FixedParameters: 0 0 0

#Transform 167
Transform: AffineTransform_float_3_3
Parameters: 0.999996 0.00114409 -0.00275825 -0.00114227 0.999999 0.000719608 0.00275992 -0.00071716 0.999996 0.062257 -0.00551639 -0.0270273
FixedParameters: 0 0 0

#Transform 168
Transform: AffineTransform_float_3_3
Parameters: 0.999995 0.00123194 -0.00296765 -0.00123041 0.999999 0.000468169 0.00296837 -0.000465308 0.999996 0.0710673 -0.00637923 -0.0155742
FixedParameters: 0 0 0

#Transform 169
Transform: AffineTransform_float_3_3
Parameters: 0.999995 0.0011925 -0.00293913 -0.001191 0.999999 0.000468661 0.00293983 -0.000465498 0.999995 0.0682461 -0.00635491 -0.0101617
FixedParameters: 0 0 0

#Transform 170
Transform: AffineTransform_float_3_3
Parameters: 0.999995 0.0012232 -0.00291003 -0.00122119 0.999999 0.000639172 0.00291028 -0.000635912 0.999995 0.0673715 -0.00365796 -0.00722737
FixedParameters: 0 0 0

#Transform 171
Transform: AffineTransform_float_3_3
Parameters: 0.999994 0.00129484 -0.0030127 -0.00129366 0.999999 0.00062949 0.00301341 -0.000625368 0.999996 0.0727405 -0.00482816 -0.00571493
FixedParameters: 0 0 0

#Transform 172
Transform: AffineTransform_float_3_3
Parameters: 0.999994 0.0010965 -0.0030802 -0.00109613 1 0.000267616 0.00308033 -0.000263908 0.999995 0.0723208 -0.00397841 -0.000276702
FixedParameters: 0 0 0

#Transform 173
Transform: AffineTransform_float_3_3
Parameters: 0.999996 0.00109877 -0.00283788 -0.00109736 0.999999 0.000470323 0.0028385 -0.000467933 0.999996 0.074534 -0.00660069 -0.00999099
FixedParameters: 0 0 0

#Transform 174
Transform: AffineTransform_float_3_3
Parameters: 0.999996 0.00119924 -0.00277778 -0.00119729 0.999999 0.000820456 0.00277889 -0.000817065 0.999995 0.0721486 -0.0123371 -0.0180614
FixedParameters: 0 0 0

#Transform 175
Transform: AffineTransform_float_3_3
Parameters: 0.999995 0.00117705 -0.00270188 -0.0011746 0.999999 0.000935896 0.00270319 -0.000932808 0.999996 0.0613563 -0.0110251 -0.0213517
FixedParameters: 0 0 0

#Transform 176
Transform: AffineTransform_float_3_3
Parameters: 0.999995 0.00137965 -0.00285056 -0.00137803 0.999999 0.000816088 0.00285104 -0.000812905 0.999996 0.0680874 -0.00614342 -0.0259409
FixedParameters: 0 0 0

#Transform 177
Transform: AffineTransform_float_3_3
Parameters: 0.999995 0.00138144 -0.00284069 -0.00138016 0.999998 0.00068243 0.00284171 -0.000678455 0.999996 0.0729292 -0.00487982 -0.0217814
FixedParameters: 0 0 0

#Transform 178
Transform: AffineTransform_float_3_3
Parameters: 0.999995 0.00139642 -0.00281203 -0.001395 0.999998 0.00071518 0.00281316 -0.0007112 0.999996 0.0717504 -0.00651668 -0.0107673
FixedParameters: 0 0 0

#Transform 179
Transform: AffineTransform_float_3_3
Parameters: 0.999995 0.00135642 -0.00288097 -0.001355 0.999999 0.00046583 0.00288182 -0.00046186 0.999996 0.0728814 -0.00843019 -0.00942466
FixedParameters: 0 0 0

#Transform 180
Transform: AffineTransform_float_3_3
Parameters: 0.999995 0.00135327 -0.00289443 -0.00135229 0.999999 0.000617898 0.00289523 -0.000613936 0.999995 0.0705252 -0.00618308 0.0027855
FixedParameters: 0 0 0

#Transform 181
Transform: AffineTransform_float_3_3
Parameters: 0.999995 0.00138569 -0.0028416 -0.00138371 0.999999 0.000885803 0.0028423 -0.000882007 0.999995 0.0731079 -0.0249737 0.0014627
FixedParameters: 0 0 0

#Transform 182
Transform: AffineTransform_float_3_3
Parameters: 0.999995 0.00138664 -0.00283174 -0.00138519 0.999998 0.000715349 0.00283285 -0.000711369 0.999996 0.0705857 -0.0131685 0.00887386
FixedParameters: 0 0 0

#Transform 183
Transform: AffineTransform_float_3_3
Parameters: 0.999994 0.00154108 -0.00288225 -0.00153967 0.999999 0.000462224 0.00288325 -0.000457983 0.999996 0.0694425 -0.0115751 -0.00809086
FixedParameters: 0 0 0

#Transform 184
Transform: AffineTransform_float_3_3
Parameters: 0.999994 0.00154742 -0.00291175 -0.00154564 0.999999 0.000597141 0.00291227 -0.000592785 0.999996 0.0647734 -0.00181501 -0.0103315
FixedParameters: 0 0 0

#Transform 185
Transform: AffineTransform_float_3_3
Parameters: 0.999995 0.00139642 -0.00281203 -0.00139455 0.999998 0.000715188 0.00281405 -0.000711197 0.999996 0.0628294 -0.00924966 -0.0139341
FixedParameters: 0 0 0

#Transform 186
Transform: AffineTransform_float_3_3
Parameters: 0.999995 0.00145794 -0.00289232 -0.00145652 0.999998 0.000464066 0.00289325 -0.000459478 0.999996 0.070121 -0.00162101 -0.0185103
FixedParameters: 0 0 0

#Transform 187
Transform: AffineTransform_float_3_3
Parameters: 0.999995 0.0013597 -0.00287022 -0.0013588 0.999999 0.000376752 0.00287082 -0.000372792 0.999996 0.0659687 0.00578102 -0.0207561
FixedParameters: 0 0 0

#Transform 188
Transform: AffineTransform_float_3_3
Parameters: 0.999996 0.00147705 -0.00265437 -0.0014753 0.999998 0.000819801 0.00265592 -0.000815832 0.999996 0.0586674 -0.0081657 -0.0170309
FixedParameters: 0 0 0

#Transform 189
Transform: AffineTransform_float_3_3
Parameters: 0.999994 0.00150295 -0.00289445 -0.00150043 0.999998 0.000957979 0.00289556 -0.000953963 0.999995 0.0723386 -0.0162615 -0.0169939
FixedParameters: 0 0 0
