#Insight Transform File V1.0
#Transform 0
Transform: AffineTransform_float_3_3
Parameters: 1 5.12629e-05 8.70494e-06 -5.21237e-05 0.999997 -0.00250456 -8.64058e-06 0.00250454 0.999997 -0.00509351 0.0382123 0.0808561
FixedParameters: 0 0 0

#Transform 1
Transform: AffineTransform_float_3_3
Parameters: 1 9.32156e-05 0.000139802 -9.25961e-05 0.999998 -0.00224315 -0.00014034 0.00224312 0.999998 -0.00827886 0.0374169 0.0701874
FixedParameters: 0 0 0

#Transform 2
Transform: AffineTransform_float_3_3
Parameters: 1 0.000163307 0.000189356 -0.000162493 0.999997 -0.00216049 -0.000190141 0.00216043 0.999997 -0.00781512 0.0336772 0.0657819
FixedParameters: 0 0 0

#Transform 3
Transform: AffineTransform_float_3_3
Parameters: 1 0.000158701 0.000173173 -0.000158875 0.999998 -0.00210043 -0.000173476 0.00210035 0.999998 -0.00756848 0.0296033 0.0618413
FixedParameters: 0 0 0

#Transform 4
Transform: AffineTransform_float_3_3
Parameters: 1 -5.8289e-06 -0.000108681 5.37606e-06 0.999998 -0.00205647 0.000108623 0.00205647 0.999998 0.0059697 0.0275366 -0.00686121
FixedParameters: 0 0 0

#Transform 5
Transform: AffineTransform_float_3_3
Parameters: 0.999999 -0.000473064 -0.000696767 0.000472609 1 -0.000326861 0.000697076 0.000326202 0.999999 0.0293033 -0.0127014 0.0429267
FixedParameters: 0 0 0

#Transform 6
Transform: AffineTransform_float_3_3
Parameters: 1 -0.000403615 -0.000372523 0.000402438 0.999999 -0.000960349 0.000372368 0.000960835 1 0.0131317 0.0222784 0.0357654
FixedParameters: 0 0 0

#Transform 7
Transform: AffineTransform_float_3_3
Parameters: 1 -0.000246586 -0.000451341 0.000246548 1 -0.00103 0.000451364 0.00102979 1 0.0166176 0.0130173 0.0180533
FixedParameters: 0 0 0

#Transform 8
Transform: AffineTransform_float_3_3
Parameters: 1 -0.000397879 -0.000186432 0.000397422 0.999999 -0.00121455 0.000187358 0.0012144 0.999999 0.00317965 0.028855 0.0151787
FixedParameters: 0 0 0

#Transform 9
Transform: AffineTransform_float_3_3
Parameters: 1 -0.000482737 -0.000381773 0.000481808 0.999999 -0.000634122 0.00038149 0.000633744 0.999999 0.0133658 0.0137672 0.0386271
FixedParameters: 0 0 0

#Transform 10
Transform: AffineTransform_float_3_3
Parameters: 1 -0.000439324 -0.000119062 0.00043932 1 -1.7337e-05 0.000119078 1.72324e-05 1 0.00363084 -0.00504302 0.0561859
FixedParameters: 0 0 0

#Transform 11
Transform: AffineTransform_float_3_3
Parameters: 1 -0.00028225 -0.000197723 0.000282215 1 -8.86536e-05 0.000197773 8.8542e-05 1 0.0032839 -0.00815396 0.0472369
FixedParameters: 0 0 0

#Transform 12
Transform: AffineTransform_float_3_3
Parameters: 1 0.000220836 -0.00053095 -0.000221762 1 -0.000885736 0.000530551 0.000885174 0.999999 0.0152136 0.00849178 0.0269701
FixedParameters: 0 0 0

#Transform 13
Transform: AffineTransform_float_3_3
Parameters: 1 0.000417039 0.000516352 -0.000417696 0.999999 0.000636233 -0.000515821 -0.000636664 0.999999 -0.00810943 -0.0333465 0.0146723
FixedParameters: 0 0 0

#Transform 14
Transform: AffineTransform_float_3_3
Parameters: 1 0.000498552 0.000222915 -0.000498518 0.999999 0.000932321 -0.000223325 -0.000932536 0.999999 0.00269485 -0.0164637 -0.00772168
FixedParameters: 0 0 0

#Transform 15
Transform: AffineTransform_float_3_3
Parameters: 1 0.000446454 0.000363109 -0.000445536 0.999999 -0.000651781 -0.000362796 0.000651468 0.999999 -0.00379917 -0.000891435 0.00734544
FixedParameters: 0 0 0

#Transform 16
Transform: AffineTransform_float_3_3
Parameters: 1 0.000383621 0.000168783 -0.000383958 1 0.00099162 -0.000168062 -0.000991749 1 -0.00281611 -0.0190117 -0.0132468
FixedParameters: 0 0 0

#Transform 17
Transform: AffineTransform_float_3_3
Parameters: 1 0.000425072 0.000257631 -0.000425517 0.999999 0.000864839 -0.000256896 -0.000865058 0.999999 -0.00505851 -0.0127257 -0.014603
FixedParameters: 0 0 0

#Transform 18
Transform: AffineTransform_float_3_3
Parameters: 0.999999 0.000584584 0.000436032 -0.000585862 1 0.000952736 -0.000435852 -0.000953257 1 0.000207702 -0.0222697 0.00940087
FixedParameters: 0 0 0

#Transform 19
Transform: AffineTransform_float_3_3
Parameters: 1 0.000521768 0.000463945 -0.000522757 0.999999 0.000585989 -0.000464227 -0.000586484 0.999999 -0.0156722 -0.00708992 -0.0284324
FixedParameters: 0 0 0

#Transform 20
Transform: AffineTransform_float_3_3
Parameters: 0.999999 0.000613945 0.000418968 -0.000614952 0.999999 0.000671057 -0.000419038 -0.000671583 0.999999 -0.00880268 -0.00211639 -0.00996755
FixedParameters: 0 0 0

#Transform 21
Transform: AffineTransform_float_3_3
Parameters: 1 0.000460354 0.000326539 -0.000461402 1 0.000918189 -0.000326628 -0.0009185 1 -0.00672835 -0.0260104 -0.0203956
FixedParameters: 0 0 0

#Transform 22
Transform: AffineTransform_float_3_3
Parameters: 1 0.000526865 0.000463683 -0.000527215 0.999999 0.000844351 -0.000464166 -0.000844036 1 -0.0101784 -0.0129874 -0.0238315
FixedParameters: 0 0 0

#Transform 23
Transform: AffineTransform_float_3_3
Parameters: 0.999999 0.000635632 0.000402601 -0.000635671 1 4.84823e-05 -0.000402539 -4.89941e-05 1 -0.00410054 0.0013961 -0.0412194
FixedParameters: 0 0 0

#Transform 24
Transform: AffineTransform_float_3_3
Parameters: 1 0.000568337 0.000440827 -0.000568403 0.999999 0.000585022 -0.000441502 -0.000585516 0.999999 -0.0109353 -0.00590369 -0.0224333
FixedParameters: 0 0 0

#Transform 25
Transform: AffineTransform_float_3_3
Parameters: 1 0.000528907 0.000171239 -0.000529191 0.999999 0.000831622 -0.000170358 -0.000831802 0.999999 -0.00349913 -0.0126878 -0.0228913
FixedParameters: 0 0 0

#Transform 26
Transform: AffineTransform_float_3_3
Parameters: 1 -0.000257582 -0.000363932 0.000257306 0.999999 0.000850743 0.000363938 -0.000850948 0.999999 0.00776603 -0.00947473 -0.0184868
FixedParameters: 0 0 0

#Transform 27
Transform: AffineTransform_float_3_3
Parameters: 0.999999 -0.000334944 -0.000673383 0.000334933 1 -8.44873e-06 0.000673388 7.99764e-06 1 0.00822722 0.0210033 -0.0233812
FixedParameters: 0 0 0

#Transform 28
Transform: AffineTransform_float_3_3
Parameters: 1 -0.000366913 -0.000426753 0.000366977 1 7.46533e-05 0.000426698 -7.49664e-05 1 0.00926558 0.0164332 -0.0291107
FixedParameters: 0 0 0

#Transform 29
Transform: AffineTransform_float_3_3
Parameters: 1 -0.000296755 -0.00033828 0.000296472 0.999999 0.000929983 0.00033814 -0.000929405 1 0.00704096 -0.0163178 -0.0286434
FixedParameters: 0 0 0

#Transform 30
Transform: AffineTransform_float_3_3
Parameters: 1 8.06047e-05 -0.000656512 -8.00753e-05 0.999999 0.000742595 0.000655736 -0.0007425 0.999999 0.0171176 -0.023849 -0.00928997
FixedParameters: 0 0 0

#Transform 31
Transform: AffineTransform_float_3_3
Parameters: 1 -0.000218178 -0.000429457 0.000217992 1 -0.000217363 0.000429552 0.000217175 1 0.0145718 -0.00383144 0.042213
FixedParameters: 0 0 0

#Transform 32
Transform: AffineTransform_float_3_3
Parameters: 1 0.000328914 -0.000563974 -0.000329382 0.999999 -0.000809482 0.000564336 0.000809864 0.999999 0.0151358 0.0065785 0.0266594
FixedParameters: 0 0 0

#Transform 33
Transform: AffineTransform_float_3_3
Parameters: 1 0.000270391 -0.000524461 -0.00027018 1 -0.000652239 0.000523664 0.000652539 0.999999 0.013676 0.0288317 0.0257488
FixedParameters: 0 0 0

#Transform 34
Transform: AffineTransform_float_3_3
Parameters: 1 0.000260551 -0.000388592 -0.000260301 1 -0.000250799 0.000389356 0.000251012 1 0.00968058 -0.0011614 0.0405207
FixedParameters: 0 0 0

#Transform 35
Transform: AffineTransform_float_3_3
Parameters: 1 0.000452322 -0.000486309 -0.000452354 0.999999 -0.000504566 0.000486732 0.000504413 1 0.0135999 0.027571 0.0214839
FixedParameters: 0 0 0

#Transform 36
Transform: AffineTransform_float_3_3
Parameters: 1 0.000464184 -0.000488899 -0.000463884 1 -0.000147925 0.000489656 0.000148389 1 0.0134656 0.0172843 0.029513
FixedParameters: 0 0 0

#Transform 37
Transform: AffineTransform_float_3_3
Parameters: 1 0.000394844 -0.000455398 -0.000394616 0.999999 -0.000253342 0.000456077 0.000253109 1 0.0121356 0.004882 0.0376593
FixedParameters: 0 0 0

#Transform 38
Transform: AffineTransform_float_3_3
Parameters: 1 0.000565792 -0.000416363 -0.000565798 1 -6.84426e-06 0.000416355 7.31541e-06 1 0.0231204 -0.0067242 -0.0291388
FixedParameters: 0 0 0

#Transform 39
Transform: AffineTransform_float_3_3
Parameters: 1 0.000322415 -0.000577412 -0.000322895 0.999999 -0.000800368 0.00057779 0.000800751 0.999999 0.0158034 0.0239867 0.00895636
FixedParameters: 0 0 0

#Transform 40
Transform: AffineTransform_float_3_3
Parameters: 1 0.000319632 -0.000577256 -0.000320252 1 -0.000934741 0.000577546 0.000934324 0.999999 0.0156854 0.0300117 0.014286
FixedParameters: 0 0 0

#Transform 41
Transform: AffineTransform_float_3_3
Parameters: 0.999999 0.000375488 -0.000603332 -0.000375943 0.999999 -0.00074543 0.000603666 0.000745893 0.999999 0.00770896 0.0263598 0.0168071
FixedParameters: 0 0 0

#Transform 42
Transform: AffineTransform_float_3_3
Parameters: 0.999999 0.000512736 -0.000664701 -0.000512731 0.999999 -5.83638e-06 0.00066468 5.91435e-06 1 0.0185122 0.0132481 0.029388
FixedParameters: 0 0 0

#Transform 43
Transform: AffineTransform_float_3_3
Parameters: 1 0.000470762 -0.000313281 -0.000470765 1 -4.85379e-06 0.000313277 5.14875e-06 1 0.0183249 -0.00488927 0.0433887
FixedParameters: 0 0 0

#Transform 44
Transform: AffineTransform_float_3_3
Parameters: 0.999999 0.000597207 -0.000513045 -0.000597044 1 0.000159482 0.000513235 -0.000158869 1 0.0145599 0.0105202 0.0324996
FixedParameters: 0 0 0

#Transform 45
Transform: AffineTransform_float_3_3
Parameters: 0.999999 0.000407053 -0.00064129 -0.000405979 1 0.000825844 0.000641955 -0.000826119 0.999999 0.0182421 -0.0155889 -0.0137051
FixedParameters: 0 0 0

#Transform 46
Transform: AffineTransform_float_3_3
Parameters: 1 0.000280787 -0.000577852 -0.000279715 1 0.000915415 0.000578359 -0.000915888 0.999999 0.0157068 -0.0105704 -0.00332167
FixedParameters: 0 0 0

#Transform 47
Transform: AffineTransform_float_3_3
Parameters: 1 0.000523255 -0.000254375 -0.000522697 1 0.00110039 0.000255486 -0.00110012 1 0.014455 -0.00694664 -0.00200853
FixedParameters: 0 0 0

#Transform 48
Transform: AffineTransform_float_3_3
Parameters: 1 0.000201543 -0.000573743 -0.00020087 0.999999 0.000977979 0.000573193 -0.000977565 1 0.0152207 -0.016449 -0.00445213
FixedParameters: 0 0 0

#Transform 49
Transform: AffineTransform_float_3_3
Parameters: 0.999999 0.000305174 -0.000689692 -0.000304699 1 0.000995203 0.000690703 -0.0009948 1 0.0189257 -0.0270315 -0.00143558
FixedParameters: 0 0 0

#Transform 50
Transform: AffineTransform_float_3_3
Parameters: 1 0.000160479 -0.00067263 -0.000159254 0.999999 0.00124412 0.000672093 -0.00124391 0.999999 0.0175067 -0.0292217 0.00592762
FixedParameters: 0 0 0

#Transform 51
Transform: AffineTransform_float_3_3
Parameters: 1 5.95657e-05 -0.000639168 -5.8378e-05 0.999998 0.00164462 0.000639732 -0.00164376 0.999999 0.0286831 -0.0417061 0.000664197
FixedParameters: 0 0 0

#Transform 52
Transform: AffineTransform_float_3_3
Parameters: 1 7.95642e-05 -0.000488085 -7.75636e-05 0.999998 0.00205514 0.000488327 -0.00205507 0.999998 0.0275147 -0.0480072 0.00873241
FixedParameters: 0 0 0

#Transform 53
Transform: AffineTransform_float_3_3
Parameters: 0.999999 -6.62894e-06 -0.000762364 8.13268e-06 0.999997 0.00217484 0.000763107 -0.00217409 0.999998 0.0254394 -0.0526511 0.0151251
FixedParameters: 0 0 0

#Transform 54
Transform: AffineTransform_float_3_3
Parameters: 1 0.00022732 -0.000485352 -0.000226545 0.999998 0.00216983 0.0004858 -0.00217043 0.999997 0.0203477 -0.0526934 0.00622317
FixedParameters: 0 0 0

#Transform 55
Transform: AffineTransform_float_3_3
Parameters: 1 -0.000184542 -0.000449928 0.000184614 0.999998 0.00207539 0.00044997 -0.00207559 0.999998 0.0135269 -0.0478606 0.00834041
FixedParameters: 0 0 0

#Transform 56
Transform: AffineTransform_float_3_3
Parameters: 1 -7.86062e-06 -0.000588849 8.61007e-06 0.999997 0.00217511 0.000589589 -0.00217436 0.999998 0.0277009 -0.0510645 0.00855064
FixedParameters: 0 0 0

#Transform 57
Transform: AffineTransform_float_3_3
Parameters: 1 -9.27764e-06 -0.000556484 1.09893e-05 0.999997 0.00234985 0.000556759 -0.00234987 0.999997 0.0190431 -0.0559638 0.00753045
FixedParameters: 0 0 0

#Transform 58
Transform: AffineTransform_float_3_3
Parameters: 1 1.68656e-05 -0.000373178 -1.54809e-05 0.999997 0.00246663 0.000372242 -0.00246662 0.999997 0.0194013 -0.0533433 0.00087238
FixedParameters: 0 0 0

#Transform 59
Transform: AffineTransform_float_3_3
Parameters: 1 0.000120357 -0.000365534 -0.00011922 0.999997 0.00217251 0.000365078 -0.00217244 0.999997 0.0186701 -0.0513514 0.00770932
FixedParameters: 0 0 0

#Transform 60
Transform: AffineTransform_float_3_3
Parameters: 1 0.000140817 -0.000439236 -0.000139795 0.999998 0.00217161 0.000440202 -0.0021723 0.999997 0.0237438 -0.0536299 0.0038595
FixedParameters: 0 0 0

#Transform 61
Transform: AffineTransform_float_3_3
Parameters: 1 0.000104401 -0.000596388 -0.000102726 0.999997 0.00217291 0.000597168 -0.00217201 0.999998 0.0203122 -0.0573819 -0.00379387
FixedParameters: 0 0 0

#Transform 62
Transform: AffineTransform_float_3_3
Parameters: 1 0.000166191 -0.000481493 -0.000165522 0.999998 0.00209242 0.000481656 -0.00209229 0.999997 0.0212047 -0.056856 -0.0065581
FixedParameters: 0 0 0

#Transform 63
Transform: AffineTransform_float_3_3
Parameters: 1 0.000146666 -0.00046004 -0.000146136 0.999998 0.00203982 0.000460107 -0.00203972 0.999998 0.0156951 -0.052176 -0.000180671
FixedParameters: 0 0 0

#Transform 64
Transform: AffineTransform_float_3_3
Parameters: 1 0.000119807 -0.000542652 -0.000118813 0.999997 0.00217267 0.000542605 -0.00217177 0.999998 0.026868 -0.056011 -0.000975875
FixedParameters: 0 0 0

#Transform 65
Transform: AffineTransform_float_3_3
Parameters: 1 0.000124377 -0.000562759 -0.000123281 0.999998 0.00217216 0.000562726 -0.00217205 0.999998 0.0183688 -0.056333 0.00435468
FixedParameters: 0 0 0

#Transform 66
Transform: AffineTransform_float_3_3
Parameters: 1 4.58872e-05 -0.000668257 -4.47868e-05 0.999997 0.00250261 0.000668358 -0.00250259 0.999996 0.0226452 -0.0570843 0.0136298
FixedParameters: 0 0 0

#Transform 67
Transform: AffineTransform_float_3_3
Parameters: 1 0.000201384 -0.000533167 -0.000199752 0.999997 0.00237573 0.000534444 -0.00237553 0.999997 0.0274887 -0.0525554 0.0169551
FixedParameters: 0 0 0

#Transform 68
Transform: AffineTransform_float_3_3
Parameters: 1 8.14309e-05 -0.000684485 -7.94926e-05 0.999997 0.00240189 0.0006843 -0.0024018 0.999997 0.0208361 -0.0510153 0.0208769
FixedParameters: 0 0 0

#Transform 69
Transform: AffineTransform_float_3_3
Parameters: 1 9.26176e-05 -0.000567809 -9.20544e-05 0.999997 0.00247182 0.000568139 -0.00247176 0.999997 0.0229374 -0.0541086 0.0251352
FixedParameters: 0 0 0

#Transform 70
Transform: AffineTransform_float_3_3
Parameters: 1 9.44407e-05 -0.000532161 -9.39513e-05 0.999996 0.00256785 0.000532519 -0.0025678 0.999996 0.017699 -0.0585589 0.0224039
FixedParameters: 0 0 0

#Transform 71
Transform: AffineTransform_float_3_3
Parameters: 1 0.000108743 -0.000562908 -0.000107682 0.999997 0.00253853 0.000564225 -0.00253845 0.999996 0.0142094 -0.0600421 0.00964704
FixedParameters: 0 0 0

#Transform 72
Transform: AffineTransform_float_3_3
Parameters: 0.999999 0.000139507 -0.00077309 -0.000137265 0.999997 0.00231381 0.000773144 -0.00231423 0.999997 0.022477 -0.0524202 0.014213
FixedParameters: 0 0 0

#Transform 73
Transform: AffineTransform_float_3_3
Parameters: 1 0.000188443 -0.000531802 -0.000187331 0.999998 0.00231297 0.000532099 -0.00231279 0.999997 0.0222028 -0.052092 0.0145161
FixedParameters: 0 0 0

#Transform 74
Transform: AffineTransform_float_3_3
Parameters: 1 0.000151156 -0.000647251 -0.000148746 0.999996 0.00255761 0.000648341 -0.00255743 0.999996 0.0208334 -0.05442 0.0039467
FixedParameters: 0 0 0

#Transform 75
Transform: AffineTransform_float_3_3
Parameters: 1 9.98084e-05 -0.000617525 -9.80114e-05 0.999996 0.00254765 0.000617457 -0.00254755 0.999996 0.0186786 -0.0514015 0.0162949
FixedParameters: 0 0 0

#Transform 76
Transform: AffineTransform_float_3_3
Parameters: 0.999999 -5.59584e-05 -0.000762295 5.84075e-05 0.999995 0.00308359 0.000761735 -0.00308372 0.999995 0.0321118 -0.0868049 0.0265138
FixedParameters: 0 0 0

#Transform 77
Transform: AffineTransform_float_3_3
Parameters: 0.999999 8.66315e-07 -0.000699651 1.86215e-06 0.999995 0.00325102 0.000700301 -0.00325026 0.999995 0.0304974 -0.0706811 0.0244511
FixedParameters: 0 0 0

#Transform 78
Transform: AffineTransform_float_3_3
Parameters: 1 4.89223e-05 -0.000656429 -4.69061e-05 0.999994 0.00324973 0.000656533 -0.00324971 0.999994 0.0229392 -0.0673045 0.0251457
FixedParameters: 0 0 0

#Transform 79
Transform: AffineTransform_float_3_3
Parameters: 1 -9.40116e-06 -0.000559677 1.1517e-05 0.999994 0.00350407 0.000560251 -0.00350412 0.999993 0.0280737 -0.0704493 0.0256577
FixedParameters: 0 0 0

#Transform 80
Transform: AffineTransform_float_3_3
Parameters: 1 3.68639e-05 -0.000489484 -3.50654e-05 0.999993 0.0036843 0.000490355 -0.0036843 0.999993 0.0281447 -0.0838592 0.0200723
FixedParameters: 0 0 0

#Transform 81
Transform: AffineTransform_float_3_3
Parameters: 1 -0.00017639 -0.000361056 0.000178394 0.999994 0.00342369 0.000360938 -0.00342383 0.999994 0.0220116 -0.0759307 0.0208041
FixedParameters: 0 0 0

#Transform 82
Transform: AffineTransform_float_3_3
Parameters: 1 -1.54315e-05 -0.000349705 1.68522e-05 0.999995 0.00333648 0.000349799 -0.00333651 0.999995 0.0176151 -0.0790163 0.0112637
FixedParameters: 0 0 0

#Transform 83
Transform: AffineTransform_float_3_3
Parameters: 1 -3.84068e-05 -0.000273574 3.90893e-05 0.999993 0.00374212 0.00027255 -0.00374217 0.999993 0.0181458 -0.0831811 0.0284094
FixedParameters: 0 0 0

#Transform 84
Transform: AffineTransform_float_3_3
Parameters: 1 -0.000182 -0.000370142 0.00018295 0.999993 0.00373483 0.000369385 -0.003735 0.999993 0.0188084 -0.0879743 0.020391
FixedParameters: 0 0 0

#Transform 85
Transform: AffineTransform_float_3_3
Parameters: 1 -6.8969e-05 -0.000568845 7.09092e-05 0.999993 0.00369127 0.00056804 -0.00369139 0.999993 0.0301425 -0.0942252 0.0118257
FixedParameters: 0 0 0

#Transform 86
Transform: AffineTransform_float_3_3
Parameters: 1 -0.000256123 -0.000469057 0.000257631 0.999993 0.00353909 0.000467885 -0.00353937 0.999993 0.021299 -0.079132 0.0202934
FixedParameters: 0 0 0

#Transform 87
Transform: AffineTransform_float_3_3
Parameters: 1 -0.00011402 -0.000590512 0.000116068 0.999994 0.00364811 0.000589384 -0.00364829 0.999993 0.0308953 -0.0873565 0.0158659
FixedParameters: 0 0 0

#Transform 88
Transform: AffineTransform_float_3_3
Parameters: 1 -0.000284911 -0.000541183 0.00028715 0.999993 0.00374759 0.000539645 -0.00374793 0.999993 0.0271189 -0.0870277 0.0151408
FixedParameters: 0 0 0

#Transform 89
Transform: AffineTransform_float_3_3
Parameters: 1 -0.000240552 -0.000547956 0.000242774 0.999993 0.00368469 0.000546781 -0.00368499 0.999993 0.025517 -0.0869466 0.0124416
FixedParameters: 0 0 0

#Transform 90
Transform: AffineTransform_float_3_3
Parameters: 1 -4.97418e-05 -0.000502157 5.1231e-05 0.999993 0.003732 0.000501492 -0.00373209 0.999993 0.0286094 -0.0875698 0.0308398
FixedParameters: 0 0 0

#Transform 91
Transform: AffineTransform_float_3_3
Parameters: 1 -0.000227888 -0.000417044 0.000229491 0.999993 0.00355663 0.000416959 -0.00355685 0.999993 0.0232167 -0.0783466 0.0227569
FixedParameters: 0 0 0

#Transform 92
Transform: AffineTransform_float_3_3
Parameters: 1 -5.50511e-05 -0.000514057 5.64955e-05 0.999994 0.00360206 0.000513367 -0.00360216 0.999994 0.0230309 -0.0792742 0.0244062
FixedParameters: 0 0 0

#Transform 93
Transform: AffineTransform_float_3_3
Parameters: 1 5.0654e-06 -0.000528788 -3.86689e-06 0.999994 0.00326177 0.00052861 -0.00326181 0.999994 0.0253471 -0.0604869 0.0281627
FixedParameters: 0 0 0

#Transform 94
Transform: AffineTransform_float_3_3
Parameters: 0.999999 -5.60591e-05 -0.00070975 5.88391e-05 0.999994 0.00321991 0.000710052 -0.00322063 0.999995 0.0345354 -0.0673778 0.0294297
FixedParameters: 0 0 0

#Transform 95
Transform: AffineTransform_float_3_3
Parameters: 1 3.73119e-05 -0.000489389 -3.6297e-05 0.999995 0.00333921 0.000489387 -0.00333922 0.999995 0.0274522 -0.0683364 0.0172249
FixedParameters: 0 0 0

#Transform 96
Transform: AffineTransform_float_3_3
Parameters: 1 3.90727e-05 -0.000446311 -3.75164e-05 0.999994 0.00326323 0.000445909 -0.00326323 0.999994 0.0148911 -0.0674182 0.0310815
FixedParameters: 0 0 0

#Transform 97
Transform: AffineTransform_float_3_3
Parameters: 1 -8.62803e-06 -0.0004605 1.07309e-05 0.999994 0.00328957 0.000460645 -0.0032888 0.999995 0.0166143 -0.0679232 0.0311194
FixedParameters: 0 0 0

#Transform 98
Transform: AffineTransform_float_3_3
Parameters: 1 -0.000103927 -0.000388657 0.000104706 0.999995 0.00332916 0.000388609 -0.00332928 0.999995 0.0191435 -0.0688281 0.0309168
FixedParameters: 0 0 0

#Transform 99
Transform: AffineTransform_float_3_3
Parameters: 1 4.35645e-05 -0.000510564 -4.16716e-05 0.999995 0.00318204 0.000510183 -0.00318202 0.999995 0.0285007 -0.058382 0.0235816
FixedParameters: 0 0 0

#Transform 100
Transform: AffineTransform_float_3_3
Parameters: 1 0.000198066 -0.000598211 -0.000196549 0.999995 0.00314586 0.000599244 -0.00314566 0.999995 0.0255756 -0.0640358 0.0318988
FixedParameters: 0 0 0

#Transform 101
Transform: AffineTransform_float_3_3
Parameters: 1 6.50031e-05 -0.000506994 -6.30457e-05 0.999994 0.00326764 0.00050676 -0.0032676 0.999994 0.0283643 -0.0640912 0.0225943
FixedParameters: 0 0 0

#Transform 102
Transform: AffineTransform_float_3_3
Parameters: 1 7.50521e-05 -0.000630336 -7.32119e-05 0.999994 0.00324425 0.00063061 -0.0032442 0.999994 0.021803 -0.070505 0.0224784
FixedParameters: 0 0 0

#Transform 103
Transform: AffineTransform_float_3_3
Parameters: 1 6.75962e-05 -0.00057151 -6.63571e-05 0.999996 0.00305244 0.000571711 -0.00305241 0.999995 0.0191995 -0.0679236 0.0176487
FixedParameters: 0 0 0

#Transform 104
Transform: AffineTransform_float_3_3
Parameters: 0.999999 4.8879e-05 -0.000733733 -4.6425e-05 0.999995 0.00320561 0.000733831 -0.00320559 0.999994 0.0257642 -0.0690941 0.0159066
FixedParameters: 0 0 0

#Transform 105
Transform: AffineTransform_float_3_3
Parameters: 0.999999 0.000101604 -0.000747325 -9.90391e-05 0.999995 0.00322057 0.000747764 -0.00322046 0.999994 0.0276792 -0.0725786 0.01751
FixedParameters: 0 0 0

#Transform 106
Transform: AffineTransform_float_3_3
Parameters: 0.999999 8.58124e-05 -0.000718968 -8.36926e-05 0.999995 0.00302907 0.000719259 -0.0030296 0.999996 0.0258026 -0.06825 0.0235286
FixedParameters: 0 0 0

#Transform 107
Transform: AffineTransform_float_3_3
Parameters: 1 0.000157817 -0.000637751 -0.00015608 0.999995 0.00311379 0.000638506 -0.00311424 0.999995 0.0190629 -0.0721999 0.0186757
FixedParameters: 0 0 0

#Transform 108
Transform: AffineTransform_float_3_3
Parameters: 1 3.88878e-05 -0.000639087 -3.69793e-05 0.999995 0.00326735 0.000639094 -0.00326655 0.999995 0.0202769 -0.0662983 0.0316915
FixedParameters: 0 0 0

#Transform 109
Transform: AffineTransform_float_3_3
Parameters: 1 5.3072e-05 -0.00062509 -5.12682e-05 0.999994 0.00324269 0.000625221 -0.00324267 0.999994 0.0264373 -0.0645978 0.0394916
FixedParameters: 0 0 0

#Transform 110
Transform: AffineTransform_float_3_3
Parameters: 1 7.56851e-05 -0.000650878 -7.3735e-05 0.999995 0.00322621 0.000651153 -0.00322615 0.999994 0.0214564 -0.0722636 0.0253773
FixedParameters: 0 0 0

#Transform 111
Transform: AffineTransform_float_3_3
Parameters: 1 6.9798e-05 -0.000612114 -6.74846e-05 0.999996 0.00299735 0.000611873 -0.00299729 0.999996 0.0176756 -0.0609188 0.0237252
FixedParameters: 0 0 0

#Transform 112
Transform: AffineTransform_float_3_3
Parameters: 1 7.03877e-05 -0.000620867 -6.86971e-05 0.999995 0.00317334 0.0006211 -0.0031733 0.999995 0.0237111 -0.0602538 0.0299284
FixedParameters: 0 0 0

#Transform 113
Transform: AffineTransform_float_3_3
Parameters: 1 5.12077e-05 -0.000601484 -4.95184e-05 0.999994 0.00328917 0.000601574 -0.00328836 0.999995 0.0180997 -0.0661452 0.04144
FixedParameters: 0 0 0

#Transform 114
Transform: AffineTransform_float_3_3
Parameters: 1 5.00991e-05 -0.000614602 -4.81954e-05 0.999995 0.00338179 0.000614686 -0.00338178 0.999994 0.0212253 -0.0693674 0.0315271
FixedParameters: 0 0 0

#Transform 115
Transform: AffineTransform_float_3_3
Parameters: 1 9.89494e-05 -0.000703532 -9.66486e-05 0.999995 0.00323368 0.000703956 -0.00323359 0.999994 0.0241565 -0.0692318 0.0248042
FixedParameters: 0 0 0

#Transform 116
Transform: AffineTransform_float_3_3
Parameters: 1 0.000109232 -0.000580474 -0.000107739 0.999995 0.00322364 0.000580966 -0.00322356 0.999994 0.0179219 -0.0617569 0.0213546
FixedParameters: 0 0 0

#Transform 117
Transform: AffineTransform_float_3_3
Parameters: 1 0.000112449 -0.000624477 -0.000110078 0.999995 0.00334456 0.000623633 -0.00334446 0.999994 0.0194485 -0.0741872 0.0203589
FixedParameters: 0 0 0

#Transform 118
Transform: AffineTransform_float_3_3
Parameters: 1 0.000121322 -0.00063766 -0.000119451 0.999995 0.00323033 0.000638231 -0.00323022 0.999994 0.019067 -0.0710526 0.0208803
FixedParameters: 0 0 0

#Transform 119
Transform: AffineTransform_float_3_3
Parameters: 0.999999 0.000116194 -0.000746399 -0.000113583 0.999994 0.00325529 0.00074694 -0.00325517 0.999994 0.025091 -0.0716773 0.0211639
FixedParameters: 0 0 0

#Transform 120
Transform: AffineTransform_float_3_3
Parameters: 0.999999 9.15118e-05 -0.000758093 -8.89007e-05 0.999995 0.00320575 0.000758464 -0.00320566 0.999994 0.0258162 -0.0687356 0.0301035
FixedParameters: 0 0 0

#Transform 121
Transform: AffineTransform_float_3_3
Parameters: 0.999999 0.000102805 -0.000704949 -0.000100433 0.999994 0.00329002 0.000705377 -0.00328912 0.999994 0.0195334 -0.067352 0.0376956
FixedParameters: 0 0 0

#Transform 122
Transform: AffineTransform_float_3_3
Parameters: 0.999999 0.000117483 -0.000731543 -0.000114627 0.999994 0.00349134 0.000732106 -0.00349121 0.999993 0.0214008 -0.0704016 0.0356086
FixedParameters: 0 0 0

#Transform 123
Transform: AffineTransform_float_3_3
Parameters: 0.999999 0.000144775 -0.000716543 -0.000142108 0.999994 0.00343181 0.000717279 -0.00343165 0.999994 0.0232478 -0.0765324 0.0205825
FixedParameters: 0 0 0

#Transform 124
Transform: AffineTransform_float_3_3
Parameters: 0.999999 0.000202933 -0.000807243 -0.000199811 0.999994 0.0035978 0.000807494 -0.00359813 0.999994 0.025977 -0.07787 0.0270204
FixedParameters: 0 0 0

#Transform 125
Transform: AffineTransform_float_3_3
Parameters: 0.999999 0.000166491 -0.000832615 -0.000163567 0.999994 0.00336842 0.000832569 -0.0033688 0.999994 0.0246396 -0.0715123 0.027884
FixedParameters: 0 0 0

#Transform 126
Transform: AffineTransform_float_3_3
Parameters: 0.999999 0.000230132 -0.000821662 -0.000227549 0.999994 0.00348401 0.000823453 -0.0034837 0.999993 0.0237764 -0.0768945 0.0292172
FixedParameters: 0 0 0

#Transform 127
Transform: AffineTransform_float_3_3
Parameters: 0.999999 0.000254401 -0.000788891 -0.000251577 0.999994 0.00349859 0.000789519 -0.00349825 0.999993 0.0243014 -0.0690129 0.0397597
FixedParameters: 0 0 0

#Transform 128
Transform: AffineTransform_float_3_3
Parameters: 0.999999 0.000291156 -0.000818843 -0.000288443 0.999995 0.0033028 0.000819614 -0.00330238 0.999994 0.0237222 -0.0694448 0.0401791
FixedParameters: 0 0 0

#Transform 129
Transform: AffineTransform_float_3_3
Parameters: 0.999999 0.000238752 -0.000754259 -0.00023651 0.999994 0.00327449 0.000754664 -0.00327399 0.999995 0.0225996 -0.0662722 0.0336856
FixedParameters: 0 0 0

#Transform 130
Transform: AffineTransform_float_3_3
Parameters: 0.999999 0.00020578 -0.000788546 -0.000203172 0.999994 0.00335571 0.00078876 -0.00335605 0.999994 0.0233394 -0.0686392 0.0330954
FixedParameters: 0 0 0

#Transform 131
Transform: AffineTransform_float_3_3
Parameters: 0.999999 0.000290442 -0.000823408 -0.000287582 0.999995 0.00337383 0.000824215 -0.00337341 0.999994 0.0254288 -0.0605097 0.0223569
FixedParameters: 0 0 0

#Transform 132
Transform: AffineTransform_float_3_3
Parameters: 0.999999 0.000339773 -0.000725697 -0.000337044 0.999994 0.00342799 0.000727769 -0.00342755 0.999994 0.0212653 -0.0681503 0.0336944
FixedParameters: 0 0 0

#Transform 133
Transform: AffineTransform_float_3_3
Parameters: 0.999999 0.00035331 -0.000694211 -0.000351361 0.999994 0.00333493 0.000695403 -0.0033351 0.999995 0.0203175 -0.0715722 0.0402023
FixedParameters: 0 0 0

#Transform 134
Transform: AffineTransform_float_3_3
Parameters: 1 0.000144109 -0.000547398 -0.000141787 0.999995 0.00336105 0.000547666 -0.00336092 0.999994 0.0130788 -0.0758411 0.041786
FixedParameters: 0 0 0

#Transform 135
Transform: AffineTransform_float_3_3
Parameters: 1 0.000266564 -0.000669116 -0.000264444 0.999994 0.00360052 0.000669844 -0.00360022 0.999994 0.019063 -0.0829101 0.0411297
FixedParameters: 0 0 0

#Transform 136
Transform: AffineTransform_float_3_3
Parameters: 0.999999 0.000205407 -0.000683908 -0.000202615 0.999993 0.00368773 0.000685124 -0.00368749 0.999993 0.0194734 -0.0809377 0.0490604
FixedParameters: 0 0 0

#Transform 137
Transform: AffineTransform_float_3_3
Parameters: 0.999999 0.000229155 -0.000754848 -0.000226316 0.999993 0.00366916 0.000755335 -0.00366888 0.999993 0.0217493 -0.0765445 0.0345466
FixedParameters: 0 0 0

#Transform 138
Transform: AffineTransform_float_3_3
Parameters: 0.999999 0.00024937 -0.000743947 -0.000246662 0.999994 0.00363378 0.000744566 -0.00363346 0.999993 0.0212798 -0.0711453 0.0305648
FixedParameters: 0 0 0

#Transform 139
Transform: AffineTransform_float_3_3
Parameters: 0.999999 0.000275597 -0.000860373 -0.000273088 0.999994 0.00352789 0.000861588 -0.00352889 0.999993 0.0260831 -0.0750101 0.0250108
FixedParameters: 0 0 0

#Transform 140
Transform: AffineTransform_float_3_3
Parameters: 0.999999 0.000276134 -0.000854865 -0.000273861 0.999994 0.00342906 0.000856053 -0.00342866 0.999993 0.0255031 -0.0719175 0.0329239
FixedParameters: 0 0 0

#Transform 141
Transform: AffineTransform_float_3_3
Parameters: 1 0.000189073 -0.00103156 -0.000185584 0.999994 0.00343053 0.00103218 -0.00343022 0.999993 0.0296755 -0.0790303 0.0434469
FixedParameters: 0 0 0

#Transform 142
Transform: AffineTransform_float_3_3
Parameters: 0.999999 0.000173779 -0.000923644 -0.000170781 0.999994 0.00356119 0.000924118 -0.00356155 0.999994 0.0271022 -0.0741708 0.0383883
FixedParameters: 0 0 0

#Transform 143
Transform: AffineTransform_float_3_3
Parameters: 0.999999 0.000261295 -0.000893685 -0.000258406 0.999994 0.00362635 0.000894831 -0.00362596 0.999993 0.0232385 -0.0778539 0.0387817
FixedParameters: 0 0 0

#Transform 144
Transform: AffineTransform_float_3_3
Parameters: 0.999999 0.000214014 -0.000986907 -0.000210573 0.999994 0.00356414 0.000987682 -0.00356379 0.999993 0.0255934 -0.0828765 0.0426792
FixedParameters: 0 0 0

#Transform 145
Transform: AffineTransform_float_3_3
Parameters: 0.999999 0.000277417 -0.000865085 -0.000274573 0.999993 0.00372009 0.0008664 -0.00371968 0.999992 0.0252099 -0.081109 0.0412153
FixedParameters: 0 0 0

#Transform 146
Transform: AffineTransform_float_3_3
Parameters: 0.999999 0.000263114 -0.000893784 -0.00026007 0.999993 0.00371233 0.000894988 -0.00371194 0.999992 0.0267975 -0.0881448 0.0397409
FixedParameters: 0 0 0

#Transform 147
Transform: AffineTransform_float_3_3
Parameters: 1 0.000186002 -0.00105449 -0.000182465 0.999992 0.00380523 0.00105559 -0.00380473 0.999993 0.0274265 -0.082016 0.0382724
FixedParameters: 0 0 0

#Transform 148
Transform: AffineTransform_float_3_3
Parameters: 1 0.000196583 -0.00102464 -0.000192749 0.999993 0.00361664 0.00102533 -0.00361692 0.999993 0.02906 -0.0796246 0.0518474
FixedParameters: 0 0 0

#Transform 149
Transform: AffineTransform_float_3_3
Parameters: 0.999999 0.000224218 -0.000960725 -0.000221198 0.999994 0.00344094 0.000961559 -0.00344059 0.999993 0.0244688 -0.0673251 0.0608841
FixedParameters: 0 0 0

#Transform 150
Transform: AffineTransform_float_3_3
Parameters: 0.999999 0.000253761 -0.000908013 -0.000250809 0.999994 0.00360447 0.000909093 -0.00360409 0.999993 0.025981 -0.0713332 0.0597051
FixedParameters: 0 0 0

#Transform 151
Transform: AffineTransform_float_3_3
Parameters: 0.999999 0.000290924 -0.000840947 -0.000288133 0.999993 0.00379487 0.000842406 -0.00379445 0.999992 0.0303108 -0.0789661 0.0455563
FixedParameters: 0 0 0

#Transform 152
Transform: AffineTransform_float_3_3
Parameters: 0.999999 0.000274352 -0.00087413 -0.000271329 0.999993 0.00378415 0.000875456 -0.00378375 0.999992 0.0266657 -0.079502 0.038589
FixedParameters: 0 0 0

#Transform 153
Transform: AffineTransform_float_3_3
Parameters: 0.999999 0.000291755 -0.000830864 -0.000289358 0.999994 0.00360383 0.00083222 -0.00360342 0.999993 0.023886 -0.0765211 0.0401691
FixedParameters: 0 0 0

#Transform 154
Transform: AffineTransform_float_3_3
Parameters: 0.999999 0.000281225 -0.000868993 -0.000278344 0.999992 0.00398406 0.000869549 -0.00398366 0.999991 0.0247794 -0.0938792 0.0420274
FixedParameters: 0 0 0

#Transform 155
Transform: AffineTransform_float_3_3
Parameters: 0.999999 0.000276157 -0.000879781 -0.000272709 0.999992 0.00399435 0.000881179 -0.00399455 0.999992 0.026483 -0.0817582 0.0437683
FixedParameters: 0 0 0

#Transform 156
Transform: AffineTransform_float_3_3
Parameters: 0.999999 0.00024965 -0.000933614 -0.000246222 0.999992 0.0039938 0.000933906 -0.00399402 0.999992 0.0334554 -0.0910175 0.0457502
FixedParameters: 0 0 0

#Transform 157
Transform: AffineTransform_float_3_3
Parameters: 0.999999 0.000269063 -0.000882141 -0.000266076 0.999993 0.00372143 0.000883378 -0.00372163 0.999993 0.0252056 -0.0898781 0.0449084
FixedParameters: 0 0 0

#Transform 158
Transform: AffineTransform_float_3_3
Parameters: 0.999999 0.000260669 -0.000898265 -0.0002576 0.999993 0.00370057 0.000899429 -0.00370078 0.999993 0.0267162 -0.0812755 0.0410805
FixedParameters: 0 0 0

#Transform 159
Transform: AffineTransform_float_3_3
Parameters: 0.999999 0.000273091 -0.000876824 -0.000270041 0.999993 0.00378717 0.000878143 -0.00378677 0.999992 0.025926 -0.0881089 0.0517099
FixedParameters: 0 0 0

#Transform 160
Transform: AffineTransform_float_3_3
Parameters: 0.999999 0.000267004 -0.000894016 -0.000263632 0.999993 0.0038963 0.000895305 -0.0038959 0.999992 0.0271924 -0.0865331 0.0401253
FixedParameters: 0 0 0

#Transform 161
Transform: AffineTransform_float_3_3
Parameters: 0.999999 0.000228927 -0.000971171 -0.000224964 0.999993 0.00389194 0.000972158 -0.00389158 0.999992 0.0342203 -0.0846987 0.0346176
FixedParameters: 0 0 0

#Transform 162
Transform: AffineTransform_float_3_3
Parameters: 1 0.000207151 -0.0010105 -0.000203996 0.999992 0.00378187 0.00101175 -0.00378135 0.999993 0.0302197 -0.0863169 0.0386232
FixedParameters: 0 0 0

#Transform 163
Transform: AffineTransform_float_3_3
Parameters: 1 0.000199628 -0.00102667 -0.000196309 0.999992 0.003802 0.00102788 -0.00380149 0.999993 0.0299175 -0.0899098 0.03833
FixedParameters: 0 0 0

#Transform 164
Transform: AffineTransform_float_3_3
Parameters: 1 0.000215076 -0.000999877 -0.000212202 0.999993 0.00390515 0.00100036 -0.00390483 0.999992 0.0264287 -0.0879657 0.0192115
FixedParameters: 0 0 0

#Transform 165
Transform: AffineTransform_float_3_3
Parameters: 1 0.000138422 -0.00115323 -0.000134026 0.999993 0.00385243 0.00115399 -0.00385221 0.999992 0.0334484 -0.0884251 0.0432312
FixedParameters: 0 0 0

#Transform 166
Transform: AffineTransform_float_3_3
Parameters: 0.999999 8.05799e-05 -0.00149205 -7.59968e-05 0.999994 0.00379002 0.00149234 -0.00378993 0.999991 0.0527685 -0.0913315 0.0439553
FixedParameters: 0 0 0

#Transform 167
Transform: AffineTransform_float_3_3
Parameters: 0.999999 0.000177733 -0.00135148 -0.00017197 0.999992 0.00379301 0.0013525 -0.00379244 0.999992 0.0385162 -0.0847198 0.0470236
FixedParameters: 0 0 0

#Transform 168
Transform: AffineTransform_float_3_3
Parameters: 0.999999 0.000155123 -0.00137935 -0.000149593 0.999992 0.00379439 0.00137931 -0.00379388 0.999992 0.0356482 -0.0809561 0.0643352
FixedParameters: 0 0 0

#Transform 169
Transform: AffineTransform_float_3_3
Parameters: 0.999999 0.000199356 -0.0012786 -0.000193848 0.999992 0.00390332 0.00127983 -0.00390351 0.999992 0.0329745 -0.0807581 0.0702824
FixedParameters: 0 0 0

#Transform 170
Transform: AffineTransform_float_3_3
Parameters: 0.999999 0.000330518 -0.00128208 -0.000324888 0.999992 0.00411487 0.00128354 -0.00411473 0.999991 0.0428427 -0.087066 0.0695143
FixedParameters: 0 0 0

#Transform 171
Transform: AffineTransform_float_3_3
Parameters: 1 0.000284486 -0.00100868 -0.000279763 0.999992 0.00411608 0.00101021 -0.00411619 0.999991 0.0294391 -0.0864647 0.0538132
FixedParameters: 0 0 0

#Transform 172
Transform: AffineTransform_float_3_3
Parameters: 1 0.000209622 -0.0011919 -0.000204291 0.999991 0.00430332 0.0011924 -0.00430353 0.99999 0.0332397 -0.0895291 0.0593321
FixedParameters: 0 0 0

#Transform 173
Transform: AffineTransform_float_3_3
Parameters: 1 0.000235367 -0.000981687 -0.000231172 0.99999 0.00442391 0.000983377 -0.00442354 0.999989 0.0275702 -0.0972859 0.0632561
FixedParameters: 0 0 0

#Transform 174
Transform: AffineTransform_float_3_3
Parameters: 0.999999 0.000239124 -0.000981933 -0.000234585 0.99999 0.00460088 0.000983657 -0.0046005 0.999989 0.0280444 -0.0973372 0.0721913
FixedParameters: 0 0 0

#Transform 175
Transform: AffineTransform_float_3_3
Parameters: 1 0.000283253 -0.0010047 -0.000279174 0.999989 0.00448016 0.00100593 -0.0044803 0.999989 0.0281454 -0.0941646 0.0726892
FixedParameters: 0 0 0

#Transform 176
Transform: AffineTransform_float_3_3
Parameters: 1 0.000320083 -0.00102278 -0.000314945 0.999989 0.00448145 0.0010239 -0.00448148 0.999989 0.0290412 -0.0874419 0.0693475
FixedParameters: 0 0 0

#Transform 177
Transform: AffineTransform_float_3_3
Parameters: 0.999999 0.000298369 -0.000860753 -0.000294073 0.99999 0.00458688 0.00086257 -0.00458645 0.999989 0.0215966 -0.0942881 0.0773502
FixedParameters: 0 0 0

#Transform 178
Transform: AffineTransform_float_3_3
Parameters: 0.999999 0.000296083 -0.000873541 -0.000292693 0.999989 0.00477093 0.000874959 -0.00477052 0.999988 0.0220108 -0.1014 0.072851
FixedParameters: 0 0 0

#Transform 179
Transform: AffineTransform_float_3_3
Parameters: 0.999999 0.0002436 -0.000982204 -0.000239083 0.999988 0.00481103 0.00098312 -0.00481126 0.999988 0.0206362 -0.10068 0.0761056
FixedParameters: 0 0 0

#Transform 180
Transform: AffineTransform_float_3_3
Parameters: 0.999999 0.000243388 -0.000982192 -0.00023889 0.999988 0.00480103 0.000983102 -0.00480126 0.999988 0.0275045 -0.0990658 0.0929276
FixedParameters: 0 0 0

#Transform 181
Transform: AffineTransform_float_3_3
Parameters: 1 0.000144421 -0.00118599 -0.000138739 0.999988 0.00485267 0.00118645 -0.00485306 0.999987 0.0272682 -0.0992782 0.0809351
FixedParameters: 0 0 0

#Transform 182
Transform: AffineTransform_float_3_3
Parameters: 1 0.000244026 -0.000982208 -0.000239467 0.999988 0.00483102 0.000983178 -0.00483125 0.999988 0.0226436 -0.0984828 0.0814919
FixedParameters: 0 0 0

#Transform 183
Transform: AffineTransform_float_3_3
Parameters: 1 0.000280305 -0.00113081 -0.000274417 0.999989 0.00478315 0.0011321 -0.00478322 0.999988 0.0269817 -0.100716 0.0889509
FixedParameters: 0 0 0

#Transform 184
Transform: AffineTransform_float_3_3
Parameters: 1 0.000274249 -0.00110144 -0.000269815 0.999988 0.00486609 0.00110228 -0.00486562 0.999987 0.0339682 -0.0943595 0.0922154
FixedParameters: 0 0 0

#Transform 185
Transform: AffineTransform_float_3_3
Parameters: 1 0.000280743 -0.00116213 -0.000275874 0.999989 0.00479308 0.00116298 -0.00479316 0.999988 0.0281358 -0.0983042 0.0880489
FixedParameters: 0 0 0

#Transform 186
Transform: AffineTransform_float_3_3
Parameters: 1 0.000320101 -0.00113536 -0.00031479 0.999989 0.00471955 0.00113611 -0.00471815 0.999988 0.0348623 -0.0987582 0.0848341
FixedParameters: 0 0 0

#Transform 187
Transform: AffineTransform_float_3_3
Parameters: 0.999999 0.000267122 -0.00120467 -0.000261466 0.999989 0.0047701 0.00120629 -0.00476958 0.999988 0.0358398 -0.105534 0.0775097
FixedParameters: 0 0 0

#Transform 188
Transform: AffineTransform_float_3_3
Parameters: 1 0.00031148 -0.00110152 -0.000306312 0.999989 0.00478657 0.00110222 -0.00478661 0.999988 0.0336232 -0.107162 0.0629193
FixedParameters: 0 0 0

#Transform 189
Transform: AffineTransform_float_3_3
Parameters: 1 0.000241036 -0.00113101 -0.000236199 0.999989 0.00472606 0.00113236 -0.00472485 0.999988 0.0293612 -0.11082 0.0623243
FixedParameters: 0 0 0
