#Insight Transform File V1.0
#Transform 0
Transform: AffineTransform_float_3_3
Parameters: 1 -0.000161947 0.000496073 0.000163719 0.999997 -0.00270345 -0.000494909 0.00270359 0.999996 -0.0132776 0.0304816 0.0357153
FixedParameters: 0 0 0

#Transform 1
Transform: AffineTransform_float_3_3
Parameters: 1 -9.28254e-05 0.000681126 9.47113e-05 0.999997 -0.00237453 -0.000681252 0.00237463 0.999997 -0.0200639 0.0301918 0.0140308
FixedParameters: 0 0 0

#Transform 2
Transform: AffineTransform_float_3_3
Parameters: 1 -0.000106667 0.000688235 0.000108567 0.999997 -0.00235102 -0.000688316 0.00235054 0.999997 -0.0204134 0.0334777 0.0182038
FixedParameters: 0 0 0

#Transform 3
Transform: AffineTransform_float_3_3
Parameters: 1 -4.69643e-05 0.000658297 4.87264e-05 0.999997 -0.00236252 -0.000658643 0.00236255 0.999997 -0.0194763 0.0261879 0.0306589
FixedParameters: 0 0 0

#Transform 4
Transform: AffineTransform_float_3_3
Parameters: 1 -3.29456e-05 0.000653438 3.43495e-05 0.999998 -0.00210377 -0.000653828 0.00210378 0.999997 -0.0226984 0.023945 0.0300062
FixedParameters: 0 0 0

#Transform 5
Transform: AffineTransform_float_3_3
Parameters: 1 -0.000101654 0.00068933 0.000102943 0.999998 -0.00191124 -0.00068947 0.00191135 0.999998 -0.0204567 0.0298513 0.020172
FixedParameters: 0 0 0

#Transform 6
Transform: AffineTransform_float_3_3
Parameters: 0.999999 -2.32027e-05 0.000931784 2.49024e-05 0.999999 -0.00164105 -0.000932229 0.00164187 0.999998 -0.0272257 0.0291937 0.0262089
FixedParameters: 0 0 0

#Transform 7
Transform: AffineTransform_float_3_3
Parameters: 0.999999 -3.97009e-05 0.000867373 4.16322e-05 0.999999 -0.0016408 -0.000866869 0.00164165 0.999998 -0.025164 0.0241754 0.0161744
FixedParameters: 0 0 0

#Transform 8
Transform: AffineTransform_float_3_3
Parameters: 0.999999 -1.62376e-06 0.000766778 3.22645e-06 0.999999 -0.00164175 -0.000766399 0.00164254 0.999999 -0.016987 0.0355537 0.00304022
FixedParameters: 0 0 0

#Transform 9
Transform: AffineTransform_float_3_3
Parameters: 0.999999 -5.72022e-05 0.00091058 5.81354e-05 0.999999 -0.00124969 -0.000910926 0.00124977 0.999999 -0.0284938 0.0278595 0.00659585
FixedParameters: 0 0 0

#Transform 10
Transform: AffineTransform_float_3_3
Parameters: 0.999999 -4.17225e-06 0.000772442 4.753e-06 0.999999 -0.00124502 -0.000772921 0.001245 0.999999 -0.0222409 0.0302921 0.00952776
FixedParameters: 0 0 0

#Transform 11
Transform: AffineTransform_float_3_3
Parameters: 0.999999 0.000335842 0.000715721 -0.000335332 0.999999 -0.000992783 -0.000715976 0.000993082 0.999999 -0.019015 0.0325684 0.013695
FixedParameters: 0 0 0

#Transform 12
Transform: AffineTransform_float_3_3
Parameters: 0.999999 0.000170668 0.000797429 -0.000169872 1 -0.00106262 -0.000797386 0.00106233 0.999999 -0.0218158 0.0333786 -0.00130755
FixedParameters: 0 0 0

#Transform 13
Transform: AffineTransform_float_3_3
Parameters: 0.999999 3.32932e-05 0.000867221 -3.26471e-05 0.999999 -0.000898199 -0.000866869 0.000898921 0.999999 -0.0245965 0.0372381 0.000949807
FixedParameters: 0 0 0

#Transform 14
Transform: AffineTransform_float_3_3
Parameters: 0.999999 -4.0804e-05 0.000904957 4.13448e-05 0.999999 -0.000795358 -0.000904496 0.000795608 1 -0.0345714 0.0225753 0.00760554
FixedParameters: 0 0 0

#Transform 15
Transform: AffineTransform_float_3_3
Parameters: 0.999999 0.000339846 0.000715481 -0.00033963 0.999999 -0.000787829 -0.000715605 0.000788122 1 -0.0257358 0.0278903 0.0103084
FixedParameters: 0 0 0

#Transform 16
Transform: AffineTransform_float_3_3
Parameters: 0.999999 0.00056862 0.000740387 -0.000569592 0.999999 0.000645689 -0.000739686 -0.000645735 1 -0.0184307 0.00768007 -0.00561725
FixedParameters: 0 0 0

#Transform 17
Transform: AffineTransform_float_3_3
Parameters: 1 5.09211e-05 0.000995513 -4.98639e-05 1 -0.000531099 -0.000995575 0.000531192 1 -0.0280805 0.0209098 -0.00325743
FixedParameters: 0 0 0

#Transform 18
Transform: AffineTransform_float_3_3
Parameters: 0.999999 0.000296585 0.000743549 -0.00029655 1 -2.31221e-05 -0.000743563 2.2681e-05 0.999999 -0.0197958 0.0301348 -0.00255185
FixedParameters: 0 0 0

#Transform 19
Transform: AffineTransform_float_3_3
Parameters: 0.999999 0.00035515 0.000714595 -0.000355142 1 -5.3811e-06 -0.000714599 4.87353e-06 0.999999 -0.0187957 0.0331235 0.00243842
FixedParameters: 0 0 0

#Transform 20
Transform: AffineTransform_float_3_3
Parameters: 0.999999 0.000312979 0.000634129 -0.000312836 1 -0.000112612 -0.0006342 0.000112216 1 -0.0171306 -0.0114276 0.0269595
FixedParameters: 0 0 0

#Transform 21
Transform: AffineTransform_float_3_3
Parameters: 1 5.77926e-05 0.000124762 -5.77419e-05 1 -0.000203033 -0.000124786 0.000203018 1 0.0147229 0.044714 0.021145
FixedParameters: 0 0 0

#Transform 22
Transform: AffineTransform_float_3_3
Parameters: 1 0.000104358 0.000598531 -0.000104412 1 5.59259e-05 -0.000598534 -5.66545e-05 1 -0.015319 0.0365931 0.0184548
FixedParameters: 0 0 0

#Transform 23
Transform: AffineTransform_float_3_3
Parameters: 0.999999 0.000353411 0.000714697 -0.000353277 1 -9.43615e-05 -0.000714763 9.38564e-05 0.999999 -0.0171915 0.0344629 0.00666858
FixedParameters: 0 0 0

#Transform 24
Transform: AffineTransform_float_3_3
Parameters: 1 0.000281184 0.000541035 -0.000281834 1 0.000601077 -0.000540697 -0.000601382 0.999999 -0.0192197 0.0139409 -0.0176821
FixedParameters: 0 0 0

#Transform 25
Transform: AffineTransform_float_3_3
Parameters: 1 0.000373468 0.000420283 -0.000374172 0.999999 0.000838071 -0.000419656 -0.000838385 0.999999 -0.0135809 0.00303595 -0.00217298
FixedParameters: 0 0 0

#Transform 26
Transform: AffineTransform_float_3_3
Parameters: 1 0.000348302 0.000320026 -0.000348838 0.999999 0.000838479 -0.000319442 -0.000838702 0.999999 -0.00576377 0.00342806 -0.00501136
FixedParameters: 0 0 0

#Transform 27
Transform: AffineTransform_float_3_3
Parameters: 1 0.000479076 0.000377954 -0.000479519 0.999999 0.000585797 -0.000377392 -0.000586159 1 -0.0161647 0.017671 -0.0266396
FixedParameters: 0 0 0

#Transform 28
Transform: AffineTransform_float_3_3
Parameters: 1 0.000229472 0.000426976 -0.00023019 0.999999 0.000841057 -0.000426589 -0.000841253 0.999999 -0.0191146 -0.00172868 -0.0130839
FixedParameters: 0 0 0

#Transform 29
Transform: AffineTransform_float_3_3
Parameters: 1 0.000527379 -0.000111936 -0.000527161 1 0.000909003 0.000112888 -0.000909682 0.999999 0.00734673 -0.00638632 0.00348159
FixedParameters: 0 0 0

#Transform 30
Transform: AffineTransform_float_3_3
Parameters: 1 0.000593928 0.000133427 -0.000593241 1 0.000832881 -0.000132889 -0.000833819 0.999999 0.000738997 0.00897478 -0.00229176
FixedParameters: 0 0 0

#Transform 31
Transform: AffineTransform_float_3_3
Parameters: 1 0.000546451 0.000156981 -0.000546712 0.999999 0.000834251 -0.000156069 -0.000834422 0.999999 -0.0113953 0.00284802 -0.00805078
FixedParameters: 0 0 0

#Transform 32
Transform: AffineTransform_float_3_3
Parameters: 1 0.000591346 0.000244706 -0.000591367 0.999999 0.000902635 -0.000244997 -0.000901517 1 -0.0148764 0.00364981 -0.0101153
FixedParameters: 0 0 0

#Transform 33
Transform: AffineTransform_float_3_3
Parameters: 1 0.000372951 0.000239603 -0.000372637 0.999999 0.00120798 -0.000239187 -0.00120814 0.999999 -0.0196451 -0.0141631 0.000548189
FixedParameters: 0 0 0

#Transform 34
Transform: AffineTransform_float_3_3
Parameters: 1 0.000500208 0.000263225 -0.00050044 0.999999 0.0012904 -0.000263314 -0.00129066 0.999999 -0.00931631 -0.0257484 -0.0026365
FixedParameters: 0 0 0

#Transform 35
Transform: AffineTransform_float_3_3
Parameters: 1 0.000444118 -7.29562e-05 -0.000443915 0.999999 0.00139722 7.41565e-05 -0.00139715 0.999999 0.000902965 -0.0273883 -0.00938857
FixedParameters: 0 0 0

#Transform 36
Transform: AffineTransform_float_3_3
Parameters: 1 0.000244002 -0.00047249 -0.000243227 0.999999 0.00129474 0.000472186 -0.00129452 0.999999 0.00505104 -0.0185385 -0.0168088
FixedParameters: 0 0 0

#Transform 37
Transform: AffineTransform_float_3_3
Parameters: 1 0.000306661 -0.000343387 -0.000305817 0.999999 0.00123265 0.000344102 -0.00123244 0.999999 0.00316763 -0.0185072 -0.0194854
FixedParameters: 0 0 0

#Transform 38
Transform: AffineTransform_float_3_3
Parameters: 1 0.000572759 -0.000137663 -0.000572406 0.999999 0.00128854 0.000139098 -0.00128839 0.999999 0.0103456 -0.0117293 -0.00674061
FixedParameters: 0 0 0

#Transform 39
Transform: AffineTransform_float_3_3
Parameters: 1 0.000684927 8.38486e-05 -0.000685109 0.999999 0.00107942 -8.24101e-05 -0.00107953 1 0.00467031 -0.0104796 -0.00964008
FixedParameters: 0 0 0

#Transform 40
Transform: AffineTransform_float_3_3
Parameters: 1 0.000490099 -0.000285923 -0.000489848 0.999999 0.00122304 0.000286186 -0.00122277 0.999999 0.00675095 -0.00956276 -0.00634011
FixedParameters: 0 0 0

#Transform 41
Transform: AffineTransform_float_3_3
Parameters: 1 0.000518288 7.66904e-05 -0.000518503 0.999999 0.00139886 -7.52805e-05 -0.00139894 0.999999 0.00387302 -0.0169505 -0.00441649
FixedParameters: 0 0 0

#Transform 42
Transform: AffineTransform_float_3_3
Parameters: 1 0.00053572 0.000117132 -0.000535125 0.999999 0.00127254 -0.000116255 -0.00127265 0.999999 -0.00442239 -0.00536792 -0.0257576
FixedParameters: 0 0 0

#Transform 43
Transform: AffineTransform_float_3_3
Parameters: 1 0.000378549 -0.000197309 -0.000378074 0.999999 0.00120837 0.000198183 -0.00120822 1 -0.00458741 -0.0149703 -0.0328339
FixedParameters: 0 0 0

#Transform 44
Transform: AffineTransform_float_3_3
Parameters: 1 0.000244114 -0.000471575 -0.000243357 0.999999 0.00127873 0.000471263 -0.00127852 0.999999 0.00260107 -0.0131091 -0.0342943
FixedParameters: 0 0 0

#Transform 45
Transform: AffineTransform_float_3_3
Parameters: 1 0.000330234 -0.000303264 -0.000329829 0.999999 0.00140725 0.000303258 -0.00140706 0.999999 -0.00172124 -0.0189566 -0.0388153
FixedParameters: 0 0 0

#Transform 46
Transform: AffineTransform_float_3_3
Parameters: 1 0.000397579 -0.000483314 -0.000397498 0.999999 0.00147271 0.000483995 -0.00147235 0.999999 0.00550956 -0.0225999 -0.0333366
FixedParameters: 0 0 0

#Transform 47
Transform: AffineTransform_float_3_3
Parameters: 1 0.000388181 -0.000197816 -0.000387964 0.999998 0.00167926 0.000198185 -0.00167912 0.999998 -0.0026045 -0.0239858 -0.0315253
FixedParameters: 0 0 0

#Transform 48
Transform: AffineTransform_float_3_3
Parameters: 1 0.000456988 -0.000231167 -0.000456609 0.999999 0.00175547 0.000231829 -0.00175606 0.999998 -0.00125178 -0.023971 -0.0323381
FixedParameters: 0 0 0

#Transform 49
Transform: AffineTransform_float_3_3
Parameters: 0.999999 0.000576803 -0.000440904 -0.000576581 0.999999 0.00177627 0.000442422 -0.00177579 0.999999 0.00318201 -0.0255498 -0.0270386
FixedParameters: 0 0 0

#Transform 50
Transform: AffineTransform_float_3_3
Parameters: 1 0.000454169 -0.000326879 -0.000453905 0.999999 0.00175142 0.000328868 -0.00175194 0.999998 -0.000919427 -0.0205722 -0.0155085
FixedParameters: 0 0 0

#Transform 51
Transform: AffineTransform_float_3_3
Parameters: 1 0.000393394 -0.000198108 -0.000393078 0.999998 0.00193421 0.000198654 -0.00193407 0.999998 -0.00497344 -0.0259547 -0.0166722
FixedParameters: 0 0 0

#Transform 52
Transform: AffineTransform_float_3_3
Parameters: 1 0.000395869 -0.000198236 -0.000395504 0.999998 0.00205519 0.000198886 -0.00205504 0.999998 -0.00490353 -0.0323114 -0.0200306
FixedParameters: 0 0 0

#Transform 53
Transform: AffineTransform_float_3_3
Parameters: 1 0.000394621 -0.000198171 -0.000394281 0.999998 0.0019942 0.000198769 -0.00199405 0.999998 -0.00487718 -0.029365 -0.0213854
FixedParameters: 0 0 0

#Transform 54
Transform: AffineTransform_float_3_3
Parameters: 1 0.000392208 -0.000198047 -0.000391915 0.999998 0.00187622 0.000198542 -0.00187608 0.999998 -0.00807826 -0.0257767 -0.0205865
FixedParameters: 0 0 0

#Transform 55
Transform: AffineTransform_float_3_3
Parameters: 1 0.00025722 -0.000476047 -0.000256665 0.999998 0.00199661 0.000476542 -0.00199639 0.999998 0.0024045 -0.0280356 -0.0209789
FixedParameters: 0 0 0

#Transform 56
Transform: AffineTransform_float_3_3
Parameters: 1 0.000372312 -0.000256798 -0.000371577 0.999998 0.00231165 0.000257501 -0.00231147 0.999998 -0.00349009 -0.0452401 -0.0140456
FixedParameters: 0 0 0

#Transform 57
Transform: AffineTransform_float_3_3
Parameters: 1 0.00028747 -0.000427097 -0.00028687 0.999998 0.00228013 0.000427835 -0.00227991 0.999998 0.0009308 -0.0441036 -0.0133278
FixedParameters: 0 0 0

#Transform 58
Transform: AffineTransform_float_3_3
Parameters: 1 0.000305429 -0.000520754 -0.000304529 0.999997 0.00215463 0.000521537 -0.00215434 0.999997 0.00372073 -0.0405068 -0.0125243
FixedParameters: 0 0 0

#Transform 59
Transform: AffineTransform_float_3_3
Parameters: 1 0.000299418 -0.000544119 -0.000298367 0.999998 0.00220474 0.000544866 -0.00220444 0.999998 0.0075962 -0.0301111 -0.00627737
FixedParameters: 0 0 0

#Transform 60
Transform: AffineTransform_float_3_3
Parameters: 1 0.000333828 -0.000473922 -0.00033295 0.999997 0.00234817 0.000474917 -0.00234788 0.999997 0.00283761 -0.0400995 -0.0282943
FixedParameters: 0 0 0

#Transform 61
Transform: AffineTransform_float_3_3
Parameters: 1 0.000251885 -0.00050434 -0.000250811 0.999997 0.00240177 0.000504976 -0.00240154 0.999997 0.00349894 -0.0385738 -0.0396051
FixedParameters: 0 0 0

#Transform 62
Transform: AffineTransform_float_3_3
Parameters: 1 0.000326362 -0.000508504 -0.000325668 0.999997 0.00243249 0.000508608 -0.0024328 0.999997 0.00393644 -0.0430847 -0.0356598
FixedParameters: 0 0 0

#Transform 63
Transform: AffineTransform_float_3_3
Parameters: 1 0.000330879 -0.000597386 -0.000328984 0.999997 0.00271517 0.000598566 -0.0027148 0.999996 0.00835984 -0.0411345 -0.0275465
FixedParameters: 0 0 0

#Transform 64
Transform: AffineTransform_float_3_3
Parameters: 0.999999 0.000318619 -0.000644468 -0.000316399 0.999996 0.00275857 0.000645592 -0.00275879 0.999996 0.0102776 -0.0497002 -0.0374091
FixedParameters: 0 0 0

#Transform 65
Transform: AffineTransform_float_3_3
Parameters: 0.999999 0.00036466 -0.000764769 -0.000361947 0.999996 0.00294057 0.000765343 -0.00294065 0.999996 0.0141812 -0.0459341 -0.0245493
FixedParameters: 0 0 0

#Transform 66
Transform: AffineTransform_float_3_3
Parameters: 0.999999 0.000321648 -0.00066658 -0.000319969 0.999995 0.0029413 0.0006683 -0.00294092 0.999995 0.0118017 -0.0517673 -0.0349719
FixedParameters: 0 0 0

#Transform 67
Transform: AffineTransform_float_3_3
Parameters: 1 0.00052907 -0.000487936 -0.000527982 0.999996 0.00293701 0.000489527 -0.00293733 0.999995 0.00439828 -0.0433958 -0.0427792
FixedParameters: 0 0 0

#Transform 68
Transform: AffineTransform_float_3_3
Parameters: 0.999999 0.000410686 -0.000671362 -0.000409556 0.999995 0.00283372 0.00067261 -0.00283383 0.999996 0.0119656 -0.0423053 -0.0363111
FixedParameters: 0 0 0

#Transform 69
Transform: AffineTransform_float_3_3
Parameters: 1 0.00037734 -0.000504549 -0.000375604 0.999996 0.00305843 0.000506199 -0.00305808 0.999995 0.0041267 -0.04985 -0.041551
FixedParameters: 0 0 0

#Transform 70
Transform: AffineTransform_float_3_3
Parameters: 1 0.000359865 -0.00061788 -0.000358684 0.999995 0.00313464 0.00061903 -0.00313425 0.999995 0.00945855 -0.0541263 -0.0404763
FixedParameters: 0 0 0

#Transform 71
Transform: AffineTransform_float_3_3
Parameters: 0.999999 0.00023629 -0.000829865 -0.00023398 0.999995 0.00328584 0.000831606 -0.00328552 0.999995 0.0166622 -0.0442669 -0.0339751
FixedParameters: 0 0 0

#Transform 72
Transform: AffineTransform_float_3_3
Parameters: 0.999999 0.000291989 -0.000831755 -0.000289221 0.999995 0.00327436 0.000832549 -0.00327473 0.999994 0.017272 -0.0511349 -0.0348172
FixedParameters: 0 0 0

#Transform 73
Transform: AffineTransform_float_3_3
Parameters: 0.999999 0.000331756 -0.000817564 -0.00032923 0.999995 0.00319199 0.000818571 -0.0031915 0.999994 0.0149626 -0.0450204 -0.0455881
FixedParameters: 0 0 0

#Transform 74
Transform: AffineTransform_float_3_3
Parameters: 1 0.000275805 -0.000664553 -0.000273282 0.999994 0.00325228 0.000664792 -0.00325195 0.999994 0.00824506 -0.0455656 -0.0468663
FixedParameters: 0 0 0

#Transform 75
Transform: AffineTransform_float_3_3
Parameters: 1 0.000301178 -0.000579801 -0.000298889 0.999993 0.00352694 0.000580329 -0.00352663 0.999993 0.00821039 -0.0491115 -0.050632
FixedParameters: 0 0 0

#Transform 76
Transform: AffineTransform_float_3_3
Parameters: 1 0.000327374 -0.000597643 -0.000324877 0.999994 0.00359842 0.000598362 -0.00359807 0.999994 0.00670462 -0.0530979 -0.0528255
FixedParameters: 0 0 0

#Transform 77
Transform: AffineTransform_float_3_3
Parameters: 0.999999 0.000325857 -0.000686195 -0.00032362 0.999994 0.00358554 0.000687325 -0.00358575 0.999994 0.00973316 -0.0564131 -0.0746725
FixedParameters: 0 0 0

#Transform 78
Transform: AffineTransform_float_3_3
Parameters: 0.999999 0.000346129 -0.000696707 -0.000343911 0.999993 0.00352591 0.000697997 -0.00352549 0.999993 0.00996321 -0.0539412 -0.06614
FixedParameters: 0 0 0

#Transform 79
Transform: AffineTransform_float_3_3
Parameters: 1 0.000428755 -0.000562231 -0.000427328 0.999993 0.00366546 0.000564186 -0.00366504 0.999993 0.00227404 -0.0566478 -0.0643641
FixedParameters: 0 0 0

#Transform 80
Transform: AffineTransform_float_3_3
Parameters: 0.999999 0.000348311 -0.000696443 -0.000345892 0.999993 0.0036729 0.00069781 -0.00367248 0.999993 0.00985173 -0.0534188 -0.0654957
FixedParameters: 0 0 0

#Transform 81
Transform: AffineTransform_float_3_3
Parameters: 0.999999 0.000371715 -0.00070951 -0.000369422 0.999993 0.00350459 0.000710949 -0.00350472 0.999994 0.0104368 -0.051785 -0.0668963
FixedParameters: 0 0 0

#Transform 82
Transform: AffineTransform_float_3_3
Parameters: 0.999999 0.000434194 -0.00081972 -0.000431443 0.999994 0.00359508 0.000820754 -0.00359443 0.999993 0.0139187 -0.0507491 -0.0684533
FixedParameters: 0 0 0

#Transform 83
Transform: AffineTransform_float_3_3
Parameters: 0.999999 0.000429255 -0.000810502 -0.000425912 0.999993 0.00372422 0.000812503 -0.00372358 0.999992 0.0109317 -0.0529157 -0.0689858
FixedParameters: 0 0 0

#Transform 84
Transform: AffineTransform_float_3_3
Parameters: 0.999999 0.000434319 -0.000800637 -0.000430908 0.999992 0.00409521 0.000802021 -0.00409458 0.999992 0.0156713 -0.0550313 -0.082745
FixedParameters: 0 0 0

#Transform 85
Transform: AffineTransform_float_3_3
Parameters: 0.999999 0.000555485 -0.000864172 -0.000551659 0.999991 0.00403077 0.000866515 -0.00402988 0.999991 0.0159473 -0.0592534 -0.0762976
FixedParameters: 0 0 0

#Transform 86
Transform: AffineTransform_float_3_3
Parameters: 0.999999 0.000455545 -0.000816327 -0.000451741 0.99999 0.004248 0.000818007 -0.00424793 0.999991 0.0139473 -0.0582923 -0.0750408
FixedParameters: 0 0 0

#Transform 87
Transform: AffineTransform_float_3_3
Parameters: 1 0.0004418 -0.000913148 -0.000436961 0.999991 0.00437201 0.00091483 -0.00437127 0.99999 0.0167445 -0.0639916 -0.0742826
FixedParameters: 0 0 0

#Transform 88
Transform: AffineTransform_float_3_3
Parameters: 0.999999 0.000465973 -0.000877733 -0.000462243 0.99999 0.00442657 0.000880087 -0.00442584 0.99999 0.016041 -0.0650504 -0.0883945
FixedParameters: 0 0 0

#Transform 89
Transform: AffineTransform_float_3_3
Parameters: 0.999999 0.000536656 -0.000922949 -0.00053238 0.999989 0.00449637 0.000925986 -0.00449607 0.999989 0.0176478 -0.0628511 -0.0847296
FixedParameters: 0 0 0

#Transform 90
Transform: AffineTransform_float_3_3
Parameters: 1 0.000466437 -0.00108216 -0.000461291 0.999988 0.00486544 0.00108443 -0.00486455 0.999987 0.0221047 -0.0728072 -0.0930511
FixedParameters: 0 0 0

#Transform 91
Transform: AffineTransform_float_3_3
Parameters: 0.999999 0.000482496 -0.00120514 -0.000476851 0.999988 0.00494702 0.00120804 -0.004946 0.999987 0.028438 -0.0744836 -0.0899542
FixedParameters: 0 0 0

#Transform 92
Transform: AffineTransform_float_3_3
Parameters: 0.999999 0.000541873 -0.00118981 -0.000535767 0.999988 0.00482109 0.00119274 -0.00482052 0.999988 0.0277082 -0.0672838 -0.0932911
FixedParameters: 0 0 0

#Transform 93
Transform: AffineTransform_float_3_3
Parameters: 0.999999 0.000547946 -0.00119535 -0.000542658 0.999987 0.00501899 0.00119807 -0.00501843 0.999987 0.0279004 -0.0728434 -0.0977392
FixedParameters: 0 0 0

#Transform 94
Transform: AffineTransform_float_3_3
Parameters: 1 0.000468334 -0.00109237 -0.000462402 0.999987 0.00518147 0.00109486 -0.00518056 0.999986 0.0225926 -0.0752625 -0.103356
FixedParameters: 0 0 0

#Transform 95
Transform: AffineTransform_float_3_3
Parameters: 0.999999 0.00059296 -0.00111496 -0.000587586 0.999987 0.00501821 0.00111769 -0.00501762 0.999987 0.0212302 -0.0709488 -0.0889534
FixedParameters: 0 0 0

#Transform 96
Transform: AffineTransform_float_3_3
Parameters: 1 0.000639547 -0.00101727 -0.000634862 0.999987 0.00516043 0.00102061 -0.00515986 0.999987 0.0208618 -0.07262 -0.0850018
FixedParameters: 0 0 0

#Transform 97
Transform: AffineTransform_float_3_3
Parameters: 0.999999 0.000522825 -0.000987473 -0.000518142 0.999985 0.00531973 0.000989733 -0.00531943 0.999985 0.0194127 -0.0749536 -0.0902143
FixedParameters: 0 0 0

#Transform 98
Transform: AffineTransform_float_3_3
Parameters: 0.999999 0.00066537 -0.00120258 -0.000659284 0.999985 0.00550685 0.0012061 -0.00550601 0.999985 0.0232354 -0.0867001 -0.0840716
FixedParameters: 0 0 0

#Transform 99
Transform: AffineTransform_float_3_3
Parameters: 0.999999 0.000611624 -0.00125835 -0.000605142 0.999985 0.00542081 0.00126122 -0.00542003 0.999984 0.0268856 -0.0840844 -0.083561
FixedParameters: 0 0 0

#Transform 100
Transform: AffineTransform_float_3_3
Parameters: 0.999999 0.000721502 -0.00125031 -0.000715217 0.999985 0.00537472 0.0012543 -0.00537367 0.999985 0.0251219 -0.0731226 -0.0884111
FixedParameters: 0 0 0

#Transform 101
Transform: AffineTransform_float_3_3
Parameters: 0.999999 0.000621003 -0.00117256 -0.000614685 0.999984 0.00555574 0.00117655 -0.00555503 0.999984 0.0237675 -0.0756533 -0.090585
FixedParameters: 0 0 0

#Transform 102
Transform: AffineTransform_float_3_3
Parameters: 0.999999 0.00064759 -0.0012589 -0.000640151 0.999983 0.00580401 0.00126258 -0.00580254 0.999982 0.0248365 -0.0844735 -0.0908412
FixedParameters: 0 0 0

#Transform 103
Transform: AffineTransform_float_3_3
Parameters: 0.999999 0.00069707 -0.00121342 -0.000689971 0.999983 0.00587532 0.00121772 -0.00587439 0.999982 0.0255224 -0.0906216 -0.0891983
FixedParameters: 0 0 0

#Transform 104
Transform: AffineTransform_float_3_3
Parameters: 0.999999 0.000709171 -0.00117168 -0.000701724 0.999983 0.00585053 0.00117569 -0.00584981 0.999982 0.0206156 -0.0889309 -0.0978803
FixedParameters: 0 0 0

#Transform 105
Transform: AffineTransform_float_3_3
Parameters: 0.999999 0.000704917 -0.00122598 -0.000697346 0.999982 0.00600659 0.00123056 -0.00600582 0.999981 0.0225107 -0.0918518 -0.0938809
FixedParameters: 0 0 0

#Transform 106
Transform: AffineTransform_float_3_3
Parameters: 0.999999 0.00069004 -0.00121295 -0.000682474 0.99998 0.00625653 0.00121671 -0.00625563 0.99998 0.023882 -0.098724 -0.0924592
FixedParameters: 0 0 0

#Transform 107
Transform: AffineTransform_float_3_3
Parameters: 0.999999 0.000730989 -0.00122655 -0.000723033 0.99998 0.00634577 0.00123091 -0.00634475 0.99998 0.0219735 -0.10213 -0.0924897
FixedParameters: 0 0 0

#Transform 108
Transform: AffineTransform_float_3_3
Parameters: 0.999999 0.000696271 -0.00126164 -0.000688989 0.99998 0.00625636 0.00126593 -0.00625539 0.99998 0.0240204 -0.0962576 -0.0935922
FixedParameters: 0 0 0

#Transform 109
Transform: AffineTransform_float_3_3
Parameters: 0.999999 0.000721839 -0.00124236 -0.000713463 0.999979 0.00643395 0.00124673 -0.00643292 0.999978 0.0263595 -0.0962756 -0.0900833
FixedParameters: 0 0 0

#Transform 110
Transform: AffineTransform_float_3_3
Parameters: 0.999999 0.000728368 -0.00125153 -0.000720017 0.999977 0.00673387 0.00125678 -0.00673283 0.999976 0.025339 -0.100384 -0.0925177
FixedParameters: 0 0 0

#Transform 111
Transform: AffineTransform_float_3_3
Parameters: 0.999999 0.000761407 -0.00132416 -0.000752437 0.999977 0.0067618 0.00132899 -0.00676138 0.999976 0.028791 -0.10549 -0.0985579
FixedParameters: 0 0 0

#Transform 112
Transform: AffineTransform_float_3_3
Parameters: 0.999998 0.000790277 -0.00142267 -0.00078113 0.999977 0.00666975 0.00142818 -0.00666893 0.999977 0.0301972 -0.101549 -0.0984098
FixedParameters: 0 0 0

#Transform 113
Transform: AffineTransform_float_3_3
Parameters: 0.999998 0.000724406 -0.00156747 -0.00071353 0.999976 0.00689134 0.00157282 -0.0068907 0.999975 0.0407871 -0.106391 -0.08621
FixedParameters: 0 0 0

#Transform 114
Transform: AffineTransform_float_3_3
Parameters: 0.999998 0.00075272 -0.00151638 -0.000742554 0.999975 0.00704327 0.00152139 -0.00704184 0.999974 0.0334873 -0.113675 -0.0992923
FixedParameters: 0 0 0

#Transform 115
Transform: AffineTransform_float_3_3
Parameters: 0.999999 0.000828074 -0.00136089 -0.000818375 0.999975 0.00701696 0.00136607 -0.00701552 0.999974 0.0257264 -0.10891 -0.0993046
FixedParameters: 0 0 0

#Transform 116
Transform: AffineTransform_float_3_3
Parameters: 0.999999 0.000860186 -0.00128072 -0.000851092 0.999977 0.00669435 0.00128633 -0.00669293 0.999977 0.0218642 -0.108403 -0.108621
FixedParameters: 0 0 0

#Transform 117
Transform: AffineTransform_float_3_3
Parameters: 0.999999 0.000852058 -0.00129414 -0.000843847 0.999978 0.00662206 0.00130001 -0.00662145 0.999977 0.0212583 -0.103486 -0.101271
FixedParameters: 0 0 0

#Transform 118
Transform: AffineTransform_float_3_3
Parameters: 0.999999 0.000856709 -0.0012961 -0.000847822 0.999976 0.00687943 0.00130239 -0.00687801 0.999975 0.022974 -0.10807 -0.106882
FixedParameters: 0 0 0

#Transform 119
Transform: AffineTransform_float_3_3
Parameters: 0.999999 0.00081912 -0.00110116 -0.00081161 0.999975 0.00706772 0.00110678 -0.00706688 0.999974 0.0213394 -0.107884 -0.12428
FixedParameters: 0 0 0

#Transform 120
Transform: AffineTransform_float_3_3
Parameters: 0.999999 0.000793088 -0.00120186 -0.000785568 0.999976 0.00685269 0.00120724 -0.00685158 0.999976 0.0209394 -0.107933 -0.119831
FixedParameters: 0 0 0

#Transform 121
Transform: AffineTransform_float_3_3
Parameters: 0.999999 0.000821279 -0.00137711 -0.000812108 0.999975 0.00706808 0.00138269 -0.00706665 0.999974 0.0245575 -0.104291 -0.11152
FixedParameters: 0 0 0

#Transform 122
Transform: AffineTransform_float_3_3
Parameters: 0.999999 0.000827469 -0.00138003 -0.000817299 0.999972 0.00741504 0.00138617 -0.00741358 0.999971 0.0247862 -0.119162 -0.124449
FixedParameters: 0 0 0

#Transform 123
Transform: AffineTransform_float_3_3
Parameters: 0.999998 0.000804344 -0.0014231 -0.000793795 0.999972 0.00731862 0.00142878 -0.00731777 0.999972 0.0296443 -0.112796 -0.125581
FixedParameters: 0 0 0

#Transform 124
Transform: AffineTransform_float_3_3
Parameters: 0.999998 0.000775512 -0.00147787 -0.000764449 0.999973 0.00722312 0.00148297 -0.00722226 0.999973 0.0340797 -0.108916 -0.125455
FixedParameters: 0 0 0

#Transform 125
Transform: AffineTransform_float_3_3
Parameters: 0.999998 0.000780636 -0.00146981 -0.000769542 0.999973 0.00727784 0.00147508 -0.00727637 0.999972 0.0278507 -0.108706 -0.119855
FixedParameters: 0 0 0

#Transform 126
Transform: AffineTransform_float_3_3
Parameters: 0.999998 0.000754147 -0.00153927 -0.000741899 0.999971 0.00761156 0.00154496 -0.00761069 0.99997 0.0301632 -0.11208 -0.12309
FixedParameters: 0 0 0

#Transform 127
Transform: AffineTransform_float_3_3
Parameters: 0.999999 0.000830133 -0.00167817 -0.000816571 0.999969 0.00777007 0.00168481 -0.00776877 0.999968 0.0341648 -0.1222 -0.122853
FixedParameters: 0 0 0

#Transform 128
Transform: AffineTransform_float_3_3
Parameters: 0.999999 0.000898638 -0.00165534 -0.000885883 0.999971 0.00749775 0.00166131 -0.00749626 0.999971 0.030174 -0.118602 -0.125704
FixedParameters: 0 0 0

#Transform 129
Transform: AffineTransform_float_3_3
Parameters: 0.999999 0.000892617 -0.00159506 -0.000880126 0.999972 0.00755632 0.00160195 -0.00755513 0.99997 0.0286849 -0.115482 -0.116543
FixedParameters: 0 0 0

#Transform 130
Transform: AffineTransform_float_3_3
Parameters: 0.999998 0.000863553 -0.00155473 -0.000851945 0.99997 0.00761649 0.00156031 -0.00761528 0.99997 0.0301576 -0.12159 -0.122961
FixedParameters: 0 0 0

#Transform 131
Transform: AffineTransform_float_3_3
Parameters: 0.999998 0.000849411 -0.00152272 -0.000837182 0.99997 0.0076794 0.00152997 -0.00767906 0.99997 0.0301416 -0.114442 -0.131466
FixedParameters: 0 0 0

#Transform 132
Transform: AffineTransform_float_3_3
Parameters: 0.999999 0.000845555 -0.00160936 -0.000833021 0.999971 0.00750477 0.00161544 -0.00750352 0.999971 0.0316185 -0.111255 -0.129558
FixedParameters: 0 0 0

#Transform 133
Transform: AffineTransform_float_3_3
Parameters: 0.999999 0.000904157 -0.00160846 -0.000891541 0.99997 0.00766832 0.00161478 -0.00766768 0.999969 0.0318883 -0.117121 -0.141696
FixedParameters: 0 0 0

#Transform 134
Transform: AffineTransform_float_3_3
Parameters: 0.999998 0.000925741 -0.00155259 -0.000913058 0.999968 0.007966 0.00155966 -0.0079654 0.999967 0.0300857 -0.120095 -0.126307
FixedParameters: 0 0 0

#Transform 135
Transform: AffineTransform_float_3_3
Parameters: 0.999999 0.00086713 -0.00163638 -0.000854022 0.999968 0.00796745 0.00164296 -0.00796611 0.999968 0.0340956 -0.11851 -0.134799
FixedParameters: 0 0 0

#Transform 136
Transform: AffineTransform_float_3_3
Parameters: 0.999997 0.000926717 -0.00200798 -0.000911642 0.999972 0.00753803 0.00201482 -0.00753586 0.99997 0.0435791 -0.112637 -0.132839
FixedParameters: 0 0 0

#Transform 137
Transform: AffineTransform_float_3_3
Parameters: 0.999999 0.000923495 -0.00166081 -0.000911043 0.999972 0.00738506 0.001667 -0.00738287 0.999971 0.0322103 -0.108447 -0.128819
FixedParameters: 0 0 0

#Transform 138
Transform: AffineTransform_float_3_3
Parameters: 0.999999 0.000900278 -0.00164694 -0.000888081 0.99997 0.00763774 0.00165359 -0.00763627 0.99997 0.0331967 -0.115275 -0.130169
FixedParameters: 0 0 0

#Transform 139
Transform: AffineTransform_float_3_3
Parameters: 0.999999 0.000775594 -0.00173527 -0.000761355 0.999968 0.00796908 0.00174173 -0.0079679 0.999967 0.0386121 -0.116185 -0.129061
FixedParameters: 0 0 0

#Transform 140
Transform: AffineTransform_float_3_3
Parameters: 0.999998 0.000965903 -0.00167561 -0.000953508 0.999968 0.00796557 0.00168332 -0.00796385 0.999967 0.0375345 -0.121317 -0.139041
FixedParameters: 0 0 0

#Transform 141
Transform: AffineTransform_float_3_3
Parameters: 0.999998 0.000923753 -0.00183749 -0.000908782 0.999968 0.00796628 0.00184452 -0.00796441 0.999967 0.0397064 -0.121587 -0.132758
FixedParameters: 0 0 0

#Transform 142
Transform: AffineTransform_float_3_3
Parameters: 0.999998 0.00100098 -0.00169352 -0.000987674 0.999968 0.0078839 0.00170121 -0.00788201 0.999968 0.0371976 -0.125317 -0.129679
FixedParameters: 0 0 0

#Transform 143
Transform: AffineTransform_float_3_3
Parameters: 0.999998 0.000974326 -0.00167705 -0.000961044 0.999966 0.00822727 0.00168533 -0.00822492 0.999965 0.0346979 -0.133384 -0.135657
FixedParameters: 0 0 0

#Transform 144
Transform: AffineTransform_float_3_3
Parameters: 0.999998 0.000939343 -0.00178739 -0.000924429 0.999966 0.00816866 0.00179499 -0.00816763 0.999965 0.0371122 -0.136835 -0.129122
FixedParameters: 0 0 0

#Transform 145
Transform: AffineTransform_float_3_3
Parameters: 0.999998 0.000948204 -0.00191059 -0.000933412 0.999968 0.00796577 0.00191755 -0.00796371 0.999967 0.0408796 -0.133751 -0.122665
FixedParameters: 0 0 0

#Transform 146
Transform: AffineTransform_float_3_3
Parameters: 0.999998 0.000983507 -0.00188179 -0.000968213 0.999966 0.00822019 0.00188972 -0.00821805 0.999965 0.0400107 -0.131444 -0.132624
FixedParameters: 0 0 0

#Transform 147
Transform: AffineTransform_float_3_3
Parameters: 0.999998 0.000947003 -0.00190598 -0.000930791 0.999964 0.00835788 0.00191353 -0.00835584 0.999963 0.0398575 -0.130926 -0.128272
FixedParameters: 0 0 0

#Transform 148
Transform: AffineTransform_float_3_3
Parameters: 0.999998 0.0009158 -0.00188373 -0.000899702 0.999967 0.00807043 0.00189076 -0.00806851 0.999966 0.0385906 -0.133749 -0.124617
FixedParameters: 0 0 0

#Transform 149
Transform: AffineTransform_float_3_3
Parameters: 0.999998 0.000898985 -0.00185943 -0.000883573 0.999966 0.00823177 0.00186689 -0.00822997 0.999964 0.0394011 -0.12169 -0.127483
FixedParameters: 0 0 0

#Transform 150
Transform: AffineTransform_float_3_3
Parameters: 0.999998 0.000894181 -0.00187685 -0.000878797 0.999966 0.00814782 0.00188412 -0.00814601 0.999965 0.0443157 -0.124823 -0.12996
FixedParameters: 0 0 0

#Transform 151
Transform: AffineTransform_float_3_3
Parameters: 0.999998 0.000931687 -0.00185607 -0.000916239 0.999964 0.00837719 0.0018634 -0.00837529 0.999963 0.0437859 -0.127195 -0.137669
FixedParameters: 0 0 0

#Transform 152
Transform: AffineTransform_float_3_3
Parameters: 0.999998 0.000958654 -0.00187897 -0.000943129 0.999965 0.00829027 0.00188662 -0.00828902 0.999964 0.0389058 -0.128294 -0.139616
FixedParameters: 0 0 0

#Transform 153
Transform: AffineTransform_float_3_3
Parameters: 0.999998 0.000960974 -0.00181852 -0.000946713 0.999966 0.00822263 0.0018261 -0.00822069 0.999965 0.0436432 -0.123802 -0.144811
FixedParameters: 0 0 0

#Transform 154
Transform: AffineTransform_float_3_3
Parameters: 0.999998 0.00109864 -0.00173745 -0.00108432 0.999966 0.00823694 0.00174556 -0.00823405 0.999964 0.0334975 -0.114848 -0.142023
FixedParameters: 0 0 0

#Transform 155
Transform: AffineTransform_float_3_3
Parameters: 0.999998 0.00114731 -0.0017611 -0.00113345 0.999966 0.00824083 0.00177045 -0.00823913 0.999965 0.0341074 -0.122151 -0.138331
FixedParameters: 0 0 0

#Transform 156
Transform: AffineTransform_float_3_3
Parameters: 0.999998 0.00114975 -0.00176114 -0.00113551 0.999964 0.0083522 0.00177074 -0.0083497 0.999964 0.0330525 -0.11851 -0.145932
FixedParameters: 0 0 0

#Transform 157
Transform: AffineTransform_float_3_3
Parameters: 0.999998 0.0011494 -0.00176114 -0.00113521 0.999964 0.00833621 0.00177069 -0.0083337 0.999964 0.033201 -0.124815 -0.146623
FixedParameters: 0 0 0

#Transform 158
Transform: AffineTransform_float_3_3
Parameters: 0.999998 0.00110728 -0.0018538 -0.00109194 0.999964 0.00846959 0.00186334 -0.00846784 0.999963 0.0354772 -0.133443 -0.139787
FixedParameters: 0 0 0

#Transform 159
Transform: AffineTransform_float_3_3
Parameters: 0.999998 0.00111131 -0.00184298 -0.00109636 0.999964 0.00841449 0.00185251 -0.00841276 0.999963 0.0331887 -0.12203 -0.141619
FixedParameters: 0 0 0

#Transform 160
Transform: AffineTransform_float_3_3
Parameters: 0.999997 0.00102141 -0.00202369 -0.00100469 0.999965 0.00832845 0.00203196 -0.00832591 0.999963 0.0386187 -0.118514 -0.147342
FixedParameters: 0 0 0

#Transform 161
Transform: AffineTransform_float_3_3
Parameters: 0.999998 0.0011545 -0.00176122 -0.00113995 0.999962 0.00856816 0.00177041 -0.00856565 0.999962 0.0335613 -0.124058 -0.147603
FixedParameters: 0 0 0

#Transform 162
Transform: AffineTransform_float_3_3
Parameters: 0.999998 0.00116052 -0.0017613 -0.00114588 0.999961 0.0088407 0.00177159 -0.00883898 0.99996 0.0297076 -0.124328 -0.145471
FixedParameters: 0 0 0

#Transform 163
Transform: AffineTransform_float_3_3
Parameters: 0.999998 0.000929216 -0.0019508 -0.000911941 0.999961 0.00878427 0.00195821 -0.00878224 0.99996 0.0487919 -0.110328 -0.142194
FixedParameters: 0 0 0

#Transform 164
Transform: AffineTransform_float_3_3
Parameters: 0.999998 0.000598029 -0.00181322 -0.000582042 0.999957 0.00923193 0.00181878 -0.00923056 0.999956 0.0560133 -0.134707 -0.228909
FixedParameters: 0 0 0

#Transform 165
Transform: AffineTransform_float_3_3
Parameters: 0.999999 0.000141692 -0.0015693 -0.000128216 0.999961 0.00888743 0.00157049 -0.0088871 0.99996 0.0387029 -0.097504 -0.260931
FixedParameters: 0 0 0

#Transform 166
Transform: AffineTransform_float_3_3
Parameters: 0.999999 0.000112298 -0.00147788 -9.9145e-05 0.999963 0.00857005 0.0014786 -0.0085698 0.999963 0.0370963 -0.0976598 -0.275528
FixedParameters: 0 0 0

#Transform 167
Transform: AffineTransform_float_3_3
Parameters: 0.999999 0.000199238 -0.00129706 -0.000188384 0.999964 0.00852324 0.00129886 -0.00852357 0.999963 0.0329044 -0.0841738 -0.27638
FixedParameters: 0 0 0

#Transform 168
Transform: AffineTransform_float_3_3
Parameters: 0.999999 0.000253344 -0.000825034 -0.000246081 0.999961 0.00878786 0.000826918 -0.0087882 0.999961 0.021239 -0.0911914 -0.303069
FixedParameters: 0 0 0

#Transform 169
Transform: AffineTransform_float_3_3
Parameters: 1 0.00038701 -0.000634343 -0.000381319 0.999962 0.00877927 0.00063771 -0.0087789 0.999961 0.00989716 -0.0871621 -0.313351
FixedParameters: 0 0 0

#Transform 170
Transform: AffineTransform_float_3_3
Parameters: 1 0.00042298 -0.000616059 -0.000418013 0.999964 0.00843271 0.000619878 -0.00843291 0.999965 0.00600544 -0.07358 -0.318731
FixedParameters: 0 0 0

#Transform 171
Transform: AffineTransform_float_3_3
Parameters: 1 0.000494675 -0.000536794 -0.000490331 0.999965 0.00826514 0.000541314 -0.0082647 0.999965 0.00214594 -0.0711253 -0.30761
FixedParameters: 0 0 0

#Transform 172
Transform: AffineTransform_float_3_3
Parameters: 1 0.000458291 -0.000456036 -0.00045454 0.999967 0.00810492 0.000459408 -0.00810458 0.999967 0.00189192 -0.0659373 -0.311321
FixedParameters: 0 0 0

#Transform 173
Transform: AffineTransform_float_3_3
Parameters: 1 0.000428745 -0.000504319 -0.000425014 0.999966 0.00818666 0.000507672 -0.00818693 0.999967 0.00369167 -0.0713198 -0.312136
FixedParameters: 0 0 0

#Transform 174
Transform: AffineTransform_float_3_3
Parameters: 1 0.00041849 -0.000555989 -0.000414189 0.999969 0.00794756 0.000559066 -0.0079472 0.999968 0.00543456 -0.0723443 -0.326649
FixedParameters: 0 0 0

#Transform 175
Transform: AffineTransform_float_3_3
Parameters: 1 0.000442154 -0.000402819 -0.000437751 0.999965 0.00832536 0.000406488 -0.00832505 0.999965 0.00396973 -0.0737005 -0.333559
FixedParameters: 0 0 0

#Transform 176
Transform: AffineTransform_float_3_3
Parameters: 1 0.000370262 -0.000551341 -0.000365498 0.999964 0.00844863 0.000553855 -0.00844832 0.999964 0.0080746 -0.0681177 -0.343153
FixedParameters: 0 0 0

#Transform 177
Transform: AffineTransform_float_3_3
Parameters: 1 0.000424866 -0.000473377 -0.000420521 0.999964 0.00844764 0.000476372 -0.00844732 0.999964 0.00356642 -0.0812266 -0.339291
FixedParameters: 0 0 0

#Transform 178
Transform: AffineTransform_float_3_3
Parameters: 1 0.00046507 -0.000450728 -0.000461889 0.999963 0.00856487 0.000454925 -0.00856455 0.999963 0.00165364 -0.0759318 -0.341446
FixedParameters: 0 0 0

#Transform 179
Transform: AffineTransform_float_3_3
Parameters: 1 0.000526233 -0.000406199 -0.000522321 0.999967 0.00817024 0.000410289 -0.00817067 0.999966 -0.0030379 -0.0653094 -0.341875
FixedParameters: 0 0 0

#Transform 180
Transform: AffineTransform_float_3_3
Parameters: 1 0.000597291 -0.000461303 -0.000593877 0.999967 0.00811815 0.000466053 -0.00811769 0.999967 -0.00699437 -0.0619522 -0.340227
FixedParameters: 0 0 0

#Transform 181
Transform: AffineTransform_float_3_3
Parameters: 1 0.00051362 -0.000442026 -0.000510095 0.999967 0.00808303 0.00044626 -0.00808326 0.999968 -0.00634602 -0.0629682 -0.335361
FixedParameters: 0 0 0

#Transform 182
Transform: AffineTransform_float_3_3
Parameters: 1 0.000480184 -0.000384528 -0.000476803 0.999968 0.00796653 0.000387722 -0.00796623 0.999968 -0.00421762 -0.0599855 -0.327971
FixedParameters: 0 0 0

#Transform 183
Transform: AffineTransform_float_3_3
Parameters: 1 0.000579086 -0.000357365 -0.000577321 0.999967 0.00817761 0.000361861 -0.00817728 0.999967 -0.00953751 -0.0563878 -0.333085
FixedParameters: 0 0 0

#Transform 184
Transform: AffineTransform_float_3_3
Parameters: 1 0.000491755 -0.000272567 -0.000489526 0.999966 0.00830348 0.000277059 -0.00830326 0.999966 -0.00959976 -0.0565344 -0.347367
FixedParameters: 0 0 0

#Transform 185
Transform: AffineTransform_float_3_3
Parameters: 1 0.000348853 -0.000214683 -0.000347124 0.999965 0.00836741 0.000217745 -0.0083673 0.999965 -0.00165832 -0.0494665 -0.344822
FixedParameters: 0 0 0

#Transform 186
Transform: AffineTransform_float_3_3
Parameters: 1 0.000198396 -0.000323497 -0.000195812 0.999965 0.00828126 0.000324485 -0.00828119 0.999965 0.00578008 -0.0448825 -0.361599
FixedParameters: 0 0 0

#Transform 187
Transform: AffineTransform_float_3_3
Parameters: 1 0.000373353 -4.56572e-05 -0.000372652 0.999963 0.00858416 4.83287e-05 -0.00858413 0.999963 -0.00626701 -0.0607622 -0.354309
FixedParameters: 0 0 0

#Transform 188
Transform: AffineTransform_float_3_3
Parameters: 1 0.00038339 -0.000110668 -0.000381598 0.999964 0.00844887 0.000113439 -0.00844879 0.999965 -0.00381145 -0.0523826 -0.380152
FixedParameters: 0 0 0

#Transform 189
Transform: AffineTransform_float_3_3
Parameters: 1 0.000710356 0.000320681 -0.000712523 0.999966 0.00818756 -0.000315316 -0.00818796 0.999967 -0.0311733 -0.0569702 -0.375056
FixedParameters: 0 0 0
