#Insight Transform File V1.0
#Transform 0
Transform: AffineTransform_float_3_3
Parameters: 1 -0.000177018 1.06028e-05 0.00017645 1 -0.000189522 -1.13517e-05 0.000189492 1 0.0126284 0.0140567 0.082517
FixedParameters: 0 0 0

#Transform 1
Transform: AffineTransform_float_3_3
Parameters: 1 -0.000203141 -8.95043e-06 0.000203128 0.999999 -0.000741165 9.25154e-06 0.000741161 0.999999 0.0169972 0.0287143 0.0459634
FixedParameters: 0 0 0

#Transform 2
Transform: AffineTransform_float_3_3
Parameters: 1 -0.000155976 2.38505e-05 0.000156012 0.999999 -0.000746784 -2.36175e-05 0.000746791 0.999999 0.0128117 0.0305464 0.0345109
FixedParameters: 0 0 0

#Transform 3
Transform: AffineTransform_float_3_3
Parameters: 1 -0.000151503 2.91061e-05 0.000151511 1 -0.000135309 -2.90651e-05 0.000135318 1 0.0128675 0.00876646 0.0523105
FixedParameters: 0 0 0

#Transform 4
Transform: AffineTransform_float_3_3
Parameters: 1 -1.1531e-06 3.24229e-07 1.15311e-06 1 -2.69734e-05 -3.24167e-07 2.69734e-05 1 0.00926394 -0.00949163 0.0739481
FixedParameters: 0 0 0

#Transform 5
Transform: AffineTransform_float_3_3
Parameters: 1 -9.62752e-05 7.09443e-05 9.62462e-05 1 0.000204171 -7.09836e-05 -0.000204157 1 0.0155415 -0.000218385 0.0644773
FixedParameters: 0 0 0

#Transform 6
Transform: AffineTransform_float_3_3
Parameters: 1 -0.000110191 8.06836e-05 0.000110158 1 0.000204885 -8.07287e-05 -0.000204867 1 0.00711675 -0.0134949 0.0685574
FixedParameters: 0 0 0

#Transform 7
Transform: AffineTransform_float_3_3
Parameters: 1 -0.000147103 0.000230133 0.000147062 1 8.91666e-05 -0.000230159 -8.90989e-05 1 0.00473959 0.0368638 0.023766
FixedParameters: 0 0 0

#Transform 8
Transform: AffineTransform_float_3_3
Parameters: 1 -0.000237957 8.10096e-05 0.000238495 1 0.000210386 -8.0294e-05 -0.000210313 1 -0.00780676 0.0450982 0.0167933
FixedParameters: 0 0 0

#Transform 9
Transform: AffineTransform_float_3_3
Parameters: 1 -0.000141579 -0.000205328 0.000141596 1 4.25944e-05 0.000205316 -4.26525e-05 1 -0.00916316 0.0134714 0.0548669
FixedParameters: 0 0 0

#Transform 10
Transform: AffineTransform_float_3_3
Parameters: 1 -4.74806e-05 -7.58809e-05 4.74973e-05 1 0.000110222 7.58704e-05 -0.000110229 1 -0.0140244 0.0181653 0.0575291
FixedParameters: 0 0 0

#Transform 11
Transform: AffineTransform_float_3_3
Parameters: 1 0.000220113 -0.000280393 -0.000220062 1 9.13852e-05 0.000280433 -9.12618e-05 1 -0.00649392 0.020734 0.0585379
FixedParameters: 0 0 0

#Transform 12
Transform: AffineTransform_float_3_3
Parameters: 1 2.44703e-06 -8.99068e-05 -2.47479e-06 1 -0.000154336 8.9906e-05 0.000154337 1 -0.00556223 0.0423285 0.00967979
FixedParameters: 0 0 0

#Transform 13
Transform: AffineTransform_float_3_3
Parameters: 1 0.000219569 -3.6824e-05 -0.000219566 1 4.32311e-05 3.68429e-05 -4.3215e-05 1 -0.0171602 0.0397229 -7.07026e-07
FixedParameters: 0 0 0

#Transform 14
Transform: AffineTransform_float_3_3
Parameters: 1 -0.000138188 -0.000206288 0.000138239 1 0.000121517 0.000206254 -0.000121574 1 -0.0069762 -0.00457702 0.0473519
FixedParameters: 0 0 0

#Transform 15
Transform: AffineTransform_float_3_3
Parameters: 1 -4.72515e-05 -7.00603e-05 4.72564e-05 1 3.52082e-05 7.0057e-05 -3.52149e-05 1 -0.0111388 -0.0135614 0.0538557
FixedParameters: 0 0 0

#Transform 16
Transform: AffineTransform_float_3_3
Parameters: 1 -4.61126e-05 -4.68385e-05 4.60882e-05 1 -0.000259852 4.68624e-05 0.000259847 1 -0.00804778 0.00724475 0.0568037
FixedParameters: 0 0 0

#Transform 17
Transform: AffineTransform_float_3_3
Parameters: 1 0.000129357 -0.000236178 -0.000129433 1 -0.00016149 0.000236136 0.000161551 1 -0.00215843 0.0360916 0.0330873
FixedParameters: 0 0 0

#Transform 18
Transform: AffineTransform_float_3_3
Parameters: 1 0.00051188 7.86947e-05 -0.000511993 0.999999 0.000718744 -7.79587e-05 -0.000718824 0.999999 -0.00287149 0.00645898 -0.00277693
FixedParameters: 0 0 0

#Transform 19
Transform: AffineTransform_float_3_3
Parameters: 1 6.70539e-06 -1.8841e-06 -6.7048e-06 1 0.000156845 1.8862e-06 -0.000156845 1 0.00594753 -0.0134978 0.0454814
FixedParameters: 0 0 0

#Transform 20
Transform: AffineTransform_float_3_3
Parameters: 1 7.48992e-05 -4.95103e-05 -7.48834e-05 1 0.000159368 4.95342e-05 -0.00015936 1 -0.0190167 0.0285337 0.0123651
FixedParameters: 0 0 0

#Transform 21
Transform: AffineTransform_float_3_3
Parameters: 1 -5.1249e-07 1.44094e-07 5.12493e-07 1 -1.19882e-05 -1.44082e-07 1.19882e-05 1 0.0114307 -0.00270855 0.0458015
FixedParameters: 0 0 0

#Transform 22
Transform: AffineTransform_float_3_3
Parameters: 1 -0.000176474 0.000188319 0.000176495 1 -5.62238e-05 -0.000188299 5.62903e-05 1 0.00822337 -0.0100436 -0.0543808
FixedParameters: 0 0 0

#Transform 23
Transform: AffineTransform_float_3_3
Parameters: 1 3.58922e-05 4.9721e-05 -3.58943e-05 1 2.10831e-05 -4.97195e-05 -2.10866e-05 1 0.00884109 -0.0131158 -0.035224
FixedParameters: 0 0 0

#Transform 24
Transform: AffineTransform_float_3_3
Parameters: 1 0.000301399 0.000405585 -0.000301679 1 0.000344207 -0.000405377 -0.000344452 1 -0.00399274 0.0193082 -0.0251692
FixedParameters: 0 0 0

#Transform 25
Transform: AffineTransform_float_3_3
Parameters: 1 0.000245438 -0.000171552 -0.000245437 1 4.50455e-06 0.000171554 -4.42034e-06 1 -0.00902455 0.0162581 0.0444019
FixedParameters: 0 0 0

#Transform 26
Transform: AffineTransform_float_3_3
Parameters: 1 0.000113678 -0.00029376 -0.000113701 1 -3.83871e-05 0.000293751 3.84539e-05 1 -0.00957548 0.000741717 0.0458347
FixedParameters: 0 0 0

#Transform 27
Transform: AffineTransform_float_3_3
Parameters: 1 0.000143045 -0.000333761 -0.000143024 1 3.19629e-05 0.00033377 -3.18674e-05 1 -0.00892113 0.013341 0.0368369
FixedParameters: 0 0 0

#Transform 28
Transform: AffineTransform_float_3_3
Parameters: 1 9.01344e-05 -0.000432592 -9.01821e-05 1 -5.50599e-05 0.000432582 5.51379e-05 1 -0.00774312 0.00144522 0.0361294
FixedParameters: 0 0 0

#Transform 29
Transform: AffineTransform_float_3_3
Parameters: 1 -1.88449e-05 -0.000261912 1.88657e-05 1 3.96946e-05 0.00026191 -3.97044e-05 1 -0.0104858 -0.00460722 0.0620065
FixedParameters: 0 0 0

#Transform 30
Transform: AffineTransform_float_3_3
Parameters: 1 0.000111467 -7.72921e-05 -0.000111461 1 3.63559e-05 7.73002e-05 -3.63387e-05 1 -0.0130451 0.00751795 0.0720994
FixedParameters: 0 0 0

#Transform 31
Transform: AffineTransform_float_3_3
Parameters: 1 0.000248076 -0.000174367 -0.000248093 1 -4.86934e-05 0.000174343 4.87799e-05 1 -0.011384 0.0218699 0.051713
FixedParameters: 0 0 0

#Transform 32
Transform: AffineTransform_float_3_3
Parameters: 1 0.000182965 -0.000130006 -0.000182994 1 -0.000113463 0.000129964 0.000113511 1 -0.0114024 0.0251662 0.0431392
FixedParameters: 0 0 0

#Transform 33
Transform: AffineTransform_float_3_3
Parameters: 1 0.000227926 -0.000245498 -0.000227912 1 2.94031e-05 0.000245511 -2.92912e-05 1 -0.0108512 0.010604 0.0585617
FixedParameters: 0 0 0

#Transform 34
Transform: AffineTransform_float_3_3
Parameters: 1 8.4614e-05 3.44537e-05 -8.46033e-05 1 -0.000155355 -3.448e-05 0.00015535 1 -0.0147259 -0.0381894 0.0997343
FixedParameters: 0 0 0

#Transform 35
Transform: AffineTransform_float_3_3
Parameters: 1 0.000116892 5.13877e-05 -0.000116851 1 -0.000401775 -5.14816e-05 0.000401763 1 -0.0147219 0.0391872 0.0727252
FixedParameters: 0 0 0

#Transform 36
Transform: AffineTransform_float_3_3
Parameters: 1 6.87217e-05 0.000132644 -6.8596e-05 1 -0.000473815 -0.000132709 0.000473796 1 -0.0161748 0.0264136 0.0907462
FixedParameters: 0 0 0

#Transform 37
Transform: AffineTransform_float_3_3
Parameters: 1 -0.000139464 0.000344955 0.000139428 1 5.21969e-05 -0.00034497 -5.21007e-05 1 -0.0146978 0.0348702 0.0567497
FixedParameters: 0 0 0

#Transform 38
Transform: AffineTransform_float_3_3
Parameters: 1 0.00022939 0.000318906 -0.000229467 1 0.000120076 -0.000318851 -0.000120222 1 -0.0164051 -0.0253326 0.0628777
FixedParameters: 0 0 0

#Transform 39
Transform: AffineTransform_float_3_3
Parameters: 1 0.000248241 0.000367492 -0.000248109 1 -0.000179454 -0.000367581 0.000179271 1 -0.00586393 0.0374195 -0.0679422
FixedParameters: 0 0 0

#Transform 40
Transform: AffineTransform_float_3_3
Parameters: 1 0.000239008 0.000338742 -0.000239033 1 3.58137e-05 -0.000338725 -3.59756e-05 1 -0.0115127 0.0192182 -0.0691379
FixedParameters: 0 0 0

#Transform 41
Transform: AffineTransform_float_3_3
Parameters: 1 -2.74583e-05 0.000244637 2.75013e-05 1 -8.79689e-05 -0.000244632 8.79823e-05 1 -0.010581 0.01354 -0.063725
FixedParameters: 0 0 0

#Transform 42
Transform: AffineTransform_float_3_3
Parameters: 0.999999 0.000276338 0.00068353 -0.00027626 0.999999 -3.84899e-05 -0.000683587 3.77699e-05 1 -0.0144189 -0.031248 -0.0217326
FixedParameters: 0 0 0

#Transform 43
Transform: AffineTransform_float_3_3
Parameters: 0.999999 0.000113922 0.000738056 -0.000113825 1 -6.61501e-05 -0.000738071 6.59821e-05 0.999999 -0.0103176 0.0099262 -0.0384518
FixedParameters: 0 0 0

#Transform 44
Transform: AffineTransform_float_3_3
Parameters: 1 0.000101804 0.000428326 -0.000102227 1 -0.000461729 -0.000427849 0.000461613 1 -0.0139332 -0.0629283 -0.0081884
FixedParameters: 0 0 0

#Transform 45
Transform: AffineTransform_float_3_3
Parameters: 1 0.000250872 0.000370675 -0.000250745 1 -0.000171522 -0.000370761 0.000171336 1 -0.0086857 0.0350346 -0.0758376
FixedParameters: 0 0 0

#Transform 46
Transform: AffineTransform_float_3_3
Parameters: 1 -1.43013e-05 0.000206427 1.4331e-05 1 -7.19779e-05 -0.000206425 7.19838e-05 1 -0.00967089 0.0143408 -0.0766458
FixedParameters: 0 0 0

#Transform 47
Transform: AffineTransform_float_3_3
Parameters: 1 0.000234425 0.000332187 -0.000234448 1 3.59339e-05 -0.00033217 -3.60897e-05 1 -0.012042 0.00780034 -0.0517457
FixedParameters: 0 0 0

#Transform 48
Transform: AffineTransform_float_3_3
Parameters: 1 0.000232133 0.000328909 -0.000232156 1 3.5994e-05 -0.000328893 -3.61467e-05 1 -0.00896105 0.0155375 -0.0451094
FixedParameters: 0 0 0

#Transform 49
Transform: AffineTransform_float_3_3
Parameters: 1 0.000238749 0.000332943 -0.000238823 1 0.000110829 -0.00033289 -0.000110988 1 -0.011993 0.0180177 -0.056572
FixedParameters: 0 0 0

#Transform 50
Transform: AffineTransform_float_3_3
Parameters: 1 0.000350512 0.000331044 -0.000350786 1 0.00041429 -0.000330753 -0.000414522 1 -0.0144834 0.0149093 -0.0690168
FixedParameters: 0 0 0

#Transform 51
Transform: AffineTransform_float_3_3
Parameters: 1 0.000121336 -7.1392e-05 -0.000121229 0.999999 0.000745704 7.15729e-05 -0.000745687 0.999999 -0.0267287 0.0150512 0.0424065
FixedParameters: 0 0 0

#Transform 52
Transform: AffineTransform_float_3_3
Parameters: 1 0.000278459 8.24761e-05 -0.000278505 1 0.000279348 -8.23205e-05 -0.000279394 1 -0.0295659 0.0570389 0.0569468
FixedParameters: 0 0 0

#Transform 53
Transform: AffineTransform_float_3_3
Parameters: 1 0.000272641 0.000175444 -0.000272688 1 0.000134546 -0.000175371 -0.000134642 1 -0.0351646 0.0193088 0.0713781
FixedParameters: 0 0 0

#Transform 54
Transform: AffineTransform_float_3_3
Parameters: 1 0.000359185 6.4257e-05 -0.000359154 1 -0.000236823 -6.44271e-05 0.000236777 1 -0.0300019 -0.0193358 0.0942762
FixedParameters: 0 0 0

#Transform 55
Transform: AffineTransform_float_3_3
Parameters: 1 0.000351211 0.000105847 -0.000351082 1 -0.000606357 -0.000106273 0.000606283 1 -0.033826 0.0604529 0.0454192
FixedParameters: 0 0 0

#Transform 56
Transform: AffineTransform_float_3_3
Parameters: 1 0.00027259 0.000318499 -0.000272338 1 -0.000396287 -0.000318715 0.000396114 1 -0.0256621 0.0648763 0.0546038
FixedParameters: 0 0 0

#Transform 57
Transform: AffineTransform_float_3_3
Parameters: 1 0.000281348 0.000315379 -0.000281204 1 -0.000228539 -0.000315507 0.000228361 1 -0.0285472 0.0172353 0.101261
FixedParameters: 0 0 0

#Transform 58
Transform: AffineTransform_float_3_3
Parameters: 1 0.000216296 0.000353875 -0.000215856 1 -0.000621666 -0.000354144 0.000621513 0.999999 -0.020288 0.0733736 0.0567721
FixedParameters: 0 0 0

#Transform 59
Transform: AffineTransform_float_3_3
Parameters: 1 0.000226587 0.000351006 -0.000226321 1 -0.000378908 -0.000351177 0.000378749 1 -0.0220759 0.073424 0.0234064
FixedParameters: 0 0 0

#Transform 60
Transform: AffineTransform_float_3_3
Parameters: 1 0.000337559 0.000470886 -0.000337705 1 0.000155228 -0.000470781 -0.000155546 1 -0.0248773 0.0590648 0.0167028
FixedParameters: 0 0 0

#Transform 61
Transform: AffineTransform_float_3_3
Parameters: 1 0.000135195 0.000491774 -0.000135429 1 0.000237293 -0.00049171 -0.000237426 1 -0.0370705 0.0285439 0.0628275
FixedParameters: 0 0 0

#Transform 62
Transform: AffineTransform_float_3_3
Parameters: 0.999999 0.000400451 0.000869376 -0.000401153 1 0.000403368 -0.000869052 -0.000404065 0.999999 -0.0285584 0.0372345 0.0169633
FixedParameters: 0 0 0

#Transform 63
Transform: AffineTransform_float_3_3
Parameters: 1 0.000455417 0.000882068 -0.000455928 1 0.00073994 -0.000881949 -0.000739777 0.999999 -0.0278596 0.0321037 -0.00383525
FixedParameters: 0 0 0

#Transform 64
Transform: AffineTransform_float_3_3
Parameters: 1 0.000250181 0.000344448 -0.000250303 1 0.000177537 -0.000344359 -0.000177709 1 -0.033026 0.0698817 0.0419888
FixedParameters: 0 0 0

#Transform 65
Transform: AffineTransform_float_3_3
Parameters: 1 0.000288359 0.000414084 -0.000288333 1 -3.14927e-05 -0.000414102 3.12539e-05 1 -0.0326902 0.0162182 0.06233
FixedParameters: 0 0 0

#Transform 66
Transform: AffineTransform_float_3_3
Parameters: 0.999999 0.000268696 0.000811022 -0.000269116 1 0.000734243 -0.000811267 -0.000733713 0.999999 -0.0280308 0.0381964 0.0190927
FixedParameters: 0 0 0

#Transform 67
Transform: AffineTransform_float_3_3
Parameters: 0.999999 0.000430133 0.000739998 -0.000431356 0.999999 0.00136352 -0.00073948 -0.00136413 0.999999 -0.0286369 0.0323182 -0.00508682
FixedParameters: 0 0 0

#Transform 68
Transform: AffineTransform_float_3_3
Parameters: 0.999999 0.00044593 0.0007168 -0.000446992 0.999999 0.00129551 -0.0007163 -0.00129612 0.999999 -0.0290587 0.0358601 -0.00702753
FixedParameters: 0 0 0

#Transform 69
Transform: AffineTransform_float_3_3
Parameters: 1 0.000187235 0.000400899 -0.000187171 1 0.000881096 -0.00040121 -0.00088028 1 -0.0307436 0.0721075 0.0379918
FixedParameters: 0 0 0

#Transform 70
Transform: AffineTransform_float_3_3
Parameters: 1 0.000270307 0.000338876 -0.000270749 1 0.000652063 -0.000338524 -0.000652247 0.999999 -0.0288013 0.0860585 0.0293157
FixedParameters: 0 0 0

#Transform 71
Transform: AffineTransform_float_3_3
Parameters: 1 0.000266282 0.000339989 -0.00026666 1 0.000557158 -0.000339692 -0.000557339 1 -0.0182998 0.0940568 0.00411585
FixedParameters: 0 0 0

#Transform 72
Transform: AffineTransform_float_3_3
Parameters: 0.999999 0.000329458 0.000680655 -0.000330683 0.999999 0.000865169 -0.000680153 -0.00086468 0.999999 -0.0238122 0.0752172 -0.0250719
FixedParameters: 0 0 0

#Transform 73
Transform: AffineTransform_float_3_3
Parameters: 1 0.000249237 0.000541304 -0.000249017 1 0.0010598 -0.000540618 -0.00106 1 -0.0322944 0.0689278 0.00949057
FixedParameters: 0 0 0

#Transform 74
Transform: AffineTransform_float_3_3
Parameters: 1 0.000221938 0.000616911 -0.000222313 1 0.000947733 -0.000617147 -0.00094798 1 -0.024328 0.0529081 0.0329078
FixedParameters: 0 0 0

#Transform 75
Transform: AffineTransform_float_3_3
Parameters: 0.999999 0.000356232 0.000808561 -0.000357588 1 0.00080944 -0.000808052 -0.000809079 0.999999 -0.0223845 0.0452857 -0.00248415
FixedParameters: 0 0 0

#Transform 76
Transform: AffineTransform_float_3_3
Parameters: 1 0.000455238 0.000873604 -0.000455851 0.999999 0.000805912 -0.000873425 -0.000805741 0.999999 -0.025752 0.0460961 -0.010671
FixedParameters: 0 0 0

#Transform 77
Transform: AffineTransform_float_3_3
Parameters: 0.999999 0.000488109 0.0006249 -0.000488572 1 0.00100635 -0.000624574 -0.00100693 1 -0.0248302 0.0335689 0.0139454
FixedParameters: 0 0 0

#Transform 78
Transform: AffineTransform_float_3_3
Parameters: 1 0.00055643 0.000711734 -0.000557261 0.999999 0.00115952 -0.000711014 -0.00116028 0.999999 -0.0216785 0.0335211 0.00708158
FixedParameters: 0 0 0

#Transform 79
Transform: AffineTransform_float_3_3
Parameters: 0.999999 0.000557329 0.000704616 -0.000558332 0.999999 0.00127651 -0.000703848 -0.00127727 0.999999 -0.0228497 0.0315238 -0.0142317
FixedParameters: 0 0 0

#Transform 80
Transform: AffineTransform_float_3_3
Parameters: 0.999999 0.000520226 0.000663969 -0.000520895 1 0.00110249 -0.000663478 -0.00110316 0.999999 -0.019361 0.061673 -0.0454417
FixedParameters: 0 0 0

#Transform 81
Transform: AffineTransform_float_3_3
Parameters: 0.999999 0.000480406 0.000605528 -0.00048097 1 0.00112257 -0.000605106 -0.00112312 0.999999 -0.0178296 0.0721373 -0.0700638
FixedParameters: 0 0 0

#Transform 82
Transform: AffineTransform_float_3_3
Parameters: 0.999999 0.000477235 0.000590777 -0.000477934 0.999999 0.00126467 -0.000590226 -0.00126521 0.999999 -0.0179892 0.0759241 -0.0647256
FixedParameters: 0 0 0

#Transform 83
Transform: AffineTransform_float_3_3
Parameters: 0.999999 0.000501461 0.000598785 -0.000502672 0.999998 0.00163654 -0.000597867 -0.00163617 0.999999 -0.0178021 0.0370403 -0.0611333
FixedParameters: 0 0 0

#Transform 84
Transform: AffineTransform_float_3_3
Parameters: 1 0.000326413 0.000615251 -0.000327976 0.999999 0.00125144 -0.000614517 -0.00125184 0.999999 -0.0151429 0.0761229 -0.078371
FixedParameters: 0 0 0

#Transform 85
Transform: AffineTransform_float_3_3
Parameters: 1 0.000444968 0.000535152 -0.000445666 0.999999 0.00139555 -0.000534566 -0.001396 0.999999 -0.0178846 0.0419669 -0.0434202
FixedParameters: 0 0 0

#Transform 86
Transform: AffineTransform_float_3_3
Parameters: 0.999999 0.000422356 0.000646537 -0.000423138 0.999999 0.00121965 -0.000646162 -0.00122017 0.999999 -0.0186768 0.0119013 -0.0442461
FixedParameters: 0 0 0

#Transform 87
Transform: AffineTransform_float_3_3
Parameters: 0.999999 0.000414532 0.000685419 -0.000415353 0.999999 0.0011794 -0.000685098 -0.00117994 0.999999 -0.0181561 0.0337751 -0.0708054
FixedParameters: 0 0 0

#Transform 88
Transform: AffineTransform_float_3_3
Parameters: 0.999999 0.00057409 0.000703936 -0.000575624 0.999998 0.00162157 -0.000702798 -0.00162141 0.999999 -0.0212683 0.023208 -0.055399
FixedParameters: 0 0 0

#Transform 89
Transform: AffineTransform_float_3_3
Parameters: 0.999999 0.000518675 0.000693671 -0.000518817 1 0.000657946 -0.000693629 -0.000657699 1 -0.0179093 -0.00834811 -0.0670935
FixedParameters: 0 0 0

#Transform 90
Transform: AffineTransform_float_3_3
Parameters: 0.999999 0.000502857 0.000653092 -0.000503272 0.999999 0.000908404 -0.000652818 -0.000908095 0.999999 -0.0194291 0.0617909 -0.0876463
FixedParameters: 0 0 0

#Transform 91
Transform: AffineTransform_float_3_3
Parameters: 0.999999 0.000531577 0.000683322 -0.000532229 1 0.00105918 -0.000682852 -0.00105988 0.999999 -0.0200014 0.0627049 -0.0873413
FixedParameters: 0 0 0

#Transform 92
Transform: AffineTransform_float_3_3
Parameters: 0.999999 0.000528739 0.000670435 -0.000529529 0.999999 0.00118227 -0.000669841 -0.00118295 0.999999 -0.02037 0.0568284 -0.0739403
FixedParameters: 0 0 0

#Transform 93
Transform: AffineTransform_float_3_3
Parameters: 0.999999 0.000590424 0.00074928 -0.000591599 0.999999 0.00131462 -0.000748383 -0.00131547 0.999999 -0.0231026 0.0231613 -0.057811
FixedParameters: 0 0 0

#Transform 94
Transform: AffineTransform_float_3_3
Parameters: 0.999999 0.000508969 0.000625077 -0.000509949 0.999999 0.00141984 -0.000624287 -0.00142045 0.999999 -0.0208885 0.0208944 -0.087384
FixedParameters: 0 0 0

#Transform 95
Transform: AffineTransform_float_3_3
Parameters: 1 0.000495509 0.000471307 -0.000495936 0.999999 0.00129654 -0.000470679 -0.00129698 0.999999 -0.0156384 0.0202099 -0.125416
FixedParameters: 0 0 0

#Transform 96
Transform: AffineTransform_float_3_3
Parameters: 0.999999 0.000529016 0.000525487 -0.000529697 0.999999 0.00140482 -0.000524657 -0.00140534 0.999999 -0.0237122 0.00451369 -0.09853
FixedParameters: 0 0 0

#Transform 97
Transform: AffineTransform_float_3_3
Parameters: 1 0.000432498 0.000509267 -0.000433237 0.999999 0.0015069 -0.00050862 -0.00150731 0.999998 -0.0197651 -0.00533515 -0.0823202
FixedParameters: 0 0 0

#Transform 98
Transform: AffineTransform_float_3_3
Parameters: 0.999999 0.000545175 0.000571111 -0.000545572 1 0.00104329 -0.00057063 -0.00104389 1 -0.0252406 -0.020115 -0.101991
FixedParameters: 0 0 0

#Transform 99
Transform: AffineTransform_float_3_3
Parameters: 1 0.000325583 0.000389098 -0.000325606 1 0.00105069 -0.000389071 -0.00105092 1 -0.0154997 0.0162681 -0.141034
FixedParameters: 0 0 0

#Transform 100
Transform: AffineTransform_float_3_3
Parameters: 1 0.000386192 0.000346754 -0.000386124 1 0.00104758 -0.000346602 -0.00104782 1 -0.0139792 0.023103 -0.148063
FixedParameters: 0 0 0

#Transform 101
Transform: AffineTransform_float_3_3
Parameters: 1 0.000356048 0.00028609 -0.000356671 1 0.00104814 -0.000285428 -0.00104835 1 -0.012886 0.0187182 -0.140226
FixedParameters: 0 0 0

#Transform 102
Transform: AffineTransform_float_3_3
Parameters: 1 0.000376364 0.00035362 -0.00037631 1 0.00104809 -0.000353489 -0.00104833 1 -0.0164756 0.0317454 -0.153236
FixedParameters: 0 0 0

#Transform 103
Transform: AffineTransform_float_3_3
Parameters: 1 0.000352917 0.000285211 -0.000353466 0.999999 0.00087857 -0.000284659 -0.000877834 1 -0.0171214 0.0264793 -0.155191
FixedParameters: 0 0 0

#Transform 104
Transform: AffineTransform_float_3_3
Parameters: 1 0.000357993 0.000277942 -0.000357546 0.999999 0.000668631 -0.000278036 -0.000668802 0.999999 -0.0156284 0.0116401 -0.14756
FixedParameters: 0 0 0

#Transform 105
Transform: AffineTransform_float_3_3
Parameters: 1 0.0003191 0.000301142 -0.000318551 1 0.000448361 -0.000301428 -0.000448525 1 -0.0130889 0.010698 -0.175017
FixedParameters: 0 0 0

#Transform 106
Transform: AffineTransform_float_3_3
Parameters: 1 0.000378792 0.000261446 -0.000379084 1 0.000559405 -0.000261022 -0.000559603 1 -0.0144737 0.00770665 -0.177347
FixedParameters: 0 0 0

#Transform 107
Transform: AffineTransform_float_3_3
Parameters: 1 0.000376098 0.000266367 -0.000376485 0.999999 0.00072774 -0.000265819 -0.000727941 0.999999 -0.0153194 0.00583268 -0.173801
FixedParameters: 0 0 0

#Transform 108
Transform: AffineTransform_float_3_3
Parameters: 1 0.000299078 0.000252077 -0.000299349 1 0.0005377 -0.000251755 -0.000537851 1 -0.0134222 0.0128638 -0.160189
FixedParameters: 0 0 0

#Transform 109
Transform: AffineTransform_float_3_3
Parameters: 1 0.00034717 0.000283345 -0.000347481 1 0.000549008 -0.000282964 -0.000549205 1 -0.0123831 0.0303139 -0.183268
FixedParameters: 0 0 0

#Transform 110
Transform: AffineTransform_float_3_3
Parameters: 1 0.0003234 0.000215226 -0.000323652 1 0.000586272 -0.000214846 -0.000586412 1 -0.00802295 0.0458371 -0.194307
FixedParameters: 0 0 0

#Transform 111
Transform: AffineTransform_float_3_3
Parameters: 1 0.000363018 0.000277263 -0.000363476 0.999999 0.000825524 -0.000276663 -0.000825725 0.999999 -0.0118528 0.0388544 -0.187715
FixedParameters: 0 0 0

#Transform 112
Transform: AffineTransform_float_3_3
Parameters: 1 0.000354298 0.000281392 -0.000353883 0.999999 0.000716877 -0.000281456 -0.000717048 0.999999 -0.0143477 0.0151838 -0.163148
FixedParameters: 0 0 0

#Transform 113
Transform: AffineTransform_float_3_3
Parameters: 1 0.000327275 0.000229659 -0.000327603 1 0.000657013 -0.000229193 -0.000656821 0.999999 -0.00827394 0.0417766 -0.191512
FixedParameters: 0 0 0

#Transform 114
Transform: AffineTransform_float_3_3
Parameters: 1 0.000329522 0.000179026 -0.000329825 0.999999 0.000844839 -0.000178469 -0.000844957 0.999999 -0.00675041 0.036433 -0.213726
FixedParameters: 0 0 0

#Transform 115
Transform: AffineTransform_float_3_3
Parameters: 1 0.000418161 0.000241244 -0.000417856 0.999999 0.000965376 -0.000241078 -0.000964611 1 -0.0128867 0.021379 -0.176568
FixedParameters: 0 0 0

#Transform 116
Transform: AffineTransform_float_3_3
Parameters: 1 0.000398244 0.000252297 -0.000398649 0.999999 0.0008047 -0.000251655 -0.000804901 0.999999 -0.0130057 -0.0123641 -0.186629
FixedParameters: 0 0 0

#Transform 117
Transform: AffineTransform_float_3_3
Parameters: 1 0.000439841 0.000224858 -0.000440292 0.999999 0.000896154 -0.000224138 -0.000895413 1 -0.00943523 0.0228293 -0.219255
FixedParameters: 0 0 0

#Transform 118
Transform: AffineTransform_float_3_3
Parameters: 1 0.000424673 0.00022972 -0.000424938 0.999999 0.000577083 -0.000229229 -0.000577278 1 -0.0137476 0.00340442 -0.187165
FixedParameters: 0 0 0

#Transform 119
Transform: AffineTransform_float_3_3
Parameters: 1 0.000406032 0.000245983 -0.000405586 0.999999 0.000756281 -0.000245941 -0.000756452 0.999999 -0.0129137 -0.000679162 -0.19051
FixedParameters: 0 0 0

#Transform 120
Transform: AffineTransform_float_3_3
Parameters: 1 0.000436944 0.000228445 -0.00043744 0.999999 0.000982403 -0.000227655 -0.000981664 1 -0.0134361 0.0230329 -0.216771
FixedParameters: 0 0 0

#Transform 121
Transform: AffineTransform_float_3_3
Parameters: 1 0.000452695 0.000218567 -0.000452356 1 0.00104324 -0.00021828 -0.00104341 1 -0.0115252 0.0188246 -0.19403
FixedParameters: 0 0 0

#Transform 122
Transform: AffineTransform_float_3_3
Parameters: 1 0.000454352 0.00031786 -0.0004549 0.999999 0.000863101 -0.000317075 -0.000863389 0.999999 -0.015893 0.018406 -0.146117
FixedParameters: 0 0 0

#Transform 123
Transform: AffineTransform_float_3_3
Parameters: 1 0.000425056 0.000229616 -0.000424506 0.999999 0.00058611 -0.00022969 -0.000586277 1 -0.013419 0.0260414 -0.173275
FixedParameters: 0 0 0

#Transform 124
Transform: AffineTransform_float_3_3
Parameters: 1 0.000449192 0.000213955 -0.00044947 0.999999 0.000651921 -0.000213369 -0.000652113 1 -0.010971 0.0284231 -0.196145
FixedParameters: 0 0 0

#Transform 125
Transform: AffineTransform_float_3_3
Parameters: 1 0.000452695 0.000218566 -0.000453174 1 0.0010432 -0.000217706 -0.0010434 1 -0.0131961 0.0234997 -0.17456
FixedParameters: 0 0 0

#Transform 126
Transform: AffineTransform_float_3_3
Parameters: 1 0.000434398 0.000167924 -0.000433977 0.999999 0.00104391 -0.000167658 -0.00104309 1 -0.0117131 0.0122606 -0.187925
FixedParameters: 0 0 0

#Transform 127
Transform: AffineTransform_float_3_3
Parameters: 1 0.000499208 0.000188807 -0.00049968 0.999999 0.00119101 -0.000187702 -0.0011912 1 -0.0109013 0.0135046 -0.180491
FixedParameters: 0 0 0

#Transform 128
Transform: AffineTransform_float_3_3
Parameters: 1 0.000493255 1.85149e-05 -0.000493922 1 0.00125302 -1.81433e-05 -0.00125273 0.999999 -0.00869248 -0.028751 -0.193258
FixedParameters: 0 0 0

#Transform 129
Transform: AffineTransform_float_3_3
Parameters: 1 0.000395312 0.00010628 -0.00039474 1 0.00104941 -0.000106108 -0.00104947 1 -0.00759068 0.0264199 -0.228848
FixedParameters: 0 0 0

#Transform 130
Transform: AffineTransform_float_3_3
Parameters: 1 0.000335537 9.03176e-05 -0.00033638 0.999999 0.00136603 -9.03009e-05 -0.00136613 0.999999 -0.00483159 0.00543725 -0.22971
FixedParameters: 0 0 0

#Transform 131
Transform: AffineTransform_float_3_3
Parameters: 1 0.000586517 1.96444e-05 -0.000586615 1 0.00127109 -1.82028e-05 -0.00127077 0.999999 -0.0146849 -0.00216044 -0.224422
FixedParameters: 0 0 0

#Transform 132
Transform: AffineTransform_float_3_3
Parameters: 1 0.00058925 4.32022e-06 -0.000589857 0.999998 0.00153536 -3.41101e-06 -0.0015354 0.999999 -0.0216689 -0.0151074 -0.195808
FixedParameters: 0 0 0

#Transform 133
Transform: AffineTransform_float_3_3
Parameters: 1 0.000555127 -3.42348e-05 -0.00055508 0.999999 0.00139393 3.57328e-05 -0.00139355 0.999999 -0.0109028 0.0239903 -0.244416
FixedParameters: 0 0 0

#Transform 134
Transform: AffineTransform_float_3_3
Parameters: 1 0.000454157 -0.000161971 -0.000453803 0.999999 0.00116188 0.00016294 -0.00116173 1 -0.0102366 0.0636956 -0.244168
FixedParameters: 0 0 0

#Transform 135
Transform: AffineTransform_float_3_3
Parameters: 1 0.000555885 -9.16238e-06 -0.000555889 1 0.0010632 1.02591e-05 -0.00106319 1 -0.0202527 -0.0308186 -0.219694
FixedParameters: 0 0 0

#Transform 136
Transform: AffineTransform_float_3_3
Parameters: 1 0.000587371 3.69082e-05 -0.000588044 1 0.00104934 -3.65759e-05 -0.00104941 1 -0.0205887 -0.0212444 -0.226704
FixedParameters: 0 0 0

#Transform 137
Transform: AffineTransform_float_3_3
Parameters: 1 0.000604521 4.40091e-05 -0.000604657 0.999999 0.00128994 -4.25346e-05 -0.00129 0.999999 -0.020409 -0.0271594 -0.231388
FixedParameters: 0 0 0

#Transform 138
Transform: AffineTransform_float_3_3
Parameters: 1 0.000576832 5.33822e-05 -0.000576897 0.999999 0.000614574 -5.26731e-05 -0.000614635 1 -0.0205258 -0.0391302 -0.22627
FixedParameters: 0 0 0

#Transform 139
Transform: AffineTransform_float_3_3
Parameters: 1 0.000571773 2.16198e-05 -0.000571862 0.999999 0.000953227 -2.05988e-05 -0.000952313 1 -0.0200433 -0.0170081 -0.235949
FixedParameters: 0 0 0

#Transform 140
Transform: AffineTransform_float_3_3
Parameters: 1 0.000581539 1.9985e-05 -0.000582181 0.999999 0.00116751 -1.95275e-05 -0.00116757 1 -0.0202446 -0.00841688 -0.233905
FixedParameters: 0 0 0

#Transform 141
Transform: AffineTransform_float_3_3
Parameters: 1 0.000551259 -1.86258e-05 -0.000551814 0.999999 0.0011023 1.89406e-05 -0.00110231 1 -0.019006 0.00734483 -0.257944
FixedParameters: 0 0 0

#Transform 142
Transform: AffineTransform_float_3_3
Parameters: 1 0.000578774 9.05168e-06 -0.000579392 0.999999 0.0012636 -8.48936e-06 -0.00126364 0.999999 -0.0192346 0.00833346 -0.259847
FixedParameters: 0 0 0

#Transform 143
Transform: AffineTransform_float_3_3
Parameters: 1 0.000632254 -4.0302e-05 -0.000631924 0.999999 0.00133686 4.05191e-05 -0.00133681 0.999999 -0.0206633 0.00771732 -0.273167
FixedParameters: 0 0 0

#Transform 144
Transform: AffineTransform_float_3_3
Parameters: 1 0.00067492 -4.68266e-05 -0.000675402 0.999999 0.0012088 4.75577e-05 -0.00120878 0.999999 -0.0221385 -0.00808376 -0.242565
FixedParameters: 0 0 0

#Transform 145
Transform: AffineTransform_float_3_3
Parameters: 1 0.000641462 -0.000268258 -0.000641469 0.999999 0.00109561 0.000268763 -0.00109531 1 -0.0199557 -0.0283063 -0.232669
FixedParameters: 0 0 0

#Transform 146
Transform: AffineTransform_float_3_3
Parameters: 1 0.000687599 -0.000205765 -0.000687753 0.999999 0.00107234 0.000206338 -0.00107209 1 -0.0234256 -0.0157545 -0.251811
FixedParameters: 0 0 0

#Transform 147
Transform: AffineTransform_float_3_3
Parameters: 1 0.000672423 -0.000174114 -0.000671798 0.999999 0.00115546 0.000174194 -0.00115523 1 -0.0239633 -0.00454331 -0.2724
FixedParameters: 0 0 0

#Transform 148
Transform: AffineTransform_float_3_3
Parameters: 0.999999 0.000830415 -0.000393997 -0.000829944 0.999998 0.00135245 0.000395341 -0.00135183 0.999999 -0.0243141 -0.0421881 -0.240452
FixedParameters: 0 0 0

#Transform 149
Transform: AffineTransform_float_3_3
Parameters: 0.999999 0.000817453 -0.000288186 -0.000817478 0.999999 0.000988816 0.000288901 -0.000988379 1 -0.0235825 -0.0329768 -0.237637
FixedParameters: 0 0 0

#Transform 150
Transform: AffineTransform_float_3_3
Parameters: 1 0.000514783 -0.000216339 -0.000514358 1 0.00103655 0.000217321 -0.00103633 1 -0.0170296 -0.00745781 -0.263216
FixedParameters: 0 0 0

#Transform 151
Transform: AffineTransform_float_3_3
Parameters: 0.999999 0.000841757 -0.000215161 -0.000841905 0.999999 0.00103965 0.00021601 -0.00103932 1 -0.0229877 -0.0185953 -0.262837
FixedParameters: 0 0 0

#Transform 152
Transform: AffineTransform_float_3_3
Parameters: 1 0.000581759 -0.00017247 -0.000581899 0.999999 0.00131846 0.000173103 -0.00131829 0.999999 -0.0176764 -0.0140351 -0.26712
FixedParameters: 0 0 0

#Transform 153
Transform: AffineTransform_float_3_3
Parameters: 1 0.000526569 -0.00020365 -0.000526631 0.999999 0.00130944 0.000204127 -0.00130926 0.999999 -0.0156228 -0.0199571 -0.272616
FixedParameters: 0 0 0

#Transform 154
Transform: AffineTransform_float_3_3
Parameters: 1 0.00046544 -0.000165898 -0.000465114 1 0.000909636 0.000166728 -0.00091042 0.999999 -0.0124245 -0.0310833 -0.284611
FixedParameters: 0 0 0

#Transform 155
Transform: AffineTransform_float_3_3
Parameters: 1 0.00054861 -0.000243753 -0.000548672 0.999999 0.00109383 0.000244052 -0.0010936 1 -0.0154451 -0.0138635 -0.296196
FixedParameters: 0 0 0

#Transform 156
Transform: AffineTransform_float_3_3
Parameters: 0.999999 0.000746502 -0.000381104 -0.000744995 0.999999 0.000870256 0.000381813 -0.000870598 0.999999 -0.0186893 -0.00659926 -0.271017
FixedParameters: 0 0 0

#Transform 157
Transform: AffineTransform_float_3_3
Parameters: 0.999999 0.000720373 -0.00021292 -0.000719996 1 0.000999486 0.00021431 -0.000998837 0.999999 -0.0155436 -0.0217142 -0.303237
FixedParameters: 0 0 0

#Transform 158
Transform: AffineTransform_float_3_3
Parameters: 1 0.00066009 -0.000236695 -0.000659546 0.999999 0.0011963 0.000238188 -0.00119599 1 -0.0157827 -0.0626976 -0.267128
FixedParameters: 0 0 0

#Transform 159
Transform: AffineTransform_float_3_3
Parameters: 1 0.000477557 -0.000266541 -0.000476833 0.999999 0.00140092 0.000267792 -0.00140066 0.999999 -0.00942765 -0.0234503 -0.313504
FixedParameters: 0 0 0

#Transform 160
Transform: AffineTransform_float_3_3
Parameters: 1 0.00046218 -0.000308773 -0.000461888 0.999999 0.0014381 0.0003092 -0.00143785 0.999999 0.00012793 -0.0471455 -0.355291
FixedParameters: 0 0 0

#Transform 161
Transform: AffineTransform_float_3_3
Parameters: 1 0.000606948 -0.000104906 -0.000606667 0.999999 0.00143829 0.000106566 -0.00143817 0.999999 -0.00539599 -0.035674 -0.383559
FixedParameters: 0 0 0

#Transform 162
Transform: AffineTransform_float_3_3
Parameters: 1 0.000463945 -0.000378253 -0.000463274 0.999999 0.00170449 0.000378847 -0.00170418 0.999999 -0.00493649 -0.0231909 -0.377382
FixedParameters: 0 0 0

#Transform 163
Transform: AffineTransform_float_3_3
Parameters: 1 0.000447719 -0.000338259 -0.000446655 0.999998 0.00160556 0.000339609 -0.00160526 0.999998 -0.00399355 -0.0305234 -0.375599
FixedParameters: 0 0 0

#Transform 164
Transform: AffineTransform_float_3_3
Parameters: 1 0.000438964 -0.000386584 -0.000438402 0.999999 0.00149725 0.000386996 -0.00149694 0.999999 -0.00383468 -0.0464175 -0.369487
FixedParameters: 0 0 0

#Transform 165
Transform: AffineTransform_float_3_3
Parameters: 1 0.000436472 -0.000315363 -0.000436165 0.999999 0.00143111 0.00031571 -0.00143087 0.999999 -0.00563593 -0.0342128 -0.382866
FixedParameters: 0 0 0

#Transform 166
Transform: AffineTransform_float_3_3
Parameters: 1 0.000622796 -0.00012558 -0.000622134 0.999998 0.00184179 0.000126314 -0.00184164 0.999999 -0.0110155 -0.0342972 -0.407217
FixedParameters: 0 0 0

#Transform 167
Transform: AffineTransform_float_3_3
Parameters: 1 0.000479207 -0.000351193 -0.000478494 0.999998 0.00189634 0.000352022 -0.00189604 0.999998 -0.00607019 -0.0427178 -0.393603
FixedParameters: 0 0 0

#Transform 168
Transform: AffineTransform_float_3_3
Parameters: 1 0.000636993 -0.000219625 -0.000636953 0.999999 0.0014437 0.000220563 -0.00144345 0.999999 -0.0175171 -0.0576583 -0.389861
FixedParameters: 0 0 0

#Transform 169
Transform: AffineTransform_float_3_3
Parameters: 1 0.000697132 -0.000141289 -0.000697288 0.999998 0.00155113 0.000142551 -0.00155096 0.999999 -0.0192082 -0.0730733 -0.403224
FixedParameters: 0 0 0

#Transform 170
Transform: AffineTransform_float_3_3
Parameters: 1 0.000704844 -0.000130333 -0.000705148 0.999999 0.0011195 0.00013101 -0.00111935 1 -0.0195426 -0.0727852 -0.39704
FixedParameters: 0 0 0

#Transform 171
Transform: AffineTransform_float_3_3
Parameters: 1 0.000549311 -9.97731e-05 -0.000548297 1 0.000857806 0.000100126 -0.000858607 1 -0.0161497 -0.101562 -0.383513
FixedParameters: 0 0 0

#Transform 172
Transform: AffineTransform_float_3_3
Parameters: 0.999999 0.000702049 -0.000483759 -0.000701792 0.999999 0.000830883 0.000484093 -0.000831177 0.999999 -0.0190591 -0.0241751 -0.254194
FixedParameters: 0 0 0

#Transform 173
Transform: AffineTransform_float_3_3
Parameters: 0.999999 0.000730583 -0.00065239 -0.000729141 0.999999 0.0015425 0.000653724 -0.00154252 0.999998 -0.0122765 -0.0801306 -0.176813
FixedParameters: 0 0 0

#Transform 174
Transform: AffineTransform_float_3_3
Parameters: 0.999999 0.000736248 -0.000366555 -0.000734907 0.999998 0.00152394 0.000367324 -0.00152341 0.999998 -0.0167958 -0.0104043 -0.267483
FixedParameters: 0 0 0

#Transform 175
Transform: AffineTransform_float_3_3
Parameters: 1 0.000552786 -0.000231969 -0.000551772 0.999999 0.00175648 0.000232351 -0.00175623 0.999999 -0.00931928 -0.0212018 -0.293291
FixedParameters: 0 0 0

#Transform 176
Transform: AffineTransform_float_3_3
Parameters: 1 0.000509649 -0.000369456 -0.000508894 0.999998 0.00185781 0.000370361 -0.00185747 0.999998 -0.0122046 -0.0338159 -0.297604
FixedParameters: 0 0 0

#Transform 177
Transform: AffineTransform_float_3_3
Parameters: 0.999999 0.000678155 -0.000334338 -0.000677481 0.999998 0.00193014 0.000335968 -0.00192972 0.999998 -0.0179592 -0.044011 -0.310857
FixedParameters: 0 0 0

#Transform 178
Transform: AffineTransform_float_3_3
Parameters: 0.999999 0.000641266 -0.00044578 -0.00064051 0.999998 0.00215517 0.000446723 -0.00215561 0.999997 -0.0109227 -0.0600958 -0.317893
FixedParameters: 0 0 0

#Transform 179
Transform: AffineTransform_float_3_3
Parameters: 0.999999 0.000710718 -0.000434826 -0.000710164 0.999997 0.00200468 0.000435872 -0.00200413 0.999998 -0.0118752 -0.0889841 -0.315706
FixedParameters: 0 0 0

#Transform 180
Transform: AffineTransform_float_3_3
Parameters: 0.999999 0.000702878 -0.000732418 -0.000700957 0.999997 0.00208962 0.000733496 -0.00208994 0.999998 -0.00640076 -0.114278 -0.293266
FixedParameters: 0 0 0

#Transform 181
Transform: AffineTransform_float_3_3
Parameters: 0.999999 0.000680238 -0.000531448 -0.000679115 0.999998 0.00215256 0.000532556 -0.00215285 0.999997 -0.00705599 -0.0900352 -0.359005
FixedParameters: 0 0 0

#Transform 182
Transform: AffineTransform_float_3_3
Parameters: 0.999999 0.000715749 -0.000495522 -0.000714649 0.999997 0.00233411 0.000496973 -0.00233348 0.999997 -0.00574977 -0.0841991 -0.360296
FixedParameters: 0 0 0

#Transform 183
Transform: AffineTransform_float_3_3
Parameters: 0.999999 0.000668866 -0.000703525 -0.000667567 0.999997 0.00236675 0.000705371 -0.00236591 0.999997 -0.00387826 -0.104118 -0.404764
FixedParameters: 0 0 0

#Transform 184
Transform: AffineTransform_float_3_3
Parameters: 0.999999 0.000579429 -0.000497003 -0.00057921 0.999998 0.00226475 0.000498311 -0.00226428 0.999998 0.0008129 -0.0832471 -0.40172
FixedParameters: 0 0 0

#Transform 185
Transform: AffineTransform_float_3_3
Parameters: 0.999999 0.000529788 -0.000608638 -0.000529061 0.999998 0.00226658 0.000609722 -0.00226603 0.999997 0.00538779 -0.0671877 -0.413949
FixedParameters: 0 0 0

#Transform 186
Transform: AffineTransform_float_3_3
Parameters: 0.999999 0.000599595 -0.000467158 -0.000598195 0.999998 0.0021327 0.00046871 -0.00213311 0.999998 -0.0033264 -0.0538289 -0.39443
FixedParameters: 0 0 0

#Transform 187
Transform: AffineTransform_float_3_3
Parameters: 0.999999 0.000685562 -0.000440013 -0.000685411 1 0.000794037 0.000440269 -0.000794407 0.999999 -0.00327402 -0.0641253 -0.328346
FixedParameters: 0 0 0

#Transform 188
Transform: AffineTransform_float_3_3
Parameters: 1 0.000891858 -0.000882421 -0.000891005 0.999999 0.0011322 0.000882807 -0.00113069 0.999999 0.00178038 -0.163185 -0.242841
FixedParameters: 0 0 0

#Transform 189
Transform: AffineTransform_float_3_3
Parameters: 1 0.000207233 -0.000646319 -0.000206027 0.999999 0.00139491 0.000645994 -0.00139467 0.999999 0.0228807 0.117762 -0.39711
FixedParameters: 0 0 0
