#Insight Transform File V1.0
#Transform 0
Transform: AffineTransform_float_3_3
Parameters: 1 0.000426702 7.06612e-05 -0.00042688 1 0.00109967 -6.98078e-05 -0.00109973 1 -0.0303763 -0.0349039 0.00676071
FixedParameters: 0 0 0

#Transform 1
Transform: AffineTransform_float_3_3
Parameters: 1 1.04214e-05 -2.92725e-06 -1.04199e-05 1 0.00024376 2.93233e-06 -0.00024376 1 -0.00669577 -0.050721 0.129326
FixedParameters: 0 0 0

#Transform 2
Transform: AffineTransform_float_3_3
Parameters: 1 1.45207e-06 -4.082e-07 -1.45204e-06 1 3.39665e-05 4.08299e-07 -3.39665e-05 1 0.0138967 -0.0811499 -0.00294147
FixedParameters: 0 0 0

#Transform 3
Transform: AffineTransform_float_3_3
Parameters: 1 9.47554e-05 -6.57358e-05 -9.47516e-05 1 2.91989e-05 6.57414e-05 -2.91865e-05 1 -0.0083526 0.0447927 0.144899
FixedParameters: 0 0 0

#Transform 4
Transform: AffineTransform_float_3_3
Parameters: 1 0.000116794 -1.63038e-05 -0.000116797 1 -9.72776e-05 1.62811e-05 9.72814e-05 1 -0.0105253 0.0423352 0.123128
FixedParameters: 0 0 0

#Transform 5
Transform: AffineTransform_float_3_3
Parameters: 1 0.000114482 -9.15732e-06 -0.00011448 1 0.000142142 9.18987e-06 -0.00014214 1 -0.0109815 0.0489215 0.130995
FixedParameters: 0 0 0

#Transform 6
Transform: AffineTransform_float_3_3
Parameters: 1 0.000152811 -9.98257e-05 -0.000152733 1 0.000388674 9.99444e-05 -0.000388643 1 -0.0160885 0.0317438 0.128183
FixedParameters: 0 0 0

#Transform 7
Transform: AffineTransform_float_3_3
Parameters: 1 0.00024476 -0.000100373 -0.00024468 1 0.000402763 0.000100571 -0.000402714 1 -0.0157657 -0.0107327 0.161534
FixedParameters: 0 0 0

#Transform 8
Transform: AffineTransform_float_3_3
Parameters: 1 0.000210435 -6.68667e-05 -0.000209528 1 0.000658908 6.65716e-05 -0.000658851 1 -0.0167036 -0.0419363 0.181616
FixedParameters: 0 0 0

#Transform 9
Transform: AffineTransform_float_3_3
Parameters: 1 0.000169789 -0.000111795 -0.000169703 1 0.000382803 0.000111925 -0.000382765 1 -0.0172615 -0.0195542 0.167822
FixedParameters: 0 0 0

#Transform 10
Transform: AffineTransform_float_3_3
Parameters: 1 0.000207636 -0.000139585 -0.000207549 1 0.00030879 0.000139713 -0.000308732 1 -0.0169354 -0.0397731 0.170242
FixedParameters: 0 0 0

#Transform 11
Transform: AffineTransform_float_3_3
Parameters: 1 0.000170439 -2.94756e-05 -0.000170413 1 0.000439805 2.96255e-05 -0.000439795 1 -0.0178887 -0.0327874 0.190987
FixedParameters: 0 0 0

#Transform 12
Transform: AffineTransform_float_3_3
Parameters: 1 0.000287196 -0.000101664 -0.000287097 1 0.000486022 0.000101943 -0.000485963 1 -0.0150706 0.0256134 0.134458
FixedParameters: 0 0 0

#Transform 13
Transform: AffineTransform_float_3_3
Parameters: 1 0.000123716 -7.61994e-05 -0.000123629 1 0.000571374 7.63407e-05 -0.000571355 1 -0.0131777 0.00196914 0.155014
FixedParameters: 0 0 0

#Transform 14
Transform: AffineTransform_float_3_3
Parameters: 1 5.78385e-05 -3.75143e-05 -5.78262e-05 1 0.000163242 3.75332e-05 -0.000163238 1 -0.011696 0.00332139 0.167209
FixedParameters: 0 0 0

#Transform 15
Transform: AffineTransform_float_3_3
Parameters: 1 6.11135e-05 -4.22168e-05 -6.11111e-05 1 2.89142e-05 4.22204e-05 -2.8909e-05 1 -0.0093525 -0.0874356 0.138642
FixedParameters: 0 0 0

#Transform 16
Transform: AffineTransform_float_3_3
Parameters: 1 0.000146336 -9.73417e-05 -0.000146282 1 0.000275868 9.74225e-05 -0.000275839 1 -0.0108389 0.0321217 0.152826
FixedParameters: 0 0 0

#Transform 17
Transform: AffineTransform_float_3_3
Parameters: 1 1.04641e-05 -2.93924e-06 -1.04626e-05 1 0.000244759 2.94436e-06 -0.000244759 1 0.0086494 -0.0241255 0.0727691
FixedParameters: 0 0 0

#Transform 18
Transform: AffineTransform_float_3_3
Parameters: 1 0.000360182 -0.000238486 -0.000359835 0.999999 0.00072756 0.00023901 -0.000727388 0.999999 -0.000503332 0.0635402 0.0354554
FixedParameters: 0 0 0

#Transform 19
Transform: AffineTransform_float_3_3
Parameters: 1 0.000230485 0.00024714 -0.000231068 1 0.00113117 -0.000246703 -0.00113128 1 -0.000807692 -0.0324981 0.0115328
FixedParameters: 0 0 0

#Transform 20
Transform: AffineTransform_float_3_3
Parameters: 1 0.000264525 -0.000169452 -0.000264237 0.999999 0.000850553 0.000169901 -0.000850463 0.999999 0.00799848 0.00711119 0.000910066
FixedParameters: 0 0 0

#Transform 21
Transform: AffineTransform_float_3_3
Parameters: 1 0.000357313 0.000235869 -0.000356781 1 0.000609114 -0.000236006 -0.000609254 1 -0.00923212 -0.107928 0.068443
FixedParameters: 0 0 0

#Transform 22
Transform: AffineTransform_float_3_3
Parameters: 1 0.000597196 0.000137742 -0.000597477 1 0.000936978 -0.000136708 -0.000937143 1 -0.00460381 -0.0291543 0.030247
FixedParameters: 0 0 0

#Transform 23
Transform: AffineTransform_float_3_3
Parameters: 1 0.000613075 9.19231e-06 -0.000612303 0.999999 0.00131224 -8.24148e-06 -0.00131222 0.999999 -0.00525436 -0.0230382 0.000326873
FixedParameters: 0 0 0

#Transform 24
Transform: AffineTransform_float_3_3
Parameters: 1 0.000556983 -5.9233e-05 -0.000556598 0.999999 0.00136488 5.92799e-05 -0.00136482 0.999999 -0.00559149 -0.0558671 0.0343
FixedParameters: 0 0 0

#Transform 25
Transform: AffineTransform_float_3_3
Parameters: 1 0.000629282 5.61559e-05 -0.000630023 0.999999 0.001298 -5.54224e-05 -0.00129811 0.999999 -0.00616657 -0.0532844 0.0194908
FixedParameters: 0 0 0

#Transform 26
Transform: AffineTransform_float_3_3
Parameters: 1 0.000338894 -0.000474211 -0.000338451 1 0.00109607 0.000474052 -0.00109578 1 -0.0130957 -0.0473175 0.00309699
FixedParameters: 0 0 0

#Transform 27
Transform: AffineTransform_float_3_3
Parameters: 1 0.000653445 -0.000127386 -0.000653704 0.999999 0.00131692 0.000128206 -0.00131678 0.999999 -0.0108476 -0.0460869 0.0192835
FixedParameters: 0 0 0

#Transform 28
Transform: AffineTransform_float_3_3
Parameters: 1 0.000636269 -4.47282e-05 -0.000635922 0.999999 0.00138068 4.50117e-05 -0.00138063 0.999999 -0.00584754 -0.0386673 0.0306753
FixedParameters: 0 0 0

#Transform 29
Transform: AffineTransform_float_3_3
Parameters: 0.999999 0.000718696 -0.000174504 -0.000718861 0.999999 0.00123052 0.000175371 -0.00123031 0.999999 -0.0109575 -0.0310623 -0.00448865
FixedParameters: 0 0 0

#Transform 30
Transform: AffineTransform_float_3_3
Parameters: 0.999999 0.000714127 -0.000476215 -0.000713554 0.999999 0.00122732 0.000477066 -0.00122668 0.999999 -0.0149261 -0.0226854 -0.0356538
FixedParameters: 0 0 0

#Transform 31
Transform: AffineTransform_float_3_3
Parameters: 0.999999 0.000620017 -0.000408307 -0.000619511 0.999999 0.00134819 0.000409076 -0.00134772 0.999999 -0.0169939 -0.0412621 0.00208088
FixedParameters: 0 0 0

#Transform 32
Transform: AffineTransform_float_3_3
Parameters: 0.999999 0.00084579 -0.000139005 -0.000845246 0.999999 0.00115347 0.000139482 -0.00115324 1 -0.0138482 -0.0549048 0.0124365
FixedParameters: 0 0 0

#Transform 33
Transform: AffineTransform_float_3_3
Parameters: 0.999999 0.00075836 -0.000507109 -0.000757712 0.999999 0.0012251 0.000508064 -0.00122437 0.999999 -0.0155706 -0.0146499 -0.0157839
FixedParameters: 0 0 0

#Transform 34
Transform: AffineTransform_float_3_3
Parameters: 0.999999 0.000784952 -0.000387168 -0.00078467 0.999999 0.00113323 0.000388045 -0.00113266 1 -0.0155467 -0.0328875 -0.0415069
FixedParameters: 0 0 0

#Transform 35
Transform: AffineTransform_float_3_3
Parameters: 0.999999 0.000837614 -0.000472648 -0.000837319 0.999999 0.000942861 0.000473326 -0.000942105 1 -0.0148116 -0.0260867 -0.0398272
FixedParameters: 0 0 0

#Transform 36
Transform: AffineTransform_float_3_3
Parameters: 0.999999 0.000852978 -0.000580934 -0.000852581 0.999999 0.00081241 0.000581487 -0.000812392 0.999999 -0.0138854 -0.0560414 -0.02801
FixedParameters: 0 0 0

#Transform 37
Transform: AffineTransform_float_3_3
Parameters: 1 0.000910948 -0.000622216 -0.000910516 0.999999 0.000767466 0.000622866 -0.000767304 0.999999 -0.0139022 -0.0583439 -0.0171741
FixedParameters: 0 0 0

#Transform 38
Transform: AffineTransform_float_3_3
Parameters: 1 0.00116991 -0.000295112 -0.00116946 0.999999 0.000666025 0.000296739 -0.00066627 1 -0.0121407 -0.0246622 -0.00634236
FixedParameters: 0 0 0

#Transform 39
Transform: AffineTransform_float_3_3
Parameters: 0.999999 0.00127369 -0.000347124 -0.00127383 0.999999 0.000588635 0.000347912 -0.00058838 0.999999 -0.0180532 -0.0321732 0.00125792
FixedParameters: 0 0 0

#Transform 40
Transform: AffineTransform_float_3_3
Parameters: 0.999999 0.00110374 -0.000610581 -0.00110365 0.999999 0.000509219 0.000610958 -0.000508844 1 -0.0138007 -0.0300643 -0.0326459
FixedParameters: 0 0 0

#Transform 41
Transform: AffineTransform_float_3_3
Parameters: 0.999999 0.00105834 -0.000725264 -0.00105776 0.999999 0.000760129 0.000726124 -0.000759566 0.999999 -0.0136332 -0.0224996 -0.0102668
FixedParameters: 0 0 0

#Transform 42
Transform: AffineTransform_float_3_3
Parameters: 0.999999 0.00110039 -0.000573907 -0.0011001 0.999999 0.000706957 0.000574715 -0.000706665 0.999999 -0.0148177 -0.046621 -0.0136492
FixedParameters: 0 0 0

#Transform 43
Transform: AffineTransform_float_3_3
Parameters: 0.999999 0.00124736 -0.000334029 -0.00124658 0.999999 0.00075609 0.000334631 -0.000755859 0.999999 -0.0143381 -0.00155734 -0.020615
FixedParameters: 0 0 0

#Transform 44
Transform: AffineTransform_float_3_3
Parameters: 0.999999 0.00118086 -0.000481655 -0.00118048 1 0.000372925 0.000482639 -0.000372382 0.999999 -0.0118862 -0.0287246 -0.0253721
FixedParameters: 0 0 0

#Transform 45
Transform: AffineTransform_float_3_3
Parameters: 0.999999 0.00129833 -0.000384292 -0.00129849 0.999999 0.00050311 0.000384886 -0.000502741 0.999999 -0.0107054 -0.0214706 -0.0300388
FixedParameters: 0 0 0

#Transform 46
Transform: AffineTransform_float_3_3
Parameters: 0.999999 0.00126276 -0.000387703 -0.00126281 0.999999 0.000619023 0.000388519 -0.000619015 1 -0.0164084 0.00167976 -0.0353
FixedParameters: 0 0 0

#Transform 47
Transform: AffineTransform_float_3_3
Parameters: 0.999999 0.00130417 -0.000346908 -0.00130419 0.999999 0.000753508 0.000348162 -0.000753232 0.999999 -0.0156613 -0.0369001 0.0102509
FixedParameters: 0 0 0

#Transform 48
Transform: AffineTransform_float_3_3
Parameters: 0.999999 0.00135795 -0.000396918 -0.00135806 0.999999 0.0005525 0.000397707 -0.000552051 0.999999 -0.0175869 -0.0233231 -0.00259785
FixedParameters: 0 0 0

#Transform 49
Transform: AffineTransform_float_3_3
Parameters: 0.999999 0.00122682 -0.00050725 -0.00122646 1 0.000331668 0.000508167 -0.000331018 0.999999 -0.0148606 -0.0420701 -0.0313024
FixedParameters: 0 0 0

#Transform 50
Transform: AffineTransform_float_3_3
Parameters: 0.999999 0.0014081 -0.000573296 -0.00140697 0.999999 0.000746739 0.000574114 -0.000745726 0.999999 -0.0157485 -0.0175221 -0.00779206
FixedParameters: 0 0 0

#Transform 51
Transform: AffineTransform_float_3_3
Parameters: 0.999999 0.00139236 -0.00053301 -0.00139129 0.999999 0.00074783 0.000533807 -0.000746948 0.999999 -0.0161491 -0.0448463 0.000329225
FixedParameters: 0 0 0

#Transform 52
Transform: AffineTransform_float_3_3
Parameters: 0.999999 0.00109909 -0.000649425 -0.00109923 0.999999 -0.000150643 0.000649162 0.000151132 1 -0.00471129 -0.0341305 -0.0672104
FixedParameters: 0 0 0

#Transform 53
Transform: AffineTransform_float_3_3
Parameters: 0.999999 0.00116083 -0.000627336 -0.00115958 0.999999 0.000756916 0.000627773 -0.000756404 0.999999 -0.00720114 -0.00708577 -0.04131
FixedParameters: 0 0 0

#Transform 54
Transform: AffineTransform_float_3_3
Parameters: 0.999999 0.00108926 -0.000743297 -0.00108838 0.999999 0.000942817 0.000744602 -0.000942169 0.999999 -0.0134518 -0.0443937 -0.00747601
FixedParameters: 0 0 0

#Transform 55
Transform: AffineTransform_float_3_3
Parameters: 0.999999 0.0012175 -0.000834553 -0.0012166 0.999998 0.000853363 0.000835881 -0.000852302 0.999999 -0.0119693 -0.0170647 -0.0282548
FixedParameters: 0 0 0

#Transform 56
Transform: AffineTransform_float_3_3
Parameters: 0.999999 0.00112766 -0.000656598 -0.0011267 0.999999 0.000507746 0.000656423 -0.00050721 1 -0.0146356 -0.0579467 -0.0619278
FixedParameters: 0 0 0

#Transform 57
Transform: AffineTransform_float_3_3
Parameters: 0.999999 0.000896696 -0.00129546 -0.000895224 0.999999 0.000760929 0.00129604 -0.000759921 0.999999 -0.0102922 0.0192251 -0.0113662
FixedParameters: 0 0 0

#Transform 58
Transform: AffineTransform_float_3_3
Parameters: 0.999999 0.00114877 -0.000658022 -0.00114724 0.999998 0.000941274 0.000658864 -0.000940707 0.999999 -0.015287 -0.0266667 -0.0430539
FixedParameters: 0 0 0

#Transform 59
Transform: AffineTransform_float_3_3
Parameters: 0.999999 0.00114493 -0.00068021 -0.00114364 0.999999 0.0011694 0.000680665 -0.00116882 0.999999 -0.0144607 -0.0349033 -0.0573515
FixedParameters: 0 0 0

#Transform 60
Transform: AffineTransform_float_3_3
Parameters: 0.999999 0.00111012 -0.00074855 -0.0011091 0.999998 0.00142234 0.000750057 -0.00142169 0.999999 -0.0221813 -0.05767 -0.040227
FixedParameters: 0 0 0

#Transform 61
Transform: AffineTransform_float_3_3
Parameters: 0.999999 0.00121476 -0.00082726 -0.00121401 0.999999 0.00112981 0.000828354 -0.00112881 0.999999 -0.0198054 -0.0700083 -0.0288314
FixedParameters: 0 0 0

#Transform 62
Transform: AffineTransform_float_3_3
Parameters: 0.999999 0.00115746 -0.00064675 -0.00115597 0.999999 0.000957516 0.000647576 -0.000956025 1 -0.012439 -0.0293331 -0.05871
FixedParameters: 0 0 0

#Transform 63
Transform: AffineTransform_float_3_3
Parameters: 0.999999 0.00113243 -0.000686701 -0.00113082 0.999999 0.00101486 0.000687645 -0.00101297 0.999999 -0.0137501 -0.0165087 -0.0706184
FixedParameters: 0 0 0

#Transform 64
Transform: AffineTransform_float_3_3
Parameters: 0.999999 0.00110972 -0.000748452 -0.00110873 0.999998 0.00141335 0.000749938 -0.0014127 0.999999 -0.0133792 -0.0500424 -0.00817919
FixedParameters: 0 0 0

#Transform 65
Transform: AffineTransform_float_3_3
Parameters: 0.999999 0.00115735 -0.000637057 -0.00115601 0.999999 0.000822022 0.000637639 -0.000821492 0.999999 -0.0137078 -0.0167738 -0.0872399
FixedParameters: 0 0 0

#Transform 66
Transform: AffineTransform_float_3_3
Parameters: 0.999999 0.00121603 -0.000540998 -0.00121503 0.999999 0.000655421 0.000541272 -0.00065505 1 -0.0117438 0.000249849 -0.10691
FixedParameters: 0 0 0

#Transform 67
Transform: AffineTransform_float_3_3
Parameters: 0.999999 0.00110964 -0.000682906 -0.00110889 0.999999 0.000515214 0.000684117 -0.000514636 1 -0.00941108 -0.0286522 -0.117728
FixedParameters: 0 0 0

#Transform 68
Transform: AffineTransform_float_3_3
Parameters: 0.999999 0.00112896 -0.000667503 -0.00112721 0.999999 0.000683442 0.000668577 -0.000682503 0.999999 -0.00982057 -0.0246141 -0.113542
FixedParameters: 0 0 0

#Transform 69
Transform: AffineTransform_float_3_3
Parameters: 0.999999 0.00109485 -0.000744733 -0.00109382 0.999999 0.00107217 0.000746262 -0.00107057 0.999999 -0.0149008 -0.0467051 -0.0446563
FixedParameters: 0 0 0

#Transform 70
Transform: AffineTransform_float_3_3
Parameters: 0.999999 0.00107801 -0.000740476 -0.00107752 0.999999 0.000684061 0.000741203 -0.000683437 0.999999 -0.014155 -0.0639121 -0.0623919
FixedParameters: 0 0 0

#Transform 71
Transform: AffineTransform_float_3_3
Parameters: 1 0.00102308 -0.000698074 -0.00102236 0.999999 0.00089304 0.000699153 -0.000892584 0.999999 -0.0106185 -0.037607 -0.0819743
FixedParameters: 0 0 0

#Transform 72
Transform: AffineTransform_float_3_3
Parameters: 1 0.00105615 -0.000566562 -0.00105597 0.999999 0.000624819 0.000567135 -0.000624594 1 -0.00421322 -0.0347797 -0.105643
FixedParameters: 0 0 0

#Transform 73
Transform: AffineTransform_float_3_3
Parameters: 1 0.00101605 -0.000544768 -0.00101569 0.999999 0.000808932 0.000545664 -0.000808796 0.999999 -0.0113908 -0.0298632 -0.102272
FixedParameters: 0 0 0

#Transform 74
Transform: AffineTransform_float_3_3
Parameters: 1 0.000935571 -0.000516891 -0.000934013 0.999999 0.000668553 0.000517637 -0.000668496 1 -0.00435378 -0.0185086 -0.0936444
FixedParameters: 0 0 0

#Transform 75
Transform: AffineTransform_float_3_3
Parameters: 1 0.00102415 -0.000546509 -0.00102399 0.999999 0.000632395 0.000547056 -0.000632248 1 -0.0119476 -0.0238031 -0.0902767
FixedParameters: 0 0 0

#Transform 76
Transform: AffineTransform_float_3_3
Parameters: 1 0.000929627 -0.000492779 -0.000929148 1 0.000436805 0.00049366 -0.000436826 1 -0.00964006 -0.0466673 -0.147698
FixedParameters: 0 0 0

#Transform 77
Transform: AffineTransform_float_3_3
Parameters: 1 0.00100112 -0.000622165 -0.0010003 0.999999 0.000619547 0.000623473 -0.000619239 1 -0.0095751 -0.0556243 -0.119074
FixedParameters: 0 0 0

#Transform 78
Transform: AffineTransform_float_3_3
Parameters: 1 0.00100919 -0.000571661 -0.00100893 0.999999 0.000683802 0.000572294 -0.00068362 1 -0.010124 -0.0547008 -0.116964
FixedParameters: 0 0 0

#Transform 79
Transform: AffineTransform_float_3_3
Parameters: 1 0.000993216 -0.00058438 -0.000993131 0.999999 0.000521173 0.000584667 -0.000520984 1 -0.0114732 -0.0624148 -0.13879
FixedParameters: 0 0 0

#Transform 80
Transform: AffineTransform_float_3_3
Parameters: 1 0.000982048 -0.000543576 -0.000982071 0.999999 0.000461033 0.000543734 -0.000460937 1 -0.00556864 -0.0561387 -0.152082
FixedParameters: 0 0 0

#Transform 81
Transform: AffineTransform_float_3_3
Parameters: 1 0.00112748 -0.000353719 -0.00112709 1 0.000517712 0.00035499 -0.000517509 0.999999 -0.0133261 -0.0471128 -0.164811
FixedParameters: 0 0 0

#Transform 82
Transform: AffineTransform_float_3_3
Parameters: 1 0.00100127 -0.000585955 -0.00100052 0.999999 0.000604924 0.000587235 -0.000604688 1 -0.0112642 -0.0748185 -0.13489
FixedParameters: 0 0 0

#Transform 83
Transform: AffineTransform_float_3_3
Parameters: 0.999999 0.000875515 -0.00033525 -0.000875763 1 0.000447827 0.000335202 -0.000448213 1 -0.0130338 -0.073801 -0.161875
FixedParameters: 0 0 0

#Transform 84
Transform: AffineTransform_float_3_3
Parameters: 0.999999 0.000931762 -0.000325884 -0.0009316 0.999999 0.000248843 0.000326347 -0.000248235 1 -0.0122545 -0.0531713 -0.175039
FixedParameters: 0 0 0

#Transform 85
Transform: AffineTransform_float_3_3
Parameters: 1 0.00112408 -0.000456283 -0.00112277 1 0.000516776 0.000456976 -0.000516317 0.999999 -0.0188089 -0.07092 -0.171639
FixedParameters: 0 0 0

#Transform 86
Transform: AffineTransform_float_3_3
Parameters: 1 0.00112896 -0.000494733 -0.00112883 0.999999 0.000660566 0.000495477 -0.00066042 1 -0.0128657 -0.0705515 -0.155048
FixedParameters: 0 0 0

#Transform 87
Transform: AffineTransform_float_3_3
Parameters: 1 0.00101937 -0.000611122 -0.00101875 0.999999 0.000969694 0.000612281 -0.000968482 1 -0.012243 -0.0703006 -0.145675
FixedParameters: 0 0 0

#Transform 88
Transform: AffineTransform_float_3_3
Parameters: 0.999999 0.000873249 -0.000470009 -0.000873301 1 0.000527504 0.000470098 -0.000527656 1 -0.0127474 -0.0758016 -0.160699
FixedParameters: 0 0 0

#Transform 89
Transform: AffineTransform_float_3_3
Parameters: 1 0.00110274 -0.000443223 -0.00110289 0.999999 0.000420996 0.000443404 -0.000420991 1 -0.0144958 -0.0506456 -0.178159
FixedParameters: 0 0 0

#Transform 90
Transform: AffineTransform_float_3_3
Parameters: 0.999999 0.00107896 -0.00059067 -0.00107833 1 0.000517182 0.000591889 -0.000516503 0.999999 -0.0109031 -0.0541807 -0.15076
FixedParameters: 0 0 0

#Transform 91
Transform: AffineTransform_float_3_3
Parameters: 0.999999 0.000924323 -0.000500505 -0.000923717 1 0.000606782 0.000501645 -0.000606453 0.999999 -0.0129285 -0.0669226 -0.143199
FixedParameters: 0 0 0

#Transform 92
Transform: AffineTransform_float_3_3
Parameters: 0.999999 0.000902785 -0.000460916 -0.000903002 1 0.00035919 0.000460732 -0.000359331 1 -0.00935274 -0.0437117 -0.164709
FixedParameters: 0 0 0

#Transform 93
Transform: AffineTransform_float_3_3
Parameters: 1 0.000969914 -0.000295991 -0.000970229 1 0.000395878 0.000296048 -0.000395934 1 -0.0101346 -0.0524023 -0.182449
FixedParameters: 0 0 0

#Transform 94
Transform: AffineTransform_float_3_3
Parameters: 1 0.000998867 -0.000574965 -0.000998295 0.999999 0.000454997 0.000575942 -0.000454785 1 -0.00857377 -0.053046 -0.152578
FixedParameters: 0 0 0

#Transform 95
Transform: AffineTransform_float_3_3
Parameters: 0.999999 0.00089847 -0.000515636 -0.000897832 1 0.000594023 0.000516686 -0.000594035 1 -0.0134494 -0.0515995 -0.14248
FixedParameters: 0 0 0

#Transform 96
Transform: AffineTransform_float_3_3
Parameters: 0.999999 0.000896358 -0.000351718 -0.000896616 1 0.000411725 0.000351624 -0.000412068 1 -0.0135076 -0.06622 -0.153399
FixedParameters: 0 0 0

#Transform 97
Transform: AffineTransform_float_3_3
Parameters: 1 0.000928201 -0.000475981 -0.000927801 1 0.000369985 0.000476736 -0.000370039 1 -0.0129987 -0.0783503 -0.158681
FixedParameters: 0 0 0

#Transform 98
Transform: AffineTransform_float_3_3
Parameters: 1 0.000920628 -0.000458812 -0.000920373 1 0.000225351 0.000459296 -0.000225444 1 -0.0128086 -0.0422002 -0.151837
FixedParameters: 0 0 0

#Transform 99
Transform: AffineTransform_float_3_3
Parameters: 1 0.000995296 -0.000330325 -0.000995315 0.999999 -2.5499e-05 0.000330394 2.64999e-05 0.999999 -0.0126093 -0.0773351 -0.111436
FixedParameters: 0 0 0

#Transform 100
Transform: AffineTransform_float_3_3
Parameters: 0.999999 0.000894199 -0.000124622 -0.000893752 0.999999 -0.000500039 0.000124544 0.000500296 1 -0.00733031 -0.010287 -0.164903
FixedParameters: 0 0 0

#Transform 101
Transform: AffineTransform_float_3_3
Parameters: 0.999999 0.00093716 -0.000159509 -0.000936746 0.999999 -0.000496252 0.000159394 0.000496585 1 -0.0115972 -0.0585887 -0.179191
FixedParameters: 0 0 0

#Transform 102
Transform: AffineTransform_float_3_3
Parameters: 0.999999 0.000939364 -0.000212652 -0.000939362 1 6.52625e-05 0.00021281 -6.45206e-05 0.999999 -0.0141277 -0.0801102 -0.148322
FixedParameters: 0 0 0

#Transform 103
Transform: AffineTransform_float_3_3
Parameters: 0.999999 0.000864912 -0.000404643 -0.000864039 0.999999 6.66533e-05 0.000404186 -6.5926e-05 1 -0.010553 -0.0504833 -0.148475
FixedParameters: 0 0 0

#Transform 104
Transform: AffineTransform_float_3_3
Parameters: 0.999999 0.000967449 -0.000235225 -0.000967547 1 -0.000153395 0.000234964 0.000154192 0.999999 -0.0117309 -0.0584229 -0.159383
FixedParameters: 0 0 0

#Transform 105
Transform: AffineTransform_float_3_3
Parameters: 1 0.00118542 -0.000314088 -0.00118594 1 5.32045e-05 0.000313503 -5.30905e-05 1 -0.0148696 -0.0579201 -0.154591
FixedParameters: 0 0 0

#Transform 106
Transform: AffineTransform_float_3_3
Parameters: 0.999999 0.00119626 -0.000330502 -0.00119663 0.999999 0.00022807 0.0003303 -0.000228251 1 -0.0155666 -0.0769504 -0.142797
FixedParameters: 0 0 0

#Transform 107
Transform: AffineTransform_float_3_3
Parameters: 1 0.00100493 -0.000291468 -0.0010049 0.999999 6.16059e-05 0.000291712 -6.06766e-05 0.999999 -0.015049 -0.0783895 -0.110396
FixedParameters: 0 0 0

#Transform 108
Transform: AffineTransform_float_3_3
Parameters: 1 0.0010116 -0.000157361 -0.00101173 0.999999 -0.000406661 0.000156658 0.000407322 0.999999 -0.0132911 -0.0572244 -0.141137
FixedParameters: 0 0 0

#Transform 109
Transform: AffineTransform_float_3_3
Parameters: 1 0.00109373 -0.000293476 -0.00109329 0.999999 -0.000305658 0.000293692 0.000305397 1 -0.0127792 -0.0353539 -0.127796
FixedParameters: 0 0 0

#Transform 110
Transform: AffineTransform_float_3_3
Parameters: 0.999999 0.00125286 -0.000310047 -0.00125281 1 5.04104e-05 0.000310278 -5.0229e-05 1 -0.0167684 -0.036557 -0.0893271
FixedParameters: 0 0 0

#Transform 111
Transform: AffineTransform_float_3_3
Parameters: 0.999999 0.0012245 -0.000309657 -0.00122448 1 -8.44079e-06 0.00030974 8.60345e-06 1 -0.0186746 -0.0257198 -0.0676615
FixedParameters: 0 0 0

#Transform 112
Transform: AffineTransform_float_3_3
Parameters: 0.999999 0.00122596 -0.000195555 -0.00122603 0.999999 -0.000304232 0.000194878 0.000303773 1 -0.0190107 -0.0358537 -0.0934577
FixedParameters: 0 0 0

#Transform 113
Transform: AffineTransform_float_3_3
Parameters: 0.999999 0.0013431 -0.000176667 -0.00134316 0.999999 -0.000328033 0.000175855 0.000327568 1 -0.0205473 -0.0159766 -0.0987905
FixedParameters: 0 0 0

#Transform 114
Transform: AffineTransform_float_3_3
Parameters: 1 0.0011614 -0.000276872 -0.00116253 0.999999 -0.000598024 0.000276158 0.000598043 0.999999 -0.0145597 -0.0357593 -0.091023
FixedParameters: 0 0 0

#Transform 115
Transform: AffineTransform_float_3_3
Parameters: 0.999999 0.00137732 -0.000417894 -0.00137737 0.999999 -7.81398e-05 0.000417782 7.8695e-05 1 -0.0235364 -0.0338618 -0.0633121
FixedParameters: 0 0 0

#Transform 116
Transform: AffineTransform_float_3_3
Parameters: 0.999999 0.00136482 -0.000409256 -0.00136484 0.999999 -8.31944e-05 0.000409097 8.33732e-05 1 -0.027625 -0.0466421 -0.0374566
FixedParameters: 0 0 0

#Transform 117
Transform: AffineTransform_float_3_3
Parameters: 0.999999 0.00130789 -0.000374752 -0.00130813 0.999999 -0.000357016 0.000373922 0.0003574 1 -0.0224411 -0.0860767 -0.0531699
FixedParameters: 0 0 0

#Transform 118
Transform: AffineTransform_float_3_3
Parameters: 0.999999 0.00155304 -0.000114759 -0.00155307 0.999999 -0.000198517 0.000114248 0.000198277 1 -0.029918 -0.0132704 -0.0343126
FixedParameters: 0 0 0

#Transform 119
Transform: AffineTransform_float_3_3
Parameters: 0.999999 0.00152524 -0.000216433 -0.00152526 0.999999 -8.82924e-05 0.000216268 8.83566e-05 1 -0.0281896 -0.0162896 -0.0364641
FixedParameters: 0 0 0

#Transform 120
Transform: AffineTransform_float_3_3
Parameters: 0.999999 0.00151067 -0.00020951 -0.00151075 0.999999 -0.000255764 0.000208841 0.0002558 1 -0.0272095 -0.0214232 -0.0528804
FixedParameters: 0 0 0

#Transform 121
Transform: AffineTransform_float_3_3
Parameters: 0.999999 0.00134608 -0.000401281 -0.00134631 0.999999 -0.000346576 0.000400416 0.000346717 1 -0.0229219 -0.0134976 -0.0576253
FixedParameters: 0 0 0

#Transform 122
Transform: AffineTransform_float_3_3
Parameters: 0.999999 0.00126679 -0.000342729 -0.00126687 0.999999 -0.000188437 0.000342321 0.000188367 1 -0.0233389 -0.00837344 -0.0826281
FixedParameters: 0 0 0

#Transform 123
Transform: AffineTransform_float_3_3
Parameters: 0.999999 0.0013467 -0.000395859 -0.00134671 0.999999 -4.65786e-05 0.000395837 4.7049e-05 1 -0.022151 -0.0223272 -0.082008
FixedParameters: 0 0 0

#Transform 124
Transform: AffineTransform_float_3_3
Parameters: 0.999999 0.0012022 -0.000492085 -0.00120191 0.999999 -0.00033844 0.000492155 0.000338719 1 -0.0190066 -0.086549 -0.0411444
FixedParameters: 0 0 0

#Transform 125
Transform: AffineTransform_float_3_3
Parameters: 0.999999 0.00127128 -0.000352324 -0.00127163 0.999999 -0.000521388 0.000351102 0.000521686 0.999999 -0.0139726 -0.0278888 -0.0986608
FixedParameters: 0 0 0

#Transform 126
Transform: AffineTransform_float_3_3
Parameters: 0.999999 0.00137284 -0.000415674 -0.00137292 0.999999 -0.000124973 0.000415435 0.000125518 1 -0.0210295 -0.0143353 -0.0822976
FixedParameters: 0 0 0

#Transform 127
Transform: AffineTransform_float_3_3
Parameters: 0.999999 0.00138908 -0.00042452 -0.00138903 0.999999 3.70328e-06 0.000424599 -3.46186e-06 1 -0.0236334 -0.00433768 -0.0667448
FixedParameters: 0 0 0

#Transform 128
Transform: AffineTransform_float_3_3
Parameters: 0.999999 0.00134541 -0.000395539 -0.00134544 0.999999 -7.655e-05 0.000395437 7.70184e-05 1 -0.0214993 -0.0438908 -0.0595774
FixedParameters: 0 0 0

#Transform 129
Transform: AffineTransform_float_3_3
Parameters: 0.999999 0.00149634 -0.000426572 -0.00149627 0.999999 5.1864e-05 0.000426831 -5.11828e-05 1 -0.0258098 0.0134814 -0.0572433
FixedParameters: 0 0 0

#Transform 130
Transform: AffineTransform_float_3_3
Parameters: 0.999999 0.00148694 -0.000486108 -0.00148712 0.999998 0.000351236 0.000486405 -0.000350763 1 -0.0340531 -0.026917 -0.033829
FixedParameters: 0 0 0

#Transform 131
Transform: AffineTransform_float_3_3
Parameters: 0.999998 0.00167102 -0.00030983 -0.00167135 0.999998 0.000344947 0.000310271 -0.000344541 1 -0.0352979 -0.0121461 -0.00752964
FixedParameters: 0 0 0

#Transform 132
Transform: AffineTransform_float_3_3
Parameters: 0.999998 0.00164318 -0.000290352 -0.00164271 0.999998 0.000346365 0.000290206 -0.000346013 1 -0.0355007 -0.0356241 -0.00231403
FixedParameters: 0 0 0

#Transform 133
Transform: AffineTransform_float_3_3
Parameters: 0.999998 0.00170162 -9.99216e-05 -0.00170155 0.999998 0.000193688 0.000100686 -0.000193943 1 -0.0365175 -0.0454341 -0.0188543
FixedParameters: 0 0 0

#Transform 134
Transform: AffineTransform_float_3_3
Parameters: 0.999999 0.0015519 -0.000168375 -0.00155202 0.999999 -0.000422247 0.000167169 0.000422172 1 -0.0381277 0.0118652 0.0220024
FixedParameters: 0 0 0

#Transform 135
Transform: AffineTransform_float_3_3
Parameters: 0.999999 0.00146118 -0.000270431 -0.00146226 0.999998 -0.000585332 0.00026936 0.000585154 1 -0.0293588 0.029448 -0.0130127
FixedParameters: 0 0 0

#Transform 136
Transform: AffineTransform_float_3_3
Parameters: 0.999999 0.00143079 -0.00045896 -0.00143099 0.999999 -0.00026469 0.000458271 0.000265064 1 -0.032411 0.0308533 0.0294422
FixedParameters: 0 0 0

#Transform 137
Transform: AffineTransform_float_3_3
Parameters: 0.999999 0.00128706 -0.0004779 -0.00128669 0.999999 -0.000258791 0.000478118 0.000259118 1 -0.0322102 0.033793 0.0463604
FixedParameters: 0 0 0

#Transform 138
Transform: AffineTransform_float_3_3
Parameters: 0.999999 0.00143648 -0.000469304 -0.00143642 0.999998 -0.000588335 0.000468497 0.000588779 1 -0.0349979 0.0199692 0.0218046
FixedParameters: 0 0 0

#Transform 139
Transform: AffineTransform_float_3_3
Parameters: 0.999998 0.00160614 -0.000254825 -0.00160673 0.999998 -0.000714752 0.00025402 0.000714979 0.999999 -0.0356431 -0.00179589 -0.0111108
FixedParameters: 0 0 0

#Transform 140
Transform: AffineTransform_float_3_3
Parameters: 0.999998 0.00161961 -0.00029443 -0.00161943 0.999998 -0.000696684 0.000293093 0.000697074 0.999999 -0.0316209 -0.00429554 -0.0142639
FixedParameters: 0 0 0

#Transform 141
Transform: AffineTransform_float_3_3
Parameters: 0.999998 0.00165315 -0.000191906 -0.00165416 0.999998 -0.000559967 0.000190731 0.000559976 1 -0.0343579 -0.0223595 0.0133593
FixedParameters: 0 0 0

#Transform 142
Transform: AffineTransform_float_3_3
Parameters: 0.999999 0.00148191 -0.000342401 -0.00148258 0.999999 -0.000651341 0.000341961 0.000651766 0.999999 -0.0365979 0.00835991 0.0325873
FixedParameters: 0 0 0

#Transform 143
Transform: AffineTransform_float_3_3
Parameters: 0.999998 0.00162307 -0.000155062 -0.00162358 0.999998 -0.000747996 0.000154056 0.000748847 1 -0.0336239 -0.0316402 0.0200209
FixedParameters: 0 0 0

#Transform 144
Transform: AffineTransform_float_3_3
Parameters: 0.999999 0.00152968 -0.000109984 -0.00153014 0.999998 -0.00085165 0.0001088 0.000852333 1 -0.032812 0.0197823 -0.0150657
FixedParameters: 0 0 0

#Transform 145
Transform: AffineTransform_float_3_3
Parameters: 0.999998 0.00171021 -8.34459e-05 -0.0017111 0.999999 -0.00040145 8.27848e-05 0.000401452 0.999999 -0.037543 -0.00514787 -0.00935558
FixedParameters: 0 0 0

#Transform 146
Transform: AffineTransform_float_3_3
Parameters: 0.999998 0.00169234 -0.000218682 -0.00169252 0.999999 -0.000403052 0.000217457 0.000403537 0.999999 -0.0386735 0.0129218 0.0432251
FixedParameters: 0 0 0

#Transform 147
Transform: AffineTransform_float_3_3
Parameters: 0.999998 0.00163606 -0.000143969 -0.00163649 0.999998 -0.000717871 0.000143112 0.000717751 0.999999 -0.0383461 -0.0190185 0.0289768
FixedParameters: 0 0 0

#Transform 148
Transform: AffineTransform_float_3_3
Parameters: 0.999999 0.00127101 -0.000361502 -0.00127112 0.999998 -0.0010036 0.000359835 0.00100361 0.999999 -0.0437075 0.0574255 0.108681
FixedParameters: 0 0 0

#Transform 149
Transform: AffineTransform_float_3_3
Parameters: 0.999999 0.00133878 -0.000165365 -0.00133978 0.999999 -0.000594353 0.000164449 0.000594171 1 -0.0419258 0.00680595 0.116766
FixedParameters: 0 0 0

#Transform 150
Transform: AffineTransform_float_3_3
Parameters: 1 0.00108665 0.000163641 -0.00108584 1 -0.000667038 -0.000164169 0.00066612 0.999999 -0.0475363 -0.029365 0.183252
FixedParameters: 0 0 0

#Transform 151
Transform: AffineTransform_float_3_3
Parameters: 0.999999 0.00132472 0.000157696 -0.00132385 0.999999 -0.00100416 -0.000159504 0.00100412 1 -0.0458753 -0.00969873 0.136667
FixedParameters: 0 0 0

#Transform 152
Transform: AffineTransform_float_3_3
Parameters: 0.999999 0.0012022 0.000226369 -0.00120213 0.999999 -0.00075096 -0.000226751 0.000750763 1 -0.0465952 0.000496918 0.137363
FixedParameters: 0 0 0

#Transform 153
Transform: AffineTransform_float_3_3
Parameters: 0.999999 0.0011936 0.000229295 -0.00119345 0.999999 -0.000914716 -0.000230055 0.000914516 1 -0.0430646 -0.00491408 0.127542
FixedParameters: 0 0 0

#Transform 154
Transform: AffineTransform_float_3_3
Parameters: 1 0.00116243 0.000249654 -0.00116218 0.999999 -0.000992901 -0.000250574 0.000992326 1 -0.0464051 0.0200325 0.123445
FixedParameters: 0 0 0

#Transform 155
Transform: AffineTransform_float_3_3
Parameters: 1 0.00113281 0.000276546 -0.00113329 0.999999 -0.000666578 -0.000277468 0.000666862 1 -0.0472182 0.00592066 0.142044
FixedParameters: 0 0 0

#Transform 156
Transform: AffineTransform_float_3_3
Parameters: 0.999999 0.00102449 0.000156791 -0.00102432 0.999999 -0.000615956 -0.000158017 0.000615975 0.999999 -0.0468803 0.0165258 0.157768
FixedParameters: 0 0 0

#Transform 157
Transform: AffineTransform_float_3_3
Parameters: 0.999999 0.000923723 0.000204778 -0.000922859 0.999999 -0.000712843 -0.000205278 0.000712499 0.999999 -0.043562 -0.00141528 0.154072
FixedParameters: 0 0 0

#Transform 158
Transform: AffineTransform_float_3_3
Parameters: 1 0.00117117 0.000252902 -0.00117096 0.999999 -0.000496615 -0.000254013 0.000497303 1 -0.0472828 0.00469786 0.146523
FixedParameters: 0 0 0

#Transform 159
Transform: AffineTransform_float_3_3
Parameters: 0.999999 0.00121287 0.000223286 -0.00121267 1 -0.000519218 -0.000224509 0.000519017 1 -0.0472759 -0.013411 0.156215
FixedParameters: 0 0 0

#Transform 160
Transform: AffineTransform_float_3_3
Parameters: 1 0.000964085 0.000223396 -0.000964743 0.999999 -0.000363421 -0.000223404 0.000363305 0.999999 -0.0453105 -0.00688161 0.177819
FixedParameters: 0 0 0

#Transform 161
Transform: AffineTransform_float_3_3
Parameters: 0.999999 0.000807657 0.000247443 -0.00080748 0.999999 -0.000359068 -0.000248023 0.000358668 1 -0.0431954 -0.00444392 0.166953
FixedParameters: 0 0 0

#Transform 162
Transform: AffineTransform_float_3_3
Parameters: 0.999999 0.000885234 0.000243512 -0.000885687 0.999999 -0.000802235 -0.000244324 0.000802117 0.999999 -0.0471017 0.00551202 0.148247
FixedParameters: 0 0 0

#Transform 163
Transform: AffineTransform_float_3_3
Parameters: 1 0.000964802 0.000396438 -0.000965186 0.999999 -0.000549716 -0.000396806 0.000549266 0.999999 -0.0486107 0.0239379 0.143439
FixedParameters: 0 0 0

#Transform 164
Transform: AffineTransform_float_3_3
Parameters: 0.999999 0.00087391 0.000231249 -0.000873978 1 -0.000443516 -0.0002306 0.000443461 0.999999 -0.0468482 0.0114315 0.144703
FixedParameters: 0 0 0

#Transform 165
Transform: AffineTransform_float_3_3
Parameters: 0.999999 0.00082429 0.000282843 -0.000823423 0.999999 -0.000521517 -0.000282886 0.000521086 1 -0.0476876 -0.0075995 0.156596
FixedParameters: 0 0 0

#Transform 166
Transform: AffineTransform_float_3_3
Parameters: 1 0.000919714 0.000426535 -0.000919229 1 -0.000626009 -0.000427634 0.000626505 1 -0.0484698 -0.00322487 0.139335
FixedParameters: 0 0 0

#Transform 167
Transform: AffineTransform_float_3_3
Parameters: 1 0.00116591 0.00025131 -0.00116577 0.999999 -0.000775825 -0.00025173 0.000775244 1 -0.0456478 0.0117518 0.10747
FixedParameters: 0 0 0

#Transform 168
Transform: AffineTransform_float_3_3
Parameters: 1 0.000979335 0.000387205 -0.000979819 1 -0.000495926 -0.000387552 0.00049642 1 -0.0520608 0.00401697 0.131409
FixedParameters: 0 0 0

#Transform 169
Transform: AffineTransform_float_3_3
Parameters: 1 0.000992355 0.000378767 -0.000992876 1 -0.000459545 -0.000379055 0.000460046 1 -0.0488245 0.0189184 0.153481
FixedParameters: 0 0 0

#Transform 170
Transform: AffineTransform_float_3_3
Parameters: 0.999999 0.000949067 0.000297052 -0.000948985 1 -0.000181752 -0.000297361 0.00018153 0.999999 -0.0457822 0.00950184 0.161714
FixedParameters: 0 0 0

#Transform 171
Transform: AffineTransform_float_3_3
Parameters: 1 0.00117345 0.000251612 -0.00117401 0.999998 -0.000482887 -0.000252088 0.000482269 1 -0.0468695 0.0393191 0.128672
FixedParameters: 0 0 0

#Transform 172
Transform: AffineTransform_float_3_3
Parameters: 1 0.00107878 0.000163388 -0.0010787 0.999999 -0.000259866 -0.000163827 0.000259857 0.999999 -0.0434382 0.0263892 0.133838
FixedParameters: 0 0 0

#Transform 173
Transform: AffineTransform_float_3_3
Parameters: 0.999999 0.000874366 0.000248506 -0.00087425 1 -0.000286181 -0.00024897 0.000286088 0.999999 -0.0461006 0.0330305 0.179819
FixedParameters: 0 0 0

#Transform 174
Transform: AffineTransform_float_3_3
Parameters: 0.999999 0.000869315 0.000189152 -0.000869442 1 -0.000385732 -0.000188399 0.000385753 0.999999 -0.0482279 0.0181602 0.186134
FixedParameters: 0 0 0

#Transform 175
Transform: AffineTransform_float_3_3
Parameters: 0.999999 0.000789524 0.000219231 -0.000789381 0.999999 -0.000326575 -0.000219747 0.000326228 1 -0.0475747 0.0141313 0.163592
FixedParameters: 0 0 0

#Transform 176
Transform: AffineTransform_float_3_3
Parameters: 0.999999 0.000734626 0.000122098 -0.00073461 0.999999 -6.60618e-05 -0.000122195 6.58823e-05 1 -0.042148 0.0491289 0.217778
FixedParameters: 0 0 0

#Transform 177
Transform: AffineTransform_float_3_3
Parameters: 0.999999 0.00076145 0.000171332 -0.000761401 1 -0.000217133 -0.000171627 0.000217214 0.999999 -0.0359958 0.0133492 0.21949
FixedParameters: 0 0 0

#Transform 178
Transform: AffineTransform_float_3_3
Parameters: 0.999999 0.000788704 0.000226259 -0.00078853 1 -0.0004399 -0.000226917 0.000439884 0.999999 -0.0452487 0.124236 0.178339
FixedParameters: 0 0 0

#Transform 179
Transform: AffineTransform_float_3_3
Parameters: 0.999999 0.00076877 0.000349204 -0.000768754 0.999999 -2.29295e-05 -0.000349239 2.23926e-05 1 -0.0419547 0.0690503 0.189996
FixedParameters: 0 0 0

#Transform 180
Transform: AffineTransform_float_3_3
Parameters: 0.999999 0.000777211 0.000346463 -0.000777745 1 -0.000448097 -0.000346552 0.000447872 0.999999 -0.0416879 0.0290874 0.216994
FixedParameters: 0 0 0

#Transform 181
Transform: AffineTransform_float_3_3
Parameters: 0.999999 0.000673106 0.000391038 -0.000672616 1 -0.000660277 -0.00039189 0.000660093 0.999999 -0.0384309 0.0537781 0.21464
FixedParameters: 0 0 0

#Transform 182
Transform: AffineTransform_float_3_3
Parameters: 0.999999 0.000816713 0.000278051 -0.000815804 0.999999 -0.000605326 -0.000278223 0.000604906 1 -0.0487054 0.0807534 0.208009
FixedParameters: 0 0 0

#Transform 183
Transform: AffineTransform_float_3_3
Parameters: 0.999999 0.000717621 0.000319441 -0.000716666 0.999999 -0.000600594 -0.000319486 0.00060017 1 -0.0458733 0.00164857 0.246191
FixedParameters: 0 0 0

#Transform 184
Transform: AffineTransform_float_3_3
Parameters: 0.999999 0.000756931 0.000327357 -0.000756699 0.999999 -0.000731357 -0.000327076 0.000730868 0.999999 -0.042817 0.0145323 0.245371
FixedParameters: 0 0 0

#Transform 185
Transform: AffineTransform_float_3_3
Parameters: 0.999999 0.000760351 0.000340368 -0.000760658 0.999999 -0.00082 -0.000341113 0.000820391 1 -0.0463866 0.0264716 0.228721
FixedParameters: 0 0 0

#Transform 186
Transform: AffineTransform_float_3_3
Parameters: 0.999999 0.000751604 0.00040452 -0.000751019 0.999999 -0.000722237 -0.000405604 0.000721629 0.999999 -0.0466827 0.0288152 0.240916
FixedParameters: 0 0 0

#Transform 187
Transform: AffineTransform_float_3_3
Parameters: 0.999999 0.000698517 0.000426704 -0.000698639 0.999999 -0.000871408 -0.000427418 0.000871721 1 -0.0482233 0.0607131 0.2418
FixedParameters: 0 0 0

#Transform 188
Transform: AffineTransform_float_3_3
Parameters: 0.999999 0.000769572 0.000519835 -0.000769093 0.999999 -0.00127027 -0.000521303 0.00126944 0.999999 -0.0515414 0.0487884 0.25341
FixedParameters: 0 0 0

#Transform 189
Transform: AffineTransform_float_3_3
Parameters: 0.999999 0.000987811 0.000680161 -0.000986315 0.999997 -0.00189853 -0.000682034 0.00189716 0.999998 -0.0468332 -0.052448 0.138662
FixedParameters: 0 0 0
