#Insight Transform File V1.0
#Transform 0
Transform: AffineTransform_float_3_3
Parameters: 1 -0.000368558 -8.20609e-05 0.00036795 0.999999 0.00143211 8.14926e-05 -0.0014322 0.999999 0.0198756 0.0656262 0.11473
FixedParameters: 0 0 0

#Transform 1
Transform: AffineTransform_float_3_3
Parameters: 1 -0.000151944 0.000113298 0.000151853 1 0.000399259 -0.000113419 -0.000399224 1 0.0355153 0.00310086 0.057787
FixedParameters: 0 0 0

#Transform 2
Transform: AffineTransform_float_3_3
Parameters: 1 -0.000109423 7.70614e-05 0.000109418 1 3.0637e-05 -7.70681e-05 -3.06202e-05 1 0.0464018 0.0683538 0.0278975
FixedParameters: 0 0 0

#Transform 3
Transform: AffineTransform_float_3_3
Parameters: 0.999999 5.21424e-05 0.000975585 -5.17529e-05 0.999999 0.000233021 -0.000976169 -0.000233437 0.999999 0.0256159 0.0646209 -0.012809
FixedParameters: 0 0 0

#Transform 4
Transform: AffineTransform_float_3_3
Parameters: 1 -6.72124e-05 0.000646423 6.82216e-05 0.999999 -0.000760722 -0.000646356 0.000760467 0.999999 0.0323975 0.0810022 -0.0198258
FixedParameters: 0 0 0

#Transform 5
Transform: AffineTransform_float_3_3
Parameters: 0.999999 -6.37118e-05 0.000959864 6.42564e-05 0.999999 -0.000710397 -0.000959202 0.000710492 0.999999 0.0215878 -0.0345342 0.00444728
FixedParameters: 0 0 0

#Transform 6
Transform: AffineTransform_float_3_3
Parameters: 1 8.89328e-06 0.000600552 -9.30927e-06 1 -0.000335531 -0.000599987 0.000335492 1 0.0222065 0.0855492 -0.0179811
FixedParameters: 0 0 0

#Transform 7
Transform: AffineTransform_float_3_3
Parameters: 0.999999 3.64762e-05 0.000786024 -3.60071e-05 0.999999 -0.000282086 -0.000786081 0.000281687 1 0.0216727 0.0567025 -0.0425481
FixedParameters: 0 0 0

#Transform 8
Transform: AffineTransform_float_3_3
Parameters: 1 -0.000105506 0.000678077 0.000106159 1 -0.000481741 -0.000677975 0.000481885 0.999999 0.0166965 -0.0267424 -0.0835086
FixedParameters: 0 0 0

#Transform 9
Transform: AffineTransform_float_3_3
Parameters: 1 -9.23275e-05 0.00043089 9.23171e-05 1 1.21684e-05 -0.000430893 -1.20889e-05 1 0.016087 0.014483 -0.0675035
FixedParameters: 0 0 0

#Transform 10
Transform: AffineTransform_float_3_3
Parameters: 1 1.67671e-05 0.000598307 -1.7408e-05 1 -0.00014872 -0.000597741 0.000148671 1 0.0127383 0.0470313 -0.038195
FixedParameters: 0 0 0

#Transform 11
Transform: AffineTransform_float_3_3
Parameters: 1 2.87269e-05 0.000594904 -2.88876e-05 1 0.000135029 -0.000594897 -0.000135063 1 0.0122323 0.0506415 -0.0272188
FixedParameters: 0 0 0

#Transform 12
Transform: AffineTransform_float_3_3
Parameters: 1 -0.000125245 0.000216217 0.000125353 1 -0.000249271 -0.000216155 0.000249325 1 0.0216234 0.0279507 -0.0778892
FixedParameters: 0 0 0

#Transform 13
Transform: AffineTransform_float_3_3
Parameters: 1 -0.000135179 0.000138505 0.000135159 1 7.1525e-05 -0.000138524 -7.14876e-05 1 0.0185816 0.0300695 -0.0604422
FixedParameters: 0 0 0

#Transform 14
Transform: AffineTransform_float_3_3
Parameters: 1 -1.30626e-05 0.000126908 1.30712e-05 1 -3.39499e-05 -0.000126907 3.39532e-05 1 0.0245451 0.0144712 -0.0510367
FixedParameters: 0 0 0

#Transform 15
Transform: AffineTransform_float_3_3
Parameters: 1 -0.00010704 9.09645e-05 0.000106541 1 -0.000399744 -9.16949e-05 0.000399729 1 0.016448 0.067143 -0.00786693
FixedParameters: 0 0 0

#Transform 16
Transform: AffineTransform_float_3_3
Parameters: 1 -0.000345517 -0.000280488 0.00034533 1 -0.000332041 0.000280717 0.000331847 1 0.0109866 0.0671827 -0.0388659
FixedParameters: 0 0 0

#Transform 17
Transform: AffineTransform_float_3_3
Parameters: 1 1.74763e-06 -2.28932e-05 -1.74375e-06 1 8.4734e-05 2.28935e-05 -8.47339e-05 1 -1.28569e-05 0.093665 0.0361039
FixedParameters: 0 0 0

#Transform 18
Transform: AffineTransform_float_3_3
Parameters: 1 3.80626e-05 -0.000102652 -3.80529e-05 1 4.71924e-05 0.000102656 -4.71846e-05 1 -0.00214896 0.0837638 0.0063072
FixedParameters: 0 0 0

#Transform 19
Transform: AffineTransform_float_3_3
Parameters: 1 0.000217483 -0.000349418 -0.000217329 1 0.000219811 0.000349513 -0.000219659 1 0.00362583 0.0129239 0.0497668
FixedParameters: 0 0 0

#Transform 20
Transform: AffineTransform_float_3_3
Parameters: 1 7.59917e-05 0.000160696 -7.65958e-05 1 -0.000669016 -0.000160226 0.000668964 1 -0.00409328 0.0170284 0.00943264
FixedParameters: 0 0 0

#Transform 21
Transform: AffineTransform_float_3_3
Parameters: 1 0.000126681 0.000177472 -0.000126536 1 -0.0004087 -0.000177575 0.000408655 1 -0.00387949 0.0669657 -0.016758
FixedParameters: 0 0 0

#Transform 22
Transform: AffineTransform_float_3_3
Parameters: 1 0.000269366 0.000139229 -0.00026943 1 0.000232357 -0.000139104 -0.000232432 1 -0.0130189 0.0196186 0.0740051
FixedParameters: 0 0 0

#Transform 23
Transform: AffineTransform_float_3_3
Parameters: 1 7.8485e-05 -4.74715e-05 -7.85746e-05 0.999999 -0.000944849 4.73231e-05 0.000944856 0.999999 -0.00807993 0.0477141 0.0220239
FixedParameters: 0 0 0

#Transform 24
Transform: AffineTransform_float_3_3
Parameters: 1 0.000164386 0.000490235 -0.000163973 1 -0.000420619 -0.000490373 0.000420458 1 -0.000163389 0.0516001 -0.0475094
FixedParameters: 0 0 0

#Transform 25
Transform: AffineTransform_float_3_3
Parameters: 1 -7.35073e-05 0.000253932 7.36495e-05 1 -0.000280066 -0.00025389 0.000280103 1 0.00543342 0.00452668 -0.0910178
FixedParameters: 0 0 0

#Transform 26
Transform: AffineTransform_float_3_3
Parameters: 1 -7.29363e-05 0.000271533 7.25638e-05 1 -0.000366987 -0.000272296 0.000366992 1 0.00538473 -0.0171003 -0.0904813
FixedParameters: 0 0 0

#Transform 27
Transform: AffineTransform_float_3_3
Parameters: 1 -0.000150316 0.000184263 0.000150524 1 -0.000564893 -0.000184093 0.000564948 1 0.00803682 0.00467798 -0.141192
FixedParameters: 0 0 0

#Transform 28
Transform: AffineTransform_float_3_3
Parameters: 1 -0.000137772 0.000136456 0.00013785 1 -0.000285739 -0.000136377 0.000285777 1 0.00699739 0.0194458 -0.141267
FixedParameters: 0 0 0

#Transform 29
Transform: AffineTransform_float_3_3
Parameters: 1 -0.000152225 0.000117367 0.000152275 1 -0.000211279 -0.000117303 0.000211315 1 0.0127716 -0.00943535 -0.113446
FixedParameters: 0 0 0

#Transform 30
Transform: AffineTransform_float_3_3
Parameters: 1 -0.000198936 0.000108797 0.000198994 1 -0.000266438 -0.000108691 0.000266481 1 0.0151021 0.0111779 -0.147296
FixedParameters: 0 0 0

#Transform 31
Transform: AffineTransform_float_3_3
Parameters: 1 -0.000219032 4.09309e-05 0.000219043 1 -0.00013628 -4.08712e-05 0.000136297 1 0.0170231 0.0234807 -0.152688
FixedParameters: 0 0 0

#Transform 32
Transform: AffineTransform_float_3_3
Parameters: 1 -0.00028951 0.00014535 0.000289547 1 -0.000124971 -0.000145277 0.000125055 1 0.00973106 -0.00463466 -0.105597
FixedParameters: 0 0 0

#Transform 33
Transform: AffineTransform_float_3_3
Parameters: 1 -0.000263608 2.43867e-05 0.000263603 1 -0.000421188 -2.41286e-05 0.000421543 0.999999 0.0205366 0.00927149 -0.153378
FixedParameters: 0 0 0

#Transform 34
Transform: AffineTransform_float_3_3
Parameters: 1 -0.000185719 0.000120748 0.000185188 1 -0.000171789 -0.0001215 0.0001718 1 0.01332 0.0563849 -0.133447
FixedParameters: 0 0 0

#Transform 35
Transform: AffineTransform_float_3_3
Parameters: 1 -0.000213242 0.000246435 0.000213251 1 -1.78989e-05 -0.000246428 1.8004e-05 1 0.00881493 0.0567886 -0.135108
FixedParameters: 0 0 0

#Transform 36
Transform: AffineTransform_float_3_3
Parameters: 1 -0.000218884 0.000167198 0.000218964 1 -0.000237841 -0.000167093 0.000237914 1 0.0119563 0.027499 -0.141372
FixedParameters: 0 0 0

#Transform 37
Transform: AffineTransform_float_3_3
Parameters: 1 -6.8579e-05 3.89992e-05 6.86022e-05 1 -0.000297893 -3.89584e-05 0.000297899 1 0.00329308 0.0419886 -0.143429
FixedParameters: 0 0 0

#Transform 38
Transform: AffineTransform_float_3_3
Parameters: 1 -0.000172358 0.000155341 0.000172433 1 -0.000240983 -0.000155258 0.000241037 1 0.00191364 0.0288455 -0.134708
FixedParameters: 0 0 0

#Transform 39
Transform: AffineTransform_float_3_3
Parameters: 1 -0.000304993 0.000166583 0.000305232 0.999999 -0.000717627 -0.000166145 0.000717729 0.999999 0.00561228 -0.0296469 -0.107183
FixedParameters: 0 0 0

#Transform 40
Transform: AffineTransform_float_3_3
Parameters: 1 -0.000297573 1.2932e-05 0.000297591 0.999999 -0.000688812 -1.2522e-05 0.00068882 1 0.0115792 0.0806289 -0.124118
FixedParameters: 0 0 0

#Transform 41
Transform: AffineTransform_float_3_3
Parameters: 1 -0.000236952 0.000415967 0.000236786 1 -0.000487284 -0.000416552 0.000487447 1 0.00873204 0.00868088 -0.106721
FixedParameters: 0 0 0

#Transform 42
Transform: AffineTransform_float_3_3
Parameters: 1 -0.000248848 0.000226182 0.000249046 1 -0.000437027 -0.000225964 0.00043714 1 -0.000784963 0.0260633 -0.0877391
FixedParameters: 0 0 0

#Transform 43
Transform: AffineTransform_float_3_3
Parameters: 1 -0.000402356 0.000159008 0.000402518 1 -0.000510344 -0.000158597 0.000510472 1 0.000908158 0.0553574 -0.118464
FixedParameters: 0 0 0

#Transform 44
Transform: AffineTransform_float_3_3
Parameters: 1 -0.000396687 0.000215047 0.000396932 1 -0.000569949 -0.000214594 0.00057012 1 0.0066104 0.046741 -0.124955
FixedParameters: 0 0 0

#Transform 45
Transform: AffineTransform_float_3_3
Parameters: 1 -0.000409678 0.00023511 0.00040988 1 -0.000430005 -0.000234757 0.000430198 1 0.00880224 0.0310965 -0.122379
FixedParameters: 0 0 0

#Transform 46
Transform: AffineTransform_float_3_3
Parameters: 1 -0.000435319 0.000240734 0.000435597 0.999999 -0.000577979 -0.000240231 0.000578189 1 0.00835124 0.0376774 -0.120783
FixedParameters: 0 0 0

#Transform 47
Transform: AffineTransform_float_3_3
Parameters: 1 -0.000300464 0.000166254 0.000300672 1 -0.000624734 -0.000165879 0.000624834 1 0.0103309 0.0186427 -0.142652
FixedParameters: 0 0 0

#Transform 48
Transform: AffineTransform_float_3_3
Parameters: 1 -0.000321503 0.00014674 0.000321157 0.999999 -0.000768239 -0.000147062 0.000768299 0.999999 0.00920724 0.0268945 -0.163389
FixedParameters: 0 0 0

#Transform 49
Transform: AffineTransform_float_3_3
Parameters: 1 -0.000349354 0.000104561 0.000349507 0.999999 -0.00073451 -0.000104048 0.000734583 0.999999 0.00978503 0.0313027 -0.146606
FixedParameters: 0 0 0

#Transform 50
Transform: AffineTransform_float_3_3
Parameters: 1 -0.000553711 8.69259e-06 0.000554545 0.999999 -0.000857057 -8.31455e-06 0.000857094 0.999999 0.0195135 0.00594426 -0.116782
FixedParameters: 0 0 0

#Transform 51
Transform: AffineTransform_float_3_3
Parameters: 1 -0.000441429 -9.66617e-06 0.000441386 1 -0.000967227 1.04347e-05 0.000967217 1 0.023444 0.052712 -0.163641
FixedParameters: 0 0 0

#Transform 52
Transform: AffineTransform_float_3_3
Parameters: 1 -0.000436933 -1.78401e-05 0.000436905 0.999999 -0.000768322 1.85115e-05 0.000768306 0.999999 0.0221067 0.0506931 -0.163733
FixedParameters: 0 0 0

#Transform 53
Transform: AffineTransform_float_3_3
Parameters: 1 -0.000544899 0.000114979 0.000545045 0.999999 -0.000637914 -0.000114284 0.000638039 1 0.0233557 0.029472 -0.149742
FixedParameters: 0 0 0

#Transform 54
Transform: AffineTransform_float_3_3
Parameters: 1 -0.000474779 0.000126404 0.000474983 0.999999 -0.000808942 -0.000125636 0.000809061 0.999999 0.0260303 -0.0429319 -0.145382
FixedParameters: 0 0 0

#Transform 55
Transform: AffineTransform_float_3_3
Parameters: 1 -0.000389161 0.000140834 0.00038937 0.999999 -0.000743364 -0.000140256 0.000743474 0.999999 0.017572 0.0812287 -0.189696
FixedParameters: 0 0 0

#Transform 56
Transform: AffineTransform_float_3_3
Parameters: 1 -0.000461173 0.000131604 0.000461358 1 -0.000804785 -0.000130825 0.000805248 0.999999 0.0265226 0.0306144 -0.177911
FixedParameters: 0 0 0

#Transform 57
Transform: AffineTransform_float_3_3
Parameters: 1 -0.000454693 0.000113068 0.000454904 1 -0.0010452 -0.000112202 0.0010453 1 0.0245343 0.027158 -0.181399
FixedParameters: 0 0 0

#Transform 58
Transform: AffineTransform_float_3_3
Parameters: 1 -0.00046478 3.56473e-05 0.000465088 0.999999 -0.000850535 -3.6244e-05 0.000850563 0.999999 0.0276067 0.0589858 -0.190263
FixedParameters: 0 0 0

#Transform 59
Transform: AffineTransform_float_3_3
Parameters: 1 -0.0004902 0.000305884 0.000490689 0.999999 -0.000799022 -0.0003051 0.000799322 0.999999 0.0251605 0.0238842 -0.186459
FixedParameters: 0 0 0

#Transform 60
Transform: AffineTransform_float_3_3
Parameters: 1 -0.000516167 0.000149978 0.000516355 0.999999 -0.000627695 -0.00014933 0.00062785 1 0.02472 0.0552905 -0.196439
FixedParameters: 0 0 0

#Transform 61
Transform: AffineTransform_float_3_3
Parameters: 1 -0.000604091 0.0002438 0.000604382 0.999999 -0.000597713 -0.000243077 0.000598007 1 0.0257418 0.0533482 -0.193528
FixedParameters: 0 0 0

#Transform 62
Transform: AffineTransform_float_3_3
Parameters: 0.999999 -0.000727911 0.000288931 0.000728364 1 -0.000745433 -0.000287862 0.000744914 1 0.019852 0.0303823 -0.193599
FixedParameters: 0 0 0

#Transform 63
Transform: AffineTransform_float_3_3
Parameters: 0.999999 -0.000671233 0.000303063 0.000671066 0.999999 -0.000667169 -0.000302983 0.000667541 0.999999 0.0235287 -0.0320827 -0.178931
FixedParameters: 0 0 0

#Transform 64
Transform: AffineTransform_float_3_3
Parameters: 1 -0.000547718 0.000237234 0.00054807 0.999999 -0.000743359 -0.000236419 0.000743618 0.999999 0.0214995 0.0324979 -0.214139
FixedParameters: 0 0 0

#Transform 65
Transform: AffineTransform_float_3_3
Parameters: 0.999999 -0.000730147 0.000408703 0.000730732 1 -0.00068675 -0.000407717 0.000686408 1 0.0246688 -0.00395751 -0.192588
FixedParameters: 0 0 0

#Transform 66
Transform: AffineTransform_float_3_3
Parameters: 1 -0.000477663 0.00034796 0.000477688 1 -0.000892152 -0.000348009 0.000892449 1 0.0271221 0.0423126 -0.250678
FixedParameters: 0 0 0

#Transform 67
Transform: AffineTransform_float_3_3
Parameters: 1 -0.000490603 0.000308335 0.000490402 0.999999 -0.000601807 -0.00030856 0.000602075 1 0.0271321 0.0687277 -0.249952
FixedParameters: 0 0 0

#Transform 68
Transform: AffineTransform_float_3_3
Parameters: 1 -0.000531841 0.000153339 0.000531995 0.999999 -0.000502859 -0.000152804 0.000503021 1 0.0282498 0.0619454 -0.234412
FixedParameters: 0 0 0

#Transform 69
Transform: AffineTransform_float_3_3
Parameters: 1 -0.00048692 0.000130399 0.000487051 1 -0.000505073 -0.000129907 0.0005052 1 0.0283822 0.0510414 -0.229579
FixedParameters: 0 0 0

#Transform 70
Transform: AffineTransform_float_3_3
Parameters: 1 -0.000507013 0.000301319 0.000506963 1 -0.000826878 -0.000301314 0.00082621 1 0.0230209 0.0700372 -0.273137
FixedParameters: 0 0 0

#Transform 71
Transform: AffineTransform_float_3_3
Parameters: 1 -0.000521112 0.000246171 0.000521283 1 -0.000347001 -0.000245809 0.000347257 1 0.0282046 0.0299922 -0.248115
FixedParameters: 0 0 0

#Transform 72
Transform: AffineTransform_float_3_3
Parameters: 1 -0.0005822 0.000363979 0.000582427 1 -0.000311858 -0.000363616 0.000312281 1 0.0259569 0.00762318 -0.215288
FixedParameters: 0 0 0

#Transform 73
Transform: AffineTransform_float_3_3
Parameters: 1 -0.00053486 0.00037595 0.000535366 0.999999 -0.000673098 -0.000375229 0.0006735 0.999999 0.0264884 0.0114894 -0.2331
FixedParameters: 0 0 0

#Transform 74
Transform: AffineTransform_float_3_3
Parameters: 0.999999 -0.000597168 0.000490519 0.000597846 1 -0.000666429 -0.000489739 0.000666076 1 0.0250879 0.0146898 -0.227474
FixedParameters: 0 0 0

#Transform 75
Transform: AffineTransform_float_3_3
Parameters: 1 -0.000471521 0.000473581 0.000471868 1 -0.000366308 -0.000473235 0.000366755 1 0.0256617 0.0332363 -0.243218
FixedParameters: 0 0 0

#Transform 76
Transform: AffineTransform_float_3_3
Parameters: 0.999999 -0.000504342 0.000691851 0.00050455 1 -0.000149949 -0.000691699 0.000150647 0.999999 0.0225815 0.0388888 -0.228096
FixedParameters: 0 0 0

#Transform 77
Transform: AffineTransform_float_3_3
Parameters: 1 -0.000412175 0.000396882 0.000412398 1 -0.000281742 -0.000396649 0.000282069 1 0.0253081 0.0412788 -0.221164
FixedParameters: 0 0 0

#Transform 78
Transform: AffineTransform_float_3_3
Parameters: 1 -0.000456723 0.000427296 0.00045688 1 -0.000183347 -0.000427128 0.000183737 1 0.0248363 0.0577882 -0.220822
FixedParameters: 0 0 0

#Transform 79
Transform: AffineTransform_float_3_3
Parameters: 1 -0.000467165 0.000363812 0.000466936 1 0.000314796 -0.000364106 -0.000314456 1 0.024058 0.0697471 -0.192356
FixedParameters: 0 0 0

#Transform 80
Transform: AffineTransform_float_3_3
Parameters: 1 -0.000383216 0.000398265 0.000383004 1 0.00026656 -0.00039847 -0.000266255 1 0.0227894 0.0679851 -0.172024
FixedParameters: 0 0 0

#Transform 81
Transform: AffineTransform_float_3_3
Parameters: 1 -0.000428924 0.000498888 0.000428923 1 1.52389e-06 -0.000498889 -1.09592e-06 1 0.0229559 0.0638671 -0.197897
FixedParameters: 0 0 0

#Transform 82
Transform: AffineTransform_float_3_3
Parameters: 1 -0.00043622 0.000337769 0.000436181 1 5.78893e-05 -0.000337819 -5.75946e-05 1 0.0259312 0.0724467 -0.230847
FixedParameters: 0 0 0

#Transform 83
Transform: AffineTransform_float_3_3
Parameters: 0.999999 -0.000573724 0.00042942 0.000573902 1 -0.000206296 -0.000429183 0.000206789 1 0.024416 0.055277 -0.209204
FixedParameters: 0 0 0

#Transform 84
Transform: AffineTransform_float_3_3
Parameters: 0.999999 -0.000645402 0.000482385 0.00064544 1 -3.93715e-05 -0.000482333 3.99941e-05 1 0.0229561 0.0206779 -0.17904
FixedParameters: 0 0 0

#Transform 85
Transform: AffineTransform_float_3_3
Parameters: 0.999999 -0.000628045 0.000477191 0.000627691 0.999999 0.000371212 -0.000477657 -0.000370612 1 0.0237426 0.0236228 -0.198531
FixedParameters: 0 0 0

#Transform 86
Transform: AffineTransform_float_3_3
Parameters: 0.999999 -0.000550298 0.000604547 0.000550119 1 0.000148236 -0.00060471 -0.000147571 1 0.0189398 0.023912 -0.197728
FixedParameters: 0 0 0

#Transform 87
Transform: AffineTransform_float_3_3
Parameters: 1 -0.000412545 0.000494069 0.00041216 1 0.000389131 -0.00049439 -0.000388724 1 0.0192173 0.0263233 -0.1839
FixedParameters: 0 0 0

#Transform 88
Transform: AffineTransform_float_3_3
Parameters: 0.999999 -0.000634169 0.000479022 0.000633952 1 0.000226359 -0.000479308 -0.000225751 1 0.0228497 0.00011212 -0.170362
FixedParameters: 0 0 0

#Transform 89
Transform: AffineTransform_float_3_3
Parameters: 1 -0.000508865 0.000386059 0.000508934 1 -8.8522e-05 -0.000385969 8.89149e-05 1 0.0194852 0.0440513 -0.206356
FixedParameters: 0 0 0

#Transform 90
Transform: AffineTransform_float_3_3
Parameters: 0.999999 -0.000558555 0.000587203 0.000558292 1 0.00022445 -0.000587453 -0.000223794 1 0.0184497 0.056293 -0.184658
FixedParameters: 0 0 0

#Transform 91
Transform: AffineTransform_float_3_3
Parameters: 0.999999 -0.000600966 0.00068692 0.000600543 1 -0.000107802 -0.000687606 0.000108594 0.999999 0.0192284 0.0633155 -0.153393
FixedParameters: 0 0 0

#Transform 92
Transform: AffineTransform_float_3_3
Parameters: 0.999999 -0.000542723 0.00064585 0.0005431 0.999999 -0.000271648 -0.000645591 0.000272007 1 0.0171731 0.0542955 -0.193111
FixedParameters: 0 0 0

#Transform 93
Transform: AffineTransform_float_3_3
Parameters: 0.999999 -0.000634169 0.000479022 0.000633952 1 0.000226359 -0.000479308 -0.000225751 1 0.0177058 0.0864559 -0.173639
FixedParameters: 0 0 0

#Transform 94
Transform: AffineTransform_float_3_3
Parameters: 0.999999 -0.000634169 0.000479022 0.000633952 1 0.000226359 -0.000479308 -0.000225751 1 0.0185584 0.0709766 -0.15275
FixedParameters: 0 0 0

#Transform 95
Transform: AffineTransform_float_3_3
Parameters: 0.999999 -0.000502001 0.000591194 0.00050219 1 -0.000159319 -0.000591034 0.000159913 1 0.0178015 0.0786546 -0.196202
FixedParameters: 0 0 0

#Transform 96
Transform: AffineTransform_float_3_3
Parameters: 1 -0.000453004 0.000529115 0.000453106 0.999999 -7.18001e-05 -0.000529086 7.19373e-05 1 0.0119744 0.0629624 -0.205151
FixedParameters: 0 0 0

#Transform 97
Transform: AffineTransform_float_3_3
Parameters: 0.999999 -0.000539651 0.000614248 0.000539376 1 0.00022397 -0.000614489 -0.000223307 1 0.0161292 0.0439292 -0.176109
FixedParameters: 0 0 0

#Transform 98
Transform: AffineTransform_float_3_3
Parameters: 0.999999 -0.000541536 0.00061679 0.000541349 1 0.000152014 -0.000616954 -0.000151346 1 0.0177848 0.0325843 -0.174777
FixedParameters: 0 0 0

#Transform 99
Transform: AffineTransform_float_3_3
Parameters: 0.999999 -0.000588021 0.000567274 0.000588112 1 -7.98195e-05 -0.00056718 8.04866e-05 1 0.0197549 0.0176778 -0.173001
FixedParameters: 0 0 0

#Transform 100
Transform: AffineTransform_float_3_3
Parameters: 0.999999 -0.000529134 0.000553409 0.000529098 0.999999 -0.000483957 -0.000553713 0.000484508 0.999999 0.0138134 0.0719197 -0.208556
FixedParameters: 0 0 0

#Transform 101
Transform: AffineTransform_float_3_3
Parameters: 0.999999 -0.000573466 0.000827909 0.000573545 0.999999 -0.000886672 -0.000827257 0.000887216 1 0.0120405 0.00496908 -0.215611
FixedParameters: 0 0 0

#Transform 102
Transform: AffineTransform_float_3_3
Parameters: 0.999999 -0.000583585 0.000640221 0.000584836 1 -0.000995977 -0.000639142 0.000996723 1 0.0181304 0.0609999 -0.241002
FixedParameters: 0 0 0

#Transform 103
Transform: AffineTransform_float_3_3
Parameters: 0.999999 -0.000585491 0.000863535 0.000585826 1 -0.00101315 -0.000862677 0.0010141 0.999999 0.017454 0.0517126 -0.247261
FixedParameters: 0 0 0

#Transform 104
Transform: AffineTransform_float_3_3
Parameters: 1 -0.000650728 0.000731972 0.000652195 0.999999 -0.00139331 -0.000730972 0.00139423 0.999998 0.0171874 0.043784 -0.232033
FixedParameters: 0 0 0

#Transform 105
Transform: AffineTransform_float_3_3
Parameters: 0.999999 -0.000568789 0.000601493 0.00056941 1 -0.00101215 -0.000601242 0.0010128 1 0.0167047 0.0763574 -0.211586
FixedParameters: 0 0 0

#Transform 106
Transform: AffineTransform_float_3_3
Parameters: 0.999999 -0.000703882 0.000686343 0.00070396 0.999999 -0.00108832 -0.00068514 0.00108923 0.999999 0.0190817 0.0708228 -0.207075
FixedParameters: 0 0 0

#Transform 107
Transform: AffineTransform_float_3_3
Parameters: 0.999999 -0.000728247 0.000752699 0.000728678 0.999999 -0.00120921 -0.000751303 0.0012099 0.999999 0.0174329 0.0584576 -0.213438
FixedParameters: 0 0 0

#Transform 108
Transform: AffineTransform_float_3_3
Parameters: 0.999999 -0.000593926 0.000795122 0.000594337 0.999999 -0.00114878 -0.000794086 0.00114966 0.999999 0.0160062 0.0570771 -0.221293
FixedParameters: 0 0 0

#Transform 109
Transform: AffineTransform_float_3_3
Parameters: 0.999999 -0.000636414 0.0006946 0.00063703 1 -0.000838338 -0.000694365 0.000838249 0.999999 0.0163441 0.0434308 -0.217246
FixedParameters: 0 0 0

#Transform 110
Transform: AffineTransform_float_3_3
Parameters: 1 -0.000645887 0.000820542 0.000646147 1 -0.00100606 -0.000819486 0.00100705 0.999999 0.0172185 0.0282334 -0.218916
FixedParameters: 0 0 0

#Transform 111
Transform: AffineTransform_float_3_3
Parameters: 0.999999 -0.000587734 0.000735855 0.000588825 0.999999 -0.00114676 -0.000735407 0.00114759 0.999999 0.0178293 0.0130949 -0.242517
FixedParameters: 0 0 0

#Transform 112
Transform: AffineTransform_float_3_3
Parameters: 0.999999 -0.000572263 0.000686341 0.000573803 0.999999 -0.00112168 -0.000685177 0.00112212 1 0.0179311 0.0337884 -0.230845
FixedParameters: 0 0 0

#Transform 113
Transform: AffineTransform_float_3_3
Parameters: 0.999999 -0.000483894 0.000616434 0.000485121 1 -0.00101561 -0.000615535 0.00101621 1 0.0119423 0.0375307 -0.244571
FixedParameters: 0 0 0

#Transform 114
Transform: AffineTransform_float_3_3
Parameters: 1 -0.000321307 0.000476316 0.000321465 0.999999 -0.000766171 -0.000476639 0.000766443 0.999999 0.0138571 0.0260337 -0.263772
FixedParameters: 0 0 0

#Transform 115
Transform: AffineTransform_float_3_3
Parameters: 1 -0.000376164 0.000352453 0.0003766 0.999999 -0.000618172 -0.000351987 0.000618437 0.999999 0.0169688 0.0387592 -0.250465
FixedParameters: 0 0 0

#Transform 116
Transform: AffineTransform_float_3_3
Parameters: 1 -0.000620298 0.000294494 0.000620446 1 -0.000295409 -0.000294091 0.000296116 0.999999 0.0235332 0.0345218 -0.219065
FixedParameters: 0 0 0

#Transform 117
Transform: AffineTransform_float_3_3
Parameters: 0.999999 -0.000617714 0.000453414 0.000618264 0.999999 -0.000606484 -0.000452664 0.000607044 0.999999 0.0225008 0.0317345 -0.232929
FixedParameters: 0 0 0

#Transform 118
Transform: AffineTransform_float_3_3
Parameters: 1 -0.000553084 0.000408104 0.000553582 0.999999 -0.000609847 -0.000407429 0.000610298 0.999999 0.0234392 0.0584414 -0.253235
FixedParameters: 0 0 0

#Transform 119
Transform: AffineTransform_float_3_3
Parameters: 0.999999 -0.000726868 0.000320953 0.000727307 0.999999 -0.000685541 -0.000319955 0.000686007 0.999999 0.0241416 0.0369083 -0.240278
FixedParameters: 0 0 0

#Transform 120
Transform: AffineTransform_float_3_3
Parameters: 0.999999 -0.000682808 0.000493955 0.000683154 0.999999 -0.000905944 -0.00049355 0.000905645 0.999999 0.0229916 0.0364448 -0.254878
FixedParameters: 0 0 0

#Transform 121
Transform: AffineTransform_float_3_3
Parameters: 0.999999 -0.000650217 0.000544584 0.000650898 1 -0.000604392 -0.000543815 0.000604161 1 0.0219351 0.0195521 -0.239156
FixedParameters: 0 0 0

#Transform 122
Transform: AffineTransform_float_3_3
Parameters: 0.999999 -0.000655895 0.00047406 0.000656264 0.999999 -0.000967419 -0.000473624 0.000967067 0.999999 0.0231361 0.0192775 -0.248025
FixedParameters: 0 0 0

#Transform 123
Transform: AffineTransform_float_3_3
Parameters: 0.999999 -0.000649875 0.000469955 0.000650229 0.999999 -0.000960724 -0.000469539 0.000960362 0.999999 0.0239442 0.0138674 -0.265427
FixedParameters: 0 0 0

#Transform 124
Transform: AffineTransform_float_3_3
Parameters: 0.999999 -0.00062302 0.000356999 0.000623453 0.999999 -0.000607476 -0.000356242 0.000607921 1 0.025771 0.0334492 -0.287259
FixedParameters: 0 0 0

#Transform 125
Transform: AffineTransform_float_3_3
Parameters: 0.999999 -0.000669437 0.000367218 0.000669559 0.999999 -0.000914141 -0.000366827 0.000913659 0.999999 0.0254654 0.0295246 -0.279654
FixedParameters: 0 0 0

#Transform 126
Transform: AffineTransform_float_3_3
Parameters: 1 -0.000465597 0.000510406 0.000465651 0.999999 -0.000612367 -0.000510651 0.000612808 0.999999 0.019161 0.0265377 -0.267346
FixedParameters: 0 0 0

#Transform 127
Transform: AffineTransform_float_3_3
Parameters: 1 -0.000348765 0.000249323 0.000348923 0.999999 -0.00151253 -0.000249169 0.00151267 0.999999 0.0149662 0.0570586 -0.273466
FixedParameters: 0 0 0

#Transform 128
Transform: AffineTransform_float_3_3
Parameters: 1 -0.000388689 0.0002831 0.000389331 0.999999 -0.00117904 -0.000282268 0.00117926 1 0.0135067 0.0352023 -0.260406
FixedParameters: 0 0 0

#Transform 129
Transform: AffineTransform_float_3_3
Parameters: 1 -0.000425479 0.000310927 0.000426114 1 -0.001061 -0.000310109 0.00106126 1 0.0144036 0.0645955 -0.281598
FixedParameters: 0 0 0

#Transform 130
Transform: AffineTransform_float_3_3
Parameters: 1 -0.000279055 0.000208521 0.000279467 1 -0.00104855 -0.000208021 0.00104866 1 0.0115338 0.0488627 -0.298121
FixedParameters: 0 0 0

#Transform 131
Transform: AffineTransform_float_3_3
Parameters: 1 -0.000312145 0.00037479 0.000312132 1 -0.00110817 -0.000373612 0.00110837 1 0.0129343 0.021281 -0.278645
FixedParameters: 0 0 0

#Transform 132
Transform: AffineTransform_float_3_3
Parameters: 1 -0.000327926 0.000238202 0.000328526 0.999999 -0.00131134 -0.000237426 0.0013115 0.999999 0.0131855 0.053059 -0.279706
FixedParameters: 0 0 0

#Transform 133
Transform: AffineTransform_float_3_3
Parameters: 1 -0.000354152 0.000376648 0.000354795 0.999998 -0.00164484 -0.000376383 0.00164507 0.999998 0.00936286 0.0298499 -0.281214
FixedParameters: 0 0 0

#Transform 134
Transform: AffineTransform_float_3_3
Parameters: 1 -0.000382857 0.000268311 0.000383199 0.999999 -0.00179411 -0.000267923 0.00179427 0.999999 0.0100775 0.037514 -0.272347
FixedParameters: 0 0 0

#Transform 135
Transform: AffineTransform_float_3_3
Parameters: 1 -0.000428107 0.000463384 0.000429106 0.999999 -0.00174768 -0.000462873 0.00174804 0.999999 0.0104376 0.0504731 -0.272161
FixedParameters: 0 0 0

#Transform 136
Transform: AffineTransform_float_3_3
Parameters: 1 -0.000463068 0.000470536 0.000464107 0.999999 -0.00176409 -0.000469887 0.00176449 0.999999 0.0097479 0.0522977 -0.267412
FixedParameters: 0 0 0

#Transform 137
Transform: AffineTransform_float_3_3
Parameters: 1 -0.000456014 0.000314574 0.000456707 0.999997 -0.00208967 -0.000313654 0.00208992 0.999997 0.0133503 0.0465207 -0.289582
FixedParameters: 0 0 0

#Transform 138
Transform: AffineTransform_float_3_3
Parameters: 1 -0.000416973 0.000401577 0.00041802 0.999997 -0.00204489 -0.000400892 0.00204484 0.999998 0.00990364 0.0709106 -0.31075
FixedParameters: 0 0 0

#Transform 139
Transform: AffineTransform_float_3_3
Parameters: 1 -0.000415746 0.000389025 0.000415817 0.999998 -0.00194336 -0.000387824 0.00194362 0.999998 0.0100262 0.0613982 -0.306031
FixedParameters: 0 0 0

#Transform 140
Transform: AffineTransform_float_3_3
Parameters: 1 -0.000451784 0.000437762 0.000452096 0.999998 -0.00200226 -0.000436366 0.00200259 0.999998 0.00895631 0.0480393 -0.288468
FixedParameters: 0 0 0

#Transform 141
Transform: AffineTransform_float_3_3
Parameters: 1 -0.000398737 0.000482589 0.000399446 0.999998 -0.00220465 -0.000481261 0.00220403 0.999997 0.00827141 0.0260646 -0.277955
FixedParameters: 0 0 0

#Transform 142
Transform: AffineTransform_float_3_3
Parameters: 1 -0.000408793 0.000423166 0.000410035 0.999998 -0.00222948 -0.000422412 0.00222979 0.999998 0.00928985 0.0625599 -0.296986
FixedParameters: 0 0 0

#Transform 143
Transform: AffineTransform_float_3_3
Parameters: 1 -0.000401107 0.000422925 0.000401361 0.999998 -0.00200363 -0.000421732 0.0020039 0.999998 0.00874972 0.0715251 -0.285891
FixedParameters: 0 0 0

#Transform 144
Transform: AffineTransform_float_3_3
Parameters: 1 -0.000405835 0.000457933 0.000407222 0.999998 -0.00221916 -0.000457201 0.0022195 0.999998 0.00749805 0.0226098 -0.304106
FixedParameters: 0 0 0

#Transform 145
Transform: AffineTransform_float_3_3
Parameters: 1 -0.000332791 0.000228173 0.00033312 0.999998 -0.00208103 -0.000227774 0.00208115 0.999998 0.0124505 0.0598349 -0.325076
FixedParameters: 0 0 0

#Transform 146
Transform: AffineTransform_float_3_3
Parameters: 1 -0.000347398 0.00024184 0.000347689 0.999998 -0.00188505 -0.000241516 0.00188518 0.999998 0.0146468 0.0426982 -0.323765
FixedParameters: 0 0 0

#Transform 147
Transform: AffineTransform_float_3_3
Parameters: 1 -0.000324682 0.000224458 0.000324945 0.999998 -0.00196732 -0.000224166 0.00196743 0.999998 0.0125656 0.0301476 -0.318405
FixedParameters: 0 0 0

#Transform 148
Transform: AffineTransform_float_3_3
Parameters: 1 -0.000368287 0.000245247 0.000368883 0.999996 -0.00253074 -0.000244453 0.00253088 0.999996 0.0178942 0.0204094 -0.365113
FixedParameters: 0 0 0

#Transform 149
Transform: AffineTransform_float_3_3
Parameters: 1 -0.000195191 0.000134571 0.000195656 0.999998 -0.0019079 -0.000133996 0.00190795 0.999998 0.0148455 0.0537672 -0.356758
FixedParameters: 0 0 0

#Transform 150
Transform: AffineTransform_float_3_3
Parameters: 1 -0.000351169 0.00024663 0.000351418 0.999999 -0.0017617 -0.000246379 0.00176184 0.999999 0.0156944 0.047667 -0.332632
FixedParameters: 0 0 0

#Transform 151
Transform: AffineTransform_float_3_3
Parameters: 1 -0.000300851 0.000210443 0.000301563 0.999999 -0.00181134 -0.000209522 0.00181146 0.999999 0.015993 0.0659685 -0.324301
FixedParameters: 0 0 0

#Transform 152
Transform: AffineTransform_float_3_3
Parameters: 1 -0.000333209 0.000237732 0.000333921 0.999998 -0.00155135 -0.000236782 0.00155151 0.999999 0.0157208 0.0758043 -0.327114
FixedParameters: 0 0 0

#Transform 153
Transform: AffineTransform_float_3_3
Parameters: 1 -0.000309534 0.000226125 0.000310081 0.999999 -0.00126423 -0.000225427 0.00126437 0.999999 0.0152653 0.0568973 -0.289139
FixedParameters: 0 0 0

#Transform 154
Transform: AffineTransform_float_3_3
Parameters: 1 -0.000361888 0.000265884 0.000361623 1 -0.00108836 -0.00026461 0.00108852 1 0.0152595 0.0711627 -0.272261
FixedParameters: 0 0 0

#Transform 155
Transform: AffineTransform_float_3_3
Parameters: 1 -0.000165686 0.000126121 0.000165968 0.999999 -0.00121558 -0.000125803 0.00121562 1 0.014422 0.0433817 -0.281518
FixedParameters: 0 0 0

#Transform 156
Transform: AffineTransform_float_3_3
Parameters: 1 -0.000168112 0.000126818 0.000168411 0.999999 -0.00127253 -0.000126475 0.00127257 0.999999 0.014958 0.0622948 -0.287075
FixedParameters: 0 0 0

#Transform 157
Transform: AffineTransform_float_3_3
Parameters: 1 -0.000159045 0.000124215 0.000159284 1 -0.00105974 -0.000123963 0.00105978 1 0.0111348 0.0655478 -0.273271
FixedParameters: 0 0 0

#Transform 158
Transform: AffineTransform_float_3_3
Parameters: 1 -0.000281031 0.000212128 0.000281374 0.999999 -0.000920825 -0.000211679 0.000921882 1 0.0135397 0.0557707 -0.257061
FixedParameters: 0 0 0

#Transform 159
Transform: AffineTransform_float_3_3
Parameters: 1 -0.000165686 0.000126121 0.000165968 0.999999 -0.00121558 -0.000125803 0.00121562 1 0.0160358 0.0348351 -0.301769
FixedParameters: 0 0 0

#Transform 160
Transform: AffineTransform_float_3_3
Parameters: 1 -0.000195534 8.35494e-05 0.000195141 0.999999 -0.00121485 -8.3976e-05 0.00121485 0.999999 0.015068 0.0573912 -0.287361
FixedParameters: 0 0 0

#Transform 161
Transform: AffineTransform_float_3_3
Parameters: 1 -0.00018982 7.30983e-05 0.00018996 0.999999 -0.000959945 -7.27337e-05 0.000959973 0.999999 0.0154071 0.0650286 -0.279677
FixedParameters: 0 0 0

#Transform 162
Transform: AffineTransform_float_3_3
Parameters: 1 -0.000149454 0.000121512 0.000149657 0.999999 -0.000834959 -0.000121263 0.000834995 0.999999 0.0130118 0.0581862 -0.252259
FixedParameters: 0 0 0

#Transform 163
Transform: AffineTransform_float_3_3
Parameters: 1 -0.000255471 0.000195333 0.000255807 0.999999 -0.000860536 -0.000194893 0.000860636 0.999999 0.00862679 0.0680935 -0.233292
FixedParameters: 0 0 0

#Transform 164
Transform: AffineTransform_float_3_3
Parameters: 1 -0.000421909 0.00011451 0.000422124 1 -0.00104559 -0.000113713 0.00104568 1 0.00926446 0.0470052 -0.221464
FixedParameters: 0 0 0

#Transform 165
Transform: AffineTransform_float_3_3
Parameters: 1 -0.000172347 -7.51165e-05 0.00017308 1 -0.000571085 7.4742e-05 0.000571087 1 0.0128016 0.104171 -0.230718
FixedParameters: 0 0 0

#Transform 166
Transform: AffineTransform_float_3_3
Parameters: 1 -0.000222795 -7.93134e-06 0.000222787 1 -0.000495071 8.15193e-06 0.000495067 1 0.010914 0.0421293 -0.179125
FixedParameters: 0 0 0

#Transform 167
Transform: AffineTransform_float_3_3
Parameters: 1 -0.00018613 -1.55429e-05 0.000186073 1 -0.00105829 1.58515e-05 0.00105828 1 0.0103912 0.0529329 -0.218806
FixedParameters: 0 0 0

#Transform 168
Transform: AffineTransform_float_3_3
Parameters: 1 -0.000109111 1.4697e-05 0.00010914 0.999999 -0.000995142 -1.44798e-05 0.000995145 0.999999 0.0111595 0.0477008 -0.243491
FixedParameters: 0 0 0

#Transform 169
Transform: AffineTransform_float_3_3
Parameters: 1 -0.000108785 2.33188e-05 0.000108819 0.999999 -0.0012503 -2.31321e-05 0.00125031 0.999999 0.0109555 0.0438886 -0.239068
FixedParameters: 0 0 0

#Transform 170
Transform: AffineTransform_float_3_3
Parameters: 1 -0.000226206 4.90858e-05 0.000225742 0.999999 -0.00134109 -4.93809e-05 0.00134107 0.999999 0.00990112 0.0453734 -0.219515
FixedParameters: 0 0 0

#Transform 171
Transform: AffineTransform_float_3_3
Parameters: 1 -0.000300989 5.51084e-05 0.000301174 0.999999 -0.0016896 -5.41933e-05 0.00168869 0.999998 0.0102805 0.0388447 -0.227102
FixedParameters: 0 0 0

#Transform 172
Transform: AffineTransform_float_3_3
Parameters: 1 -0.000290368 -3.0829e-05 0.00029025 0.999999 -0.00149746 3.16132e-05 0.00149744 0.999999 0.017476 0.0447837 -0.214382
FixedParameters: 0 0 0

#Transform 173
Transform: AffineTransform_float_3_3
Parameters: 1 -0.000132143 9.67999e-05 0.000132418 0.999999 -0.0015437 -9.64768e-05 0.00154372 0.999999 0.0103698 0.0374895 -0.241099
FixedParameters: 0 0 0

#Transform 174
Transform: AffineTransform_float_3_3
Parameters: 1 -8.49411e-05 7.34877e-05 8.50871e-05 0.999999 -0.00099446 -7.33187e-05 0.000994472 0.999999 0.0102906 0.0632176 -0.241729
FixedParameters: 0 0 0

#Transform 175
Transform: AffineTransform_float_3_3
Parameters: 1 -5.22614e-05 5.77183e-05 5.15108e-05 1 -0.00059369 -5.70849e-05 0.000593668 1 0.00938296 0.0772135 -0.221085
FixedParameters: 0 0 0

#Transform 176
Transform: AffineTransform_float_3_3
Parameters: 1 -6.54626e-05 6.62448e-05 6.55466e-05 1 -0.000634027 -6.61617e-05 0.000634036 1 0.00954387 0.0306158 -0.213665
FixedParameters: 0 0 0

#Transform 177
Transform: AffineTransform_float_3_3
Parameters: 1 -7.28517e-05 7.07321e-05 7.29468e-05 1 -0.000672695 -7.0634e-05 0.000672705 1 0.010006 0.0634646 -0.236419
FixedParameters: 0 0 0

#Transform 178
Transform: AffineTransform_float_3_3
Parameters: 1 -5.67355e-05 6.06955e-05 5.68086e-05 1 -0.000602436 -6.06271e-05 0.000602443 1 0.00948011 0.0652745 -0.222199
FixedParameters: 0 0 0

#Transform 179
Transform: AffineTransform_float_3_3
Parameters: 1 -0.000179981 7.42094e-05 0.000180097 0.999999 -0.000783179 -7.39274e-05 0.000783206 0.999999 0.0134042 0.0385093 -0.198111
FixedParameters: 0 0 0

#Transform 180
Transform: AffineTransform_float_3_3
Parameters: 1 -0.000142258 0.000119453 0.000142417 1 -0.000666126 -0.000119263 0.00066616 1 0.00865916 0.037285 -0.207073
FixedParameters: 0 0 0

#Transform 181
Transform: AffineTransform_float_3_3
Parameters: 1 -6.03256e-05 5.21031e-05 6.04291e-05 0.999999 -0.001224 -5.20406e-05 0.001224 0.999999 0.0118683 -0.0349086 -0.297055
FixedParameters: 0 0 0

#Transform 182
Transform: AffineTransform_float_3_3
Parameters: 1 1.25876e-06 -6.17368e-05 -1.44934e-06 0.999999 -0.00135013 6.16479e-05 0.00135013 0.999999 0.0227021 -0.0202946 -0.181178
FixedParameters: 0 0 0

#Transform 183
Transform: AffineTransform_float_3_3
Parameters: 1 -9.49967e-05 6.19421e-05 9.52005e-05 0.999998 -0.0020362 -6.17254e-05 0.00203621 0.999998 0.00854182 0.181425 -0.225814
FixedParameters: 0 0 0

#Transform 184
Transform: AffineTransform_float_3_3
Parameters: 1 -0.000160422 0.000179649 0.000160218 0.999999 -0.00184781 -0.000178655 0.00184784 0.999999 0.0181175 0.0521119 -0.206829
FixedParameters: 0 0 0

#Transform 185
Transform: AffineTransform_float_3_3
Parameters: 1 -0.000119752 8.81483e-05 0.00012 0.999999 -0.00154133 -8.78641e-05 0.00154135 0.999999 0.0188159 0.0642024 -0.206336
FixedParameters: 0 0 0

#Transform 186
Transform: AffineTransform_float_3_3
Parameters: 1 -1.47081e-05 0.000147253 1.52207e-05 0.999998 -0.00190246 -0.000147367 0.00190247 0.999998 0.0122682 0.105001 -0.250274
FixedParameters: 0 0 0

#Transform 187
Transform: AffineTransform_float_3_3
Parameters: 1 -8.51793e-05 0.000316316 8.57147e-05 0.999998 -0.00225677 -0.000315614 0.00225679 0.999998 0.0121292 0.0524173 -0.25542
FixedParameters: 0 0 0

#Transform 188
Transform: AffineTransform_float_3_3
Parameters: 1 5.87989e-05 -0.000171548 -5.91054e-05 0.999997 -0.00234887 0.000171831 0.00234892 0.999997 0.0311935 -0.141095 -0.203787
FixedParameters: 0 0 0

#Transform 189
Transform: AffineTransform_float_3_3
Parameters: 1 0.000194464 -0.000195304 -0.000195276 0.999994 -0.0032438 0.000194429 0.00324391 0.999994 0.0461497 0.04788 -0.146897
FixedParameters: 0 0 0
