#Insight Transform File V1.0
#Transform 0
Transform: AffineTransform_float_3_3
Parameters: 0.999999 -0.000805007 0.00034549 0.000805668 0.999997 -0.00218256 -0.000343773 0.00218229 0.999997 0.00117267 -0.0142814 -0.0213579
FixedParameters: 0 0 0

#Transform 1
Transform: AffineTransform_float_3_3
Parameters: 1 -0.00102216 0.000193611 0.00102287 0.999998 -0.00196866 -0.000191813 0.00196961 0.999998 0.00827616 -0.0484224 0.0264688
FixedParameters: 0 0 0

#Transform 2
Transform: AffineTransform_float_3_3
Parameters: 0.999999 -0.000671668 0.000303746 0.000672782 0.999998 -0.00186721 -0.000303501 0.00186768 0.999998 -0.000639486 0.0318343 -0.0116952
FixedParameters: 0 0 0

#Transform 3
Transform: AffineTransform_float_3_3
Parameters: 0.999999 -0.00091424 0.000238512 0.000915107 0.999998 -0.00182866 -0.000237412 0.00182967 0.999998 0.000627727 -0.00730062 0.00702085
FixedParameters: 0 0 0

#Transform 4
Transform: AffineTransform_float_3_3
Parameters: 0.999999 -0.000653282 0.000337054 0.000654064 0.999999 -0.00174816 -0.000335672 0.00174862 0.999999 0.00243087 0.0239546 -0.0124925
FixedParameters: 0 0 0

#Transform 5
Transform: AffineTransform_float_3_3
Parameters: 0.999999 -0.000913293 0.000318453 0.000913269 0.999998 -0.00143824 -0.000317581 0.00143886 0.999999 0.00765988 -0.0422344 0.0295263
FixedParameters: 0 0 0

#Transform 6
Transform: AffineTransform_float_3_3
Parameters: 1 -0.000514197 0.000258758 0.000514659 0.999999 -0.0016669 -0.000257955 0.00166632 0.999998 0.00170091 0.0515678 0.00663295
FixedParameters: 0 0 0

#Transform 7
Transform: AffineTransform_float_3_3
Parameters: 0.999999 -0.000756384 0.000159716 0.000757265 0.999998 -0.00143578 -0.000158923 0.00143606 0.999999 0.00605768 -0.0295157 0.0206114
FixedParameters: 0 0 0

#Transform 8
Transform: AffineTransform_float_3_3
Parameters: 0.999999 -0.000757814 0.000155582 0.000758781 0.999999 -0.00160516 -0.000154554 0.00160457 0.999999 0.00076606 0.0117499 0.000945351
FixedParameters: 0 0 0

#Transform 9
Transform: AffineTransform_float_3_3
Parameters: 0.999999 -0.000650431 0.00034775 0.0006508 0.999999 -0.00117025 -0.000347113 0.00117072 1 -0.00635808 -0.0180884 0.00818111
FixedParameters: 0 0 0

#Transform 10
Transform: AffineTransform_float_3_3
Parameters: 1 -0.000658362 0.000112272 0.000658174 0.999999 -0.0011444 -0.000111651 0.00114457 1 -0.000949081 -0.0333921 0.0396656
FixedParameters: 0 0 0

#Transform 11
Transform: AffineTransform_float_3_3
Parameters: 1 -0.000634894 0.000235746 0.00063597 0.999999 -0.00138671 -0.000235364 0.00138705 0.999999 -0.00196036 -0.0215918 0.0149859
FixedParameters: 0 0 0

#Transform 12
Transform: AffineTransform_float_3_3
Parameters: 1 -0.000558181 0.000321984 0.000558606 0.999999 -0.00135152 -0.000321361 0.0013519 0.999999 -0.00592087 0.0262252 -0.013021
FixedParameters: 0 0 0

#Transform 13
Transform: AffineTransform_float_3_3
Parameters: 0.999999 -0.000691945 0.000275225 0.000693002 0.999999 -0.00115209 -0.00027501 0.00115251 1 -0.00815814 -0.0446005 0.0229605
FixedParameters: 0 0 0

#Transform 14
Transform: AffineTransform_float_3_3
Parameters: 1 -0.000355971 0.000302285 0.000356387 0.999999 -0.00142189 -0.000302158 0.00142212 0.999999 -0.00646951 0.0462889 -0.0070895
FixedParameters: 0 0 0

#Transform 15
Transform: AffineTransform_float_3_3
Parameters: 0.999999 -0.000754114 0.000166154 0.000754943 0.999999 -0.00117212 -0.000165745 0.00117292 0.999999 -0.000492751 -0.0276767 0.0138209
FixedParameters: 0 0 0

#Transform 16
Transform: AffineTransform_float_3_3
Parameters: 1 -0.000510085 0.000251054 0.000510313 0.999999 -0.0013402 -0.000250573 0.00134048 0.999999 -0.00421314 0.0235366 0.00812765
FixedParameters: 0 0 0

#Transform 17
Transform: AffineTransform_float_3_3
Parameters: 1 -0.000474424 0.000197233 0.000474354 1 0.000178326 -0.000197402 -0.000178139 1 -0.0108509 -0.0105019 0.0632196
FixedParameters: 0 0 0

#Transform 18
Transform: AffineTransform_float_3_3
Parameters: 1 -0.000482577 0.00032467 0.000481741 0.999999 -0.000811094 -0.000324262 0.000811404 0.999999 -0.00703103 -0.0481334 0.00568741
FixedParameters: 0 0 0

#Transform 19
Transform: AffineTransform_float_3_3
Parameters: 1 -0.000245319 -8.92253e-05 0.00024532 1 4.36261e-06 8.92232e-05 -4.40638e-06 1 0.00487669 -0.0203117 0.0745711
FixedParameters: 0 0 0

#Transform 20
Transform: AffineTransform_float_3_3
Parameters: 0.999999 -0.000577071 0.000486563 0.00057722 1 -0.000152984 -0.000486387 0.000153545 1 -0.0076959 -0.0178039 -0.0202465
FixedParameters: 0 0 0

#Transform 21
Transform: AffineTransform_float_3_3
Parameters: 1 0.000251645 9.81115e-05 -0.000251717 1 0.000369447 -9.79255e-05 -0.000369496 1 -0.0147004 -0.00741891 0.0605683
FixedParameters: 0 0 0

#Transform 22
Transform: AffineTransform_float_3_3
Parameters: 1 -0.00022262 -9.29258e-05 0.000222678 1 0.000312367 9.27867e-05 -0.000312408 1 0.00497796 -0.0352258 0.0621972
FixedParameters: 0 0 0

#Transform 23
Transform: AffineTransform_float_3_3
Parameters: 1 0.0006623 -1.35356e-05 -0.000662713 0.999999 0.00111899 1.41321e-05 -0.00111895 1 -0.00696321 -0.000448991 -0.00858351
FixedParameters: 0 0 0

#Transform 24
Transform: AffineTransform_float_3_3
Parameters: 1 0.000130857 2.84083e-05 -0.000130868 1 0.00108153 -2.81427e-05 -0.00108154 1 -0.0141755 -0.0417357 0.0345725
FixedParameters: 0 0 0

#Transform 25
Transform: AffineTransform_float_3_3
Parameters: 1 0.000515538 6.98094e-06 -0.000516044 0.999999 0.000869642 -6.95254e-06 -0.000869632 0.999999 -0.0187389 0.000659214 -0.024048
FixedParameters: 0 0 0

#Transform 26
Transform: AffineTransform_float_3_3
Parameters: 1 0.000308177 0.000226889 -0.000308566 0.999999 0.000856844 -0.00022636 -0.000856983 0.999999 -0.0167293 -0.0260707 0.0355197
FixedParameters: 0 0 0

#Transform 27
Transform: AffineTransform_float_3_3
Parameters: 0.999999 0.000703158 -0.000100905 -0.000703447 1 0.000792344 0.000101125 -0.000793044 1 -0.00943175 0.0132182 0.0350374
FixedParameters: 0 0 0

#Transform 28
Transform: AffineTransform_float_3_3
Parameters: 1 0.000282802 -0.000271803 -0.00028287 0.999999 0.000784732 0.000271378 -0.000784561 0.999999 -0.00381341 -0.0519173 0.0152425
FixedParameters: 0 0 0

#Transform 29
Transform: AffineTransform_float_3_3
Parameters: 1 0.000518051 -9.89744e-05 -0.000517899 0.999999 0.000763308 9.97651e-05 -0.000763205 0.999999 -0.00723513 -0.00783769 0.0543
FixedParameters: 0 0 0

#Transform 30
Transform: AffineTransform_float_3_3
Parameters: 1 0.000495357 -0.000290351 -0.000495217 1 0.0010055 0.000290461 -0.0010052 1 0.00217589 -0.00147583 0.00176924
FixedParameters: 0 0 0

#Transform 31
Transform: AffineTransform_float_3_3
Parameters: 1 0.000324118 8.0697e-05 -0.000323367 1 0.0010395 -8.05357e-05 -0.00103954 1 -0.0130536 -0.00870955 0.0576572
FixedParameters: 0 0 0

#Transform 32
Transform: AffineTransform_float_3_3
Parameters: 1 0.000596094 4.11583e-05 -0.000595756 1 0.00103813 -4.13015e-05 -0.00103814 1 -0.0191584 0.0143096 0.0259172
FixedParameters: 0 0 0

#Transform 33
Transform: AffineTransform_float_3_3
Parameters: 1 0.000429197 -7.44225e-05 -0.000428123 1 0.00104255 7.48045e-05 -0.00104247 1 -0.00953005 -0.0331722 0.0699224
FixedParameters: 0 0 0

#Transform 34
Transform: AffineTransform_float_3_3
Parameters: 1 0.000435316 0.000120885 -0.000435524 1 0.0010715 -0.000119969 -0.00107161 1 -0.02129 0.00690655 0.034945
FixedParameters: 0 0 0

#Transform 35
Transform: AffineTransform_float_3_3
Parameters: 1 0.000178928 0.000139958 -0.000179252 0.999999 0.00133637 -0.000139496 -0.00133642 0.999999 -0.0150566 -0.0224879 0.0692367
FixedParameters: 0 0 0

#Transform 36
Transform: AffineTransform_float_3_3
Parameters: 1 0.000261983 -1.75451e-05 -0.000261885 0.999999 0.00133965 1.82295e-05 -0.00133964 0.999999 -0.0178061 -0.0242362 0.0335561
FixedParameters: 0 0 0

#Transform 37
Transform: AffineTransform_float_3_3
Parameters: 1 0.00017377 0.000132984 -0.000174129 0.999999 0.00154167 -0.000132465 -0.00154171 0.999999 -0.00805397 -0.0524042 0.0815095
FixedParameters: 0 0 0

#Transform 38
Transform: AffineTransform_float_3_3
Parameters: 1 0.000371563 0.000136588 -0.00037192 0.999999 0.00149382 -0.000135494 -0.00149392 0.999999 -0.00846159 0.0397095 0.0808639
FixedParameters: 0 0 0

#Transform 39
Transform: AffineTransform_float_3_3
Parameters: 1 0.000377874 0.000237572 -0.000377738 0.999999 0.00175528 -0.000236775 -0.00175544 0.999999 -0.0161338 0.00239824 0.0476284
FixedParameters: 0 0 0

#Transform 40
Transform: AffineTransform_float_3_3
Parameters: 1 0.000344756 0.000152347 -0.000345165 0.999999 0.00151166 -0.000151321 -0.00151176 0.999999 -0.0128306 -0.0148734 0.0960007
FixedParameters: 0 0 0

#Transform 41
Transform: AffineTransform_float_3_3
Parameters: 1 0.000584418 0.000111207 -0.000584334 0.999999 0.0017557 -0.000110553 -0.00175579 0.999999 -0.0171867 0.00631544 0.0462112
FixedParameters: 0 0 0

#Transform 42
Transform: AffineTransform_float_3_3
Parameters: 1 0.000433804 0.000112211 -0.000434612 0.999998 0.00185302 -0.000111505 -0.0018531 0.999999 -0.0161938 -0.0264801 0.0892077
FixedParameters: 0 0 0

#Transform 43
Transform: AffineTransform_float_3_3
Parameters: 1 0.000614517 9.03238e-05 -0.000615277 0.999997 0.00204407 -8.87135e-05 -0.00204416 0.999998 -0.0160893 -0.00180053 0.0442614
FixedParameters: 0 0 0

#Transform 44
Transform: AffineTransform_float_3_3
Parameters: 1 0.000511461 0.000188654 -0.000511767 0.999997 0.00207046 -0.000187933 -0.00207061 0.999998 -0.0191424 -0.0223477 0.105686
FixedParameters: 0 0 0

#Transform 45
Transform: AffineTransform_float_3_3
Parameters: 1 0.000639373 0.000132538 -0.000640248 0.999998 0.00189246 -0.000130999 -0.0018921 0.999998 -0.00935004 -0.0150251 0.077111
FixedParameters: 0 0 0

#Transform 46
Transform: AffineTransform_float_3_3
Parameters: 1 0.000596926 0.000221175 -0.00059734 0.999998 0.00201084 -0.000220171 -0.00201107 0.999998 -0.0207632 0.00411617 0.111582
FixedParameters: 0 0 0

#Transform 47
Transform: AffineTransform_float_3_3
Parameters: 1 0.000570315 0.00021183 -0.000570639 0.999998 0.00192605 -0.000211011 -0.00192574 0.999998 -0.019705 -0.0316314 0.0650029
FixedParameters: 0 0 0

#Transform 48
Transform: AffineTransform_float_3_3
Parameters: 1 0.000368091 0.000411631 -0.000369032 0.999997 0.00238315 -0.000410421 -0.00238343 0.999997 -0.018655 -0.035889 0.109597
FixedParameters: 0 0 0

#Transform 49
Transform: AffineTransform_float_3_3
Parameters: 0.999999 0.000602828 0.000542753 -0.00060494 0.999997 0.00244741 -0.000541192 -0.00244752 0.999996 -0.0279384 0.0538799 0.0831982
FixedParameters: 0 0 0

#Transform 50
Transform: AffineTransform_float_3_3
Parameters: 0.999999 0.000727809 0.000455834 -0.000728694 0.999997 0.00252155 -0.000454051 -0.00252165 0.999996 -0.0262156 0.0134411 0.0837841
FixedParameters: 0 0 0

#Transform 51
Transform: AffineTransform_float_3_3
Parameters: 1 0.00059388 0.000384955 -0.000595102 0.999997 0.00227175 -0.000383669 -0.00227217 0.999998 -0.0169299 -0.0261569 0.103083
FixedParameters: 0 0 0

#Transform 52
Transform: AffineTransform_float_3_3
Parameters: 1 0.000545691 0.000397256 -0.000545606 0.999998 0.00226988 -0.000395819 -0.00227027 0.999998 -0.0224692 0.0211389 0.131416
FixedParameters: 0 0 0

#Transform 53
Transform: AffineTransform_float_3_3
Parameters: 1 0.000475109 0.000411804 -0.000476432 0.999997 0.00218953 -0.000411111 -0.00218902 0.999998 -0.0185825 -0.0688068 0.0718411
FixedParameters: 0 0 0

#Transform 54
Transform: AffineTransform_float_3_3
Parameters: 1 -0.000135268 0.000462426 0.000133396 0.999996 0.00277658 -0.000462373 -0.00277647 0.999996 -0.0159358 -0.0124803 0.111096
FixedParameters: 0 0 0

#Transform 55
Transform: AffineTransform_float_3_3
Parameters: 1 0.000320627 0.00039418 -0.000322184 0.999997 0.00270414 -0.000393874 -0.00270435 0.999997 -0.020176 0.0479893 0.103543
FixedParameters: 0 0 0

#Transform 56
Transform: AffineTransform_float_3_3
Parameters: 1 0.000256356 0.0004129 -0.000257696 0.999995 0.00291932 -0.000411964 -0.00291951 0.999995 -0.0189408 -0.0106821 0.0859284
FixedParameters: 0 0 0

#Transform 57
Transform: AffineTransform_float_3_3
Parameters: 1 0.000393462 0.00037532 -0.000395191 0.999995 0.00313912 -0.000374294 -0.00313937 0.999995 -0.0166178 0.00599796 0.122641
FixedParameters: 0 0 0

#Transform 58
Transform: AffineTransform_float_3_3
Parameters: 1 0.000177098 0.000282258 -0.000177532 0.999997 0.00266427 -0.000281877 -0.00266434 0.999997 -0.0176166 -0.0274488 0.125859
FixedParameters: 0 0 0

#Transform 59
Transform: AffineTransform_float_3_3
Parameters: 1 0.000406995 0.000439765 -0.000408506 0.999995 0.00293928 -0.000437932 -0.00293961 0.999995 -0.0209956 0.000274524 0.105315
FixedParameters: 0 0 0

#Transform 60
Transform: AffineTransform_float_3_3
Parameters: 1 0.000320313 0.00041469 -0.000321689 0.999995 0.00295914 -0.000413346 -0.00295853 0.999996 -0.0146868 -0.0160551 0.141031
FixedParameters: 0 0 0

#Transform 61
Transform: AffineTransform_float_3_3
Parameters: 1 0.000241698 0.000357582 -0.000242651 0.999996 0.00282983 -0.000356775 -0.00282998 0.999996 -0.010996 -0.0106597 0.110939
FixedParameters: 0 0 0

#Transform 62
Transform: AffineTransform_float_3_3
Parameters: 1 0.000348405 0.000409073 -0.000350217 0.999995 0.00291858 -0.000408466 -0.00291883 0.999995 -0.0194945 0.0294872 0.124184
FixedParameters: 0 0 0

#Transform 63
Transform: AffineTransform_float_3_3
Parameters: 1 3.17597e-05 0.000373936 -3.29145e-05 0.999995 0.00297879 -0.000374299 -0.00297793 0.999996 -0.0116903 -0.0233566 0.0969879
FixedParameters: 0 0 0

#Transform 64
Transform: AffineTransform_float_3_3
Parameters: 1 0.000427242 0.000365085 -0.000428114 0.999994 0.00324212 -0.000364256 -0.00324237 0.999994 -0.0153413 0.0361316 0.125565
FixedParameters: 0 0 0

#Transform 65
Transform: AffineTransform_float_3_3
Parameters: 1 0.000323062 0.000450666 -0.000323797 0.999996 0.0030218 -0.000449787 -0.00302205 0.999996 -0.0188128 0.00884204 0.10622
FixedParameters: 0 0 0

#Transform 66
Transform: AffineTransform_float_3_3
Parameters: 1 0.000429048 0.000377462 -0.000429837 0.999995 0.00296412 -0.000376835 -0.00296352 0.999996 -0.0163813 0.0179372 0.150736
FixedParameters: 0 0 0

#Transform 67
Transform: AffineTransform_float_3_3
Parameters: 1 0.000311729 0.00046394 -0.000312487 0.999995 0.00290652 -0.000463184 -0.00290677 0.999995 -0.0198115 -0.00491583 0.130913
FixedParameters: 0 0 0

#Transform 68
Transform: AffineTransform_float_3_3
Parameters: 1 0.000475225 0.000409292 -0.0004766 0.999995 0.00305548 -0.000406965 -0.00305585 0.999995 -0.0185151 0.0242504 0.136521
FixedParameters: 0 0 0

#Transform 69
Transform: AffineTransform_float_3_3
Parameters: 1 0.000222352 0.000386069 -0.000223586 0.999995 0.00299277 -0.00038529 -0.00299206 0.999996 -0.0192616 -0.0108991 0.163753
FixedParameters: 0 0 0

#Transform 70
Transform: AffineTransform_float_3_3
Parameters: 1 0.000455382 0.000326262 -0.00045593 0.999995 0.00313082 -0.000325353 -0.00313106 0.999995 -0.0147468 0.026312 0.154045
FixedParameters: 0 0 0

#Transform 71
Transform: AffineTransform_float_3_3
Parameters: 1 0.000207527 0.000271184 -0.000208878 0.999996 0.00286834 -0.000270059 -0.00286845 0.999996 -0.00956759 -0.0420208 0.143009
FixedParameters: 0 0 0

#Transform 72
Transform: AffineTransform_float_3_3
Parameters: 1 0.000148391 0.000311012 -0.000149187 0.999995 0.00307994 -0.000310677 -0.00308001 0.999995 -0.0173919 0.028035 0.176924
FixedParameters: 0 0 0

#Transform 73
Transform: AffineTransform_float_3_3
Parameters: 1 0.000423007 0.000467134 -0.000424355 0.999996 0.00304147 -0.000466501 -0.00304181 0.999996 -0.0207893 0.0443434 0.166046
FixedParameters: 0 0 0

#Transform 74
Transform: AffineTransform_float_3_3
Parameters: 1 0.000320081 0.000444785 -0.000321744 0.999995 0.00315177 -0.000443324 -0.00315152 0.999994 -0.0192551 -0.00244843 0.151994
FixedParameters: 0 0 0

#Transform 75
Transform: AffineTransform_float_3_3
Parameters: 1 0.000331454 0.000468203 -0.000332522 0.999994 0.00326536 -0.000467111 -0.00326563 0.999994 -0.0166629 0.0170506 0.189484
FixedParameters: 0 0 0

#Transform 76
Transform: AffineTransform_float_3_3
Parameters: 1 0.000146403 0.000579825 -0.000148577 0.999994 0.00326921 -0.000578573 -0.00326938 0.999994 -0.0231527 0.0233439 0.150701
FixedParameters: 0 0 0

#Transform 77
Transform: AffineTransform_float_3_3
Parameters: 1 0.000411404 0.00052253 -0.000412843 0.999994 0.00328868 -0.000520887 -0.00328821 0.999995 -0.0192889 0.0276275 0.143361
FixedParameters: 0 0 0

#Transform 78
Transform: AffineTransform_float_3_3
Parameters: 1 0.000208677 0.000519795 -0.000209945 0.999995 0.00313112 -0.00051956 -0.0031313 0.999995 -0.0220678 0.0153752 0.208902
FixedParameters: 0 0 0

#Transform 79
Transform: AffineTransform_float_3_3
Parameters: 1 5.60105e-05 0.000414417 -5.7225e-05 0.999996 0.00275404 -0.000414669 -0.00275407 0.999996 -0.00993306 0.00948826 0.193167
FixedParameters: 0 0 0

#Transform 80
Transform: AffineTransform_float_3_3
Parameters: 1 0.000136418 0.000560616 -0.00013831 0.999995 0.00312975 -0.000559469 -0.0031299 0.999995 -0.0230375 0.0352846 0.202248
FixedParameters: 0 0 0

#Transform 81
Transform: AffineTransform_float_3_3
Parameters: 0.999999 0.00013845 0.000846585 -0.000141255 0.999995 0.00312349 -0.000845919 -0.0031237 0.999995 -0.00990649 -0.0437821 0.181847
FixedParameters: 0 0 0

#Transform 82
Transform: AffineTransform_float_3_3
Parameters: 0.999999 -0.000121184 0.000888143 0.000117858 0.999993 0.00356874 -0.000888364 -0.00356817 0.999994 -0.0157933 0.0363078 0.209774
FixedParameters: 0 0 0

#Transform 83
Transform: AffineTransform_float_3_3
Parameters: 0.999999 -4.50496e-05 0.000967553 4.0955e-05 0.999993 0.00370639 -0.000967245 -0.0037063 0.999992 -0.0164132 0.048552 0.204488
FixedParameters: 0 0 0

#Transform 84
Transform: AffineTransform_float_3_3
Parameters: 0.999999 9.18379e-05 0.000894189 -9.47059e-05 0.999993 0.00383899 -0.000893358 -0.00383913 0.999992 -0.0146355 0.00178542 0.203928
FixedParameters: 0 0 0

#Transform 85
Transform: AffineTransform_float_3_3
Parameters: 1 -1.52225e-05 0.00116005 9.89985e-06 0.999992 0.00398904 -0.00116003 -0.00398863 0.999992 -0.0134657 0.0265366 0.196385
FixedParameters: 0 0 0

#Transform 86
Transform: AffineTransform_float_3_3
Parameters: 1 7.65498e-05 0.00115273 -8.07461e-05 0.999992 0.00389988 -0.0011525 -0.00390052 0.999992 -0.0199811 0.0297378 0.233488
FixedParameters: 0 0 0

#Transform 87
Transform: AffineTransform_float_3_3
Parameters: 0.999999 3.46333e-05 0.00116472 -3.99005e-05 0.999992 0.00397143 -0.00116432 -0.00397114 0.999992 -0.0126732 0.00920117 0.19482
FixedParameters: 0 0 0

#Transform 88
Transform: AffineTransform_float_3_3
Parameters: 1 7.84477e-05 0.00108514 -8.24771e-05 0.999992 0.00409739 -0.00108486 -0.00409752 0.999991 -0.0186932 0.0209308 0.244423
FixedParameters: 0 0 0

#Transform 89
Transform: AffineTransform_float_3_3
Parameters: 1 6.09999e-05 0.00123924 -6.62538e-05 0.999992 0.00408166 -0.0012391 -0.00408177 0.999991 -0.0163884 0.0286431 0.204207
FixedParameters: 0 0 0

#Transform 90
Transform: AffineTransform_float_3_3
Parameters: 1 -2.00644e-05 0.0011244 1.44288e-05 0.999991 0.00428484 -0.00112443 -0.00428391 0.99999 -0.0204144 0.0221907 0.255995
FixedParameters: 0 0 0

#Transform 91
Transform: AffineTransform_float_3_3
Parameters: 0.999999 -1.64798e-05 0.000960751 1.18796e-05 0.999992 0.0040224 -0.000960256 -0.00402236 0.999991 -0.0136656 0.011908 0.226453
FixedParameters: 0 0 0

#Transform 92
Transform: AffineTransform_float_3_3
Parameters: 0.999999 5.77106e-05 0.00105416 -6.17457e-05 0.999991 0.00424686 -0.00105404 -0.00424607 0.999991 -0.0176968 0.0439052 0.251373
FixedParameters: 0 0 0

#Transform 93
Transform: AffineTransform_float_3_3
Parameters: 0.999999 5.02457e-05 0.00110417 -5.43753e-05 0.999992 0.00408643 -0.00110416 -0.004087 0.999992 -0.0127536 0.00941619 0.213422
FixedParameters: 0 0 0

#Transform 94
Transform: AffineTransform_float_3_3
Parameters: 0.999999 -0.000109787 0.00102289 0.00010547 0.999991 0.0043451 -0.0010229 -0.00434538 0.999991 -0.0190472 0.0250422 0.269353
FixedParameters: 0 0 0

#Transform 95
Transform: AffineTransform_float_3_3
Parameters: 0.999999 0.000292891 0.00103803 -0.000296804 0.99999 0.00445664 -0.00103718 -0.00445716 0.999989 -0.0113731 0.0652292 0.229178
FixedParameters: 0 0 0

#Transform 96
Transform: AffineTransform_float_3_3
Parameters: 0.999999 0.000110168 0.000897292 -0.000113816 0.999991 0.00429233 -0.000896224 -0.00429164 0.999991 -0.0109449 0.0162225 0.25419
FixedParameters: 0 0 0

#Transform 97
Transform: AffineTransform_float_3_3
Parameters: 0.999999 0.000144431 0.00109374 -0.000149596 0.99999 0.00440363 -0.00109373 -0.00440389 0.999989 -0.0110468 0.0494545 0.23938
FixedParameters: 0 0 0

#Transform 98
Transform: AffineTransform_float_3_3
Parameters: 0.999999 0.000148906 0.000971045 -0.000153309 0.999991 0.00437869 -0.000969642 -0.00437895 0.99999 -0.0108437 0.00912343 0.259768
FixedParameters: 0 0 0

#Transform 99
Transform: AffineTransform_float_3_3
Parameters: 0.999999 -2.11325e-05 0.00103719 1.69238e-05 0.999992 0.0039545 -0.00103722 -0.00395444 0.999991 -0.0125628 0.0267677 0.251447
FixedParameters: 0 0 0

#Transform 100
Transform: AffineTransform_float_3_3
Parameters: 0.999999 0.000138093 0.00129484 -0.000143314 0.99999 0.00444306 -0.0012936 -0.00444251 0.999989 -0.0221563 0.039853 0.240559
FixedParameters: 0 0 0

#Transform 101
Transform: AffineTransform_float_3_3
Parameters: 0.999999 -1.6977e-05 0.00112181 1.27368e-05 0.99999 0.00429514 -0.00112148 -0.00429472 0.99999 -0.0110061 -0.034127 0.23541
FixedParameters: 0 0 0

#Transform 102
Transform: AffineTransform_float_3_3
Parameters: 1 4.7273e-05 0.00120527 -5.25088e-05 0.999988 0.00481016 -0.00120487 -0.00481074 0.999988 -0.0202772 0.0664481 0.256504
FixedParameters: 0 0 0

#Transform 103
Transform: AffineTransform_float_3_3
Parameters: 0.999999 7.3943e-05 0.00129992 -8.02797e-05 0.999989 0.00467489 -0.00130012 -0.00467467 0.999989 -0.0184853 0.0447027 0.247392
FixedParameters: 0 0 0

#Transform 104
Transform: AffineTransform_float_3_3
Parameters: 0.999999 3.4199e-05 0.00103791 -3.84156e-05 0.999989 0.00468622 -0.00103713 -0.00468626 0.999988 -0.0142443 0.018539 0.27919
FixedParameters: 0 0 0

#Transform 105
Transform: AffineTransform_float_3_3
Parameters: 1 4.89709e-05 0.0012127 -5.39737e-05 0.999989 0.00466634 -0.00121227 -0.00466606 0.999989 -0.0138432 0.0495547 0.269435
FixedParameters: 0 0 0

#Transform 106
Transform: AffineTransform_float_3_3
Parameters: 1 9.31523e-05 0.00118341 -9.89238e-05 0.99999 0.00451733 -0.00118293 -0.00451665 0.999989 -0.0100902 -0.0131912 0.269033
FixedParameters: 0 0 0

#Transform 107
Transform: AffineTransform_float_3_3
Parameters: 1 -1.1756e-05 0.00123939 5.25041e-06 0.999988 0.00483988 -0.00123905 -0.00484034 0.999987 -0.0196489 0.0634743 0.277014
FixedParameters: 0 0 0

#Transform 108
Transform: AffineTransform_float_3_3
Parameters: 0.999999 -8.37725e-05 0.00134198 7.75093e-05 0.999989 0.0046844 -0.00134279 -0.00468378 0.999988 -0.0193747 0.0316012 0.266671
FixedParameters: 0 0 0

#Transform 109
Transform: AffineTransform_float_3_3
Parameters: 1 6.98557e-05 0.00124641 -7.57825e-05 0.999989 0.00472887 -0.00124667 -0.00472949 0.999989 -0.0124966 0.0443883 0.26347
FixedParameters: 0 0 0

#Transform 110
Transform: AffineTransform_float_3_3
Parameters: 0.999999 4.59478e-05 0.0013168 -5.22046e-05 0.999988 0.00479035 -0.00131641 -0.00479094 0.999988 -0.0193536 0.0410032 0.292156
FixedParameters: 0 0 0

#Transform 111
Transform: AffineTransform_float_3_3
Parameters: 1 -1.27533e-05 0.00108239 6.79513e-06 0.999989 0.00463576 -0.00108242 -0.00463622 0.999989 -0.0107898 0.0156741 0.273168
FixedParameters: 0 0 0

#Transform 112
Transform: AffineTransform_float_3_3
Parameters: 1 0.000123864 0.00127523 -0.000130013 0.999988 0.0049081 -0.00127405 -0.00490802 0.999987 -0.0164627 0.0485482 0.282007
FixedParameters: 0 0 0

#Transform 113
Transform: AffineTransform_float_3_3
Parameters: 0.999999 -3.6432e-05 0.0010995 3.0534e-05 0.999987 0.0049977 -0.00110032 -0.00499808 0.999987 -0.0200811 0.0262467 0.309003
FixedParameters: 0 0 0

#Transform 114
Transform: AffineTransform_float_3_3
Parameters: 1 -0.000169372 0.00111234 0.000163721 0.999988 0.00484061 -0.00111217 -0.00484075 0.999988 -0.0207453 0.0458478 0.278703
FixedParameters: 0 0 0

#Transform 115
Transform: AffineTransform_float_3_3
Parameters: 1 -6.08781e-05 0.00128289 5.40766e-05 0.999985 0.00538047 -0.00128277 -0.00538079 0.999985 -0.019434 0.0405683 0.26076
FixedParameters: 0 0 0

#Transform 116
Transform: AffineTransform_float_3_3
Parameters: 1 1.88217e-05 0.00120925 -2.54862e-05 0.999985 0.00545431 -0.00120912 -0.00545431 0.999984 -0.0212325 0.0413741 0.298463
FixedParameters: 0 0 0

#Transform 117
Transform: AffineTransform_float_3_3
Parameters: 0.999999 -4.09238e-05 0.00104987 3.5828e-05 0.999987 0.00509778 -0.00104986 -0.00509767 0.999986 -0.0155464 0.02908 0.286854
FixedParameters: 0 0 0

#Transform 118
Transform: AffineTransform_float_3_3
Parameters: 1 0.000117497 0.00126467 -0.000123953 0.999985 0.00547939 -0.00126394 -0.00547877 0.999984 -0.0210153 0.0561429 0.274086
FixedParameters: 0 0 0

#Transform 119
Transform: AffineTransform_float_3_3
Parameters: 0.999999 -3.32149e-05 0.00109816 2.69518e-05 0.999985 0.00544285 -0.00109814 -0.00544326 0.999985 -0.019753 0.0211553 0.288511
FixedParameters: 0 0 0

#Transform 120
Transform: AffineTransform_float_3_3
Parameters: 1 -3.31864e-05 0.00121303 2.69056e-05 0.999985 0.00548618 -0.00121259 -0.00548521 0.999984 -0.0211117 0.0602206 0.280006
FixedParameters: 0 0 0

#Transform 121
Transform: AffineTransform_float_3_3
Parameters: 1 -3.61046e-05 0.00118235 3.0336e-05 0.999985 0.00540176 -0.00118197 -0.00540216 0.999985 -0.0217127 0.0196029 0.297007
FixedParameters: 0 0 0

#Transform 122
Transform: AffineTransform_float_3_3
Parameters: 0.999999 3.74379e-05 0.00136051 -4.52527e-05 0.999984 0.00560737 -0.00136067 -0.00560741 0.999983 -0.0238012 0.0575528 0.270286
FixedParameters: 0 0 0

#Transform 123
Transform: AffineTransform_float_3_3
Parameters: 1 1.94575e-05 0.00120913 -2.57408e-05 0.999984 0.00569641 -0.00120951 -0.00569639 0.999983 -0.0210109 0.0493057 0.309298
FixedParameters: 0 0 0

#Transform 124
Transform: AffineTransform_float_3_3
Parameters: 1 1.82467e-05 0.00129806 -2.45394e-05 0.999985 0.00545877 -0.00129758 -0.00545842 0.999985 -0.0232015 0.0457637 0.308574
FixedParameters: 0 0 0

#Transform 125
Transform: AffineTransform_float_3_3
Parameters: 0.999999 6.97177e-05 0.00139033 -7.76257e-05 0.999985 0.00552127 -0.00139014 -0.0055214 0.999984 -0.0245446 0.051929 0.300521
FixedParameters: 0 0 0

#Transform 126
Transform: AffineTransform_float_3_3
Parameters: 0.999999 0.000208563 0.00136098 -0.000216892 0.999984 0.00561709 -0.00136008 -0.00561672 0.999983 -0.0223834 0.0645536 0.326371
FixedParameters: 0 0 0

#Transform 127
Transform: AffineTransform_float_3_3
Parameters: 0.999997 0.00065521 0.00215829 -0.000666318 0.999986 0.00536666 -0.00215562 -0.00536809 0.999983 -0.0197864 0.0438937 0.329707
FixedParameters: 0 0 0

#Transform 128
Transform: AffineTransform_float_3_3
Parameters: 0.999997 0.000755235 0.00203896 -0.00076174 0.999994 0.00324188 -0.00203669 -0.00324364 0.999992 -0.0273167 0.052668 0.340085
FixedParameters: 0 0 0

#Transform 129
Transform: AffineTransform_float_3_3
Parameters: 0.999997 0.000561664 0.00215862 -0.000568981 0.999994 0.00358901 -0.00215687 -0.00359011 0.999991 -0.0191877 0.0215225 0.29028
FixedParameters: 0 0 0

#Transform 130
Transform: AffineTransform_float_3_3
Parameters: 0.999996 0.000759202 0.00250749 -0.000770687 0.999988 0.00475094 -0.00250372 -0.00475302 0.999986 -0.0228831 0.0525117 0.306718
FixedParameters: 0 0 0

#Transform 131
Transform: AffineTransform_float_3_3
Parameters: 0.999996 0.000948778 0.0026653 -0.000962914 0.999985 0.00531292 -0.00265966 -0.00531621 0.999983 -0.0269225 0.0444075 0.279555
FixedParameters: 0 0 0

#Transform 132
Transform: AffineTransform_float_3_3
Parameters: 0.999994 0.00140756 0.00309713 -0.00142523 0.999982 0.00577907 -0.0030886 -0.00578369 0.999978 -0.0324505 0.063773 0.280951
FixedParameters: 0 0 0

#Transform 133
Transform: AffineTransform_float_3_3
Parameters: 0.999995 0.00128837 0.00291796 -0.00130495 0.999982 0.00579821 -0.00291027 -0.00580165 0.999979 -0.0327912 0.0462157 0.309217
FixedParameters: 0 0 0

#Transform 134
Transform: AffineTransform_float_3_3
Parameters: 0.999994 0.0014667 0.00309292 -0.00148506 0.999983 0.00582827 -0.00308442 -0.00583272 0.999978 -0.0368777 0.0615964 0.284261
FixedParameters: 0 0 0

#Transform 135
Transform: AffineTransform_float_3_3
Parameters: 0.999995 0.00115498 0.0029838 -0.00117142 0.999985 0.00548946 -0.00297787 -0.00549316 0.99998 -0.0273918 -0.00791481 0.300373
FixedParameters: 0 0 0

#Transform 136
Transform: AffineTransform_float_3_3
Parameters: 0.999995 0.0014229 0.00315122 -0.0014419 0.999981 0.00603556 -0.00314227 -0.00604041 0.999977 -0.0373031 0.0771466 0.289235
FixedParameters: 0 0 0

#Transform 137
Transform: AffineTransform_float_3_3
Parameters: 0.999994 0.0014868 0.00321716 -0.00150616 0.99998 0.00610351 -0.00320773 -0.00610808 0.999976 -0.0323356 0.0485578 0.261747
FixedParameters: 0 0 0

#Transform 138
Transform: AffineTransform_float_3_3
Parameters: 0.999994 0.00150764 0.00319398 -0.00152889 0.999977 0.0065266 -0.00318442 -0.00653207 0.999973 -0.0339748 0.0377553 0.293388
FixedParameters: 0 0 0

#Transform 139
Transform: AffineTransform_float_3_3
Parameters: 0.999994 0.00152243 0.00323437 -0.00154335 0.999979 0.00638949 -0.00322499 -0.0063938 0.999974 -0.0349445 0.0319326 0.26815
FixedParameters: 0 0 0

#Transform 140
Transform: AffineTransform_float_3_3
Parameters: 0.999993 0.00166109 0.00332359 -0.00168406 0.999975 0.00695069 -0.0033121 -0.00695613 0.99997 -0.0352061 0.0441709 0.300472
FixedParameters: 0 0 0

#Transform 141
Transform: AffineTransform_float_3_3
Parameters: 0.999993 0.00157988 0.00337567 -0.00160319 0.999976 0.00674784 -0.00336544 -0.00675259 0.999972 -0.0337851 0.0234367 0.269519
FixedParameters: 0 0 0

#Transform 142
Transform: AffineTransform_float_3_3
Parameters: 0.999993 0.00163533 0.00352215 -0.00166084 0.999972 0.00724245 -0.00351019 -0.00724802 0.999968 -0.0347465 0.0112175 0.302975
FixedParameters: 0 0 0

#Transform 143
Transform: AffineTransform_float_3_3
Parameters: 0.999991 0.00189544 0.00375327 -0.00192367 0.99997 0.00757295 -0.00373911 -0.00758062 0.999964 -0.0517301 0.0899422 0.276276
FixedParameters: 0 0 0

#Transform 144
Transform: AffineTransform_float_3_3
Parameters: 0.999991 0.00181747 0.00361279 -0.00184439 0.99997 0.00751192 -0.00359821 -0.00751906 0.999965 -0.0374756 0.0368785 0.281997
FixedParameters: 0 0 0

#Transform 145
Transform: AffineTransform_float_3_3
Parameters: 0.999992 0.00180521 0.00359416 -0.00183274 0.999968 0.00769507 -0.00358047 -0.00770116 0.999964 -0.0444893 0.0537553 0.268296
FixedParameters: 0 0 0

#Transform 146
Transform: AffineTransform_float_3_3
Parameters: 0.999991 0.00215937 0.00361179 -0.00218955 0.99996 0.0085384 -0.00359325 -0.00854646 0.999957 -0.0463949 0.0617993 0.289361
FixedParameters: 0 0 0

#Transform 147
Transform: AffineTransform_float_3_3
Parameters: 0.999992 0.00178557 0.00356539 -0.00181419 0.999965 0.00805279 -0.00355126 -0.00805948 0.999961 -0.0407052 0.00856565 0.302149
FixedParameters: 0 0 0

#Transform 148
Transform: AffineTransform_float_3_3
Parameters: 0.999991 0.00214409 0.00371636 -0.00217696 0.999959 0.00879783 -0.00369748 -0.00880622 0.999955 -0.0541574 0.0875043 0.284586
FixedParameters: 0 0 0

#Transform 149
Transform: AffineTransform_float_3_3
Parameters: 0.999991 0.00183406 0.00365789 -0.0018641 0.999963 0.0083736 -0.00364193 -0.00838044 0.999958 -0.0444833 0.0250193 0.282468
FixedParameters: 0 0 0

#Transform 150
Transform: AffineTransform_float_3_3
Parameters: 0.999991 0.00212827 0.00371126 -0.00216201 0.999956 0.00905826 -0.00369206 -0.00906649 0.999952 -0.0478622 0.055327 0.281417
FixedParameters: 0 0 0

#Transform 151
Transform: AffineTransform_float_3_3
Parameters: 0.999991 0.00192766 0.00356771 -0.00195951 0.999958 0.00898258 -0.00355061 -0.00898882 0.999953 -0.0456145 0.0257947 0.299667
FixedParameters: 0 0 0

#Transform 152
Transform: AffineTransform_float_3_3
Parameters: 0.999991 0.00210088 0.00367206 -0.00213446 0.999955 0.00926576 -0.00365302 -0.0092736 0.999951 -0.0538966 0.0611462 0.275171
FixedParameters: 0 0 0

#Transform 153
Transform: AffineTransform_float_3_3
Parameters: 0.999992 0.00180599 0.00362208 -0.0018392 0.999956 0.00918346 -0.00360475 -0.00919044 0.999951 -0.0462582 0.010303 0.293217
FixedParameters: 0 0 0

#Transform 154
Transform: AffineTransform_float_3_3
Parameters: 0.999991 0.00203405 0.00371514 -0.0020684 0.999956 0.00907855 -0.00369622 -0.00908665 0.999952 -0.0512883 0.0555214 0.271805
FixedParameters: 0 0 0

#Transform 155
Transform: AffineTransform_float_3_3
Parameters: 0.999991 0.00218315 0.00380826 -0.00221946 0.999952 0.00953056 -0.00378749 -0.00953871 0.999947 -0.0559932 0.0654018 0.296596
FixedParameters: 0 0 0

#Transform 156
Transform: AffineTransform_float_3_3
Parameters: 0.999991 0.00190366 0.00378941 -0.00193739 0.999959 0.008747 -0.00377273 -0.00875445 0.999954 -0.0500992 0.0226156 0.276865
FixedParameters: 0 0 0

#Transform 157
Transform: AffineTransform_float_3_3
Parameters: 0.99999 0.00213416 0.0038125 -0.0021692 0.999954 0.00929696 -0.0037923 -0.00930479 0.99995 -0.0521006 0.0704538 0.29322
FixedParameters: 0 0 0

#Transform 158
Transform: AffineTransform_float_3_3
Parameters: 0.999991 0.00201208 0.00379622 -0.00204676 0.999957 0.00904336 -0.00377832 -0.0090511 0.999952 -0.0511618 0.0273824 0.296449
FixedParameters: 0 0 0

#Transform 159
Transform: AffineTransform_float_3_3
Parameters: 0.999991 0.002171 0.00382158 -0.00220483 0.999956 0.00910076 -0.00380154 -0.00910976 0.999951 -0.0565711 0.067585 0.290442
FixedParameters: 0 0 0

#Transform 160
Transform: AffineTransform_float_3_3
Parameters: 0.999992 0.00184857 0.00369062 -0.00188142 0.99996 0.00874435 -0.00367442 -0.00875104 0.999955 -0.0458845 0.00552167 0.317543
FixedParameters: 0 0 0

#Transform 161
Transform: AffineTransform_float_3_3
Parameters: 0.99999 0.00231959 0.00381115 -0.002355 0.999954 0.0093365 -0.00378953 -0.00934516 0.999949 -0.0545451 0.0793402 0.298719
FixedParameters: 0 0 0

#Transform 162
Transform: AffineTransform_float_3_3
Parameters: 0.999991 0.00189463 0.00377765 -0.001929 0.999958 0.00899028 -0.0037607 -0.00899709 0.999952 -0.0500967 0.0261753 0.304565
FixedParameters: 0 0 0

#Transform 163
Transform: AffineTransform_float_3_3
Parameters: 0.999991 0.00215168 0.00381997 -0.00218685 0.999955 0.00922208 -0.00380063 -0.00923092 0.99995 -0.0534137 0.0681055 0.313703
FixedParameters: 0 0 0

#Transform 164
Transform: AffineTransform_float_3_3
Parameters: 0.999991 0.001764 0.00367391 -0.0017966 0.999959 0.00882943 -0.00365806 -0.00883632 0.999954 -0.0483079 -0.0253509 0.281956
FixedParameters: 0 0 0

#Transform 165
Transform: AffineTransform_float_3_3
Parameters: 0.999991 0.000816658 0.00413268 -0.000854202 0.999958 0.00915545 -0.00412492 -0.00915872 0.999949 -0.0540314 0.0147304 0.283006
FixedParameters: 0 0 0

#Transform 166
Transform: AffineTransform_float_3_3
Parameters: 0.999991 0.0012995 0.00398973 -0.00133942 0.999949 0.0100287 -0.00397636 -0.010034 0.999942 -0.0543943 0.124295 0.229541
FixedParameters: 0 0 0

#Transform 167
Transform: AffineTransform_float_3_3
Parameters: 0.999991 0.00180483 0.00384983 -0.00184144 0.999952 0.00961893 -0.00383206 -0.00962582 0.999946 -0.0514028 0.0794647 0.261751
FixedParameters: 0 0 0

#Transform 168
Transform: AffineTransform_float_3_3
Parameters: 0.999992 0.00162822 0.00347965 -0.00166054 0.999953 0.00953433 -0.00346362 -0.00953907 0.999948 -0.0543959 0.040864 0.283158
FixedParameters: 0 0 0

#Transform 169
Transform: AffineTransform_float_3_3
Parameters: 0.999991 0.0016195 0.00374932 -0.00165697 0.999949 0.00997086 -0.0037327 -0.00997741 0.999944 -0.0497312 0.0197595 0.292249
FixedParameters: 0 0 0

#Transform 170
Transform: AffineTransform_float_3_3
Parameters: 0.99999 0.00191881 0.00395332 -0.00195787 0.999947 0.0100353 -0.00393326 -0.0100426 0.999942 -0.0518382 0.0289085 0.261483
FixedParameters: 0 0 0

#Transform 171
Transform: AffineTransform_float_3_3
Parameters: 0.99999 0.00172994 0.00397489 -0.00176782 0.999952 0.00964975 -0.0039581 -0.00965702 0.999946 -0.0440484 -0.0322316 0.299357
FixedParameters: 0 0 0

#Transform 172
Transform: AffineTransform_float_3_3
Parameters: 0.999991 0.00177554 0.00386901 -0.00181483 0.999948 0.0100629 -0.00385076 -0.0100697 0.999942 -0.0517493 0.0680405 0.301617
FixedParameters: 0 0 0

#Transform 173
Transform: AffineTransform_float_3_3
Parameters: 0.999992 0.00166867 0.00383473 -0.00170746 0.999948 0.0100294 -0.00381739 -0.0100357 0.999942 -0.0509636 0.0457866 0.273104
FixedParameters: 0 0 0

#Transform 174
Transform: AffineTransform_float_3_3
Parameters: 0.999992 0.00169823 0.00379673 -0.00173649 0.999949 0.00999682 -0.00377976 -0.0100027 0.999943 -0.0495932 0.0395413 0.300152
FixedParameters: 0 0 0

#Transform 175
Transform: AffineTransform_float_3_3
Parameters: 0.999991 0.00167475 0.00395062 -0.00171369 0.999949 0.00992018 -0.00393313 -0.00992695 0.999943 -0.0495096 0.0536519 0.299774
FixedParameters: 0 0 0

#Transform 176
Transform: AffineTransform_float_3_3
Parameters: 0.999992 0.0015487 0.00388763 -0.00158691 0.999951 0.00975294 -0.00387218 -0.00975941 0.999945 -0.0490751 0.0716686 0.28086
FixedParameters: 0 0 0

#Transform 177
Transform: AffineTransform_float_3_3
Parameters: 0.999991 0.00159864 0.00397664 -0.00163741 0.999952 0.00971492 -0.00396083 -0.00972206 0.999945 -0.0559133 0.0708895 0.292446
FixedParameters: 0 0 0

#Transform 178
Transform: AffineTransform_float_3_3
Parameters: 0.999991 0.00128184 0.00393602 -0.00131898 0.999956 0.009262 -0.00392379 -0.00926713 0.999949 -0.0463957 0.0178561 0.316885
FixedParameters: 0 0 0

#Transform 179
Transform: AffineTransform_float_3_3
Parameters: 0.999991 0.00137584 0.0039849 -0.00141022 0.999961 0.00876837 -0.00397224 -0.00877437 0.999954 -0.0548398 0.0766281 0.31423
FixedParameters: 0 0 0

#Transform 180
Transform: AffineTransform_float_3_3
Parameters: 0.999991 0.00117499 0.00400818 -0.00120909 0.999963 0.0085114 -0.0039978 -0.00851643 0.999956 -0.0342757 0.015516 0.31334
FixedParameters: 0 0 0

#Transform 181
Transform: AffineTransform_float_3_3
Parameters: 0.99999 0.00122762 0.00414859 -0.00126368 0.999962 0.00867728 -0.00413785 -0.00868168 0.999954 -0.0504142 0.063851 0.312744
FixedParameters: 0 0 0

#Transform 182
Transform: AffineTransform_float_3_3
Parameters: 0.999992 0.000949481 0.00382731 -0.000981532 0.999963 0.0084815 -0.00381899 -0.00848529 0.999957 -0.0388039 -0.00105531 0.265789
FixedParameters: 0 0 0

#Transform 183
Transform: AffineTransform_float_3_3
Parameters: 0.999992 0.000363766 0.00400993 -0.000393082 0.999973 0.00734046 -0.00400725 -0.00734143 0.999965 -0.0342294 -0.0461323 0.141861
FixedParameters: 0 0 0

#Transform 184
Transform: AffineTransform_float_3_3
Parameters: 0.999987 0.000171762 0.00493506 -0.00020344 0.99998 0.00638848 -0.00493334 -0.00638948 0.999967 -0.0333219 0.0976586 0.133962
FixedParameters: 0 0 0

#Transform 185
Transform: AffineTransform_float_3_3
Parameters: 0.999986 0.000291193 0.00531131 -0.000313626 0.999991 0.00426933 -0.00531054 -0.00427017 0.999977 -0.0287237 0.0453303 0.207124
FixedParameters: 0 0 0

#Transform 186
Transform: AffineTransform_float_3_3
Parameters: 0.999987 0.000307466 0.00513588 -0.000329738 0.999991 0.00423688 -0.00513401 -0.00423817 0.999978 -0.0346659 0.0382555 0.223121
FixedParameters: 0 0 0

#Transform 187
Transform: AffineTransform_float_3_3
Parameters: 0.999986 0.000193904 0.00519737 -0.000215756 0.999991 0.00414367 -0.00519652 -0.00414518 0.999978 -0.0279706 0.000976888 0.198925
FixedParameters: 0 0 0

#Transform 188
Transform: AffineTransform_float_3_3
Parameters: 0.999985 3.15147e-05 0.00545804 -5.47471e-05 0.999991 0.0041956 -0.00545818 -0.00419596 0.999976 -0.0214135 -0.0459634 0.215439
FixedParameters: 0 0 0

#Transform 189
Transform: AffineTransform_float_3_3
Parameters: 0.999985 9.35521e-05 0.00557305 -0.000116287 0.999992 0.00413649 -0.00557317 -0.00413718 0.999976 -0.0332901 0.0392423 0.205895
FixedParameters: 0 0 0
