#Insight Transform File V1.0
#Transform 0
Transform: AffineTransform_float_3_3
Parameters: 0.999999 -0.00121546 -0.000881975 0.00120992 0.999982 -0.00593146 0.000889148 0.00593004 0.999982 0.0444581 0.031567 -0.0191312
FixedParameters: 0 0 0

#Transform 1
Transform: AffineTransform_float_3_3
Parameters: 0.999999 -0.00113404 -0.000736161 0.00113059 0.999985 -0.00530697 0.000742409 0.00530685 0.999986 0.0421064 0.0360345 0.00627205
FixedParameters: 0 0 0

#Transform 2
Transform: AffineTransform_float_3_3
Parameters: 1 -0.0010389 -0.000681464 0.00103541 0.999986 -0.00507718 0.000686707 0.00507592 0.999987 0.0343951 0.0377758 -0.0345353
FixedParameters: 0 0 0

#Transform 3
Transform: AffineTransform_float_3_3
Parameters: 0.999999 -0.000913796 -0.000638341 0.000911538 0.999992 -0.00403371 0.000641879 0.00403403 0.999992 0.0327701 0.0354103 0.00501077
FixedParameters: 0 0 0

#Transform 4
Transform: AffineTransform_float_3_3
Parameters: 1 -0.000599332 -0.000369138 0.000597827 0.999994 -0.00345289 0.000370441 0.00345252 0.999994 0.0168847 0.08673 -0.0417763
FixedParameters: 0 0 0

#Transform 5
Transform: AffineTransform_float_3_3
Parameters: 1 -0.000557755 -0.000298277 0.000557364 0.999995 -0.00317712 0.000299896 0.00317736 0.999994 0.0205777 0.0495802 -0.00240666
FixedParameters: 0 0 0

#Transform 6
Transform: AffineTransform_float_3_3
Parameters: 1 -0.000592526 -0.000278567 0.000591369 0.999994 -0.00318508 0.000280888 0.00318479 0.999995 0.0193549 0.0280706 -0.00104182
FixedParameters: 0 0 0

#Transform 7
Transform: AffineTransform_float_3_3
Parameters: 1 -0.00049466 -0.000329516 0.000494165 0.999996 -0.00301059 0.000330548 0.00301032 0.999996 0.0217858 0.0397292 -0.0144947
FixedParameters: 0 0 0

#Transform 8
Transform: AffineTransform_float_3_3
Parameters: 1 -0.000604966 -0.00032668 0.000603632 0.999996 -0.00298773 0.000328841 0.00298737 0.999996 0.0199872 0.0118572 0.0009256
FixedParameters: 0 0 0

#Transform 9
Transform: AffineTransform_float_3_3
Parameters: 1 -0.000424808 -0.000365175 0.000423289 0.999996 -0.00286325 0.00036617 0.00286298 0.999996 0.0233348 0.0390794 -0.0197425
FixedParameters: 0 0 0

#Transform 10
Transform: AffineTransform_float_3_3
Parameters: 1 -0.000402717 -0.000304046 0.000402295 0.999997 -0.00236278 0.000305402 0.00236255 0.999997 0.0146899 0.0317869 -0.00958942
FixedParameters: 0 0 0

#Transform 11
Transform: AffineTransform_float_3_3
Parameters: 1 -0.000382055 -0.000377446 0.000381217 0.999997 -0.00245516 0.000378774 0.0024549 0.999997 0.023256 0.0150691 0.0157067
FixedParameters: 0 0 0

#Transform 12
Transform: AffineTransform_float_3_3
Parameters: 1 -0.000314638 -0.000226898 0.000313979 0.999996 -0.00260552 0.000227121 0.00260542 0.999996 0.0213081 0.0319524 -0.0431868
FixedParameters: 0 0 0

#Transform 13
Transform: AffineTransform_float_3_3
Parameters: 1 -0.000366116 -0.000368364 0.000364852 0.999998 -0.00184832 0.00036968 0.00184805 0.999998 0.0194929 0.043103 0.00364504
FixedParameters: 0 0 0

#Transform 14
Transform: AffineTransform_float_3_3
Parameters: 1 5.44487e-05 -0.000371853 -5.47142e-05 0.999998 -0.00159266 0.000371167 0.00159272 0.999998 -0.00012578 0.0917078 -0.0344391
FixedParameters: 0 0 0

#Transform 15
Transform: AffineTransform_float_3_3
Parameters: 1 -0.000185033 -1.86534e-05 0.000185067 0.999999 -0.00175854 1.92694e-05 0.00175853 0.999999 0.0144575 0.0328715 -0.000269605
FixedParameters: 0 0 0

#Transform 16
Transform: AffineTransform_float_3_3
Parameters: 1 5.85287e-05 4.11455e-05 -5.83705e-05 0.999999 -0.00130901 -4.1316e-05 0.00130901 0.999999 0.0167673 0.0515162 -0.0436249
FixedParameters: 0 0 0

#Transform 17
Transform: AffineTransform_float_3_3
Parameters: 1 0.00035444 0.000159929 -0.000354837 0.999999 -0.00131465 -0.000160384 0.00131452 0.999999 -0.00254009 0.0538872 0.0129911
FixedParameters: 0 0 0

#Transform 18
Transform: AffineTransform_float_3_3
Parameters: 1 0.000369387 -0.000136418 -0.00037056 0.999999 -0.00130722 0.000135927 0.0013073 0.999999 0.00308485 -1.5512e-05 -0.00599599
FixedParameters: 0 0 0

#Transform 19
Transform: AffineTransform_float_3_3
Parameters: 1 0.00039757 -0.00027613 -0.000397469 1 0.00018266 0.000276275 -0.00018244 1 0.00398423 0.0696874 0.00180472
FixedParameters: 0 0 0

#Transform 20
Transform: AffineTransform_float_3_3
Parameters: 1 0.000439063 -0.000115349 -0.000439401 0.999999 0.000678371 0.000115076 -0.000678252 1 0.00308901 -0.0336746 0.017407
FixedParameters: 0 0 0

#Transform 21
Transform: AffineTransform_float_3_3
Parameters: 1 0.000417942 0.000192144 -0.000418795 0.999999 0.000933777 -0.000192231 -0.00093392 0.999999 -0.00720927 0.0370379 -0.0369897
FixedParameters: 0 0 0

#Transform 22
Transform: AffineTransform_float_3_3
Parameters: 1 0.000529088 -0.000152855 -0.000529188 0.999999 0.00112373 0.000153158 -0.00112355 1 0.000303483 0.00470529 0.0121793
FixedParameters: 0 0 0

#Transform 23
Transform: AffineTransform_float_3_3
Parameters: 1 0.000184662 -0.000423765 -0.000184876 1 -0.00025296 0.000423671 0.000253117 1 0.000785526 -0.0855433 -0.00204324
FixedParameters: 0 0 0

#Transform 24
Transform: AffineTransform_float_3_3
Parameters: 1 -0.000385351 -0.000109746 0.00038552 0.999999 0.000772344 0.000109151 -0.000772428 0.999999 -0.00963708 0.0796856 -0.0156481
FixedParameters: 0 0 0

#Transform 25
Transform: AffineTransform_float_3_3
Parameters: 1 0.000407325 4.61615e-05 -0.00040738 0.999999 0.00115569 -4.52374e-05 -0.00115573 1 -0.0191821 0.0943054 -0.0212827
FixedParameters: 0 0 0

#Transform 26
Transform: AffineTransform_float_3_3
Parameters: 1 0.000389328 0.000189623 -0.000389901 0.999999 0.00182918 -0.000188212 -0.00182882 0.999998 -0.018907 0.0241839 -0.0312071
FixedParameters: 0 0 0

#Transform 27
Transform: AffineTransform_float_3_3
Parameters: 1 0.00034841 0.00016378 -0.000348652 0.999997 0.00218358 -0.000163656 -0.00218365 0.999997 -0.0242084 0.00127011 -0.025668
FixedParameters: 0 0 0

#Transform 28
Transform: AffineTransform_float_3_3
Parameters: 1 0.000232693 0.000124003 -0.000233632 0.999997 0.00219761 -0.000123881 -0.00219765 0.999997 -0.0197561 -0.0191595 -0.0231447
FixedParameters: 0 0 0

#Transform 29
Transform: AffineTransform_float_3_3
Parameters: 1 0.000685261 0.000244879 -0.000685019 0.999997 0.00235458 -0.000243562 -0.00235486 0.999997 -0.0237723 -0.026169 -0.0138092
FixedParameters: 0 0 0

#Transform 30
Transform: AffineTransform_float_3_3
Parameters: 1 0.0003561 6.91065e-05 -0.000356266 0.999998 0.00231398 -6.75104e-05 -0.00231402 0.999998 -0.023558 -0.0516567 0.0111679
FixedParameters: 0 0 0

#Transform 31
Transform: AffineTransform_float_3_3
Parameters: 0.999999 0.000692758 0.000290202 -0.00069356 0.999998 0.00232108 -0.00028838 -0.00232093 0.999997 -0.0242978 -0.0110592 -0.0218163
FixedParameters: 0 0 0

#Transform 32
Transform: AffineTransform_float_3_3
Parameters: 1 0.000617366 0.000286416 -0.000617378 0.999997 0.00245515 -0.000285294 -0.00245544 0.999997 -0.0256983 -0.0300113 0.0184182
FixedParameters: 0 0 0

#Transform 33
Transform: AffineTransform_float_3_3
Parameters: 1 0.000503528 0.000294921 -0.000503872 0.999997 0.0023159 -0.000293134 -0.00231617 0.999998 -0.017988 0.00221786 0.00604933
FixedParameters: 0 0 0

#Transform 34
Transform: AffineTransform_float_3_3
Parameters: 1 0.0006262 0.000330201 -0.000627353 0.999997 0.002622 -0.000328347 -0.00262237 0.999997 -0.0249574 0.0219143 -0.00234009
FixedParameters: 0 0 0

#Transform 35
Transform: AffineTransform_float_3_3
Parameters: 1 0.000565774 0.000326046 -0.000566401 0.999996 0.00253262 -0.000323725 -0.00253296 0.999996 -0.0217668 -0.00598755 0.0269791
FixedParameters: 0 0 0

#Transform 36
Transform: AffineTransform_float_3_3
Parameters: 1 0.000623533 0.00031217 -0.000623888 0.999995 0.00288559 -0.000310498 -0.00288592 0.999996 -0.0242419 0.0216819 -0.0288457
FixedParameters: 0 0 0

#Transform 37
Transform: AffineTransform_float_3_3
Parameters: 1 0.000405015 0.000137491 -0.000406119 0.999995 0.00331773 -0.000135782 -0.00331868 0.999994 -0.018603 -0.02043 0.00476251
FixedParameters: 0 0 0

#Transform 38
Transform: AffineTransform_float_3_3
Parameters: 0.999999 0.000639156 0.000338532 -0.000641404 0.999993 0.00369881 -0.000336129 -0.00369868 0.999993 -0.0294685 0.0494583 -0.00160796
FixedParameters: 0 0 0

#Transform 39
Transform: AffineTransform_float_3_3
Parameters: 1 0.000621863 0.000372127 -0.00062309 0.999992 0.00380239 -0.000369373 -0.00380279 0.999992 -0.0294413 -0.00472159 0.0197617
FixedParameters: 0 0 0

#Transform 40
Transform: AffineTransform_float_3_3
Parameters: 1 0.000636353 0.000353239 -0.000637241 0.999994 0.00345162 -0.000350805 -0.00345201 0.999994 -0.0299596 -0.00687207 0.0178148
FixedParameters: 0 0 0

#Transform 41
Transform: AffineTransform_float_3_3
Parameters: 0.999999 0.000669653 0.000341549 -0.000671065 0.999993 0.00368471 -0.000339457 -0.00368509 0.999993 -0.0344004 -0.0164604 0.0193139
FixedParameters: 0 0 0

#Transform 42
Transform: AffineTransform_float_3_3
Parameters: 0.999999 0.000751604 0.000427222 -0.000752742 0.999993 0.00364174 -0.000425086 -0.00364229 0.999994 -0.0390233 -0.0150246 0.0475861
FixedParameters: 0 0 0

#Transform 43
Transform: AffineTransform_float_3_3
Parameters: 1 0.000658898 0.000343373 -0.000659781 0.999993 0.00354571 -0.000340659 -0.0035461 0.999993 -0.0361934 -0.0250729 0.0205822
FixedParameters: 0 0 0

#Transform 44
Transform: AffineTransform_float_3_3
Parameters: 0.999999 0.00069861 0.000399 -0.000699855 0.999993 0.0035059 -0.000396059 -0.00350639 0.999994 -0.0323922 -0.0114399 0.00683273
FixedParameters: 0 0 0

#Transform 45
Transform: AffineTransform_float_3_3
Parameters: 1 0.00065716 0.000344361 -0.000658045 0.999993 0.00354613 -0.000341651 -0.00354566 0.999994 -0.0346537 -0.0261873 0.015356
FixedParameters: 0 0 0

#Transform 46
Transform: AffineTransform_float_3_3
Parameters: 0.999999 0.000870413 0.000380424 -0.000872053 0.999993 0.00355528 -0.000377051 -0.003555 0.999994 -0.0388964 0.0484728 -0.0205531
FixedParameters: 0 0 0

#Transform 47
Transform: AffineTransform_float_3_3
Parameters: 0.999999 0.000923857 0.000294718 -0.000924859 0.999993 0.00361738 -0.000290858 -0.00361734 0.999993 -0.0377948 0.00552117 0.00951443
FixedParameters: 0 0 0

#Transform 48
Transform: AffineTransform_float_3_3
Parameters: 1 0.00106307 0.000301484 -0.0010647 0.999993 0.00363021 -0.000297458 -0.00363075 0.999994 -0.0383194 0.0114261 -0.0164063
FixedParameters: 0 0 0

#Transform 49
Transform: AffineTransform_float_3_3
Parameters: 0.999999 0.000991921 0.000229728 -0.000992948 0.999993 0.00357671 -0.000226345 -0.00357706 0.999994 -0.0365349 -0.0170215 0.0264881
FixedParameters: 0 0 0

#Transform 50
Transform: AffineTransform_float_3_3
Parameters: 1 0.00115418 0.000293634 -0.00115492 0.999992 0.00377624 -0.000289133 -0.00377765 0.999993 -0.0403796 0.0142766 -0.00862563
FixedParameters: 0 0 0

#Transform 51
Transform: AffineTransform_float_3_3
Parameters: 1 0.00117006 0.000199732 -0.00117145 0.999992 0.00377899 -0.000195469 -0.00377934 0.999994 -0.0441959 -0.0180412 0.0395833
FixedParameters: 0 0 0

#Transform 52
Transform: AffineTransform_float_3_3
Parameters: 0.999999 0.00132824 0.000239108 -0.00132856 0.999992 0.00370629 -0.000233435 -0.00370629 0.999993 -0.0418761 -0.00360124 0.0259645
FixedParameters: 0 0 0

#Transform 53
Transform: AffineTransform_float_3_3
Parameters: 0.999999 0.00149166 0.000193038 -0.0014921 0.999992 0.00389672 -0.000186496 -0.0038975 0.999993 -0.0512692 0.00921865 0.0631606
FixedParameters: 0 0 0

#Transform 54
Transform: AffineTransform_float_3_3
Parameters: 0.999999 0.00145088 -1.27365e-05 -0.00145065 0.999991 0.00378175 1.91164e-05 -0.00378245 0.999993 -0.0431541 -0.0247391 0.0332576
FixedParameters: 0 0 0

#Transform 55
Transform: AffineTransform_float_3_3
Parameters: 0.999999 0.00173186 0.000150178 -0.00173297 0.999992 0.00385048 -0.000143622 -0.00385066 0.999992 -0.05284 0.00945856 0.0523371
FixedParameters: 0 0 0

#Transform 56
Transform: AffineTransform_float_3_3
Parameters: 0.999999 0.001884 4.73217e-05 -0.00188388 0.999993 0.00331972 -4.06952e-05 -0.00331958 0.999994 -0.0456364 0.065067 0.0633804
FixedParameters: 0 0 0

#Transform 57
Transform: AffineTransform_float_3_3
Parameters: 0.999999 0.00132699 -0.000451511 -0.00132697 0.999999 0.00106738 0.00045258 -0.001067 1 -0.0275907 -0.0760279 0.0813162
FixedParameters: 0 0 0

#Transform 58
Transform: AffineTransform_float_3_3
Parameters: 0.999999 0.00130801 -0.000380852 -0.00130763 0.999997 0.00172335 0.000383604 -0.00172231 0.999999 -0.0292616 0.0817893 0.00152195
FixedParameters: 0 0 0

#Transform 59
Transform: AffineTransform_float_3_3
Parameters: 0.999999 0.00128953 -0.000656181 -0.00128808 0.999998 0.00177738 0.000658981 -0.00177651 0.999999 -0.0334946 0.0575573 0.0300432
FixedParameters: 0 0 0

#Transform 60
Transform: AffineTransform_float_3_3
Parameters: 0.999999 0.00157033 -0.000815885 -0.00156887 0.999998 0.00176515 0.000818811 -0.00176288 0.999998 -0.0290474 0.001814 0.0499106
FixedParameters: 0 0 0

#Transform 61
Transform: AffineTransform_float_3_3
Parameters: 0.999998 0.00143609 -0.000734889 -0.00143465 0.999997 0.00191635 0.000737739 -0.00191504 0.999998 -0.0331741 -0.0462555 0.0364104
FixedParameters: 0 0 0

#Transform 62
Transform: AffineTransform_float_3_3
Parameters: 0.999999 0.00157279 -0.000809021 -0.0015709 0.999997 0.00202186 0.000812718 -0.00202098 0.999998 -0.0318984 0.0110364 0.0391828
FixedParameters: 0 0 0

#Transform 63
Transform: AffineTransform_float_3_3
Parameters: 0.999999 0.00162094 -0.000722139 -0.00161961 0.999996 0.00221098 0.000725795 -0.00220977 0.999997 -0.0355971 7.91663e-05 0.0144541
FixedParameters: 0 0 0

#Transform 64
Transform: AffineTransform_float_3_3
Parameters: 0.999998 0.00183739 -0.000848365 -0.00183571 0.999996 0.00210187 0.000852556 -0.0021004 0.999997 -0.0359695 0.00170404 0.0433792
FixedParameters: 0 0 0

#Transform 65
Transform: AffineTransform_float_3_3
Parameters: 0.999998 0.0018398 -0.000844179 -0.00183814 0.999996 0.00209574 0.000848357 -0.00209428 0.999997 -0.0367358 -0.0210992 0.00333993
FixedParameters: 0 0 0

#Transform 66
Transform: AffineTransform_float_3_3
Parameters: 0.999998 0.00168016 -0.000859809 -0.001678 0.999996 0.00233469 0.000864147 -0.00233207 0.999997 -0.0386868 0.0152126 0.0369359
FixedParameters: 0 0 0

#Transform 67
Transform: AffineTransform_float_3_3
Parameters: 0.999999 0.00173179 -0.000658573 -0.00172961 0.999996 0.00238672 0.000662795 -0.00238606 0.999997 -0.0479842 0.0126404 0.00706849
FixedParameters: 0 0 0

#Transform 68
Transform: AffineTransform_float_3_3
Parameters: 0.999997 0.00210697 -0.000644751 -0.00210487 0.999995 0.00245312 0.00064883 -0.00245146 0.999997 -0.0448223 0.0213633 0.000394133
FixedParameters: 0 0 0

#Transform 69
Transform: AffineTransform_float_3_3
Parameters: 0.999997 0.00233957 -0.000447388 -0.00233828 0.999994 0.00260265 0.00045333 -0.00260109 0.999997 -0.0492681 0.013762 0.00131587
FixedParameters: 0 0 0

#Transform 70
Transform: AffineTransform_float_3_3
Parameters: 0.999998 0.00224762 -0.000464573 -0.00224632 0.999995 0.00252341 0.000469673 -0.00252272 0.999996 -0.0487683 -0.0243235 -9.58632e-05
FixedParameters: 0 0 0

#Transform 71
Transform: AffineTransform_float_3_3
Parameters: 0.999996 0.00254263 -0.000401894 -0.00254159 0.999992 0.00307749 0.000410397 -0.00307682 0.999995 -0.0620079 0.0183399 -0.0189109
FixedParameters: 0 0 0

#Transform 72
Transform: AffineTransform_float_3_3
Parameters: 0.999996 0.00262125 -0.000412013 -0.00261968 0.999991 0.00317817 0.000420163 -0.00317735 0.999995 -0.0619539 -0.000339933 0.0136299
FixedParameters: 0 0 0

#Transform 73
Transform: AffineTransform_float_3_3
Parameters: 0.999997 0.0024957 -0.000309059 -0.00249428 0.999992 0.00317111 0.000317266 -0.00317041 0.999994 -0.065256 -0.00483296 -0.00352511
FixedParameters: 0 0 0

#Transform 74
Transform: AffineTransform_float_3_3
Parameters: 0.999995 0.00296647 -0.000302823 -0.00296553 0.99999 0.00338067 0.000312135 -0.0033805 0.999994 -0.0730887 0.01026 -0.00292799
FixedParameters: 0 0 0

#Transform 75
Transform: AffineTransform_float_3_3
Parameters: 0.999996 0.00277394 -0.000398278 -0.00277252 0.999991 0.00314627 0.000407258 -0.00314488 0.999994 -0.071322 -0.0102917 0.0245512
FixedParameters: 0 0 0

#Transform 76
Transform: AffineTransform_float_3_3
Parameters: 0.999996 0.00302884 -0.000527836 -0.00302755 0.99999 0.00320509 0.000537017 -0.00320319 0.999995 -0.07356 0.029493 0.00870604
FixedParameters: 0 0 0

#Transform 77
Transform: AffineTransform_float_3_3
Parameters: 0.999993 0.00339963 -0.00102032 -0.00339683 0.99999 0.0028307 0.0010298 -0.00282766 0.999995 -0.0866212 -0.0530573 -0.0102727
FixedParameters: 0 0 0

#Transform 78
Transform: AffineTransform_float_3_3
Parameters: 0.999997 0.00222285 -0.00121791 -0.00222032 0.999995 0.00240368 0.00122243 -0.00240071 0.999996 -0.0564374 -0.019859 -0.00344759
FixedParameters: 0 0 0

#Transform 79
Transform: AffineTransform_float_3_3
Parameters: 0.999996 0.00254509 -0.00171825 -0.00254205 0.999995 0.0019801 0.00172351 -0.00197556 0.999996 -0.0537051 0.0967873 -0.0413389
FixedParameters: 0 0 0

#Transform 80
Transform: AffineTransform_float_3_3
Parameters: 0.999993 0.00311079 -0.00218627 -0.00310702 0.999993 0.00154685 0.00219054 -0.00154018 0.999996 -0.0557654 0.0713439 -0.036695
FixedParameters: 0 0 0

#Transform 81
Transform: AffineTransform_float_3_3
Parameters: 0.999994 0.00302211 -0.00205462 -0.00301902 0.999994 0.00156972 0.00206012 -0.00156427 0.999997 -0.0585956 0.0139702 -0.0144221
FixedParameters: 0 0 0

#Transform 82
Transform: AffineTransform_float_3_3
Parameters: 0.99999 0.0034462 -0.002598 -0.00344404 0.999994 0.000877294 0.00260177 -0.000868107 0.999997 -0.0631558 0.0100904 0.00790528
FixedParameters: 0 0 0

#Transform 83
Transform: AffineTransform_float_3_3
Parameters: 0.999992 0.00311652 -0.00258645 -0.00311369 0.999994 0.000949115 0.00258874 -0.000940473 0.999996 -0.0585661 -0.0424015 0.0249405
FixedParameters: 0 0 0

#Transform 84
Transform: AffineTransform_float_3_3
Parameters: 0.999991 0.0033318 -0.00256498 -0.0033292 0.999994 0.000817703 0.00256766 -0.000808966 0.999997 -0.0624688 0.0204903 0.00831952
FixedParameters: 0 0 0

#Transform 85
Transform: AffineTransform_float_3_3
Parameters: 0.999993 0.00314579 -0.00226625 -0.00314227 0.999994 0.0013388 0.0022702 -0.00133149 0.999997 -0.0579268 -0.0352295 0.00161519
FixedParameters: 0 0 0

#Transform 86
Transform: AffineTransform_float_3_3
Parameters: 0.999992 0.00328201 -0.00217219 -0.0032787 0.999994 0.00133882 0.00217648 -0.00133237 0.999997 -0.0573834 0.0134918 0.0320717
FixedParameters: 0 0 0

#Transform 87
Transform: AffineTransform_float_3_3
Parameters: 0.999992 0.00341148 -0.00215542 -0.00340805 0.999993 0.00148732 0.00216022 -0.00147989 0.999996 -0.063366 0.0178594 0.0020049
FixedParameters: 0 0 0

#Transform 88
Transform: AffineTransform_float_3_3
Parameters: 0.999993 0.00324206 -0.00218894 -0.00323914 0.999993 0.00166169 0.00219398 -0.00165528 0.999996 -0.0573437 -0.0239447 0.0172896
FixedParameters: 0 0 0

#Transform 89
Transform: AffineTransform_float_3_3
Parameters: 0.999992 0.00355662 -0.00214462 -0.00355272 0.999992 0.00171874 0.00215062 -0.00171159 0.999996 -0.0644651 0.0622865 -0.0139101
FixedParameters: 0 0 0

#Transform 90
Transform: AffineTransform_float_3_3
Parameters: 0.999992 0.00340233 -0.00210843 -0.0033985 0.999992 0.00173014 0.00211399 -0.00172305 0.999996 -0.0601449 0.00519866 -0.00297295
FixedParameters: 0 0 0

#Transform 91
Transform: AffineTransform_float_3_3
Parameters: 0.999991 0.0036428 -0.00209444 -0.00363881 0.999992 0.00188781 0.00210108 -0.00188064 0.999997 -0.0658867 0.0390848 -0.0178922
FixedParameters: 0 0 0

#Transform 92
Transform: AffineTransform_float_3_3
Parameters: 0.999992 0.00365377 -0.00196964 -0.00364979 0.999991 0.00188532 0.00197721 -0.00187767 0.999996 -0.0657257 0.00184337 0.0193756
FixedParameters: 0 0 0

#Transform 93
Transform: AffineTransform_float_3_3
Parameters: 0.999991 0.00367341 -0.00178443 -0.00366986 0.999991 0.00194163 0.0017925 -0.00193474 0.999997 -0.0692121 0.0108654 -0.0110389
FixedParameters: 0 0 0

#Transform 94
Transform: AffineTransform_float_3_3
Parameters: 0.999991 0.00362372 -0.00187001 -0.00362034 0.999991 0.00194468 0.00187702 -0.00193785 0.999997 -0.069345 -0.0330787 0.0212041
FixedParameters: 0 0 0

#Transform 95
Transform: AffineTransform_float_3_3
Parameters: 0.999992 0.00376468 -0.00175115 -0.00376181 0.999991 0.00194003 0.00175871 -0.00193306 0.999997 -0.068998 0.0138782 -0.012822
FixedParameters: 0 0 0

#Transform 96
Transform: AffineTransform_float_3_3
Parameters: 0.999992 0.00382608 -0.00162444 -0.00382326 0.999991 0.0019547 0.001631 -0.00194793 0.999997 -0.075503 -0.0288073 0.0313588
FixedParameters: 0 0 0

#Transform 97
Transform: AffineTransform_float_3_3
Parameters: 0.999991 0.00389357 -0.00165812 -0.003891 0.99999 0.00208583 0.00166644 -0.00207945 0.999996 -0.0720775 0.0347551 -0.00238457
FixedParameters: 0 0 0

#Transform 98
Transform: AffineTransform_float_3_3
Parameters: 0.999991 0.00386478 -0.00164208 -0.00386231 0.999991 0.00207756 0.00165022 -0.0020714 0.999996 -0.0709148 0.014271 0.024444
FixedParameters: 0 0 0

#Transform 99
Transform: AffineTransform_float_3_3
Parameters: 0.99999 0.00395263 -0.00169485 -0.00395023 0.99999 0.00199344 0.00170268 -0.00198658 0.999996 -0.0735041 0.0279735 0.00770627
FixedParameters: 0 0 0

#Transform 100
Transform: AffineTransform_float_3_3
Parameters: 0.99999 0.00408182 -0.0017578 -0.00407826 0.999989 0.00228653 0.00176631 -0.00227865 0.999996 -0.0826162 0.0323209 0.0294423
FixedParameters: 0 0 0

#Transform 101
Transform: AffineTransform_float_3_3
Parameters: 0.999991 0.00377808 -0.00182704 -0.00377519 0.999991 0.00173005 0.00183393 -0.00172247 0.999997 -0.0765273 -0.0183357 0.0137027
FixedParameters: 0 0 0

#Transform 102
Transform: AffineTransform_float_3_3
Parameters: 0.99999 0.00395342 -0.0016926 -0.00395079 0.999989 0.00207065 0.00170103 -0.00206431 0.999997 -0.0853438 0.0254131 0.0112899
FixedParameters: 0 0 0

#Transform 103
Transform: AffineTransform_float_3_3
Parameters: 0.999989 0.00415989 -0.00180869 -0.00415715 0.999989 0.00209796 0.00181734 -0.00209028 0.999996 -0.0843148 0.0214075 -0.0142813
FixedParameters: 0 0 0

#Transform 104
Transform: AffineTransform_float_3_3
Parameters: 0.999988 0.00449498 -0.00198945 -0.00449054 0.999987 0.00235629 0.00199955 -0.00234744 0.999995 -0.0863722 0.0161499 0.02155
FixedParameters: 0 0 0

#Transform 105
Transform: AffineTransform_float_3_3
Parameters: 0.999989 0.00433637 -0.00191499 -0.0043325 0.999989 0.00192238 0.00192322 -0.001914 0.999996 -0.0858731 -0.00640871 0.0269531
FixedParameters: 0 0 0

#Transform 106
Transform: AffineTransform_float_3_3
Parameters: 0.999987 0.00465173 -0.00207783 -0.00464681 0.999987 0.00236822 0.00208878 -0.00235826 0.999995 -0.0896896 0.0161261 0.00476915
FixedParameters: 0 0 0

#Transform 107
Transform: AffineTransform_float_3_3
Parameters: 0.999988 0.00458557 -0.00204036 -0.00458088 0.999987 0.00236796 0.00205103 -0.00235777 0.999995 -0.0918119 0.000434205 0.0302984
FixedParameters: 0 0 0

#Transform 108
Transform: AffineTransform_float_3_3
Parameters: 0.999988 0.00459484 -0.00205243 -0.0045904 0.999987 0.00217799 0.00206224 -0.00216903 0.999995 -0.0911249 0.00576094 -0.000570929
FixedParameters: 0 0 0

#Transform 109
Transform: AffineTransform_float_3_3
Parameters: 0.999987 0.00443263 -0.00225355 -0.00442688 0.999987 0.00237578 0.0022635 -0.00236535 0.999995 -0.0889115 -0.0140594 0.0270102
FixedParameters: 0 0 0

#Transform 110
Transform: AffineTransform_float_3_3
Parameters: 0.999986 0.00492445 -0.00222521 -0.00491897 0.999985 0.00256534 0.00223762 -0.00255498 0.999994 -0.0950066 0.0410391 -0.000579298
FixedParameters: 0 0 0

#Transform 111
Transform: AffineTransform_float_3_3
Parameters: 0.999986 0.00472835 -0.00228194 -0.00472279 0.999986 0.00231303 0.00229272 -0.00230134 0.999995 -0.0884503 0.00277166 0.0185621
FixedParameters: 0 0 0

#Transform 112
Transform: AffineTransform_float_3_3
Parameters: 0.999985 0.00497624 -0.00225595 -0.00497078 0.999984 0.00252691 0.00226823 -0.00251602 0.999994 -0.0956551 0.0320485 0.00394272
FixedParameters: 0 0 0

#Transform 113
Transform: AffineTransform_float_3_3
Parameters: 0.999986 0.00485947 -0.00239313 -0.00485331 0.999985 0.00253202 0.00240486 -0.00252085 0.999994 -0.0928752 0.00764571 0.0474132
FixedParameters: 0 0 0

#Transform 114
Transform: AffineTransform_float_3_3
Parameters: 0.999985 0.00508415 -0.00231704 -0.00507838 0.999984 0.00252764 0.00232987 -0.0025165 0.999994 -0.0950117 0.0233738 0.0321683
FixedParameters: 0 0 0

#Transform 115
Transform: AffineTransform_float_3_3
Parameters: 0.999985 0.00482746 -0.00253724 -0.0048216 0.999986 0.00230744 0.00254886 -0.00229508 0.999994 -0.0909639 -0.000384122 0.0748619
FixedParameters: 0 0 0

#Transform 116
Transform: AffineTransform_float_3_3
Parameters: 0.999985 0.00487587 -0.00257497 -0.00487068 0.999986 0.00196211 0.0025852 -0.00194917 0.999995 -0.0942569 0.00918136 0.0575718
FixedParameters: 0 0 0

#Transform 117
Transform: AffineTransform_float_3_3
Parameters: 0.999984 0.0050102 -0.00270731 -0.00500385 0.999985 0.00234404 0.00271925 -0.00232989 0.999994 -0.092179 0.0190918 0.0820271
FixedParameters: 0 0 0

#Transform 118
Transform: AffineTransform_float_3_3
Parameters: 0.999986 0.00471984 -0.00257352 -0.00471481 0.999987 0.00184539 0.00258294 -0.00183243 0.999995 -0.0905632 -0.00668004 0.0700462
FixedParameters: 0 0 0

#Transform 119
Transform: AffineTransform_float_3_3
Parameters: 0.999984 0.00501106 -0.00266798 -0.00500445 0.999985 0.00226963 0.00267866 -0.00225722 0.999994 -0.093329 0.0344042 0.0666106
FixedParameters: 0 0 0

#Transform 120
Transform: AffineTransform_float_3_3
Parameters: 0.999986 0.00475496 -0.00255578 -0.00474968 0.999987 0.00209033 0.0025659 -0.00207818 0.999994 -0.0953194 0.0186145 0.0542633
FixedParameters: 0 0 0

#Transform 121
Transform: AffineTransform_float_3_3
Parameters: 0.999982 0.00521465 -0.00273123 -0.00520836 0.999984 0.00240515 0.00274388 -0.00239048 0.999993 -0.0940953 0.0281347 0.059992
FixedParameters: 0 0 0

#Transform 122
Transform: AffineTransform_float_3_3
Parameters: 0.999986 0.00472626 -0.00254976 -0.0047217 0.999987 0.00187189 0.00255856 -0.00185962 0.999995 -0.0969253 -0.0161552 0.0628833
FixedParameters: 0 0 0

#Transform 123
Transform: AffineTransform_float_3_3
Parameters: 0.999984 0.00497934 -0.00269305 -0.00497322 0.999985 0.00231902 0.00270458 -0.00230569 0.999994 -0.0890403 0.0550799 0.0459847
FixedParameters: 0 0 0

#Transform 124
Transform: AffineTransform_float_3_3
Parameters: 0.999985 0.00473961 -0.00251725 -0.00473464 0.999987 0.00196164 0.00252696 -0.0019491 0.999995 -0.0915016 0.0040591 0.0539737
FixedParameters: 0 0 0

#Transform 125
Transform: AffineTransform_float_3_3
Parameters: 0.999983 0.00508182 -0.00261759 -0.00507514 0.999984 0.00232289 0.00262916 -0.00230925 0.999994 -0.0944124 0.0277449 0.0328239
FixedParameters: 0 0 0

#Transform 126
Transform: AffineTransform_float_3_3
Parameters: 0.999985 0.004885 -0.00267436 -0.00487996 0.999986 0.00196503 0.0026838 -0.00195107 0.999994 -0.0924839 -0.00691793 0.0603371
FixedParameters: 0 0 0

#Transform 127
Transform: AffineTransform_float_3_3
Parameters: 0.999984 0.00511546 -0.00260679 -0.00510938 0.999985 0.00213384 0.00261746 -0.00212101 0.999994 -0.0905407 0.0258544 0.0295099
FixedParameters: 0 0 0

#Transform 128
Transform: AffineTransform_float_3_3
Parameters: 0.999984 0.00496014 -0.00266451 -0.00495359 0.999985 0.00226744 0.00267499 -0.00225311 0.999994 -0.0915534 0.0106069 0.076046
FixedParameters: 0 0 0

#Transform 129
Transform: AffineTransform_float_3_3
Parameters: 0.999983 0.00526453 -0.00269991 -0.00525899 0.999984 0.00221237 0.00271166 -0.00219864 0.999994 -0.0944989 0.0158698 0.0416628
FixedParameters: 0 0 0

#Transform 130
Transform: AffineTransform_float_3_3
Parameters: 0.999983 0.00504779 -0.00268736 -0.00504265 0.999985 0.00196402 0.0026974 -0.00194991 0.999994 -0.093398 0.00495819 0.0533269
FixedParameters: 0 0 0

#Transform 131
Transform: AffineTransform_float_3_3
Parameters: 0.999985 0.00490463 -0.00264115 -0.00489997 0.999986 0.0018251 0.00265015 -0.00181188 0.999995 -0.0924961 0.0078061 0.0448906
FixedParameters: 0 0 0

#Transform 132
Transform: AffineTransform_float_3_3
Parameters: 0.999983 0.00520947 -0.00268815 -0.0052043 0.999984 0.00215274 0.00269904 -0.00213857 0.999994 -0.094852 0.0335632 0.0491834
FixedParameters: 0 0 0

#Transform 133
Transform: AffineTransform_float_3_3
Parameters: 0.999983 0.00502764 -0.00273316 -0.00502213 0.999986 0.001752 0.00274136 -0.0017384 0.999994 -0.0901197 -0.0113679 0.0448442
FixedParameters: 0 0 0

#Transform 134
Transform: AffineTransform_float_3_3
Parameters: 0.999982 0.00529648 -0.00284173 -0.00529065 0.999983 0.00207068 0.00285296 -0.0020558 0.999994 -0.094324 0.0547081 0.0469255
FixedParameters: 0 0 0

#Transform 135
Transform: AffineTransform_float_3_3
Parameters: 0.999983 0.00521139 -0.00269578 -0.00520615 0.999984 0.00206892 0.00270667 -0.00205468 0.999994 -0.0949288 0.0098678 0.0259774
FixedParameters: 0 0 0

#Transform 136
Transform: AffineTransform_float_3_3
Parameters: 0.999984 0.00498439 -0.00269395 -0.00497994 0.999986 0.00174431 0.0027024 -0.00173187 0.999995 -0.0889213 -0.0284642 0.0651523
FixedParameters: 0 0 0

#Transform 137
Transform: AffineTransform_float_3_3
Parameters: 0.999982 0.00531649 -0.00280366 -0.00531102 0.999984 0.0019451 0.00281453 -0.00193002 0.999994 -0.0886839 0.0543172 0.0483439
FixedParameters: 0 0 0

#Transform 138
Transform: AffineTransform_float_3_3
Parameters: 0.999983 0.00526138 -0.0027383 -0.00525625 0.999985 0.00177878 0.00274673 -0.00176383 0.999995 -0.0940634 0.0412867 0.0548245
FixedParameters: 0 0 0

#Transform 139
Transform: AffineTransform_float_3_3
Parameters: 0.999982 0.00533237 -0.00265576 -0.00532707 0.999984 0.00177184 0.00266524 -0.00175739 0.999995 -0.0942435 0.00772385 0.0472609
FixedParameters: 0 0 0

#Transform 140
Transform: AffineTransform_float_3_3
Parameters: 0.999984 0.00496288 -0.00270942 -0.00495896 0.999986 0.00155424 0.0027168 -0.00154092 0.999995 -0.0920101 -0.0228313 0.0805504
FixedParameters: 0 0 0

#Transform 141
Transform: AffineTransform_float_3_3
Parameters: 0.999983 0.00512053 -0.00256354 -0.00511572 0.999985 0.00172973 0.00257185 -0.0017165 0.999996 -0.0922546 0.0265389 0.0752748
FixedParameters: 0 0 0

#Transform 142
Transform: AffineTransform_float_3_3
Parameters: 0.999986 0.00463501 -0.00251135 -0.0046313 0.999988 0.00153414 0.00251843 -0.00152274 0.999996 -0.0792711 -0.0111917 0.0788587
FixedParameters: 0 0 0

#Transform 143
Transform: AffineTransform_float_3_3
Parameters: 0.999986 0.00472525 -0.00243877 -0.00472042 0.999986 0.00199864 0.00244875 -0.00198742 0.999995 -0.0864528 0.0265691 0.0461474
FixedParameters: 0 0 0

#Transform 144
Transform: AffineTransform_float_3_3
Parameters: 0.999986 0.0046093 -0.00233668 -0.0046038 0.999987 0.0022402 0.0023462 -0.00222992 0.999994 -0.082352 0.0120736 0.0750764
FixedParameters: 0 0 0

#Transform 145
Transform: AffineTransform_float_3_3
Parameters: 0.999986 0.00479384 -0.00231977 -0.00478822 0.999986 0.0023886 0.00233066 -0.0023776 0.999995 -0.0806324 0.0198437 0.057631
FixedParameters: 0 0 0

#Transform 146
Transform: AffineTransform_float_3_3
Parameters: 0.999986 0.00485164 -0.00218302 -0.00484626 0.999984 0.00259198 0.00219532 -0.0025815 0.999994 -0.0860911 0.040146 0.0396941
FixedParameters: 0 0 0

#Transform 147
Transform: AffineTransform_float_3_3
Parameters: 0.999987 0.00473253 -0.00211524 -0.00472746 0.999985 0.00260073 0.00212701 -0.00259141 0.999994 -0.081939 -0.00344363 0.0643078
FixedParameters: 0 0 0

#Transform 148
Transform: AffineTransform_float_3_3
Parameters: 0.999985 0.00490985 -0.00221056 -0.00490324 0.999984 0.00274151 0.00222324 -0.00273047 0.999994 -0.0879992 0.0321311 0.0278194
FixedParameters: 0 0 0

#Transform 149
Transform: AffineTransform_float_3_3
Parameters: 0.999986 0.00479557 -0.00214965 -0.00479016 0.999985 0.00263679 0.00216209 -0.00262602 0.999995 -0.0854113 -0.0168616 0.0650741
FixedParameters: 0 0 0

#Transform 150
Transform: AffineTransform_float_3_3
Parameters: 0.999983 0.00529729 -0.00241785 -0.00529024 0.999982 0.00306896 0.00243397 -0.00305603 0.999992 -0.0903148 0.032046 0.0309529
FixedParameters: 0 0 0

#Transform 151
Transform: AffineTransform_float_3_3
Parameters: 0.999992 0.00355997 -0.00185931 -0.00355442 0.99999 0.00289999 0.00187025 -0.0028929 0.999994 -0.0704263 -0.0543065 -0.000203868
FixedParameters: 0 0 0

#Transform 152
Transform: AffineTransform_float_3_3
Parameters: 0.999993 0.00331757 -0.00166076 -0.00331225 0.999989 0.00344889 0.00167215 -0.00344363 0.999993 -0.0679923 0.0299547 -0.0204054
FixedParameters: 0 0 0

#Transform 153
Transform: AffineTransform_float_3_3
Parameters: 0.999991 0.0037514 -0.00158203 -0.00374604 0.999987 0.00364277 0.00159565 -0.00363643 0.999992 -0.068669 0.0550262 -0.0252282
FixedParameters: 0 0 0

#Transform 154
Transform: AffineTransform_float_3_3
Parameters: 0.999992 0.00355125 -0.0014124 -0.0035468 0.999988 0.00358371 0.00142502 -0.00357837 0.999993 -0.0725053 -0.00170911 -0.0167675
FixedParameters: 0 0 0

#Transform 155
Transform: AffineTransform_float_3_3
Parameters: 0.999992 0.00359641 -0.00161791 -0.00358911 0.999986 0.00389469 0.00163169 -0.00388821 0.999991 -0.0687373 0.0280806 0.0052854
FixedParameters: 0 0 0

#Transform 156
Transform: AffineTransform_float_3_3
Parameters: 0.99999 0.00394744 -0.00200228 -0.00393975 0.999986 0.00337032 0.00201602 -0.00336143 0.999992 -0.0818788 -0.0271044 0.021569
FixedParameters: 0 0 0

#Transform 157
Transform: AffineTransform_float_3_3
Parameters: 0.999992 0.00377856 -0.00177657 -0.00377235 0.999987 0.00338133 0.00178928 -0.00337397 0.999993 -0.0763955 0.00855334 0.0445827
FixedParameters: 0 0 0

#Transform 158
Transform: AffineTransform_float_3_3
Parameters: 0.999993 0.00309268 -0.00171814 -0.00308676 0.99999 0.00336348 0.00172832 -0.00335777 0.999993 -0.0718976 -0.0231671 0.0514988
FixedParameters: 0 0 0

#Transform 159
Transform: AffineTransform_float_3_3
Parameters: 0.999993 0.00330055 -0.00186431 -0.00329372 0.999988 0.00359844 0.00187567 -0.00359274 0.999991 -0.0682704 0.024851 0.052862
FixedParameters: 0 0 0

#Transform 160
Transform: AffineTransform_float_3_3
Parameters: 0.999994 0.00309467 -0.00195769 -0.00308824 0.999989 0.0034485 0.00196803 -0.00344183 0.999992 -0.0628842 0.00216379 0.0205348
FixedParameters: 0 0 0

#Transform 161
Transform: AffineTransform_float_3_3
Parameters: 0.999994 0.00314716 -0.00186095 -0.00314029 0.999987 0.00385016 0.00187327 -0.00384472 0.999991 -0.0639405 0.0283882 0.0494652
FixedParameters: 0 0 0

#Transform 162
Transform: AffineTransform_float_3_3
Parameters: 0.999994 0.00270478 -0.00210498 -0.00269666 0.999989 0.00368699 0.00211526 -0.00368073 0.999991 -0.0580607 0.00556074 0.0400295
FixedParameters: 0 0 0

#Transform 163
Transform: AffineTransform_float_3_3
Parameters: 0.999993 0.00296199 -0.00197805 -0.00295448 0.999988 0.00378511 0.00198857 -0.00377881 0.999991 -0.0589231 0.0311936 0.0323362
FixedParameters: 0 0 0

#Transform 164
Transform: AffineTransform_float_3_3
Parameters: 0.999993 0.00301391 -0.00189363 -0.00300673 0.999988 0.00385199 0.00190492 -0.00384685 0.999991 -0.0650235 0.00982858 0.0545872
FixedParameters: 0 0 0

#Transform 165
Transform: AffineTransform_float_3_3
Parameters: 0.999995 0.00262295 -0.00180117 -0.00261629 0.999991 0.00338696 0.00181052 -0.00338266 0.999993 -0.0531884 -0.0418245 0.0660517
FixedParameters: 0 0 0

#Transform 166
Transform: AffineTransform_float_3_3
Parameters: 0.999995 0.00270884 -0.00200815 -0.00270088 0.999988 0.00393336 0.0020189 -0.0039276 0.99999 -0.0592632 0.031957 0.0649415
FixedParameters: 0 0 0

#Transform 167
Transform: AffineTransform_float_3_3
Parameters: 0.999993 0.00314184 -0.00211109 -0.00313371 0.999987 0.00400559 0.00212393 -0.00399911 0.99999 -0.0593115 0.0420252 0.0713386
FixedParameters: 0 0 0

#Transform 168
Transform: AffineTransform_float_3_3
Parameters: 0.999993 0.00310316 -0.00214297 -0.00309472 0.999987 0.0040135 0.00215556 -0.00400648 0.999989 -0.0623352 -0.000505667 0.0698525
FixedParameters: 0 0 0

#Transform 169
Transform: AffineTransform_float_3_3
Parameters: 0.999993 0.00304863 -0.00211187 -0.00304014 0.999987 0.00419005 0.00212421 -0.00418344 0.999989 -0.0639574 -0.0104346 0.0871083
FixedParameters: 0 0 0

#Transform 170
Transform: AffineTransform_float_3_3
Parameters: 0.999993 0.00302581 -0.00208945 -0.00301769 0.999988 0.00393289 0.00210183 -0.00392568 0.99999 -0.0576298 -0.00379925 0.0502623
FixedParameters: 0 0 0

#Transform 171
Transform: AffineTransform_float_3_3
Parameters: 0.999993 0.00292504 -0.00221239 -0.00291633 0.999987 0.00424995 0.00222453 -0.0042438 0.999989 -0.0555504 -0.00167847 0.0887118
FixedParameters: 0 0 0

#Transform 172
Transform: AffineTransform_float_3_3
Parameters: 0.999992 0.0032135 -0.00227723 -0.00320373 0.999985 0.00445661 0.00229224 -0.0044496 0.999988 -0.0568839 0.0486543 0.086965
FixedParameters: 0 0 0

#Transform 173
Transform: AffineTransform_float_3_3
Parameters: 0.999993 0.00300574 -0.00220467 -0.00299659 0.999986 0.00436269 0.00221817 -0.00435537 0.999988 -0.0548281 0.000883559 0.0698488
FixedParameters: 0 0 0

#Transform 174
Transform: AffineTransform_float_3_3
Parameters: 0.999993 0.00287137 -0.00228229 -0.00286091 0.999987 0.00410887 0.0022944 -0.00410224 0.99999 -0.0572213 -0.00824717 0.108022
FixedParameters: 0 0 0

#Transform 175
Transform: AffineTransform_float_3_3
Parameters: 0.999992 0.00318791 -0.00230161 -0.00317785 0.999986 0.00429739 0.0023149 -0.00429033 0.999988 -0.0564426 0.0582065 0.0837746
FixedParameters: 0 0 0

#Transform 176
Transform: AffineTransform_float_3_3
Parameters: 0.999993 0.00298225 -0.00231014 -0.00297319 0.999987 0.00404924 0.00232245 -0.00404228 0.999989 -0.0596861 0.00208102 0.078773
FixedParameters: 0 0 0

#Transform 177
Transform: AffineTransform_float_3_3
Parameters: 0.999992 0.00308195 -0.00221868 -0.00307207 0.999986 0.00430315 0.00223197 -0.00429625 0.999988 -0.0521605 0.0151685 0.0762338
FixedParameters: 0 0 0

#Transform 178
Transform: AffineTransform_float_3_3
Parameters: 0.999992 0.00283813 -0.00275003 -0.00282939 0.999991 0.00335866 0.0027595 -0.00335096 0.999991 -0.0519205 -0.00380839 0.116084
FixedParameters: 0 0 0

#Transform 179
Transform: AffineTransform_float_3_3
Parameters: 0.999988 0.00262575 -0.00403718 -0.00260962 0.999989 0.00399815 0.00404744 -0.00398747 0.999983 -0.0433623 0.0641412 0.177604
FixedParameters: 0 0 0

#Transform 180
Transform: AffineTransform_float_3_3
Parameters: 0.99999 0.00276723 -0.00349202 -0.00275381 0.999989 0.00390175 0.00350279 -0.00389189 0.999986 -0.0468747 0.0153881 0.154491
FixedParameters: 0 0 0

#Transform 181
Transform: AffineTransform_float_3_3
Parameters: 0.999991 0.00251808 -0.0033921 -0.00250436 0.999988 0.00425183 0.00340231 -0.00424336 0.999985 -0.0432622 0.0220055 0.178831
FixedParameters: 0 0 0

#Transform 182
Transform: AffineTransform_float_3_3
Parameters: 0.999992 0.00225625 -0.00326011 -0.0022432 0.99999 0.00389287 0.00326949 -0.00388596 0.999987 -0.0368673 -0.000211707 0.151558
FixedParameters: 0 0 0

#Transform 183
Transform: AffineTransform_float_3_3
Parameters: 0.999993 0.00217389 -0.00311905 -0.0021596 0.999987 0.00454491 0.00312936 -0.00453776 0.999985 -0.0337434 -0.0277363 0.177699
FixedParameters: 0 0 0

#Transform 184
Transform: AffineTransform_float_3_3
Parameters: 0.999993 0.00232409 -0.00284881 -0.00231042 0.999985 0.00508621 0.00286033 -0.00507967 0.999983 -0.0426605 0.0769264 0.140937
FixedParameters: 0 0 0

#Transform 185
Transform: AffineTransform_float_3_3
Parameters: 0.999993 0.00229079 -0.00290765 -0.00227574 0.999984 0.00513403 0.00291991 -0.00512743 0.999982 -0.0401428 0.0232409 0.159973
FixedParameters: 0 0 0

#Transform 186
Transform: AffineTransform_float_3_3
Parameters: 0.999994 0.00251155 -0.00251328 -0.00249791 0.999982 0.00539674 0.00252728 -0.00539025 0.999982 -0.0472132 0.026549 0.176145
FixedParameters: 0 0 0

#Transform 187
Transform: AffineTransform_float_3_3
Parameters: 0.999994 0.00250826 -0.00252143 -0.00249558 0.999984 0.00510243 0.0025348 -0.0050968 0.999984 -0.0437079 0.00709442 0.169826
FixedParameters: 0 0 0

#Transform 188
Transform: AffineTransform_float_3_3
Parameters: 0.999994 0.00247434 -0.0025814 -0.00246135 0.999984 0.00514074 0.00259376 -0.00513411 0.999984 -0.0391401 -0.0152136 0.193265
FixedParameters: 0 0 0

#Transform 189
Transform: AffineTransform_float_3_3
Parameters: 0.999993 0.00251333 -0.00247027 -0.00249981 0.999982 0.00554336 0.00248413 -0.00553655 0.999982 -0.0443062 0.0271457 0.161197
FixedParameters: 0 0 0
