#Insight Transform File V1.0
#Transform 0
Transform: AffineTransform_float_3_3
Parameters: 1 -0.000843653 0.000767196 0.000842929 0.999999 0.000469452 -0.000768001 -0.000469464 1 0.0058628 -0.107912 -0.0951079
FixedParameters: 0 0 0

#Transform 1
Transform: AffineTransform_float_3_3
Parameters: 1 -0.000546411 9.31247e-05 0.000546412 1 -4.26975e-06 -9.312e-05 4.37152e-06 1 0.0288795 -0.0135221 -0.141712
FixedParameters: 0 0 0

#Transform 2
Transform: AffineTransform_float_3_3
Parameters: 1 -0.00092729 0.000642122 0.000926718 1 0.000449501 -0.000642947 -0.000449234 1 0.00255512 -0.107187 -0.0695195
FixedParameters: 0 0 0

#Transform 3
Transform: AffineTransform_float_3_3
Parameters: 1 -0.00100867 0.000684965 0.00100874 1 -4.18446e-05 -0.000684872 4.23024e-05 1 0.000304953 -0.0370075 -0.114647
FixedParameters: 0 0 0

#Transform 4
Transform: AffineTransform_float_3_3
Parameters: 1 -0.000953542 0.00070122 0.000953663 1 -8.20636e-05 -0.000701055 8.24768e-05 1 0.000244884 -0.0351277 -0.11599
FixedParameters: 0 0 0

#Transform 5
Transform: AffineTransform_float_3_3
Parameters: 0.999999 -0.000720827 0.000506244 0.000720947 0.999999 -0.000117691 -0.000506074 0.000118421 1 0.00538508 -0.019747 -0.121368
FixedParameters: 0 0 0

#Transform 6
Transform: AffineTransform_float_3_3
Parameters: 0.999999 -0.0010586 0.000794395 0.00105814 0.999999 0.000296467 -0.000795013 -0.000295709 1 -0.0032419 -0.0773648 -0.0784612
FixedParameters: 0 0 0

#Transform 7
Transform: AffineTransform_float_3_3
Parameters: 0.999999 -0.00060518 0.000414173 0.000605061 1 0.000142797 -0.000414346 -0.000142296 1 0.017205 -0.109835 -0.0414042
FixedParameters: 0 0 0

#Transform 8
Transform: AffineTransform_float_3_3
Parameters: 0.999999 0.000606523 -0.000457922 -0.000607252 0.999999 -0.00143896 0.000456973 0.00143951 0.999999 0.0279222 0.0496807 -0.089544
FixedParameters: 0 0 0

#Transform 9
Transform: AffineTransform_float_3_3
Parameters: 1 0.000683804 -0.000133775 -0.000683506 0.999999 -0.00108754 0.000133085 0.00108772 1 0.0172944 0.0402912 -0.0895723
FixedParameters: 0 0 0

#Transform 10
Transform: AffineTransform_float_3_3
Parameters: 1 -0.000465846 -3.66072e-05 0.000465819 1 -0.000366702 3.69489e-05 0.000366668 1 0.0334394 0.020981 -0.10271
FixedParameters: 0 0 0

#Transform 11
Transform: AffineTransform_float_3_3
Parameters: 0.999999 -0.000616706 0.000436853 0.000616961 1 -0.000292465 -0.000436492 0.000293004 1 0.00835604 0.0107809 -0.0973315
FixedParameters: 0 0 0

#Transform 12
Transform: AffineTransform_float_3_3
Parameters: 0.999999 -0.000824049 0.000228257 0.000824215 0.999999 -0.000364732 -0.000227656 0.000365107 1 0.0124602 0.00416155 -0.0961908
FixedParameters: 0 0 0

#Transform 13
Transform: AffineTransform_float_3_3
Parameters: 0.999999 0.000787969 3.03781e-05 -0.000787946 0.999999 -0.000388855 -3.09908e-05 0.000388806 1 0.00496157 0.00686196 -0.0951227
FixedParameters: 0 0 0

#Transform 14
Transform: AffineTransform_float_3_3
Parameters: 0.999999 -0.000909406 0.000900084 0.000910237 0.999999 -0.000463632 -0.000899253 0.000463963 1 -0.00836794 -0.0168185 -0.0782123
FixedParameters: 0 0 0

#Transform 15
Transform: AffineTransform_float_3_3
Parameters: 0.999999 0.000850457 -0.000102835 -0.000850537 0.999999 -0.000387654 0.000102176 0.000387828 1 0.00871601 -0.00623189 -0.0790833
FixedParameters: 0 0 0

#Transform 16
Transform: AffineTransform_float_3_3
Parameters: 0.999999 0.000767092 -0.000227486 -0.000767267 0.999999 -0.000384164 0.000226897 0.000384512 1 0.0189862 5.72116e-05 -0.0692192
FixedParameters: 0 0 0

#Transform 17
Transform: AffineTransform_float_3_3
Parameters: 0.999999 0.000830866 -0.000232861 -0.000831045 0.999999 -0.00038513 0.000232221 0.000385517 1 0.00909908 -0.00081182 -0.0711517
FixedParameters: 0 0 0

#Transform 18
Transform: AffineTransform_float_3_3
Parameters: 0.999999 0.000910131 -0.000265439 -0.000910336 0.999999 -0.000385891 0.000264736 0.000386373 1 0.0101657 0.00813682 -0.0810183
FixedParameters: 0 0 0

#Transform 19
Transform: AffineTransform_float_3_3
Parameters: 0.999999 0.000849184 -9.89122e-05 -0.000849633 1 -0.00108921 9.84354e-05 0.00108974 0.999999 0.00595511 0.0244531 -0.0442297
FixedParameters: 0 0 0

#Transform 20
Transform: AffineTransform_float_3_3
Parameters: 0.999999 0.000908725 -0.000280134 -0.000908941 0.999999 -0.000385618 0.000279433 0.000386127 1 0.00825795 0.00466334 -0.0437888
FixedParameters: 0 0 0

#Transform 21
Transform: AffineTransform_float_3_3
Parameters: 0.999999 0.000822442 -0.000156589 -0.000822649 0.999999 0.00100911 0.000157384 -0.00100885 1 -0.00112003 -0.0417053 0.0489564
FixedParameters: 0 0 0

#Transform 22
Transform: AffineTransform_float_3_3
Parameters: 1 0.000439916 -0.000240322 -0.000439696 1 0.000456706 0.000240723 -0.000456495 1 0.00379513 -0.0274494 0.0812195
FixedParameters: 0 0 0

#Transform 23
Transform: AffineTransform_float_3_3
Parameters: 0.999999 0.000754145 -7.26186e-05 -0.00075456 1 0.000707286 7.28301e-05 -0.000708096 1 -0.00335168 -0.0339972 0.0696938
FixedParameters: 0 0 0

#Transform 24
Transform: AffineTransform_float_3_3
Parameters: 0.999999 0.000674759 -0.00038003 -0.000674345 0.999999 0.00123237 0.000380828 -0.00123186 0.999999 0.0146486 -0.0590414 0.0340062
FixedParameters: 0 0 0

#Transform 25
Transform: AffineTransform_float_3_3
Parameters: 1 0.000517026 -0.00046038 -0.000517085 1 -6.40679e-05 0.000460313 6.4544e-05 1 0.00878715 -0.0235532 0.0848719
FixedParameters: 0 0 0

#Transform 26
Transform: AffineTransform_float_3_3
Parameters: 1 0.000525931 -0.000459949 -0.000525781 1 0.000162844 0.00046012 -0.000162361 1 0.00420578 -0.0235563 0.09161
FixedParameters: 0 0 0

#Transform 27
Transform: AffineTransform_float_3_3
Parameters: 1 0.000518458 -0.000446806 -0.000518609 1 0.000452822 0.000446444 -0.000452355 1 0.00498614 -0.03466 0.0906079
FixedParameters: 0 0 0

#Transform 28
Transform: AffineTransform_float_3_3
Parameters: 1 0.000547537 -0.000264696 -0.000547954 1 0.000262267 0.000264152 -0.000261973 1 0.000988482 -0.0410111 0.105029
FixedParameters: 0 0 0

#Transform 29
Transform: AffineTransform_float_3_3
Parameters: 0.999999 0.000592023 -0.000496661 -0.000592156 0.999999 0.000426443 0.000496335 -0.000425851 1 0.0174721 -0.0278326 0.0922825
FixedParameters: 0 0 0

#Transform 30
Transform: AffineTransform_float_3_3
Parameters: 1 0.000455316 -0.000403188 -0.000455465 1 0.000505148 0.000402816 -0.000504777 1 0.0072254 -0.0383534 0.0921841
FixedParameters: 0 0 0

#Transform 31
Transform: AffineTransform_float_3_3
Parameters: 1 0.000406309 -0.000371724 -0.000406797 1 0.000460415 0.000372653 -0.000460135 1 0.0151282 -0.0305728 0.110595
FixedParameters: 0 0 0

#Transform 32
Transform: AffineTransform_float_3_3
Parameters: 1 0.000364803 -0.000342532 -0.000364451 1 0.000513645 0.000342907 -0.000513395 1 0.00904104 -0.0397821 0.115409
FixedParameters: 0 0 0

#Transform 33
Transform: AffineTransform_float_3_3
Parameters: 1 0.000182175 -0.000368039 -0.000182039 1 0.000184971 0.000368106 -0.000184837 1 0.00573738 -0.0445549 0.19028
FixedParameters: 0 0 0

#Transform 34
Transform: AffineTransform_float_3_3
Parameters: 0.999999 -0.000516095 -0.00133742 0.000516113 1 0.000331003 0.00133766 -0.000331483 0.999999 0.0730208 0.127234 -0.053151
FixedParameters: 0 0 0

#Transform 35
Transform: AffineTransform_float_3_3
Parameters: 0.999999 -2.09525e-05 -0.00177662 2.40709e-05 0.999999 0.00150357 0.00177681 -0.00150408 0.999997 0.0751116 0.11653 -0.0589755
FixedParameters: 0 0 0

#Transform 36
Transform: AffineTransform_float_3_3
Parameters: 0.999998 -0.000682964 -0.00144407 0.000687265 0.999996 0.00280518 0.00144148 -0.0028067 0.999995 0.0873656 0.0798585 -0.0701757
FixedParameters: 0 0 0

#Transform 37
Transform: AffineTransform_float_3_3
Parameters: 0.999999 -0.000756248 -0.00154971 0.000760475 0.999995 0.00287039 0.0015472 -0.00287138 0.999995 0.0884386 0.0624074 -0.0722545
FixedParameters: 0 0 0

#Transform 38
Transform: AffineTransform_float_3_3
Parameters: 0.999999 -0.000934741 -0.00157582 0.000939465 0.999994 0.00298153 0.00157207 -0.00298312 0.999995 0.0935741 0.0700741 -0.0692483
FixedParameters: 0 0 0

#Transform 39
Transform: AffineTransform_float_3_3
Parameters: 0.999998 -0.000858802 -0.0012842 0.000863301 0.999994 0.00341729 0.00128229 -0.00341871 0.999993 0.0860018 0.0452198 -0.0637895
FixedParameters: 0 0 0

#Transform 40
Transform: AffineTransform_float_3_3
Parameters: 0.999998 -0.000867601 -0.00129786 0.000871721 0.999994 0.00345063 0.00129501 -0.0034521 0.999993 0.0836093 -0.0479482 -0.0628041
FixedParameters: 0 0 0

#Transform 41
Transform: AffineTransform_float_3_3
Parameters: 0.999998 -0.00127606 -0.00193479 0.00127611 0.999999 4.04373e-05 0.00193476 -4.26049e-05 0.999998 0.110155 0.151948 -0.175152
FixedParameters: 0 0 0

#Transform 42
Transform: AffineTransform_float_3_3
Parameters: 0.999997 -0.000816893 -0.00197133 0.000820598 0.999998 0.00158442 0.00197039 -0.00158625 0.999996 0.0893313 0.111891 -0.147433
FixedParameters: 0 0 0

#Transform 43
Transform: AffineTransform_float_3_3
Parameters: 0.999998 -0.000739026 -0.00170783 0.00074294 0.999997 0.00212437 0.00170686 -0.00212552 0.999996 0.0842394 0.0959082 -0.169158
FixedParameters: 0 0 0

#Transform 44
Transform: AffineTransform_float_3_3
Parameters: 0.999998 -0.00116782 -0.00170778 0.00117283 0.999995 0.00268111 0.00170422 -0.00268245 0.999995 0.097648 0.00773359 -0.133699
FixedParameters: 0 0 0

#Transform 45
Transform: AffineTransform_float_3_3
Parameters: 0.999999 -0.00102181 -0.00154402 0.00102308 0.999999 0.00123261 0.00154318 -0.00123399 0.999999 0.0859603 0.1366 -0.158062
FixedParameters: 0 0 0

#Transform 46
Transform: AffineTransform_float_3_3
Parameters: 0.999999 -0.00109996 -0.00148069 0.00110286 0.999998 0.00164667 0.00147959 -0.00164777 0.999997 0.0861274 0.144657 -0.1478
FixedParameters: 0 0 0

#Transform 47
Transform: AffineTransform_float_3_3
Parameters: 0.999999 -0.00116684 -0.00142425 0.00117002 0.999997 0.00208695 0.00142243 -0.00208815 0.999997 0.0861397 0.0879529 -0.114329
FixedParameters: 0 0 0

#Transform 48
Transform: AffineTransform_float_3_3
Parameters: 0.999999 -0.00118272 -0.00139895 0.00118651 0.999996 0.00263296 0.00139629 -0.00263415 0.999995 0.0838577 0.0622692 -0.116774
FixedParameters: 0 0 0

#Transform 49
Transform: AffineTransform_float_3_3
Parameters: 0.999999 -0.00121878 -0.00135067 0.00122402 0.999993 0.00353703 0.00134606 -0.00353823 0.999993 0.0825335 -0.0118897 -0.0830425
FixedParameters: 0 0 0

#Transform 50
Transform: AffineTransform_float_3_3
Parameters: 0.999998 -0.00130902 -0.00159874 0.00131421 0.999993 0.0032453 0.00159482 -0.0032478 0.999993 0.0902859 0.029673 -0.111909
FixedParameters: 0 0 0

#Transform 51
Transform: AffineTransform_float_3_3
Parameters: 0.999999 -0.00119462 -0.00137167 0.00119867 0.999994 0.00335175 0.00136822 -0.00335427 0.999994 0.0848552 -0.00472344 -0.106627
FixedParameters: 0 0 0

#Transform 52
Transform: AffineTransform_float_3_3
Parameters: 0.999999 -0.00122531 -0.00135109 0.00123008 0.999994 0.00335962 0.00134688 -0.00336177 0.999993 0.0850057 0.029519 -0.109034
FixedParameters: 0 0 0

#Transform 53
Transform: AffineTransform_float_3_3
Parameters: 0.999999 -0.00110991 -0.00143075 0.00111484 0.999994 0.00324578 0.00142757 -0.00324725 0.999994 0.084256 0.0148736 -0.083541
FixedParameters: 0 0 0

#Transform 54
Transform: AffineTransform_float_3_3
Parameters: 0.999999 -0.00113057 -0.00141061 0.00113609 0.999994 0.00348355 0.00140674 -0.00348465 0.999993 0.0837873 0.0461347 -0.115135
FixedParameters: 0 0 0

#Transform 55
Transform: AffineTransform_float_3_3
Parameters: 0.999999 -0.00104593 -0.00146605 0.00105107 0.999993 0.00350939 0.00146325 -0.00351078 0.999993 0.0860234 0.0578611 -0.117186
FixedParameters: 0 0 0

#Transform 56
Transform: AffineTransform_float_3_3
Parameters: 0.999999 -0.0011162 -0.00141735 0.00112123 0.999993 0.00358645 0.00141391 -0.00358755 0.999992 0.0831413 0.0572324 -0.118273
FixedParameters: 0 0 0

#Transform 57
Transform: AffineTransform_float_3_3
Parameters: 0.999999 -0.0010608 -0.00129044 0.00106615 0.999992 0.00373559 0.00128648 -0.00373754 0.999992 0.080982 0.0514989 -0.122903
FixedParameters: 0 0 0

#Transform 58
Transform: AffineTransform_float_3_3
Parameters: 0.999999 -0.00107664 -0.00134299 0.00108149 0.999992 0.0037116 0.00133952 -0.00371374 0.999992 0.0830388 0.0662581 -0.137117
FixedParameters: 0 0 0

#Transform 59
Transform: AffineTransform_float_3_3
Parameters: 0.999999 -0.00121963 -0.00134645 0.0012244 0.999992 0.00367285 0.00134201 -0.00367537 0.999992 0.0853455 0.0242645 -0.132137
FixedParameters: 0 0 0

#Transform 60
Transform: AffineTransform_float_3_3
Parameters: 0.999999 -0.00115021 -0.0012431 0.00115532 0.999992 0.00378374 0.00123835 -0.00378489 0.999993 0.0752279 -0.00523128 -0.0748644
FixedParameters: 0 0 0

#Transform 61
Transform: AffineTransform_float_3_3
Parameters: 0.999999 -0.00105837 -0.00131171 0.00106244 0.999994 0.00340777 0.00130767 -0.00340976 0.999993 0.0782906 0.0594729 -0.0955068
FixedParameters: 0 0 0

#Transform 62
Transform: AffineTransform_float_3_3
Parameters: 0.999998 -0.00109713 -0.00125466 0.00110083 0.999992 0.00372459 0.00125015 -0.00372657 0.999992 0.0777711 0.0227447 -0.0775164
FixedParameters: 0 0 0

#Transform 63
Transform: AffineTransform_float_3_3
Parameters: 0.999999 -0.00113219 -0.00121688 0.00113648 0.999992 0.00386376 0.00121267 -0.00386445 0.999992 0.0773541 0.0229461 -0.0875608
FixedParameters: 0 0 0

#Transform 64
Transform: AffineTransform_float_3_3
Parameters: 0.999999 -0.00121368 -0.00134158 0.00121988 0.999991 0.00400124 0.00133717 -0.00400282 0.999992 0.0819952 0.0164997 -0.0960483
FixedParameters: 0 0 0

#Transform 65
Transform: AffineTransform_float_3_3
Parameters: 0.999999 -0.0011779 -0.00129164 0.00118319 0.99999 0.0043307 0.00128645 -0.0043317 0.99999 0.0801926 0.0175116 -0.111406
FixedParameters: 0 0 0

#Transform 66
Transform: AffineTransform_float_3_3
Parameters: 0.999999 -0.00111855 -0.0012067 0.00112409 0.999988 0.00471246 0.00120109 -0.00471442 0.999988 0.0726241 0.0213671 -0.103889
FixedParameters: 0 0 0

#Transform 67
Transform: AffineTransform_float_3_3
Parameters: 0.999999 -0.00120072 -0.00133096 0.00120717 0.999988 0.00471605 0.00132594 -0.00471761 0.999988 0.0738085 -0.0124696 -0.0773963
FixedParameters: 0 0 0

#Transform 68
Transform: AffineTransform_float_3_3
Parameters: 0.999999 -0.00116708 -0.00128009 0.00117331 0.999988 0.00471478 0.00127401 -0.0047161 0.999989 0.075807 -0.00408794 -0.0973003
FixedParameters: 0 0 0

#Transform 69
Transform: AffineTransform_float_3_3
Parameters: 0.999999 -0.00119766 -0.00132845 0.00120456 0.999987 0.00488502 0.00132301 -0.00488656 0.999988 0.0733892 -0.0382228 -0.0746674
FixedParameters: 0 0 0

#Transform 70
Transform: AffineTransform_float_3_3
Parameters: 0.999999 -0.00112848 -0.00122323 0.00113452 0.999988 0.00483459 0.00121724 -0.00483623 0.999987 0.0738477 0.0532836 -0.127711
FixedParameters: 0 0 0

#Transform 71
Transform: AffineTransform_float_3_3
Parameters: 0.999998 -0.00106364 -0.00112652 0.00106902 0.999987 0.00494216 0.00112089 -0.00494343 0.999987 0.0714821 0.0296706 -0.113385
FixedParameters: 0 0 0

#Transform 72
Transform: AffineTransform_float_3_3
Parameters: 0.999999 -0.00101766 -0.00105823 0.00102261 0.999987 0.00504544 0.00105281 -0.00504647 0.999987 0.0698302 0.00556504 -0.107392
FixedParameters: 0 0 0

#Transform 73
Transform: AffineTransform_float_3_3
Parameters: 0.999998 -0.000986496 -0.00125114 0.000992141 0.999986 0.00510217 0.00124563 -0.00510392 0.999986 0.0784622 0.0337855 -0.119105
FixedParameters: 0 0 0

#Transform 74
Transform: AffineTransform_float_3_3
Parameters: 0.999998 -0.00104988 -0.00111016 0.00105652 0.999985 0.00531011 0.00110463 -0.00531171 0.999985 0.0706046 -0.00694216 -0.105382
FixedParameters: 0 0 0

#Transform 75
Transform: AffineTransform_float_3_3
Parameters: 0.999999 -0.00111941 -0.0012157 0.00112637 0.999985 0.00533924 0.00120995 -0.00534033 0.999986 0.0750504 -0.0192881 -0.10322
FixedParameters: 0 0 0

#Transform 76
Transform: AffineTransform_float_3_3
Parameters: 0.999999 -0.00101901 -0.00106269 0.00102446 0.999986 0.00524758 0.00105682 -0.00524862 0.999986 0.0695477 -0.0034683 -0.0910655
FixedParameters: 0 0 0

#Transform 77
Transform: AffineTransform_float_3_3
Parameters: 0.999998 -0.00105802 -0.00112293 0.00106406 0.999985 0.00534812 0.00111781 -0.0053494 0.999984 0.0777266 -0.034083 -0.0904151
FixedParameters: 0 0 0

#Transform 78
Transform: AffineTransform_float_3_3
Parameters: 0.999998 -0.0010939 -0.00108004 0.00109872 0.999986 0.00525931 0.00107389 -0.00526095 0.999986 0.075621 0.018469 -0.113321
FixedParameters: 0 0 0

#Transform 79
Transform: AffineTransform_float_3_3
Parameters: 0.999999 -0.00111202 -0.000820415 0.0011174 0.999978 0.00645803 0.000812824 -0.00645914 0.999979 0.063966 -0.0603145 -0.10372
FixedParameters: 0 0 0

#Transform 80
Transform: AffineTransform_float_3_3
Parameters: 0.999999 -0.0011717 -0.000722232 0.00117451 0.999988 0.00460658 0.000717464 -0.00460844 0.999989 0.0756766 0.0299602 -0.271384
FixedParameters: 0 0 0

#Transform 81
Transform: AffineTransform_float_3_3
Parameters: 0.999999 -0.00107661 -0.000917499 0.00107914 0.999993 0.00369291 0.000913509 -0.00369371 0.999993 0.0822855 0.0718542 -0.376733
FixedParameters: 0 0 0

#Transform 82
Transform: AffineTransform_float_3_3
Parameters: 0.999999 -0.00120055 -0.000966576 0.00120415 0.999994 0.00336184 0.00096275 -0.00336336 0.999995 0.0834398 0.0711877 -0.419216
FixedParameters: 0 0 0

#Transform 83
Transform: AffineTransform_float_3_3
Parameters: 0.999999 -0.00121796 -0.000883026 0.00122226 0.999991 0.00417377 0.000878407 -0.00417476 0.999991 0.081157 0.0675128 -0.382378
FixedParameters: 0 0 0

#Transform 84
Transform: AffineTransform_float_3_3
Parameters: 0.999999 -0.00127172 -0.000763184 0.00127495 0.999989 0.00463795 0.000757426 -0.00463875 0.999989 0.0809963 0.0484048 -0.367393
FixedParameters: 0 0 0

#Transform 85
Transform: AffineTransform_float_3_3
Parameters: 0.999998 -0.00139384 -0.000681669 0.00139634 0.999988 0.00466571 0.000674705 -0.00466646 0.999989 0.0824961 0.0191291 -0.341714
FixedParameters: 0 0 0

#Transform 86
Transform: AffineTransform_float_3_3
Parameters: 0.999999 -0.00140301 -0.000836421 0.00140714 0.999987 0.00493389 0.000830017 -0.00493474 0.999987 0.0795126 -0.00503995 -0.24358
FixedParameters: 0 0 0

#Transform 87
Transform: AffineTransform_float_3_3
Parameters: 0.999999 -0.00125782 -0.000753963 0.0012621 0.999985 0.00533477 0.000746473 -0.00533552 0.999985 0.0816898 -0.00797053 -0.249768
FixedParameters: 0 0 0

#Transform 88
Transform: AffineTransform_float_3_3
Parameters: 0.999998 -0.00146767 -0.000615971 0.001471 0.999984 0.0053111 0.000607148 -0.00531176 0.999986 0.0743051 -0.0514088 -0.240306
FixedParameters: 0 0 0

#Transform 89
Transform: AffineTransform_float_3_3
Parameters: 0.999999 -0.00149832 -0.000654636 0.00150216 0.999983 0.00558023 0.000646029 -0.00558107 0.999985 0.0767532 -0.0401069 -0.237424
FixedParameters: 0 0 0

#Transform 90
Transform: AffineTransform_float_3_3
Parameters: 0.999998 -0.00146858 -0.000609239 0.00147192 0.999984 0.00554531 0.000601065 -0.00554652 0.999984 0.0769046 0.0824571 -0.283153
FixedParameters: 0 0 0

#Transform 91
Transform: AffineTransform_float_3_3
Parameters: 0.999999 -0.00146619 -0.000607189 0.00146963 0.999982 0.00568504 0.000598635 -0.0056857 0.999984 0.0762109 0.0367594 -0.263642
FixedParameters: 0 0 0

#Transform 92
Transform: AffineTransform_float_3_3
Parameters: 0.999998 -0.0014647 -0.000605979 0.00146831 0.999983 0.00576825 0.000597159 -0.00576944 0.999983 0.0792976 0.0194344 -0.253592
FixedParameters: 0 0 0

#Transform 93
Transform: AffineTransform_float_3_3
Parameters: 0.999998 -0.00181518 -0.000248269 0.00181634 0.999981 0.00583912 0.000237635 -0.00583983 0.999984 0.0705521 0.00241376 -0.25041
FixedParameters: 0 0 0

#Transform 94
Transform: AffineTransform_float_3_3
Parameters: 0.999998 -0.0017693 -0.000394927 0.00177166 0.99998 0.00616024 0.000384194 -0.00616108 0.999981 0.0715219 -0.0256165 -0.269394
FixedParameters: 0 0 0

#Transform 95
Transform: AffineTransform_float_3_3
Parameters: 0.999999 -0.00167253 -0.000303056 0.0016738 0.999981 0.00587757 0.000293127 -0.00587839 0.999983 0.0763483 -0.0350393 -0.278305
FixedParameters: 0 0 0

#Transform 96
Transform: AffineTransform_float_3_3
Parameters: 0.999999 -0.0017571 -0.000169192 0.00175827 0.999983 0.00550896 0.000158524 -0.00550931 0.999985 0.0714767 -0.0388632 -0.249668
FixedParameters: 0 0 0

#Transform 97
Transform: AffineTransform_float_3_3
Parameters: 0.999999 -0.00177215 0.000331931 0.00176993 0.999985 0.0052132 -0.000340526 -0.00521231 0.999986 0.0597521 -0.00741509 -0.253839
FixedParameters: 0 0 0

#Transform 98
Transform: AffineTransform_float_3_3
Parameters: 0.999999 -0.00168745 -0.00027928 0.00168904 0.999985 0.005159 0.000269816 -0.00515931 0.999987 0.0813111 0.00655079 -0.279505
FixedParameters: 0 0 0

#Transform 99
Transform: AffineTransform_float_3_3
Parameters: 0.999998 -0.00183352 -0.00038852 0.00183503 0.999987 0.00475485 0.000379654 -0.00475567 0.999988 0.0847005 0.0149289 -0.248713
FixedParameters: 0 0 0

#Transform 100
Transform: AffineTransform_float_3_3
Parameters: 0.999999 -0.00179264 -0.000261687 0.00179431 0.999989 0.00430027 0.000253797 -0.00430057 0.999991 0.0728151 0.029174 -0.20206
FixedParameters: 0 0 0

#Transform 101
Transform: AffineTransform_float_3_3
Parameters: 0.999999 -0.00171473 -0.000472794 0.00171626 0.999988 0.00453306 0.000465021 -0.00453408 0.999989 0.0785329 0.0369861 -0.190199
FixedParameters: 0 0 0

#Transform 102
Transform: AffineTransform_float_3_3
Parameters: 0.999999 -0.00168627 -0.000488975 0.00168803 0.999987 0.00463663 0.00048108 -0.00463713 0.99999 0.0768514 0.0298821 -0.192924
FixedParameters: 0 0 0

#Transform 103
Transform: AffineTransform_float_3_3
Parameters: 0.999998 -0.0017604 -0.000956897 0.00176464 0.999989 0.00440316 0.000948902 -0.00440503 0.99999 0.0947508 0.0527366 -0.251691
FixedParameters: 0 0 0

#Transform 104
Transform: AffineTransform_float_3_3
Parameters: 0.999997 -0.00207021 -0.00122312 0.00207476 0.99999 0.00394481 0.00121496 -0.00394709 0.999991 0.100747 0.0219206 -0.172885
FixedParameters: 0 0 0

#Transform 105
Transform: AffineTransform_float_3_3
Parameters: 0.999997 -0.00180517 -0.00105311 0.00180956 0.99999 0.00408517 0.0010459 -0.00408747 0.999991 0.090825 0.00516389 -0.259875
FixedParameters: 0 0 0

#Transform 106
Transform: AffineTransform_float_3_3
Parameters: 0.999998 -0.00187012 -0.000754313 0.00187353 0.999987 0.00465207 0.000745222 -0.00465339 0.999989 0.0862623 -0.00225564 -0.253226
FixedParameters: 0 0 0

#Transform 107
Transform: AffineTransform_float_3_3
Parameters: 0.999998 -0.00185645 -0.000775343 0.00186062 0.999987 0.00465217 0.000767206 -0.00465355 0.999989 0.0889725 -0.00208004 -0.252983
FixedParameters: 0 0 0

#Transform 108
Transform: AffineTransform_float_3_3
Parameters: 0.999998 -0.00200549 -0.000954779 0.00200953 0.999988 0.00447447 0.000945752 -0.0044759 0.99999 0.0897485 -0.000402374 -0.263182
FixedParameters: 0 0 0

#Transform 109
Transform: AffineTransform_float_3_3
Parameters: 0.999998 -0.0019389 -0.00114767 0.00194344 0.999989 0.00419408 0.00113953 -0.00419613 0.999991 0.0967959 0.0181305 -0.270901
FixedParameters: 0 0 0

#Transform 110
Transform: AffineTransform_float_3_3
Parameters: 0.999997 -0.00193989 -0.00126612 0.00194517 0.999988 0.00441082 0.00125764 -0.00441335 0.99999 0.0972673 -0.00635456 -0.248449
FixedParameters: 0 0 0

#Transform 111
Transform: AffineTransform_float_3_3
Parameters: 0.999998 -0.0019578 -0.00111428 0.00196234 0.999989 0.00430447 0.00110552 -0.00430735 0.99999 0.0942388 0.00419821 -0.254406
FixedParameters: 0 0 0

#Transform 112
Transform: AffineTransform_float_3_3
Parameters: 0.999997 -0.00205011 -0.00114999 0.00205493 0.999988 0.00441059 0.00114139 -0.00441254 0.999989 0.0938053 -0.00375267 -0.260176
FixedParameters: 0 0 0

#Transform 113
Transform: AffineTransform_float_3_3
Parameters: 0.999998 -0.00192938 -0.00114624 0.0019343 0.999989 0.00435296 0.00113753 -0.00435497 0.99999 0.0902708 0.00289999 -0.266804
FixedParameters: 0 0 0

#Transform 114
Transform: AffineTransform_float_3_3
Parameters: 0.999997 -0.00193759 -0.00145108 0.00194368 0.999988 0.0044134 0.00144317 -0.00441666 0.999989 0.100758 -0.00350315 -0.245374
FixedParameters: 0 0 0

#Transform 115
Transform: AffineTransform_float_3_3
Parameters: 0.999998 -0.00164494 -0.00125976 0.00165071 0.99999 0.00418613 0.00125268 -0.00418784 0.99999 0.0932623 0.0132087 -0.233809
FixedParameters: 0 0 0

#Transform 116
Transform: AffineTransform_float_3_3
Parameters: 0.999997 -0.00169245 -0.00125475 0.00169839 0.999989 0.00427512 0.00124696 -0.00427732 0.99999 0.0964337 0.00996454 -0.226745
FixedParameters: 0 0 0

#Transform 117
Transform: AffineTransform_float_3_3
Parameters: 0.999998 -0.00171741 -0.00106294 0.0017222 0.999988 0.00460105 0.00105516 -0.00460322 0.999989 0.0886943 0.00803923 -0.214155
FixedParameters: 0 0 0

#Transform 118
Transform: AffineTransform_float_3_3
Parameters: 0.999997 -0.00182136 -0.00104807 0.00182592 0.99999 0.00418984 0.00104034 -0.00419123 0.999991 0.0877781 0.00758826 -0.209397
FixedParameters: 0 0 0

#Transform 119
Transform: AffineTransform_float_3_3
Parameters: 0.999998 -0.00181356 -0.0012529 0.00181767 0.999993 0.00316238 0.00124637 -0.00316445 0.999994 0.0847985 -0.00161421 -0.156017
FixedParameters: 0 0 0

#Transform 120
Transform: AffineTransform_float_3_3
Parameters: 0.999996 -0.00198232 -0.00196834 0.0019819 0.999998 -0.000284517 0.00196903 0.000280812 0.999998 0.0811934 0.032813 -0.194416
FixedParameters: 0 0 0

#Transform 121
Transform: AffineTransform_float_3_3
Parameters: 0.999996 -0.00209416 -0.00189889 0.00209302 0.999998 -0.000486191 0.00190051 0.000482718 0.999998 0.058066 -0.00633901 -0.144224
FixedParameters: 0 0 0

#Transform 122
Transform: AffineTransform_float_3_3
Parameters: 0.999995 -0.00210007 -0.00211025 0.00210065 0.999998 -3.10308e-05 0.00210996 2.66483e-05 0.999997 0.06397 0.0337647 -0.119432
FixedParameters: 0 0 0

#Transform 123
Transform: AffineTransform_float_3_3
Parameters: 0.999997 -0.00191194 -0.00189958 0.00191539 0.999997 0.00144212 0.00189666 -0.00144592 0.999997 0.0800137 0.0232152 -0.113353
FixedParameters: 0 0 0

#Transform 124
Transform: AffineTransform_float_3_3
Parameters: 0.999997 -0.00188462 -0.00162161 0.00188725 0.999995 0.00218923 0.00161753 -0.00219233 0.999996 0.0679808 -0.0617144 -0.0669302
FixedParameters: 0 0 0

#Transform 125
Transform: AffineTransform_float_3_3
Parameters: 0.999997 -0.00181391 -0.00166011 0.00181365 0.999998 0.000202237 0.00166002 -0.000205129 0.999999 0.0712265 0.0125602 -0.102015
FixedParameters: 0 0 0

#Transform 126
Transform: AffineTransform_float_3_3
Parameters: 0.999998 -0.00179719 -0.00131693 0.00179944 0.999997 0.00191674 0.00131315 -0.00191895 0.999997 0.0565473 -0.0573466 -0.0556575
FixedParameters: 0 0 0

#Transform 127
Transform: AffineTransform_float_3_3
Parameters: 0.999998 -0.00160494 -0.00117912 0.00160505 0.999998 0.000425716 0.00117838 -0.000427293 0.999999 0.0604143 0.000589988 -0.168378
FixedParameters: 0 0 0

#Transform 128
Transform: AffineTransform_float_3_3
Parameters: 0.999997 -0.00163315 -0.00147823 0.00163297 0.999998 -4.26376e-05 0.00147844 4.00384e-05 0.999999 0.0677062 0.00891428 -0.111748
FixedParameters: 0 0 0

#Transform 129
Transform: AffineTransform_float_3_3
Parameters: 0.999998 -0.00138974 -0.00135494 0.00138989 0.999999 7.91663e-05 0.00135477 -8.10855e-05 1 0.0841153 0.0181953 -0.148225
FixedParameters: 0 0 0

#Transform 130
Transform: AffineTransform_float_3_3
Parameters: 0.999999 -0.00123463 -0.000879646 0.00123472 0.999999 -0.000406162 0.00088014 0.000405318 0.999999 0.0944823 0.00962368 -0.136762
FixedParameters: 0 0 0

#Transform 131
Transform: AffineTransform_float_3_3
Parameters: 0.999997 -0.0016164 -0.00146931 0.00161621 0.999998 -0.000326086 0.00146988 0.000323587 0.999999 0.0970617 -0.00220424 -0.111202
FixedParameters: 0 0 0

#Transform 132
Transform: AffineTransform_float_3_3
Parameters: 0.999998 -0.0017955 -0.00145569 0.00179469 0.999999 -0.000244373 0.00145668 0.00024268 0.999999 0.103879 0.00562468 -0.130058
FixedParameters: 0 0 0

#Transform 133
Transform: AffineTransform_float_3_3
Parameters: 0.999998 -0.00151332 -0.00130974 0.00151266 0.999999 -0.000329997 0.00130942 0.00032829 0.999999 0.105911 0.00959577 -0.103396
FixedParameters: 0 0 0

#Transform 134
Transform: AffineTransform_float_3_3
Parameters: 0.999998 -0.00160415 -0.0011708 0.00160374 0.999998 -0.000148555 0.00117134 0.000147028 1 0.104959 0.000889741 -0.105378
FixedParameters: 0 0 0

#Transform 135
Transform: AffineTransform_float_3_3
Parameters: 0.999997 -0.00176129 -0.00119592 0.00176113 0.999998 -0.000385789 0.0011968 0.000383827 0.999999 0.106147 0.00076171 -0.108997
FixedParameters: 0 0 0

#Transform 136
Transform: AffineTransform_float_3_3
Parameters: 0.999999 -0.00152801 -0.00105198 0.00152706 0.999998 -0.000554574 0.00105235 0.000553616 0.999999 0.119039 0.00900229 -0.115849
FixedParameters: 0 0 0

#Transform 137
Transform: AffineTransform_float_3_3
Parameters: 0.999999 -0.00133693 -0.00105132 0.00133698 0.999998 -0.00033968 0.00105173 0.000337814 0.999999 0.0968983 -0.0206589 -0.0920016
FixedParameters: 0 0 0

#Transform 138
Transform: AffineTransform_float_3_3
Parameters: 0.999999 -0.00119267 -0.000804829 0.00119263 0.999999 -0.000518972 0.000805558 0.00051838 0.999999 0.0954927 -0.00669525 -0.102749
FixedParameters: 0 0 0

#Transform 139
Transform: AffineTransform_float_3_3
Parameters: 0.999998 -0.00126627 -0.000986575 0.00126567 0.999999 -0.00114726 0.000988382 0.00114611 0.999999 0.110686 0.00581335 -0.149332
FixedParameters: 0 0 0

#Transform 140
Transform: AffineTransform_float_3_3
Parameters: 0.999999 -0.00101294 -0.000944073 0.00101177 0.999998 -0.00149269 0.000945976 0.00149175 0.999999 0.109008 -0.000508266 -0.132736
FixedParameters: 0 0 0

#Transform 141
Transform: AffineTransform_float_3_3
Parameters: 0.999999 -0.000993416 -0.00118361 0.000992479 0.999999 -0.00109529 0.00118466 0.00109391 0.999999 0.103661 -0.0828163 -0.00603038
FixedParameters: 0 0 0

#Transform 142
Transform: AffineTransform_float_3_3
Parameters: 0.999999 -0.00115381 -0.000866733 0.00115208 0.999997 -0.00213208 0.000869132 0.00213146 0.999997 0.0958863 0.0097442 -0.04687
FixedParameters: 0 0 0

#Transform 143
Transform: AffineTransform_float_3_3
Parameters: 0.999999 -0.001098 -0.00112797 0.00109549 0.999998 -0.00198703 0.00112981 0.00198594 0.999997 0.106816 0.00077204 -0.0569984
FixedParameters: 0 0 0

#Transform 144
Transform: AffineTransform_float_3_3
Parameters: 0.999999 -0.000888325 -0.00103137 0.000886614 0.999998 -0.00163138 0.00103315 0.00163052 0.999998 0.0929297 -0.0761953 -0.00158184
FixedParameters: 0 0 0

#Transform 145
Transform: AffineTransform_float_3_3
Parameters: 0.999998 -0.00105378 -0.00138673 0.00105181 0.999999 -0.00110931 0.00138712 0.00110737 0.999999 0.0990101 -0.0867211 0.0186208
FixedParameters: 0 0 0

#Transform 146
Transform: AffineTransform_float_3_3
Parameters: 0.999998 -0.000946962 -0.00133367 0.000945368 0.999998 -0.00152739 0.00133487 0.00152679 0.999998 0.0669335 -0.0908684 0.0614891
FixedParameters: 0 0 0

#Transform 147
Transform: AffineTransform_float_3_3
Parameters: 0.999998 -0.0012406 -0.00146539 0.00123881 0.999999 -0.00116612 0.00146721 0.00116476 0.999998 0.0808397 -0.108896 0.0739485
FixedParameters: 0 0 0

#Transform 148
Transform: AffineTransform_float_3_3
Parameters: 0.999997 -0.00177172 -0.00165576 0.00176874 0.999998 -0.00146718 0.00165854 0.00146492 0.999997 0.0951062 0.105412 -0.0647137
FixedParameters: 0 0 0

#Transform 149
Transform: AffineTransform_float_3_3
Parameters: 0.999998 -0.00148224 -0.00145011 0.00148066 0.999998 -0.00120064 0.00145121 0.00119865 0.999998 0.0841204 0.0977943 -0.0265796
FixedParameters: 0 0 0

#Transform 150
Transform: AffineTransform_float_3_3
Parameters: 0.999997 -0.00176208 -0.00164671 0.00175961 0.999998 -0.00106651 0.00164859 0.00106299 0.999998 0.0864241 0.081017 -0.02748
FixedParameters: 0 0 0

#Transform 151
Transform: AffineTransform_float_3_3
Parameters: 0.999996 -0.00189072 -0.0018391 0.0018885 0.999998 -0.00103867 0.001842 0.00103529 0.999998 0.0935203 0.0515517 -0.0280637
FixedParameters: 0 0 0

#Transform 152
Transform: AffineTransform_float_3_3
Parameters: 0.999996 -0.00200613 -0.00203035 0.00200699 0.999998 0.000312851 0.0020306 -0.00031695 0.999998 0.0970152 -0.0488699 0.0482827
FixedParameters: 0 0 0

#Transform 153
Transform: AffineTransform_float_3_3
Parameters: 0.999997 -0.00213577 -0.00166256 0.00213583 0.999998 0.00030355 0.00166198 -0.000306756 0.999998 0.0881615 -0.0449761 0.0640383
FixedParameters: 0 0 0

#Transform 154
Transform: AffineTransform_float_3_3
Parameters: 0.999995 -0.0022886 -0.00183308 0.00228847 0.999997 -8.4654e-08 0.00183322 -3.84728e-06 0.999998 0.0953952 -0.0525076 0.0721232
FixedParameters: 0 0 0

#Transform 155
Transform: AffineTransform_float_3_3
Parameters: 0.999996 -0.00236694 -0.00192316 0.00236561 0.999998 -0.000386546 0.00192377 0.000381387 0.999998 0.102033 -0.0543506 0.0581223
FixedParameters: 0 0 0

#Transform 156
Transform: AffineTransform_float_3_3
Parameters: 0.999996 -0.0024125 -0.00183019 0.00241164 0.999997 -0.000205094 0.00183135 0.000200179 0.999998 0.10254 -0.0545088 0.058802
FixedParameters: 0 0 0

#Transform 157
Transform: AffineTransform_float_3_3
Parameters: 0.999995 -0.00270721 -0.0016356 0.00270352 0.999994 -0.00212603 0.0016414 0.00212161 0.999996 0.101529 0.042943 0.0183352
FixedParameters: 0 0 0

#Transform 158
Transform: AffineTransform_float_3_3
Parameters: 0.999995 -0.00268924 -0.00163754 0.00268881 0.999996 -9.45004e-05 0.00163821 8.96088e-05 0.999999 0.0935923 -0.0457898 0.0741182
FixedParameters: 0 0 0

#Transform 159
Transform: AffineTransform_float_3_3
Parameters: 0.999995 -0.00287752 -0.00150926 0.0028761 0.999995 -0.00108687 0.00151317 0.00108254 0.999999 0.103337 0.0435092 -0.00121327
FixedParameters: 0 0 0

#Transform 160
Transform: AffineTransform_float_3_3
Parameters: 0.999994 -0.00291684 -0.00152564 0.00291462 0.999995 -0.00115707 0.00152921 0.00115254 0.999999 0.106213 0.0439772 -0.0197776
FixedParameters: 0 0 0

#Transform 161
Transform: AffineTransform_float_3_3
Parameters: 0.999994 -0.00288494 -0.00151689 0.00288343 0.999995 -0.00120368 0.0015201 0.00119932 0.999998 0.106414 0.0518393 -0.0290948
FixedParameters: 0 0 0

#Transform 162
Transform: AffineTransform_float_3_3
Parameters: 0.999994 -0.00291808 -0.00153947 0.00291609 0.999996 -0.00107116 0.00154257 0.00106693 0.999998 0.106446 0.0406429 -0.0208052
FixedParameters: 0 0 0

#Transform 163
Transform: AffineTransform_float_3_3
Parameters: 0.999993 -0.00314022 -0.00166701 0.00313948 0.999996 -0.0005263 0.0016686 0.000520941 0.999998 0.108047 0.0199257 -0.0255704
FixedParameters: 0 0 0

#Transform 164
Transform: AffineTransform_float_3_3
Parameters: 0.999994 -0.00316974 -0.0014408 0.00317097 0.999995 0.000556785 0.00143885 -0.00056126 0.999999 0.110914 -0.0293766 -0.0283643
FixedParameters: 0 0 0

#Transform 165
Transform: AffineTransform_float_3_3
Parameters: 0.999994 -0.00314326 -0.00136588 0.00314311 0.999995 -2.01889e-05 0.00136622 1.53592e-05 0.999999 0.118339 0.00882826 -0.0663074
FixedParameters: 0 0 0

#Transform 166
Transform: AffineTransform_float_3_3
Parameters: 0.999994 -0.00320097 -0.001171 0.00320106 0.999995 7.39087e-05 0.00117076 -7.72644e-05 0.999999 0.112295 -0.000346413 -0.0549758
FixedParameters: 0 0 0

#Transform 167
Transform: AffineTransform_float_3_3
Parameters: 0.999995 -0.00310134 -0.00132884 0.00310179 0.999996 -0.000112634 0.00132922 0.000108553 0.999999 0.10479 0.0108068 -0.05268
FixedParameters: 0 0 0

#Transform 168
Transform: AffineTransform_float_3_3
Parameters: 0.999995 -0.00318272 -0.00113901 0.00318299 0.999995 0.000641331 0.0011371 -0.000644485 0.999999 0.109923 -0.00264954 -0.0546767
FixedParameters: 0 0 0

#Transform 169
Transform: AffineTransform_float_3_3
Parameters: 0.999995 -0.00314235 -0.00121203 0.00314261 0.999995 0.00014354 0.00121137 -0.000147015 0.999999 0.118096 0.0214998 -0.0753208
FixedParameters: 0 0 0

#Transform 170
Transform: AffineTransform_float_3_3
Parameters: 0.999994 -0.00319569 -0.00128806 0.0031949 0.999995 -0.000378773 0.00128933 0.000374704 0.999999 0.117711 0.0202314 -0.0836214
FixedParameters: 0 0 0

#Transform 171
Transform: AffineTransform_float_3_3
Parameters: 0.999994 -0.00283429 -0.00210784 0.00282911 0.999993 -0.00239645 0.00211458 0.00238991 0.999995 0.0812884 -0.0286767 -0.0366647
FixedParameters: 0 0 0

#Transform 172
Transform: AffineTransform_float_3_3
Parameters: 0.999994 -0.00238905 -0.00233747 0.0023845 0.999995 -0.00195767 0.00234135 0.00195206 0.999995 0.0879897 -0.00852388 -0.0277248
FixedParameters: 0 0 0

#Transform 173
Transform: AffineTransform_float_3_3
Parameters: 0.999994 -0.00221892 -0.0025047 0.00221527 0.999996 -0.0014207 0.00250752 0.00141509 0.999995 0.0951844 0.0618865 -0.132627
FixedParameters: 0 0 0

#Transform 174
Transform: AffineTransform_float_3_3
Parameters: 0.999994 -0.00252608 -0.002059 0.0025234 0.999996 -0.00109204 0.00206217 0.00108655 0.999997 0.111088 0.0581829 -0.137234
FixedParameters: 0 0 0

#Transform 175
Transform: AffineTransform_float_3_3
Parameters: 0.999994 -0.00300893 -0.00181557 0.00300741 0.999996 -0.000924667 0.00181883 0.000919412 0.999998 0.113916 0.0567451 -0.169845
FixedParameters: 0 0 0

#Transform 176
Transform: AffineTransform_float_3_3
Parameters: 0.999994 -0.00320267 -0.0016963 0.00320205 0.999995 -0.000720014 0.00169867 0.000714278 0.999998 0.115211 0.0532424 -0.196714
FixedParameters: 0 0 0

#Transform 177
Transform: AffineTransform_float_3_3
Parameters: 0.999993 -0.00332944 -0.00162668 0.00332845 0.999994 -0.000606969 0.00162903 0.000601245 0.999998 0.118289 0.0352534 -0.186614
FixedParameters: 0 0 0

#Transform 178
Transform: AffineTransform_float_3_3
Parameters: 0.999992 -0.0035188 -0.00149619 0.00351789 0.999994 -0.000356993 0.00149759 0.000351933 0.999998 0.124784 0.0265727 -0.17637
FixedParameters: 0 0 0

#Transform 179
Transform: AffineTransform_float_3_3
Parameters: 0.999992 -0.00376261 -0.00132829 0.00376184 0.999993 -0.000356097 0.00132989 0.000351028 0.999999 0.122664 0.021238 -0.181721
FixedParameters: 0 0 0

#Transform 180
Transform: AffineTransform_float_3_3
Parameters: 0.999992 -0.00373681 -0.00132389 0.00373604 0.999993 -0.00035655 0.00132548 0.000351583 0.999999 0.120683 0.0117197 -0.16854
FixedParameters: 0 0 0

#Transform 181
Transform: AffineTransform_float_3_3
Parameters: 0.999993 -0.00368241 -0.00129292 0.00368249 0.999993 -0.000357454 0.0012939 0.0003525 0.999999 0.124461 0.0406116 -0.191509
FixedParameters: 0 0 0

#Transform 182
Transform: AffineTransform_float_3_3
Parameters: 0.999992 -0.0038647 -0.00108873 0.00386436 0.999992 -0.000238412 0.00108949 0.000234925 0.999999 0.121077 0.0381235 -0.192922
FixedParameters: 0 0 0

#Transform 183
Transform: AffineTransform_float_3_3
Parameters: 0.99999 -0.00423722 -0.000821978 0.00423713 0.999991 -0.000355968 0.000822537 0.000352493 1 0.122284 0.0451939 -0.197381
FixedParameters: 0 0 0

#Transform 184
Transform: AffineTransform_float_3_3
Parameters: 0.999988 -0.0047561 -0.000317914 0.00475625 0.999989 -0.000170343 0.000318538 0.000168776 1 0.115513 0.0313928 -0.203149
FixedParameters: 0 0 0

#Transform 185
Transform: AffineTransform_float_3_3
Parameters: 0.999988 -0.00478024 -0.000347305 0.00477976 0.999988 -0.000637255 0.00035018 0.000636335 1 0.115909 0.0323936 -0.201727
FixedParameters: 0 0 0

#Transform 186
Transform: AffineTransform_float_3_3
Parameters: 0.999989 -0.00454618 -0.000645379 0.0045468 0.99999 -0.000354134 0.000647028 0.000351589 1 0.12138 0.0337488 -0.201739
FixedParameters: 0 0 0

#Transform 187
Transform: AffineTransform_float_3_3
Parameters: 0.999989 -0.004814 -0.000585313 0.00481382 0.999989 -0.000351267 0.00058774 0.000348386 1 0.122049 0.0251485 -0.203279
FixedParameters: 0 0 0

#Transform 188
Transform: AffineTransform_float_3_3
Parameters: 0.99999 -0.00445584 -0.000696078 0.00445605 0.99999 -0.000814793 0.000700357 0.000811546 0.999999 0.119588 0.0180555 -0.199666
FixedParameters: 0 0 0

#Transform 189
Transform: AffineTransform_float_3_3
Parameters: 0.99999 -0.00443876 -0.000439454 0.00443873 0.99999 1.64319e-06 0.000439799 -3.57187e-06 1 0.113171 0.0114635 -0.164733
FixedParameters: 0 0 0
