#Insight Transform File V1.0
#Transform 0
Transform: AffineTransform_float_3_3
Parameters: 1 -2.70734e-05 0.000561684 2.89576e-05 0.999998 -0.00233217 -0.000561099 0.00233218 0.999997 -0.00459352 -0.0379999 -0.251301
FixedParameters: 0 0 0

#Transform 1
Transform: AffineTransform_float_3_3
Parameters: 1 -0.000101005 0.000540223 0.000102052 0.999997 -0.00219806 -0.000540128 0.00219907 0.999998 -0.00274708 -0.0458132 -0.282139
FixedParameters: 0 0 0

#Transform 2
Transform: AffineTransform_float_3_3
Parameters: 1 -0.000186878 0.000541987 0.00018887 0.999998 -0.00226106 -0.000542069 0.00226127 0.999998 -1.61666e-06 -0.0332755 -0.28317
FixedParameters: 0 0 0

#Transform 3
Transform: AffineTransform_float_3_3
Parameters: 0.999999 -0.000140657 0.00075016 0.000142161 0.999997 -0.00241724 -0.000749298 0.00241741 0.999997 -0.00591183 -0.0241823 -0.282851
FixedParameters: 0 0 0

#Transform 4
Transform: AffineTransform_float_3_3
Parameters: 0.999999 -0.000121061 0.000739211 0.00012239 0.999998 -0.00233439 -0.000738465 0.00233453 0.999997 -0.0119113 -0.0298018 -0.272097
FixedParameters: 0 0 0

#Transform 5
Transform: AffineTransform_float_3_3
Parameters: 0.999999 -7.32236e-05 0.000703808 7.53919e-05 0.999997 -0.00245668 -0.00070382 0.00245676 0.999996 -0.00352348 -0.0411983 -0.312414
FixedParameters: 0 0 0

#Transform 6
Transform: AffineTransform_float_3_3
Parameters: 0.999999 -0.000882114 -0.00031637 0.000881262 0.999992 -0.00392769 0.000319722 0.0039276 0.999992 0.0348063 -0.0164537 -0.285692
FixedParameters: 0 0 0

#Transform 7
Transform: AffineTransform_float_3_3
Parameters: 1 -0.000401806 0.000109964 0.000402024 0.999995 -0.00294975 -0.000108559 0.00294985 0.999995 0.00723294 -0.0296949 -0.253029
FixedParameters: 0 0 0

#Transform 8
Transform: AffineTransform_float_3_3
Parameters: 1 -0.000423556 0.000232175 0.000424426 0.999996 -0.00280325 -0.000230763 0.00280346 0.999996 0.00472009 -0.0396706 -0.299724
FixedParameters: 0 0 0

#Transform 9
Transform: AffineTransform_float_3_3
Parameters: 1 -0.000359032 0.000280645 0.00036012 0.999997 -0.00270409 -0.000279666 0.0027043 0.999997 0.00391742 -0.0283809 -0.297062
FixedParameters: 0 0 0

#Transform 10
Transform: AffineTransform_float_3_3
Parameters: 1 -0.000412652 0.000314531 0.000413973 0.999996 -0.00278472 -0.000313194 0.00278499 0.999996 0.00805455 -0.0306701 -0.277617
FixedParameters: 0 0 0

#Transform 11
Transform: AffineTransform_float_3_3
Parameters: 1 -0.000393711 0.000306961 0.00039484 0.999996 -0.00259187 -0.000305849 0.00259212 0.999996 0.00851508 -0.0348682 -0.291155
FixedParameters: 0 0 0

#Transform 12
Transform: AffineTransform_float_3_3
Parameters: 1 -0.000333868 0.000570789 0.000336247 0.999997 -0.00248801 -0.000570054 0.0024884 0.999996 0.00239643 -0.02626 -0.215509
FixedParameters: 0 0 0

#Transform 13
Transform: AffineTransform_float_3_3
Parameters: 1 -0.000405189 0.000317588 0.000405472 0.999997 -0.00248283 -0.000315952 0.00248307 0.999997 0.00779431 -0.0652086 -0.286367
FixedParameters: 0 0 0

#Transform 14
Transform: AffineTransform_float_3_3
Parameters: 1 -0.000510356 0.000383257 0.000511971 0.999997 -0.00267008 -0.000381493 0.00267048 0.999997 0.00534851 -0.0225594 -0.215239
FixedParameters: 0 0 0

#Transform 15
Transform: AffineTransform_float_3_3
Parameters: 1 -0.000449684 0.000261908 0.000450378 0.999999 -0.00126586 -0.000260802 0.0012661 0.999999 0.00536219 -0.0179185 -0.184102
FixedParameters: 0 0 0

#Transform 16
Transform: AffineTransform_float_3_3
Parameters: 1 0.000386527 0.000134783 -0.000386323 0.999999 -0.000752914 -0.000135365 0.00075281 0.999999 -0.00709537 -0.00642741 -0.123391
FixedParameters: 0 0 0

#Transform 17
Transform: AffineTransform_float_3_3
Parameters: 1 0.000330224 4.26758e-05 -0.000330168 0.999999 -0.000658426 -4.31106e-05 0.000658398 1 -0.000732646 0.00619677 -0.105538
FixedParameters: 0 0 0

#Transform 18
Transform: AffineTransform_float_3_3
Parameters: 1 0.00052041 -0.000105898 -0.000520519 0.999999 -0.000516128 0.000105361 0.000516238 1 0.00772264 0.0125967 -0.0877265
FixedParameters: 0 0 0

#Transform 19
Transform: AffineTransform_float_3_3
Parameters: 1 0.000553297 -9.44875e-05 -0.000553356 1 -0.000310809 9.41434e-05 0.000310914 1 0.00110328 0.005119 -0.0590692
FixedParameters: 0 0 0

#Transform 20
Transform: AffineTransform_float_3_3
Parameters: 1 0.000566804 -0.000167152 -0.00056659 0.999999 0.000640441 0.000167878 -0.000640251 1 0.00107882 -0.0408759 0.00257503
FixedParameters: 0 0 0

#Transform 21
Transform: AffineTransform_float_3_3
Parameters: 1 0.000330938 3.71194e-07 -0.000330108 1 0.00039756 -6.63313e-07 -0.000397537 1 -0.00461205 -0.0347326 0.0726349
FixedParameters: 0 0 0

#Transform 22
Transform: AffineTransform_float_3_3
Parameters: 1 -0.000102737 0.000139938 0.000102635 1 0.000366589 -0.000140014 -0.000366561 1 -0.00536956 -0.0469742 0.109389
FixedParameters: 0 0 0

#Transform 23
Transform: AffineTransform_float_3_3
Parameters: 1 -5.90004e-05 4.66796e-05 5.89631e-05 1 0.000399351 -4.67267e-05 -0.000399345 1 -0.00330916 -0.0451807 0.142635
FixedParameters: 0 0 0

#Transform 24
Transform: AffineTransform_float_3_3
Parameters: 1 5.37577e-05 1.15153e-05 -5.37682e-05 1 0.000459036 -1.14659e-05 -0.000459037 1 -0.00453652 -0.0564578 0.156468
FixedParameters: 0 0 0

#Transform 25
Transform: AffineTransform_float_3_3
Parameters: 1 6.33172e-05 2.66608e-05 -6.33367e-05 1 0.000366606 -2.66143e-05 -0.000366609 1 -0.00528163 -0.0572514 0.164876
FixedParameters: 0 0 0

#Transform 26
Transform: AffineTransform_float_3_3
Parameters: 1 8.23871e-05 5.45268e-05 -8.24355e-05 1 0.000443856 -5.44536e-05 -0.000443865 1 -0.00889978 -0.0645017 0.165191
FixedParameters: 0 0 0

#Transform 27
Transform: AffineTransform_float_3_3
Parameters: 1 6.62437e-05 3.09632e-05 -6.6267e-05 1 0.00037549 -3.09135e-05 -0.000375494 1 -0.00819261 -0.0560262 0.15672
FixedParameters: 0 0 0

#Transform 28
Transform: AffineTransform_float_3_3
Parameters: 1 5.26126e-05 9.52067e-06 -5.26219e-05 1 0.000490096 -9.46909e-06 -0.000490097 1 -0.00407991 -0.0417118 0.157855
FixedParameters: 0 0 0

#Transform 29
Transform: AffineTransform_float_3_3
Parameters: 1 3.55563e-05 -1.67111e-05 -3.55374e-05 1 0.000565825 1.67514e-05 -0.000565824 1 -0.00423629 -0.0420346 0.160215
FixedParameters: 0 0 0

#Transform 30
Transform: AffineTransform_float_3_3
Parameters: 1 4.33906e-05 -5.90406e-06 -4.33826e-05 1 0.000668547 5.96207e-06 -0.000668547 1 -0.00323347 -0.0498492 0.16786
FixedParameters: 0 0 0

#Transform 31
Transform: AffineTransform_float_3_3
Parameters: 1 5.08559e-05 5.14875e-06 -5.08629e-05 1 0.000683248 -5.07924e-06 -0.000683248 1 -0.00292317 -0.0522186 0.169348
FixedParameters: 0 0 0

#Transform 32
Transform: AffineTransform_float_3_3
Parameters: 1 3.62087e-05 -1.78825e-05 -3.61799e-05 0.999999 0.000802897 1.79407e-05 -0.000802896 0.999999 -0.00155419 -0.0456293 0.162607
FixedParameters: 0 0 0

#Transform 33
Transform: AffineTransform_float_3_3
Parameters: 1 -0.000137175 4.28435e-05 0.000137105 0.999999 0.000816839 -4.30676e-05 -0.000816827 0.999999 -0.00340688 -0.0411117 0.171415
FixedParameters: 0 0 0

#Transform 34
Transform: AffineTransform_float_3_3
Parameters: 1 2.8425e-05 -2.9242e-05 -2.83799e-05 0.999999 0.000769201 2.92857e-05 -0.0007692 0.999999 -0.00122955 -0.0417426 0.166325
FixedParameters: 0 0 0

#Transform 35
Transform: AffineTransform_float_3_3
Parameters: 1 1.43172e-05 -4.93569e-05 -1.42524e-05 1 0.000656731 4.93757e-05 -0.000656729 1 -0.000471907 -0.0366468 0.1863
FixedParameters: 0 0 0

#Transform 36
Transform: AffineTransform_float_3_3
Parameters: 1 4.5087e-05 -3.9763e-06 -4.50811e-05 0.999999 0.000736506 4.04271e-06 -0.000736506 0.999999 -0.00363579 -0.0457297 0.191106
FixedParameters: 0 0 0

#Transform 37
Transform: AffineTransform_float_3_3
Parameters: 1 2.26918e-05 -3.77358e-05 -2.26346e-05 0.999999 0.000758431 3.77702e-05 -0.000758429 0.999999 -0.00435196 -0.0445206 0.189793
FixedParameters: 0 0 0

#Transform 38
Transform: AffineTransform_float_3_3
Parameters: 1 7.89221e-05 4.556e-05 -7.9001e-05 0.999999 0.000867173 -4.5423e-05 -0.00086718 0.999999 -0.00862269 -0.0438163 0.187494
FixedParameters: 0 0 0

#Transform 39
Transform: AffineTransform_float_3_3
Parameters: 1 -5.68007e-05 4.21742e-05 5.67278e-05 0.999999 0.00086251 -4.22721e-05 -0.000862505 0.999999 -0.00455884 -0.04216 0.186346
FixedParameters: 0 0 0

#Transform 40
Transform: AffineTransform_float_3_3
Parameters: 1 -8.40058e-05 7.70948e-05 8.3873e-05 0.999999 0.000860408 -7.72392e-05 -0.000860395 0.999999 -0.00545641 -0.0432176 0.173107
FixedParameters: 0 0 0

#Transform 41
Transform: AffineTransform_float_3_3
Parameters: 1 6.92552e-05 3.08958e-05 -6.93098e-05 0.999999 0.000886578 -3.0773e-05 -0.000886582 0.999999 -0.00849244 -0.0467864 0.192196
FixedParameters: 0 0 0

#Transform 42
Transform: AffineTransform_float_3_3
Parameters: 1 -0.000274882 0.000330562 0.000274139 1 0.0011717 -0.000331239 -0.00117152 1 -0.00401751 -0.0649352 0.149961
FixedParameters: 0 0 0

#Transform 43
Transform: AffineTransform_float_3_3
Parameters: 1 -0.000531936 0.000246003 0.000531944 0.999999 0.00117743 -0.000246458 -0.00117717 1 0.00629603 -0.0237987 0.13393
FixedParameters: 0 0 0

#Transform 44
Transform: AffineTransform_float_3_3
Parameters: 1 -0.000577323 0.000211415 0.000576466 0.999999 0.00145179 -0.000211738 -0.00145157 0.999999 0.00418638 -0.0285942 0.1336
FixedParameters: 0 0 0

#Transform 45
Transform: AffineTransform_float_3_3
Parameters: 1 -0.000541229 0.000279378 0.000540974 0.999999 0.00152184 -0.000280205 -0.00152116 0.999998 0.00407311 -0.0318912 0.120959
FixedParameters: 0 0 0

#Transform 46
Transform: AffineTransform_float_3_3
Parameters: 1 -0.000522135 0.000167862 0.00052168 0.999999 0.00146723 -0.000169405 -0.00146667 0.999998 0.00784549 -0.0216412 0.122659
FixedParameters: 0 0 0

#Transform 47
Transform: AffineTransform_float_3_3
Parameters: 1 -0.000533647 0.000307547 0.000532779 0.999999 0.00146056 -0.000309138 -0.00146023 0.999999 0.00443752 -0.0160774 0.104237
FixedParameters: 0 0 0

#Transform 48
Transform: AffineTransform_float_3_3
Parameters: 1 -0.00043563 0.000214128 0.000435004 0.999998 0.00153237 -0.000215496 -0.00153218 0.999999 0.00379911 -0.0305622 0.131945
FixedParameters: 0 0 0

#Transform 49
Transform: AffineTransform_float_3_3
Parameters: 1 -0.000437084 0.000310047 0.000436555 0.999998 0.00184898 -0.000310898 -0.00184871 0.999998 -0.0014967 -0.0316417 0.145263
FixedParameters: 0 0 0

#Transform 50
Transform: AffineTransform_float_3_3
Parameters: 1 -0.000427492 0.000359397 0.000426834 0.999999 0.00177603 -0.00036015 -0.00177572 0.999999 -0.00269333 -0.0371757 0.135165
FixedParameters: 0 0 0

#Transform 51
Transform: AffineTransform_float_3_3
Parameters: 1 -0.000513546 0.000268054 0.000513107 0.999998 0.00197097 -0.000269314 -0.0019707 0.999998 -0.00187917 -0.0438417 0.135778
FixedParameters: 0 0 0

#Transform 52
Transform: AffineTransform_float_3_3
Parameters: 1 -0.000517641 0.000351005 0.000516786 0.999997 0.00209678 -0.00035241 -0.00209642 0.999997 -0.00327796 -0.0459031 0.115282
FixedParameters: 0 0 0

#Transform 53
Transform: AffineTransform_float_3_3
Parameters: 1 -0.000498441 0.000237164 0.000498153 0.999998 0.00191018 -0.000238304 -0.00190995 0.999998 -0.000906423 -0.0490072 0.111689
FixedParameters: 0 0 0

#Transform 54
Transform: AffineTransform_float_3_3
Parameters: 1 -0.000544868 0.000276618 0.000544375 0.999998 0.00200638 -0.000278039 -0.00200608 0.999998 0.00404203 -0.0318609 0.0785596
FixedParameters: 0 0 0

#Transform 55
Transform: AffineTransform_float_3_3
Parameters: 1 -0.000592293 0.000253552 0.000591296 0.999998 0.0014864 -0.000253959 -0.00148613 0.999999 0.00304889 -0.0372477 0.0916634
FixedParameters: 0 0 0

#Transform 56
Transform: AffineTransform_float_3_3
Parameters: 0.999999 -0.000719633 0.000343122 0.000719474 0.999998 0.00194133 -0.000344321 -0.00194084 0.999998 0.00397811 -0.0150176 0.0614616
FixedParameters: 0 0 0

#Transform 57
Transform: AffineTransform_float_3_3
Parameters: 0.999999 -0.000707775 0.000431333 0.000707274 0.999998 0.00194077 -0.000432484 -0.00194017 0.999998 0.00161428 -0.0249811 0.0646828
FixedParameters: 0 0 0

#Transform 58
Transform: AffineTransform_float_3_3
Parameters: 1 -0.000764343 0.000676072 0.000762812 0.999998 0.00200354 -0.000677529 -0.00200344 0.999998 -0.00226107 -0.0387401 0.0718148
FixedParameters: 0 0 0

#Transform 59
Transform: AffineTransform_float_3_3
Parameters: 0.999999 -0.000515471 0.000670183 0.000514142 0.999998 0.00209163 -0.000672175 -0.00209223 0.999998 0.00853825 -0.0457598 0.0659892
FixedParameters: 0 0 0

#Transform 60
Transform: AffineTransform_float_3_3
Parameters: 0.999999 -0.000575815 0.000548578 0.00057474 0.999998 0.00151456 -0.000549523 -0.00151394 0.999998 0.0096549 -0.0802678 0.0922624
FixedParameters: 0 0 0

#Transform 61
Transform: AffineTransform_float_3_3
Parameters: 1 -0.000500875 0.000476284 0.000499774 0.999998 0.00180447 -0.000477325 -0.00180399 0.999999 0.00500977 -0.0634594 0.100135
FixedParameters: 0 0 0

#Transform 62
Transform: AffineTransform_float_3_3
Parameters: 0.999999 -0.000713503 0.000484833 0.00071345 0.999999 -0.000517599 -0.000484925 0.000518295 0.999999 0.0124328 0.133735 0.129946
FixedParameters: 0 0 0

#Transform 63
Transform: AffineTransform_float_3_3
Parameters: 1 -0.000980405 0.000565431 0.000978979 0.999999 0.00053059 -0.000565907 -0.000530429 1 0.00846957 0.0405813 0.129858
FixedParameters: 0 0 0

#Transform 64
Transform: AffineTransform_float_3_3
Parameters: 0.999999 -0.00109954 0.000669608 0.00109911 0.999999 0.000741172 -0.000670397 -0.000740627 0.999999 0.0140689 0.0325141 0.122918
FixedParameters: 0 0 0

#Transform 65
Transform: AffineTransform_float_3_3
Parameters: 0.999999 -0.00109863 0.000680327 0.00109798 0.999999 0.000900725 -0.000681444 -0.000899775 0.999999 0.0112868 0.0219287 0.12474
FixedParameters: 0 0 0

#Transform 66
Transform: AffineTransform_float_3_3
Parameters: 0.999999 -0.00112042 0.000737233 0.00111956 0.999999 0.000959576 -0.000738543 -0.000958852 0.999999 0.0149917 0.0108428 0.126241
FixedParameters: 0 0 0

#Transform 67
Transform: AffineTransform_float_3_3
Parameters: 0.999999 -0.00113497 0.000623033 0.00113451 0.999999 0.000816504 -0.000624046 -0.000816017 0.999999 0.0190379 0.00590725 0.142216
FixedParameters: 0 0 0

#Transform 68
Transform: AffineTransform_float_3_3
Parameters: 0.999999 -0.00113544 0.00083807 0.00113446 0.999999 0.00126742 -0.000839309 -0.00126644 0.999999 0.0150388 -0.00547894 0.129451
FixedParameters: 0 0 0

#Transform 69
Transform: AffineTransform_float_3_3
Parameters: 0.999999 -0.00116977 0.000735661 0.00116872 0.999999 0.0011155 -0.000737463 -0.00111471 1 0.0183677 0.00292096 0.137676
FixedParameters: 0 0 0

#Transform 70
Transform: AffineTransform_float_3_3
Parameters: 0.999999 -0.00122914 0.000737124 0.00122842 0.999999 0.00127057 -0.000738609 -0.00126969 0.999999 0.0166666 0.00483488 0.131977
FixedParameters: 0 0 0

#Transform 71
Transform: AffineTransform_float_3_3
Parameters: 0.999999 -0.00114909 0.0007313 0.00114731 0.999998 0.00143628 -0.000732406 -0.00143555 0.999999 0.017316 0.0031581 0.143512
FixedParameters: 0 0 0

#Transform 72
Transform: AffineTransform_float_3_3
Parameters: 0.999999 -0.00114845 0.000578784 0.00114791 0.999999 0.00145726 -0.000580471 -0.00145647 0.999998 0.0190862 0.00694973 0.155253
FixedParameters: 0 0 0

#Transform 73
Transform: AffineTransform_float_3_3
Parameters: 0.999999 -0.00125865 0.000524766 0.00125739 0.999998 0.00150297 -0.000526333 -0.00150222 0.999998 0.0245442 0.021963 0.150949
FixedParameters: 0 0 0

#Transform 74
Transform: AffineTransform_float_3_3
Parameters: 1 -0.00111219 0.000497339 0.00111183 0.999998 0.00151917 -0.00049908 -0.00151899 0.999999 0.0256796 0.0202335 0.154675
FixedParameters: 0 0 0

#Transform 75
Transform: AffineTransform_float_3_3
Parameters: 0.999999 -0.00127403 0.000368136 0.00127325 0.999998 0.00150955 -0.000369767 -0.00150919 0.999998 0.0254198 0.0319521 0.167006
FixedParameters: 0 0 0

#Transform 76
Transform: AffineTransform_float_3_3
Parameters: 0.999999 -0.00113243 0.000593085 0.00113071 0.999998 0.00172681 -0.000594779 -0.00172604 0.999998 0.018942 0.0212799 0.170707
FixedParameters: 0 0 0

#Transform 77
Transform: AffineTransform_float_3_3
Parameters: 0.999999 -0.00120602 0.000734031 0.00120504 0.999998 0.00184636 -0.000736047 -0.00184552 0.999998 0.0163732 0.0077207 0.153008
FixedParameters: 0 0 0

#Transform 78
Transform: AffineTransform_float_3_3
Parameters: 0.999999 -0.0012798 0.000792494 0.00127854 0.999997 0.00188379 -0.000794877 -0.00188269 0.999998 0.0154057 0.00625511 0.149941
FixedParameters: 0 0 0

#Transform 79
Transform: AffineTransform_float_3_3
Parameters: 0.999998 -0.00136491 0.00081274 0.00136361 0.999997 0.00186998 -0.000815406 -0.0018687 0.999998 0.0177 -0.00776103 0.158247
FixedParameters: 0 0 0

#Transform 80
Transform: AffineTransform_float_3_3
Parameters: 0.999998 -0.0013706 0.00102993 0.00136852 0.999997 0.00185188 -0.00103257 -0.00184999 0.999998 0.0132523 -0.0133331 0.15603
FixedParameters: 0 0 0

#Transform 81
Transform: AffineTransform_float_3_3
Parameters: 0.999998 -0.00137312 0.000783641 0.00137183 0.999998 0.00192826 -0.000786475 -0.00192666 0.999998 0.0158634 -0.0156645 0.149251
FixedParameters: 0 0 0

#Transform 82
Transform: AffineTransform_float_3_3
Parameters: 0.999999 -0.0013576 0.00105155 0.0013559 0.999998 0.00162181 -0.00105347 -0.00162082 0.999998 0.0136905 0.00147469 0.121691
FixedParameters: 0 0 0

#Transform 83
Transform: AffineTransform_float_3_3
Parameters: 0.999998 -0.00131516 0.00111537 0.00131331 0.999998 0.00160442 -0.00111717 -0.00160373 0.999998 0.0131278 0.0211967 0.104054
FixedParameters: 0 0 0

#Transform 84
Transform: AffineTransform_float_3_3
Parameters: 0.999998 -0.00142079 0.00140665 0.00141815 0.999997 0.00174207 -0.0014083 -0.00174032 0.999997 0.00717788 0.0227807 0.0853045
FixedParameters: 0 0 0

#Transform 85
Transform: AffineTransform_float_3_3
Parameters: 0.999998 -0.00147838 0.0011752 0.00147582 0.999997 0.00181366 -0.00117809 -0.00181112 0.999998 0.0115256 0.0214747 0.0847221
FixedParameters: 0 0 0

#Transform 86
Transform: AffineTransform_float_3_3
Parameters: 0.999998 -0.00154702 0.00131312 0.00154461 0.999997 0.00189846 -0.0013171 -0.00189623 0.999997 0.0173601 0.0234758 0.0823845
FixedParameters: 0 0 0

#Transform 87
Transform: AffineTransform_float_3_3
Parameters: 0.999998 -0.00155396 0.0014111 0.00155094 0.999997 0.00188415 -0.00141367 -0.00188163 0.999997 0.0121208 0.0320369 0.0789396
FixedParameters: 0 0 0

#Transform 88
Transform: AffineTransform_float_3_3
Parameters: 0.999997 -0.00175353 0.00171626 0.00175016 0.999996 0.00205431 -0.00171991 -0.00205144 0.999996 0.0128023 0.0262133 0.0679147
FixedParameters: 0 0 0

#Transform 89
Transform: AffineTransform_float_3_3
Parameters: 0.999997 -0.00182969 0.00169062 0.00182639 0.999996 0.00222759 -0.0016944 -0.00222364 0.999996 0.0124742 0.0193685 0.0785534
FixedParameters: 0 0 0

#Transform 90
Transform: AffineTransform_float_3_3
Parameters: 0.999997 -0.00180968 0.00176046 0.00180537 0.999995 0.00243581 -0.00176492 -0.00243259 0.999995 0.0114683 0.00281018 0.0859918
FixedParameters: 0 0 0

#Transform 91
Transform: AffineTransform_float_3_3
Parameters: 0.999998 -0.00164472 0.00157183 0.0016414 0.999995 0.00239893 -0.00157535 -0.00239599 0.999996 0.0160285 -0.00235353 0.107778
FixedParameters: 0 0 0

#Transform 92
Transform: AffineTransform_float_3_3
Parameters: 0.999998 -0.00165596 0.00158264 0.0016522 0.999995 0.00253455 -0.00158669 -0.00253246 0.999996 0.014344 0.00220329 0.107791
FixedParameters: 0 0 0

#Transform 93
Transform: AffineTransform_float_3_3
Parameters: 0.999997 -0.00174285 0.00128682 0.00173959 0.999995 0.00261209 -0.00129103 -0.0026104 0.999996 0.0149768 -0.00586835 0.129291
FixedParameters: 0 0 0

#Transform 94
Transform: AffineTransform_float_3_3
Parameters: 0.999998 -0.00160052 0.00137106 0.00159713 0.999995 0.00280182 -0.0013757 -0.00279927 0.999995 0.00734207 -0.0071006 0.175473
FixedParameters: 0 0 0

#Transform 95
Transform: AffineTransform_float_3_3
Parameters: 0.999997 -0.00153869 0.00150846 0.00153488 0.999996 0.00268667 -0.0015124 -0.00268387 0.999995 0.0091941 0.0124109 0.151824
FixedParameters: 0 0 0

#Transform 96
Transform: AffineTransform_float_3_3
Parameters: 0.999998 -0.00177559 0.00138888 0.00177219 0.999995 0.00245949 -0.00139272 -0.00245774 0.999996 0.0174325 0.010988 0.123152
FixedParameters: 0 0 0

#Transform 97
Transform: AffineTransform_float_3_3
Parameters: 0.999997 -0.00186752 0.00124896 0.00186486 0.999995 0.0024413 -0.00125317 -0.0024385 0.999996 0.0212421 0.0124791 0.115553
FixedParameters: 0 0 0

#Transform 98
Transform: AffineTransform_float_3_3
Parameters: 0.999998 -0.00185021 0.00125133 0.00184698 0.999995 0.0026637 -0.00125625 -0.00266055 0.999996 0.0212047 0.00549228 0.118693
FixedParameters: 0 0 0

#Transform 99
Transform: AffineTransform_float_3_3
Parameters: 0.999998 -0.00182201 0.00131183 0.00181846 0.999995 0.00266217 -0.0013166 -0.00266018 0.999995 0.0205948 0.00111361 0.129191
FixedParameters: 0 0 0

#Transform 100
Transform: AffineTransform_float_3_3
Parameters: 0.999997 -0.00198332 0.00146964 0.00198018 0.999995 0.0027209 -0.00147527 -0.00271783 0.999995 0.0186357 -0.00671551 0.11944
FixedParameters: 0 0 0

#Transform 101
Transform: AffineTransform_float_3_3
Parameters: 0.999996 -0.0020419 0.00156983 0.00203754 0.999994 0.00267206 -0.00157501 -0.00266937 0.999995 0.024258 0.00715965 0.114867
FixedParameters: 0 0 0

#Transform 102
Transform: AffineTransform_float_3_3
Parameters: 0.999996 -0.00213781 0.00170167 0.00213314 0.999994 0.00270946 -0.00170666 -0.00270498 0.999995 0.0227283 -0.00392637 0.112007
FixedParameters: 0 0 0

#Transform 103
Transform: AffineTransform_float_3_3
Parameters: 0.999996 -0.00208932 0.00193457 0.0020841 0.999994 0.00259712 -0.00194023 -0.00259312 0.999994 0.0168624 0.00856155 0.108734
FixedParameters: 0 0 0

#Transform 104
Transform: AffineTransform_float_3_3
Parameters: 0.999996 -0.00220146 0.00204898 0.00219677 0.999994 0.00265967 -0.00205522 -0.00265471 0.999995 0.0211267 0.00965141 0.0938708
FixedParameters: 0 0 0

#Transform 105
Transform: AffineTransform_float_3_3
Parameters: 0.999996 -0.00218624 0.00208453 0.00218052 0.999994 0.00266087 -0.00209013 -0.00265584 0.999994 0.0201802 0.0148443 0.0878552
FixedParameters: 0 0 0

#Transform 106
Transform: AffineTransform_float_3_3
Parameters: 0.999995 -0.00218956 0.00202708 0.00218386 0.999993 0.00287978 -0.00203286 -0.002875 0.999993 0.0235186 0.0110983 0.0876386
FixedParameters: 0 0 0

#Transform 107
Transform: AffineTransform_float_3_3
Parameters: 0.999995 -0.0021463 0.0020682 0.00214014 0.999994 0.00293895 -0.00207401 -0.00293508 0.999993 0.0195129 0.00675135 0.100612
FixedParameters: 0 0 0

#Transform 108
Transform: AffineTransform_float_3_3
Parameters: 0.999996 -0.00213673 0.00191513 0.00213093 0.999993 0.0030804 -0.0019215 -0.0030763 0.999994 0.0227346 0.00931731 0.0993462
FixedParameters: 0 0 0

#Transform 109
Transform: AffineTransform_float_3_3
Parameters: 0.999995 -0.00213859 0.00201357 0.00213218 0.999993 0.00307937 -0.00201997 -0.00307523 0.999994 0.0135815 0.00322979 0.0996764
FixedParameters: 0 0 0

#Transform 110
Transform: AffineTransform_float_3_3
Parameters: 0.999996 -0.00218823 0.00204805 0.00218139 0.999994 0.00299148 -0.00205514 -0.0029866 0.999994 0.0200678 0.00605394 0.100857
FixedParameters: 0 0 0

#Transform 111
Transform: AffineTransform_float_3_3
Parameters: 0.999995 -0.00219244 0.00203732 0.00218588 0.999992 0.00308005 -0.00204405 -0.00307558 0.999994 0.0197552 0.00339015 0.10984
FixedParameters: 0 0 0

#Transform 112
Transform: AffineTransform_float_3_3
Parameters: 0.999995 -0.0022172 0.00196643 0.00221144 0.999993 0.00299071 -0.00197289 -0.002987 0.999993 0.0210997 0.00353684 0.0970519
FixedParameters: 0 0 0

#Transform 113
Transform: AffineTransform_float_3_3
Parameters: 0.999996 -0.00225246 0.00199609 0.00224602 0.999992 0.00325502 -0.00200311 -0.00325104 0.999993 0.0206819 0.00457444 0.105571
FixedParameters: 0 0 0

#Transform 114
Transform: AffineTransform_float_3_3
Parameters: 0.999995 -0.0021548 0.00199924 0.00214782 0.999992 0.00338794 -0.00200626 -0.0033838 0.999993 0.0192754 0.00260678 0.121763
FixedParameters: 0 0 0

#Transform 115
Transform: AffineTransform_float_3_3
Parameters: 0.999996 -0.00223876 0.0019916 0.00223156 0.999991 0.00345033 -0.00199941 -0.0034455 0.999992 0.0178538 2.03326e-05 0.132012
FixedParameters: 0 0 0

#Transform 116
Transform: AffineTransform_float_3_3
Parameters: 0.999996 -0.00225567 0.00209076 0.00224915 0.999991 0.00346414 -0.00209853 -0.00346009 0.999992 0.0174086 0.003969 0.120027
FixedParameters: 0 0 0

#Transform 117
Transform: AffineTransform_float_3_3
Parameters: 0.999995 -0.00239258 0.00209416 0.00238517 0.999991 0.00347335 -0.00210233 -0.00346835 0.999992 0.0206246 0.00500551 0.12529
FixedParameters: 0 0 0

#Transform 118
Transform: AffineTransform_float_3_3
Parameters: 0.999995 -0.00231514 0.00214056 0.00230753 0.999992 0.00344525 -0.00214807 -0.00344036 0.999992 0.0200715 -0.00379327 0.119004
FixedParameters: 0 0 0

#Transform 119
Transform: AffineTransform_float_3_3
Parameters: 0.999995 -0.00246116 0.00224336 0.00245411 0.999992 0.0033406 -0.00225189 -0.00333455 0.999992 0.0230774 -0.0251263 0.105113
FixedParameters: 0 0 0

#Transform 120
Transform: AffineTransform_float_3_3
Parameters: 0.999995 -0.00212221 0.00227618 0.00211364 0.999991 0.00362952 -0.00228373 -0.00362432 0.999991 0.00787627 -0.131712 0.139165
FixedParameters: 0 0 0

#Transform 121
Transform: AffineTransform_float_3_3
Parameters: 0.999993 -0.00262964 0.00241002 0.00262205 0.999991 0.00322206 -0.00241903 -0.0032153 0.999991 0.0154642 0.0719943 0.0301551
FixedParameters: 0 0 0

#Transform 122
Transform: AffineTransform_float_3_3
Parameters: 0.999992 -0.00274102 0.0026441 0.00273102 0.99999 0.003615 -0.00265439 -0.00360774 0.99999 0.0204706 0.0418476 0.0513899
FixedParameters: 0 0 0

#Transform 123
Transform: AffineTransform_float_3_3
Parameters: 0.999992 -0.00293397 0.0026739 0.00292338 0.999988 0.00400098 -0.00268537 -0.00399346 0.999988 0.0215301 -0.011506 0.0879662
FixedParameters: 0 0 0

#Transform 124
Transform: AffineTransform_float_3_3
Parameters: 0.999992 -0.00283962 0.0025945 0.00282968 0.999989 0.00389064 -0.00260543 -0.00388314 0.999989 0.02768 -0.0301554 0.107607
FixedParameters: 0 0 0

#Transform 125
Transform: AffineTransform_float_3_3
Parameters: 0.999992 -0.00286579 0.00276276 0.00285547 0.999989 0.00371842 -0.00277286 -0.00371075 0.999989 0.0282449 -0.0451129 0.0873108
FixedParameters: 0 0 0

#Transform 126
Transform: AffineTransform_float_3_3
Parameters: 0.999992 -0.00286934 0.00299475 0.00285828 0.999989 0.00368503 -0.00300525 -0.00367676 0.999989 0.0357519 -0.0705258 0.0860689
FixedParameters: 0 0 0

#Transform 127
Transform: AffineTransform_float_3_3
Parameters: 0.999991 -0.00292036 0.00287615 0.00291023 0.999989 0.00368399 -0.00288702 -0.00367534 0.999989 0.0283613 -0.0826061 0.100746
FixedParameters: 0 0 0

#Transform 128
Transform: AffineTransform_float_3_3
Parameters: 0.999992 -0.00287993 0.00300382 0.00286858 0.999988 0.00372313 -0.00301462 -0.00371474 0.999989 0.0256709 -0.0719615 0.0927259
FixedParameters: 0 0 0

#Transform 129
Transform: AffineTransform_float_3_3
Parameters: 0.999991 -0.00289173 0.00312843 0.00288042 0.999989 0.00379475 -0.00313948 -0.00378555 0.999988 0.0239828 -0.0622742 0.0924701
FixedParameters: 0 0 0

#Transform 130
Transform: AffineTransform_float_3_3
Parameters: 0.999991 -0.00299824 0.00302314 0.00298715 0.999988 0.0036562 -0.00303442 -0.00364698 0.999989 0.0352852 -0.0269619 0.07514
FixedParameters: 0 0 0

#Transform 131
Transform: AffineTransform_float_3_3
Parameters: 0.999991 -0.00290428 0.00303172 0.00289322 0.99999 0.0035509 -0.00304251 -0.00354181 0.999989 0.030582 -0.017048 0.070371
FixedParameters: 0 0 0

#Transform 132
Transform: AffineTransform_float_3_3
Parameters: 0.999991 -0.00295531 0.00298967 0.00294495 0.99999 0.00348398 -0.00300042 -0.00347576 0.999989 0.030966 0.00946752 0.0601103
FixedParameters: 0 0 0

#Transform 133
Transform: AffineTransform_float_3_3
Parameters: 0.999992 -0.00281118 0.00305935 0.00279999 0.999989 0.00362902 -0.00306911 -0.00362073 0.999989 0.0306718 0.00639665 0.0531792
FixedParameters: 0 0 0

#Transform 134
Transform: AffineTransform_float_3_3
Parameters: 0.99999 -0.00301339 0.00311048 0.00300213 0.999989 0.0036776 -0.00312116 -0.00366831 0.999988 0.0344779 0.0123531 0.0419844
FixedParameters: 0 0 0

#Transform 135
Transform: AffineTransform_float_3_3
Parameters: 0.99999 -0.0030042 0.0031475 0.00299179 0.999989 0.00372792 -0.00315924 -0.00371847 0.999988 0.0294848 -0.011673 0.0608867
FixedParameters: 0 0 0

#Transform 136
Transform: AffineTransform_float_3_3
Parameters: 0.999991 -0.00295601 0.00308518 0.00294372 0.999988 0.00387329 -0.0030966 -0.00386358 0.999988 0.0344966 -0.0213161 0.0725296
FixedParameters: 0 0 0

#Transform 137
Transform: AffineTransform_float_3_3
Parameters: 0.999991 -0.00296663 0.00308533 0.00295424 0.999988 0.0038878 -0.00309694 -0.00387842 0.999988 0.0337918 -0.0408302 0.0961468
FixedParameters: 0 0 0

#Transform 138
Transform: AffineTransform_float_3_3
Parameters: 0.99999 -0.00312904 0.00336867 0.00311624 0.999988 0.00391245 -0.00338058 -0.00390213 0.999986 0.0272212 -0.0514978 0.0976729
FixedParameters: 0 0 0

#Transform 139
Transform: AffineTransform_float_3_3
Parameters: 0.999989 -0.00304619 0.00353514 0.00303132 0.999988 0.00394037 -0.00354741 -0.00392905 0.999986 0.0289883 -0.0527994 0.0966942
FixedParameters: 0 0 0

#Transform 140
Transform: AffineTransform_float_3_3
Parameters: 0.99999 -0.00312106 0.00342065 0.00310796 0.999988 0.00389761 -0.0034324 -0.00388702 0.999986 0.0307858 -0.038943 0.084597
FixedParameters: 0 0 0

#Transform 141
Transform: AffineTransform_float_3_3
Parameters: 0.999989 -0.00306508 0.00352565 0.00305199 0.999988 0.00381187 -0.00353782 -0.00380045 0.999986 0.0288867 -0.0145446 0.0935376
FixedParameters: 0 0 0

#Transform 142
Transform: AffineTransform_float_3_3
Parameters: 0.99999 -0.00326456 0.0031061 0.00325235 0.999987 0.00393023 -0.00311946 -0.00392033 0.999988 0.0345176 -0.022029 0.0952785
FixedParameters: 0 0 0

#Transform 143
Transform: AffineTransform_float_3_3
Parameters: 0.999991 -0.00299793 0.00306587 0.00298619 0.999988 0.00380667 -0.00307724 -0.0037972 0.999989 0.0345311 -0.0108295 0.090403
FixedParameters: 0 0 0

#Transform 144
Transform: AffineTransform_float_3_3
Parameters: 0.99999 -0.00279915 0.00331008 0.00278905 0.999991 0.00322868 -0.00331889 -0.00321943 0.99999 0.0200554 0.0100445 0.0734422
FixedParameters: 0 0 0

#Transform 145
Transform: AffineTransform_float_3_3
Parameters: 0.999992 -0.00280771 0.00286155 0.00279841 0.999991 0.00320717 -0.00286998 -0.00319964 0.999991 0.033066 0.0130287 0.0899137
FixedParameters: 0 0 0

#Transform 146
Transform: AffineTransform_float_3_3
Parameters: 0.999992 -0.00275958 0.00282929 0.00275085 0.999991 0.00319266 -0.00283872 -0.00318556 0.999991 0.0317761 -0.00467761 0.148796
FixedParameters: 0 0 0

#Transform 147
Transform: AffineTransform_float_3_3
Parameters: 0.999992 -0.00288342 0.00298487 0.00287366 0.999991 0.00314701 -0.0029934 -0.00313834 0.99999 0.0301962 -0.00548354 0.122269
FixedParameters: 0 0 0

#Transform 148
Transform: AffineTransform_float_3_3
Parameters: 0.999991 -0.0029374 0.00301405 0.00292762 0.99999 0.00311899 -0.00302278 -0.00311021 0.999991 0.0280357 -0.0144009 0.121378
FixedParameters: 0 0 0

#Transform 149
Transform: AffineTransform_float_3_3
Parameters: 0.99999 -0.00284304 0.00326993 0.00283298 0.999991 0.0031356 -0.00327793 -0.00312723 0.99999 0.022273 -0.0254721 0.130074
FixedParameters: 0 0 0

#Transform 150
Transform: AffineTransform_float_3_3
Parameters: 0.999991 -0.00291625 0.0030702 0.00290617 0.999991 0.00325187 -0.00308016 -0.00324287 0.99999 0.0265553 -0.0314491 0.136731
FixedParameters: 0 0 0

#Transform 151
Transform: AffineTransform_float_3_3
Parameters: 0.99999 -0.00295579 0.00317139 0.00294545 0.99999 0.00327633 -0.00318092 -0.0032665 0.99999 0.0256113 -0.0408897 0.142363
FixedParameters: 0 0 0

#Transform 152
Transform: AffineTransform_float_3_3
Parameters: 0.999991 -0.00299966 0.00321275 0.00298965 0.99999 0.00317818 -0.00322193 -0.00316875 0.999989 0.0245447 -0.0278226 0.151239
FixedParameters: 0 0 0

#Transform 153
Transform: AffineTransform_float_3_3
Parameters: 0.999989 -0.00317776 0.00329874 0.00316718 0.99999 0.00318817 -0.00330914 -0.00317796 0.999989 0.027937 -0.0263999 0.136099
FixedParameters: 0 0 0

#Transform 154
Transform: AffineTransform_float_3_3
Parameters: 0.99999 -0.00322894 0.00313771 0.00321937 0.99999 0.00305439 -0.00314697 -0.0030436 0.99999 0.0273491 0.00367127 0.132569
FixedParameters: 0 0 0

#Transform 155
Transform: AffineTransform_float_3_3
Parameters: 0.99999 -0.00324621 0.00304637 0.00323731 0.999991 0.00285509 -0.00305608 -0.00284531 0.999991 0.0363516 0.010526 0.128004
FixedParameters: 0 0 0

#Transform 156
Transform: AffineTransform_float_3_3
Parameters: 0.99999 -0.00319567 0.00319291 0.00318675 0.999991 0.00285582 -0.00320294 -0.00284616 0.999991 0.0304908 0.00628412 0.127113
FixedParameters: 0 0 0

#Transform 157
Transform: AffineTransform_float_3_3
Parameters: 0.99999 -0.00328857 0.00317388 0.00328002 0.999991 0.00289809 -0.00318383 -0.00288666 0.999991 0.0302698 -0.00369132 0.135487
FixedParameters: 0 0 0

#Transform 158
Transform: AffineTransform_float_3_3
Parameters: 0.999989 -0.00323896 0.00320922 0.00322979 0.99999 0.00283647 -0.00321798 -0.00282645 0.999991 0.0360979 -0.0169805 0.138805
FixedParameters: 0 0 0

#Transform 159
Transform: AffineTransform_float_3_3
Parameters: 0.999989 -0.00337773 0.00323435 0.0033682 0.99999 0.00295695 -0.00324388 -0.00294588 0.999991 0.0361643 -0.0200578 0.137983
FixedParameters: 0 0 0

#Transform 160
Transform: AffineTransform_float_3_3
Parameters: 0.999988 -0.00365685 0.00318818 0.00364756 0.999989 0.00274327 -0.003198 -0.00273129 0.999991 0.0344078 -0.0403824 0.169384
FixedParameters: 0 0 0

#Transform 161
Transform: AffineTransform_float_3_3
Parameters: 0.999988 -0.00371939 0.00312037 0.00371146 0.99999 0.00240298 -0.00312961 -0.00239071 0.999992 0.0416534 -0.0287057 0.152222
FixedParameters: 0 0 0

#Transform 162
Transform: AffineTransform_float_3_3
Parameters: 0.999987 -0.00380061 0.00336628 0.00379136 0.999989 0.00267549 -0.00337553 -0.00266216 0.999991 0.0350322 -0.0264897 0.163255
FixedParameters: 0 0 0

#Transform 163
Transform: AffineTransform_float_3_3
Parameters: 0.999988 -0.0036049 0.00338625 0.00359574 0.999989 0.00289436 -0.00339718 -0.00288216 0.999989 0.0338 -0.0275835 0.166288
FixedParameters: 0 0 0

#Transform 164
Transform: AffineTransform_float_3_3
Parameters: 0.999987 -0.00375561 0.00342111 0.00374612 0.999989 0.00270691 -0.00343174 -0.00269345 0.99999 0.0367833 -0.0154271 0.154826
FixedParameters: 0 0 0

#Transform 165
Transform: AffineTransform_float_3_3
Parameters: 0.999985 -0.00390379 0.0036631 0.00389417 0.999989 0.00262379 -0.00367305 -0.00260874 0.99999 0.0333873 -0.0111287 0.141459
FixedParameters: 0 0 0

#Transform 166
Transform: AffineTransform_float_3_3
Parameters: 0.999986 -0.00396866 0.00354845 0.00396136 0.99999 0.00202792 -0.00355593 -0.00201423 0.999992 0.0417216 -0.0112969 0.122684
FixedParameters: 0 0 0

#Transform 167
Transform: AffineTransform_float_3_3
Parameters: 0.999986 -0.00395286 0.00354187 0.00394563 0.99999 0.00221619 -0.0035505 -0.00220172 0.999992 0.0357798 -0.00237058 0.132394
FixedParameters: 0 0 0

#Transform 168
Transform: AffineTransform_float_3_3
Parameters: 0.999986 -0.00388167 0.00355918 0.00387321 0.999989 0.00237755 -0.00356875 -0.00236346 0.999991 0.0355076 -0.0142167 0.145527
FixedParameters: 0 0 0

#Transform 169
Transform: AffineTransform_float_3_3
Parameters: 0.999985 -0.00402939 0.00368215 0.00402107 0.999989 0.00235562 -0.0036914 -0.00234041 0.99999 0.0358079 -0.0209853 0.137971
FixedParameters: 0 0 0

#Transform 170
Transform: AffineTransform_float_3_3
Parameters: 0.999984 -0.0040848 0.00372253 0.00407718 0.999989 0.00223725 -0.00373107 -0.0022213 0.99999 0.0363633 -0.0247454 0.129535
FixedParameters: 0 0 0

#Transform 171
Transform: AffineTransform_float_3_3
Parameters: 0.999984 -0.00412798 0.00380951 0.00411964 0.999989 0.00220792 -0.00381884 -0.00219224 0.999991 0.0384673 -0.0173541 0.126283
FixedParameters: 0 0 0

#Transform 172
Transform: AffineTransform_float_3_3
Parameters: 0.999984 -0.00410828 0.00387965 0.00409913 0.999989 0.0023427 -0.00388917 -0.0023266 0.99999 0.0282121 -0.017224 0.13069
FixedParameters: 0 0 0

#Transform 173
Transform: AffineTransform_float_3_3
Parameters: 0.999984 -0.00412377 0.00386161 0.00411452 0.999988 0.00236624 -0.00387139 -0.00235016 0.99999 0.0350532 -0.0267079 0.139985
FixedParameters: 0 0 0

#Transform 174
Transform: AffineTransform_float_3_3
Parameters: 0.999985 -0.00403776 0.00366927 0.00402866 0.999988 0.00239324 -0.00367971 -0.00237845 0.999991 0.0358063 -0.0219364 0.146878
FixedParameters: 0 0 0

#Transform 175
Transform: AffineTransform_float_3_3
Parameters: 0.999985 -0.00410015 0.00363866 0.00409207 0.999989 0.00216053 -0.00364692 -0.00214518 0.999991 0.0383639 -0.0334047 0.150398
FixedParameters: 0 0 0

#Transform 176
Transform: AffineTransform_float_3_3
Parameters: 0.999986 -0.00403658 0.00360079 0.00402852 0.999989 0.00237175 -0.0036102 -0.00235714 0.999991 0.0341692 -0.00629039 0.13811
FixedParameters: 0 0 0

#Transform 177
Transform: AffineTransform_float_3_3
Parameters: 0.999985 -0.00407962 0.00362719 0.00407166 0.999989 0.00226528 -0.00363676 -0.00225014 0.999991 0.0381223 -0.0100918 0.124411
FixedParameters: 0 0 0

#Transform 178
Transform: AffineTransform_float_3_3
Parameters: 0.999985 -0.00407085 0.00376845 0.00406141 0.999989 0.00252399 -0.00377841 -0.00250871 0.999989 0.0357779 -0.00679747 0.109794
FixedParameters: 0 0 0

#Transform 179
Transform: AffineTransform_float_3_3
Parameters: 0.999985 -0.00415061 0.00373938 0.00414135 0.999988 0.00244596 -0.00374993 -0.0024303 0.99999 0.0388129 -0.0151394 0.124623
FixedParameters: 0 0 0

#Transform 180
Transform: AffineTransform_float_3_3
Parameters: 0.999984 -0.00421036 0.00371675 0.00420078 0.999988 0.00239312 -0.00372657 -0.00237685 0.99999 0.040505 -0.0129944 0.12064
FixedParameters: 0 0 0

#Transform 181
Transform: AffineTransform_float_3_3
Parameters: 0.999985 -0.00400573 0.00358031 0.00399723 0.999989 0.00237336 -0.00359045 -0.00235913 0.999991 0.0339171 -0.044534 0.151868
FixedParameters: 0 0 0

#Transform 182
Transform: AffineTransform_float_3_3
Parameters: 0.999986 -0.00375462 0.00352486 0.00374837 0.999992 0.00185129 -0.00353238 -0.00183835 0.999992 0.029789 -0.028657 0.161324
FixedParameters: 0 0 0

#Transform 183
Transform: AffineTransform_float_3_3
Parameters: 0.999988 -0.00354407 0.00352329 0.00353577 0.999991 0.00237591 -0.00353128 -0.00236394 0.999991 0.0232471 0.0159663 0.125463
FixedParameters: 0 0 0

#Transform 184
Transform: AffineTransform_float_3_3
Parameters: 0.99999 -0.00322456 0.00307035 0.00321588 0.999991 0.00279765 -0.00307959 -0.00278823 0.999991 0.0269029 0.00635574 0.155708
FixedParameters: 0 0 0

#Transform 185
Transform: AffineTransform_float_3_3
Parameters: 0.999989 -0.00348379 0.00310868 0.00347506 0.999991 0.00277153 -0.00311915 -0.00276079 0.999991 0.0341281 0.0168244 0.135932
FixedParameters: 0 0 0

#Transform 186
Transform: AffineTransform_float_3_3
Parameters: 0.999988 -0.00349949 0.00326086 0.00348904 0.999989 0.00316532 -0.00327173 -0.00315381 0.999989 0.0307361 -0.00186163 0.157221
FixedParameters: 0 0 0

#Transform 187
Transform: AffineTransform_float_3_3
Parameters: 0.999987 -0.00364805 0.00336038 0.00363806 0.999988 0.00320893 -0.00337224 -0.00319701 0.999989 0.0319256 -0.0145672 0.155645
FixedParameters: 0 0 0

#Transform 188
Transform: AffineTransform_float_3_3
Parameters: 0.999986 -0.00382905 0.00348152 0.00381849 0.999987 0.0032591 -0.00349408 -0.00324504 0.999989 0.0330728 -0.00643763 0.140751
FixedParameters: 0 0 0

#Transform 189
Transform: AffineTransform_float_3_3
Parameters: 0.999986 -0.00387777 0.0036308 0.00386511 0.999987 0.0032253 -0.00364367 -0.00321161 0.999988 0.0331551 -0.0234496 0.114694
FixedParameters: 0 0 0
