#Insight Transform File V1.0
#Transform 0
Transform: AffineTransform_float_3_3
Parameters: 0.999999 0.000810627 -0.000433838 -0.000810265 1 0.000408517 0.000434521 -0.000407431 0.999999 -0.0120658 -0.0410149 0.0758207
FixedParameters: 0 0 0

#Transform 1
Transform: AffineTransform_float_3_3
Parameters: 0.999999 0.000667148 -0.000375574 -0.0006675 0.999999 0.000272148 0.000375106 -0.000271643 1 -0.0138185 -0.0407769 0.06776
FixedParameters: 0 0 0

#Transform 2
Transform: AffineTransform_float_3_3
Parameters: 0.999999 0.000745467 -0.00042158 -0.000745114 1 0.000409376 0.000422211 -0.000408365 0.999999 -0.0122799 -0.0420497 0.0579664
FixedParameters: 0 0 0

#Transform 3
Transform: AffineTransform_float_3_3
Parameters: 1 0.000483725 -0.000363398 -0.000483425 1 0.000413007 0.000363797 -0.000412655 1 -0.0102949 -0.0245323 0.0674606
FixedParameters: 0 0 0

#Transform 4
Transform: AffineTransform_float_3_3
Parameters: 0.999999 0.000754089 4.07239e-05 -0.000754686 0.999999 0.000502783 -4.07963e-05 -0.000502841 1 -0.00850876 -0.04323 0.0369348
FixedParameters: 0 0 0

#Transform 5
Transform: AffineTransform_float_3_3
Parameters: 0.999999 0.00142719 0.000136006 -0.00142717 0.999999 -1.01202e-05 -0.000136003 9.19044e-06 1 -0.0375165 -0.0434724 0.0614626
FixedParameters: 0 0 0

#Transform 6
Transform: AffineTransform_float_3_3
Parameters: 0.999999 0.00116138 0.000443906 -0.00116183 0.999999 0.000473136 -0.00044276 -0.00047286 1 -0.0478972 -0.0416709 0.0418047
FixedParameters: 0 0 0

#Transform 7
Transform: AffineTransform_float_3_3
Parameters: 1 0.00110939 0.000175192 -0.0011101 0.999999 0.000460021 -0.000174992 -0.000461329 1 -0.0342771 -0.0409577 0.0449302
FixedParameters: 0 0 0

#Transform 8
Transform: AffineTransform_float_3_3
Parameters: 0.999999 0.00104756 0.000272101 -0.00104792 0.999999 0.000643395 -0.000270761 -0.00064304 1 -0.0226564 -0.0536567 0.0356176
FixedParameters: 0 0 0

#Transform 9
Transform: AffineTransform_float_3_3
Parameters: 0.999999 0.000850957 -2.18966e-05 -0.000851487 0.999999 0.000575233 2.20448e-05 -0.000575192 1 -0.0138791 -0.0318331 0.0538068
FixedParameters: 0 0 0

#Transform 10
Transform: AffineTransform_float_3_3
Parameters: 0.999999 0.000752192 -0.000169924 -0.000752513 1 0.00057892 0.000169939 -0.000579583 1 -0.00367152 -0.0355181 0.0665456
FixedParameters: 0 0 0

#Transform 11
Transform: AffineTransform_float_3_3
Parameters: 0.999999 0.00078658 -0.000118355 -0.000786999 0.999999 0.00057794 0.000118434 -0.000577749 1 -0.00977151 -0.0424604 0.0557745
FixedParameters: 0 0 0

#Transform 12
Transform: AffineTransform_float_3_3
Parameters: 1 0.000671233 -8.58291e-05 -0.000671689 0.999999 0.000579318 8.57759e-05 -0.000579198 1 -0.00868628 -0.0413193 0.0704449
FixedParameters: 0 0 0

#Transform 13
Transform: AffineTransform_float_3_3
Parameters: 1 0.000590591 1.40135e-05 -0.000590578 1 0.000892636 -1.29838e-05 -0.000893576 1 -0.0115959 -0.0635796 0.0516769
FixedParameters: 0 0 0

#Transform 14
Transform: AffineTransform_float_3_3
Parameters: 1 0.000646267 -0.000105224 -0.000646144 0.999999 0.000580068 0.000105973 -0.000579932 1 -0.00850543 -0.0722939 0.0692256
FixedParameters: 0 0 0

#Transform 15
Transform: AffineTransform_float_3_3
Parameters: 1 0.000632844 -0.000206965 -0.000632747 1 0.000234894 0.000207262 -0.000234632 1 -0.0034445 -0.00890702 0.0835202
FixedParameters: 0 0 0

#Transform 16
Transform: AffineTransform_float_3_3
Parameters: 1 0.000796975 -0.000856014 -0.000798157 0.999997 -0.00184016 0.00085413 0.00184115 0.999998 -0.00502299 0.0483471 0.0296658
FixedParameters: 0 0 0

#Transform 17
Transform: AffineTransform_float_3_3
Parameters: 0.999999 0.000526498 -0.00062669 -0.000526759 0.999999 -0.00134081 0.00062552 0.00134149 0.999999 -0.0031243 0.0356608 0.0102187
FixedParameters: 0 0 0

#Transform 18
Transform: AffineTransform_float_3_3
Parameters: 1 0.000510852 -0.000406723 -0.000511675 0.999999 -0.00104183 0.000405603 0.00104186 1 -0.00133459 0.0352484 0.0144733
FixedParameters: 0 0 0

#Transform 19
Transform: AffineTransform_float_3_3
Parameters: 1 0.00028338 -0.000563202 -0.000283943 1 -0.00102183 0.00056342 0.00102215 1 0.00595946 0.0363269 0.00270978
FixedParameters: 0 0 0

#Transform 20
Transform: AffineTransform_float_3_3
Parameters: 0.999999 0.000559982 -0.000476922 -0.000559884 0.999999 0.000111864 0.000477026 -0.000111713 1 0.0123942 0.0347945 0.0115962
FixedParameters: 0 0 0

#Transform 21
Transform: AffineTransform_float_3_3
Parameters: 1 -6.25348e-05 -0.000145247 6.2631e-05 1 0.000331464 0.000145206 -0.000331482 1 0.0215501 -0.0172954 0.0483621
FixedParameters: 0 0 0

#Transform 22
Transform: AffineTransform_float_3_3
Parameters: 1 -0.000198577 -7.94723e-05 0.000198518 1 -0.000370504 7.96194e-05 0.000370472 1 0.0181811 -0.016596 -0.161228
FixedParameters: 0 0 0

#Transform 23
Transform: AffineTransform_float_3_3
Parameters: 1 -0.000301382 0.000211464 0.00030164 1 -0.000610431 -0.000211096 0.000610559 1 0.0100324 -0.0133175 -0.130086
FixedParameters: 0 0 0

#Transform 24
Transform: AffineTransform_float_3_3
Parameters: 1 -0.000181775 -4.74187e-06 0.00018177 1 -0.000484001 4.91782e-06 0.000483999 1 0.0149817 0.016912 -0.117944
FixedParameters: 0 0 0

#Transform 25
Transform: AffineTransform_float_3_3
Parameters: 1 -0.000399536 0.000185175 0.00039913 1 -0.000404305 -0.000185683 0.000404458 1 0.0186433 0.0204769 -0.121636
FixedParameters: 0 0 0

#Transform 26
Transform: AffineTransform_float_3_3
Parameters: 1 -0.000449089 0.00024599 0.000448733 1 -0.000404413 -0.000246458 0.000404638 1 0.0191306 0.031287 -0.125215
FixedParameters: 0 0 0

#Transform 27
Transform: AffineTransform_float_3_3
Parameters: 1 -0.00044835 0.000276102 0.000448588 1 -0.000429893 -0.000275717 0.00043014 1 0.022172 0.0109717 -0.114637
FixedParameters: 0 0 0

#Transform 28
Transform: AffineTransform_float_3_3
Parameters: 1 -0.00049806 0.000310954 0.00049829 1 -0.000369571 -0.000310586 0.00036988 1 0.021566 0.0215864 -0.122783
FixedParameters: 0 0 0

#Transform 29
Transform: AffineTransform_float_3_3
Parameters: 1 -0.000523916 0.000279141 0.000523991 1 -0.000134574 -0.000279 0.000134866 1 0.0212114 0.0171779 -0.128147
FixedParameters: 0 0 0

#Transform 30
Transform: AffineTransform_float_3_3
Parameters: 1 -0.000503732 0.000176699 0.000503731 1 3.71119e-06 -0.000176703 -3.53317e-06 1 0.0238731 0.00867657 -0.126381
FixedParameters: 0 0 0

#Transform 31
Transform: AffineTransform_float_3_3
Parameters: 1 -0.000502618 0.000181967 0.000502616 1 3.61028e-06 -0.00018197 -3.42736e-06 1 0.0228396 0.00722555 -0.139792
FixedParameters: 0 0 0

#Transform 32
Transform: AffineTransform_float_3_3
Parameters: 1 -0.000562279 -0.000137705 0.000562282 1 9.58004e-06 0.000137694 -9.7349e-06 1 0.0278123 -0.0196869 -0.225131
FixedParameters: 0 0 0

#Transform 33
Transform: AffineTransform_float_3_3
Parameters: 1 -0.00013275 -0.000172541 0.000132915 1 0.000478107 0.000172414 -0.000478153 1 0.0211341 -0.00585174 -0.160891
FixedParameters: 0 0 0

#Transform 34
Transform: AffineTransform_float_3_3
Parameters: 1 -0.000453872 -3.27077e-05 0.000453894 1 0.000345224 3.23943e-05 -0.000345253 1 0.0265797 0.00612717 -0.18814
FixedParameters: 0 0 0

#Transform 35
Transform: AffineTransform_float_3_3
Parameters: 1 -0.000604298 5.99546e-05 0.000604292 1 5.32355e-05 -6.0019e-05 -5.3163e-05 1 0.0278304 0.0102246 -0.203428
FixedParameters: 0 0 0

#Transform 36
Transform: AffineTransform_float_3_3
Parameters: 0.999999 -0.000704498 0.000127555 0.000704479 0.999999 7.78922e-05 -0.000127665 -7.77124e-05 1 0.0292576 0.00550302 -0.21235
FixedParameters: 0 0 0

#Transform 37
Transform: AffineTransform_float_3_3
Parameters: 1 -0.000651338 9.19495e-05 0.000651324 1 7.45406e-05 -9.20465e-05 -7.44208e-05 1 0.0307705 0.00873338 -0.216249
FixedParameters: 0 0 0

#Transform 38
Transform: AffineTransform_float_3_3
Parameters: 1 -0.000644044 9.07439e-05 0.000644005 1 0.000212472 -9.10175e-05 -0.000212355 1 0.033458 0.00988469 -0.223768
FixedParameters: 0 0 0

#Transform 39
Transform: AffineTransform_float_3_3
Parameters: 0.999999 -0.000779915 0.000186264 0.000779769 0.999999 0.000393351 -0.000186878 -0.00039306 1 0.0355454 -0.00329075 -0.222669
FixedParameters: 0 0 0

#Transform 40
Transform: AffineTransform_float_3_3
Parameters: 0.999999 -0.000765431 0.000173186 0.000765348 1 0.000263964 -0.000173568 -0.000263316 0.999999 0.0368933 -0.00276192 -0.215299
FixedParameters: 0 0 0

#Transform 41
Transform: AffineTransform_float_3_3
Parameters: 0.999999 -0.000729654 0.000150636 0.000729559 0.999999 0.000315024 -0.000151096 -0.000314804 1 0.0378731 0.00484838 -0.22673
FixedParameters: 0 0 0

#Transform 42
Transform: AffineTransform_float_3_3
Parameters: 1 -0.0010115 0.000344235 0.00101171 0.999999 0.000521483 -0.000344451 -0.000521714 1 0.0350693 -0.00730185 -0.240803
FixedParameters: 0 0 0

#Transform 43
Transform: AffineTransform_float_3_3
Parameters: 0.999999 -0.000917509 0.000281475 0.000917253 1 0.000520815 -0.000282457 -0.000521221 1 0.0386152 -0.0157733 -0.235026
FixedParameters: 0 0 0

#Transform 44
Transform: AffineTransform_float_3_3
Parameters: 1 -0.000972302 0.000303783 0.000972285 0.999999 -2.52623e-05 -0.0003037 2.58524e-05 1 0.0529186 0.0144701 -0.245937
FixedParameters: 0 0 0

#Transform 45
Transform: AffineTransform_float_3_3
Parameters: 1 -0.00101851 0.000337822 0.00101845 1 9.55842e-05 -0.000338009 -9.58199e-05 1 0.053061 0.0620183 -0.26325
FixedParameters: 0 0 0

#Transform 46
Transform: AffineTransform_float_3_3
Parameters: 0.999998 -0.00143657 0.000790366 0.00143611 0.999999 0.000666807 -0.000791467 -0.000666387 1 0.0590033 0.0565942 -0.280288
FixedParameters: 0 0 0

#Transform 47
Transform: AffineTransform_float_3_3
Parameters: 0.999998 -0.00169302 0.000819532 0.00169225 0.999997 0.00114548 -0.000821736 -0.00114363 0.999999 0.0677732 0.0550082 -0.303823
FixedParameters: 0 0 0

#Transform 48
Transform: AffineTransform_float_3_3
Parameters: 0.999998 -0.00163281 0.000969981 0.00163168 0.999998 0.00145986 -0.000972268 -0.00145855 0.999999 0.065116 0.0297284 -0.299604
FixedParameters: 0 0 0

#Transform 49
Transform: AffineTransform_float_3_3
Parameters: 0.999998 -0.00155332 0.000791429 0.00155271 0.999998 0.00148305 -0.000793592 -0.00148245 0.999999 0.066057 0.0122219 -0.284324
FixedParameters: 0 0 0

#Transform 50
Transform: AffineTransform_float_3_3
Parameters: 0.999999 -0.0016052 0.00090296 0.00160423 0.999998 0.00148535 -0.000905249 -0.00148431 0.999999 0.0654363 0.0172167 -0.280701
FixedParameters: 0 0 0

#Transform 51
Transform: AffineTransform_float_3_3
Parameters: 0.999999 -0.00161027 0.000807199 0.00160962 0.999998 0.00146182 -0.000809428 -0.00146108 0.999999 0.0656124 0.00499482 -0.289896
FixedParameters: 0 0 0

#Transform 52
Transform: AffineTransform_float_3_3
Parameters: 0.999998 -0.00119405 0.00115444 0.00119145 0.999998 0.00163367 -0.00115674 -0.00163315 0.999998 0.0516529 -0.0442817 -0.297306
FixedParameters: 0 0 0

#Transform 53
Transform: AffineTransform_float_3_3
Parameters: 0.999999 -0.00147044 0.000269989 0.00147103 0.999998 -0.00151739 -0.000267746 0.00151767 0.999998 0.0503252 -0.0127249 -0.327015
FixedParameters: 0 0 0

#Transform 54
Transform: AffineTransform_float_3_3
Parameters: 0.999999 -0.000751353 -0.00015069 0.000750251 0.999994 -0.00323192 0.000153158 0.00323172 0.999994 0.0471122 0.00793174 -0.377624
FixedParameters: 0 0 0

#Transform 55
Transform: AffineTransform_float_3_3
Parameters: 1 -0.000653682 -0.000264484 0.000652899 0.999991 -0.00403299 0.000267544 0.0040327 0.999992 0.0393435 0.0296369 -0.391512
FixedParameters: 0 0 0

#Transform 56
Transform: AffineTransform_float_3_3
Parameters: 1 -0.000181411 -0.000465476 0.000178449 0.99999 -0.00441476 0.000466174 0.00441462 0.99999 0.0298979 -0.179129 -0.397749
FixedParameters: 0 0 0

#Transform 57
Transform: AffineTransform_float_3_3
Parameters: 0.999998 0.00155959 0.00027237 -0.00155879 0.999995 -0.00274142 -0.000276818 0.00274125 0.999996 -0.0119273 -0.0162551 -0.293442
FixedParameters: 0 0 0

#Transform 58
Transform: AffineTransform_float_3_3
Parameters: 1 0.000869815 0.000525686 -0.000868844 0.999997 -0.00194206 -0.000527155 0.0019411 0.999998 -0.0183438 -0.00507284 -0.304671
FixedParameters: 0 0 0

#Transform 59
Transform: AffineTransform_float_3_3
Parameters: 0.999999 0.000727679 0.000666699 -0.000726341 0.999999 -0.00159771 -0.000668488 0.00159802 0.999998 -0.0220863 -0.0210272 -0.300054
FixedParameters: 0 0 0

#Transform 60
Transform: AffineTransform_float_3_3
Parameters: 1 0.000606802 0.000739906 -0.000605641 0.999998 -0.00188406 -0.000741114 0.00188311 0.999998 -0.0125455 -0.0227884 -0.308619
FixedParameters: 0 0 0

#Transform 61
Transform: AffineTransform_float_3_3
Parameters: 0.999999 0.000425747 0.000743889 -0.000423985 0.999997 -0.00226058 -0.000744776 0.00226082 0.999997 -0.00525409 -0.023182 -0.330741
FixedParameters: 0 0 0

#Transform 62
Transform: AffineTransform_float_3_3
Parameters: 0.999999 0.000381331 0.000695104 -0.000379897 0.999997 -0.00218298 -0.000695731 0.00218333 0.999997 -0.00206952 -0.0369412 -0.305188
FixedParameters: 0 0 0

#Transform 63
Transform: AffineTransform_float_3_3
Parameters: 1 7.3874e-05 0.000233492 -7.27999e-05 0.999997 -0.00216058 -0.000233876 0.00216055 0.999997 0.00853187 -0.0469961 -0.268777
FixedParameters: 0 0 0

#Transform 64
Transform: AffineTransform_float_3_3
Parameters: 1 0.000130529 0.000374061 -0.000129787 0.999998 -0.0020168 -0.000374098 0.00201668 0.999998 0.015058 -0.0287814 -0.2501
FixedParameters: 0 0 0

#Transform 65
Transform: AffineTransform_float_3_3
Parameters: 1 8.98547e-05 0.000368694 -8.93266e-05 0.999999 -0.00175595 -0.000368521 0.00175586 0.999999 0.0189219 -0.0313872 -0.234254
FixedParameters: 0 0 0

#Transform 66
Transform: AffineTransform_float_3_3
Parameters: 1 6.64094e-05 0.000414522 -6.57203e-05 0.999999 -0.00175628 -0.000414266 0.0017562 0.999999 0.0179948 -0.0277545 -0.228703
FixedParameters: 0 0 0

#Transform 67
Transform: AffineTransform_float_3_3
Parameters: 1 -5.67158e-06 0.000525116 6.86847e-06 0.999998 -0.00163677 -0.00052596 0.00163678 0.999998 0.0216909 -0.0303061 -0.228983
FixedParameters: 0 0 0

#Transform 68
Transform: AffineTransform_float_3_3
Parameters: 1 -9.64938e-05 0.000477954 9.75671e-05 0.999998 -0.00166945 -0.000478495 0.00166955 0.999998 0.0236606 -0.0299142 -0.228938
FixedParameters: 0 0 0

#Transform 69
Transform: AffineTransform_float_3_3
Parameters: 1 -0.000110447 0.000540403 0.000111022 0.999999 -0.00175525 -0.000540358 0.00175535 0.999999 0.032009 -0.016084 -0.240677
FixedParameters: 0 0 0

#Transform 70
Transform: AffineTransform_float_3_3
Parameters: 1 -0.000216242 0.000298755 0.000216948 0.999998 -0.00200364 -0.000298785 0.00200377 0.999998 0.0306379 -0.0156811 -0.239957
FixedParameters: 0 0 0

#Transform 71
Transform: AffineTransform_float_3_3
Parameters: 1 -0.000234864 0.000374666 0.000234852 0.999999 -0.00175047 -0.000374187 0.00175062 0.999999 0.0367771 -0.0203649 -0.24046
FixedParameters: 0 0 0

#Transform 72
Transform: AffineTransform_float_3_3
Parameters: 1 0.000305215 -0.00020362 -0.000305545 0.999997 -0.00241646 0.000202875 0.00241658 0.999997 0.0284494 0.00978531 -0.191144
FixedParameters: 0 0 0

#Transform 73
Transform: AffineTransform_float_3_3
Parameters: 0.999999 0.00069794 -0.000430464 -0.000698309 0.999999 -0.00111182 0.000429709 0.00111241 1 0.0281681 -0.0225644 -0.137068
FixedParameters: 0 0 0

#Transform 74
Transform: AffineTransform_float_3_3
Parameters: 1 0.00059542 -0.000359603 -0.000596125 0.999999 -0.00103477 0.000358345 0.00103427 0.999999 0.0293381 -0.0221531 -0.165178
FixedParameters: 0 0 0

#Transform 75
Transform: AffineTransform_float_3_3
Parameters: 1 0.000472565 -0.000279854 -0.000473161 1 -0.00112463 0.000278757 0.00112489 1 0.0335009 -0.0177937 -0.165225
FixedParameters: 0 0 0

#Transform 76
Transform: AffineTransform_float_3_3
Parameters: 1 0.000148563 -6.00733e-05 -0.000148654 1 -0.0010248 5.97351e-05 0.00102482 1 0.0333908 -0.0253164 -0.161799
FixedParameters: 0 0 0

#Transform 77
Transform: AffineTransform_float_3_3
Parameters: 1 0.000259236 -2.75286e-05 -0.000259531 0.999997 -0.00269965 2.73798e-05 0.00269964 0.999997 0.00752126 -0.0682474 -0.254835
FixedParameters: 0 0 0

#Transform 78
Transform: AffineTransform_float_3_3
Parameters: 1 0.000399901 -7.38013e-05 -0.000399481 1 -0.00113681 7.369e-05 0.00113686 1 0.0242407 -0.018808 -0.1723
FixedParameters: 0 0 0

#Transform 79
Transform: AffineTransform_float_3_3
Parameters: 1 9.91521e-05 0.000217571 -9.87471e-05 0.999999 -0.00093043 -0.000217755 0.000930387 0.999999 0.0275449 -0.0407533 -0.173069
FixedParameters: 0 0 0

#Transform 80
Transform: AffineTransform_float_3_3
Parameters: 1 0.000153481 0.00028746 -0.000152819 1 -0.00109453 -0.000287829 0.00109445 1 0.0156276 -0.0301164 -0.186684
FixedParameters: 0 0 0

#Transform 81
Transform: AffineTransform_float_3_3
Parameters: 1 0.000458285 1.28064e-05 -0.000457669 1 -0.0010752 -1.29937e-05 0.00107518 1 0.0219252 -0.0341307 -0.181916
FixedParameters: 0 0 0

#Transform 82
Transform: AffineTransform_float_3_3
Parameters: 1 0.000374573 3.94696e-06 -0.00037453 0.999999 -0.00120269 -4.88147e-06 0.00120269 1 0.0169369 -0.0319287 -0.181687
FixedParameters: 0 0 0

#Transform 83
Transform: AffineTransform_float_3_3
Parameters: 1 0.000412327 -5.47721e-05 -0.000411869 0.999999 -0.00119234 5.45868e-05 0.00119239 1 0.0210702 -0.0235467 -0.177747
FixedParameters: 0 0 0

#Transform 84
Transform: AffineTransform_float_3_3
Parameters: 1 0.000436924 -1.92585e-05 -0.000436931 1 -0.00105431 1.83036e-05 0.00105433 1 0.0204642 -0.0225914 -0.171132
FixedParameters: 0 0 0

#Transform 85
Transform: AffineTransform_float_3_3
Parameters: 1 0.000340274 -0.000162178 -0.000340078 0.999999 -0.00120538 0.000162155 0.00120549 1 0.0231722 -0.0154586 -0.173608
FixedParameters: 0 0 0

#Transform 86
Transform: AffineTransform_float_3_3
Parameters: 1 2.06417e-05 -4.48056e-05 -2.0715e-05 1 -0.00117795 4.47233e-05 0.00117795 1 0.0243548 -0.0312654 -0.276176
FixedParameters: 0 0 0

#Transform 87
Transform: AffineTransform_float_3_3
Parameters: 1 0.000329139 -0.000181707 -0.000329457 0.999999 -0.000876792 0.00018113 0.000876912 0.999999 0.0269941 -0.020941 -0.217805
FixedParameters: 0 0 0

#Transform 88
Transform: AffineTransform_float_3_3
Parameters: 1 -4.33185e-05 -0.00028203 4.2861e-05 0.999999 -0.000810976 0.0002821 0.000810952 0.999999 0.0232986 -0.0191786 -0.227662
FixedParameters: 0 0 0

#Transform 89
Transform: AffineTransform_float_3_3
Parameters: 0.999983 0.00242298 -0.00516932 -0.00242442 0.999997 -0.000247579 0.00516826 0.000259905 0.999986 0.0973611 -0.0128483 -0.240124
FixedParameters: 0 0 0

#Transform 90
Transform: AffineTransform_float_3_3
Parameters: 0.999995 0.00144497 -0.00261835 -0.00144395 0.999999 0.000205645 0.00261892 -0.000201076 0.999996 0.0396354 -0.033743 -0.21103
FixedParameters: 0 0 0

#Transform 91
Transform: AffineTransform_float_3_3
Parameters: 0.999994 0.00130678 -0.00296615 -0.0013038 0.999999 0.000840136 0.00296719 -0.000835784 0.999995 0.000102832 -0.0622797 -0.240326
FixedParameters: 0 0 0

#Transform 92
Transform: AffineTransform_float_3_3
Parameters: 0.999996 0.00267523 -0.00109957 -0.0026778 0.999992 -0.0029007 0.00109118 0.00290358 0.999995 -0.0422442 -0.0137306 -0.260856
FixedParameters: 0 0 0

#Transform 93
Transform: AffineTransform_float_3_3
Parameters: 0.999993 0.00290531 -0.00258181 -0.00290355 0.999996 0.000555284 0.00258337 -0.000548431 0.999996 -0.0253329 -0.116543 -0.0498261
FixedParameters: 0 0 0

#Transform 94
Transform: AffineTransform_float_3_3
Parameters: 0.999995 0.00245942 -0.00231507 -0.00245928 0.999997 2.94338e-05 0.00231521 -2.4355e-05 0.999997 -0.0116142 -0.0315179 -0.121103
FixedParameters: 0 0 0

#Transform 95
Transform: AffineTransform_float_3_3
Parameters: 0.999996 0.0020092 -0.00200004 -0.00201005 0.999998 -0.000214207 0.00199918 0.000218166 0.999998 -0.00297631 -0.0176504 -0.140657
FixedParameters: 0 0 0

#Transform 96
Transform: AffineTransform_float_3_3
Parameters: 0.999981 0.00189579 -0.00583966 -0.00190492 0.999996 -0.00155685 0.00583687 0.00156726 0.999982 0.107915 -0.00973204 -0.386846
FixedParameters: 0 0 0

#Transform 97
Transform: AffineTransform_float_3_3
Parameters: 0.999989 0.00210058 -0.00422661 -0.00210567 0.999997 -0.00120855 0.0042239 0.001217 0.99999 0.0413095 -0.0151298 -0.26217
FixedParameters: 0 0 0

#Transform 98
Transform: AffineTransform_float_3_3
Parameters: 0.999986 0.00189757 -0.00482694 -0.00190823 0.999996 -0.00226743 0.00482254 0.00227671 0.999986 0.0633534 0.0120361 -0.337112
FixedParameters: 0 0 0

#Transform 99
Transform: AffineTransform_float_3_3
Parameters: 0.999986 0.00138398 -0.00508803 -0.00140182 0.999993 -0.00353937 0.0050837 0.00354693 0.99998 0.0680134 0.0117522 -0.255007
FixedParameters: 0 0 0

#Transform 100
Transform: AffineTransform_float_3_3
Parameters: 0.999987 0.00121035 -0.00497518 -0.00122834 0.999992 -0.00366685 0.00497034 0.00367333 0.999981 0.0686909 0.00974765 -0.230444
FixedParameters: 0 0 0

#Transform 101
Transform: AffineTransform_float_3_3
Parameters: 0.999992 0.001671 -0.00362792 -0.00168167 0.999994 -0.00292626 0.00362289 0.00293214 0.999989 0.0745928 -1.18258e-05 -0.223846
FixedParameters: 0 0 0

#Transform 102
Transform: AffineTransform_float_3_3
Parameters: 0.999994 0.00352845 -0.000751083 -0.00353025 0.999991 -0.00220813 0.000743087 0.0022106 0.999997 -0.0336056 -0.0334926 -0.1761
FixedParameters: 0 0 0

#Transform 103
Transform: AffineTransform_float_3_3
Parameters: 0.999994 0.00345165 -0.000536882 -0.00345282 0.999992 -0.00197654 0.000529988 0.00197835 0.999998 -0.0413332 -0.0323944 -0.152832
FixedParameters: 0 0 0

#Transform 104
Transform: AffineTransform_float_3_3
Parameters: 0.999994 0.00355633 -0.00064647 -0.00355816 0.999992 -0.00169447 0.000640379 0.00169625 0.999998 -0.0329336 -0.0528326 -0.131698
FixedParameters: 0 0 0

#Transform 105
Transform: AffineTransform_float_3_3
Parameters: 0.999994 0.00361949 -0.000283418 -0.00362049 0.999992 -0.00194256 0.000276721 0.00194308 0.999998 -0.0456621 -0.0270264 -0.148274
FixedParameters: 0 0 0

#Transform 106
Transform: AffineTransform_float_3_3
Parameters: 0.999993 0.00350881 -0.000380371 -0.0035093 0.999993 -0.00190881 0.000373751 0.00190997 0.999998 -0.0412262 -0.0238193 -0.144119
FixedParameters: 0 0 0

#Transform 107
Transform: AffineTransform_float_3_3
Parameters: 0.999994 0.00349282 -0.000117593 -0.00349321 0.999992 -0.002133 0.000109998 0.00213282 0.999998 -0.0466371 -0.0340923 -0.141953
FixedParameters: 0 0 0

#Transform 108
Transform: AffineTransform_float_3_3
Parameters: 0.999994 0.00347245 0.000116542 -0.00347247 0.999992 -0.00193771 -0.000123496 0.00193683 0.999999 -0.0499553 0.0171587 -0.161034
FixedParameters: 0 0 0

#Transform 109
Transform: AffineTransform_float_3_3
Parameters: 0.999995 0.00331274 0.000248476 -0.00331161 0.999994 -0.00163929 -0.000253342 0.00163891 0.999999 -0.0530443 0.0163749 -0.165368
FixedParameters: 0 0 0

#Transform 110
Transform: AffineTransform_float_3_3
Parameters: 0.999995 0.00329355 0.000225242 -0.00329304 0.999994 -0.00163898 -0.000230864 0.00163784 0.999998 -0.0530389 -0.000709039 -0.163206
FixedParameters: 0 0 0

#Transform 111
Transform: AffineTransform_float_3_3
Parameters: 0.999995 0.00319938 -9.76463e-05 -0.00320023 0.999993 -0.002052 9.0979e-05 0.00205256 0.999998 -0.0397755 -0.015556 -0.14082
FixedParameters: 0 0 0

#Transform 112
Transform: AffineTransform_float_3_3
Parameters: 0.999995 0.00311509 -0.000143319 -0.00311478 0.999993 -0.00220474 0.000136324 0.00220558 0.999998 -0.0471105 -0.00194943 -0.150218
FixedParameters: 0 0 0

#Transform 113
Transform: AffineTransform_float_3_3
Parameters: 0.999997 0.00230725 -0.00135696 -0.00230929 0.999996 -0.00159247 0.00135295 0.00159539 0.999997 0.0136686 0.0413606 -0.218636
FixedParameters: 0 0 0

#Transform 114
Transform: AffineTransform_float_3_3
Parameters: 0.999996 0.00206858 -0.00161189 -0.00207002 0.999997 -0.00105991 0.00160857 0.00106343 0.999999 0.0337498 0.0368412 -0.230784
FixedParameters: 0 0 0

#Transform 115
Transform: AffineTransform_float_3_3
Parameters: 0.999999 0.00153357 -0.00104841 -0.00153443 0.999999 -0.000678432 0.00104718 0.000679795 0.999999 0.0299502 0.0576126 -0.261802
FixedParameters: 0 0 0

#Transform 116
Transform: AffineTransform_float_3_3
Parameters: 0.999998 0.00136931 -0.00106301 -0.0013695 0.999999 -0.000369494 0.00106281 0.000370554 0.999999 0.0321614 0.0455968 -0.273247
FixedParameters: 0 0 0

#Transform 117
Transform: AffineTransform_float_3_3
Parameters: 0.999999 0.00142755 -0.00104784 -0.00142832 0.999999 -0.000370685 0.0010468 0.000371828 0.999999 0.033357 0.0589469 -0.288118
FixedParameters: 0 0 0

#Transform 118
Transform: AffineTransform_float_3_3
Parameters: 0.999999 0.00123356 -0.000956562 -0.0012337 0.999999 -0.000368736 0.00095649 0.000370168 0.999999 0.0319748 0.0565804 -0.281962
FixedParameters: 0 0 0

#Transform 119
Transform: AffineTransform_float_3_3
Parameters: 0.999999 0.00115091 -0.000891154 -0.00115068 0.999999 -0.000185497 0.000891565 0.000186621 0.999999 0.038007 0.0646683 -0.296407
FixedParameters: 0 0 0

#Transform 120
Transform: AffineTransform_float_3_3
Parameters: 0.999999 0.00111084 -0.000853725 -0.00111052 0.999999 0.0001816 0.000854136 -0.000180627 1 0.0374527 0.062481 -0.307979
FixedParameters: 0 0 0

#Transform 121
Transform: AffineTransform_float_3_3
Parameters: 0.999999 0.00108045 -0.000782957 -0.00108058 0.999999 0.000262886 0.000782701 -0.000262114 1 0.0398521 0.0657982 -0.321306
FixedParameters: 0 0 0

#Transform 122
Transform: AffineTransform_float_3_3
Parameters: 0.999999 0.00120182 -0.000907318 -0.0012019 0.999999 0.0002634 0.000907106 -0.000262521 1 0.0437572 0.0454853 -0.319021
FixedParameters: 0 0 0

#Transform 123
Transform: AffineTransform_float_3_3
Parameters: 0.999999 0.00107039 -0.000828353 -0.00106936 0.999999 0.000624251 0.000829675 -0.000623783 1 0.0442465 0.0484383 -0.311629
FixedParameters: 0 0 0

#Transform 124
Transform: AffineTransform_float_3_3
Parameters: 0.999999 0.00105959 -0.000845671 -0.00105856 0.999999 0.000941269 0.000846811 -0.000939855 1 0.0436446 0.0423905 -0.313092
FixedParameters: 0 0 0

#Transform 125
Transform: AffineTransform_float_3_3
Parameters: 0.999999 0.00105385 -0.000884182 -0.00105254 0.999999 0.00105675 0.000885575 -0.00105488 0.999999 0.0461035 0.0450924 -0.308784
FixedParameters: 0 0 0

#Transform 126
Transform: AffineTransform_float_3_3
Parameters: 0.999999 0.00111652 -0.000732505 -0.00111552 0.999998 0.00105268 0.000734031 -0.00105196 0.999999 0.0417144 0.0436081 -0.296179
FixedParameters: 0 0 0

#Transform 127
Transform: AffineTransform_float_3_3
Parameters: 1 0.000903747 -0.000593373 -0.000902865 0.999999 0.00121024 0.000594728 -0.00120916 0.999999 0.038644 0.059127 -0.303259
FixedParameters: 0 0 0

#Transform 128
Transform: AffineTransform_float_3_3
Parameters: 1 0.000818109 -0.000606479 -0.000816921 0.999999 0.00140444 0.000607919 -0.00140437 0.999999 0.0349314 0.0407334 -0.309762
FixedParameters: 0 0 0

#Transform 129
Transform: AffineTransform_float_3_3
Parameters: 0.999999 0.000726863 -0.000607724 -0.000726022 0.999999 0.00154797 0.000608253 -0.001548 0.999999 0.0402533 0.0506947 -0.332632
FixedParameters: 0 0 0

#Transform 130
Transform: AffineTransform_float_3_3
Parameters: 0.999999 0.000621071 -0.000539806 -0.000620903 0.999998 0.00141627 0.000541233 -0.001416 0.999999 0.0379018 0.0150407 -0.356625
FixedParameters: 0 0 0

#Transform 131
Transform: AffineTransform_float_3_3
Parameters: 0.999999 0.000608704 -0.000467305 -0.00060797 0.999998 0.0019051 0.000467893 -0.00190452 0.999998 0.0365941 0.00846807 -0.369855
FixedParameters: 0 0 0

#Transform 132
Transform: AffineTransform_float_3_3
Parameters: 1 0.000493269 -0.000279336 -0.000492609 0.999998 0.00205591 0.000280465 -0.00205563 0.999998 0.0341074 0.0858804 -0.386311
FixedParameters: 0 0 0

#Transform 133
Transform: AffineTransform_float_3_3
Parameters: 1 0.000445711 -0.000208038 -0.000445163 0.999999 0.0012363 0.000209105 -0.00123611 0.999999 0.0245793 0.0903185 -0.364882
FixedParameters: 0 0 0

#Transform 134
Transform: AffineTransform_float_3_3
Parameters: 1 0.000295613 -0.000205705 -0.000295561 0.999999 0.00139778 0.000205667 -0.00139765 0.999999 0.0308476 0.0608848 -0.370174
FixedParameters: 0 0 0

#Transform 135
Transform: AffineTransform_float_3_3
Parameters: 1 0.000338601 -0.000210577 -0.000338412 0.999998 0.00169123 0.000210857 -0.00169108 0.999998 0.0260251 0.0621208 -0.394622
FixedParameters: 0 0 0

#Transform 136
Transform: AffineTransform_float_3_3
Parameters: 1 0.00027017 -0.000244066 -0.000269906 0.999998 0.00161389 0.000244073 -0.00161375 0.999998 0.0243074 0.0556391 -0.412908
FixedParameters: 0 0 0

#Transform 137
Transform: AffineTransform_float_3_3
Parameters: 1 0.000360145 -0.000267343 -0.000359135 0.999999 0.00176484 0.000268545 -0.00176465 0.999999 0.0287502 0.0381897 -0.42039
FixedParameters: 0 0 0

#Transform 138
Transform: AffineTransform_float_3_3
Parameters: 1 0.000277207 -0.000238543 -0.000276299 0.999999 0.00176574 0.000239453 -0.0017656 0.999999 0.0266161 0.0296616 -0.407898
FixedParameters: 0 0 0

#Transform 139
Transform: AffineTransform_float_3_3
Parameters: 1 0.000299374 -0.00021607 -0.000298546 0.999999 0.001765 0.000217058 -0.00176487 0.999999 0.0254658 0.039414 -0.393342
FixedParameters: 0 0 0

#Transform 140
Transform: AffineTransform_float_3_3
Parameters: 1 0.000332879 -0.00030778 -0.000332197 0.999998 0.00190498 0.000308149 -0.00190477 0.999998 0.0291396 0.0413741 -0.387374
FixedParameters: 0 0 0

#Transform 141
Transform: AffineTransform_float_3_3
Parameters: 1 0.000463748 -0.000439585 -0.000463213 0.999997 0.00266821 0.000440817 -0.00266781 0.999997 0.0300193 0.0579271 -0.412803
FixedParameters: 0 0 0

#Transform 142
Transform: AffineTransform_float_3_3
Parameters: 1 0.000361979 -0.000293208 -0.000361526 0.999995 0.00290953 0.000294903 -0.00290933 0.999995 0.0278074 0.0682785 -0.443026
FixedParameters: 0 0 0

#Transform 143
Transform: AffineTransform_float_3_3
Parameters: 1 0.000263456 -0.0002298 -0.000262558 0.999996 0.00288012 0.00023035 -0.00287999 0.999996 0.024206 0.0598744 -0.459145
FixedParameters: 0 0 0

#Transform 144
Transform: AffineTransform_float_3_3
Parameters: 1 0.000306229 -0.00017828 -0.000305618 0.999995 0.00290457 0.000179091 -0.00290446 0.999996 0.022392 0.0546459 -0.466492
FixedParameters: 0 0 0

#Transform 145
Transform: AffineTransform_float_3_3
Parameters: 1 0.000251532 -0.000206366 -0.000250843 0.999997 0.00270289 0.000206759 -0.00270278 0.999997 0.0220021 0.0580934 -0.468061
FixedParameters: 0 0 0

#Transform 146
Transform: AffineTransform_float_3_3
Parameters: 1 0.0003097 -0.000204161 -0.000309012 0.999996 0.00274721 0.000204874 -0.00274746 0.999997 0.0226059 0.0480099 -0.468976
FixedParameters: 0 0 0

#Transform 147
Transform: AffineTransform_float_3_3
Parameters: 1 0.000230821 -0.000179643 -0.000230935 0.999995 0.00308588 0.000180624 -0.00308582 0.999995 0.023246 0.0480226 -0.483773
FixedParameters: 0 0 0

#Transform 148
Transform: AffineTransform_float_3_3
Parameters: 1 0.000164232 -0.000157734 -0.000163163 0.999995 0.00297362 0.000158573 -0.00297356 0.999995 0.0257459 0.0376003 -0.47592
FixedParameters: 0 0 0

#Transform 149
Transform: AffineTransform_float_3_3
Parameters: 1 1.01115e-05 -4.15886e-05 -9.6983e-06 0.999996 0.00304033 4.14809e-05 -0.00304032 0.999996 0.018713 0.0400984 -0.493805
FixedParameters: 0 0 0

#Transform 150
Transform: AffineTransform_float_3_3
Parameters: 1 7.56964e-05 -0.000116662 -7.4818e-05 0.999996 0.00307245 0.000116957 -0.00307243 0.999996 0.0235885 0.0351441 -0.494876
FixedParameters: 0 0 0

#Transform 151
Transform: AffineTransform_float_3_3
Parameters: 1 6.69394e-05 -8.82113e-05 -6.67953e-05 0.999996 0.00306613 8.76224e-05 -0.00306611 0.999996 0.0252642 0.0536752 -0.488335
FixedParameters: 0 0 0

#Transform 152
Transform: AffineTransform_float_3_3
Parameters: 1 -5.88016e-06 -2.26987e-05 6.22985e-06 0.999994 0.0034764 2.24551e-05 -0.0034764 0.999994 0.0219162 0.0466688 -0.502083
FixedParameters: 0 0 0

#Transform 153
Transform: AffineTransform_float_3_3
Parameters: 1 -0.000135135 0.00010449 0.000135165 0.999994 0.00327849 -0.000104713 -0.00327846 0.999994 0.0260728 0.0581832 -0.521838
FixedParameters: 0 0 0

#Transform 154
Transform: AffineTransform_float_3_3
Parameters: 1 -0.000190827 -0.000121288 0.000191055 0.999994 0.00354976 0.000120307 -0.00354945 0.999993 0.0304168 0.0564975 -0.52955
FixedParameters: 0 0 0

#Transform 155
Transform: AffineTransform_float_3_3
Parameters: 1 -0.000139483 0.000100077 0.000139535 0.999994 0.00363073 -0.000100494 -0.0036307 0.999994 0.026257 0.0491844 -0.530442
FixedParameters: 0 0 0

#Transform 156
Transform: AffineTransform_float_3_3
Parameters: 1 -0.00015239 7.18768e-05 0.000152631 0.999991 0.00418054 -7.26231e-05 -0.00418052 0.999992 0.0245649 0.0333978 -0.549906
FixedParameters: 0 0 0

#Transform 157
Transform: AffineTransform_float_3_3
Parameters: 1 -9.63769e-05 1.52914e-05 9.62646e-05 0.999992 0.00416949 -1.50108e-05 -0.00416951 0.999992 0.0235474 0.0293367 -0.543081
FixedParameters: 0 0 0

#Transform 158
Transform: AffineTransform_float_3_3
Parameters: 1 -4.14474e-05 4.96935e-05 4.18752e-05 0.99999 0.00452312 -4.95751e-05 -0.00452312 0.99999 0.0185356 0.0230365 -0.544478
FixedParameters: 0 0 0

#Transform 159
Transform: AffineTransform_float_3_3
Parameters: 1 -9.85617e-05 7.51106e-05 9.87744e-05 0.999991 0.00419859 -7.54103e-05 -0.00419858 0.999991 0.0238396 0.0257917 -0.547693
FixedParameters: 0 0 0

#Transform 160
Transform: AffineTransform_float_3_3
Parameters: 1 -7.4317e-05 9.52692e-05 7.37878e-05 0.99999 0.00460596 -9.63208e-05 -0.00460594 0.99999 0.0233808 0.0275248 -0.564846
FixedParameters: 0 0 0

#Transform 161
Transform: AffineTransform_float_3_3
Parameters: 1 0.000253447 -9.25638e-05 -0.000253349 0.999996 0.00282602 9.30307e-05 -0.00282597 0.999996 0.0140376 -0.00317737 -0.436127
FixedParameters: 0 0 0

#Transform 162
Transform: AffineTransform_float_3_3
Parameters: 1 0.000579482 -0.000307071 -0.000578691 0.999997 0.00208396 0.000308587 -0.0020836 0.999998 0.0173363 -0.0127918 -0.503333
FixedParameters: 0 0 0

#Transform 163
Transform: AffineTransform_float_3_3
Parameters: 1 0.000163716 -0.000176043 -0.000163693 0.999999 0.00155353 0.000175687 -0.00155346 0.999999 0.0201223 -0.0295699 -0.502057
FixedParameters: 0 0 0

#Transform 164
Transform: AffineTransform_float_3_3
Parameters: 1 9.79818e-05 -9.54111e-05 -9.76304e-05 0.999998 0.00167035 9.57043e-05 -0.00167033 0.999998 0.0132429 -0.0184162 -0.481768
FixedParameters: 0 0 0

#Transform 165
Transform: AffineTransform_float_3_3
Parameters: 1 8.98753e-05 -9.98492e-05 -8.97096e-05 0.999999 0.00082933 9.99981e-05 -0.000829312 0.999999 0.0153869 -0.0269067 -0.467889
FixedParameters: 0 0 0

#Transform 166
Transform: AffineTransform_float_3_3
Parameters: 0.999998 0.00160905 -0.00112269 -0.00161198 0.999995 -0.00285795 0.00111835 0.00285969 0.999995 0.0099244 -0.00257657 -0.371863
FixedParameters: 0 0 0

#Transform 167
Transform: AffineTransform_float_3_3
Parameters: 0.999996 0.00221316 -0.00211948 -0.00221849 0.999995 -0.0023897 0.00211409 0.002395 0.999995 0.00663576 -0.0526229 -0.257002
FixedParameters: 0 0 0

#Transform 168
Transform: AffineTransform_float_3_3
Parameters: 0.999996 0.00241333 -0.00139924 -0.00241273 0.999997 0.00060466 0.00140053 -0.000601592 0.999999 -0.0259191 -0.0431209 -0.215527
FixedParameters: 0 0 0

#Transform 169
Transform: AffineTransform_float_3_3
Parameters: 0.999997 0.00192473 -0.000994035 -0.00192281 0.999997 0.00136205 0.000996206 -0.00136004 0.999999 -0.00707648 -0.0064197 -0.270391
FixedParameters: 0 0 0

#Transform 170
Transform: AffineTransform_float_3_3
Parameters: 0.999999 0.00161894 -0.000762874 -0.00161836 0.999998 0.00143549 0.000765031 -0.00143447 0.999998 -0.00405758 -0.0134323 -0.277057
FixedParameters: 0 0 0

#Transform 171
Transform: AffineTransform_float_3_3
Parameters: 0.999998 0.00154873 -0.000599538 -0.00154808 0.999997 0.00143551 0.000602295 -0.00143456 0.999999 -0.00152682 -0.0138748 -0.271041
FixedParameters: 0 0 0

#Transform 172
Transform: AffineTransform_float_3_3
Parameters: 0.999998 0.00154289 -0.000575159 -0.00154157 0.999997 0.00135516 0.000577096 -0.00135428 0.999999 -0.00342364 -0.0116339 -0.229211
FixedParameters: 0 0 0

#Transform 173
Transform: AffineTransform_float_3_3
Parameters: 0.999998 0.00161059 -0.00062338 -0.00160966 0.999998 0.00137161 0.000624743 -0.0013701 0.999999 -0.00161929 -0.00960804 -0.22612
FixedParameters: 0 0 0

#Transform 174
Transform: AffineTransform_float_3_3
Parameters: 0.999999 0.00169551 -0.000681604 -0.0016942 0.999998 0.00115221 0.000683319 -0.00115041 0.999999 0.00233291 -0.0111187 -0.210959
FixedParameters: 0 0 0

#Transform 175
Transform: AffineTransform_float_3_3
Parameters: 0.999998 0.00155727 -0.000510164 -0.00155686 0.999999 0.000903333 0.000512141 -0.000902278 1 -0.00241816 -0.0137368 -0.213013
FixedParameters: 0 0 0

#Transform 176
Transform: AffineTransform_float_3_3
Parameters: 0.999999 0.00179533 -0.000527194 -0.00179444 0.999998 0.000571213 0.000527896 -0.000570758 1 -0.00571977 -0.0424346 -0.222694
FixedParameters: 0 0 0

#Transform 177
Transform: AffineTransform_float_3_3
Parameters: 0.999999 0.00150829 -0.00109496 -0.0015078 0.999999 0.000473125 0.00109557 -0.000471666 0.999999 0.0184863 0.127686 -0.301107
FixedParameters: 0 0 0

#Transform 178
Transform: AffineTransform_float_3_3
Parameters: 0.999999 0.00150639 -0.00107665 -0.00150479 0.999998 0.00149914 0.00107865 -0.00149773 0.999998 0.0153616 0.103094 -0.312598
FixedParameters: 0 0 0

#Transform 179
Transform: AffineTransform_float_3_3
Parameters: 0.999999 0.00106344 -0.00084679 -0.00106169 0.999997 0.00244688 0.000849959 -0.00244601 0.999997 0.016368 0.101814 -0.321032
FixedParameters: 0 0 0

#Transform 180
Transform: AffineTransform_float_3_3
Parameters: 0.999999 0.000712141 -0.000550412 -0.000710502 0.999995 0.00309814 0.000553544 -0.00309737 0.999995 0.00985943 0.0755287 -0.339086
FixedParameters: 0 0 0

#Transform 181
Transform: AffineTransform_float_3_3
Parameters: 0.999999 0.000756194 -0.000437098 -0.000754777 0.999995 0.00329958 0.000439389 -0.00329891 0.999995 0.00120716 0.073702 -0.336981
FixedParameters: 0 0 0

#Transform 182
Transform: AffineTransform_float_3_3
Parameters: 1 0.000590129 -0.000340201 -0.000588651 0.999993 0.00351074 0.000342475 -0.00351032 0.999994 0.00514082 0.0547132 -0.328006
FixedParameters: 0 0 0

#Transform 183
Transform: AffineTransform_float_3_3
Parameters: 0.999999 0.000626695 -0.000447292 -0.000625705 0.999993 0.00363795 0.000449674 -0.00363739 0.999994 0.00788679 0.0348127 -0.321897
FixedParameters: 0 0 0

#Transform 184
Transform: AffineTransform_float_3_3
Parameters: 1 0.000599837 -0.000326928 -0.000598323 0.999993 0.0036574 0.000329413 -0.003657 0.999993 0.00542486 0.0549208 -0.328514
FixedParameters: 0 0 0

#Transform 185
Transform: AffineTransform_float_3_3
Parameters: 1 0.000625406 -0.000319717 -0.000624301 0.999992 0.00391993 0.000321853 -0.00391951 0.999992 0.00642171 0.0577618 -0.345953
FixedParameters: 0 0 0

#Transform 186
Transform: AffineTransform_float_3_3
Parameters: 1 0.000527885 -0.000351034 -0.000525977 0.999992 0.00392206 0.000353236 -0.00392168 0.999992 0.0122898 0.0681582 -0.346891
FixedParameters: 0 0 0

#Transform 187
Transform: AffineTransform_float_3_3
Parameters: 1 0.000483598 -0.000276953 -0.000482113 0.999992 0.00414962 0.000278995 -0.00414934 0.999992 0.00959758 0.0615756 -0.35068
FixedParameters: 0 0 0

#Transform 188
Transform: AffineTransform_float_3_3
Parameters: 1 0.000512658 -0.000247231 -0.000511896 0.99999 0.00431368 0.000248855 -0.00431341 0.99999 0.00791579 0.0680648 -0.361724
FixedParameters: 0 0 0

#Transform 189
Transform: AffineTransform_float_3_3
Parameters: 1 0.000509248 -0.000217069 -0.000508112 0.99999 0.00441127 0.000219559 -0.00441104 0.99999 0.00438606 0.0629457 -0.373773
FixedParameters: 0 0 0
