#Insight Transform File V1.0
#Transform 0
Transform: AffineTransform_float_3_3
Parameters: 1 0.000279679 -0.000163422 -0.00027917 0.999999 0.00145638 0.000164202 -0.00145629 0.999999 -0.00297086 -0.00713811 0.246285
FixedParameters: 0 0 0

#Transform 1
Transform: AffineTransform_float_3_3
Parameters: 1 9.37529e-05 -0.000160478 -9.38322e-05 0.999999 0.00138639 0.000159873 -0.00138636 0.999999 -0.00508913 0.0307209 0.41563
FixedParameters: 0 0 0

#Transform 2
Transform: AffineTransform_float_3_3
Parameters: 1 0.00023833 0.000144105 -0.000238124 0.999997 0.00250734 -0.000143566 -0.00250739 0.999997 -0.0185106 0.00901012 0.439907
FixedParameters: 0 0 0

#Transform 3
Transform: AffineTransform_float_3_3
Parameters: 1 0.000265333 0.000102101 -0.000265632 0.999998 0.00163032 -0.000101269 -0.00163037 0.999998 -0.0154647 0.0203381 0.346995
FixedParameters: 0 0 0

#Transform 4
Transform: AffineTransform_float_3_3
Parameters: 1 0.000300273 6.37235e-05 -0.000299548 1 0.00108123 -6.36635e-05 -0.00108124 1 -0.0109418 0.0120624 0.253039
FixedParameters: 0 0 0

#Transform 5
Transform: AffineTransform_float_3_3
Parameters: 1 0.000268126 7.74698e-05 -0.00026825 0.999999 0.00080145 -7.70399e-05 -0.000801492 0.999999 -0.010866 0.00891739 0.204266
FixedParameters: 0 0 0

#Transform 6
Transform: AffineTransform_float_3_3
Parameters: 1 0.000296813 5.48875e-05 -0.000296887 0.999999 0.000676302 -5.44859e-05 -0.000676335 1 -0.0109028 0.0105759 0.191082
FixedParameters: 0 0 0

#Transform 7
Transform: AffineTransform_float_3_3
Parameters: 1 0.000214319 0.00011244 -0.000214483 1 0.00076747 -0.000112089 -0.000767136 0.999999 -0.0123369 0.00363379 0.189444
FixedParameters: 0 0 0

#Transform 8
Transform: AffineTransform_float_3_3
Parameters: 1 0.000105573 9.31633e-05 -0.000106287 1 0.00101599 -9.38127e-05 -0.001016 1 -0.00730041 0.00787938 0.228509
FixedParameters: 0 0 0

#Transform 9
Transform: AffineTransform_float_3_3
Parameters: 1 7.92787e-05 9.75867e-05 -7.94713e-05 1 0.00115241 -9.74374e-05 -0.00115242 1 -0.00807415 -0.00580969 0.220737
FixedParameters: 0 0 0

#Transform 10
Transform: AffineTransform_float_3_3
Parameters: 1 9.81865e-05 7.30183e-05 -9.83035e-05 1 0.00102245 -7.2851e-05 -0.00102246 1 -0.00658485 -0.011793 0.189472
FixedParameters: 0 0 0

#Transform 11
Transform: AffineTransform_float_3_3
Parameters: 1 7.21179e-05 4.01028e-05 -7.21933e-05 0.999999 0.000941396 -3.99669e-05 -0.000941401 0.999999 -0.00487773 -0.0082495 0.174863
FixedParameters: 0 0 0

#Transform 12
Transform: AffineTransform_float_3_3
Parameters: 1 7.95003e-05 7.76756e-05 -7.96556e-05 0.999999 0.00100068 -7.75164e-05 -0.00100069 0.999999 -0.00545364 -0.0143432 0.162354
FixedParameters: 0 0 0

#Transform 13
Transform: AffineTransform_float_3_3
Parameters: 1 -3.22284e-05 0.000129231 3.19798e-05 1 0.00108576 -0.000129334 -0.00108575 1 -0.00749768 0.0111737 0.221276
FixedParameters: 0 0 0

#Transform 14
Transform: AffineTransform_float_3_3
Parameters: 1 4.25625e-05 6.73841e-05 -4.27183e-05 0.999999 0.00139558 -6.72987e-05 -0.00139558 0.999999 -0.00626586 0.012386 0.24252
FixedParameters: 0 0 0

#Transform 15
Transform: AffineTransform_float_3_3
Parameters: 1 -3.51224e-05 0.000120325 3.48187e-05 0.999999 0.00139503 -0.000120456 -0.00139503 0.999999 -0.00756124 0.00152339 0.229652
FixedParameters: 0 0 0

#Transform 16
Transform: AffineTransform_float_3_3
Parameters: 1 2.88135e-05 6.83271e-05 -2.8973e-05 0.999999 0.00140279 -6.82796e-05 -0.0014028 0.999999 -0.00627098 -0.00459403 0.22747
FixedParameters: 0 0 0

#Transform 17
Transform: AffineTransform_float_3_3
Parameters: 1 7.884e-05 5.27114e-05 -7.89404e-05 0.999999 0.00125917 -5.25463e-05 -0.00125917 0.999999 -0.00554364 -0.00792074 0.206037
FixedParameters: 0 0 0

#Transform 18
Transform: AffineTransform_float_3_3
Parameters: 1 3.38972e-05 3.05138e-05 -3.39408e-05 0.999999 0.00124228 -3.04631e-05 -0.00124228 0.999999 -0.00550825 -0.0164287 0.209159
FixedParameters: 0 0 0

#Transform 19
Transform: AffineTransform_float_3_3
Parameters: 1 0.000346681 2.42833e-05 -0.000346718 0.999999 0.000772992 -2.37473e-05 -0.000773008 0.999999 -0.00240529 -0.0122139 0.118663
FixedParameters: 0 0 0

#Transform 20
Transform: AffineTransform_float_3_3
Parameters: 1 0.000493892 -0.000310823 -0.000493321 1 0.000857633 0.000311645 -0.00085825 0.999999 0.00628343 -0.0472951 -0.0102178
FixedParameters: 0 0 0

#Transform 21
Transform: AffineTransform_float_3_3
Parameters: 1 -0.000366571 0.000370537 0.00036621 0.999999 0.00128068 -0.000370678 -0.00128041 0.999999 0.00238433 -0.0514252 -0.0218996
FixedParameters: 0 0 0

#Transform 22
Transform: AffineTransform_float_3_3
Parameters: 1 -0.000197054 0.000168576 0.000196818 0.999999 0.000698819 -0.000168852 -0.000698752 0.999999 -0.00792722 -0.00652745 0.135329
FixedParameters: 0 0 0

#Transform 23
Transform: AffineTransform_float_3_3
Parameters: 1 -1.66992e-05 0.000171885 1.6023e-05 0.999997 0.0021531 -0.000172023 -0.00215309 0.999997 -0.0149317 -0.128273 0.222747
FixedParameters: 0 0 0

#Transform 24
Transform: AffineTransform_float_3_3
Parameters: 1 -0.000189455 0.000493603 0.000187574 0.999996 0.00256502 -0.000493839 -0.00256483 0.999996 -0.021987 0.053802 0.221316
FixedParameters: 0 0 0

#Transform 25
Transform: AffineTransform_float_3_3
Parameters: 1 -0.000338333 0.000515953 0.000336808 0.999998 0.00207811 -0.000516592 -0.00207776 0.999997 -0.0146461 0.0259757 0.152134
FixedParameters: 0 0 0

#Transform 26
Transform: AffineTransform_float_3_3
Parameters: 1 -0.000315057 0.000493601 0.000314709 0.999999 0.00182001 -0.000494538 -0.00181968 0.999998 -0.0146154 -0.00217451 0.148019
FixedParameters: 0 0 0

#Transform 27
Transform: AffineTransform_float_3_3
Parameters: 1 -0.000319349 0.000496245 0.00031817 0.999999 0.00181203 -0.000496636 -0.00181171 0.999998 -0.0148813 -0.0158456 0.150905
FixedParameters: 0 0 0

#Transform 28
Transform: AffineTransform_float_3_3
Parameters: 1 -0.000342314 0.000517538 0.000341652 0.999998 0.00203816 -0.000518723 -0.00203778 0.999998 -0.0156948 -0.0381696 0.14865
FixedParameters: 0 0 0

#Transform 29
Transform: AffineTransform_float_3_3
Parameters: 1 -0.000418116 0.000570599 0.000417719 0.999998 0.00213721 -0.000571371 -0.00213764 0.999997 -0.0172574 -0.0501636 0.150176
FixedParameters: 0 0 0

#Transform 30
Transform: AffineTransform_float_3_3
Parameters: 1 -0.000260778 0.000467257 0.000259392 0.999998 0.00218611 -0.000467655 -0.00218679 0.999997 -0.0151751 -0.062807 0.179729
FixedParameters: 0 0 0

#Transform 31
Transform: AffineTransform_float_3_3
Parameters: 1 -0.000341062 0.000518751 0.000339487 0.999997 0.00211512 -0.000519427 -0.00211477 0.999997 -0.0160245 -0.040492 0.166995
FixedParameters: 0 0 0

#Transform 32
Transform: AffineTransform_float_3_3
Parameters: 0.999999 -0.000424615 0.000577905 0.000423221 0.999998 0.00225068 -0.000578251 -0.0022502 0.999998 -0.0173443 -0.0452442 0.150925
FixedParameters: 0 0 0

#Transform 33
Transform: AffineTransform_float_3_3
Parameters: 0.999999 -0.000508017 0.000630435 0.000506532 0.999998 0.00213882 -0.000631036 -0.00213911 0.999997 -0.0160879 -0.0127044 0.184182
FixedParameters: 0 0 0

#Transform 34
Transform: AffineTransform_float_3_3
Parameters: 0.999999 -0.000545796 0.000663206 0.000543777 0.999997 0.0024305 -0.000664292 -0.00242978 0.999997 -0.0137392 -0.0101444 0.159822
FixedParameters: 0 0 0

#Transform 35
Transform: AffineTransform_float_3_3
Parameters: 0.999999 -0.000638905 0.000718585 0.000636981 0.999998 0.00218074 -0.000719798 -0.00218076 0.999997 -0.012198 -0.00428085 0.149717
FixedParameters: 0 0 0

#Transform 36
Transform: AffineTransform_float_3_3
Parameters: 1 -0.000451602 0.000528916 0.000451899 1 -0.000280744 -0.000528662 0.000281222 1 -0.00518626 0.0522934 0.352507
FixedParameters: 0 0 0

#Transform 37
Transform: AffineTransform_float_3_3
Parameters: 1 -1.74255e-05 0.000596924 1.77009e-05 0.999999 -0.00136466 -0.000597186 0.00136467 0.999999 -0.0425009 0.0196521 0.861735
FixedParameters: 0 0 0

#Transform 38
Transform: AffineTransform_float_3_3
Parameters: 1 3.80891e-05 0.000231671 -3.75403e-05 1 0.000607806 -0.00023218 -0.000607801 1 -0.0251792 0.070745 0.782143
FixedParameters: 0 0 0

#Transform 39
Transform: AffineTransform_float_3_3
Parameters: 1 6.83776e-05 2.39908e-05 -6.83922e-05 1 0.000304547 -2.39492e-05 -0.00030455 1 -0.0134831 0.0374368 0.678182
FixedParameters: 0 0 0

#Transform 40
Transform: AffineTransform_float_3_3
Parameters: 1 7.53756e-05 4.16688e-05 -7.54178e-05 1 0.000506198 -4.15924e-05 -0.000506205 1 -0.0121436 0.0306794 0.669142
FixedParameters: 0 0 0

#Transform 41
Transform: AffineTransform_float_3_3
Parameters: 1 -1.3452e-05 0.000152922 1.40434e-05 0.999999 0.000780994 -0.000153499 -0.000780967 0.999999 -0.0189387 0.0491685 0.727678
FixedParameters: 0 0 0

#Transform 42
Transform: AffineTransform_float_3_3
Parameters: 1 0.000102972 0.000150268 -0.000103378 0.999999 0.00145923 -0.00015 -0.00145926 0.999999 -0.0180491 0.0870393 0.650551
FixedParameters: 0 0 0

#Transform 43
Transform: AffineTransform_float_3_3
Parameters: 1 2.22303e-05 0.000198961 -2.20153e-05 0.999998 0.00162587 -0.000199477 -0.00162586 0.999998 -0.0161294 0.104464 0.606622
FixedParameters: 0 0 0

#Transform 44
Transform: AffineTransform_float_3_3
Parameters: 1 -0.000253753 7.96924e-05 0.000254069 0.999998 0.00170746 -7.9762e-05 -0.00170742 0.999998 -0.0048771 0.0957662 0.591421
FixedParameters: 0 0 0

#Transform 45
Transform: AffineTransform_float_3_3
Parameters: 1 -0.000280358 0.000192703 0.000280227 0.999998 0.00194519 -0.00019303 -0.00194508 0.999998 -0.0042391 0.113718 0.578478
FixedParameters: 0 0 0

#Transform 46
Transform: AffineTransform_float_3_3
Parameters: 1 -0.000506273 0.00035597 0.000505746 0.999997 0.00243361 -0.000356871 -0.00243325 0.999997 -0.00271024 0.109123 0.567978
FixedParameters: 0 0 0

#Transform 47
Transform: AffineTransform_float_3_3
Parameters: 0.999999 -0.000714345 0.000501167 0.000713433 0.999996 0.00269701 -0.000502659 -0.0026963 0.999997 0.00269131 0.0968499 0.55705
FixedParameters: 0 0 0

#Transform 48
Transform: AffineTransform_float_3_3
Parameters: 0.999999 -0.000730169 0.000511683 0.000729201 0.999996 0.00269712 -0.000513259 -0.00269638 0.999997 0.00427785 0.0859679 0.541034
FixedParameters: 0 0 0

#Transform 49
Transform: AffineTransform_float_3_3
Parameters: 0.999999 -0.000752657 0.000526625 0.000751607 0.999996 0.00269728 -0.000528323 -0.0026965 0.999996 0.00590153 0.08698 0.529498
FixedParameters: 0 0 0

#Transform 50
Transform: AffineTransform_float_3_3
Parameters: 0.999999 -0.000729143 0.000516653 0.000727961 0.999996 0.00291262 -0.000518563 -0.0029128 0.999996 0.00329164 0.0849332 0.544465
FixedParameters: 0 0 0

#Transform 51
Transform: AffineTransform_float_3_3
Parameters: 0.999999 -0.000590628 0.000434427 0.000589636 0.999995 0.0032826 -0.000436001 -0.00328302 0.999994 0.00315881 0.0678107 0.535755
FixedParameters: 0 0 0

#Transform 52
Transform: AffineTransform_float_3_3
Parameters: 0.999999 -0.000652822 0.000468143 0.000651846 0.999995 0.00299507 -0.000469717 -0.00299539 0.999995 0.00420227 0.0764793 0.510373
FixedParameters: 0 0 0

#Transform 53
Transform: AffineTransform_float_3_3
Parameters: 0.999999 -0.000619154 0.000440995 0.000617907 0.999996 0.00281332 -0.000442947 -0.00281278 0.999996 0.00560079 0.0878202 0.510251
FixedParameters: 0 0 0

#Transform 54
Transform: AffineTransform_float_3_3
Parameters: 0.999999 -0.000680053 0.000479956 0.000678641 0.999996 0.00275675 -0.000482173 -0.0027561 0.999996 0.00635575 0.088557 0.502101
FixedParameters: 0 0 0

#Transform 55
Transform: AffineTransform_float_3_3
Parameters: 0.999999 -0.000735301 0.000512194 0.000733062 0.999996 0.00258569 -0.0005139 -0.00258589 0.999996 0.00637082 0.0936465 0.50058
FixedParameters: 0 0 0

#Transform 56
Transform: AffineTransform_float_3_3
Parameters: 0.999999 -0.000752408 0.000525519 0.000751403 0.999996 0.00266128 -0.000527162 -0.0026605 0.999997 0.00724273 0.0950377 0.499405
FixedParameters: 0 0 0

#Transform 57
Transform: AffineTransform_float_3_3
Parameters: 1 -0.000821449 0.00046953 0.000819784 0.999996 0.00276134 -0.000471114 -0.0027606 0.999996 0.012741 0.0868073 0.494361
FixedParameters: 0 0 0

#Transform 58
Transform: AffineTransform_float_3_3
Parameters: 1 -0.000855946 0.000522116 0.000854786 0.999995 0.00279415 -0.000524503 -0.00279327 0.999996 0.0109895 0.0761844 0.507489
FixedParameters: 0 0 0

#Transform 59
Transform: AffineTransform_float_3_3
Parameters: 1 -0.000883784 0.000545307 0.000882498 0.999995 0.00279028 -0.000547842 -0.00278933 0.999996 0.0102078 0.0767529 0.498797
FixedParameters: 0 0 0

#Transform 60
Transform: AffineTransform_float_3_3
Parameters: 0.999999 -0.000852773 0.000488919 0.000850852 0.999995 0.00298318 -0.000491113 -0.0029833 0.999995 0.0119884 0.0790081 0.510295
FixedParameters: 0 0 0

#Transform 61
Transform: AffineTransform_float_3_3
Parameters: 1 -0.000965605 0.000576477 0.000963823 0.999995 0.00310099 -0.000580078 -0.0030995 0.999995 0.0122359 0.0712592 0.51413
FixedParameters: 0 0 0

#Transform 62
Transform: AffineTransform_float_3_3
Parameters: 1 -0.000979204 0.000587347 0.000977984 0.999995 0.00303337 -0.000590093 -0.00303223 0.999996 0.0138899 0.0701301 0.498898
FixedParameters: 0 0 0

#Transform 63
Transform: AffineTransform_float_3_3
Parameters: 1 -0.000972716 0.000584721 0.000970164 0.999995 0.0030048 -0.000587636 -0.00300462 0.999995 0.0140996 0.0692555 0.496918
FixedParameters: 0 0 0

#Transform 64
Transform: AffineTransform_float_3_3
Parameters: 0.999999 -0.00119767 0.000462182 0.00119651 0.999995 0.00289051 -0.000465349 -0.00289036 0.999996 0.0199106 0.0599739 0.502506
FixedParameters: 0 0 0

#Transform 65
Transform: AffineTransform_float_3_3
Parameters: 0.999999 -0.000735014 0.000503105 0.000733129 0.999997 0.0022462 -0.000504286 -0.00224549 0.999998 0.00315205 0.095066 0.619549
FixedParameters: 0 0 0

#Transform 66
Transform: AffineTransform_float_3_3
Parameters: 0.999999 -0.000481138 0.000904678 0.000478153 0.999995 0.0031121 -0.000905915 -0.0031116 0.999995 -0.0163431 0.0789696 0.616826
FixedParameters: 0 0 0

#Transform 67
Transform: AffineTransform_float_3_3
Parameters: 0.999999 -0.000285478 0.00103609 0.000282712 0.999996 0.00272948 -0.00103725 -0.00272923 0.999996 -0.026689 0.0777078 0.574472
FixedParameters: 0 0 0

#Transform 68
Transform: AffineTransform_float_3_3
Parameters: 1 -0.000357181 0.000930376 0.000355423 0.999997 0.00246804 -0.000931649 -0.00246734 0.999996 -0.0253996 0.0824344 0.561991
FixedParameters: 0 0 0

#Transform 69
Transform: AffineTransform_float_3_3
Parameters: 0.999999 -0.000415452 0.000843044 0.000413401 0.999997 0.00242442 -0.000844047 -0.00242371 0.999996 -0.0203315 0.0903522 0.559478
FixedParameters: 0 0 0

#Transform 70
Transform: AffineTransform_float_3_3
Parameters: 0.999999 -0.00055349 0.00063159 0.00055194 0.999995 0.00286125 -0.000633779 -0.00286053 0.999995 -0.00729879 0.0836562 0.650378
FixedParameters: 0 0 0

#Transform 71
Transform: AffineTransform_float_3_3
Parameters: 0.999999 -0.000324923 0.000808531 0.000322937 0.999994 0.00339795 -0.000809573 -0.00339777 0.999994 -0.0206746 0.0799383 0.66961
FixedParameters: 0 0 0

#Transform 72
Transform: AffineTransform_float_3_3
Parameters: 1 -0.000497421 0.0010529 0.000494567 0.999996 0.00299475 -0.00105463 -0.00299367 0.999995 -0.0192619 0.070798 0.609591
FixedParameters: 0 0 0

#Transform 73
Transform: AffineTransform_float_3_3
Parameters: 1 -0.000581708 0.000959544 0.000579196 0.999996 0.00265491 -0.00096081 -0.00265417 0.999997 -0.0142297 0.0808202 0.582924
FixedParameters: 0 0 0

#Transform 74
Transform: AffineTransform_float_3_3
Parameters: 1 -0.000535824 0.000977283 0.000534027 0.999999 0.00164679 -0.000978794 -0.00164665 0.999998 -0.0160284 0.0821876 0.624466
FixedParameters: 0 0 0

#Transform 75
Transform: AffineTransform_float_3_3
Parameters: 1 -0.000295322 0.00103461 0.000294533 1 0.00105093 -0.00103496 -0.0010503 0.999999 -0.0311673 0.0526789 0.727368
FixedParameters: 0 0 0

#Transform 76
Transform: AffineTransform_float_3_3
Parameters: 1 -0.0005093 0.000986007 0.000507474 0.999998 0.00192203 -0.000986909 -0.00192139 0.999998 -0.0234249 0.0862423 0.724039
FixedParameters: 0 0 0

#Transform 77
Transform: AffineTransform_float_3_3
Parameters: 0.999999 -0.000781993 0.000943328 0.000779434 0.999997 0.0022686 -0.000944465 -0.00226752 0.999997 -0.0114483 0.0900075 0.707598
FixedParameters: 0 0 0

#Transform 78
Transform: AffineTransform_float_3_3
Parameters: 1 -0.00071476 0.000798267 0.000713033 0.999997 0.00233536 -0.000800561 -0.0023342 0.999997 -0.00405504 0.0819126 0.693389
FixedParameters: 0 0 0

#Transform 79
Transform: AffineTransform_float_3_3
Parameters: 1 -0.000732445 0.000956741 0.000730595 0.999998 0.00201669 -0.000958642 -0.0020162 0.999997 -0.00833952 0.0892084 0.675327
FixedParameters: 0 0 0

#Transform 80
Transform: AffineTransform_float_3_3
Parameters: 1 -0.000616338 0.00086298 0.000614968 0.999998 0.00193653 -0.00086429 -0.00193545 0.999998 -0.00709751 0.0849325 0.668546
FixedParameters: 0 0 0

#Transform 81
Transform: AffineTransform_float_3_3
Parameters: 0.999999 -0.000788908 0.00108253 0.000786132 0.999998 0.00208378 -0.00108338 -0.00208301 0.999997 -0.00732994 0.0833335 0.656814
FixedParameters: 0 0 0

#Transform 82
Transform: AffineTransform_float_3_3
Parameters: 0.999999 -0.000856248 0.00113292 0.000853617 0.999997 0.00230259 -0.00113503 -0.00230194 0.999997 -0.00652005 0.0837007 0.649195
FixedParameters: 0 0 0

#Transform 83
Transform: AffineTransform_float_3_3
Parameters: 0.999999 -0.000814358 0.00110958 0.000811445 0.999996 0.00247823 -0.00111179 -0.00247772 0.999996 -0.00945529 0.0525421 0.694224
FixedParameters: 0 0 0

#Transform 84
Transform: AffineTransform_float_3_3
Parameters: 0.999999 -0.000956662 0.00120841 0.000953442 0.999996 0.00264533 -0.00121084 -0.00264432 0.999996 -0.00574712 0.0888938 0.651705
FixedParameters: 0 0 0

#Transform 85
Transform: AffineTransform_float_3_3
Parameters: 0.999999 -0.000945985 0.00119974 0.000942938 0.999996 0.00258294 -0.00120194 -0.00258159 0.999995 -0.00493944 0.0826914 0.640821
FixedParameters: 0 0 0

#Transform 86
Transform: AffineTransform_float_3_3
Parameters: 0.999999 -0.000939388 0.00120068 0.000935865 0.999996 0.00279186 -0.00120327 -0.00279052 0.999995 -0.00423914 0.0830373 0.653167
FixedParameters: 0 0 0

#Transform 87
Transform: AffineTransform_float_3_3
Parameters: 0.999998 -0.00102483 0.00126617 0.00102065 0.999994 0.00313681 -0.00126916 -0.00313551 0.999994 -0.00651887 0.089739 0.66533
FixedParameters: 0 0 0

#Transform 88
Transform: AffineTransform_float_3_3
Parameters: 0.999999 -0.00096599 0.00122659 0.000962934 0.999995 0.00311636 -0.00122974 -0.00311527 0.999995 -0.00527453 0.0885758 0.650741
FixedParameters: 0 0 0

#Transform 89
Transform: AffineTransform_float_3_3
Parameters: 0.999999 -0.00100319 0.00117952 0.000999571 0.999994 0.00312672 -0.00118236 -0.00312566 0.999995 -0.00134036 0.0806627 0.63955
FixedParameters: 0 0 0

#Transform 90
Transform: AffineTransform_float_3_3
Parameters: 0.999998 -0.00103352 0.00127135 0.00102936 0.999994 0.00311388 -0.00127435 -0.00311255 0.999995 -0.00275512 0.0760624 0.638765
FixedParameters: 0 0 0

#Transform 91
Transform: AffineTransform_float_3_3
Parameters: 0.999998 -0.000989493 0.00124598 0.00098599 0.999995 0.00326475 -0.00124957 -0.0032641 0.999993 -0.00298282 0.0750589 0.634397
FixedParameters: 0 0 0

#Transform 92
Transform: AffineTransform_float_3_3
Parameters: 0.999998 -0.00106025 0.00128897 0.001056 0.999994 0.00310909 -0.00129213 -0.00310766 0.999995 -0.00225264 0.081806 0.623332
FixedParameters: 0 0 0

#Transform 93
Transform: AffineTransform_float_3_3
Parameters: 0.999998 -0.00105751 0.00161524 0.00105212 0.999994 0.00307544 -0.00161885 -0.00307369 0.999994 -0.00656192 0.0765638 0.616578
FixedParameters: 0 0 0

#Transform 94
Transform: AffineTransform_float_3_3
Parameters: 0.999998 -0.00114195 0.00155765 0.00113717 0.999994 0.00318712 -0.00156121 -0.00318577 0.999994 -0.00578071 0.0769584 0.618585
FixedParameters: 0 0 0

#Transform 95
Transform: AffineTransform_float_3_3
Parameters: 0.999999 -0.00120696 0.00130486 0.00120365 0.999996 0.00268541 -0.00130784 -0.00268356 0.999996 0.00149133 0.0862265 0.638376
FixedParameters: 0 0 0

#Transform 96
Transform: AffineTransform_float_3_3
Parameters: 0.999999 -0.00122869 0.00132818 0.00122473 0.999995 0.00289504 -0.00133182 -0.002894 0.999995 -0.00140967 0.0798544 0.679477
FixedParameters: 0 0 0

#Transform 97
Transform: AffineTransform_float_3_3
Parameters: 0.999998 -0.00108318 0.00130485 0.00107876 0.999994 0.00313527 -0.00130821 -0.00313375 0.999994 0.00109858 0.0978251 0.676098
FixedParameters: 0 0 0

#Transform 98
Transform: AffineTransform_float_3_3
Parameters: 0.999998 -0.00108622 0.0013019 0.00108235 0.999996 0.00293756 -0.00130482 -0.00293657 0.999994 0.000135552 0.100857 0.675458
FixedParameters: 0 0 0

#Transform 99
Transform: AffineTransform_float_3_3
Parameters: 0.999999 -0.00116551 0.00128903 0.00116161 0.999995 0.00295849 -0.00129245 -0.00295772 0.999995 0.000584771 0.0878396 0.69259
FixedParameters: 0 0 0

#Transform 100
Transform: AffineTransform_float_3_3
Parameters: 0.999998 -0.00112558 0.00133448 0.00112086 0.999995 0.00319384 -0.00133824 -0.00319268 0.999994 -0.0032129 0.103785 0.687323
FixedParameters: 0 0 0

#Transform 101
Transform: AffineTransform_float_3_3
Parameters: 0.999998 -0.00108215 0.00130586 0.00107755 0.999994 0.00320195 -0.00130933 -0.00320004 0.999993 -0.00285404 0.090729 0.702085
FixedParameters: 0 0 0

#Transform 102
Transform: AffineTransform_float_3_3
Parameters: 0.999999 -0.00112674 0.00133884 0.00112212 0.999994 0.00333661 -0.00134209 -0.0033349 0.999994 -0.00323712 0.0869864 0.699924
FixedParameters: 0 0 0

#Transform 103
Transform: AffineTransform_float_3_3
Parameters: 0.999998 -0.00107963 0.00130828 0.00107517 0.999994 0.00336422 -0.00131131 -0.0033627 0.999994 -0.00277867 0.0833017 0.706702
FixedParameters: 0 0 0

#Transform 104
Transform: AffineTransform_float_3_3
Parameters: 0.999998 -0.00124021 0.00140574 0.00123606 0.999995 0.00300259 -0.00140889 -0.00300041 0.999995 -0.00170651 0.0763266 0.723981
FixedParameters: 0 0 0

#Transform 105
Transform: AffineTransform_float_3_3
Parameters: 0.999998 -0.00108437 0.00130369 0.00108015 0.999995 0.0030583 -0.00130689 -0.00305677 0.999995 -0.000221986 0.0932653 0.70533
FixedParameters: 0 0 0

#Transform 106
Transform: AffineTransform_float_3_3
Parameters: 0.999998 -0.00109369 0.00156026 0.00108851 0.999995 0.00313218 -0.00156422 -0.00313097 0.999994 -0.00255254 0.0926026 0.688678
FixedParameters: 0 0 0

#Transform 107
Transform: AffineTransform_float_3_3
Parameters: 0.999998 -0.00124075 0.00140928 0.00123626 0.999995 0.0031288 -0.00141275 -0.00312716 0.999994 0.000614964 0.0890534 0.683562
FixedParameters: 0 0 0

#Transform 108
Transform: AffineTransform_float_3_3
Parameters: 0.999998 -0.00119126 0.00162263 0.00118609 0.999994 0.00318105 -0.00162649 -0.0031794 0.999993 -0.00247474 0.0879972 0.683413
FixedParameters: 0 0 0

#Transform 109
Transform: AffineTransform_float_3_3
Parameters: 0.999998 -0.0012502 0.00142053 0.00124588 0.999994 0.00332864 -0.00142514 -0.00332637 0.999994 0.00113856 0.0866695 0.684583
FixedParameters: 0 0 0

#Transform 110
Transform: AffineTransform_float_3_3
Parameters: 0.999998 -0.00118257 0.0016455 0.00117679 0.999994 0.00331904 -0.00164963 -0.00331644 0.999993 -0.00540322 0.0824295 0.709896
FixedParameters: 0 0 0

#Transform 111
Transform: AffineTransform_float_3_3
Parameters: 0.999999 -0.000672466 0.000632137 0.000671676 0.999999 0.00155851 -0.000632628 -0.00155859 0.999999 -0.000552447 0.126066 0.773703
FixedParameters: 0 0 0

#Transform 112
Transform: AffineTransform_float_3_3
Parameters: 1 -0.00081268 0.000899392 0.000809355 0.999996 0.00284619 -0.000901641 -0.00284566 0.999995 -0.00248231 0.110821 0.73495
FixedParameters: 0 0 0

#Transform 113
Transform: AffineTransform_float_3_3
Parameters: 0.999999 -0.000946767 0.000874655 0.000945098 0.999997 0.00243685 -0.000877419 -0.0024361 0.999997 0.00644238 0.098626 0.707858
FixedParameters: 0 0 0

#Transform 114
Transform: AffineTransform_float_3_3
Parameters: 0.999999 -0.0012841 0.0013347 0.00128106 0.999997 0.00230995 -0.00133791 -0.00230744 0.999996 -0.0012573 0.0899108 0.705918
FixedParameters: 0 0 0

#Transform 115
Transform: AffineTransform_float_3_3
Parameters: 0.999998 -0.00128528 0.00141658 0.00128205 0.999997 0.00223905 -0.00141963 -0.00223671 0.999997 0.00524285 0.0843437 0.712487
FixedParameters: 0 0 0

#Transform 116
Transform: AffineTransform_float_3_3
Parameters: 0.999998 -0.0013167 0.0014392 0.00131317 0.999997 0.002308 -0.00144255 -0.00230512 0.999996 -0.000107023 0.0819044 0.714544
FixedParameters: 0 0 0

#Transform 117
Transform: AffineTransform_float_3_3
Parameters: 0.999998 -0.00130936 0.00144622 0.00130505 0.999996 0.00278441 -0.00145002 -0.00278247 0.999995 -0.000912099 0.0770176 0.718508
FixedParameters: 0 0 0

#Transform 118
Transform: AffineTransform_float_3_3
Parameters: 0.999998 -0.00149221 0.00176023 0.00148731 0.999994 0.00299885 -0.00176461 -0.00299619 0.999995 -0.00585949 0.0697585 0.713916
FixedParameters: 0 0 0

#Transform 119
Transform: AffineTransform_float_3_3
Parameters: 0.999998 -0.00147781 0.00176896 0.00147211 0.999995 0.00281408 -0.00177293 -0.00281108 0.999994 -0.000301966 0.0656027 0.736986
FixedParameters: 0 0 0

#Transform 120
Transform: AffineTransform_float_3_3
Parameters: 0.999997 -0.00160239 0.00178517 0.0015972 0.999995 0.00264712 -0.00178931 -0.00264363 0.999995 0.0052824 0.107028 0.748914
FixedParameters: 0 0 0

#Transform 121
Transform: AffineTransform_float_3_3
Parameters: 0.999999 -0.00138884 0.00119518 0.00138609 0.999997 0.00211138 -0.00119776 -0.00210992 0.999997 0.000794703 0.199406 0.758422
FixedParameters: 0 0 0

#Transform 122
Transform: AffineTransform_float_3_3
Parameters: 0.999999 -0.000608451 0.000785641 0.000605992 0.999994 0.00327077 -0.00078789 -0.00327111 0.999994 -0.0116688 0.106891 0.900465
FixedParameters: 0 0 0

#Transform 123
Transform: AffineTransform_float_3_3
Parameters: 1 -0.000808359 0.000835132 0.000804266 0.999992 0.00390882 -0.000838346 -0.00390749 0.999992 -0.00639894 0.136232 0.807971
FixedParameters: 0 0 0

#Transform 124
Transform: AffineTransform_float_3_3
Parameters: 0.999998 -0.0013136 0.000896233 0.00131058 0.999994 0.00333621 -0.000901024 -0.00333479 0.999994 0.00882005 0.145148 0.743976
FixedParameters: 0 0 0

#Transform 125
Transform: AffineTransform_float_3_3
Parameters: 0.999998 -0.00137298 0.000918864 0.00136981 0.999994 0.00333792 -0.000924055 -0.00333634 0.999994 0.0100455 0.135582 0.729901
FixedParameters: 0 0 0

#Transform 126
Transform: AffineTransform_float_3_3
Parameters: 0.999999 -0.00144096 0.00102994 0.00143722 0.999993 0.00352708 -0.00103529 -0.00352598 0.999993 0.0079428 0.132798 0.72547
FixedParameters: 0 0 0

#Transform 127
Transform: AffineTransform_float_3_3
Parameters: 0.999999 -0.00144908 0.00110539 0.00144471 0.999992 0.0038332 -0.00111089 -0.00383187 0.999992 0.00796977 0.109133 0.709671
FixedParameters: 0 0 0

#Transform 128
Transform: AffineTransform_float_3_3
Parameters: 0.999999 -0.0014503 0.00104515 0.00144627 0.999991 0.00388758 -0.00105082 -0.0038855 0.999992 0.00946534 0.0991284 0.705232
FixedParameters: 0 0 0

#Transform 129
Transform: AffineTransform_float_3_3
Parameters: 0.999997 -0.00164291 0.00139552 0.00163686 0.999991 0.00406406 -0.00140164 -0.00406228 0.999991 0.0088744 0.0755637 0.698525
FixedParameters: 0 0 0

#Transform 130
Transform: AffineTransform_float_3_3
Parameters: 0.999999 -0.00103104 0.00109895 0.00102637 0.999987 0.00508363 -0.0011043 -0.00508227 0.999986 -0.00276326 0.00199809 0.720349
FixedParameters: 0 0 0

#Transform 131
Transform: AffineTransform_float_3_3
Parameters: 0.999999 -0.000845756 0.000994007 0.000842224 0.999991 0.00413114 -0.000998202 -0.00412943 0.999991 -0.00291187 0.144103 0.722478
FixedParameters: 0 0 0

#Transform 132
Transform: AffineTransform_float_3_3
Parameters: 0.999999 -0.00103905 0.00103361 0.00103453 0.99999 0.00433355 -0.00103845 -0.00433232 0.99999 0.00290096 0.151207 0.746104
FixedParameters: 0 0 0

#Transform 133
Transform: AffineTransform_float_3_3
Parameters: 0.999999 -0.0010942 0.00102166 0.00108929 0.99999 0.00445674 -0.0010259 -0.00445545 0.999989 0.00438276 0.130181 0.751348
FixedParameters: 0 0 0

#Transform 134
Transform: AffineTransform_float_3_3
Parameters: 0.999998 -0.00130771 0.00110802 0.00130332 0.999989 0.00451382 -0.00111407 -0.00451277 0.999989 0.00753769 0.122937 0.742386
FixedParameters: 0 0 0

#Transform 135
Transform: AffineTransform_float_3_3
Parameters: 0.999998 -0.00146517 0.00124057 0.00145851 0.999987 0.00483421 -0.00124758 -0.00483153 0.999988 0.00933284 0.101125 0.756305
FixedParameters: 0 0 0

#Transform 136
Transform: AffineTransform_float_3_3
Parameters: 0.999997 -0.00147637 0.00152112 0.00146788 0.999986 0.00501821 -0.00152858 -0.00501596 0.999987 0.00425566 0.08581 0.767384
FixedParameters: 0 0 0

#Transform 137
Transform: AffineTransform_float_3_3
Parameters: 0.999997 -0.00154217 0.0016106 0.00153423 0.999985 0.00518171 -0.00161814 -0.00517989 0.999985 0.00364163 0.0652638 0.767347
FixedParameters: 0 0 0

#Transform 138
Transform: AffineTransform_float_3_3
Parameters: 0.999997 -0.00145322 0.00155645 0.00144506 0.999987 0.0049798 -0.00156272 -0.00497845 0.999986 0.0012368 0.0662865 0.799928
FixedParameters: 0 0 0

#Transform 139
Transform: AffineTransform_float_3_3
Parameters: 0.999997 -0.00152508 0.00160648 0.00151608 0.999986 0.00508356 -0.00161377 -0.00508053 0.999985 0.00323382 0.0823278 0.782055
FixedParameters: 0 0 0

#Transform 140
Transform: AffineTransform_float_3_3
Parameters: 0.999997 -0.00153598 0.00161627 0.00152796 0.999985 0.00518851 -0.00162377 -0.0051867 0.999985 0.00113797 0.086672 0.790806
FixedParameters: 0 0 0

#Transform 141
Transform: AffineTransform_float_3_3
Parameters: 0.999997 -0.00154475 0.00162543 0.00153621 0.999985 0.00532557 -0.00163347 -0.0053237 0.999985 0.00209124 0.101131 0.781418
FixedParameters: 0 0 0

#Transform 142
Transform: AffineTransform_float_3_3
Parameters: 0.999998 -0.00158858 0.00164832 0.00158052 0.999985 0.00507845 -0.00165596 -0.00507544 0.999986 0.00327955 0.106286 0.767146
FixedParameters: 0 0 0

#Transform 143
Transform: AffineTransform_float_3_3
Parameters: 0.999999 -0.000981776 0.00103173 0.000977359 0.99999 0.00428886 -0.00103602 -0.00428814 0.99999 -0.00400503 0.0618995 0.822766
FixedParameters: 0 0 0

#Transform 144
Transform: AffineTransform_float_3_3
Parameters: 0.999999 -0.000600608 0.000374653 0.00059967 0.999993 0.00381483 -0.000376999 -0.00381531 0.999993 -0.00389207 0.115206 0.933158
FixedParameters: 0 0 0

#Transform 145
Transform: AffineTransform_float_3_3
Parameters: 1 -0.000310418 0.000638071 0.000308014 0.999991 0.00430384 -0.000640508 -0.00430433 0.99999 -0.0157839 0.126094 0.940828
FixedParameters: 0 0 0

#Transform 146
Transform: AffineTransform_float_3_3
Parameters: 1 -0.000804435 0.000672517 0.0008012 0.999989 0.004724 -0.000676307 -0.00472385 0.999989 -0.0050803 0.109085 0.8961
FixedParameters: 0 0 0

#Transform 147
Transform: AffineTransform_float_3_3
Parameters: 0.999999 -0.000903928 0.000941511 0.000899176 0.999986 0.00525879 -0.000946191 -0.00525801 0.999986 -0.00816492 0.0814379 0.880664
FixedParameters: 0 0 0

#Transform 148
Transform: AffineTransform_float_3_3
Parameters: 0.999999 -0.00104019 0.00118222 0.00103402 0.999986 0.00538661 -0.00118834 -0.00538506 0.999985 -0.00466836 0.0627448 0.878971
FixedParameters: 0 0 0

#Transform 149
Transform: AffineTransform_float_3_3
Parameters: 0.999999 -0.00100043 0.00105431 0.000994755 0.999986 0.00511406 -0.0010597 -0.00511325 0.999987 -0.00435778 0.0434637 0.888693
FixedParameters: 0 0 0

#Transform 150
Transform: AffineTransform_float_3_3
Parameters: 0.999999 -0.000825905 0.00122208 0.000820709 0.999991 0.00404012 -0.00122597 -0.00403938 0.999991 -0.0179636 0.0500404 0.939923
FixedParameters: 0 0 0

#Transform 151
Transform: AffineTransform_float_3_3
Parameters: 0.999999 -0.000918219 0.00119778 0.000912673 0.999988 0.00478335 -0.00120224 -0.00478244 0.999989 -0.0128895 0.0647142 0.917366
FixedParameters: 0 0 0

#Transform 152
Transform: AffineTransform_float_3_3
Parameters: 0.999998 -0.00103675 0.00135178 0.00102988 0.999986 0.00526097 -0.00135813 -0.00525905 0.999985 -0.0107486 0.0740231 0.903911
FixedParameters: 0 0 0

#Transform 153
Transform: AffineTransform_float_3_3
Parameters: 0.999998 -0.00103803 0.00135051 0.00103196 0.999986 0.00517731 -0.00135589 -0.00517578 0.999986 -0.0072952 0.0886665 0.88653
FixedParameters: 0 0 0

#Transform 154
Transform: AffineTransform_float_3_3
Parameters: 0.999998 -0.000981801 0.00124497 0.000975901 0.999987 0.00498506 -0.00124961 -0.00498444 0.999986 -0.00473436 0.102695 0.880753
FixedParameters: 0 0 0

#Transform 155
Transform: AffineTransform_float_3_3
Parameters: 0.999998 -0.00101115 0.00126685 0.00100478 0.999987 0.00508374 -0.00127199 -0.00508208 0.999986 -0.00434151 0.103143 0.875474
FixedParameters: 0 0 0

#Transform 156
Transform: AffineTransform_float_3_3
Parameters: 0.999998 -0.0010014 0.00126679 0.000994967 0.999985 0.00533594 -0.00127155 -0.00533469 0.999985 -0.00431379 0.091168 0.871953
FixedParameters: 0 0 0

#Transform 157
Transform: AffineTransform_float_3_3
Parameters: 0.999998 -0.00106399 0.00130945 0.00105699 0.999985 0.00538844 -0.00131503 -0.00538694 0.999985 -0.0045231 0.0856137 0.86536
FixedParameters: 0 0 0

#Transform 158
Transform: AffineTransform_float_3_3
Parameters: 0.999998 -0.0010599 0.00131343 0.00105275 0.999983 0.00565337 -0.00131873 -0.00565188 0.999983 -0.00509539 0.0663972 0.873102
FixedParameters: 0 0 0

#Transform 159
Transform: AffineTransform_float_3_3
Parameters: 0.999998 -0.00112039 0.00122111 0.00111356 0.999983 0.00573139 -0.00122812 -0.00573087 0.999983 -0.00217832 0.0459871 0.877153
FixedParameters: 0 0 0

#Transform 160
Transform: AffineTransform_float_3_3
Parameters: 0.999998 -0.00106255 0.00131087 0.0010553 0.999984 0.0054821 -0.00131661 -0.00548022 0.999984 -0.00286731 0.0763899 0.865168
FixedParameters: 0 0 0

#Transform 161
Transform: AffineTransform_float_3_3
Parameters: 0.999998 -0.00105781 0.00131546 0.00105032 0.999983 0.00578802 -0.00132102 -0.00578616 0.999982 -0.00131476 0.0701511 0.853845
FixedParameters: 0 0 0

#Transform 162
Transform: AffineTransform_float_3_3
Parameters: 0.999998 -0.00108934 0.00126805 0.00108194 0.999983 0.0057446 -0.00127473 -0.00574313 0.999983 0.0014408 0.0539848 0.859431
FixedParameters: 0 0 0

#Transform 163
Transform: AffineTransform_float_3_3
Parameters: 0.999998 -0.00111017 0.00124525 0.00110432 0.999988 0.0047226 -0.0012514 -0.00472204 0.999988 -0.00149207 0.0626765 0.939939
FixedParameters: 0 0 0

#Transform 164
Transform: AffineTransform_float_3_3
Parameters: 0.999998 -0.00107308 0.00130067 0.00106706 0.999988 0.00480228 -0.0013058 -0.00480039 0.999988 -0.0037535 0.166165 0.911173
FixedParameters: 0 0 0

#Transform 165
Transform: AffineTransform_float_3_3
Parameters: 0.999999 -0.00104274 0.00116101 0.00103666 0.999984 0.0057126 -0.00116708 -0.00571201 0.999983 0.00136468 0.123987 0.898044
FixedParameters: 0 0 0

#Transform 166
Transform: AffineTransform_float_3_3
Parameters: 0.999998 -0.0011902 0.00122415 0.00118345 0.99998 0.00616487 -0.00123138 -0.00616287 0.99998 0.00256805 0.120909 0.855118
FixedParameters: 0 0 0

#Transform 167
Transform: AffineTransform_float_3_3
Parameters: 0.999999 -0.0013447 0.00128887 0.00133618 0.999978 0.0064526 -0.00129746 -0.00645137 0.999979 0.00641616 0.10893 0.833361
FixedParameters: 0 0 0

#Transform 168
Transform: AffineTransform_float_3_3
Parameters: 0.999998 -0.00143643 0.00129594 0.00142764 0.999976 0.00676291 -0.00130581 -0.00676105 0.999976 0.00753064 0.0949025 0.820015
FixedParameters: 0 0 0

#Transform 169
Transform: AffineTransform_float_3_3
Parameters: 0.999998 -0.00157014 0.00129406 0.00156311 0.99998 0.00603248 -0.00130332 -0.00603067 0.999981 0.0149676 0.093335 0.838224
FixedParameters: 0 0 0

#Transform 170
Transform: AffineTransform_float_3_3
Parameters: 0.999998 -0.00142014 0.00138928 0.00141238 0.999981 0.00598507 -0.00139795 -0.00598296 0.999981 0.0089735 0.0838892 0.863034
FixedParameters: 0 0 0

#Transform 171
Transform: AffineTransform_float_3_3
Parameters: 0.999998 -0.00149134 0.00125222 0.00148444 0.99998 0.00619841 -0.00126103 -0.00619654 0.99998 0.0130976 0.085761 0.863026
FixedParameters: 0 0 0

#Transform 172
Transform: AffineTransform_float_3_3
Parameters: 0.999999 -0.00143782 0.00115491 0.001431 0.999978 0.00645039 -0.00116466 -0.00644801 0.999979 0.0132592 0.0818004 0.87016
FixedParameters: 0 0 0

#Transform 173
Transform: AffineTransform_float_3_3
Parameters: 0.999999 -0.00133252 0.00126755 0.0013244 0.999977 0.00663944 -0.00127566 -0.00663792 0.999977 0.00527212 0.072083 0.896166
FixedParameters: 0 0 0

#Transform 174
Transform: AffineTransform_float_3_3
Parameters: 0.999999 -0.00128453 0.0012665 0.00127683 0.999977 0.00656935 -0.00127518 -0.00656739 0.999978 0.00631358 0.0976263 0.877369
FixedParameters: 0 0 0

#Transform 175
Transform: AffineTransform_float_3_3
Parameters: 0.999999 -0.0012336 0.00128583 0.00122485 0.99998 0.0063363 -0.00129347 -0.00633498 0.999979 0.00602886 0.0990953 0.851072
FixedParameters: 0 0 0

#Transform 176
Transform: AffineTransform_float_3_3
Parameters: 0.999999 -0.0012433 0.00124801 0.00123608 0.999979 0.0064841 -0.00125591 -0.00648283 0.999978 0.00749676 0.0890713 0.876268
FixedParameters: 0 0 0

#Transform 177
Transform: AffineTransform_float_3_3
Parameters: 0.999998 -0.0011727 0.00113408 0.00116529 0.999977 0.00661431 -0.00114171 -0.00661297 0.999978 0.00692755 0.0732584 0.861173
FixedParameters: 0 0 0

#Transform 178
Transform: AffineTransform_float_3_3
Parameters: 0.999999 -0.00131278 0.00130842 0.00130357 0.999977 0.00663846 -0.00131709 -0.00663689 0.999977 0.00800206 0.0904101 0.868963
FixedParameters: 0 0 0

#Transform 179
Transform: AffineTransform_float_3_3
Parameters: 0.999998 -0.00148202 0.00138443 0.00147299 0.999977 0.00660941 -0.0013936 -0.00660717 0.999977 0.0060796 0.0901191 0.856056
FixedParameters: 0 0 0

#Transform 180
Transform: AffineTransform_float_3_3
Parameters: 0.999998 -0.0014923 0.00140638 0.00148225 0.999975 0.00688464 -0.00141658 -0.00688269 0.999976 0.0112193 0.0608864 0.853063
FixedParameters: 0 0 0

#Transform 181
Transform: AffineTransform_float_3_3
Parameters: 0.999998 -0.00150666 0.00171381 0.00149516 0.999976 0.00687612 -0.00172357 -0.00687279 0.999975 0.00685863 0.0635849 0.825532
FixedParameters: 0 0 0

#Transform 182
Transform: AffineTransform_float_3_3
Parameters: 0.999997 -0.00161939 0.00178866 0.00160711 0.999976 0.00680393 -0.00179975 -0.00680128 0.999975 0.00855734 0.0416371 0.716081
FixedParameters: 0 0 0

#Transform 183
Transform: AffineTransform_float_3_3
Parameters: 0.999997 -0.00178698 0.00180926 0.00177611 0.999978 0.00631163 -0.00182078 -0.0063083 0.999978 0.0132999 0.0293656 0.629399
FixedParameters: 0 0 0

#Transform 184
Transform: AffineTransform_float_3_3
Parameters: 0.999997 -0.00166253 0.00173945 0.00165144 0.999975 0.00681346 -0.00175033 -0.00681082 0.999975 0.00801868 0.0464256 0.692914
FixedParameters: 0 0 0

#Transform 185
Transform: AffineTransform_float_3_3
Parameters: 0.999998 -0.00150874 0.00140047 0.00149984 0.999976 0.0067887 -0.00141112 -0.00678632 0.999976 0.0153233 0.0626204 0.728922
FixedParameters: 0 0 0

#Transform 186
Transform: AffineTransform_float_3_3
Parameters: 0.999999 -0.0011908 0.00143128 0.00118147 0.999976 0.00690953 -0.00143932 -0.00690794 0.999975 -0.000356536 0.046284 0.8566
FixedParameters: 0 0 0

#Transform 187
Transform: AffineTransform_float_3_3
Parameters: 0.999999 -0.0006583 0.00133162 0.000648639 0.999973 0.00726072 -0.00133591 -0.0072593 0.999973 -0.0126149 0.0740265 0.850113
FixedParameters: 0 0 0

#Transform 188
Transform: AffineTransform_float_3_3
Parameters: 0.999999 -0.000717513 0.00124625 0.000707956 0.999968 0.00801653 -0.00125183 -0.00801561 0.999967 -0.0105103 0.0568137 0.838382
FixedParameters: 0 0 0

#Transform 189
Transform: AffineTransform_float_3_3
Parameters: 0.999999 -0.000710287 0.00125711 0.000700013 0.999965 0.0082526 -0.00126298 -0.00825206 0.999965 -0.0114416 0.040172 0.832308
FixedParameters: 0 0 0
