#Insight Transform File V1.0
#Transform 0
Transform: AffineTransform_float_3_3
Parameters: 1 -0.000162892 0.000241405 0.000162253 0.999996 0.00276842 -0.000241577 -0.00276835 0.999996 -0.00941293 -0.055399 0.188796
FixedParameters: 0 0 0

#Transform 1
Transform: AffineTransform_float_3_3
Parameters: 1 -2.94511e-05 0.000141953 2.88153e-05 0.999996 0.00278345 -0.000142227 -0.00278344 0.999996 -0.00695171 -0.0725513 0.219164
FixedParameters: 0 0 0

#Transform 2
Transform: AffineTransform_float_3_3
Parameters: 1 -8.70947e-05 0.000329317 8.66539e-05 0.999996 0.00305974 -0.000329691 -0.00305966 0.999996 -0.019791 -0.0568504 0.285111
FixedParameters: 0 0 0

#Transform 3
Transform: AffineTransform_float_3_3
Parameters: 1 -0.000174235 0.000384063 0.000174034 0.999998 0.00221223 -0.000384618 -0.00221299 0.999997 -0.0127413 -0.0642682 0.158374
FixedParameters: 0 0 0

#Transform 4
Transform: AffineTransform_float_3_3
Parameters: 1 -0.000220994 0.000424738 0.000219989 0.999998 0.00191248 -0.000424797 -0.0019123 0.999998 -0.013441 -0.0502216 0.132155
FixedParameters: 0 0 0

#Transform 5
Transform: AffineTransform_float_3_3
Parameters: 1 -0.000322967 0.00026707 0.000322748 0.999999 0.00149885 -0.000267226 -0.00149868 0.999999 -0.00309777 -0.0264614 0.125759
FixedParameters: 0 0 0

#Transform 6
Transform: AffineTransform_float_3_3
Parameters: 1 -0.000323744 0.000265338 0.000323453 0.999999 0.0017165 -0.000265663 -0.00171725 0.999998 -0.000215462 -0.0423492 0.112124
FixedParameters: 0 0 0

#Transform 7
Transform: AffineTransform_float_3_3
Parameters: 1 -0.000255068 0.000372126 0.000254414 0.999999 0.00171347 -0.000372213 -0.0017142 0.999998 0.00407639 -0.0456848 0.0954345
FixedParameters: 0 0 0

#Transform 8
Transform: AffineTransform_float_3_3
Parameters: 1 -0.000243966 0.000389544 0.000242713 0.999998 0.00165641 -0.000390378 -0.00165622 0.999998 0.00908496 -0.0563112 0.0715909
FixedParameters: 0 0 0

#Transform 9
Transform: AffineTransform_float_3_3
Parameters: 1 -0.000275026 0.000340922 0.00027442 0.999999 0.00179784 -0.000341126 -0.00179766 0.999999 0.00949757 -0.0665069 0.058544
FixedParameters: 0 0 0

#Transform 10
Transform: AffineTransform_float_3_3
Parameters: 1 -0.000323632 0.000266057 0.00032342 0.999999 0.00148988 -0.000266209 -0.00148971 0.999999 -0.00515345 -0.0472521 0.0873641
FixedParameters: 0 0 0

#Transform 11
Transform: AffineTransform_float_3_3
Parameters: 1 0.000463208 0.000139472 -0.000463915 0.999999 0.000589903 -0.000139765 -0.000590024 1 -0.00107758 -0.0108508 0.0845458
FixedParameters: 0 0 0

#Transform 12
Transform: AffineTransform_float_3_3
Parameters: 1 0.000407356 0.000373445 -0.000408087 0.999999 0.000978629 -0.00037265 -0.000978022 1 -0.00693521 -0.0583905 0.0460771
FixedParameters: 0 0 0

#Transform 13
Transform: AffineTransform_float_3_3
Parameters: 1 0.000308958 0.000373744 -0.000308904 1 0.00110263 -0.000373632 -0.00110284 1 -0.00132814 -0.0595273 0.0327638
FixedParameters: 0 0 0

#Transform 14
Transform: AffineTransform_float_3_3
Parameters: 1 0.000324838 0.000244637 -0.000325481 0.999999 0.00139702 -0.000243757 -0.00139718 0.999999 -7.59352e-05 -0.0631966 0.0452057
FixedParameters: 0 0 0

#Transform 15
Transform: AffineTransform_float_3_3
Parameters: 1 0.000347156 0.000279421 -0.000347858 0.999999 0.001327 -0.000278527 -0.00132719 0.999999 -0.00211671 -0.0674366 0.0333576
FixedParameters: 0 0 0

#Transform 16
Transform: AffineTransform_float_3_3
Parameters: 1 -0.000347422 -0.000336438 0.000347205 0.999999 0.00092699 0.000336334 -0.000926335 1 0.0371534 -0.0684262 0.0451943
FixedParameters: 0 0 0

#Transform 17
Transform: AffineTransform_float_3_3
Parameters: 1 -0.000813655 -0.000658966 0.000813858 0.999999 0.00082133 0.000658196 -0.000821513 1 0.0509149 -0.0177748 0.0132335
FixedParameters: 0 0 0

#Transform 18
Transform: AffineTransform_float_3_3
Parameters: 0.999999 -0.000695782 -0.000684134 0.000697255 0.999999 0.000681209 0.000684023 -0.000681259 1 0.0463301 -0.0141979 0.0141862
FixedParameters: 0 0 0

#Transform 19
Transform: AffineTransform_float_3_3
Parameters: 1 0.000434665 -4.40499e-05 -0.000435202 1 6.8797e-05 4.32698e-05 -6.87503e-05 1 -0.00214982 0.000444868 0.0671816
FixedParameters: 0 0 0

#Transform 20
Transform: AffineTransform_float_3_3
Parameters: 0.999999 0.000647978 0.00028561 -0.000648405 0.999999 0.000749412 -0.000284638 -0.000749782 0.999999 -0.00688262 -0.0268318 0.00259992
FixedParameters: 0 0 0

#Transform 21
Transform: AffineTransform_float_3_3
Parameters: 1 0.000474709 0.000238428 -0.000475017 0.999999 0.000646796 -0.000237814 -0.000647022 1 -0.00202395 -0.0362622 -0.0177816
FixedParameters: 0 0 0

#Transform 22
Transform: AffineTransform_float_3_3
Parameters: 1 0.000526016 0.000238657 -0.000526867 0.999999 0.000646053 -0.000238817 -0.000646296 1 0.000331212 -0.0535585 -0.0274702
FixedParameters: 0 0 0

#Transform 23
Transform: AffineTransform_float_3_3
Parameters: 1 -0.000210797 0.000143956 0.000210838 1 -0.000142851 -0.000143896 0.000142912 1 0.00538644 -0.0243666 0.0870801
FixedParameters: 0 0 0

#Transform 24
Transform: AffineTransform_float_3_3
Parameters: 1 0.000265509 -6.78323e-06 -0.000265499 0.999999 0.00067361 7.14092e-06 -0.000673606 1 -0.00979448 -0.0294623 0.136634
FixedParameters: 0 0 0

#Transform 25
Transform: AffineTransform_float_3_3
Parameters: 1 0.000333872 2.38533e-05 -0.00033444 1 0.000540001 -2.43323e-05 -0.000540009 1 -0.0146687 -0.121527 0.160044
FixedParameters: 0 0 0

#Transform 26
Transform: AffineTransform_float_3_3
Parameters: 1 0.000305307 0.00021512 -0.000305704 0.999999 0.000923747 -0.000214555 -0.000923878 0.999999 -0.019113 0.00587971 0.10543
FixedParameters: 0 0 0

#Transform 27
Transform: AffineTransform_float_3_3
Parameters: 1 0.000586833 -3.07705e-05 -0.000586775 1 0.000750323 3.16716e-05 -0.000749875 0.999999 -0.0135352 0.0216449 0.113544
FixedParameters: 0 0 0

#Transform 28
Transform: AffineTransform_float_3_3
Parameters: 1 0.000558584 -8.493e-05 -0.000558524 1 0.000348974 8.53198e-05 -0.000348879 1 -0.00923524 -0.0084646 0.123281
FixedParameters: 0 0 0

#Transform 29
Transform: AffineTransform_float_3_3
Parameters: 1 0.000633983 -7.07578e-05 -0.000633981 1 1.25395e-05 7.07737e-05 -1.24498e-05 1 -0.0140927 -0.0222787 0.122413
FixedParameters: 0 0 0

#Transform 30
Transform: AffineTransform_float_3_3
Parameters: 1 0.000627114 -0.000197165 -0.000627188 1 -0.000186892 0.00019693 0.000187139 1 -0.0158261 -0.0378838 0.136521
FixedParameters: 0 0 0

#Transform 31
Transform: AffineTransform_float_3_3
Parameters: 1 0.000564317 -8.23057e-05 -0.000563817 1 -0.00025233 8.28608e-05 0.000252415 1 -0.0179846 -0.0606748 0.171375
FixedParameters: 0 0 0

#Transform 32
Transform: AffineTransform_float_3_3
Parameters: 0.999999 0.000705513 -7.5866e-05 -0.000705521 1 -0.000130692 7.5702e-05 0.000131211 1 -0.0200352 -0.0558953 0.191808
FixedParameters: 0 0 0

#Transform 33
Transform: AffineTransform_float_3_3
Parameters: 1 0.000698211 -8.64143e-05 -0.00069831 0.999999 -0.000571217 8.56165e-05 0.000571337 1 -0.0232046 -0.0485726 0.188806
FixedParameters: 0 0 0

#Transform 34
Transform: AffineTransform_float_3_3
Parameters: 1 0.000681906 -0.000112116 -0.000681962 1 -0.000303687 0.000111722 0.000304251 0.999999 -0.0167955 -0.0395534 0.179613
FixedParameters: 0 0 0

#Transform 35
Transform: AffineTransform_float_3_3
Parameters: 1 0.000594233 -0.000151998 -0.000594314 1 -0.00030567 0.000151655 0.000306263 0.999999 -0.0167117 -0.0254269 0.175706
FixedParameters: 0 0 0

#Transform 36
Transform: AffineTransform_float_3_3
Parameters: 1 0.000518861 -0.000185804 -0.000518952 1 -0.000275943 0.000185538 0.000276547 0.999999 -0.0103715 -0.016521 0.173492
FixedParameters: 0 0 0

#Transform 37
Transform: AffineTransform_float_3_3
Parameters: 1 0.000467166 -0.000100578 -0.00046716 1 3.3464e-05 0.000100609 -3.337e-05 1 -0.0148623 -0.0151429 0.160907
FixedParameters: 0 0 0

#Transform 38
Transform: AffineTransform_float_3_3
Parameters: 1 0.00044961 -0.000125633 -0.000449638 1 -0.000112838 0.000125532 0.000112951 1 -0.0146861 -0.0225485 0.151956
FixedParameters: 0 0 0

#Transform 39
Transform: AffineTransform_float_3_3
Parameters: 1 0.00048575 -1.45046e-05 -0.000485739 1 -3.38212e-05 1.44923e-05 3.42469e-05 1 -0.0142335 -0.0255077 0.149824
FixedParameters: 0 0 0

#Transform 40
Transform: AffineTransform_float_3_3
Parameters: 1 0.000493078 -0.000111036 -0.000493186 1 -0.000488844 0.000110554 0.000488953 1 -0.0132568 -0.0640137 0.173569
FixedParameters: 0 0 0

#Transform 41
Transform: AffineTransform_float_3_3
Parameters: 1 0.000314394 2.7542e-06 -0.000314347 0.999999 -0.00129184 -3.59445e-06 0.00129184 0.999999 -0.0167661 -0.0625089 0.129937
FixedParameters: 0 0 0

#Transform 42
Transform: AffineTransform_float_3_3
Parameters: 1 0.000275516 0.000228383 -0.000275584 0.999999 -0.00157412 -0.000228716 0.00157438 0.999998 -0.0238036 -0.0506728 0.0865383
FixedParameters: 0 0 0

#Transform 43
Transform: AffineTransform_float_3_3
Parameters: 1 0.000450318 0.000106889 -0.00044984 0.999998 -0.00185998 -0.000108619 0.00185988 0.999999 -0.029669 -0.0370034 0.137532
FixedParameters: 0 0 0

#Transform 44
Transform: AffineTransform_float_3_3
Parameters: 1 0.000592248 -0.000148035 -0.000592244 0.999997 -0.00209196 0.000146341 0.00209212 0.999998 -0.0286383 -0.00738688 0.11906
FixedParameters: 0 0 0

#Transform 45
Transform: AffineTransform_float_3_3
Parameters: 1 0.000331633 0.000134584 -0.000330362 0.999981 -0.0061431 -0.00013726 0.00614297 0.999981 -0.0354066 0.00725364 0.309403
FixedParameters: 0 0 0

#Transform 46
Transform: AffineTransform_float_3_3
Parameters: 1 0.000611583 5.22576e-05 -0.000611359 0.999995 -0.00305453 -5.47516e-05 0.00305444 0.999996 -0.0407498 -0.0267054 0.227273
FixedParameters: 0 0 0

#Transform 47
Transform: AffineTransform_float_3_3
Parameters: 1 0.000848638 0.000366041 -0.000848611 0.999999 -0.00116496 -0.000367456 0.00116473 0.999999 -0.0537755 -0.0372744 0.227881
FixedParameters: 0 0 0

#Transform 48
Transform: AffineTransform_float_3_3
Parameters: 1 0.000591607 0.000331083 -0.000591354 0.999999 -0.000831705 -0.000330688 0.000832194 1 -0.0436224 -0.0124232 0.216519
FixedParameters: 0 0 0

#Transform 49
Transform: AffineTransform_float_3_3
Parameters: 0.999999 0.000630883 0.000279489 -0.000631247 1 -0.000831537 -0.000279979 0.000832485 0.999999 -0.0419918 -0.0421016 0.188786
FixedParameters: 0 0 0

#Transform 50
Transform: AffineTransform_float_3_3
Parameters: 0.999999 0.00065991 0.000250884 -0.000660204 1 -0.00100659 -0.000251699 0.00100624 1 -0.0409282 -0.0578305 0.18318
FixedParameters: 0 0 0

#Transform 51
Transform: AffineTransform_float_3_3
Parameters: 0.999999 0.000837392 0.000129733 -0.000837309 0.999999 -0.00126404 -0.000130475 0.0012642 0.999999 -0.0430752 -0.0561359 0.208093
FixedParameters: 0 0 0

#Transform 52
Transform: AffineTransform_float_3_3
Parameters: 0.999999 0.000803167 7.68627e-05 -0.000802378 0.999999 -0.00126247 -7.80573e-05 0.00126275 0.999999 -0.0419233 -0.0525056 0.213579
FixedParameters: 0 0 0

#Transform 53
Transform: AffineTransform_float_3_3
Parameters: 0.999999 0.000852852 0.000153921 -0.000852641 0.999998 -0.00152053 -0.000155161 0.00152024 0.999999 -0.0445709 -0.0214551 0.254814
FixedParameters: 0 0 0

#Transform 54
Transform: AffineTransform_float_3_3
Parameters: 0.999999 0.000725199 -4.41179e-05 -0.000725227 1 -0.000932303 4.27608e-05 0.000931866 0.999999 -0.0303717 -0.0101069 0.32842
FixedParameters: 0 0 0

#Transform 55
Transform: AffineTransform_float_3_3
Parameters: 0.999999 0.000764137 -0.000167225 -0.000764006 0.999999 -0.00138604 0.000165939 0.0013867 0.999999 -0.0317155 0.021432 0.306599
FixedParameters: 0 0 0

#Transform 56
Transform: AffineTransform_float_3_3
Parameters: 0.999999 0.00085964 -0.000518603 -0.000860368 0.999999 -0.00126392 0.00051724 0.0012648 0.999999 -0.030462 0.0295344 0.311448
FixedParameters: 0 0 0

#Transform 57
Transform: AffineTransform_float_3_3
Parameters: 1 0.000931071 -0.000664158 -0.000932119 0.999999 -0.0011979 0.000662764 0.00119913 0.999999 -0.0274351 0.00843563 0.300777
FixedParameters: 0 0 0

#Transform 58
Transform: AffineTransform_float_3_3
Parameters: 0.999999 0.000981603 -0.000736888 -0.000982337 0.999999 -0.00126156 0.000736063 0.00126208 0.999999 -0.0265384 0.00720226 0.285663
FixedParameters: 0 0 0

#Transform 59
Transform: AffineTransform_float_3_3
Parameters: 0.999999 0.00101864 -0.000808496 -0.00102009 0.999999 -0.0012606 0.000806739 0.00126133 0.999999 -0.022292 -0.00118513 0.254922
FixedParameters: 0 0 0

#Transform 60
Transform: AffineTransform_float_3_3
Parameters: 0.999999 0.00122527 -0.00054248 -0.00122616 0.999998 -0.00135985 0.00053996 0.00136026 0.999999 -0.0300306 -0.00850193 0.258135
FixedParameters: 0 0 0

#Transform 61
Transform: AffineTransform_float_3_3
Parameters: 0.999999 0.00119813 -0.000547307 -0.00119865 0.999998 -0.00151043 0.00054534 0.00151081 0.999999 -0.0283474 -0.0137595 0.245958
FixedParameters: 0 0 0

#Transform 62
Transform: AffineTransform_float_3_3
Parameters: 1 0.000949806 -0.000476577 -0.000950572 0.999998 -0.00137402 0.000474805 0.00137492 0.999999 -0.0322194 -0.0191541 0.242289
FixedParameters: 0 0 0

#Transform 63
Transform: AffineTransform_float_3_3
Parameters: 1 0.000918202 -0.000525336 -0.000919107 0.999999 -0.00141808 0.000523544 0.00141812 0.999999 -0.0289014 -0.0246991 0.257528
FixedParameters: 0 0 0

#Transform 64
Transform: AffineTransform_float_3_3
Parameters: 1 0.000997363 -0.000403525 -0.000997762 0.999999 -0.0011681 0.000402034 0.00116889 0.999999 -0.0335224 -0.00671891 0.242738
FixedParameters: 0 0 0

#Transform 65
Transform: AffineTransform_float_3_3
Parameters: 1 0.00107676 -0.000280727 -0.0010769 0.999999 -0.00124101 0.000278914 0.00124201 0.999999 -0.035736 -0.00598403 0.225033
FixedParameters: 0 0 0

#Transform 66
Transform: AffineTransform_float_3_3
Parameters: 1 0.00110301 -0.0004425 -0.00110361 0.999998 -0.00130078 0.000440469 0.00130174 0.999999 -0.0318973 -0.0179057 0.204445
FixedParameters: 0 0 0

#Transform 67
Transform: AffineTransform_float_3_3
Parameters: 1 0.0010037 -0.000393848 -0.00100403 0.999999 -0.00110536 0.000392467 0.00110614 1 -0.0291868 0.0119181 0.175548
FixedParameters: 0 0 0

#Transform 68
Transform: AffineTransform_float_3_3
Parameters: 1 0.00100044 -0.000218968 -0.00100079 0.999999 -0.000824552 0.00021734 0.000824489 0.999999 -0.0263982 -0.0107989 0.167411
FixedParameters: 0 0 0

#Transform 69
Transform: AffineTransform_float_3_3
Parameters: 1 0.000688079 4.39003e-05 -0.000687418 1 -0.000901786 -4.43288e-05 0.000901717 1 -0.0374586 -0.0261244 0.135742
FixedParameters: 0 0 0

#Transform 70
Transform: AffineTransform_float_3_3
Parameters: 1 0.00067133 -2.0003e-05 -0.000672181 0.999999 -0.00129941 1.87709e-05 0.00129941 0.999999 -0.0349457 -0.0310617 0.11706
FixedParameters: 0 0 0

#Transform 71
Transform: AffineTransform_float_3_3
Parameters: 1 0.000638861 -5.38931e-06 -0.000639675 0.999998 -0.00151931 3.9605e-06 0.00151929 0.999999 -0.0334735 -0.0341204 0.106512
FixedParameters: 0 0 0

#Transform 72
Transform: AffineTransform_float_3_3
Parameters: 1 0.000678283 -3.44557e-05 -0.000678641 0.999998 -0.0016406 3.36036e-05 0.00164103 0.999998 -0.0337968 -0.0391493 0.12338
FixedParameters: 0 0 0

#Transform 73
Transform: AffineTransform_float_3_3
Parameters: 1 0.00062408 -3.57094e-07 -0.000624879 0.999998 -0.00167525 -1.22153e-06 0.00167523 0.999998 -0.0345704 -0.0325547 0.109459
FixedParameters: 0 0 0

#Transform 74
Transform: AffineTransform_float_3_3
Parameters: 0.999999 0.000693943 0.00036223 -0.000694201 0.999999 -0.0008028 -0.000362805 0.000803185 1 -0.0414277 -0.131872 0.0778847
FixedParameters: 0 0 0

#Transform 75
Transform: AffineTransform_float_3_3
Parameters: 1 0.000605344 4.61094e-05 -0.000605298 0.999999 -0.000494552 -4.67081e-05 0.000494495 1 -0.0328829 -0.0406487 0.143456
FixedParameters: 0 0 0

#Transform 76
Transform: AffineTransform_float_3_3
Parameters: 0.999999 0.000852433 -7.66715e-05 -0.000852069 0.999998 -0.00150913 7.49314e-05 0.00150967 0.999998 -0.0350267 0.113965 0.136069
FixedParameters: 0 0 0

#Transform 77
Transform: AffineTransform_float_3_3
Parameters: 0.999999 0.000776062 0.000110153 -0.00077579 0.999999 -0.00104941 -0.000111809 0.00104924 1 -0.042035 0.0300338 0.185862
FixedParameters: 0 0 0

#Transform 78
Transform: AffineTransform_float_3_3
Parameters: 1 0.000682768 -2.98008e-05 -0.000682809 0.999999 -0.00138138 2.78864e-05 0.00138142 0.999999 -0.0387445 -0.00224171 0.226542
FixedParameters: 0 0 0

#Transform 79
Transform: AffineTransform_float_3_3
Parameters: 1 0.000648353 -7.5166e-06 -0.000649173 0.999999 -0.00138136 6.23794e-06 0.00138135 0.999999 -0.042257 -0.0328942 0.227615
FixedParameters: 0 0 0

#Transform 80
Transform: AffineTransform_float_3_3
Parameters: 1 0.000626529 6.61508e-06 -0.00062731 0.999999 -0.00138134 -7.83336e-06 0.0013813 0.999999 -0.0371682 -0.0575064 0.240999
FixedParameters: 0 0 0

#Transform 81
Transform: AffineTransform_float_3_3
Parameters: 1 0.000594116 3.00154e-05 -0.000593997 0.999999 -0.00129831 -3.1586e-05 0.00129828 0.999999 -0.0352293 -0.0738404 0.252166
FixedParameters: 0 0 0

#Transform 82
Transform: AffineTransform_float_3_3
Parameters: 1 0.000562749 4.96843e-05 -0.000562577 0.999999 -0.00132027 -5.1198e-05 0.00132021 0.999999 -0.0339295 -0.0706163 0.246545
FixedParameters: 0 0 0

#Transform 83
Transform: AffineTransform_float_3_3
Parameters: 1 0.000555609 -4.03591e-05 -0.000556519 0.999999 -0.0013794 3.93387e-05 0.00137942 0.999999 -0.0321763 -0.0624033 0.262922
FixedParameters: 0 0 0

#Transform 84
Transform: AffineTransform_float_3_3
Parameters: 1 0.000586534 -3.83426e-05 -0.000586068 0.999998 -0.0015229 3.73687e-05 0.00152293 0.999999 -0.0319722 -0.0291573 0.247338
FixedParameters: 0 0 0

#Transform 85
Transform: AffineTransform_float_3_3
Parameters: 1 0.00060086 -7.76869e-05 -0.00060087 0.999997 -0.0021455 7.72739e-05 0.00214556 0.999997 -0.0311885 -0.014314 0.257609
FixedParameters: 0 0 0

#Transform 86
Transform: AffineTransform_float_3_3
Parameters: 1 0.000634223 -1.37762e-05 -0.000633641 0.999998 -0.00191047 1.21583e-05 0.00191089 0.999998 -0.0357585 -0.00838458 0.262083
FixedParameters: 0 0 0

#Transform 87
Transform: AffineTransform_float_3_3
Parameters: 1 0.000686565 -4.53128e-05 -0.000686936 0.999999 -0.00182856 4.41473e-05 0.001829 0.999998 -0.0405825 0.01595 0.247079
FixedParameters: 0 0 0

#Transform 88
Transform: AffineTransform_float_3_3
Parameters: 1 0.000666442 -2.70171e-05 -0.000666735 0.999999 -0.00164904 2.61673e-05 0.00164855 0.999998 -0.0411705 0.00305054 0.232211
FixedParameters: 0 0 0

#Transform 89
Transform: AffineTransform_float_3_3
Parameters: 1 0.000685852 -4.45882e-05 -0.00068622 0.999999 -0.00181956 4.34377e-05 0.00182 0.999998 -0.0344525 -0.00892931 0.24089
FixedParameters: 0 0 0

#Transform 90
Transform: AffineTransform_float_3_3
Parameters: 1 0.000640037 -0.000132878 -0.000639976 0.999997 -0.00226698 0.000130732 0.00226714 0.999998 -0.0327743 -0.0142028 0.250169
FixedParameters: 0 0 0

#Transform 91
Transform: AffineTransform_float_3_3
Parameters: 1 0.000650336 -0.000133544 -0.000650578 0.999997 -0.00226511 0.000132734 0.00226525 0.999998 -0.0334842 -0.0323423 0.246308
FixedParameters: 0 0 0

#Transform 92
Transform: AffineTransform_float_3_3
Parameters: 0.999999 0.000729718 -9.52173e-05 -0.000730331 0.999997 -0.00257784 9.27462e-05 0.00257745 0.999996 -0.0387653 -0.0412135 0.289261
FixedParameters: 0 0 0

#Transform 93
Transform: AffineTransform_float_3_3
Parameters: 0.999999 0.00078156 2.718e-06 -0.000781182 0.999997 -0.00235971 -4.26817e-06 0.00235967 0.999997 -0.046018 -0.0267734 0.329899
FixedParameters: 0 0 0

#Transform 94
Transform: AffineTransform_float_3_3
Parameters: 0.999999 0.000834136 -5.40418e-05 -0.000834025 0.999997 -0.00235931 5.22434e-05 0.00235936 0.999997 -0.0454393 -0.0260323 0.350606
FixedParameters: 0 0 0

#Transform 95
Transform: AffineTransform_float_3_3
Parameters: 0.999999 0.000812746 -0.000145621 -0.000813636 0.999996 -0.00245819 0.000142921 0.0024584 0.999997 -0.0398182 -0.0207847 0.349017
FixedParameters: 0 0 0

#Transform 96
Transform: AffineTransform_float_3_3
Parameters: 0.999999 0.000771591 -0.000112071 -0.000771413 0.999998 -0.00222551 0.000109413 0.00222609 0.999998 -0.0405967 -0.0189347 0.332307
FixedParameters: 0 0 0

#Transform 97
Transform: AffineTransform_float_3_3
Parameters: 0.999999 0.000833872 -0.000152062 -0.00083472 0.999997 -0.00221128 0.00014967 0.00221151 0.999998 -0.0412372 -0.00933706 0.320466
FixedParameters: 0 0 0

#Transform 98
Transform: AffineTransform_float_3_3
Parameters: 0.999999 0.000899625 -0.000202748 -0.000900253 0.999996 -0.00248354 0.000200436 0.00248427 0.999996 -0.0408634 -0.0101867 0.323221
FixedParameters: 0 0 0

#Transform 99
Transform: AffineTransform_float_3_3
Parameters: 0.999999 0.000898362 -0.000211531 -0.000899142 0.999995 -0.00280815 0.000208592 0.00280849 0.999996 -0.0433948 -0.00952149 0.32991
FixedParameters: 0 0 0

#Transform 100
Transform: AffineTransform_float_3_3
Parameters: 0.999999 0.000909264 -0.000218612 -0.000910083 0.999995 -0.00280816 0.000215612 0.00280851 0.999996 -0.0444975 -0.01092 0.337627
FixedParameters: 0 0 0

#Transform 101
Transform: AffineTransform_float_3_3
Parameters: 0.999999 0.000954549 -0.000248027 -0.000955533 0.999995 -0.00280818 0.000244772 0.00280862 0.999996 -0.0449694 -0.0301432 0.343121
FixedParameters: 0 0 0

#Transform 102
Transform: AffineTransform_float_3_3
Parameters: 1 0.000914574 -0.000205771 -0.000915176 0.999997 -0.00225732 0.000203806 0.00225766 0.999998 -0.0413227 -0.0186239 0.304643
FixedParameters: 0 0 0

#Transform 103
Transform: AffineTransform_float_3_3
Parameters: 0.999999 0.000909237 -0.00020819 -0.00090988 0.999997 -0.00245655 0.000205878 0.0024573 0.999996 -0.0421345 -0.0210336 0.288053
FixedParameters: 0 0 0

#Transform 104
Transform: AffineTransform_float_3_3
Parameters: 0.999999 0.000904183 4.41523e-05 -0.00090369 0.999998 -0.00189414 -4.54111e-05 0.00189402 0.999998 -0.0463635 -0.0162601 0.278852
FixedParameters: 0 0 0

#Transform 105
Transform: AffineTransform_float_3_3
Parameters: 0.999999 0.000887247 -0.000190818 -0.000887778 0.999997 -0.00235128 0.000188782 0.00235157 0.999997 -0.0412345 -0.0102208 0.256184
FixedParameters: 0 0 0

#Transform 106
Transform: AffineTransform_float_3_3
Parameters: 1 0.00105596 -0.000310507 -0.00105727 0.999996 -0.00269428 0.00030695 0.00269489 0.999997 -0.0450776 -0.00959486 0.280806
FixedParameters: 0 0 0

#Transform 107
Transform: AffineTransform_float_3_3
Parameters: 0.999999 0.001247 -0.00021646 -0.00124809 0.999995 -0.00269985 0.000213242 0.00270032 0.999997 -0.0498291 -0.00894812 0.281013
FixedParameters: 0 0 0

#Transform 108
Transform: AffineTransform_float_3_3
Parameters: 0.999999 0.00121858 -0.000219425 -0.00121895 0.999994 -0.00301748 0.000215018 0.00301797 0.999996 -0.0534847 -0.0157911 0.279855
FixedParameters: 0 0 0

#Transform 109
Transform: AffineTransform_float_3_3
Parameters: 0.999999 0.00126325 -0.00035212 -0.00126436 0.999993 -0.00333146 0.000348841 0.00333226 0.999995 -0.0524819 0.00427309 0.283451
FixedParameters: 0 0 0

#Transform 110
Transform: AffineTransform_float_3_3
Parameters: 1 0.00105407 -0.000313237 -0.00105489 0.999996 -0.00282768 0.000310225 0.00282738 0.999996 -0.0461998 -0.0206055 0.29665
FixedParameters: 0 0 0

#Transform 111
Transform: AffineTransform_float_3_3
Parameters: 0.999999 0.00124433 -0.000440518 -0.00124596 0.999995 -0.00295101 0.00043614 0.00295155 0.999995 -0.0505334 0.0143583 0.291289
FixedParameters: 0 0 0

#Transform 112
Transform: AffineTransform_float_3_3
Parameters: 0.999999 0.00123744 -0.000438148 -0.00123996 0.999995 -0.00302054 0.000434174 0.00302197 0.999995 -0.0438144 0.00230216 0.273926
FixedParameters: 0 0 0

#Transform 113
Transform: AffineTransform_float_3_3
Parameters: 0.999994 -0.00341021 0.000808301 0.00340954 0.999994 0.000238893 -0.000808418 -0.000235411 1 0.013999 -0.0185626 0.216772
FixedParameters: 0 0 0

#Transform 114
Transform: AffineTransform_float_3_3
Parameters: 0.999999 -0.000723286 0.0002017 0.000723035 0.999999 -0.000721838 -0.000201496 0.000722138 0.999999 -0.00729019 -0.0498459 0.207742
FixedParameters: 0 0 0

#Transform 115
Transform: AffineTransform_float_3_3
Parameters: 1 0.000449686 0.000213666 -0.000448526 0.999999 -0.00135393 -0.00021407 0.00135373 0.999999 -0.0414625 -0.0324019 0.229892
FixedParameters: 0 0 0

#Transform 116
Transform: AffineTransform_float_3_3
Parameters: 0.999999 0.000841423 0.000146064 -0.000841882 0.999997 -0.00204238 -0.000147634 0.00204208 0.999998 -0.0551705 -0.0287134 0.214488
FixedParameters: 0 0 0

#Transform 117
Transform: AffineTransform_float_3_3
Parameters: 0.999999 0.00080758 0.000156795 -0.000807822 0.999997 -0.00242652 -0.000158855 0.00242663 0.999997 -0.0579418 -0.0204241 0.190418
FixedParameters: 0 0 0

#Transform 118
Transform: AffineTransform_float_3_3
Parameters: 0.999999 0.000800377 0.0001622 -0.000799761 0.999997 -0.00240151 -0.000164724 0.00240163 0.999997 -0.0544102 -0.00221451 0.181252
FixedParameters: 0 0 0

#Transform 119
Transform: AffineTransform_float_3_3
Parameters: 0.999999 0.000671469 0.000244668 -0.000670438 0.999997 -0.00244234 -0.000246627 0.0024424 0.999997 -0.0528987 -0.00329378 0.186247
FixedParameters: 0 0 0

#Transform 120
Transform: AffineTransform_float_3_3
Parameters: 0.999999 0.000851011 0.000183085 -0.000850355 0.999998 -0.0022356 -0.00018557 0.00223567 0.999998 -0.0554935 -0.00901233 0.182116
FixedParameters: 0 0 0

#Transform 121
Transform: AffineTransform_float_3_3
Parameters: 0.999999 0.0007443 0.000356775 -0.000742811 0.999997 -0.00233331 -0.000358947 0.00233275 0.999997 -0.0589087 -0.116687 0.29333
FixedParameters: 0 0 0

#Transform 122
Transform: AffineTransform_float_3_3
Parameters: 1 0.000161875 0.00108051 -0.000155815 0.999985 -0.00561405 -0.00108198 0.0056136 0.999983 -0.084132 -0.0297905 0.353045
FixedParameters: 0 0 0

#Transform 123
Transform: AffineTransform_float_3_3
Parameters: 1 0.000627974 0.000797262 -0.000624039 0.99999 -0.00436962 -0.000800792 0.00436945 0.99999 -0.0678327 0.0374007 0.392424
FixedParameters: 0 0 0

#Transform 124
Transform: AffineTransform_float_3_3
Parameters: 1 0.000716501 0.000628764 -0.000714422 0.999993 -0.00369981 -0.000631219 0.00369882 0.999993 -0.062299 0.00036562 0.350372
FixedParameters: 0 0 0

#Transform 125
Transform: AffineTransform_float_3_3
Parameters: 0.999999 0.000662153 0.000501336 -0.000659997 0.999992 -0.00384004 -0.000504146 0.00384021 0.999993 -0.0552791 -0.0120773 0.320901
FixedParameters: 0 0 0

#Transform 126
Transform: AffineTransform_float_3_3
Parameters: 0.999999 0.000537828 0.000524888 -0.00053532 0.999992 -0.00396818 -0.000526905 0.00396755 0.999992 -0.0539638 -0.0135251 0.29122
FixedParameters: 0 0 0

#Transform 127
Transform: AffineTransform_float_3_3
Parameters: 0.999999 0.000475352 0.000568179 -0.000473185 0.999992 -0.00387665 -0.000570429 0.00387696 0.999992 -0.0548309 -0.0212272 0.296056
FixedParameters: 0 0 0

#Transform 128
Transform: AffineTransform_float_3_3
Parameters: 0.999999 0.000543048 0.000532637 -0.00054096 0.999994 -0.00358014 -0.000534202 0.00358081 0.999993 -0.0533412 -0.0290926 0.273183
FixedParameters: 0 0 0

#Transform 129
Transform: AffineTransform_float_3_3
Parameters: 0.999999 0.000501166 0.000561722 -0.000499494 0.999993 -0.00351625 -0.000563783 0.00351563 0.999993 -0.0501142 -0.0401962 0.278745
FixedParameters: 0 0 0

#Transform 130
Transform: AffineTransform_float_3_3
Parameters: 0.999999 0.000544254 0.000534409 -0.00054226 0.999994 -0.00349133 -0.000535905 0.00349067 0.999994 -0.0532489 -0.0280199 0.267534
FixedParameters: 0 0 0

#Transform 131
Transform: AffineTransform_float_3_3
Parameters: 0.999999 0.000658501 0.000460609 -0.000657036 0.999994 -0.00347351 -0.000462881 0.00347283 0.999994 -0.0503976 -0.0155779 0.262177
FixedParameters: 0 0 0

#Transform 132
Transform: AffineTransform_float_3_3
Parameters: 0.999999 0.000663896 0.000391987 -0.000661432 0.999994 -0.00357907 -0.000394118 0.00357981 0.999993 -0.0484037 0.000615202 0.253991
FixedParameters: 0 0 0

#Transform 133
Transform: AffineTransform_float_3_3
Parameters: 0.999999 0.000675954 0.000384704 -0.000674204 0.999994 -0.00343622 -0.000387588 0.00343565 0.999994 -0.0478964 0.000779548 0.236392
FixedParameters: 0 0 0

#Transform 134
Transform: AffineTransform_float_3_3
Parameters: 0.999999 0.000662031 0.000458688 -0.000660591 0.999994 -0.00346052 -0.000460968 0.00345984 0.999994 -0.0500498 -0.013334 0.244381
FixedParameters: 0 0 0

#Transform 135
Transform: AffineTransform_float_3_3
Parameters: 0.999999 0.000516765 0.000492128 -0.000514789 0.999994 -0.00346707 -0.000494789 0.00346652 0.999994 -0.0470928 -0.00656429 0.220616
FixedParameters: 0 0 0

#Transform 136
Transform: AffineTransform_float_3_3
Parameters: 0.999999 0.000510269 0.000482507 -0.000508238 0.999992 -0.00386545 -0.000484177 0.0038658 0.999993 -0.0443263 -0.00101704 0.20991
FixedParameters: 0 0 0

#Transform 137
Transform: AffineTransform_float_3_3
Parameters: 0.999999 0.000653511 0.000372612 -0.000651716 0.999992 -0.0039048 -0.000374628 0.00390423 0.999993 -0.0477685 -0.00801825 0.214573
FixedParameters: 0 0 0

#Transform 138
Transform: AffineTransform_float_3_3
Parameters: 0.999999 0.000620529 0.000404402 -0.000618582 0.999992 -0.00383648 -0.00040605 0.00383681 0.999993 -0.0486205 -0.00567031 0.210892
FixedParameters: 0 0 0

#Transform 139
Transform: AffineTransform_float_3_3
Parameters: 0.999999 0.000641846 0.000393149 -0.000640446 0.999993 -0.00387034 -0.00039585 0.00387017 0.999992 -0.0462035 -0.0136538 0.210139
FixedParameters: 0 0 0

#Transform 140
Transform: AffineTransform_float_3_3
Parameters: 0.999999 0.000574383 0.000437954 -0.000572754 0.999993 -0.00379748 -0.000440043 0.00379782 0.999993 -0.0458222 -0.00715567 0.201299
FixedParameters: 0 0 0

#Transform 141
Transform: AffineTransform_float_3_3
Parameters: 0.999999 0.000512135 0.000485273 -0.000510714 0.999993 -0.00376897 -0.000487699 0.00376841 0.999993 -0.0459464 -0.0280318 0.201917
FixedParameters: 0 0 0

#Transform 142
Transform: AffineTransform_float_3_3
Parameters: 0.999999 0.000558105 0.000444055 -0.000556474 0.999993 -0.0037468 -0.000445962 0.00374624 0.999993 -0.0451099 -0.0117496 0.190323
FixedParameters: 0 0 0

#Transform 143
Transform: AffineTransform_float_3_3
Parameters: 0.999999 0.000507651 0.000478229 -0.000505668 0.999993 -0.00357524 -0.000480939 0.00357563 0.999994 -0.0465745 -0.0198144 0.196847
FixedParameters: 0 0 0

#Transform 144
Transform: AffineTransform_float_3_3
Parameters: 0.999999 0.000508926 0.000480173 -0.000506322 0.999994 -0.00360376 -0.000482105 0.00360322 0.999994 -0.0450235 -0.0107833 0.179792
FixedParameters: 0 0 0

#Transform 145
Transform: AffineTransform_float_3_3
Parameters: 0.999999 0.000542371 0.000531641 -0.000540249 0.999993 -0.00362983 -0.000533276 0.00363009 0.999993 -0.0484859 -0.0151044 0.186064
FixedParameters: 0 0 0

#Transform 146
Transform: AffineTransform_float_3_3
Parameters: 0.999999 0.000672091 0.000375226 -0.000670229 0.999994 -0.00360332 -0.000378315 0.00360318 0.999993 -0.0432044 -0.019554 0.178977
FixedParameters: 0 0 0

#Transform 147
Transform: AffineTransform_float_3_3
Parameters: 1 0.000493033 0.000455928 -0.000490453 0.999993 -0.00376909 -0.000457908 0.00376859 0.999993 -0.0408568 -0.0156982 0.192164
FixedParameters: 0 0 0

#Transform 148
Transform: AffineTransform_float_3_3
Parameters: 0.999999 0.000598177 0.000430042 -0.000596309 0.999995 -0.00324624 -0.000432115 0.00324609 0.999994 -0.046294 -0.0369505 0.207456
FixedParameters: 0 0 0

#Transform 149
Transform: AffineTransform_float_3_3
Parameters: 1 0.000489128 0.000449671 -0.000487423 0.999994 -0.00349384 -0.000452167 0.00349335 0.999994 -0.0443658 -0.0168538 0.186245
FixedParameters: 0 0 0

#Transform 150
Transform: AffineTransform_float_3_3
Parameters: 0.999995 -0.00317936 0.00100431 0.00318148 0.999994 -0.00180133 -0.000998918 0.00180447 0.999998 -0.00515129 -0.0336631 0.189063
FixedParameters: 0 0 0

#Transform 151
Transform: AffineTransform_float_3_3
Parameters: 0.999997 -0.00207898 0.0013563 0.00208072 0.999998 -0.001026 -0.00135373 0.00102892 0.999999 -0.0445766 -0.0707623 0.175263
FixedParameters: 0 0 0

#Transform 152
Transform: AffineTransform_float_3_3
Parameters: 0.999981 -0.00592948 0.00179171 0.00593042 0.999982 -0.000447395 -0.00178914 0.000458212 0.999999 -0.131773 -0.226971 -0.59937
FixedParameters: 0 0 0

#Transform 153
Transform: AffineTransform_float_3_3
Parameters: 0.999976 -0.00614883 0.00298137 0.00616148 0.999972 -0.00435715 -0.00295457 0.00437512 0.999986 -0.0827193 -0.219951 -0.305449
FixedParameters: 0 0 0

#Transform 154
Transform: AffineTransform_float_3_3
Parameters: 0.999994 -0.00225294 0.00242469 0.0022578 0.999995 -0.0021195 -0.00242003 0.00212557 0.999995 -0.0648432 -0.0729404 0.0168053
FixedParameters: 0 0 0

#Transform 155
Transform: AffineTransform_float_3_3
Parameters: 0.999996 -0.00218898 0.00215576 0.00219351 0.999995 -0.00211067 -0.00215192 0.00211477 0.999995 -0.0589286 -0.0603017 -0.0355803
FixedParameters: 0 0 0

#Transform 156
Transform: AffineTransform_float_3_3
Parameters: 0.999995 -0.00222076 0.00198235 0.00222569 0.999994 -0.00252682 -0.0019774 0.0025312 0.999995 -0.0488106 -0.0575481 -0.0594425
FixedParameters: 0 0 0

#Transform 157
Transform: AffineTransform_float_3_3
Parameters: 0.999996 -0.00231408 0.00200767 0.00231946 0.999994 -0.00260207 -0.00200188 0.00260735 0.999995 -0.0498915 -0.0737027 -0.123272
FixedParameters: 0 0 0

#Transform 158
Transform: AffineTransform_float_3_3
Parameters: 0.999994 -0.00250282 0.00213231 0.00251182 0.999988 -0.00421098 -0.00212212 0.00421676 0.999988 -0.0448696 -0.0442941 -0.159221
FixedParameters: 0 0 0

#Transform 159
Transform: AffineTransform_float_3_3
Parameters: 0.999997 -0.00165525 0.00148228 0.00165972 0.999994 -0.00301252 -0.00147779 0.00301523 0.999995 -0.0230981 0.0262413 -0.113895
FixedParameters: 0 0 0

#Transform 160
Transform: AffineTransform_float_3_3
Parameters: 0.999998 -0.00170232 0.00110827 0.00170665 0.999992 -0.00356959 -0.00110214 0.0035716 0.999993 -0.0127916 0.03117 -0.154081
FixedParameters: 0 0 0

#Transform 161
Transform: AffineTransform_float_3_3
Parameters: 0.999998 -0.00182314 0.00105663 0.00182681 0.999992 -0.00366788 -0.00105015 0.00366998 0.999993 -0.00704884 0.0253433 -0.188115
FixedParameters: 0 0 0

#Transform 162
Transform: AffineTransform_float_3_3
Parameters: 0.999997 -0.00182852 0.00109445 0.00183268 0.999991 -0.00377049 -0.00108755 0.00377273 0.999992 -0.00379615 0.00591283 -0.225501
FixedParameters: 0 0 0

#Transform 163
Transform: AffineTransform_float_3_3
Parameters: 0.999997 -0.0019548 0.00110586 0.00195922 0.999991 -0.00383124 -0.0010978 0.00383289 0.999992 -0.0101854 0.030467 -0.0438227
FixedParameters: 0 0 0

#Transform 164
Transform: AffineTransform_float_3_3
Parameters: 0.999996 -0.00190958 0.0019797 0.00191341 0.999997 -0.00171939 -0.00197598 0.00172382 0.999996 -0.0407047 -0.0565304 0.0293001
FixedParameters: 0 0 0

#Transform 165
Transform: AffineTransform_float_3_3
Parameters: 0.999997 -0.00178348 0.00156659 0.00178673 0.999995 -0.00232484 -0.00156285 0.00232822 0.999996 -0.0322968 -0.0311274 -0.0278962
FixedParameters: 0 0 0

#Transform 166
Transform: AffineTransform_float_3_3
Parameters: 0.999998 -0.00162453 0.00130346 0.0016284 0.999995 -0.00279205 -0.00129814 0.00279448 0.999995 -0.0261408 -0.0296181 -0.0845681
FixedParameters: 0 0 0

#Transform 167
Transform: AffineTransform_float_3_3
Parameters: 0.999998 -0.00172701 0.00148681 0.00173064 0.999995 -0.00256482 -0.00148253 0.00256684 0.999995 -0.0273438 -0.0274343 -0.119011
FixedParameters: 0 0 0

#Transform 168
Transform: AffineTransform_float_3_3
Parameters: 0.999998 -0.00165709 0.00129837 0.00165971 0.999996 -0.00233335 -0.00129437 0.00233585 0.999996 -0.0191895 -0.0307019 -0.113884
FixedParameters: 0 0 0

#Transform 169
Transform: AffineTransform_float_3_3
Parameters: 0.999998 -0.00157006 0.00134979 0.00157339 0.999996 -0.00231129 -0.00134544 0.00231331 0.999997 -0.020131 -0.0174032 -0.128452
FixedParameters: 0 0 0

#Transform 170
Transform: AffineTransform_float_3_3
Parameters: 0.999998 -0.00154641 0.00126728 0.00154944 0.999996 -0.00255455 -0.00126311 0.00255666 0.999995 -0.0175295 -0.0132278 -0.154861
FixedParameters: 0 0 0

#Transform 171
Transform: AffineTransform_float_3_3
Parameters: 0.999998 -0.0015569 0.00124748 0.00155985 0.999995 -0.00256874 -0.00124323 0.00257041 0.999996 -0.0117962 -0.00635732 -0.158215
FixedParameters: 0 0 0

#Transform 172
Transform: AffineTransform_float_3_3
Parameters: 0.999999 -0.00140918 0.00117768 0.001412 0.999995 -0.00266432 -0.00117393 0.00266634 0.999996 -0.0155368 -0.0125532 -0.15123
FixedParameters: 0 0 0

#Transform 173
Transform: AffineTransform_float_3_3
Parameters: 0.999998 -0.00130279 0.00148118 0.00130709 0.999996 -0.00278291 -0.00147854 0.00278457 0.999995 -0.0294081 -0.0074205 -0.146011
FixedParameters: 0 0 0

#Transform 174
Transform: AffineTransform_float_3_3
Parameters: 0.999995 -0.0025172 0.00153023 0.00252057 0.999995 -0.00212267 -0.00152462 0.00212627 0.999996 -0.0543431 -0.0719641 -0.169278
FixedParameters: 0 0 0

#Transform 175
Transform: AffineTransform_float_3_3
Parameters: 0.999993 -0.00343723 0.00192568 0.00344328 0.99999 -0.00286088 -0.00191585 0.00286693 0.999994 -0.0131515 -0.0561217 -0.216784
FixedParameters: 0 0 0

#Transform 176
Transform: AffineTransform_float_3_3
Parameters: 0.999997 -0.00166163 0.00136665 0.00166171 0.999998 -0.000229658 -0.00136674 0.000231975 0.999999 -0.0194765 -0.165354 -0.180717
FixedParameters: 0 0 0

#Transform 177
Transform: AffineTransform_float_3_3
Parameters: 0.999996 -0.00184691 0.00180851 0.00185009 0.999996 -0.00221354 -0.00180438 0.00221708 0.999996 -0.0287114 0.0518874 -0.0837377
FixedParameters: 0 0 0

#Transform 178
Transform: AffineTransform_float_3_3
Parameters: 0.999997 -0.00167098 0.00165673 0.00167439 0.999997 -0.00191754 -0.0016532 0.00191994 0.999997 -0.0403602 0.0532699 0.00596825
FixedParameters: 0 0 0

#Transform 179
Transform: AffineTransform_float_3_3
Parameters: 0.999997 -0.00178192 0.00161597 0.00178506 0.999997 -0.00180159 -0.00161379 0.00180516 0.999997 -0.0380727 -0.00680875 0.00530817
FixedParameters: 0 0 0

#Transform 180
Transform: AffineTransform_float_3_3
Parameters: 0.999996 -0.00202075 0.00157988 0.00202294 0.999997 -0.0016211 -0.00157621 0.00162344 0.999997 -0.0374943 -0.0361078 -0.00214425
FixedParameters: 0 0 0

#Transform 181
Transform: AffineTransform_float_3_3
Parameters: 0.999996 -0.00191453 0.0016885 0.00191657 0.999997 -0.00148617 -0.00168566 0.0014895 0.999997 -0.0376831 -0.0733957 0.0192972
FixedParameters: 0 0 0

#Transform 182
Transform: AffineTransform_float_3_3
Parameters: 0.999996 -0.00185519 0.00178367 0.00185853 0.999997 -0.00138744 -0.00178109 0.00139053 0.999998 -0.0377581 -0.1107 0.00931718
FixedParameters: 0 0 0

#Transform 183
Transform: AffineTransform_float_3_3
Parameters: 0.999996 -0.00185688 0.00178835 0.00186008 0.999997 -0.00134078 -0.00178592 0.0013443 0.999997 -0.0343366 -0.113693 0.0252542
FixedParameters: 0 0 0

#Transform 184
Transform: AffineTransform_float_3_3
Parameters: 0.999997 -0.00170626 0.00164556 0.00170892 0.999998 -0.00129433 -0.00164372 0.00129642 0.999998 -0.0263015 -0.104115 0.0351413
FixedParameters: 0 0 0

#Transform 185
Transform: AffineTransform_float_3_3
Parameters: 0.999997 -0.00195041 0.00163352 0.00195348 0.999997 -0.00174971 -0.00163095 0.00175298 0.999998 -0.0228119 -0.0369053 0.0108274
FixedParameters: 0 0 0

#Transform 186
Transform: AffineTransform_float_3_3
Parameters: 0.999997 -0.00191268 0.00137618 0.0019158 0.999996 -0.00209317 -0.00137241 0.00209574 0.999997 -0.0160918 0.00243577 0.00252834
FixedParameters: 0 0 0

#Transform 187
Transform: AffineTransform_float_3_3
Parameters: 0.999998 -0.00189832 0.00135972 0.00190138 0.999996 -0.00209311 -0.00135601 0.00209558 0.999997 -0.0172792 0.0148601 -0.00228973
FixedParameters: 0 0 0

#Transform 188
Transform: AffineTransform_float_3_3
Parameters: 0.999997 -0.00183644 0.00146616 0.0018405 0.999996 -0.00209592 -0.00146186 0.0020986 0.999996 -0.0224673 0.0162602 -0.0254439
FixedParameters: 0 0 0

#Transform 189
Transform: AffineTransform_float_3_3
Parameters: 0.999998 -0.00181789 0.0013255 0.00182055 0.999997 -0.00199872 -0.00132248 0.00200085 0.999997 -0.0200048 0.00114815 -0.0516851
FixedParameters: 0 0 0
