#Insight Transform File V1.0
#Transform 0
Transform: AffineTransform_float_3_3
Parameters: 0.999998 -0.00121116 0.00161112 0.00120653 0.999995 0.00284177 -0.001615 -0.0028401 0.999994 -0.00604016 -0.0213544 -0.206268
FixedParameters: 0 0 0

#Transform 1
Transform: AffineTransform_float_3_3
Parameters: 0.999999 -0.000651734 0.00126358 0.000649438 0.999998 0.00202682 -0.0012657 -0.00202647 0.999997 -0.0153335 -0.0318063 -0.0387476
FixedParameters: 0 0 0

#Transform 2
Transform: AffineTransform_float_3_3
Parameters: 0.999999 -0.00050239 0.00114302 0.000500387 0.999999 0.0017349 -0.00114365 -0.00173375 0.999998 -0.0242793 -0.0125019 -0.0508306
FixedParameters: 0 0 0

#Transform 3
Transform: AffineTransform_float_3_3
Parameters: 1 -0.00047386 0.00107462 0.00047209 0.999998 0.00173106 -0.00107517 -0.00173045 0.999998 -0.0215246 -0.00242197 -0.118044
FixedParameters: 0 0 0

#Transform 4
Transform: AffineTransform_float_3_3
Parameters: 0.999999 -0.000496278 0.000788605 0.00049563 0.999999 0.000403436 -0.000789026 -0.000403065 1 -0.0071664 0.0166467 -0.1793
FixedParameters: 0 0 0

#Transform 5
Transform: AffineTransform_float_3_3
Parameters: 0.999999 -0.000381752 0.000702114 0.00038182 1 0.000549146 -0.000703075 -0.000548587 0.999999 -0.0126681 0.00220492 -0.136784
FixedParameters: 0 0 0

#Transform 6
Transform: AffineTransform_float_3_3
Parameters: 1 -0.000589714 0.00108266 0.000589887 1 0.000552885 -0.00108303 -0.000552917 0.999999 -0.0227644 0.0191523 -0.100505
FixedParameters: 0 0 0

#Transform 7
Transform: AffineTransform_float_3_3
Parameters: 1 -0.000623586 0.00100578 0.000622484 1 0.00081806 -0.00100595 -0.000816815 0.999999 -0.0216505 0.018691 -0.0620787
FixedParameters: 0 0 0

#Transform 8
Transform: AffineTransform_float_3_3
Parameters: 1 -0.000628067 0.000833069 0.000627936 1 0.000575152 -0.000834352 -0.000575406 1 -0.00685027 -0.0120443 -0.128483
FixedParameters: 0 0 0

#Transform 9
Transform: AffineTransform_float_3_3
Parameters: 1 -0.000483243 0.000893204 0.000482439 0.999999 0.000747906 -0.000893105 -0.000748375 0.999999 -0.0173645 0.0494292 -0.0767375
FixedParameters: 0 0 0

#Transform 10
Transform: AffineTransform_float_3_3
Parameters: 0.999999 -0.000369412 0.000608076 0.000368926 1 0.000878386 -0.00060791 -0.000878857 0.999999 -2.669e-05 0.0176968 -0.0873976
FixedParameters: 0 0 0

#Transform 11
Transform: AffineTransform_float_3_3
Parameters: 1 -0.000513461 0.000385418 0.000513085 0.999999 0.000487042 -0.000385917 -0.000486646 1 0.00501808 0.022159 -0.0415676
FixedParameters: 0 0 0

#Transform 12
Transform: AffineTransform_float_3_3
Parameters: 1 -0.000129212 0.000664927 0.000129234 0.999999 0.00104259 -0.000664947 -0.00104281 1 -0.0110304 0.0075876 -0.0314879
FixedParameters: 0 0 0

#Transform 13
Transform: AffineTransform_float_3_3
Parameters: 0.999999 -0.000515479 0.000540075 0.000515473 1 6.01787e-06 -0.000540081 -5.46108e-06 1 0.0102171 -0.0132639 -0.0739692
FixedParameters: 0 0 0

#Transform 14
Transform: AffineTransform_float_3_3
Parameters: 1 -0.000384352 0.000448673 0.000384565 1 -0.000237217 -0.000448491 0.000237562 1 0.00925147 0.0177756 -0.0880129
FixedParameters: 0 0 0

#Transform 15
Transform: AffineTransform_float_3_3
Parameters: 1 -0.000514458 0.000159875 0.000514129 0.999999 -0.000669004 -0.000160027 0.000669178 1 0.0252079 0.0142324 -0.0444609
FixedParameters: 0 0 0

#Transform 16
Transform: AffineTransform_float_3_3
Parameters: 1 -0.000363246 0.000326115 0.000363275 1 -4.41351e-05 -0.000326083 4.4372e-05 1 0.00583124 0.0362105 -0.0717611
FixedParameters: 0 0 0

#Transform 17
Transform: AffineTransform_float_3_3
Parameters: 1 -0.000355788 0.000331619 0.000355657 1 0.00019772 -0.00033176 -0.000197484 1 0.00573431 0.0292681 -0.0751124
FixedParameters: 0 0 0

#Transform 18
Transform: AffineTransform_float_3_3
Parameters: 1 -0.000231881 0.000126982 0.000231817 1 0.000250884 -0.000127098 -0.000250825 1 0.0108443 0.00488208 -0.0822398
FixedParameters: 0 0 0

#Transform 19
Transform: AffineTransform_float_3_3
Parameters: 1 -0.000351556 8.47345e-05 0.000351596 1 -0.000230754 -8.45722e-05 0.000230813 1 0.0105208 0.0113414 -0.052144
FixedParameters: 0 0 0

#Transform 20
Transform: AffineTransform_float_3_3
Parameters: 1 0.000394883 -2.93404e-05 -0.000394845 0.999999 0.000637236 2.98436e-05 -0.000637213 1 0.000195682 -0.0236408 0.00798731
FixedParameters: 0 0 0

#Transform 21
Transform: AffineTransform_float_3_3
Parameters: 1 0.000279634 -7.20412e-05 -0.000279508 0.999999 0.000872756 7.25292e-05 -0.000872715 0.999999 0.00152239 -0.0234204 -0.018468
FixedParameters: 0 0 0

#Transform 22
Transform: AffineTransform_float_3_3
Parameters: 1 -0.000403841 -3.24438e-05 0.000404441 0.999999 0.000881528 3.25711e-05 -0.000881563 0.999999 0.0129557 0.000708119 -0.0538668
FixedParameters: 0 0 0

#Transform 23
Transform: AffineTransform_float_3_3
Parameters: 1 -0.000465384 3.73505e-05 0.000465397 1 -0.000168234 -3.71939e-05 0.000168269 1 0.0108611 0.00500928 -0.0672264
FixedParameters: 0 0 0

#Transform 24
Transform: AffineTransform_float_3_3
Parameters: 1 0.000334259 -0.000123887 -0.000334042 0.999999 0.00087302 0.000124471 -0.000872937 0.999999 0.00206347 -0.0408612 -0.0307347
FixedParameters: 0 0 0

#Transform 25
Transform: AffineTransform_float_3_3
Parameters: 1 -0.000371894 -0.000188625 0.000371861 1 -8.72224e-05 0.00018869 8.70821e-05 1 0.0170234 0.0104696 -0.0900327
FixedParameters: 0 0 0

#Transform 26
Transform: AffineTransform_float_3_3
Parameters: 1 0.000230563 -7.06649e-05 -0.000230559 1 2.71656e-05 7.06774e-05 -2.7133e-05 1 -0.000502218 0.0282064 -0.0625232
FixedParameters: 0 0 0

#Transform 27
Transform: AffineTransform_float_3_3
Parameters: 1 0.000113454 -3.34821e-06 -0.000113453 1 0.000112508 3.37374e-06 -0.000112508 1 -0.0034053 0.0167874 -0.0773465
FixedParameters: 0 0 0

#Transform 28
Transform: AffineTransform_float_3_3
Parameters: 1 0.000177421 9.57688e-05 -0.000177442 1 0.00010967 -9.57299e-05 -0.000109704 1 -0.00190459 0.00957652 -0.088446
FixedParameters: 0 0 0

#Transform 29
Transform: AffineTransform_float_3_3
Parameters: 1 -0.000184981 0.000163087 0.000184944 1 0.000113488 -0.000163128 -0.000113427 1 0.00141949 -0.0057505 -0.0999258
FixedParameters: 0 0 0

#Transform 30
Transform: AffineTransform_float_3_3
Parameters: 1 8.00015e-05 -5.48546e-05 -8.00046e-05 1 -2.906e-05 5.485e-05 2.90688e-05 1 0.000792323 -0.00632592 -0.116887
FixedParameters: 0 0 0

#Transform 31
Transform: AffineTransform_float_3_3
Parameters: 1 6.78052e-05 -7.37026e-05 -6.78122e-05 1 -4.7528e-05 7.36961e-05 4.7538e-05 1 0.0013433 0.00468289 -0.118662
FixedParameters: 0 0 0

#Transform 32
Transform: AffineTransform_float_3_3
Parameters: 1 0.000105729 -1.51262e-05 -0.000105728 1 2.58213e-05 1.51316e-05 -2.58181e-05 1 0.00123206 0.0349635 -0.139545
FixedParameters: 0 0 0

#Transform 33
Transform: AffineTransform_float_3_3
Parameters: 1 -9.91458e-05 8.03213e-05 9.91275e-05 1 0.00011387 -8.03439e-05 -0.000113854 1 0.00473319 0.0107208 -0.120489
FixedParameters: 0 0 0

#Transform 34
Transform: AffineTransform_float_3_3
Parameters: 1 -4.59141e-05 8.16609e-05 4.58956e-05 1 0.000113094 -8.16713e-05 -0.000113086 1 0.00491879 0.00988027 -0.125301
FixedParameters: 0 0 0

#Transform 35
Transform: AffineTransform_float_3_3
Parameters: 1 -0.000125382 9.1305e-05 0.000125361 1 0.000114028 -9.13336e-05 -0.000114005 1 0.00305508 0.00581346 -0.136199
FixedParameters: 0 0 0

#Transform 36
Transform: AffineTransform_float_3_3
Parameters: 1 0.000121585 9.25143e-06 -0.000121587 1 0.000112148 -9.22416e-06 -0.00011215 1 -0.000562635 -0.0110363 -0.106631
FixedParameters: 0 0 0

#Transform 37
Transform: AffineTransform_float_3_3
Parameters: 1 0.000130492 2.27706e-05 -0.000130504 1 0.000244797 -2.27067e-05 -0.000244803 1 1.27209e-06 0.0214017 -0.110698
FixedParameters: 0 0 0

#Transform 38
Transform: AffineTransform_float_3_3
Parameters: 1 0.000111015 -6.74565e-06 -0.000111016 1 -6.14415e-05 6.732e-06 6.1443e-05 1 0.000299036 0.0235975 -0.102909
FixedParameters: 0 0 0

#Transform 39
Transform: AffineTransform_float_3_3
Parameters: 1 9.14638e-05 -0.000136706 -9.14665e-05 1 -9.61792e-06 0.000136705 9.64293e-06 1 0.00306209 0.0260357 -0.099485
FixedParameters: 0 0 0

#Transform 40
Transform: AffineTransform_float_3_3
Parameters: 1 4.29477e-05 -0.000112221 -4.29568e-05 1 -4.04301e-05 0.000112217 4.04397e-05 1 0.00919197 0.0265602 -0.0991076
FixedParameters: 0 0 0

#Transform 41
Transform: AffineTransform_float_3_3
Parameters: 1 0.000161386 -0.00017769 -0.000161397 1 -3.0792e-05 0.00017768 3.08494e-05 1 0.0116895 0.0266219 -0.0993414
FixedParameters: 0 0 0

#Transform 42
Transform: AffineTransform_float_3_3
Parameters: 1 5.7694e-05 -8.94879e-05 -5.76932e-05 1 4.93546e-06 8.94885e-05 -4.92513e-06 1 0.00839104 0.0146177 -0.0990454
FixedParameters: 0 0 0

#Transform 43
Transform: AffineTransform_float_3_3
Parameters: 1 8.31422e-05 -4.99712e-05 -8.31459e-05 1 -3.72014e-05 4.9965e-05 3.72097e-05 1 0.000663378 0.00462973 -0.0970207
FixedParameters: 0 0 0

#Transform 44
Transform: AffineTransform_float_3_3
Parameters: 1 0.000226117 -0.0002889 -0.000226261 1 -0.000249568 0.000288787 0.000249699 1 0.0116634 -0.00364426 -0.0870168
FixedParameters: 0 0 0

#Transform 45
Transform: AffineTransform_float_3_3
Parameters: 1 0.000436421 -0.000500163 -0.000437173 0.999999 -0.000752413 0.000499505 0.00075285 0.999999 0.0131443 0.0135982 -0.0919267
FixedParameters: 0 0 0

#Transform 46
Transform: AffineTransform_float_3_3
Parameters: 1 0.000240836 -0.000379246 -0.000241314 0.999999 -0.00139633 0.000379385 0.0013965 0.999999 0.0128267 0.0490872 -0.101446
FixedParameters: 0 0 0

#Transform 47
Transform: AffineTransform_float_3_3
Parameters: 1 0.000366436 -0.000491563 -0.000366067 1 -0.00106971 0.000491049 0.00107009 1 0.0092575 0.0470722 -0.0739733
FixedParameters: 0 0 0

#Transform 48
Transform: AffineTransform_float_3_3
Parameters: 1 0.000303834 -0.000410276 -0.000304535 0.999999 -0.000855422 0.000409755 0.000855671 0.999999 0.0104405 0.0268792 -0.0989184
FixedParameters: 0 0 0

#Transform 49
Transform: AffineTransform_float_3_3
Parameters: 1 7.36771e-05 -0.000392985 -7.41688e-05 1 -0.000625558 0.000392893 0.000625616 0.999999 0.00868961 0.0136433 -0.13457
FixedParameters: 0 0 0

#Transform 50
Transform: AffineTransform_float_3_3
Parameters: 1 0.000256153 -0.000279367 -0.000256903 0.999996 -0.00250253 0.000278818 0.00250225 0.999997 -0.0013913 -0.0101349 -0.305848
FixedParameters: 0 0 0

#Transform 51
Transform: AffineTransform_float_3_3
Parameters: 1 -0.000187867 -0.000453222 0.000186198 0.999996 -0.00298051 0.000453655 0.00298036 0.999996 0.00187466 -0.00135922 -0.34667
FixedParameters: 0 0 0

#Transform 52
Transform: AffineTransform_float_3_3
Parameters: 1 0.000127583 -0.000616902 -0.000129365 0.999995 -0.00316064 0.000617088 0.00316081 0.999995 0.0296333 -0.025843 -0.212059
FixedParameters: 0 0 0

#Transform 53
Transform: AffineTransform_float_3_3
Parameters: 1 0.00031157 -0.000572011 -0.000312504 0.999997 -0.00263485 0.000571392 0.00263521 0.999997 0.00378555 0.00698412 0.0449737
FixedParameters: 0 0 0

#Transform 54
Transform: AffineTransform_float_3_3
Parameters: 1 0.000280688 -0.000620444 -0.000281533 0.999997 -0.00232539 0.00062019 0.00232574 0.999997 0.00097123 0.0800888 0.0241792
FixedParameters: 0 0 0

#Transform 55
Transform: AffineTransform_float_3_3
Parameters: 1 0.000346275 -0.000518633 -0.000347439 0.999997 -0.00260882 0.000517012 0.00260829 0.999996 -0.00647761 0.089482 0.0689644
FixedParameters: 0 0 0

#Transform 56
Transform: AffineTransform_float_3_3
Parameters: 1 0.000369209 -0.000580376 -0.000370263 0.999997 -0.00270148 0.000579404 0.00270192 0.999996 -0.005134 0.078061 0.0678265
FixedParameters: 0 0 0

#Transform 57
Transform: AffineTransform_float_3_3
Parameters: 1 0.000370511 -0.000480758 -0.000371136 0.999996 -0.0028145 0.000479696 0.00281486 0.999996 -0.00425374 0.0607425 0.0767628
FixedParameters: 0 0 0

#Transform 58
Transform: AffineTransform_float_3_3
Parameters: 0.999999 0.000414939 -0.000645514 -0.000416498 0.999995 -0.00281155 0.000644182 0.00281168 0.999996 -0.00452794 0.0348289 0.0899604
FixedParameters: 0 0 0

#Transform 59
Transform: AffineTransform_float_3_3
Parameters: 1 0.000253571 -0.000659633 -0.000256223 0.999995 -0.00320852 0.000658155 0.00320887 0.999994 0.00018627 0.0390513 0.0822724
FixedParameters: 0 0 0

#Transform 60
Transform: AffineTransform_float_3_3
Parameters: 1 0.000306697 -0.000578178 -0.000308193 0.999995 -0.00311751 0.000577239 0.00311746 0.999995 -0.00816582 -0.000831689 0.122901
FixedParameters: 0 0 0

#Transform 61
Transform: AffineTransform_float_3_3
Parameters: 1 0.000319548 -0.000439547 -0.000320067 0.999995 -0.00294536 0.000438668 0.00294524 0.999996 -0.0115458 -0.0109674 0.13974
FixedParameters: 0 0 0

#Transform 62
Transform: AffineTransform_float_3_3
Parameters: 1 0.000297484 -0.000419834 -0.000297992 0.999995 -0.0031298 0.000418969 0.00313006 0.999995 -0.0124434 -0.0169029 0.149347
FixedParameters: 0 0 0

#Transform 63
Transform: AffineTransform_float_3_3
Parameters: 1 0.000279723 -0.000337039 -0.000281101 0.999995 -0.00314121 0.000335977 0.00314139 0.999995 -0.0163956 -0.00227083 0.141112
FixedParameters: 0 0 0

#Transform 64
Transform: AffineTransform_float_3_3
Parameters: 1 0.000277685 -0.000346359 -0.000279381 0.999994 -0.00363114 0.00034498 0.00363133 0.999994 -0.0133888 0.0266692 0.137123
FixedParameters: 0 0 0

#Transform 65
Transform: AffineTransform_float_3_3
Parameters: 1 0.000343584 -0.000248643 -0.000344896 0.999993 -0.00367999 0.000248134 0.00368012 0.999993 -0.0194818 0.0397765 0.15604
FixedParameters: 0 0 0

#Transform 66
Transform: AffineTransform_float_3_3
Parameters: 1 0.000297388 -0.000227392 -0.000298624 0.999992 -0.00394285 0.000227039 0.00394295 0.999992 -0.0210935 0.042011 0.173603
FixedParameters: 0 0 0

#Transform 67
Transform: AffineTransform_float_3_3
Parameters: 1 0.00028456 -0.000298265 -0.000285548 0.999992 -0.00399928 0.00029744 0.00399944 0.999992 -0.0140723 0.0538344 0.146102
FixedParameters: 0 0 0

#Transform 68
Transform: AffineTransform_float_3_3
Parameters: 1 0.000304084 -0.000414425 -0.000305277 0.999991 -0.00419031 0.000412758 0.00419057 0.999991 -0.0113082 0.0565912 0.138211
FixedParameters: 0 0 0

#Transform 69
Transform: AffineTransform_float_3_3
Parameters: 1 0.000280285 -0.000450692 -0.000281871 0.99999 -0.0042873 0.000449168 0.00428756 0.99999 -0.013123 0.0443033 0.138558
FixedParameters: 0 0 0

#Transform 70
Transform: AffineTransform_float_3_3
Parameters: 1 0.000271418 -0.000355282 -0.000273238 0.999989 -0.00469518 0.000354096 0.00469537 0.999989 -0.0140621 0.0290365 0.173402
FixedParameters: 0 0 0

#Transform 71
Transform: AffineTransform_float_3_3
Parameters: 1 0.000271826 -0.000219443 -0.000272357 0.999989 -0.00457236 0.000218352 0.00457338 0.99999 -0.0173179 0.0220653 0.183842
FixedParameters: 0 0 0

#Transform 72
Transform: AffineTransform_float_3_3
Parameters: 1 0.0002027 -0.000222725 -0.000203807 0.999989 -0.00467583 0.000221356 0.00467592 0.999989 -0.0175578 0.0302606 0.175915
FixedParameters: 0 0 0

#Transform 73
Transform: AffineTransform_float_3_3
Parameters: 1 0.000137869 -0.00019344 -0.000139602 0.999988 -0.00491959 0.00019312 0.00491962 0.999988 -0.018869 0.0236375 0.17753
FixedParameters: 0 0 0

#Transform 74
Transform: AffineTransform_float_3_3
Parameters: 1 0.000219056 -0.000189934 -0.000219481 0.999984 -0.00573446 0.000188625 0.00573362 0.999983 -0.0184873 0.0383087 0.186568
FixedParameters: 0 0 0

#Transform 75
Transform: AffineTransform_float_3_3
Parameters: 1 4.23986e-05 -7.74612e-05 -4.20609e-05 0.999982 -0.00608884 7.72546e-05 0.00608884 0.999982 -0.0102162 0.0390781 0.191497
FixedParameters: 0 0 0

#Transform 76
Transform: AffineTransform_float_3_3
Parameters: 1 5.67228e-05 -0.000119282 -5.74516e-05 0.999981 -0.00617825 0.000118044 0.00617828 0.999981 -0.0113885 0.0378264 0.180141
FixedParameters: 0 0 0

#Transform 77
Transform: AffineTransform_float_3_3
Parameters: 1 0.000108515 -0.000118423 -0.000109525 0.99998 -0.00630004 0.000117871 0.00630004 0.99998 -0.0113486 0.0403352 0.209562
FixedParameters: 0 0 0

#Transform 78
Transform: AffineTransform_float_3_3
Parameters: 1 0.000154776 -7.84383e-05 -0.000155266 0.999979 -0.00647552 7.72238e-05 0.00647552 0.999979 -0.022237 0.04676 0.234512
FixedParameters: 0 0 0

#Transform 79
Transform: AffineTransform_float_3_3
Parameters: 0.999999 0.000318798 0.000640836 -0.000315191 0.999983 -0.00595486 -0.000643247 0.00595436 0.999982 -0.0556394 0.0913629 0.100226
FixedParameters: 0 0 0

#Transform 80
Transform: AffineTransform_float_3_3
Parameters: 0.999999 -0.000929888 0.00113864 0.000937168 0.999977 -0.00669798 -0.001133 0.00669879 0.999976 -0.108756 0.15606 0.110513
FixedParameters: 0 0 0

#Transform 81
Transform: AffineTransform_float_3_3
Parameters: 0.999978 -0.0066284 0.000260341 0.0066299 0.999955 -0.00677399 -0.000215327 0.00677537 0.999977 0.0344744 -0.00397959 0.0120891
FixedParameters: 0 0 0

#Transform 82
Transform: AffineTransform_float_3_3
Parameters: 1 -0.000605092 0.000148279 0.000605494 0.999996 -0.00268105 -0.000145985 0.00268124 0.999997 -0.0147656 -0.0711236 0.21785
FixedParameters: 0 0 0

#Transform 83
Transform: AffineTransform_float_3_3
Parameters: 1 -0.000553161 0.000292137 0.000553408 0.999995 -0.00332969 -0.000289759 0.00333001 0.999995 -0.0255758 -0.000488395 0.185202
FixedParameters: 0 0 0

#Transform 84
Transform: AffineTransform_float_3_3
Parameters: 0.999999 -0.000989556 -7.0265e-05 0.000989938 0.999996 -0.00292237 7.31689e-05 0.00292179 0.999995 -0.0108553 -0.049295 0.135929
FixedParameters: 0 0 0

#Transform 85
Transform: AffineTransform_float_3_3
Parameters: 0.999999 -0.000708989 0.00042401 0.000710331 0.999993 -0.00378049 -0.000422226 0.00378022 0.999993 -0.0271865 0.124582 0.155506
FixedParameters: 0 0 0

#Transform 86
Transform: AffineTransform_float_3_3
Parameters: 0.999999 -0.00086993 0.000431502 0.000871844 0.999993 -0.00375828 -0.000427698 0.00375815 0.999993 -0.0291271 0.0929458 0.15754
FixedParameters: 0 0 0

#Transform 87
Transform: AffineTransform_float_3_3
Parameters: 1 -0.000924271 0.000461748 0.000926384 0.999993 -0.00377105 -0.000457483 0.00377102 0.999993 -0.0307135 0.0641343 0.158008
FixedParameters: 0 0 0

#Transform 88
Transform: AffineTransform_float_3_3
Parameters: 1 -0.00104259 0.000345108 0.00104297 0.999993 -0.00343166 -0.00034145 0.00343241 0.999994 -0.0264286 0.0462578 0.13135
FixedParameters: 0 0 0

#Transform 89
Transform: AffineTransform_float_3_3
Parameters: 1 0.000387616 -0.000479268 -0.000389374 0.999994 -0.00315858 0.000478332 0.00315853 0.999995 -0.0206148 0.0171009 0.18577
FixedParameters: 0 0 0

#Transform 90
Transform: AffineTransform_float_3_3
Parameters: 1 7.46643e-05 0.000106564 -7.47421e-05 0.999996 -0.00284395 -0.000106559 0.00284391 0.999996 -0.0342851 0.00520037 0.161119
FixedParameters: 0 0 0

#Transform 91
Transform: AffineTransform_float_3_3
Parameters: 0.999999 -0.000728645 -0.000246099 0.000727577 0.999995 -0.00314806 0.000249161 0.00314773 0.999995 -0.0101503 0.0156717 0.136556
FixedParameters: 0 0 0

#Transform 92
Transform: AffineTransform_float_3_3
Parameters: 0.999999 -0.000709573 -0.000265492 0.000709129 0.999994 -0.00339802 0.000268222 0.00339769 0.999994 -0.0126847 0.0340354 0.116671
FixedParameters: 0 0 0

#Transform 93
Transform: AffineTransform_float_3_3
Parameters: 0.999999 -0.000791726 -0.000212062 0.000790801 0.999994 -0.00339789 0.000215889 0.00339758 0.999994 -0.0116294 0.0571131 0.117596
FixedParameters: 0 0 0

#Transform 94
Transform: AffineTransform_float_3_3
Parameters: 0.999999 -0.000784086 -0.00021848 0.000783095 0.999993 -0.00344989 0.000222337 0.00344957 0.999994 -0.0132328 0.0683403 0.0952339
FixedParameters: 0 0 0

#Transform 95
Transform: AffineTransform_float_3_3
Parameters: 1 -0.000605204 -0.00020362 0.000604586 0.999993 -0.00353666 0.000204967 0.00353648 0.999993 -0.00879529 0.0615186 0.0790223
FixedParameters: 0 0 0

#Transform 96
Transform: AffineTransform_float_3_3
Parameters: 1 -0.000648876 -0.00030921 0.000648052 0.999994 -0.00354892 0.000311741 0.00354989 0.999994 -0.00742232 0.0757085 0.0878437
FixedParameters: 0 0 0

#Transform 97
Transform: AffineTransform_float_3_3
Parameters: 1 -0.000657688 -0.000222794 0.000656022 0.999993 -0.00386368 0.000225424 0.00386343 0.999993 -0.00226634 0.0657235 0.0840076
FixedParameters: 0 0 0

#Transform 98
Transform: AffineTransform_float_3_3
Parameters: 1 -0.000491179 -0.000139431 0.000491446 0.99999 -0.00447171 0.000141621 0.00447163 0.99999 -0.00632649 0.0886226 0.076254
FixedParameters: 0 0 0

#Transform 99
Transform: AffineTransform_float_3_3
Parameters: 1 -5.42919e-05 -0.00042669 5.21701e-05 0.999989 -0.00455728 0.000427194 0.00455725 0.999989 -0.00286584 0.0897765 0.0796485
FixedParameters: 0 0 0

#Transform 100
Transform: AffineTransform_float_3_3
Parameters: 1 -5.31222e-05 -0.00020363 5.3075e-05 0.99999 -0.00445558 0.000204121 0.00445557 0.99999 -0.0162897 0.0861744 0.0943861
FixedParameters: 0 0 0

#Transform 101
Transform: AffineTransform_float_3_3
Parameters: 1 -2.77693e-05 -0.000129657 2.70064e-05 0.99999 -0.00458942 0.0001296 0.00458942 0.99999 -0.0158912 0.0780395 0.0912927
FixedParameters: 0 0 0

#Transform 102
Transform: AffineTransform_float_3_3
Parameters: 1 -0.000417596 -7.73053e-05 0.000416745 0.999989 -0.00467499 8.00578e-05 0.00467494 0.999989 -0.0135506 0.0804705 0.0767366
FixedParameters: 0 0 0

#Transform 103
Transform: AffineTransform_float_3_3
Parameters: 1 -7.90187e-05 -0.000582378 7.64567e-05 0.999988 -0.00496559 0.000583408 0.00496645 0.999988 0.00371643 0.0692163 0.091166
FixedParameters: 0 0 0

#Transform 104
Transform: AffineTransform_float_3_3
Parameters: 1 -2.74543e-05 -0.000610752 2.4422e-05 0.999986 -0.00515525 0.000611251 0.00515525 0.999986 0.000504973 0.0777978 0.113344
FixedParameters: 0 0 0

#Transform 105
Transform: AffineTransform_float_3_3
Parameters: 0.999999 -0.000104582 -0.000809976 0.000100606 0.999988 -0.00498732 0.00081069 0.00498721 0.999987 0.00731064 0.0831814 0.0882052
FixedParameters: 0 0 0

#Transform 106
Transform: AffineTransform_float_3_3
Parameters: 0.999999 -0.000216569 -0.000892181 0.000212179 0.999988 -0.00490522 0.000892621 0.00490493 0.999987 0.0105101 0.0887045 0.0601941
FixedParameters: 0 0 0

#Transform 107
Transform: AffineTransform_float_3_3
Parameters: 0.999999 -0.000212452 -0.00089287 0.00020707 0.999987 -0.00500101 0.000893798 0.00500029 0.999988 0.0204129 0.0798154 0.0697312
FixedParameters: 0 0 0

#Transform 108
Transform: AffineTransform_float_3_3
Parameters: 0.999999 -0.000249981 -0.00089903 0.000245339 0.999988 -0.00502869 0.000899829 0.00502833 0.999987 0.0102592 0.106615 0.0676894
FixedParameters: 0 0 0

#Transform 109
Transform: AffineTransform_float_3_3
Parameters: 0.999999 -0.000104842 -0.000916311 0.000100559 0.999988 -0.00503527 0.000916494 0.00503516 0.999987 0.0111943 0.094135 0.0688127
FixedParameters: 0 0 0

#Transform 110
Transform: AffineTransform_float_3_3
Parameters: 1 -7.81827e-05 -0.000726873 7.39534e-05 0.999987 -0.00515187 0.000727887 0.00515271 0.999987 0.00628989 0.0913527 0.0735082
FixedParameters: 0 0 0

#Transform 111
Transform: AffineTransform_float_3_3
Parameters: 1 -0.000154731 -0.000626971 0.000151956 0.999985 -0.00557534 0.000628288 0.0055752 0.999985 0.0152168 0.0891738 0.0737978
FixedParameters: 0 0 0

#Transform 112
Transform: AffineTransform_float_3_3
Parameters: 1 -0.00020739 -0.000573321 0.000204981 0.999986 -0.00523856 0.000574304 0.00523839 0.999986 0.0155441 0.0873641 0.0806303
FixedParameters: 0 0 0

#Transform 113
Transform: AffineTransform_float_3_3
Parameters: 1 -0.000211322 -0.000480155 0.000208919 0.999985 -0.00536988 0.000481774 0.00537063 0.999986 0.0139553 0.0897174 0.0622886
FixedParameters: 0 0 0

#Transform 114
Transform: AffineTransform_float_3_3
Parameters: 1 -0.000146935 -0.000411604 0.000144528 0.999984 -0.00576266 0.000411724 0.00576259 0.999984 0.013559 0.0770371 0.0502875
FixedParameters: 0 0 0

#Transform 115
Transform: AffineTransform_float_3_3
Parameters: 1 -0.000489166 -0.000119475 0.000488175 0.999982 -0.00596455 0.000122578 0.00596448 0.999982 -8.4603e-05 0.0848597 0.0173216
FixedParameters: 0 0 0

#Transform 116
Transform: AffineTransform_float_3_3
Parameters: 1 -0.000480116 -0.000197907 0.000479517 0.99998 -0.00628927 0.000201459 0.00628914 0.99998 0.00449478 0.0872801 0.0120168
FixedParameters: 0 0 0

#Transform 117
Transform: AffineTransform_float_3_3
Parameters: 1 -0.000160447 -0.000480075 0.000158239 0.99998 -0.00629029 0.000480734 0.0062902 0.99998 0.0227285 0.0734078 0.00140606
FixedParameters: 0 0 0

#Transform 118
Transform: AffineTransform_float_3_3
Parameters: 0.999999 0.000128509 -0.00140052 -0.000133331 0.999992 -0.00410131 0.00139985 0.00410135 0.999991 0.00523041 -0.0115926 -0.0652267
FixedParameters: 0 0 0

#Transform 119
Transform: AffineTransform_float_3_3
Parameters: 0.999999 9.95333e-05 -0.000824388 -0.000103292 0.99999 -0.00451861 0.000824628 0.0045188 0.999989 -0.00759591 0.142468 -0.0518248
FixedParameters: 0 0 0

#Transform 120
Transform: AffineTransform_float_3_3
Parameters: 1 0.000181695 -0.00110623 -0.000188115 0.999983 -0.00566022 0.00110489 0.00566028 0.999983 0.00364626 0.122137 0.0171931
FixedParameters: 0 0 0

#Transform 121
Transform: AffineTransform_float_3_3
Parameters: 0.999999 -4.71501e-05 -0.00105706 4.17225e-05 0.999983 -0.00590655 0.00105773 0.00590654 0.999982 0.0043905 0.112154 0.0235827
FixedParameters: 0 0 0

#Transform 122
Transform: AffineTransform_float_3_3
Parameters: 0.999999 -0.000176098 -0.00138606 0.000168291 0.999985 -0.00541011 0.00138678 0.00540933 0.999984 0.00792756 0.0898473 -0.0173112
FixedParameters: 0 0 0

#Transform 123
Transform: AffineTransform_float_3_3
Parameters: 0.999998 -0.00141337 -0.000970253 0.00141094 0.999995 -0.00293678 0.000974065 0.00293458 0.999995 0.00463145 0.0372761 0.0283488
FixedParameters: 0 0 0

#Transform 124
Transform: AffineTransform_float_3_3
Parameters: 0.999999 -0.00105201 -0.00103184 0.00104813 0.999993 -0.00347879 0.00103461 0.00347766 0.999993 0.0201083 0.0235414 0.0487614
FixedParameters: 0 0 0

#Transform 125
Transform: AffineTransform_float_3_3
Parameters: 0.999999 -0.00117081 -0.000847429 0.00116727 0.999992 -0.00353062 0.000851694 0.00352965 0.999993 0.0154168 0.0282837 0.0349781
FixedParameters: 0 0 0

#Transform 126
Transform: AffineTransform_float_3_3
Parameters: 0.999999 -0.00129845 -0.000869949 0.00129526 0.999993 -0.00342179 0.000873474 0.00342099 0.999994 0.0136418 0.0462362 -0.0109562
FixedParameters: 0 0 0

#Transform 127
Transform: AffineTransform_float_3_3
Parameters: 0.999999 -0.00127955 -0.000881403 0.00127687 0.999993 -0.00339152 0.000885542 0.00339031 0.999994 0.0165261 0.0578024 -0.00634452
FixedParameters: 0 0 0

#Transform 128
Transform: AffineTransform_float_3_3
Parameters: 0.999999 -0.0012637 -0.000627961 0.00126196 0.999994 -0.00334707 0.000632448 0.003346 0.999994 0.0112987 0.058032 -0.0215818
FixedParameters: 0 0 0

#Transform 129
Transform: AffineTransform_float_3_3
Parameters: 0.999999 -0.00107998 -0.000711556 0.00107743 0.999993 -0.0035143 0.000715149 0.00351379 0.999994 0.0201018 0.0664393 -0.0375449
FixedParameters: 0 0 0

#Transform 130
Transform: AffineTransform_float_3_3
Parameters: 0.999999 -0.00135301 -0.000833045 0.00134932 0.999994 -0.00337073 0.000837345 0.00336991 0.999994 0.00736128 0.0798578 -0.091875
FixedParameters: 0 0 0

#Transform 131
Transform: AffineTransform_float_3_3
Parameters: 0.999997 -0.0020198 -0.000889332 0.00201642 0.999993 -0.00313316 0.000895834 0.00313144 0.999995 0.0247778 0.0839401 -0.105329
FixedParameters: 0 0 0

#Transform 132
Transform: AffineTransform_float_3_3
Parameters: 0.999998 -0.00192768 -0.000860041 0.00192541 0.999995 -0.00235368 0.000864432 0.00235221 0.999996 0.024499 0.0604436 -0.117499
FixedParameters: 0 0 0

#Transform 133
Transform: AffineTransform_float_3_3
Parameters: 0.999998 -0.001926 -0.000848981 0.00192346 0.999995 -0.00256495 0.000854149 0.00256352 0.999996 0.034506 0.0618211 -0.10183
FixedParameters: 0 0 0

#Transform 134
Transform: AffineTransform_float_3_3
Parameters: 0.999997 -0.00198909 -0.000867074 0.00198726 0.999995 -0.0025878 0.000872116 0.00258621 0.999996 0.0322693 0.0533122 -0.115689
FixedParameters: 0 0 0

#Transform 135
Transform: AffineTransform_float_3_3
Parameters: 0.999998 -0.00185722 -0.000959582 0.00185429 0.999994 -0.002928 0.000965174 0.00292631 0.999995 0.0282006 0.0315054 -0.103755
FixedParameters: 0 0 0

#Transform 136
Transform: AffineTransform_float_3_3
Parameters: 0.999999 -0.00182455 -0.000308641 0.00182317 0.999994 -0.00303853 0.000314648 0.003037 0.999995 -0.00902902 0.073745 0.0110048
FixedParameters: 0 0 0

#Transform 137
Transform: AffineTransform_float_3_3
Parameters: 0.999999 -0.00170011 -0.000718201 0.00169787 0.999994 -0.00284348 0.000723111 0.00284156 0.999996 0.025864 0.0467133 -0.0373736
FixedParameters: 0 0 0

#Transform 138
Transform: AffineTransform_float_3_3
Parameters: 0.999998 -0.00182032 -0.000904695 0.00181887 0.999995 -0.00257335 0.000909652 0.00257191 0.999996 0.0272897 0.0533035 -0.0526215
FixedParameters: 0 0 0

#Transform 139
Transform: AffineTransform_float_3_3
Parameters: 0.999998 -0.00186247 -0.000969754 0.00186072 0.999995 -0.00255136 0.000974823 0.00254919 0.999997 0.0429475 0.0290613 -0.0890696
FixedParameters: 0 0 0

#Transform 140
Transform: AffineTransform_float_3_3
Parameters: 0.999998 -0.0021333 -0.000882668 0.00213137 0.999995 -0.00208251 0.000886898 0.00208058 0.999998 0.0277935 -0.00672959 -0.0337821
FixedParameters: 0 0 0

#Transform 141
Transform: AffineTransform_float_3_3
Parameters: 0.999994 -0.00305937 -0.000966466 0.00306316 0.999985 0.00450239 0.000952876 -0.00450523 0.999989 0.0544228 -0.0313348 0.167642
FixedParameters: 0 0 0

#Transform 142
Transform: AffineTransform_float_3_3
Parameters: 0.999999 -0.00108406 0.000996788 0.00108207 0.999995 0.00255944 -0.000999616 -0.00255861 0.999996 -0.0507519 0.054032 0.17085
FixedParameters: 0 0 0

#Transform 143
Transform: AffineTransform_float_3_3
Parameters: 0.999998 -0.00166521 0.00107626 0.00166307 0.999997 0.00178477 -0.00107973 -0.00178303 0.999998 -0.0469533 0.0561321 0.105012
FixedParameters: 0 0 0

#Transform 144
Transform: AffineTransform_float_3_3
Parameters: 0.999997 -0.00224693 0.00090191 0.00224586 0.999997 0.00122064 -0.000905712 -0.00121892 0.999999 -0.0309132 0.0387964 0.0784146
FixedParameters: 0 0 0

#Transform 145
Transform: AffineTransform_float_3_3
Parameters: 0.999997 -0.00237872 0.000632852 0.00237808 0.999996 0.00115133 -0.000635217 -0.00114936 0.999999 -0.025413 -0.000733918 0.0908222
FixedParameters: 0 0 0

#Transform 146
Transform: AffineTransform_float_3_3
Parameters: 0.999997 -0.00241631 0.00054144 0.00241623 0.999996 0.00109643 -0.00054501 -0.00109482 0.999999 -0.0191638 -0.019637 0.111553
FixedParameters: 0 0 0

#Transform 147
Transform: AffineTransform_float_3_3
Parameters: 0.999997 -0.00249937 0.000476332 0.00249885 0.999996 0.000832662 -0.000478224 -0.000831315 1 -0.0152714 -0.0456841 0.102517
FixedParameters: 0 0 0

#Transform 148
Transform: AffineTransform_float_3_3
Parameters: 0.999996 -0.00254212 0.000353617 0.00254225 0.999997 0.000634016 -0.000355931 -0.000632809 1 -0.00862609 -0.0331685 0.0827601
FixedParameters: 0 0 0

#Transform 149
Transform: AffineTransform_float_3_3
Parameters: 0.999997 -0.00260601 0.000421385 0.00260616 0.999997 0.000463753 -0.000422864 -0.00046215 1 -0.00148367 -0.00945752 0.0591759
FixedParameters: 0 0 0

#Transform 150
Transform: AffineTransform_float_3_3
Parameters: 0.999996 -0.00256227 0.000477105 0.00256259 0.999996 0.000254973 -0.000477523 -0.000254446 1 0.00401225 0.0213725 0.0400223
FixedParameters: 0 0 0

#Transform 151
Transform: AffineTransform_float_3_3
Parameters: 0.999997 -0.00244923 0.00066593 0.00244917 0.999997 6.40794e-05 -0.000666192 -6.27275e-05 1 0.00347223 0.0705974 0.00615473
FixedParameters: 0 0 0

#Transform 152
Transform: AffineTransform_float_3_3
Parameters: 0.999996 -0.00253506 0.000532346 0.0025354 0.999997 0.000215637 -0.00053255 -0.000214857 1 0.0111163 0.0729007 -0.0141586
FixedParameters: 0 0 0

#Transform 153
Transform: AffineTransform_float_3_3
Parameters: 0.999996 -0.00257166 0.000475539 0.00257202 0.999997 0.000236293 -0.000475843 -0.000234442 1 0.0120016 0.0641677 -0.0158153
FixedParameters: 0 0 0

#Transform 154
Transform: AffineTransform_float_3_3
Parameters: 0.999996 -0.00256911 0.000479537 0.00256894 0.999997 0.000224178 -0.000480618 -0.000222299 1 0.0117946 0.0589429 -0.0152224
FixedParameters: 0 0 0

#Transform 155
Transform: AffineTransform_float_3_3
Parameters: 0.999997 -0.0027029 0.000434086 0.00270315 0.999996 0.000331908 -0.000434941 -0.000330156 1 0.0118137 0.0474101 -0.0219358
FixedParameters: 0 0 0

#Transform 156
Transform: AffineTransform_float_3_3
Parameters: 0.999997 -0.00269142 0.000438397 0.00269071 0.999996 0.000464689 -0.000439417 -0.000462946 1 0.0149952 0.0210942 -0.00786261
FixedParameters: 0 0 0

#Transform 157
Transform: AffineTransform_float_3_3
Parameters: 0.999997 -0.00261685 0.000404581 0.00261701 0.999997 0.000464192 -0.000406072 -0.000462668 1 0.0123955 0.0099714 -0.00933273
FixedParameters: 0 0 0

#Transform 158
Transform: AffineTransform_float_3_3
Parameters: 0.999997 -0.00267048 0.000321398 0.00267073 0.999996 0.000466358 -0.000322951 -0.000465235 1 0.0136304 -0.00148594 -0.00634793
FixedParameters: 0 0 0

#Transform 159
Transform: AffineTransform_float_3_3
Parameters: 0.999997 -0.00264079 0.000236189 0.00264073 0.999997 0.000118273 -0.000236717 -0.000117613 1 0.0172751 0.00238036 0.027732
FixedParameters: 0 0 0

#Transform 160
Transform: AffineTransform_float_3_3
Parameters: 0.999996 -0.0025263 0.000423372 0.00252652 0.999997 0.000410852 -0.000424559 -0.000409718 1 0.0140027 0.028496 -0.0262343
FixedParameters: 0 0 0

#Transform 161
Transform: AffineTransform_float_3_3
Parameters: 0.999996 -0.00256608 0.000484474 0.00256649 0.999997 0.000168045 -0.000484426 -0.000166155 1 0.0128815 0.0339424 -0.0641374
FixedParameters: 0 0 0

#Transform 162
Transform: AffineTransform_float_3_3
Parameters: 0.999997 -0.00243728 0.000575701 0.00243725 0.999997 4.94324e-05 -0.000575892 -4.85365e-05 1 0.00692574 0.0407513 -0.0605709
FixedParameters: 0 0 0

#Transform 163
Transform: AffineTransform_float_3_3
Parameters: 0.999997 -0.00248191 0.000523045 0.0024824 0.999997 7.59891e-05 -0.000522533 -7.53133e-05 1 0.00931103 0.0521935 -0.0631765
FixedParameters: 0 0 0

#Transform 164
Transform: AffineTransform_float_3_3
Parameters: 0.999996 -0.00249262 0.000598858 0.00249262 0.999997 2.38418e-05 -0.000598926 -2.2767e-05 1 0.00714014 0.0511349 -0.0717348
FixedParameters: 0 0 0

#Transform 165
Transform: AffineTransform_float_3_3
Parameters: 0.999996 -0.00253065 0.000606534 0.00253017 0.999997 -3.07527e-05 -0.000607167 3.19218e-05 1 0.0106957 0.0499662 -0.0744101
FixedParameters: 0 0 0

#Transform 166
Transform: AffineTransform_float_3_3
Parameters: 0.999996 -0.00253698 0.000530262 0.00253701 0.999997 -7.35966e-06 -0.000530175 8.13918e-06 1 0.0120512 0.0457283 -0.0523886
FixedParameters: 0 0 0

#Transform 167
Transform: AffineTransform_float_3_3
Parameters: 0.999996 -0.00249874 0.000589888 0.0024989 0.999997 -0.000108948 -0.000589294 0.000109984 1 0.0110769 0.0411307 -0.0639169
FixedParameters: 0 0 0

#Transform 168
Transform: AffineTransform_float_3_3
Parameters: 0.999996 -0.00259132 0.000446446 0.00259143 0.999997 -9.37241e-05 -0.000445911 9.50371e-05 1 0.017542 0.031811 -0.0619284
FixedParameters: 0 0 0

#Transform 169
Transform: AffineTransform_float_3_3
Parameters: 0.999997 -0.00267359 0.000486956 0.0026737 0.999996 -0.000121675 -0.000486228 0.000122365 1 0.0163954 0.0275119 -0.0628631
FixedParameters: 0 0 0

#Transform 170
Transform: AffineTransform_float_3_3
Parameters: 0.999997 -0.00264108 0.000500614 0.00264123 0.999996 -0.00016293 -0.000499676 0.000164571 1 0.0156207 0.027541 -0.0576309
FixedParameters: 0 0 0

#Transform 171
Transform: AffineTransform_float_3_3
Parameters: 0.999997 -0.00259939 0.000515397 0.00259954 0.999997 -0.000161783 -0.000514478 0.00016346 1 0.0155086 0.0292992 -0.0676336
FixedParameters: 0 0 0

#Transform 172
Transform: AffineTransform_float_3_3
Parameters: 0.999997 -0.00266141 0.000338146 0.00266151 0.999997 -0.000139202 -0.000337308 0.000140411 1 0.0153599 0.0249137 -0.0684502
FixedParameters: 0 0 0

#Transform 173
Transform: AffineTransform_float_3_3
Parameters: 0.999998 -0.00203429 0.000417108 0.00203348 0.999997 0.00133608 -0.000420303 -0.00133542 0.999999 0.00256144 -0.0779176 0.0421702
FixedParameters: 0 0 0

#Transform 174
Transform: AffineTransform_float_3_3
Parameters: 0.999999 -0.00176552 0.000419949 0.00176574 0.999998 0.00105756 -0.000421957 -0.00105618 0.999999 -0.00954323 -0.0203132 0.0236057
FixedParameters: 0 0 0

#Transform 175
Transform: AffineTransform_float_3_3
Parameters: 0.999997 -0.00212858 0.000481447 0.00212803 0.999998 0.000287067 -0.00048124 -0.000286049 0.999999 -0.00185156 0.0381633 -0.0264794
FixedParameters: 0 0 0

#Transform 176
Transform: AffineTransform_float_3_3
Parameters: 0.999998 -0.00226189 0.000460896 0.00226208 0.999997 0.000355673 -0.000461611 -0.000355007 1 0.00355969 0.0404236 -0.0553229
FixedParameters: 0 0 0

#Transform 177
Transform: AffineTransform_float_3_3
Parameters: 0.999998 -0.0022599 0.000427764 0.00225973 0.999997 0.00018287 -0.000428514 -0.000181935 0.999999 0.00612064 0.0350252 -0.0578905
FixedParameters: 0 0 0

#Transform 178
Transform: AffineTransform_float_3_3
Parameters: 0.999997 -0.00237075 0.000400729 0.00237077 0.999997 -3.81213e-05 -0.000400473 3.90207e-05 1 0.00886372 0.0282623 -0.0662228
FixedParameters: 0 0 0

#Transform 179
Transform: AffineTransform_float_3_3
Parameters: 0.999997 -0.00237329 0.000872169 0.00237325 0.999997 3.67381e-05 -0.000872312 -3.49204e-05 1 0.00163551 0.0176164 -0.065505
FixedParameters: 0 0 0

#Transform 180
Transform: AffineTransform_float_3_3
Parameters: 0.999997 -0.00234319 0.000918604 0.00234357 0.999997 9.85197e-05 -0.000918194 -9.65465e-05 1 0.00380032 -0.00307131 -0.058485
FixedParameters: 0 0 0

#Transform 181
Transform: AffineTransform_float_3_3
Parameters: 0.999997 -0.00229344 0.000875278 0.002293 0.999997 0.000264549 -0.00087646 -0.000262855 1 0.00186796 -0.0201458 -0.0621549
FixedParameters: 0 0 0

#Transform 182
Transform: AffineTransform_float_3_3
Parameters: 0.999997 -0.00224061 0.000849584 0.00224041 0.999998 0.000451962 -0.000850717 -0.000450072 0.999999 0.00544702 -0.0367521 -0.0460586
FixedParameters: 0 0 0

#Transform 183
Transform: AffineTransform_float_3_3
Parameters: 0.999997 -0.00221741 0.000820505 0.00221699 0.999997 0.000597446 -0.000822284 -0.000596134 0.999999 0.0066728 -0.0241208 -0.0531917
FixedParameters: 0 0 0

#Transform 184
Transform: AffineTransform_float_3_3
Parameters: 0.999997 -0.00227688 0.000809123 0.00227632 0.999997 0.000700252 -0.00081142 -0.000698482 0.999999 0.0067275 -0.0152519 -0.0613386
FixedParameters: 0 0 0

#Transform 185
Transform: AffineTransform_float_3_3
Parameters: 0.999997 -0.00230082 0.000728452 0.00229984 0.999997 0.000480218 -0.00072925 -0.000479218 1 0.0112966 0.013005 -0.0822958
FixedParameters: 0 0 0

#Transform 186
Transform: AffineTransform_float_3_3
Parameters: 0.999997 -0.00229548 0.000668826 0.00229553 0.999997 0.000378149 -0.000669693 -0.000377408 1 0.0135149 0.0247312 -0.0935819
FixedParameters: 0 0 0

#Transform 187
Transform: AffineTransform_float_3_3
Parameters: 0.999996 -0.00249017 0.000691783 0.00248986 0.999997 -0.000144813 -0.00069185 0.000146357 0.999999 -0.00936525 0.013397 -0.0542258
FixedParameters: 0 0 0

#Transform 188
Transform: AffineTransform_float_3_3
Parameters: 0.999998 -0.00207438 0.000890768 0.00207426 0.999998 6.82685e-05 -0.000891043 -6.73064e-05 1 -0.0159168 0.0209008 -0.0450469
FixedParameters: 0 0 0

#Transform 189
Transform: AffineTransform_float_3_3
Parameters: 0.999997 -0.00208263 0.000772936 0.00208312 0.999998 4.75983e-05 -0.000772266 -4.57996e-05 1 -0.00655302 0.0141314 -0.0728468
FixedParameters: 0 0 0
