#Insight Transform File V1.0
#Transform 0
Transform: AffineTransform_float_3_3
Parameters: 0.999999 -0.000735218 0.000643176 0.000735897 1 -0.000497298 -0.00064247 0.000497333 1 0.00235422 -0.00540541 -0.138284
FixedParameters: 0 0 0

#Transform 1
Transform: AffineTransform_float_3_3
Parameters: 0.999999 -0.000737098 0.000672388 0.000737033 0.999999 4.87827e-05 -0.000672459 -4.77915e-05 1 -0.000657314 -0.0194321 -0.14051
FixedParameters: 0 0 0

#Transform 2
Transform: AffineTransform_float_3_3
Parameters: 0.999999 -0.000640175 0.000638324 0.000640228 1 -4.10246e-05 -0.000638271 4.18419e-05 1 -0.00709451 -0.0301653 -0.137105
FixedParameters: 0 0 0

#Transform 3
Transform: AffineTransform_float_3_3
Parameters: 0.999999 -0.000568367 0.000546744 0.000567869 1 -4.03585e-05 -0.000547537 4.09889e-05 1 -0.00586892 -0.0305251 -0.123875
FixedParameters: 0 0 0

#Transform 4
Transform: AffineTransform_float_3_3
Parameters: 0.999999 -0.0006077 0.000572531 0.00060778 1 -6.92706e-05 -0.000572446 6.99665e-05 1 -0.00389412 -0.0100989 -0.134463
FixedParameters: 0 0 0

#Transform 5
Transform: AffineTransform_float_3_3
Parameters: 0.999999 -0.000638914 0.000380509 0.000639007 1 -0.000121224 -0.000380354 0.000121711 1 0.00487377 -0.0307357 -0.117198
FixedParameters: 0 0 0

#Transform 6
Transform: AffineTransform_float_3_3
Parameters: 0.999999 -0.000615534 0.000415186 0.000615749 1 -0.00025925 -0.000414866 0.000259761 1 0.00156272 -0.0127566 -0.124388
FixedParameters: 0 0 0

#Transform 7
Transform: AffineTransform_float_3_3
Parameters: 1 -0.000544733 0.000428961 0.000544415 1 -0.00026054 -0.000429517 0.000261016 1 0.000369359 -0.00677859 -0.118108
FixedParameters: 0 0 0

#Transform 8
Transform: AffineTransform_float_3_3
Parameters: 1 -0.000447329 0.000172311 0.000447399 1 -0.000205057 -0.000172127 0.000205211 1 0.00874764 0.00107584 -0.106765
FixedParameters: 0 0 0

#Transform 9
Transform: AffineTransform_float_3_3
Parameters: 1 -0.00051581 0.000234136 0.000515931 1 -0.000257268 -0.000233871 0.000257509 1 0.00871235 0.00291517 -0.0767057
FixedParameters: 0 0 0

#Transform 10
Transform: AffineTransform_float_3_3
Parameters: 1 -0.000587043 0.000155182 0.000587122 1 -0.000254766 -0.000154883 0.000254948 1 0.013662 0.0161993 -0.0613254
FixedParameters: 0 0 0

#Transform 11
Transform: AffineTransform_float_3_3
Parameters: 1 -0.000590761 -0.00020296 0.000590566 0.999999 -0.00130826 0.000203096 0.00130805 0.999999 0.022293 0.027627 -0.0234988
FixedParameters: 0 0 0

#Transform 12
Transform: AffineTransform_float_3_3
Parameters: 1 -0.000485699 0.000227703 0.000486088 1 0.000338596 -0.000227192 -0.000338383 1 0.00829522 -0.00425131 -0.0564229
FixedParameters: 0 0 0

#Transform 13
Transform: AffineTransform_float_3_3
Parameters: 1 -0.000519777 0.00024027 0.000519777 1 -2.56978e-07 -0.000240269 5.06751e-07 1 0.00584325 -0.00471164 -0.0721765
FixedParameters: 0 0 0

#Transform 14
Transform: AffineTransform_float_3_3
Parameters: 1 -0.000368903 0.000137075 0.00036896 1 -0.000207499 -0.000136922 0.0002076 1 0.0131291 -0.00515185 -0.0716171
FixedParameters: 0 0 0

#Transform 15
Transform: AffineTransform_float_3_3
Parameters: 1 -0.000368348 0.000137836 0.000368394 1 -0.000167511 -0.000137713 0.000167612 1 0.0121987 -0.0125345 -0.0682615
FixedParameters: 0 0 0

#Transform 16
Transform: AffineTransform_float_3_3
Parameters: 1 -0.000369056 0.000136865 0.000369116 1 -0.000218496 -0.000136704 0.000218597 1 0.0129719 -0.0122584 -0.0694654
FixedParameters: 0 0 0

#Transform 17
Transform: AffineTransform_float_3_3
Parameters: 1 -0.000369625 0.000136085 0.000369695 1 -0.000259485 -0.000135893 0.000259585 1 0.0105914 -0.011701 -0.063952
FixedParameters: 0 0 0

#Transform 18
Transform: AffineTransform_float_3_3
Parameters: 1 -0.00036409 0.000143684 0.00036405 1 0.000139403 -0.000143785 -0.000139298 1 0.0149059 -0.0603551 -0.0211254
FixedParameters: 0 0 0

#Transform 19
Transform: AffineTransform_float_3_3
Parameters: 1 -0.000357772 0.000152375 0.000358146 1 0.000594988 -0.00015194 -0.000594476 0.999999 0.0103144 -0.0405922 -0.0212988
FixedParameters: 0 0 0

#Transform 20
Transform: AffineTransform_float_3_3
Parameters: 1 -0.000326948 0.000201644 0.000326964 1 -3.82784e-05 -0.000201619 3.84102e-05 1 0.00125614 -0.0416554 0.0019487
FixedParameters: 0 0 0

#Transform 21
Transform: AffineTransform_float_3_3
Parameters: 1 -0.000484768 -0.000161535 0.00048465 1 -0.000403557 0.000161947 0.000403812 0.999999 0.0063189 0.0233738 -0.0300204
FixedParameters: 0 0 0

#Transform 22
Transform: AffineTransform_float_3_3
Parameters: 1 -0.000253617 7.32049e-05 0.000253593 1 0.000168198 -7.32902e-05 -0.000168161 1 0.0118173 -0.0487979 -0.0289701
FixedParameters: 0 0 0

#Transform 23
Transform: AffineTransform_float_3_3
Parameters: 1 -0.000369722 0.000135951 0.000369794 1 -0.000266483 -0.000135754 0.000266583 1 0.00804314 0.00463709 -0.0537343
FixedParameters: 0 0 0

#Transform 24
Transform: AffineTransform_float_3_3
Parameters: 1 -0.000215664 -3.14394e-05 0.000215657 1 -9.84026e-05 3.14818e-05 9.83891e-05 1 0.0130716 -0.0493893 -0.0228009
FixedParameters: 0 0 0

#Transform 25
Transform: AffineTransform_float_3_3
Parameters: 1 -0.000177504 9.81038e-06 0.000177523 1 -0.000337091 -9.66987e-06 0.000337506 0.999999 0.0134056 -0.0509325 0.000109109
FixedParameters: 0 0 0

#Transform 26
Transform: AffineTransform_float_3_3
Parameters: 1 -0.000249215 -0.000329932 0.000249043 1 -0.00026126 0.000330062 0.000261096 1 0.0193294 -0.0410943 0.0169045
FixedParameters: 0 0 0

#Transform 27
Transform: AffineTransform_float_3_3
Parameters: 1 -0.000279644 -0.000253066 0.000279428 1 -0.000427361 0.000253305 0.00042722 1 0.0169861 -0.0352021 0.0217358
FixedParameters: 0 0 0

#Transform 28
Transform: AffineTransform_float_3_3
Parameters: 1 -0.000318709 -0.000222657 0.000318431 1 -0.00062346 0.000223054 0.000623318 1 0.0160529 -0.0242641 0.0279188
FixedParameters: 0 0 0

#Transform 29
Transform: AffineTransform_float_3_3
Parameters: 1 -0.000358005 -0.000325819 0.0003576 0.999999 -0.000620952 0.000326263 0.000620718 1 0.0170943 -0.0247794 0.0371499
FixedParameters: 0 0 0

#Transform 30
Transform: AffineTransform_float_3_3
Parameters: 1 -0.000289739 -0.000444945 0.000289187 1 -0.000619609 0.000445303 0.000619351 0.999999 0.0204305 -0.023696 0.0378448
FixedParameters: 0 0 0

#Transform 31
Transform: AffineTransform_float_3_3
Parameters: 1 -0.00031724 -0.000325964 0.000316611 1 -0.00104092 0.000326616 0.00104113 0.999999 0.0192098 -0.00607759 0.0588153
FixedParameters: 0 0 0

#Transform 32
Transform: AffineTransform_float_3_3
Parameters: 1 0.000249938 -0.000424093 -0.000249978 0.999999 -0.000685359 0.00042459 0.000685562 0.999999 0.00844329 -0.0196319 0.051886
FixedParameters: 0 0 0

#Transform 33
Transform: AffineTransform_float_3_3
Parameters: 1 0.000308977 -0.000603661 -0.00031049 0.999999 -0.00128581 0.000602836 0.00128618 0.999999 0.0151523 0.0258508 0.0131494
FixedParameters: 0 0 0

#Transform 34
Transform: AffineTransform_float_3_3
Parameters: 1 0.000425254 -0.000421068 -0.000426114 0.999999 -0.00175913 0.000420354 0.00175948 0.999999 -0.00562738 0.0344101 0.0188511
FixedParameters: 0 0 0

#Transform 35
Transform: AffineTransform_float_3_3
Parameters: 1 0.000359429 -0.000524437 -0.000360528 1 -0.00108599 0.000523627 0.00108637 1 0.00314201 -0.0213049 0.0392348
FixedParameters: 0 0 0

#Transform 36
Transform: AffineTransform_float_3_3
Parameters: 0.999999 0.000465011 -0.000600098 -0.000465096 0.999999 -0.00125495 0.000599201 0.00125552 0.999999 0.00785672 0.027942 -0.00113066
FixedParameters: 0 0 0

#Transform 37
Transform: AffineTransform_float_3_3
Parameters: 1 0.000315198 -0.000592317 -0.000315798 0.999999 -0.0012491 0.000590959 0.00124949 0.999999 0.00898006 0.0140638 -0.010128
FixedParameters: 0 0 0

#Transform 38
Transform: AffineTransform_float_3_3
Parameters: 1 0.000392684 -0.00057578 -0.000393496 0.999999 -0.00120946 0.000575641 0.0012099 0.999999 0.00585321 0.00654774 0.0135763
FixedParameters: 0 0 0

#Transform 39
Transform: AffineTransform_float_3_3
Parameters: 0.999999 0.000438735 -0.000596908 -0.000439487 1 -0.00111663 0.000596739 0.00111714 0.999999 0.00655688 0.0176125 -0.00540949
FixedParameters: 0 0 0

#Transform 40
Transform: AffineTransform_float_3_3
Parameters: 1 0.000383639 -0.000487676 -0.000384418 1 -0.000841429 0.000487004 0.000840893 0.999999 0.00610872 -0.021659 0.0210962
FixedParameters: 0 0 0

#Transform 41
Transform: AffineTransform_float_3_3
Parameters: 1 0.000433084 -0.000410291 -0.0004335 0.999999 -0.00121628 0.000410048 0.00121663 0.999999 0.00886942 0.0215838 -0.0246452
FixedParameters: 0 0 0

#Transform 42
Transform: AffineTransform_float_3_3
Parameters: 1 0.000433504 -0.000409716 -0.000433907 0.999999 -0.001187 0.000409478 0.00118693 1 0.00965348 0.0150893 -0.0482496
FixedParameters: 0 0 0

#Transform 43
Transform: AffineTransform_float_3_3
Parameters: 1 0.000247053 -0.000482212 -0.000246861 0.999999 -0.00127434 0.000481853 0.00127459 0.999999 0.00636998 0.0329885 -0.0111263
FixedParameters: 0 0 0

#Transform 44
Transform: AffineTransform_float_3_3
Parameters: 1 0.000365992 -0.000365031 -0.000365414 1 -0.00115323 0.000364457 0.00115351 1 0.00463216 0.0159497 -0.036287
FixedParameters: 0 0 0

#Transform 45
Transform: AffineTransform_float_3_3
Parameters: 1 0.000116625 -0.000210478 -0.00011663 0.999999 -0.00139092 0.000210966 0.00139096 0.999999 0.0141786 0.00889986 -0.152385
FixedParameters: 0 0 0

#Transform 46
Transform: AffineTransform_float_3_3
Parameters: 1 -6.49951e-05 -0.000234493 6.42877e-05 0.999999 -0.00167649 0.000234656 0.00167555 0.999998 0.0164941 0.0199343 -0.169292
FixedParameters: 0 0 0

#Transform 47
Transform: AffineTransform_float_3_3
Parameters: 1 -4.31021e-05 -0.000377944 4.24562e-05 0.999998 -0.00206866 0.000377523 0.00206866 0.999998 0.022697 0.0344421 -0.209912
FixedParameters: 0 0 0

#Transform 48
Transform: AffineTransform_float_3_3
Parameters: 1 0.000256181 -0.00028511 -0.000256122 0.999999 -0.000847224 0.000285516 0.000847361 0.999999 0.00839329 -0.0383199 -0.0877381
FixedParameters: 0 0 0

#Transform 49
Transform: AffineTransform_float_3_3
Parameters: 1 6.7075e-05 -0.000478815 -6.73739e-05 0.999999 -0.00122996 0.000478079 0.00123005 0.999999 0.0113612 0.0435333 -0.0615384
FixedParameters: 0 0 0

#Transform 50
Transform: AffineTransform_float_3_3
Parameters: 1 0.000137058 -0.000368195 -0.000136794 0.999999 -0.00078194 0.000367439 0.000782063 0.999999 0.00913969 0.0268306 -0.0662769
FixedParameters: 0 0 0

#Transform 51
Transform: AffineTransform_float_3_3
Parameters: 1 0.000185435 -0.00059226 -0.000186848 0.999999 -0.00122636 0.000591775 0.00122658 0.999999 0.0137227 0.0316546 -0.0276725
FixedParameters: 0 0 0

#Transform 52
Transform: AffineTransform_float_3_3
Parameters: 0.999999 0.000188233 -0.000788502 -0.000188758 0.999999 -0.00123353 0.000788307 0.00123385 0.999999 0.0148018 0.0241724 -0.026097
FixedParameters: 0 0 0

#Transform 53
Transform: AffineTransform_float_3_3
Parameters: 0.999999 0.000196218 -0.000776492 -0.000197101 1 -0.00113485 0.000775476 0.00113518 0.999999 0.0195081 0.0133861 -0.0386798
FixedParameters: 0 0 0

#Transform 54
Transform: AffineTransform_float_3_3
Parameters: 0.999999 0.00020002 -0.000771703 -0.000200393 1 -0.000805059 0.000770793 0.000804068 0.999999 0.0126653 -0.0324704 0.0313472
FixedParameters: 0 0 0

#Transform 55
Transform: AffineTransform_float_3_3
Parameters: 0.999999 0.000150501 -0.000745889 -0.000152175 0.999999 -0.00114056 0.000745495 0.00114038 1 0.0133156 0.0148776 -0.0208067
FixedParameters: 0 0 0

#Transform 56
Transform: AffineTransform_float_3_3
Parameters: 1 -0.000297157 -0.000180731 0.000296234 0.999999 -0.00104823 0.000180512 0.00104904 1 0.0136922 0.00894754 -0.0597353
FixedParameters: 0 0 0

#Transform 57
Transform: AffineTransform_float_3_3
Parameters: 1 -0.000240524 -0.000105176 0.000240674 0.999999 -0.000704809 0.000104134 0.000704789 0.999999 0.0148472 9.42831e-05 -0.105189
FixedParameters: 0 0 0

#Transform 58
Transform: AffineTransform_float_3_3
Parameters: 1 -0.000362262 2.69103e-05 0.000362374 0.999999 -0.00139083 -2.59305e-05 0.00139084 0.999999 0.013543 0.000818251 -0.0537342
FixedParameters: 0 0 0

#Transform 59
Transform: AffineTransform_float_3_3
Parameters: 1 -0.000604857 5.62137e-05 0.000604477 0.999999 -0.00110089 -5.57502e-05 0.00110097 1 -0.000638803 0.0229427 -0.0369021
FixedParameters: 0 0 0

#Transform 60
Transform: AffineTransform_float_3_3
Parameters: 1 -0.000326677 -0.000183968 0.000326318 1 -0.00108022 0.000184646 0.0010801 1 0.01414 0.0337018 -0.0444195
FixedParameters: 0 0 0

#Transform 61
Transform: AffineTransform_float_3_3
Parameters: 1 -0.000202619 -0.000234938 0.000202102 1 -0.00118099 0.000235388 0.00118089 1 0.0168012 0.024935 -0.056851
FixedParameters: 0 0 0

#Transform 62
Transform: AffineTransform_float_3_3
Parameters: 1 0.000147331 -0.000396219 -0.000148018 0.999999 -0.000903742 0.000395905 0.000902537 1 0.0149294 0.0192986 -0.106773
FixedParameters: 0 0 0

#Transform 63
Transform: AffineTransform_float_3_3
Parameters: 1 -0.000219946 -0.000128031 0.000219711 0.999999 -0.00091572 0.000128434 0.000915664 0.999999 0.0135602 -0.000871881 -0.107234
FixedParameters: 0 0 0

#Transform 64
Transform: AffineTransform_float_3_3
Parameters: 1 -0.000252906 -0.000144075 0.000252661 1 -0.000889242 0.000144545 0.00088958 0.999999 0.0203812 0.00265796 -0.0891221
FixedParameters: 0 0 0

#Transform 65
Transform: AffineTransform_float_3_3
Parameters: 1 -0.000262593 -8.9283e-05 0.000262447 0.999999 -0.000815841 8.97114e-05 0.000815794 0.999999 0.01309 -0.00257536 -0.10836
FixedParameters: 0 0 0

#Transform 66
Transform: AffineTransform_float_3_3
Parameters: 1 -0.000251055 -9.21351e-05 0.000250393 1 -0.000652909 9.16226e-05 0.000652872 1 0.0147737 -0.00513175 -0.110336
FixedParameters: 0 0 0

#Transform 67
Transform: AffineTransform_float_3_3
Parameters: 1 -0.000468433 0.000190376 0.000468662 0.999999 -0.000601208 -0.000189813 0.000601387 1 -0.00523539 0.00943864 -0.0652572
FixedParameters: 0 0 0

#Transform 68
Transform: AffineTransform_float_3_3
Parameters: 1 -0.000513787 0.000231539 0.000513868 1 -0.000175225 -0.000231359 0.000175463 1 -0.00679178 -0.00128882 -0.0555996
FixedParameters: 0 0 0

#Transform 69
Transform: AffineTransform_float_3_3
Parameters: 1 -0.000683386 -0.000172917 0.000683316 0.999999 -0.000203242 0.000173195 0.000203006 1 0.00601229 0.0150727 -0.0570597
FixedParameters: 0 0 0

#Transform 70
Transform: AffineTransform_float_3_3
Parameters: 1 -0.00104069 -0.000384841 0.00104011 0.999999 -0.000752554 0.000386406 0.000751751 1 0.0299974 0.0424048 -0.0474279
FixedParameters: 0 0 0

#Transform 71
Transform: AffineTransform_float_3_3
Parameters: 1 -0.000702399 -5.6179e-05 0.000702355 0.999999 -0.000386213 5.67215e-05 0.000386134 1 0.00716404 0.00502557 -0.05452
FixedParameters: 0 0 0

#Transform 72
Transform: AffineTransform_float_3_3
Parameters: 0.999999 -0.000769227 -8.53288e-05 0.000769228 0.999999 1.13716e-05 8.53112e-05 -1.15028e-05 1 0.00789121 0.0186714 -0.0592187
FixedParameters: 0 0 0

#Transform 73
Transform: AffineTransform_float_3_3
Parameters: 1 -0.000636595 5.19349e-06 0.000637135 1 0.000222891 -4.63751e-06 -0.000222893 1 0.0158722 -0.0220487 -0.124787
FixedParameters: 0 0 0

#Transform 74
Transform: AffineTransform_float_3_3
Parameters: 0.999999 -0.000802466 -4.48381e-05 0.000801878 0.999999 -0.000505067 4.48085e-05 0.000505004 1 0.0207276 -0.0239744 -0.20329
FixedParameters: 0 0 0

#Transform 75
Transform: AffineTransform_float_3_3
Parameters: 0.999999 -0.00080504 -0.000214819 0.000805254 0.999998 -0.00153813 0.000216726 0.00153781 0.999999 0.0311285 0.0102003 -0.299617
FixedParameters: 0 0 0

#Transform 76
Transform: AffineTransform_float_3_3
Parameters: 0.999999 -0.000885618 -0.000174127 0.000886149 0.999997 -0.00195288 0.000175608 0.00195262 0.999998 0.0371323 0.0152111 -0.343656
FixedParameters: 0 0 0

#Transform 77
Transform: AffineTransform_float_3_3
Parameters: 0.999999 -0.000982324 -9.05301e-05 0.000982454 0.999999 -0.00119518 9.14897e-05 0.00119544 0.999999 0.0332154 0.0073916 -0.23935
FixedParameters: 0 0 0

#Transform 78
Transform: AffineTransform_float_3_3
Parameters: 1 -0.00102656 -5.15333e-05 0.00102648 0.999999 -0.000817889 5.32124e-05 0.000817782 1 0.0370605 0.010956 -0.233508
FixedParameters: 0 0 0

#Transform 79
Transform: AffineTransform_float_3_3
Parameters: 1 -0.00118539 -7.57518e-05 0.00118555 0.999999 -0.000929254 7.65732e-05 0.000929104 1 0.041962 0.00385623 -0.242907
FixedParameters: 0 0 0

#Transform 80
Transform: AffineTransform_float_3_3
Parameters: 1 -0.00109977 -0.000163929 0.00109889 0.999999 -0.00103888 0.000165372 0.00103852 1 0.0469863 0.0186108 -0.255298
FixedParameters: 0 0 0

#Transform 81
Transform: AffineTransform_float_3_3
Parameters: 1 -0.00110225 -0.000166985 0.0011013 0.999999 -0.00125214 0.000168925 0.00125219 0.999999 0.0514226 0.0299189 -0.268906
FixedParameters: 0 0 0

#Transform 82
Transform: AffineTransform_float_3_3
Parameters: 1 -0.00112145 -0.000196743 0.00112043 0.999998 -0.00122602 0.000198651 0.00122559 0.999999 0.0506481 0.018578 -0.288882
FixedParameters: 0 0 0

#Transform 83
Transform: AffineTransform_float_3_3
Parameters: 1 -0.00114187 -7.35911e-05 0.00114146 0.999999 -0.00125829 7.42638e-05 0.00125857 0.999999 0.0458641 0.0200868 -0.265951
FixedParameters: 0 0 0

#Transform 84
Transform: AffineTransform_float_3_3
Parameters: 1 -0.00111704 1.55937e-05 0.00111706 1 -0.000503518 -1.44465e-05 0.000503052 1 0.039421 -0.000366312 -0.178308
FixedParameters: 0 0 0

#Transform 85
Transform: AffineTransform_float_3_3
Parameters: 1 -0.00107737 -0.000129473 0.00107658 0.999999 -0.000992099 0.000130791 0.000992239 1 0.0430265 0.0129474 -0.16899
FixedParameters: 0 0 0

#Transform 86
Transform: AffineTransform_float_3_3
Parameters: 0.999999 -0.000724012 -0.000377966 0.000723639 0.999999 -0.00170225 0.000379832 0.00170173 0.999999 0.0229016 0.0687709 -0.118229
FixedParameters: 0 0 0

#Transform 87
Transform: AffineTransform_float_3_3
Parameters: 0.999999 -0.000859146 -0.000560195 0.000858291 0.999998 -0.00184507 0.000561383 0.00184416 0.999998 0.0213804 0.047405 -0.0385118
FixedParameters: 0 0 0

#Transform 88
Transform: AffineTransform_float_3_3
Parameters: 1 -0.000535582 -0.000475107 0.000533852 0.999998 -0.00225316 0.000476051 0.00225268 0.999998 0.025754 0.0492417 0.0276772
FixedParameters: 0 0 0

#Transform 89
Transform: AffineTransform_float_3_3
Parameters: 0.999999 -0.000597335 -0.000473312 0.00059653 0.999997 -0.00212985 0.000473873 0.00213025 0.999998 0.0308472 0.0545382 -0.00535796
FixedParameters: 0 0 0

#Transform 90
Transform: AffineTransform_float_3_3
Parameters: 0.999999 -0.000736791 -0.000585432 0.000736052 0.999997 -0.00212586 0.000587421 0.00212595 0.999998 0.0356588 0.0485586 -0.0482212
FixedParameters: 0 0 0

#Transform 91
Transform: AffineTransform_float_3_3
Parameters: 1 -0.000828286 -0.0006189 0.000826568 0.999997 -0.00237483 0.000620871 0.00237427 0.999996 0.0336794 0.0665978 -0.0718461
FixedParameters: 0 0 0

#Transform 92
Transform: AffineTransform_float_3_3
Parameters: 0.999999 -0.000815478 -0.000548415 0.000814273 0.999997 -0.00220052 0.00055002 0.00220059 0.999998 0.0397283 0.0597218 -0.103703
FixedParameters: 0 0 0

#Transform 93
Transform: AffineTransform_float_3_3
Parameters: 0.999999 -0.000880035 -0.000506454 0.000879029 0.999997 -0.00219771 0.00050836 0.0021982 0.999997 0.0385879 0.0578709 -0.128658
FixedParameters: 0 0 0

#Transform 94
Transform: AffineTransform_float_3_3
Parameters: 0.999999 -0.000781279 -0.000598266 0.000779783 0.999997 -0.00229453 0.00059984 0.00229365 0.999997 0.03955 0.065254 -0.131344
FixedParameters: 0 0 0

#Transform 95
Transform: AffineTransform_float_3_3
Parameters: 0.999999 -0.00083753 -0.000608006 0.000836064 0.999998 -0.00224288 0.000609773 0.00224232 0.999997 0.0413569 0.072197 -0.118365
FixedParameters: 0 0 0

#Transform 96
Transform: AffineTransform_float_3_3
Parameters: 1 -0.000909143 -0.000680057 0.000907396 0.999997 -0.00217427 0.000682026 0.00217309 0.999998 0.0429962 0.0754168 -0.140963
FixedParameters: 0 0 0

#Transform 97
Transform: AffineTransform_float_3_3
Parameters: 1 -0.000839593 -0.000659362 0.000837974 0.999998 -0.00212341 0.000660992 0.00212367 0.999997 0.0428332 0.0139221 -0.205856
FixedParameters: 0 0 0

#Transform 98
Transform: AffineTransform_float_3_3
Parameters: 1 -0.000862013 -0.000879561 0.000860308 0.999997 -0.00211901 0.000880737 0.0021189 0.999997 0.0506135 -0.010676 -0.183907
FixedParameters: 0 0 0

#Transform 99
Transform: AffineTransform_float_3_3
Parameters: 0.999999 -0.000562939 -0.000514833 0.000561203 0.999995 -0.00293577 0.000516096 0.00293615 0.999996 0.0214511 0.140139 -0.134899
FixedParameters: 0 0 0

#Transform 100
Transform: AffineTransform_float_3_3
Parameters: 0.999999 -0.000612787 -0.000462018 0.000611562 0.999996 -0.00271948 0.000463312 0.00271897 0.999996 0.0249273 0.0904886 -0.127969
FixedParameters: 0 0 0

#Transform 101
Transform: AffineTransform_float_3_3
Parameters: 0.999999 -0.000689518 -0.000492327 0.000688203 0.999997 -0.00264285 0.000493932 0.00264222 0.999997 0.0303359 0.0812844 -0.145627
FixedParameters: 0 0 0

#Transform 102
Transform: AffineTransform_float_3_3
Parameters: 0.999999 -0.00075049 -0.000476502 0.000749345 0.999996 -0.00251227 0.000478262 0.00251161 0.999996 0.0289927 0.0405536 -0.164504
FixedParameters: 0 0 0

#Transform 103
Transform: AffineTransform_float_3_3
Parameters: 1 -0.00107344 -0.000287866 0.00107304 0.999998 -0.00180445 0.000288969 0.00180431 0.999998 0.034865 -0.0257679 -0.187054
FixedParameters: 0 0 0

#Transform 104
Transform: AffineTransform_float_3_3
Parameters: 0.999999 -0.000771443 0.000302982 0.000771986 0.999996 -0.00250152 -0.000300885 0.00250201 0.999997 -0.0107811 0.0399823 -0.216432
FixedParameters: 0 0 0

#Transform 105
Transform: AffineTransform_float_3_3
Parameters: 0.999999 -0.000645751 -0.000473707 0.000643905 0.999994 -0.003386 0.000475982 0.00338544 0.999994 -0.00203533 0.051176 -0.149619
FixedParameters: 0 0 0

#Transform 106
Transform: AffineTransform_float_3_3
Parameters: 1 -0.000816137 -0.000733874 0.000813101 0.999995 -0.00291626 0.000736615 0.00291603 0.999996 0.00835353 0.0491475 -0.10072
FixedParameters: 0 0 0

#Transform 107
Transform: AffineTransform_float_3_3
Parameters: 1 -0.000859609 -0.000847929 0.00085793 0.999995 -0.00305604 0.000850897 0.00305467 0.999995 0.0220235 0.0551247 -0.175614
FixedParameters: 0 0 0

#Transform 108
Transform: AffineTransform_float_3_3
Parameters: 0.999999 -0.00113404 -0.000749259 0.00113197 0.999995 -0.0030045 0.000752128 0.00300332 0.999995 0.0277067 0.0400165 -0.149793
FixedParameters: 0 0 0

#Transform 109
Transform: AffineTransform_float_3_3
Parameters: 0.999999 -0.000955015 -0.000952678 0.000952103 0.999996 -0.00262374 0.000955131 0.002622 0.999996 0.0229061 0.0952576 -0.035564
FixedParameters: 0 0 0

#Transform 110
Transform: AffineTransform_float_3_3
Parameters: 1 -0.000876542 -0.000729029 0.000873979 0.999996 -0.00261292 0.000731595 0.0026117 0.999997 0.019987 0.0582124 -0.0893152
FixedParameters: 0 0 0

#Transform 111
Transform: AffineTransform_float_3_3
Parameters: 1 -0.00102954 -0.000597529 0.00102701 0.999994 -0.00346936 0.000601238 0.00346954 0.999994 0.0254993 0.0565943 -0.141959
FixedParameters: 0 0 0

#Transform 112
Transform: AffineTransform_float_3_3
Parameters: 1 -0.000996088 -0.000575508 0.000993648 0.99999 -0.00438062 0.000580125 0.00437958 0.99999 0.0351756 0.0621187 -0.195575
FixedParameters: 0 0 0

#Transform 113
Transform: AffineTransform_float_3_3
Parameters: 1 -0.00105999 -0.000545523 0.0010569 0.999988 -0.00479972 0.000550709 0.00479909 0.999988 0.0331288 0.0542236 -0.220748
FixedParameters: 0 0 0

#Transform 114
Transform: AffineTransform_float_3_3
Parameters: 1 -0.00105001 -0.000685676 0.00104668 0.999985 -0.00526465 0.000690578 0.00526428 0.999986 0.0435046 0.0510004 -0.235119
FixedParameters: 0 0 0

#Transform 115
Transform: AffineTransform_float_3_3
Parameters: 1 -0.00108382 -0.000661357 0.0010796 0.999984 -0.00552701 0.000667713 0.00552704 0.999984 0.0408023 0.0554415 -0.232846
FixedParameters: 0 0 0

#Transform 116
Transform: AffineTransform_float_3_3
Parameters: 0.999999 -0.00123967 -0.00073327 0.00123542 0.999983 -0.00558778 0.000740909 0.00558612 0.999984 0.0482043 0.0619501 -0.174927
FixedParameters: 0 0 0

#Transform 117
Transform: AffineTransform_float_3_3
Parameters: 0.999999 -0.00130684 -0.00078972 0.00130181 0.999985 -0.0053291 0.000796639 0.00532761 0.999985 0.0513573 0.0945034 -0.178807
FixedParameters: 0 0 0

#Transform 118
Transform: AffineTransform_float_3_3
Parameters: 0.999999 -0.00126462 -0.00100118 0.00125868 0.999985 -0.00532535 0.00100796 0.00532433 0.999985 0.0540326 0.104958 -0.15252
FixedParameters: 0 0 0

#Transform 119
Transform: AffineTransform_float_3_3
Parameters: 0.999999 -0.00112755 -0.000976386 0.00112256 0.999985 -0.00525329 0.000982367 0.00525217 0.999986 0.0518133 0.103696 -0.153016
FixedParameters: 0 0 0

#Transform 120
Transform: AffineTransform_float_3_3
Parameters: 0.999999 -0.00120499 -0.00106325 0.00119969 0.999985 -0.00538301 0.00106981 0.00538198 0.999985 0.0560692 0.102262 -0.149493
FixedParameters: 0 0 0

#Transform 121
Transform: AffineTransform_float_3_3
Parameters: 0.999999 -0.00119728 -0.00103792 0.00119113 0.999984 -0.00553608 0.00104527 0.00553419 0.999984 0.0574658 0.0915657 -0.147749
FixedParameters: 0 0 0

#Transform 122
Transform: AffineTransform_float_3_3
Parameters: 0.999998 -0.00133541 -0.00110349 0.00132911 0.999982 -0.0058097 0.00111114 0.0058083 0.999982 0.060893 0.0918436 -0.133716
FixedParameters: 0 0 0

#Transform 123
Transform: AffineTransform_float_3_3
Parameters: 0.999998 -0.00124673 -0.00115689 0.00123985 0.999983 -0.00564684 0.00116451 0.00564548 0.999983 0.0673344 0.0766242 -0.127627
FixedParameters: 0 0 0

#Transform 124
Transform: AffineTransform_float_3_3
Parameters: 0.999998 -0.0013103 -0.00122713 0.00130368 0.999981 -0.00592552 0.00123504 0.00592346 0.999982 0.0691969 0.0827026 -0.149946
FixedParameters: 0 0 0

#Transform 125
Transform: AffineTransform_float_3_3
Parameters: 0.999998 -0.00138781 -0.00128476 0.00138106 0.999983 -0.00569672 0.001293 0.00569472 0.999983 0.0680796 0.0735582 -0.119032
FixedParameters: 0 0 0

#Transform 126
Transform: AffineTransform_float_3_3
Parameters: 0.999999 -0.00134787 -0.00125772 0.00134191 0.999984 -0.00546319 0.00126497 0.00546228 0.999984 0.0683546 0.0694278 -0.143473
FixedParameters: 0 0 0

#Transform 127
Transform: AffineTransform_float_3_3
Parameters: 0.999998 -0.00139317 -0.00106419 0.00138743 0.999983 -0.00575464 0.00107237 0.00575323 0.999983 0.0640898 0.0800857 -0.187796
FixedParameters: 0 0 0

#Transform 128
Transform: AffineTransform_float_3_3
Parameters: 0.999998 -0.00128123 -0.00113314 0.00127418 0.999984 -0.00560382 0.0011402 0.00560245 0.999983 0.0669857 0.0899106 -0.20409
FixedParameters: 0 0 0

#Transform 129
Transform: AffineTransform_float_3_3
Parameters: 0.999999 -0.00118456 -0.0011237 0.00117872 0.999985 -0.00531616 0.0011299 0.00531502 0.999985 0.064991 0.083231 -0.245274
FixedParameters: 0 0 0

#Transform 130
Transform: AffineTransform_float_3_3
Parameters: 0.999999 -0.00124463 -0.00103042 0.00123904 0.999985 -0.00543411 0.00103669 0.00543308 0.999985 0.0656847 0.0819788 -0.266945
FixedParameters: 0 0 0

#Transform 131
Transform: AffineTransform_float_3_3
Parameters: 0.999999 -0.00130184 -0.00100207 0.00129627 0.999983 -0.00558562 0.00100931 0.00558413 0.999984 0.0616357 0.0812498 -0.248944
FixedParameters: 0 0 0

#Transform 132
Transform: AffineTransform_float_3_3
Parameters: 0.999999 -0.00126217 -0.00102772 0.00125649 0.999984 -0.00549094 0.00103433 0.00548988 0.999984 0.0622901 0.0648121 -0.247423
FixedParameters: 0 0 0

#Transform 133
Transform: AffineTransform_float_3_3
Parameters: 0.999999 -0.00126883 -0.00096844 0.00126296 0.999984 -0.00549194 0.000975658 0.00549099 0.999984 0.063818 0.0741859 -0.257302
FixedParameters: 0 0 0

#Transform 134
Transform: AffineTransform_float_3_3
Parameters: 0.999999 -0.00121053 -0.000973598 0.00120519 0.999983 -0.00563835 0.000979942 0.00563711 0.999984 0.0643723 0.0740151 -0.26206
FixedParameters: 0 0 0

#Transform 135
Transform: AffineTransform_float_3_3
Parameters: 0.999999 -0.00118082 -0.00105822 0.0011752 0.999984 -0.00557747 0.00106494 0.0055765 0.999984 0.0625163 0.0671713 -0.271381
FixedParameters: 0 0 0

#Transform 136
Transform: AffineTransform_float_3_3
Parameters: 0.999999 -0.00123681 -0.000929268 0.00123162 0.999985 -0.00535119 0.00093577 0.00534908 0.999985 0.0638774 0.0680971 -0.30928
FixedParameters: 0 0 0

#Transform 137
Transform: AffineTransform_float_3_3
Parameters: 0.999999 -0.00128998 -0.000856775 0.00128494 0.999985 -0.00541067 0.000863182 0.00540997 0.999985 0.0579422 0.0320938 -0.329799
FixedParameters: 0 0 0

#Transform 138
Transform: AffineTransform_float_3_3
Parameters: 0.999998 -0.00141271 -0.000869543 0.00140731 0.99998 -0.00609069 0.000878518 0.00608936 0.999982 0.0626185 0.0754231 -0.405259
FixedParameters: 0 0 0

#Transform 139
Transform: AffineTransform_float_3_3
Parameters: 0.999998 -0.0014666 -0.000846701 0.00146117 0.999981 -0.00593464 0.000855084 0.0059337 0.999982 0.0613872 0.0794597 -0.379123
FixedParameters: 0 0 0

#Transform 140
Transform: AffineTransform_float_3_3
Parameters: 0.999998 -0.00145217 -0.00101556 0.00144628 0.999984 -0.00539266 0.00102312 0.00539125 0.999985 0.0593217 0.0798586 -0.259946
FixedParameters: 0 0 0

#Transform 141
Transform: AffineTransform_float_3_3
Parameters: 0.999998 -0.00144846 -0.000983235 0.00144486 0.99999 -0.00414095 0.000988697 0.00413961 0.999991 0.0468698 0.0580963 -0.157389
FixedParameters: 0 0 0

#Transform 142
Transform: AffineTransform_float_3_3
Parameters: 0.999998 -0.00144626 -0.000860743 0.00144283 0.99999 -0.00414919 0.000866753 0.00414818 0.999991 0.0403277 0.047902 -0.133974
FixedParameters: 0 0 0

#Transform 143
Transform: AffineTransform_float_3_3
Parameters: 0.999999 -0.00128096 -0.000806481 0.00127732 0.999988 -0.00459363 0.00081218 0.00459173 0.999989 0.0449421 0.0673763 -0.207124
FixedParameters: 0 0 0

#Transform 144
Transform: AffineTransform_float_3_3
Parameters: 0.999998 -0.00133634 -0.00109687 0.00133054 0.999983 -0.00559445 0.00110397 0.00559266 0.999984 0.0560041 0.085249 -0.146935
FixedParameters: 0 0 0

#Transform 145
Transform: AffineTransform_float_3_3
Parameters: 0.999999 -0.00129456 -0.000544273 0.00129129 0.999977 -0.00661902 0.000552829 0.00661823 0.999977 0.0227953 0.0697066 -0.0482295
FixedParameters: 0 0 0

#Transform 146
Transform: AffineTransform_float_3_3
Parameters: 0.999999 -0.00139177 -0.000796154 0.00138668 0.999976 -0.00674375 0.000805218 0.0067431 0.999977 0.034935 0.101362 -0.0643937
FixedParameters: 0 0 0

#Transform 147
Transform: AffineTransform_float_3_3
Parameters: 0.999999 -0.001619 -0.000923966 0.00161333 0.99998 -0.00602372 0.000933903 0.00602138 0.999981 0.0444245 0.0938727 -0.0516429
FixedParameters: 0 0 0

#Transform 148
Transform: AffineTransform_float_3_3
Parameters: 0.999999 -0.00105529 -0.000216536 0.00105401 0.999988 -0.0047115 0.000221181 0.00471114 0.999989 0.0254013 0.0953596 0.108684
FixedParameters: 0 0 0

#Transform 149
Transform: AffineTransform_float_3_3
Parameters: 0.999999 -0.000860503 -0.000438351 0.000859602 0.999993 -0.0035313 0.000441791 0.00353154 0.999994 0.0196605 0.0392248 0.0515653
FixedParameters: 0 0 0

#Transform 150
Transform: AffineTransform_float_3_3
Parameters: 1 -0.00118257 -0.000419384 0.00117994 0.999986 -0.00507313 0.000425506 0.00507227 0.999987 0.0312031 0.0622152 -0.0793347
FixedParameters: 0 0 0

#Transform 151
Transform: AffineTransform_float_3_3
Parameters: 0.999999 -0.00133282 -0.00059704 0.00132881 0.999982 -0.0058009 0.000604601 0.00580081 0.999983 0.0417077 0.0677867 -0.105777
FixedParameters: 0 0 0

#Transform 152
Transform: AffineTransform_float_3_3
Parameters: 0.999999 -0.00141826 -0.000814836 0.00141376 0.999981 -0.00592985 0.000823478 0.00592907 0.999982 0.0470201 0.0681094 -0.0851609
FixedParameters: 0 0 0

#Transform 153
Transform: AffineTransform_float_3_3
Parameters: 0.999998 -0.0014318 -0.000856386 0.00142646 0.99998 -0.00615298 0.000865793 0.00615206 0.999981 0.0500481 0.0828062 -0.113895
FixedParameters: 0 0 0

#Transform 154
Transform: AffineTransform_float_3_3
Parameters: 0.999998 -0.00138555 -0.00089598 0.00137998 0.999981 -0.0060163 0.000904439 0.00601445 0.999981 0.0530979 0.0924732 -0.154197
FixedParameters: 0 0 0

#Transform 155
Transform: AffineTransform_float_3_3
Parameters: 0.999999 -0.00142578 -0.000797226 0.00142099 0.999982 -0.00590351 0.000805041 0.00590188 0.999982 0.0527418 0.0877449 -0.1581
FixedParameters: 0 0 0

#Transform 156
Transform: AffineTransform_float_3_3
Parameters: 0.999998 -0.00150264 -0.000738014 0.00149868 0.999982 -0.00579536 0.000746466 0.00579509 0.999983 0.0508046 0.0885848 -0.17684
FixedParameters: 0 0 0

#Transform 157
Transform: AffineTransform_float_3_3
Parameters: 0.999999 -0.00146357 -0.000626749 0.0014596 0.999985 -0.00547126 0.000634913 0.00547043 0.999985 0.0440258 0.0664966 -0.124838
FixedParameters: 0 0 0

#Transform 158
Transform: AffineTransform_float_3_3
Parameters: 0.999998 -0.00145726 -0.000897182 0.00145204 0.999982 -0.00576781 0.000905838 0.00576673 0.999983 0.0550555 0.0879262 -0.198453
FixedParameters: 0 0 0

#Transform 159
Transform: AffineTransform_float_3_3
Parameters: 0.999998 -0.00146361 -0.000918912 0.00145788 0.999981 -0.00592538 0.000928071 0.00592423 0.999982 0.0595121 0.0795451 -0.215781
FixedParameters: 0 0 0

#Transform 160
Transform: AffineTransform_float_3_3
Parameters: 0.999998 -0.00144072 -0.000802485 0.00143552 0.99998 -0.00614383 0.000811136 0.00614306 0.999981 0.0549563 0.0781449 -0.224122
FixedParameters: 0 0 0

#Transform 161
Transform: AffineTransform_float_3_3
Parameters: 0.999998 -0.00145281 -0.00077446 0.00144824 0.999981 -0.00593512 0.000782687 0.00593441 0.999982 0.0533594 0.0611163 -0.244805
FixedParameters: 0 0 0

#Transform 162
Transform: AffineTransform_float_3_3
Parameters: 0.999999 -0.00141747 -0.000753001 0.00141309 0.999981 -0.00600945 0.000760992 0.00600795 0.999982 0.0541977 0.0384844 -0.275695
FixedParameters: 0 0 0

#Transform 163
Transform: AffineTransform_float_3_3
Parameters: 0.999998 -0.00160795 -0.000945016 0.00160149 0.99997 -0.00756371 0.000957005 0.00756273 0.999971 0.0606781 0.0788042 -0.36842
FixedParameters: 0 0 0

#Transform 164
Transform: AffineTransform_float_3_3
Parameters: 0.999998 -0.00135627 -0.00108108 0.00134985 0.999978 -0.00643699 0.00109002 0.00643563 0.999979 0.0651186 0.0761208 -0.308854
FixedParameters: 0 0 0

#Transform 165
Transform: AffineTransform_float_3_3
Parameters: 0.999998 -0.00145738 -0.000940932 0.00145115 0.999977 -0.00657223 0.000951241 0.00657105 0.999978 0.0611138 0.0711993 -0.313467
FixedParameters: 0 0 0

#Transform 166
Transform: AffineTransform_float_3_3
Parameters: 0.999999 -0.00169843 -0.000931689 0.00169079 0.99997 -0.00754177 0.000944693 0.00754064 0.999971 0.0725352 0.0873166 -0.411083
FixedParameters: 0 0 0

#Transform 167
Transform: AffineTransform_float_3_3
Parameters: 0.999998 -0.00174069 -0.00113704 0.00173188 0.999966 -0.00809625 0.0011517 0.0080953 0.999966 0.0783619 0.0847114 -0.465759
FixedParameters: 0 0 0

#Transform 168
Transform: AffineTransform_float_3_3
Parameters: 0.999998 -0.00180157 -0.00118829 0.00179102 0.99996 -0.00867042 0.00120444 0.00866877 0.999962 0.0837609 0.0857021 -0.512016
FixedParameters: 0 0 0

#Transform 169
Transform: AffineTransform_float_3_3
Parameters: 0.999998 -0.00175981 -0.00132898 0.00174906 0.999967 -0.00796158 0.00134295 0.00795994 0.999967 0.0851417 0.0911677 -0.383956
FixedParameters: 0 0 0

#Transform 170
Transform: AffineTransform_float_3_3
Parameters: 0.999997 -0.00184653 -0.00125865 0.0018363 0.999967 -0.00799818 0.00127327 0.00799566 0.999967 0.080463 0.0926288 -0.398121
FixedParameters: 0 0 0

#Transform 171
Transform: AffineTransform_float_3_3
Parameters: 0.999997 -0.00182905 -0.00124462 0.00181951 0.999966 -0.00802764 0.00125991 0.00802521 0.999967 0.0796735 0.0834177 -0.383336
FixedParameters: 0 0 0

#Transform 172
Transform: AffineTransform_float_3_3
Parameters: 0.999998 -0.00180548 -0.00118601 0.00179587 0.999968 -0.00785795 0.00120004 0.00785578 0.999968 0.0788423 0.0852529 -0.375414
FixedParameters: 0 0 0

#Transform 173
Transform: AffineTransform_float_3_3
Parameters: 0.999998 -0.00183038 -0.00118137 0.00182058 0.999967 -0.00797845 0.00119618 0.00797582 0.999968 0.0782572 0.0893571 -0.380226
FixedParameters: 0 0 0

#Transform 174
Transform: AffineTransform_float_3_3
Parameters: 0.999998 -0.00172955 -0.00107198 0.00172079 0.999967 -0.00790267 0.0010855 0.00790064 0.999968 0.0735781 0.0645151 -0.388299
FixedParameters: 0 0 0

#Transform 175
Transform: AffineTransform_float_3_3
Parameters: 0.999998 -0.00174158 -0.00119403 0.0017321 0.99997 -0.00758211 0.00120757 0.00758094 0.99997 0.0730071 0.100909 -0.382713
FixedParameters: 0 0 0

#Transform 176
Transform: AffineTransform_float_3_3
Parameters: 0.999998 -0.00175475 -0.00109911 0.00174613 0.99997 -0.00762108 0.00111212 0.00761931 0.99997 0.0723945 0.0966646 -0.390136
FixedParameters: 0 0 0

#Transform 177
Transform: AffineTransform_float_3_3
Parameters: 0.999998 -0.00184252 -0.00119448 0.00183341 0.999967 -0.00796234 0.00120891 0.00796007 0.999968 0.079146 0.0803843 -0.425348
FixedParameters: 0 0 0

#Transform 178
Transform: AffineTransform_float_3_3
Parameters: 0.999998 -0.00177398 -0.00100995 0.0017667 0.999969 -0.0076221 0.00102325 0.00762019 0.999971 0.0738194 0.0735218 -0.411443
FixedParameters: 0 0 0

#Transform 179
Transform: AffineTransform_float_3_3
Parameters: 0.999998 -0.00176129 -0.00106677 0.00175301 0.999969 -0.00768858 0.00108012 0.00768691 0.999969 0.0761087 0.0661916 -0.407931
FixedParameters: 0 0 0

#Transform 180
Transform: AffineTransform_float_3_3
Parameters: 0.999997 -0.0019359 -0.00123437 0.00192618 0.999969 -0.00768291 0.00124845 0.00768118 0.99997 0.0816116 0.0595212 -0.417969
FixedParameters: 0 0 0

#Transform 181
Transform: AffineTransform_float_3_3
Parameters: 0.999998 -0.00175708 -0.00107466 0.00174858 0.999969 -0.00774422 0.00108809 0.00774212 0.99997 0.0799142 0.0630691 -0.418666
FixedParameters: 0 0 0

#Transform 182
Transform: AffineTransform_float_3_3
Parameters: 0.999997 -0.00195317 -0.00118596 0.00194473 0.999968 -0.00768352 0.00120116 0.00768193 0.99997 0.0830915 0.0722841 -0.429322
FixedParameters: 0 0 0

#Transform 183
Transform: AffineTransform_float_3_3
Parameters: 0.999997 -0.00200598 -0.00123713 0.00199632 0.999966 -0.00802149 0.00125301 0.00801868 0.999967 0.0856096 0.0675478 -0.446218
FixedParameters: 0 0 0

#Transform 184
Transform: AffineTransform_float_3_3
Parameters: 0.999997 -0.00198414 -0.00121452 0.00197388 0.999965 -0.00806973 0.00123078 0.00806796 0.999967 0.082796 0.0830961 -0.450591
FixedParameters: 0 0 0

#Transform 185
Transform: AffineTransform_float_3_3
Parameters: 0.999996 -0.00213243 -0.00120902 0.00212261 0.999966 -0.00806237 0.00122624 0.00805937 0.999967 0.0824529 0.0914276 -0.447867
FixedParameters: 0 0 0

#Transform 186
Transform: AffineTransform_float_3_3
Parameters: 0.999997 -0.00207163 -0.00127515 0.0020608 0.999966 -0.00801254 0.00129122 0.00801034 0.999967 0.082935 0.0867009 -0.423562
FixedParameters: 0 0 0

#Transform 187
Transform: AffineTransform_float_3_3
Parameters: 0.999998 -0.00199662 -0.00131026 0.00198575 0.999966 -0.0080199 0.00132601 0.00801773 0.999967 0.0847764 0.0908982 -0.414213
FixedParameters: 0 0 0

#Transform 188
Transform: AffineTransform_float_3_3
Parameters: 0.999997 -0.0020602 -0.0013043 0.00204997 0.999965 -0.0081472 0.00132102 0.00814492 0.999966 0.0882184 0.0960522 -0.409927
FixedParameters: 0 0 0

#Transform 189
Transform: AffineTransform_float_3_3
Parameters: 0.999997 -0.00193819 -0.00140226 0.00192746 0.99997 -0.00762093 0.00141642 0.00761856 0.99997 0.0807612 0.0991923 -0.330223
FixedParameters: 0 0 0
