#Insight Transform File V1.0
#Transform 0
Transform: AffineTransform_float_3_3
Parameters: 1 0.00046895 0.000320594 -0.000467449 0.999999 -0.00148248 -0.0003213 0.00148222 0.999999 -0.0137756 -0.0301166 0.243195
FixedParameters: 0 0 0

#Transform 1
Transform: AffineTransform_float_3_3
Parameters: 1 0.000426655 0.000354508 -0.000426376 0.999998 -0.0016694 -0.000355591 0.00166998 0.999999 -0.0113538 -0.0374232 0.221562
FixedParameters: 0 0 0

#Transform 2
Transform: AffineTransform_float_3_3
Parameters: 0.999999 0.000563611 0.000453882 -0.00056306 0.999998 -0.00160423 -0.000455348 0.0016046 0.999999 -0.0109625 -0.0301058 0.215999
FixedParameters: 0 0 0

#Transform 3
Transform: AffineTransform_float_3_3
Parameters: 1 0.000436916 0.000506264 -0.000436172 0.999998 -0.00156277 -0.000507189 0.00156228 0.999998 -0.0105827 -0.0396963 0.212829
FixedParameters: 0 0 0

#Transform 4
Transform: AffineTransform_float_3_3
Parameters: 1 0.000343366 0.000589397 -0.00034234 0.999998 -0.00158183 -0.000590043 0.00158138 0.999998 -0.011002 -0.0217625 0.198123
FixedParameters: 0 0 0

#Transform 5
Transform: AffineTransform_float_3_3
Parameters: 1 0.000159381 0.00048371 -0.000158042 0.999999 -0.00137202 -0.000484333 0.00137152 0.999999 0.000493493 0.00439882 0.187243
FixedParameters: 0 0 0

#Transform 6
Transform: AffineTransform_float_3_3
Parameters: 1 0.000241073 0.00050663 -0.000240069 0.999999 -0.00183852 -0.000507206 0.00183823 0.999998 -0.0068235 -0.126702 0.213026
FixedParameters: 0 0 0

#Transform 7
Transform: AffineTransform_float_3_3
Parameters: 1 0.000388081 0.000487703 -0.000387524 0.999999 -0.00143048 -0.000488373 0.00143005 0.999999 -0.0111022 -0.0298758 0.145062
FixedParameters: 0 0 0

#Transform 8
Transform: AffineTransform_float_3_3
Parameters: 0.999999 0.000542231 0.000611646 -0.000541482 0.999999 -0.00129706 -0.000612612 0.00129635 0.999999 -0.00914642 -0.0423446 0.128141
FixedParameters: 0 0 0

#Transform 9
Transform: AffineTransform_float_3_3
Parameters: 0.999999 0.000546304 0.00042286 -0.000544882 1 -0.00103055 -0.000423302 0.00103013 1 -0.0139101 -0.0114763 0.141221
FixedParameters: 0 0 0

#Transform 10
Transform: AffineTransform_float_3_3
Parameters: 1 0.00036314 0.000260277 -0.000363332 0.999999 -0.00124174 -0.00026074 0.00124151 0.999999 -0.0155553 -0.00145196 0.154398
FixedParameters: 0 0 0

#Transform 11
Transform: AffineTransform_float_3_3
Parameters: 1 0.000446495 0.000190047 -0.000446825 0.999999 -0.0013371 -0.000190802 0.00133688 0.999999 -0.00858183 -0.00709672 0.137658
FixedParameters: 0 0 0

#Transform 12
Transform: AffineTransform_float_3_3
Parameters: 1 0.000348053 0.000281907 -0.000348251 1 -0.00113531 -0.000282259 0.00113506 1 -0.0118135 -0.0103194 0.103726
FixedParameters: 0 0 0

#Transform 13
Transform: AffineTransform_float_3_3
Parameters: 1 9.47809e-05 0.000227592 -9.49356e-05 0.999999 -0.00150412 -0.000227439 0.00150403 0.999999 -0.0106115 -0.0194179 0.0811136
FixedParameters: 0 0 0

#Transform 14
Transform: AffineTransform_float_3_3
Parameters: 1 8.35408e-05 0.000198488 -8.32295e-05 0.999999 -0.000784079 -0.000198618 0.000784046 0.999999 -0.00977823 -0.0242256 0.112583
FixedParameters: 0 0 0

#Transform 15
Transform: AffineTransform_float_3_3
Parameters: 1 0.000147388 8.74062e-05 -0.000147223 0.999999 -0.000938727 -8.76828e-05 0.000938701 0.999999 -0.00589212 -0.0225431 0.0704133
FixedParameters: 0 0 0

#Transform 16
Transform: AffineTransform_float_3_3
Parameters: 1 0.000195495 0.000146037 -0.000195328 1 -0.000571465 -0.00014626 0.000571408 1 -0.00751429 -0.0132795 0.0847905
FixedParameters: 0 0 0

#Transform 17
Transform: AffineTransform_float_3_3
Parameters: 1 1.71816e-05 5.98539e-05 -1.71145e-05 1 -0.000560712 -5.98732e-05 0.00056071 1 -0.00662148 -0.0624019 0.0714662
FixedParameters: 0 0 0

#Transform 18
Transform: AffineTransform_float_3_3
Parameters: 1 0.000192407 -0.000170417 -0.000192603 1 -0.000574518 0.000170196 0.000574583 1 -0.0172716 0.00759072 0.0400638
FixedParameters: 0 0 0

#Transform 19
Transform: AffineTransform_float_3_3
Parameters: 1 5.24187e-05 7.54359e-05 -5.23338e-05 1 -0.00056285 -7.54948e-05 0.000562842 1 -0.0140289 -0.0404209 0.0615809
FixedParameters: 0 0 0

#Transform 20
Transform: AffineTransform_float_3_3
Parameters: 1 4.91029e-05 0.000269418 -4.88008e-05 1 -0.000560611 -0.000269473 0.000560584 1 0.00978594 0.0163518 0.00386014
FixedParameters: 0 0 0

#Transform 21
Transform: AffineTransform_float_3_3
Parameters: 1 -0.000176066 0.000429691 0.000176473 1 -0.000474009 -0.000429524 0.00047416 1 0.00667285 0.0269406 -0.000693155
FixedParameters: 0 0 0

#Transform 22
Transform: AffineTransform_float_3_3
Parameters: 1 0.000103897 0.00055297 -0.000103809 1 -7.92281e-05 -0.000552986 7.91132e-05 1 -0.000534825 -0.0568459 0.00518921
FixedParameters: 0 0 0

#Transform 23
Transform: AffineTransform_float_3_3
Parameters: 1 2.28186e-05 0.000479451 -2.27883e-05 1 -3.15695e-05 -0.000479452 3.15477e-05 1 0.00339454 0.013157 -0.0612045
FixedParameters: 0 0 0

#Transform 24
Transform: AffineTransform_float_3_3
Parameters: 1 0.000169413 0.000593907 -0.000169362 1 -4.30308e-05 -0.000593922 4.28296e-05 1 -9.32981e-05 -0.0582125 -0.00382431
FixedParameters: 0 0 0

#Transform 25
Transform: AffineTransform_float_3_3
Parameters: 1 -3.27209e-05 0.000334665 3.29405e-05 1 -0.00032808 -0.000334643 0.000328102 1 0.00476241 -0.0082732 -0.0717837
FixedParameters: 0 0 0

#Transform 26
Transform: AffineTransform_float_3_3
Parameters: 1 -8.59405e-05 0.000383787 8.59277e-05 1 1.6659e-05 -0.00038379 -1.6593e-05 1 0.00159924 -0.0565693 -0.017884
FixedParameters: 0 0 0

#Transform 27
Transform: AffineTransform_float_3_3
Parameters: 1 -0.000279247 0.000521992 0.00027916 0.999999 0.00011433 -0.000522114 -0.000114382 1 -0.00285353 -0.0254319 -0.0470858
FixedParameters: 0 0 0

#Transform 28
Transform: AffineTransform_float_3_3
Parameters: 1 -0.000302146 0.000538021 0.000302053 0.999999 0.000116008 -0.000538149 -0.000116025 1 0.00387518 -0.0112425 -0.0663614
FixedParameters: 0 0 0

#Transform 29
Transform: AffineTransform_float_3_3
Parameters: 1 -0.000242626 0.000492349 0.000242631 1 -4.97392e-06 -0.000492346 5.21283e-06 1 0.00458568 -0.020557 -0.0742013
FixedParameters: 0 0 0

#Transform 30
Transform: AffineTransform_float_3_3
Parameters: 1 -0.000332481 0.000272902 0.00033274 1 -0.000474455 -0.000272586 0.000474636 1 -0.00199664 -0.0147025 -0.0608104
FixedParameters: 0 0 0

#Transform 31
Transform: AffineTransform_float_3_3
Parameters: 0.999999 -0.000788475 -0.000342046 0.000788417 0.999999 -0.00124822 0.000343316 0.00124773 0.999999 0.00331655 0.0146965 -0.0122321
FixedParameters: 0 0 0

#Transform 32
Transform: AffineTransform_float_3_3
Parameters: 0.999999 -0.000715516 -0.000137827 0.000715259 1 -0.000855847 0.000138922 0.000855648 1 0.00293128 -0.0423228 -0.00766835
FixedParameters: 0 0 0

#Transform 33
Transform: AffineTransform_float_3_3
Parameters: 1 -0.000603296 7.67589e-05 0.000602857 1 -0.000995098 -7.65006e-05 0.000995143 1 0.00594669 -0.0307271 -0.0681441
FixedParameters: 0 0 0

#Transform 34
Transform: AffineTransform_float_3_3
Parameters: 1 -0.000660942 0.000181038 0.00066104 0.999999 -0.00027057 -0.00018068 0.000270809 1 0.00557045 -0.0271944 -0.068473
FixedParameters: 0 0 0

#Transform 35
Transform: AffineTransform_float_3_3
Parameters: 1 -0.000404667 0.000116213 0.000405577 1 -0.000394211 -0.000116462 0.000394352 1 -0.000602 -0.0334165 -0.0515832
FixedParameters: 0 0 0

#Transform 36
Transform: AffineTransform_float_3_3
Parameters: 1 -0.000509344 -0.000207189 0.000509123 0.999999 -0.000533286 0.000207732 0.000533075 1 -0.00526216 0.016947 -0.0459332
FixedParameters: 0 0 0

#Transform 37
Transform: AffineTransform_float_3_3
Parameters: 1 -0.000209853 -2.26352e-05 0.000209824 1 -0.000649999 2.2908e-05 0.00064999 1 -0.00385262 -0.0532061 -0.0570084
FixedParameters: 0 0 0

#Transform 38
Transform: AffineTransform_float_3_3
Parameters: 1 -0.000503124 -0.000297829 0.000502923 1 -0.000699362 0.000297209 0.000699407 0.999999 -0.00457811 0.0365436 -0.0512413
FixedParameters: 0 0 0

#Transform 39
Transform: AffineTransform_float_3_3
Parameters: 1 -0.000218781 0.000123116 0.000218989 0.999999 -0.000849294 -0.000122744 0.000849348 0.999999 -0.00677701 -0.0431117 -0.0189697
FixedParameters: 0 0 0

#Transform 40
Transform: AffineTransform_float_3_3
Parameters: 1 -0.00053466 -0.000296284 0.000534778 0.999999 -0.00114592 0.00029681 0.00114565 1 -0.00606057 0.0170565 -0.0445109
FixedParameters: 0 0 0

#Transform 41
Transform: AffineTransform_float_3_3
Parameters: 1 -0.000270725 4.12195e-05 0.000270788 0.999999 -0.000773623 -4.08006e-05 0.000773646 0.999999 -0.0159882 -0.0225984 -0.033843
FixedParameters: 0 0 0

#Transform 42
Transform: AffineTransform_float_3_3
Parameters: 1 -0.000486069 -0.00024037 0.000486377 1 -0.00101817 0.000240661 0.00101798 1 -0.0104367 -0.0143845 -0.0322387
FixedParameters: 0 0 0

#Transform 43
Transform: AffineTransform_float_3_3
Parameters: 1 -0.000590841 2.08815e-05 0.000590841 1 -0.000772333 -1.99112e-05 0.0007727 0.999999 -0.00773368 -0.0313719 -0.0704149
FixedParameters: 0 0 0

#Transform 44
Transform: AffineTransform_float_3_3
Parameters: 1 -0.000306316 -7.7373e-06 0.000306303 0.999999 -0.000790871 8.2218e-06 0.000790866 0.999999 -0.00770155 -0.0313695 -0.0978235
FixedParameters: 0 0 0

#Transform 45
Transform: AffineTransform_float_3_3
Parameters: 1 -0.000260508 5.78104e-05 0.0002606 0.999999 -0.000793153 -5.73971e-05 0.000793183 0.999999 -0.0116439 -0.0661873 -0.0233217
FixedParameters: 0 0 0

#Transform 46
Transform: AffineTransform_float_3_3
Parameters: 1 -0.000352171 -7.32511e-05 0.000352023 1 -0.000788922 7.38642e-05 0.000789213 0.999999 -0.00814088 -0.0273951 -0.0819253
FixedParameters: 0 0 0

#Transform 47
Transform: AffineTransform_float_3_3
Parameters: 1 -0.000322504 -8.09329e-05 0.000322454 1 -0.000308555 8.11319e-05 0.000308503 1 -0.00504106 -0.00380097 -0.0868329
FixedParameters: 0 0 0

#Transform 48
Transform: AffineTransform_float_3_3
Parameters: 1 -0.000446845 0.000152304 0.000446863 1 -6.03976e-05 -0.00015225 6.05337e-05 1 -0.00754806 -0.0251007 -0.0530003
FixedParameters: 0 0 0

#Transform 49
Transform: AffineTransform_float_3_3
Parameters: 1 -0.000399535 -9.40937e-05 0.000400316 1 -0.000198398 9.36836e-05 0.00019837 1 -0.00256044 -0.0213651 -0.0747283
FixedParameters: 0 0 0

#Transform 50
Transform: AffineTransform_float_3_3
Parameters: 1 -0.000210216 -2.16783e-05 0.000210207 1 -0.000210008 2.17666e-05 0.000209998 1 -0.000913884 0.0228171 -0.0891528
FixedParameters: 0 0 0

#Transform 51
Transform: AffineTransform_float_3_3
Parameters: 1 -0.000322259 -0.000104739 0.000322243 1 -7.63199e-05 0.000104788 7.62524e-05 1 -0.00811558 0.0163214 -0.0660931
FixedParameters: 0 0 0

#Transform 52
Transform: AffineTransform_float_3_3
Parameters: 1 -0.00039556 8.2524e-05 0.000395593 1 -0.000196794 -8.23682e-05 0.000196859 1 -0.00635147 -0.00516058 -0.073609
FixedParameters: 0 0 0

#Transform 53
Transform: AffineTransform_float_3_3
Parameters: 1 -0.000228702 4.25299e-05 0.00022872 1 -0.000208117 -4.24347e-05 0.000208136 1 -0.00120319 -0.050608 -0.0994399
FixedParameters: 0 0 0

#Transform 54
Transform: AffineTransform_float_3_3
Parameters: 1 -0.000217311 4.8885e-05 0.000217322 1 -0.000112583 -4.8836e-05 0.000112604 1 -0.00315942 -0.0370788 -0.0879444
FixedParameters: 0 0 0

#Transform 55
Transform: AffineTransform_float_3_3
Parameters: 1 -0.000296383 -7.24416e-05 0.000296378 1 -3.15573e-05 7.24603e-05 3.15144e-05 1 -0.00645057 -0.0113721 -0.0791433
FixedParameters: 0 0 0

#Transform 56
Transform: AffineTransform_float_3_3
Parameters: 1 -0.00020934 7.6807e-05 0.000209382 1 -0.000272152 -7.6693e-05 0.000272184 1 -0.00462265 -0.0222039 -0.118922
FixedParameters: 0 0 0

#Transform 57
Transform: AffineTransform_float_3_3
Parameters: 1 -0.000270466 -1.73068e-05 0.000270459 1 -0.000206033 1.74182e-05 0.000206023 1 -0.00564963 -0.0200588 -0.115488
FixedParameters: 0 0 0

#Transform 58
Transform: AffineTransform_float_3_3
Parameters: 1 -0.000319535 -7.95948e-05 0.00031949 1 -0.000280673 7.97741e-05 0.000280622 1 -0.0037506 -0.0209183 -0.107817
FixedParameters: 0 0 0

#Transform 59
Transform: AffineTransform_float_3_3
Parameters: 1 -0.000455858 -9.14818e-05 0.00045573 0.999999 -0.000693844 9.21143e-05 0.000693761 1 -0.000910436 -0.00831906 -0.101523
FixedParameters: 0 0 0

#Transform 60
Transform: AffineTransform_float_3_3
Parameters: 1 -0.000333552 5.19378e-05 0.000333637 0.999999 -0.000815508 -5.13937e-05 0.000815542 0.999999 -0.00507426 -0.0369017 -0.0990369
FixedParameters: 0 0 0

#Transform 61
Transform: AffineTransform_float_3_3
Parameters: 1 -0.00045002 -0.000148479 0.000449829 0.999999 -0.00140739 0.000148235 0.00140726 0.999999 -0.0054367 -0.0322163 -0.0904549
FixedParameters: 0 0 0

#Transform 62
Transform: AffineTransform_float_3_3
Parameters: 1 -0.000275335 0.000120528 0.00027513 0.999998 -0.00160331 -0.000120587 0.00160333 0.999998 -0.0121986 -0.0376989 -0.0911753
FixedParameters: 0 0 0

#Transform 63
Transform: AffineTransform_float_3_3
Parameters: 1 -0.000306332 2.51094e-05 0.000306366 1 -0.00110821 -2.45603e-05 0.00110822 1 -0.0101251 -0.00131505 -0.123631
FixedParameters: 0 0 0

#Transform 64
Transform: AffineTransform_float_3_3
Parameters: 1 -0.000294502 3.32076e-05 0.000293979 1 -0.00102374 -3.35471e-05 0.00102372 1 -0.0134813 -0.0241409 -0.0695662
FixedParameters: 0 0 0

#Transform 65
Transform: AffineTransform_float_3_3
Parameters: 1 -0.000354623 -0.000200782 0.000354075 0.999999 -0.00130795 0.000201579 0.00130781 0.999999 -0.0120702 -0.00122327 -0.0452589
FixedParameters: 0 0 0

#Transform 66
Transform: AffineTransform_float_3_3
Parameters: 1 -0.000267619 2.3344e-05 0.000267645 1 -0.00055855 -2.30451e-05 0.000558562 1 -0.00345589 -0.0186643 -0.11907
FixedParameters: 0 0 0

#Transform 67
Transform: AffineTransform_float_3_3
Parameters: 1 -0.000359658 -0.000107697 0.000359537 1 -0.000560981 0.000108101 0.000560903 1 -0.00144342 -0.0240665 -0.112707
FixedParameters: 0 0 0

#Transform 68
Transform: AffineTransform_float_3_3
Parameters: 1 -0.000261687 3.51596e-05 0.000261728 1 -0.00059088 -3.48503e-05 0.000590898 1 -0.00417669 -0.0377753 -0.11462
FixedParameters: 0 0 0

#Transform 69
Transform: AffineTransform_float_3_3
Parameters: 1 -0.0002499 2.31699e-05 0.000249915 1 -0.000313171 -2.30133e-05 0.000313183 1 -0.00626356 -0.0368267 -0.110129
FixedParameters: 0 0 0

#Transform 70
Transform: AffineTransform_float_3_3
Parameters: 1 -0.000297441 -3.29693e-05 0.000297413 1 -0.000425925 3.32227e-05 0.000425905 1 -0.0116268 -0.0297001 -0.12357
FixedParameters: 0 0 0

#Transform 71
Transform: AffineTransform_float_3_3
Parameters: 1 -0.00023061 -6.28226e-05 0.000230511 0.999999 -0.000783369 6.31838e-05 0.00078334 0.999999 -0.00848813 -0.0340689 -0.139499
FixedParameters: 0 0 0

#Transform 72
Transform: AffineTransform_float_3_3
Parameters: 1 -0.000306593 -0.000132074 0.00030637 1 -0.000722373 0.000132574 0.000722635 0.999999 -0.014104 -0.0339871 -0.139955
FixedParameters: 0 0 0

#Transform 73
Transform: AffineTransform_float_3_3
Parameters: 1 -0.000235753 9.75885e-05 0.000235916 0.999999 -0.000836433 -9.71939e-05 0.000836479 0.999999 -0.0110961 -0.0809118 -0.0998399
FixedParameters: 0 0 0

#Transform 74
Transform: AffineTransform_float_3_3
Parameters: 1 -0.000364094 -6.86138e-05 0.000363365 1 -0.000998263 6.83981e-05 0.000998166 1 -0.00913171 -0.0192552 -0.130972
FixedParameters: 0 0 0

#Transform 75
Transform: AffineTransform_float_3_3
Parameters: 1 -0.00019289 -0.00023129 0.000193404 1 -0.000659292 0.000230976 0.00065925 0.999999 -0.013954 -0.0311946 -0.106084
FixedParameters: 0 0 0

#Transform 76
Transform: AffineTransform_float_3_3
Parameters: 1 -0.000203202 -0.000295985 0.000203488 0.999999 -0.000899841 0.000295782 0.000899768 0.999999 -0.0100251 -0.0246014 -0.105114
FixedParameters: 0 0 0

#Transform 77
Transform: AffineTransform_float_3_3
Parameters: 0.999999 -0.000522521 -0.000679424 0.000522301 0.999999 -0.00135133 0.000679568 0.00135071 0.999999 -0.00941904 0.0427225 -0.104103
FixedParameters: 0 0 0

#Transform 78
Transform: AffineTransform_float_3_3
Parameters: 1 -0.000135451 -0.000284793 0.000134879 1 -0.000968316 0.000284925 0.000968238 1 -0.0160672 -0.0333855 -0.108383
FixedParameters: 0 0 0

#Transform 79
Transform: AffineTransform_float_3_3
Parameters: 1 6.74003e-05 -3.28645e-05 -6.69477e-05 0.999999 -0.00146889 3.33494e-05 0.00146893 0.999999 -0.0175722 -0.044746 -0.117062
FixedParameters: 0 0 0

#Transform 80
Transform: AffineTransform_float_3_3
Parameters: 1 -3.37156e-05 -0.000303839 3.38342e-05 1 -0.00111838 0.000303216 0.00111841 1 -0.013029 -0.0373397 -0.142644
FixedParameters: 0 0 0

#Transform 81
Transform: AffineTransform_float_3_3
Parameters: 1 -7.39759e-05 -0.000382422 7.31947e-05 0.999998 -0.00175369 0.000383175 0.00175333 0.999999 -0.0200925 -0.0510122 -0.0644795
FixedParameters: 0 0 0

#Transform 82
Transform: AffineTransform_float_3_3
Parameters: 1 -0.000183832 -0.000292008 0.000182927 0.999999 -0.00151145 0.000292433 0.00151134 0.999999 -0.0107771 0.00756329 -0.0992578
FixedParameters: 0 0 0

#Transform 83
Transform: AffineTransform_float_3_3
Parameters: 1 9.27783e-05 5.28585e-06 -9.36039e-05 0.999999 -0.00130287 -5.08972e-06 0.00130282 0.999999 -0.0203807 -0.0464762 -0.0850462
FixedParameters: 0 0 0

#Transform 84
Transform: AffineTransform_float_3_3
Parameters: 1 -8.41549e-05 0.000116493 8.45213e-05 0.999998 -0.0016629 -0.000116343 0.00166292 0.999998 -0.0213394 -0.0212652 -0.115
FixedParameters: 0 0 0

#Transform 85
Transform: AffineTransform_float_3_3
Parameters: 1 -7.63471e-05 8.37969e-05 7.58736e-05 0.999997 -0.0024375 -8.32466e-05 0.00243746 0.999997 -0.00836514 -0.0727641 -0.144194
FixedParameters: 0 0 0

#Transform 86
Transform: AffineTransform_float_3_3
Parameters: 1 -0.000238936 6.55232e-05 0.000239131 0.999999 -0.0018177 -6.49139e-05 0.00181773 0.999999 -0.0161966 -0.0410517 -0.117671
FixedParameters: 0 0 0

#Transform 87
Transform: AffineTransform_float_3_3
Parameters: 1 -0.000233948 0.000204411 0.000234214 0.999997 -0.00214929 -0.000204477 0.00214933 0.999997 -0.0115101 -0.0413982 -0.106115
FixedParameters: 0 0 0

#Transform 88
Transform: AffineTransform_float_3_3
Parameters: 1 -0.000209232 0.000187584 0.000209421 0.999997 -0.00213505 -0.000187762 0.00213508 0.999997 -0.0107639 -0.0446272 -0.11663
FixedParameters: 0 0 0

#Transform 89
Transform: AffineTransform_float_3_3
Parameters: 1 -0.000137271 0.000138783 0.000137808 0.999998 -0.00208813 -0.000138468 0.00208816 0.999998 -0.00777955 -0.0339273 -0.161977
FixedParameters: 0 0 0

#Transform 90
Transform: AffineTransform_float_3_3
Parameters: 1 -8.72347e-05 0.000116556 8.76153e-05 0.999998 -0.00172283 -0.000116385 0.00172285 0.999998 -0.00827408 -0.045895 -0.152198
FixedParameters: 0 0 0

#Transform 91
Transform: AffineTransform_float_3_3
Parameters: 1 -0.000102599 0.000130958 0.000103002 0.999998 -0.00161845 -0.000130755 0.00161848 0.999998 -0.0152312 -0.0456365 -0.147693
FixedParameters: 0 0 0

#Transform 92
Transform: AffineTransform_float_3_3
Parameters: 1 -4.98251e-06 5.50235e-05 5.1431e-06 0.999999 -0.00183308 -5.52647e-05 0.00183308 0.999999 -0.0135293 -0.064551 -0.138272
FixedParameters: 0 0 0

#Transform 93
Transform: AffineTransform_float_3_3
Parameters: 1 -0.000178784 0.000161837 0.000178883 0.999998 -0.00225958 -0.00016223 0.00225959 0.999998 -0.00869328 -0.0596628 -0.14457
FixedParameters: 0 0 0

#Transform 94
Transform: AffineTransform_float_3_3
Parameters: 1 -8.82825e-05 0.000113578 8.86558e-05 0.999999 -0.00182702 -0.000113514 0.00182704 0.999999 -0.00779514 -0.0552856 -0.157241
FixedParameters: 0 0 0

#Transform 95
Transform: AffineTransform_float_3_3
Parameters: 1 -0.000173852 0.000161966 0.00017394 0.999997 -0.00215868 -0.000162287 0.00215869 0.999997 -0.00642129 -0.051643 -0.180528
FixedParameters: 0 0 0

#Transform 96
Transform: AffineTransform_float_3_3
Parameters: 1 -0.000412337 -7.15914e-06 0.000411671 0.999998 -0.00223616 7.80005e-06 0.0022361 0.999998 -0.011996 -0.0292706 -0.134642
FixedParameters: 0 0 0

#Transform 97
Transform: AffineTransform_float_3_3
Parameters: 1 -0.000303156 0.000259757 0.000303558 0.999998 -0.00195174 -0.000259645 0.00195185 0.999998 -0.0115423 -0.0514165 -0.107554
FixedParameters: 0 0 0

#Transform 98
Transform: AffineTransform_float_3_3
Parameters: 1 -0.000303459 0.000261532 0.000303875 0.999998 -0.00190628 -0.000261503 0.00190604 0.999999 -0.01125 -0.0486267 -0.11117
FixedParameters: 0 0 0

#Transform 99
Transform: AffineTransform_float_3_3
Parameters: 1 -0.000576243 -5.94992e-05 0.00057673 0.999998 -0.00223198 6.11142e-05 0.00223195 0.999998 -0.00500034 -0.00539658 -0.0459715
FixedParameters: 0 0 0

#Transform 100
Transform: AffineTransform_float_3_3
Parameters: 1 -0.00042206 0.000322105 0.000423072 0.999996 -0.0025576 -0.000321145 0.00255782 0.999996 -0.0106689 -0.0642995 -0.0860303
FixedParameters: 0 0 0

#Transform 101
Transform: AffineTransform_float_3_3
Parameters: 1 -0.000491399 0.00036044 0.000492231 0.999996 -0.00285532 -0.000359775 0.00285558 0.999996 -0.00982199 -0.0620443 -0.0946944
FixedParameters: 0 0 0

#Transform 102
Transform: AffineTransform_float_3_3
Parameters: 1 -0.000609435 0.000146089 0.00060959 0.999996 -0.00278983 -0.00014402 0.00278995 0.999996 0.00285547 -0.0326356 -0.0999796
FixedParameters: 0 0 0

#Transform 103
Transform: AffineTransform_float_3_3
Parameters: 1 -0.000644832 0.00015975 0.000645886 0.999997 -0.00258433 -0.000158218 0.0025836 0.999997 -0.00631165 -0.0367075 -0.125652
FixedParameters: 0 0 0

#Transform 104
Transform: AffineTransform_float_3_3
Parameters: 0.999999 -0.000776924 8.07988e-05 0.000777501 0.999996 -0.00245687 -7.87502e-05 0.00245699 0.999997 0.00556276 -0.0352711 -0.105918
FixedParameters: 0 0 0

#Transform 105
Transform: AffineTransform_float_3_3
Parameters: 1 -0.000710384 0.000196541 0.000711532 0.999996 -0.0024599 -0.000194813 0.00246018 0.999997 0.00600936 -0.0479638 -0.117029
FixedParameters: 0 0 0

#Transform 106
Transform: AffineTransform_float_3_3
Parameters: 1 -0.00070268 0.000284023 0.000703689 0.999996 -0.00245946 -0.000283146 0.00245981 0.999997 0.00721037 -0.0554989 -0.139399
FixedParameters: 0 0 0

#Transform 107
Transform: AffineTransform_float_3_3
Parameters: 0.999999 -0.000713573 0.000313686 0.000714477 0.999996 -0.00245842 -0.000311377 0.00245882 0.999997 0.00807075 -0.0714007 -0.150069
FixedParameters: 0 0 0

#Transform 108
Transform: AffineTransform_float_3_3
Parameters: 0.999999 -0.00068482 0.000344409 0.000685563 0.999998 -0.00197291 -0.000342777 0.00197333 0.999998 0.00213777 -0.0587598 -0.159519
FixedParameters: 0 0 0

#Transform 109
Transform: AffineTransform_float_3_3
Parameters: 1 -0.00073368 0.00028592 0.000733703 0.999997 -0.00211271 -0.000284704 0.00211304 0.999997 0.00927678 -0.107954 -0.162732
FixedParameters: 0 0 0

#Transform 110
Transform: AffineTransform_float_3_3
Parameters: 1 -0.000677221 0.000247194 0.000677086 0.999997 -0.00212386 -0.000246202 0.0021241 0.999997 0.0117736 -0.06412 -0.206385
FixedParameters: 0 0 0

#Transform 111
Transform: AffineTransform_float_3_3
Parameters: 1 -0.000612389 0.000297052 0.000612804 0.999999 -0.00173165 -0.000296002 0.00173197 0.999999 0.0102077 -0.0605721 -0.186056
FixedParameters: 0 0 0

#Transform 112
Transform: AffineTransform_float_3_3
Parameters: 1 -0.000648204 0.000367327 0.000648992 0.999998 -0.00190991 -0.000365921 0.00191034 0.999998 0.0107079 -0.0580525 -0.196598
FixedParameters: 0 0 0

#Transform 113
Transform: AffineTransform_float_3_3
Parameters: 1 -0.000529179 0.000224275 0.000529708 0.999997 -0.00264588 -0.000222805 0.00264606 0.999997 0.0106999 -0.0665731 -0.188711
FixedParameters: 0 0 0

#Transform 114
Transform: AffineTransform_float_3_3
Parameters: 1 -0.000622326 0.000314167 0.000623105 0.999998 -0.00225294 -0.000312563 0.00225328 0.999998 0.00127341 -0.0459743 -0.185441
FixedParameters: 0 0 0

#Transform 115
Transform: AffineTransform_float_3_3
Parameters: 1 -0.000499657 0.000297013 0.000500291 0.999997 -0.00210082 -0.000295984 0.00210107 0.999997 0.00371803 -0.0349876 -0.193132
FixedParameters: 0 0 0

#Transform 116
Transform: AffineTransform_float_3_3
Parameters: 1 -0.000540445 0.000427204 0.000541468 0.999998 -0.00191631 -0.000426202 0.00191673 0.999998 0.00228736 -0.0268715 -0.216097
FixedParameters: 0 0 0

#Transform 117
Transform: AffineTransform_float_3_3
Parameters: 1 -0.000475272 0.000393549 0.000475915 0.999998 -0.0015692 -0.000392998 0.00156953 0.999998 -0.0027351 -0.0426819 -0.202031
FixedParameters: 0 0 0

#Transform 118
Transform: AffineTransform_float_3_3
Parameters: 1 -0.000568056 0.000280889 0.000568784 0.999999 -0.00133584 -0.0002795 0.00133615 0.999999 0.00595004 -0.0671688 -0.164292
FixedParameters: 0 0 0

#Transform 119
Transform: AffineTransform_float_3_3
Parameters: 1 -0.000544312 0.000353698 0.000544907 0.999999 -0.00161268 -0.000352917 0.00161208 0.999999 -0.000538092 -0.0793127 -0.154575
FixedParameters: 0 0 0

#Transform 120
Transform: AffineTransform_float_3_3
Parameters: 1 -0.000545595 0.000259015 0.000545695 0.999999 -0.00133759 -0.000258497 0.00133782 0.999999 0.00687627 -0.0604397 -0.170785
FixedParameters: 0 0 0

#Transform 121
Transform: AffineTransform_float_3_3
Parameters: 1 -0.000568652 0.000233803 0.000568634 0.999999 -0.00122612 -0.00023335 0.00122634 0.999999 0.00740512 -0.0666386 -0.178309
FixedParameters: 0 0 0

#Transform 122
Transform: AffineTransform_float_3_3
Parameters: 1 -0.000461387 0.000244207 0.000461895 1 -0.000945831 -0.000243367 0.000945118 0.999999 0.00627397 -0.0661786 -0.165946
FixedParameters: 0 0 0

#Transform 123
Transform: AffineTransform_float_3_3
Parameters: 1 -0.000278425 0.000260921 0.000278607 0.999998 -0.00141987 -0.00026113 0.00141962 0.999999 0.0057805 -0.0546002 -0.186952
FixedParameters: 0 0 0

#Transform 124
Transform: AffineTransform_float_3_3
Parameters: 1 -0.000399972 0.00020073 0.000400491 0.999999 -0.00134772 -0.000199781 0.00134788 0.999999 0.0066978 -0.040035 -0.204211
FixedParameters: 0 0 0

#Transform 125
Transform: AffineTransform_float_3_3
Parameters: 1 -0.000570043 0.000196258 0.00056987 1 -0.0010681 -0.000195982 0.00106828 1 0.0065605 -0.0447896 -0.170438
FixedParameters: 0 0 0

#Transform 126
Transform: AffineTransform_float_3_3
Parameters: 1 -0.000697803 0.00026863 0.000698774 0.999999 -0.00138559 -0.000268206 0.00138596 0.999999 0.00732743 -0.0275272 -0.187435
FixedParameters: 0 0 0

#Transform 127
Transform: AffineTransform_float_3_3
Parameters: 1 -0.000590225 0.000350201 0.000590567 0.999999 -0.00133365 -0.000349568 0.00133402 0.999999 0.00605847 -0.0801772 -0.163356
FixedParameters: 0 0 0

#Transform 128
Transform: AffineTransform_float_3_3
Parameters: 1 -0.000559623 0.000452255 0.000560459 0.999998 -0.00157905 -0.000451428 0.00157951 0.999998 0.00365015 -0.0582057 -0.184225
FixedParameters: 0 0 0

#Transform 129
Transform: AffineTransform_float_3_3
Parameters: 1 -0.000584227 0.000363395 0.000584987 1 -0.0010753 -0.000362268 0.00107573 1 0.00908139 -0.0678613 -0.170469
FixedParameters: 0 0 0

#Transform 130
Transform: AffineTransform_float_3_3
Parameters: 1 -0.000651068 0.000329408 0.000651352 0.999999 -0.0013299 -0.000328617 0.00133028 0.999999 0.00816247 -0.102934 -0.148794
FixedParameters: 0 0 0

#Transform 131
Transform: AffineTransform_float_3_3
Parameters: 1 -0.000485787 0.000224345 0.000486367 0.999999 -0.00134185 -0.00022317 0.00134206 0.999999 0.011252 -0.0474393 -0.200877
FixedParameters: 0 0 0

#Transform 132
Transform: AffineTransform_float_3_3
Parameters: 1 -0.000684912 0.000280667 0.000684913 0.999999 -0.00105564 -0.000280162 0.00105597 1 0.00993448 -0.0532475 -0.181725
FixedParameters: 0 0 0

#Transform 133
Transform: AffineTransform_float_3_3
Parameters: 1 -0.000592905 0.000283684 0.000593069 0.999999 -0.00133422 -0.000283043 0.0013345 0.999999 0.00970358 -0.0801565 -0.17543
FixedParameters: 0 0 0

#Transform 134
Transform: AffineTransform_float_3_3
Parameters: 1 -0.000661524 0.000332142 0.000661738 0.999999 -0.00121393 -0.000331477 0.00121432 0.999999 0.0102539 -0.0276729 -0.194648
FixedParameters: 0 0 0

#Transform 135
Transform: AffineTransform_float_3_3
Parameters: 0.999999 -0.000684223 0.000367343 0.000684605 0.999999 -0.0013273 -0.000366468 0.00132775 0.999999 0.00795597 -0.0739714 -0.151731
FixedParameters: 0 0 0

#Transform 136
Transform: AffineTransform_float_3_3
Parameters: 1 -0.000649014 0.00036418 0.000649471 0.999999 -0.00148531 -0.000363135 0.00148607 0.999998 0.00487002 -0.0363498 -0.192489
FixedParameters: 0 0 0

#Transform 137
Transform: AffineTransform_float_3_3
Parameters: 0.999999 -0.000746615 0.000326288 0.000746828 0.999999 -0.00123347 -0.000325388 0.00123391 0.999999 0.00916172 -0.0463005 -0.173142
FixedParameters: 0 0 0

#Transform 138
Transform: AffineTransform_float_3_3
Parameters: 0.999999 -0.000782141 0.000267541 0.000782223 0.999999 -0.00132234 -0.000266356 0.00132305 0.999999 0.00896848 -0.0517368 -0.165286
FixedParameters: 0 0 0

#Transform 139
Transform: AffineTransform_float_3_3
Parameters: 0.999999 -0.000800256 0.000215529 0.00080102 0.999999 -0.00132169 -0.000214865 0.00132237 0.999999 0.00915437 -0.0520355 -0.16579
FixedParameters: 0 0 0

#Transform 140
Transform: AffineTransform_float_3_3
Parameters: 0.999999 -0.000765382 0.000243665 0.000766355 0.999998 -0.00153478 -0.000242825 0.00153515 0.999998 0.00829132 -0.055465 -0.154113
FixedParameters: 0 0 0

#Transform 141
Transform: AffineTransform_float_3_3
Parameters: 0.999999 -0.000841097 8.05309e-05 0.000841253 0.999999 -0.00132057 -7.83813e-05 0.00132104 0.999999 0.00828682 -0.0329593 -0.147473
FixedParameters: 0 0 0

#Transform 142
Transform: AffineTransform_float_3_3
Parameters: 0.999999 -0.000947366 3.0814e-05 0.000947637 0.999999 -0.00162687 -2.9314e-05 0.00162727 0.999999 0.00533203 -0.0445393 -0.0974716
FixedParameters: 0 0 0

#Transform 143
Transform: AffineTransform_float_3_3
Parameters: 0.999999 -0.000879885 6.35061e-05 0.000880315 0.999998 -0.00178891 -6.19978e-05 0.00178902 0.999999 0.00498208 -0.0742442 -0.08924
FixedParameters: 0 0 0

#Transform 144
Transform: AffineTransform_float_3_3
Parameters: 0.999999 -0.000896128 -9.27486e-07 0.000896318 0.999998 -0.0015083 2.17799e-06 0.00150864 0.999998 0.00769496 0.00275986 -0.140186
FixedParameters: 0 0 0

#Transform 145
Transform: AffineTransform_float_3_3
Parameters: 0.999999 -0.000782465 -7.42188e-05 0.000782462 0.999999 -0.00132613 7.4841e-05 0.00132635 0.999999 0.00677179 -0.0361819 -0.116337
FixedParameters: 0 0 0

#Transform 146
Transform: AffineTransform_float_3_3
Parameters: 0.999999 -0.000850836 -0.000107341 0.000850759 0.999998 -0.00140791 0.000108226 0.00140772 0.999999 0.00802365 -0.0347663 -0.13369
FixedParameters: 0 0 0

#Transform 147
Transform: AffineTransform_float_3_3
Parameters: 0.999999 -0.000847977 -3.34796e-05 0.000847252 0.999999 -0.00147478 3.50953e-05 0.00147502 0.999998 0.00905208 -0.0188719 -0.155099
FixedParameters: 0 0 0

#Transform 148
Transform: AffineTransform_float_3_3
Parameters: 0.999999 -0.000791304 -7.05283e-05 0.000790481 0.999999 -0.00139872 7.18564e-05 0.00139891 0.999999 0.0157297 -0.0503241 -0.11831
FixedParameters: 0 0 0

#Transform 149
Transform: AffineTransform_float_3_3
Parameters: 0.999999 -0.000800937 -0.000348961 0.000800941 0.999999 -0.00113524 0.000350081 0.00113473 1 0.0148056 -0.0360288 -0.122323
FixedParameters: 0 0 0

#Transform 150
Transform: AffineTransform_float_3_3
Parameters: 1 -0.000678312 -0.000323197 0.00067795 1 -0.000911436 0.000322922 0.000910998 1 0.0129481 -0.0546554 -0.101148
FixedParameters: 0 0 0

#Transform 151
Transform: AffineTransform_float_3_3
Parameters: 0.999999 -0.000782838 -0.000328215 0.000782921 0.999999 -0.00108707 0.000329218 0.00108661 1 0.0101029 -0.0504972 -0.113868
FixedParameters: 0 0 0

#Transform 152
Transform: AffineTransform_float_3_3
Parameters: 0.999999 -0.00071312 -0.000347665 0.000711797 0.999999 -0.00105182 0.000348222 0.00105128 1 0.0114619 -0.04542 -0.133711
FixedParameters: 0 0 0

#Transform 153
Transform: AffineTransform_float_3_3
Parameters: 0.999999 -0.000760897 -0.00030354 0.000761072 0.999999 -0.00102408 0.0003044 0.00102366 1 0.0104161 -0.0388841 -0.159139
FixedParameters: 0 0 0

#Transform 154
Transform: AffineTransform_float_3_3
Parameters: 0.999999 -0.000799515 -0.000351961 0.000799546 0.999999 -0.00108726 0.000353 0.00108675 1 0.0142226 -0.0495263 -0.140379
FixedParameters: 0 0 0

#Transform 155
Transform: AffineTransform_float_3_3
Parameters: 0.999999 -0.000861595 -0.000410087 0.000861261 0.999998 -0.00137654 0.000411759 0.00137588 0.999999 0.00863844 -0.0383755 -0.126144
FixedParameters: 0 0 0

#Transform 156
Transform: AffineTransform_float_3_3
Parameters: 0.999999 -0.000858812 -0.000412403 0.000857952 0.999999 -0.00131665 0.000413152 0.00131595 0.999999 0.0144399 -0.0453715 -0.125032
FixedParameters: 0 0 0

#Transform 157
Transform: AffineTransform_float_3_3
Parameters: 0.999999 -0.000788233 -0.000352496 0.000787693 0.999998 -0.00186171 0.000354601 0.0018612 0.999998 0.0142158 -0.0404875 -0.13125
FixedParameters: 0 0 0

#Transform 158
Transform: AffineTransform_float_3_3
Parameters: 0.999999 -0.000720473 -0.000386774 0.000720161 0.999999 -0.00172817 0.000387053 0.00172766 0.999999 0.0169124 -0.0235504 -0.163103
FixedParameters: 0 0 0

#Transform 159
Transform: AffineTransform_float_3_3
Parameters: 0.999999 -0.000775401 -0.000444418 0.000774856 0.999998 -0.00150779 0.000446057 0.00150715 0.999998 0.0164419 -0.0364634 -0.163847
FixedParameters: 0 0 0

#Transform 160
Transform: AffineTransform_float_3_3
Parameters: 0.999999 -0.000751016 -0.000442899 0.00075007 0.999999 -0.00132398 0.000443375 0.00132332 0.999999 0.0171202 -0.0489778 -0.16274
FixedParameters: 0 0 0

#Transform 161
Transform: AffineTransform_float_3_3
Parameters: 0.999999 -0.000797893 -0.000472346 0.000797574 1 -0.00114719 0.000473535 0.00114682 0.999999 0.0168433 -0.0746531 -0.138837
FixedParameters: 0 0 0

#Transform 162
Transform: AffineTransform_float_3_3
Parameters: 0.999999 -0.000836254 -0.000520022 0.000835856 0.999999 -0.00114792 0.000521242 0.0011471 0.999999 0.0171881 -0.0240919 -0.156637
FixedParameters: 0 0 0

#Transform 163
Transform: AffineTransform_float_3_3
Parameters: 0.999999 -0.000846813 -0.000618711 0.000846456 0.999999 -0.000932882 0.000619592 0.00093188 1 0.0102641 -0.0301486 -0.142653
FixedParameters: 0 0 0

#Transform 164
Transform: AffineTransform_float_3_3
Parameters: 0.999999 -0.000857297 -0.000449406 0.000857247 0.999999 -0.000943311 0.000450324 0.000942586 1 0.0146495 -0.0230797 -0.159216
FixedParameters: 0 0 0

#Transform 165
Transform: AffineTransform_float_3_3
Parameters: 1 -0.000890164 -0.000565792 0.000889799 0.999999 -0.000280624 0.000566325 0.000280554 1 0.0159209 -0.0486646 -0.151938
FixedParameters: 0 0 0

#Transform 166
Transform: AffineTransform_float_3_3
Parameters: 0.999999 -0.000742458 -0.000505533 0.000741993 0.999999 -0.000460343 0.000506216 0.000459592 1 0.0136477 -0.0252943 -0.152838
FixedParameters: 0 0 0

#Transform 167
Transform: AffineTransform_float_3_3
Parameters: 0.999999 -0.000808387 -0.000414654 0.000807781 1 -0.000608256 0.000415598 0.000608864 1 0.01277 -0.0392079 -0.144932
FixedParameters: 0 0 0

#Transform 168
Transform: AffineTransform_float_3_3
Parameters: 1 -0.000637627 -0.00038836 0.000636464 1 -0.000633096 0.000388316 0.000633835 1 0.0230165 -0.0688544 -0.164481
FixedParameters: 0 0 0

#Transform 169
Transform: AffineTransform_float_3_3
Parameters: 0.999999 -0.000879832 -0.000477645 0.000879122 0.999999 -0.000980294 0.000477858 0.000979454 1 0.0310978 -0.0229148 -0.181284
FixedParameters: 0 0 0

#Transform 170
Transform: AffineTransform_float_3_3
Parameters: 0.999999 -0.000896437 -0.000505082 0.00089628 0.999999 -0.000944417 0.000506076 0.000943557 1 0.0334444 -0.0405232 -0.180385
FixedParameters: 0 0 0

#Transform 171
Transform: AffineTransform_float_3_3
Parameters: 1 -0.00101377 -0.000483122 0.00101414 1 -0.000386216 0.000483428 0.000386564 1 0.0367853 -0.0296952 -0.146571
FixedParameters: 0 0 0

#Transform 172
Transform: AffineTransform_float_3_3
Parameters: 1 -0.00102015 -0.000474725 0.00102066 0.999999 -0.000271122 0.000474743 0.000271139 1 0.034304 -0.0434579 -0.0988215
FixedParameters: 0 0 0

#Transform 173
Transform: AffineTransform_float_3_3
Parameters: 1 -0.00115823 -0.000386082 0.00115861 0.999999 -0.000497676 0.000386699 0.000497766 1 0.0388164 -0.0160095 -0.09144
FixedParameters: 0 0 0

#Transform 174
Transform: AffineTransform_float_3_3
Parameters: 0.999999 -0.0012382 -0.000338055 0.00123792 0.999999 -0.000728285 0.000338534 0.000727792 1 0.0465308 -0.0236716 -0.106259
FixedParameters: 0 0 0

#Transform 175
Transform: AffineTransform_float_3_3
Parameters: 0.999999 -0.00121044 -0.000357113 0.0012099 0.999999 -0.000718298 0.000358908 0.000717775 1 0.0503208 -0.0427366 -0.112293
FixedParameters: 0 0 0

#Transform 176
Transform: AffineTransform_float_3_3
Parameters: 0.999999 -0.00132472 -0.000265416 0.00132449 1 -0.000369052 0.00026645 0.000368691 1 0.0543469 -0.0268704 -0.112605
FixedParameters: 0 0 0

#Transform 177
Transform: AffineTransform_float_3_3
Parameters: 0.999999 -0.00138733 -0.00022307 0.00138712 0.999999 -0.000409583 0.000224264 0.000409306 1 0.0560005 -0.0433794 -0.119976
FixedParameters: 0 0 0

#Transform 178
Transform: AffineTransform_float_3_3
Parameters: 0.999999 -0.00141493 -0.000128366 0.00141415 0.999999 -0.000705358 0.000129606 0.00070529 1 0.0574264 -0.0368775 -0.136013
FixedParameters: 0 0 0

#Transform 179
Transform: AffineTransform_float_3_3
Parameters: 0.999999 -0.00133769 -0.000260099 0.00133741 0.999999 -0.000479392 0.000261439 0.000479038 1 0.0583258 -0.0243649 -0.136573
FixedParameters: 0 0 0

#Transform 180
Transform: AffineTransform_float_3_3
Parameters: 0.999999 -0.00136599 -0.000232451 0.00136667 1 -0.000246665 0.000232614 0.00024642 1 0.0568883 -0.0198369 -0.127735
FixedParameters: 0 0 0

#Transform 181
Transform: AffineTransform_float_3_3
Parameters: 0.999999 -0.00145429 -0.000170604 0.00145418 0.999999 -0.000240244 0.000171359 0.00024009 1 0.0601927 -0.0243293 -0.126914
FixedParameters: 0 0 0

#Transform 182
Transform: AffineTransform_float_3_3
Parameters: 0.999999 -0.00146965 -0.000274571 0.00146948 0.999999 -0.000240485 0.000275334 0.00024002 1 0.06047 0.00410242 -0.116937
FixedParameters: 0 0 0

#Transform 183
Transform: AffineTransform_float_3_3
Parameters: 0.999999 -0.00158253 -0.000122978 0.0015826 0.999998 -0.00148606 0.000124847 0.00148601 0.999999 0.0563879 0.0114694 -0.0721022
FixedParameters: 0 0 0

#Transform 184
Transform: AffineTransform_float_3_3
Parameters: 0.999999 -0.00151008 -0.000157003 0.00150998 0.999998 -0.000993101 0.000158678 0.000992969 0.999999 0.0580721 -0.0270195 -0.0786184
FixedParameters: 0 0 0

#Transform 185
Transform: AffineTransform_float_3_3
Parameters: 0.999998 -0.00167812 -0.000200344 0.00167801 0.999998 -0.0008023 0.000201713 0.00080197 1 0.0592652 -0.0106529 -0.113171
FixedParameters: 0 0 0

#Transform 186
Transform: AffineTransform_float_3_3
Parameters: 0.999999 -0.00158843 -8.6797e-05 0.00158773 0.999999 -0.000533212 8.77359e-05 0.000533232 1 0.0644512 -0.0250051 -0.0967844
FixedParameters: 0 0 0

#Transform 187
Transform: AffineTransform_float_3_3
Parameters: 0.999998 -0.00169842 -2.92904e-05 0.00169861 0.999998 -0.00111205 3.17106e-05 0.00111135 1 0.0581603 -0.0296241 -0.0692022
FixedParameters: 0 0 0

#Transform 188
Transform: AffineTransform_float_3_3
Parameters: 0.999998 -0.00163272 -0.00030181 0.00163259 0.999996 -0.00225361 0.000305634 0.00225301 0.999997 0.058498 -0.0095603 -0.0879102
FixedParameters: 0 0 0

#Transform 189
Transform: AffineTransform_float_3_3
Parameters: 0.999998 -0.00167292 -0.00030916 0.00167143 0.999996 -0.00214796 0.000312566 0.00214722 0.999998 0.0572835 0.00451174 -0.0596898
FixedParameters: 0 0 0
