#Insight Transform File V1.0
#Transform 0
Transform: AffineTransform_float_3_3
Parameters: 1 -0.000282215 0.000122537 0.000282696 0.999997 -0.00213896 -0.000121588 0.00213903 0.999997 -0.00268587 0.0166482 0.0650964
FixedParameters: 0 0 0

#Transform 1
Transform: AffineTransform_float_3_3
Parameters: 1 -0.000206384 8.27548e-05 0.000206632 0.999999 -0.0017555 -8.22895e-05 0.00175554 0.999999 -0.00488008 -0.0049457 0.0722938
FixedParameters: 0 0 0

#Transform 2
Transform: AffineTransform_float_3_3
Parameters: 1 -0.00026487 0.000121838 0.000265268 0.999999 -0.00180939 -0.000121138 0.00180945 0.999999 0.000959922 0.0392254 0.0278432
FixedParameters: 0 0 0

#Transform 3
Transform: AffineTransform_float_3_3
Parameters: 1 -0.000273164 0.000219619 0.000273825 0.999999 -0.00155424 -0.000218899 0.00155436 0.999999 0.00118608 0.0284925 0.0236697
FixedParameters: 0 0 0

#Transform 4
Transform: AffineTransform_float_3_3
Parameters: 1 -0.000220627 -1.561e-05 0.00022057 1 -0.00115232 1.59886e-05 0.00115231 1 -0.0026929 0.0364778 0.0377425
FixedParameters: 0 0 0

#Transform 5
Transform: AffineTransform_float_3_3
Parameters: 1 -0.000194023 -0.000204869 0.000193739 0.999999 -0.000694066 0.000205138 0.000693987 0.999999 -0.00874823 0.0719209 0.0314539
FixedParameters: 0 0 0

#Transform 6
Transform: AffineTransform_float_3_3
Parameters: 1 -0.000167154 -0.000332616 0.000166616 0.999999 -0.000808418 0.000332886 0.000808307 0.999999 -0.00734013 0.0323104 0.0337704
FixedParameters: 0 0 0

#Transform 7
Transform: AffineTransform_float_3_3
Parameters: 1 -0.000146514 -0.000119519 0.000146308 0.999999 -0.000863613 0.000119772 0.000863578 0.999999 -0.00296671 0.0235087 0.048907
FixedParameters: 0 0 0

#Transform 8
Transform: AffineTransform_float_3_3
Parameters: 1 -0.000226521 -1.21883e-05 0.000226498 0.999999 -0.000929411 1.26094e-05 0.000929406 0.999999 0.00620424 0.00716011 0.0597202
FixedParameters: 0 0 0

#Transform 9
Transform: AffineTransform_float_3_3
Parameters: 1 -0.000409317 9.23104e-05 0.000410248 0.999999 -0.000614646 -9.23755e-05 0.000614769 1 -0.00429582 0.00293137 0.0614238
FixedParameters: 0 0 0

#Transform 10
Transform: AffineTransform_float_3_3
Parameters: 1 -3.86159e-05 -0.000147792 3.85416e-05 1 -0.000251582 0.000147811 0.00025157 1 -0.00432865 0.00668578 0.0744048
FixedParameters: 0 0 0

#Transform 11
Transform: AffineTransform_float_3_3
Parameters: 1 -0.000201429 0.000119386 0.000201574 1 -0.000607942 -0.000119141 0.00060799 1 -0.00603904 0.0470279 0.0784881
FixedParameters: 0 0 0

#Transform 12
Transform: AffineTransform_float_3_3
Parameters: 1 -0.000252233 -5.05589e-05 0.000252195 1 -0.000374942 5.0748e-05 0.000374917 1 -0.000863627 0.058411 0.0583226
FixedParameters: 0 0 0

#Transform 13
Transform: AffineTransform_float_3_3
Parameters: 1 -0.000110817 -0.00010707 0.000110711 1 -0.000492991 0.000107179 0.000492967 1 -0.000347358 0.051544 0.0408058
FixedParameters: 0 0 0

#Transform 14
Transform: AffineTransform_float_3_3
Parameters: 1 -5.88046e-06 -0.000117274 5.79493e-06 1 -0.000364635 0.000117278 0.000364634 1 -0.00705538 0.0424139 0.0652954
FixedParameters: 0 0 0

#Transform 15
Transform: AffineTransform_float_3_3
Parameters: 1 -2.53782e-05 4.07212e-06 2.53813e-05 1 -0.000389152 -4.05237e-06 0.000389152 1 -0.00534106 0.00860338 0.0803953
FixedParameters: 0 0 0

#Transform 16
Transform: AffineTransform_float_3_3
Parameters: 1 -0.000278834 -0.000165067 0.000278709 1 -0.000377445 0.000165278 0.000377353 1 0.00652192 -0.00340846 0.0458846
FixedParameters: 0 0 0

#Transform 17
Transform: AffineTransform_float_3_3
Parameters: 1 -6.01292e-05 4.0104e-05 6.01335e-05 1 -5.27815e-05 -4.00977e-05 5.27863e-05 1 0.00422628 0.0107422 0.0633492
FixedParameters: 0 0 0

#Transform 18
Transform: AffineTransform_float_3_3
Parameters: 1 -0.000128706 -7.27159e-05 0.000128695 1 -7.75601e-05 7.27359e-05 7.75414e-05 1 0.00506254 0.00348827 0.0575358
FixedParameters: 0 0 0

#Transform 19
Transform: AffineTransform_float_3_3
Parameters: 1 -0.000107369 -0.000127696 0.000107306 1 -0.000246896 0.000127749 0.000246868 1 0.00799964 0.0455252 0.0287111
FixedParameters: 0 0 0

#Transform 20
Transform: AffineTransform_float_3_3
Parameters: 1 -7.22814e-05 3.8098e-05 7.23083e-05 1 -0.000352663 -3.8047e-05 0.000352668 1 0.0106582 0.0113714 0.026844
FixedParameters: 0 0 0

#Transform 21
Transform: AffineTransform_float_3_3
Parameters: 1 -5.85686e-07 9.37494e-08 5.85688e-07 1 -8.98043e-06 -9.37389e-08 8.98043e-06 1 0.0113717 0.034158 0.0186732
FixedParameters: 0 0 0

#Transform 22
Transform: AffineTransform_float_3_3
Parameters: 1 5.77459e-06 -0.000155702 -5.85386e-06 1 -0.000254553 0.000155699 0.000254554 1 -0.00536317 0.042214 0.0425097
FixedParameters: 0 0 0

#Transform 23
Transform: AffineTransform_float_3_3
Parameters: 1 0.000122243 -0.000430905 -0.000122638 1 -0.000458399 0.000430792 0.000458505 1 -0.00860165 0.0138495 0.0303729
FixedParameters: 0 0 0

#Transform 24
Transform: AffineTransform_float_3_3
Parameters: 1 0.000399386 -5.92235e-05 -0.000399419 1 -0.000279191 5.90005e-05 0.000279238 1 -0.0188405 -0.0118772 0.0654614
FixedParameters: 0 0 0

#Transform 25
Transform: AffineTransform_float_3_3
Parameters: 1 0.000272429 -5.44868e-05 -0.000272458 1 -0.00027087 5.43392e-05 0.0002709 1 -0.00686579 0.00792895 0.0647096
FixedParameters: 0 0 0

#Transform 26
Transform: AffineTransform_float_3_3
Parameters: 1 -3.35835e-05 0.000159522 3.39004e-05 0.999999 -0.000993296 -0.000159455 0.000993307 0.999999 0.0052233 0.0398942 0.0142386
FixedParameters: 0 0 0

#Transform 27
Transform: AffineTransform_float_3_3
Parameters: 1 9.77713e-07 0.000281592 -6.11342e-07 1 -0.000650533 -0.000281593 0.000650532 0.999999 0.0101865 0.0496572 0.0205671
FixedParameters: 0 0 0

#Transform 28
Transform: AffineTransform_float_3_3
Parameters: 1 -0.000130859 8.2816e-05 0.000130899 1 -0.000243138 -8.27524e-05 0.00024316 1 0.00933188 0.057919 0.00931741
FixedParameters: 0 0 0

#Transform 29
Transform: AffineTransform_float_3_3
Parameters: 1 -0.000166165 1.47945e-05 0.000166173 1 -0.000241555 -1.47142e-05 0.00024156 1 0.00302935 0.0619382 -0.0182453
FixedParameters: 0 0 0

#Transform 30
Transform: AffineTransform_float_3_3
Parameters: 1 5.20617e-06 -8.32866e-07 -5.20604e-06 1 7.98261e-05 8.33697e-07 -7.98261e-05 1 0.000556693 0.0461955 0.0217951
FixedParameters: 0 0 0

#Transform 31
Transform: AffineTransform_float_3_3
Parameters: 1 -0.000309944 3.58303e-05 0.000309949 1 -6.65905e-05 -3.5789e-05 6.66127e-05 1 -0.00180414 0.0231737 0.0234722
FixedParameters: 0 0 0

#Transform 32
Transform: AffineTransform_float_3_3
Parameters: 0.999999 -0.000540876 -0.000463682 0.000540926 1 5.32359e-05 0.000463625 -5.37375e-05 1 0.00501251 0.0307535 -0.0155711
FixedParameters: 0 0 0

#Transform 33
Transform: AffineTransform_float_3_3
Parameters: 1 -0.000380976 -0.000161582 0.000381187 0.999999 0.000653478 0.000161083 -0.000653601 1 0.00486349 0.00394024 -0.0269286
FixedParameters: 0 0 0

#Transform 34
Transform: AffineTransform_float_3_3
Parameters: 1 -0.000210589 2.69931e-05 0.000210589 1 -1.10328e-05 -2.69885e-05 1.10442e-05 1 0.0140286 -0.00382474 -0.0557566
FixedParameters: 0 0 0

#Transform 35
Transform: AffineTransform_float_3_3
Parameters: 1 -0.000418155 -8.92101e-05 0.000418203 1 0.000270837 8.89836e-05 -0.000270912 1 0.0138406 -0.0126304 -0.0596527
FixedParameters: 0 0 0

#Transform 36
Transform: AffineTransform_float_3_3
Parameters: 1 -0.000380195 -0.000195292 0.000381176 1 0.00110409 0.000195134 -0.00110419 1 0.0250652 0.00298693 -0.0456717
FixedParameters: 0 0 0

#Transform 37
Transform: AffineTransform_float_3_3
Parameters: 1 -0.000462807 -9.61421e-05 0.000462739 0.999999 0.000932092 9.66603e-05 -0.000932183 0.999999 0.0218448 0.00494753 -0.0556474
FixedParameters: 0 0 0

#Transform 38
Transform: AffineTransform_float_3_3
Parameters: 1 -0.000507884 -0.000131793 0.000508654 0.999999 0.000756303 0.000131836 -0.000756391 0.999999 0.019887 0.0143418 -0.0618676
FixedParameters: 0 0 0

#Transform 39
Transform: AffineTransform_float_3_3
Parameters: 1 -0.000474783 -0.000124437 0.00047497 0.999999 0.000754191 0.000123721 -0.000754309 0.999999 0.0185419 0.0154841 -0.0629022
FixedParameters: 0 0 0

#Transform 40
Transform: AffineTransform_float_3_3
Parameters: 1 -0.000514523 -0.000387285 0.000514112 1 0.000568119 0.000387327 -0.000568222 0.999999 0.0113965 0.0272877 -0.0706908
FixedParameters: 0 0 0

#Transform 41
Transform: AffineTransform_float_3_3
Parameters: 1 -0.000502954 -0.000393593 0.000503441 0.999999 0.000618797 0.00039297 -0.000619193 0.999999 0.0122339 0.017164 -0.0848275
FixedParameters: 0 0 0

#Transform 42
Transform: AffineTransform_float_3_3
Parameters: 1 -0.000574582 -0.00034288 0.000575022 0.999999 0.000642037 0.000342142 -0.000642431 0.999999 0.0131013 0.0301052 -0.0876282
FixedParameters: 0 0 0

#Transform 43
Transform: AffineTransform_float_3_3
Parameters: 0.999999 -0.000681985 -0.000377166 0.000682156 0.999999 0.000554403 0.00037779 -0.000554919 1 0.0148694 0.0242459 -0.0805687
FixedParameters: 0 0 0

#Transform 44
Transform: AffineTransform_float_3_3
Parameters: 0.999999 -0.000639434 -0.000404493 0.00064005 0.999999 0.000761821 0.000403518 -0.000762338 0.999999 0.0188803 0.0300688 -0.0938746
FixedParameters: 0 0 0

#Transform 45
Transform: AffineTransform_float_3_3
Parameters: 0.999999 -0.00060895 -0.000367427 0.0006089 0.999999 0.00107389 0.000366558 -0.00107439 1 0.0237088 0.0390919 -0.106146
FixedParameters: 0 0 0

#Transform 46
Transform: AffineTransform_float_3_3
Parameters: 1 -0.000529045 -0.000359248 0.000529803 1 0.00108589 0.000357968 -0.00108627 1 0.0248159 0.0270431 -0.134854
FixedParameters: 0 0 0

#Transform 47
Transform: AffineTransform_float_3_3
Parameters: 1 -0.00046633 -0.000403653 0.000467167 1 0.0010643 0.000402529 -0.00106468 1 0.0154571 0.0208577 -0.134922
FixedParameters: 0 0 0

#Transform 48
Transform: AffineTransform_float_3_3
Parameters: 0.999999 -0.000637556 -0.000361303 0.000638068 0.999999 0.000709059 0.000360398 -0.000709519 0.999999 0.020993 0.0327218 -0.102817
FixedParameters: 0 0 0

#Transform 49
Transform: AffineTransform_float_3_3
Parameters: 1 -0.00051182 -0.000259138 0.000512035 1 0.000415388 0.000258712 -0.000415653 1 0.0132006 0.034673 -0.089533
FixedParameters: 0 0 0

#Transform 50
Transform: AffineTransform_float_3_3
Parameters: 1 -0.000443517 -0.000237594 0.000443091 0.999999 0.000826041 0.00023743 -0.000826299 0.999999 0.0138988 0.00689424 -0.0762721
FixedParameters: 0 0 0

#Transform 51
Transform: AffineTransform_float_3_3
Parameters: 1 -0.000527268 -0.000380394 0.000526839 0.999999 0.000511224 0.000380424 -0.000511672 1 0.013007 -0.0547321 -0.046029
FixedParameters: 0 0 0

#Transform 52
Transform: AffineTransform_float_3_3
Parameters: 1 -0.000365155 -0.00031374 0.000365439 1 0.000452375 0.000313409 -0.000452604 1 0.0156707 0.0507679 -0.112524
FixedParameters: 0 0 0

#Transform 53
Transform: AffineTransform_float_3_3
Parameters: 1 -0.000401538 -0.000327102 0.000401113 0.999999 0.000600861 0.000327188 -0.000601171 1 0.01644 0.056335 -0.104921
FixedParameters: 0 0 0

#Transform 54
Transform: AffineTransform_float_3_3
Parameters: 1 -0.000449137 -0.000427799 0.000448896 1 0.00071277 0.000427785 -0.000712858 0.999999 0.0129191 0.0331731 -0.0942771
FixedParameters: 0 0 0

#Transform 55
Transform: AffineTransform_float_3_3
Parameters: 1 -0.000429646 -0.000342303 0.000429996 1 0.000512375 0.000341862 -0.000512669 1 0.013038 0.0456852 -0.0973443
FixedParameters: 0 0 0

#Transform 56
Transform: AffineTransform_float_3_3
Parameters: 1 -0.000432874 -0.000335804 0.000433135 1 0.000389384 0.000335467 -0.000389674 1 0.0129165 0.0432426 -0.101507
FixedParameters: 0 0 0

#Transform 57
Transform: AffineTransform_float_3_3
Parameters: 1 -0.000533249 -0.000387648 0.000533359 1 0.00018253 0.000387511 -0.000182601 0.999999 0.0127772 0.0174491 -0.0952689
FixedParameters: 0 0 0

#Transform 58
Transform: AffineTransform_float_3_3
Parameters: 1 -0.000501527 -0.00040517 0.000501783 1 0.000314909 0.000404854 -0.000315315 1 0.012605 0.0093136 -0.0881647
FixedParameters: 0 0 0

#Transform 59
Transform: AffineTransform_float_3_3
Parameters: 1 -0.000471225 -0.000412357 0.000470964 1 0.000714369 0.00041231 -0.000714462 0.999999 0.0186733 0.00569353 -0.090697
FixedParameters: 0 0 0

#Transform 60
Transform: AffineTransform_float_3_3
Parameters: 1 -0.000523928 -0.000378334 0.00052441 0.999999 0.000637361 0.000377665 -0.000637757 0.999999 0.013652 0.00402602 -0.079996
FixedParameters: 0 0 0

#Transform 61
Transform: AffineTransform_float_3_3
Parameters: 0.999999 -0.000609226 -0.000474329 0.000609231 0.999999 0.000973652 0.000473672 -0.000972998 0.999999 0.0113278 0.00109138 -0.047979
FixedParameters: 0 0 0

#Transform 62
Transform: AffineTransform_float_3_3
Parameters: 1 -0.000588725 -0.000326593 0.000589264 0.999999 0.000827539 0.000325617 -0.000827924 0.999999 0.0189677 0.0124587 -0.0537611
FixedParameters: 0 0 0

#Transform 63
Transform: AffineTransform_float_3_3
Parameters: 1 -0.000635037 -0.000292803 0.00063548 0.999999 0.00087448 0.000291596 -0.000873915 1 0.0247085 0.0226672 -0.0809652
FixedParameters: 0 0 0

#Transform 64
Transform: AffineTransform_float_3_3
Parameters: 0.999999 -0.000725267 -0.000361837 0.000726398 0.999999 0.000868585 0.000361292 -0.000868128 1 0.0262024 0.0255836 -0.0979434
FixedParameters: 0 0 0

#Transform 65
Transform: AffineTransform_float_3_3
Parameters: 1 -0.000598424 -0.000220056 0.000598132 0.999999 0.0012472 0.000219002 -0.00124752 0.999999 0.028282 0.0270013 -0.101003
FixedParameters: 0 0 0

#Transform 66
Transform: AffineTransform_float_3_3
Parameters: 0.999999 -0.000671832 -0.000159893 0.000671451 0.999998 0.00144005 0.000158397 -0.00144031 0.999999 0.0310179 0.0256966 -0.102108
FixedParameters: 0 0 0

#Transform 67
Transform: AffineTransform_float_3_3
Parameters: 0.999999 -0.000660623 -0.000136066 0.000660717 0.999999 0.00133239 0.000135556 -0.00133257 0.999999 0.0312995 0.0229245 -0.106631
FixedParameters: 0 0 0

#Transform 68
Transform: AffineTransform_float_3_3
Parameters: 0.999999 -0.00068396 -0.000144117 0.000684106 0.999998 0.00144105 0.000143397 -0.00144125 0.999999 0.0298222 0.0250824 -0.0847738
FixedParameters: 0 0 0

#Transform 69
Transform: AffineTransform_float_3_3
Parameters: 0.999999 -0.000739618 -0.000211429 0.000739252 0.999999 0.00112218 0.000210208 -0.00112254 1 0.0223097 0.00267027 -0.0640949
FixedParameters: 0 0 0

#Transform 70
Transform: AffineTransform_float_3_3
Parameters: 0.999999 -0.000710617 -0.00015357 0.000711565 0.999999 0.00130042 0.000152403 -0.0013006 0.999999 0.0296668 0.02481 -0.081821
FixedParameters: 0 0 0

#Transform 71
Transform: AffineTransform_float_3_3
Parameters: 0.999999 -0.000743211 -0.000197837 0.000743759 0.999998 0.00144433 0.000195559 -0.00144462 0.999999 0.024288 0.0152941 -0.0813281
FixedParameters: 0 0 0

#Transform 72
Transform: AffineTransform_float_3_3
Parameters: 0.999999 -0.000718656 -0.000214979 0.000718435 0.999998 0.00144249 0.000213345 -0.00144284 0.999999 0.0257967 0.0140131 -0.102113
FixedParameters: 0 0 0

#Transform 73
Transform: AffineTransform_float_3_3
Parameters: 1 -0.000619833 -0.000287985 0.000619752 0.999999 0.00131901 0.000286789 -0.00131941 0.999999 0.0284857 0.0449212 -0.144796
FixedParameters: 0 0 0

#Transform 74
Transform: AffineTransform_float_3_3
Parameters: 1 -0.000329967 -0.000163775 0.00033101 0.999999 0.00150805 0.000163461 -0.00150811 0.999999 0.0221647 0.0601906 -0.145502
FixedParameters: 0 0 0

#Transform 75
Transform: AffineTransform_float_3_3
Parameters: 1 -0.00061694 -0.000294552 0.000616799 0.999999 0.00118746 0.000293526 -0.00118787 1 0.022667 0.025463 -0.112613
FixedParameters: 0 0 0

#Transform 76
Transform: AffineTransform_float_3_3
Parameters: 0.999999 -0.000663064 -0.000257697 0.000662873 0.999999 0.00132482 0.000256437 -0.00132487 0.999999 0.0269331 0.0410226 -0.119295
FixedParameters: 0 0 0

#Transform 77
Transform: AffineTransform_float_3_3
Parameters: 0.999999 -0.000615811 -0.000353819 0.000616557 0.999999 0.00143432 0.000353302 -0.00143475 0.999999 0.0235839 0.0263948 -0.112078
FixedParameters: 0 0 0

#Transform 78
Transform: AffineTransform_float_3_3
Parameters: 1 -0.000582782 -0.000309823 0.000582829 0.999999 0.00143262 0.000308592 -0.00143303 0.999999 0.0248063 0.021937 -0.126633
FixedParameters: 0 0 0

#Transform 79
Transform: AffineTransform_float_3_3
Parameters: 1 -0.000617717 -0.00029092 0.000617587 0.999999 0.00127641 0.00028984 -0.00127648 0.999999 0.0330254 0.0260944 -0.125416
FixedParameters: 0 0 0

#Transform 80
Transform: AffineTransform_float_3_3
Parameters: 1 -0.000607774 -0.000283948 0.000607786 0.999999 0.0016802 0.000282305 -0.00167931 0.999998 0.0337574 0.0275281 -0.138182
FixedParameters: 0 0 0

#Transform 81
Transform: AffineTransform_float_3_3
Parameters: 0.999999 -0.000648531 -0.000262334 0.000648468 0.999998 0.00148351 0.000260849 -0.0014839 0.999999 0.0339304 0.0188753 -0.140268
FixedParameters: 0 0 0

#Transform 82
Transform: AffineTransform_float_3_3
Parameters: 1 -0.000593944 -0.000297066 0.000594007 0.999999 0.00157646 0.00029569 -0.00157652 0.999998 0.0329694 0.017977 -0.123568
FixedParameters: 0 0 0

#Transform 83
Transform: AffineTransform_float_3_3
Parameters: 1 -0.000526263 -0.000331869 0.00052665 0.999998 0.00193148 0.000330202 -0.00193154 0.999998 0.0281255 0.0495165 -0.1428
FixedParameters: 0 0 0

#Transform 84
Transform: AffineTransform_float_3_3
Parameters: 1 -0.000578778 -0.000301398 0.000578943 0.999999 0.00175783 0.00029973 -0.00175789 0.999998 0.0339884 0.0463506 -0.143969
FixedParameters: 0 0 0

#Transform 85
Transform: AffineTransform_float_3_3
Parameters: 1 -0.000560659 -0.000311395 0.000560938 0.999998 0.00183305 0.000309648 -0.00183345 0.999999 0.0353008 0.0660368 -0.166537
FixedParameters: 0 0 0

#Transform 86
Transform: AffineTransform_float_3_3
Parameters: 1 -0.000563714 -0.000294396 0.000564129 0.999998 0.00226405 0.00029208 -0.00226409 0.999997 0.0359415 0.0578429 -0.176021
FixedParameters: 0 0 0

#Transform 87
Transform: AffineTransform_float_3_3
Parameters: 1 -0.000425626 -0.000369039 0.000426023 0.999996 0.00287592 0.000367208 -0.00287634 0.999996 0.0366971 0.0448123 -0.182115
FixedParameters: 0 0 0

#Transform 88
Transform: AffineTransform_float_3_3
Parameters: 1 -0.000493468 -0.000317414 0.000494125 0.999995 0.00301034 0.000315832 -0.00300942 0.999995 0.0394862 0.00387162 -0.140455
FixedParameters: 0 0 0

#Transform 89
Transform: AffineTransform_float_3_3
Parameters: 1 -0.000515216 -0.000316362 0.000516548 0.999996 0.00260177 0.000314669 -0.00260211 0.999996 0.0363996 -0.00554493 -0.12523
FixedParameters: 0 0 0

#Transform 90
Transform: AffineTransform_float_3_3
Parameters: 1 -0.000456722 -0.000349561 0.000456966 0.999996 0.00281601 0.000347606 -0.00281643 0.999996 0.0385708 0.0338219 -0.153387
FixedParameters: 0 0 0

#Transform 91
Transform: AffineTransform_float_3_3
Parameters: 1 -0.000471524 -0.00033752 0.000472275 0.999996 0.00286692 0.000336302 -0.00286695 0.999995 0.0396323 0.0228483 -0.154631
FixedParameters: 0 0 0

#Transform 92
Transform: AffineTransform_float_3_3
Parameters: 1 -0.000427478 -0.000353137 0.000428565 0.999994 0.00330065 0.000351516 -0.00330007 0.999995 0.0366486 0.0374287 -0.180981
FixedParameters: 0 0 0

#Transform 93
Transform: AffineTransform_float_3_3
Parameters: 1 -0.000497891 -0.000312805 0.000498627 0.999995 0.00305464 0.000311061 -0.003055 0.999996 0.0400847 0.0166921 -0.170535
FixedParameters: 0 0 0

#Transform 94
Transform: AffineTransform_float_3_3
Parameters: 0.999999 -0.000490821 -0.000404279 0.000491352 0.999995 0.00312029 0.000403083 -0.00312079 0.999995 0.033767 0.0155109 -0.12922
FixedParameters: 0 0 0

#Transform 95
Transform: AffineTransform_float_3_3
Parameters: 1 -0.00042824 -0.000361258 0.000429269 0.999996 0.0030496 0.000359944 -0.00304996 0.999996 0.0362154 0.0198606 -0.171169
FixedParameters: 0 0 0

#Transform 96
Transform: AffineTransform_float_3_3
Parameters: 1 -0.000520355 -0.000294745 0.000521022 0.999995 0.00312644 0.00029279 -0.0031268 0.999995 0.0421401 0.0323898 -0.198789
FixedParameters: 0 0 0

#Transform 97
Transform: AffineTransform_float_3_3
Parameters: 1 -0.000542219 -0.000273361 0.000542782 0.999994 0.00330895 0.000270974 -0.00330837 0.999995 0.0412347 0.0353221 -0.180541
FixedParameters: 0 0 0

#Transform 98
Transform: AffineTransform_float_3_3
Parameters: 1 -0.000470024 -0.000319168 0.000471015 0.999994 0.00342958 0.000317111 -0.00342994 0.999994 0.0376794 0.0246152 -0.157703
FixedParameters: 0 0 0

#Transform 99
Transform: AffineTransform_float_3_3
Parameters: 1 -0.00050014 -0.000306335 0.000500922 0.999995 0.00319616 0.000304436 -0.00319652 0.999995 0.0374714 0.00759236 -0.150724
FixedParameters: 0 0 0

#Transform 100
Transform: AffineTransform_float_3_3
Parameters: 1 -0.000475705 -0.000371381 0.000477154 0.999993 0.00356469 0.000369155 -0.0035651 0.999993 0.0427621 0.0267235 -0.189351
FixedParameters: 0 0 0

#Transform 101
Transform: AffineTransform_float_3_3
Parameters: 1 -0.000473402 -0.000304294 0.000473673 0.999992 0.0037927 0.000302312 -0.0037931 0.999993 0.043274 0.0119234 -0.205627
FixedParameters: 0 0 0

#Transform 102
Transform: AffineTransform_float_3_3
Parameters: 1 -0.000415965 -0.000343698 0.000417327 0.999993 0.00380231 0.000341627 -0.00380231 0.999992 0.0455214 0.0215039 -0.21767
FixedParameters: 0 0 0

#Transform 103
Transform: AffineTransform_float_3_3
Parameters: 0.999999 -0.000474228 -0.000399973 0.000475791 0.999993 0.00382351 0.000398819 -0.00382361 0.999992 0.047642 0.0245882 -0.228655
FixedParameters: 0 0 0

#Transform 104
Transform: AffineTransform_float_3_3
Parameters: 1 -0.000372732 -0.000358254 0.000374512 0.999991 0.00424767 0.000355861 -0.00424799 0.999991 0.0491479 0.0275582 -0.236194
FixedParameters: 0 0 0

#Transform 105
Transform: AffineTransform_float_3_3
Parameters: 1 -0.000440796 -0.000316632 0.000441326 0.999991 0.00408911 0.000314504 -0.0040895 0.999991 0.0516641 0.0360767 -0.243691
FixedParameters: 0 0 0

#Transform 106
Transform: AffineTransform_float_3_3
Parameters: 0.999999 -0.000562575 -0.000447593 0.000563743 0.999993 0.00363506 0.000445141 -0.00363474 0.999993 0.0513074 0.0555038 -0.181938
FixedParameters: 0 0 0

#Transform 107
Transform: AffineTransform_float_3_3
Parameters: 0.999999 -0.000512502 -0.000481391 0.000513635 0.999991 0.00418817 0.000479012 -0.00418882 0.999991 0.0462493 0.0306996 -0.187718
FixedParameters: 0 0 0

#Transform 108
Transform: AffineTransform_float_3_3
Parameters: 1 -0.000342338 -0.00036844 0.000343597 0.999989 0.00456022 0.000366532 -0.00456058 0.999989 0.0473913 0.02898 -0.200448
FixedParameters: 0 0 0

#Transform 109
Transform: AffineTransform_float_3_3
Parameters: 1 -0.000312683 -0.000540554 0.000315338 0.999991 0.00439715 0.000539012 -0.0043976 0.99999 0.043055 0.0318711 -0.191806
FixedParameters: 0 0 0

#Transform 110
Transform: AffineTransform_float_3_3
Parameters: 0.999999 -0.000287902 -0.000545723 0.000289688 0.999991 0.00428519 0.000545166 -0.00428566 0.999991 0.0433713 0.0504682 -0.195399
FixedParameters: 0 0 0

#Transform 111
Transform: AffineTransform_float_3_3
Parameters: 1 -0.000230247 -0.000463761 0.000231374 0.999992 0.00404581 0.000462561 -0.00404617 0.999991 0.0402707 0.0164196 -0.166289
FixedParameters: 0 0 0

#Transform 112
Transform: AffineTransform_float_3_3
Parameters: 1 -0.000259078 -0.000443815 0.000260858 0.999992 0.00404593 0.00044181 -0.00404627 0.999991 0.0436119 0.0401452 -0.187839
FixedParameters: 0 0 0

#Transform 113
Transform: AffineTransform_float_3_3
Parameters: 1 -0.000358054 -0.000471901 0.000359948 0.999991 0.00420939 0.000470228 -0.00420983 0.999991 0.0455713 0.0442342 -0.204908
FixedParameters: 0 0 0

#Transform 114
Transform: AffineTransform_float_3_3
Parameters: 1 -0.000286496 -0.000515681 0.00028914 0.99999 0.00461921 0.000514111 -0.00461962 0.99999 0.0392852 0.0502863 -0.163082
FixedParameters: 0 0 0

#Transform 115
Transform: AffineTransform_float_3_3
Parameters: 1 -0.000245372 -0.000428629 0.000247331 0.999988 0.00475675 0.000427375 -0.00475707 0.999988 0.0436522 0.034501 -0.184674
FixedParameters: 0 0 0

#Transform 116
Transform: AffineTransform_float_3_3
Parameters: 1 -0.000233155 -0.000441975 0.000235934 0.99999 0.00461657 0.000440331 -0.00461684 0.99999 0.0417575 0.0241969 -0.177156
FixedParameters: 0 0 0

#Transform 117
Transform: AffineTransform_float_3_3
Parameters: 1 -0.000249477 -0.000434937 0.000252105 0.99999 0.00449343 0.000433334 -0.00449371 0.99999 0.0417831 0.0375396 -0.193143
FixedParameters: 0 0 0

#Transform 118
Transform: AffineTransform_float_3_3
Parameters: 1 -0.000203068 -0.000460336 0.000205506 0.999989 0.00468555 0.00045813 -0.00468585 0.999989 0.0421182 0.0386078 -0.207759
FixedParameters: 0 0 0

#Transform 119
Transform: AffineTransform_float_3_3
Parameters: 1 -0.000197123 -0.000453921 0.000199446 0.999987 0.00499035 0.000452805 -0.00498971 0.999988 0.0414567 0.0406731 -0.216311
FixedParameters: 0 0 0

#Transform 120
Transform: AffineTransform_float_3_3
Parameters: 1 -0.000187138 -0.00055576 0.000189284 0.999987 0.0051244 0.000554418 -0.00512481 0.999987 0.0408919 0.0399489 -0.203234
FixedParameters: 0 0 0

#Transform 121
Transform: AffineTransform_float_3_3
Parameters: 1 -0.000163826 -0.00055228 0.000166483 0.999987 0.00512764 0.000552043 -0.00512764 0.999986 0.0385075 0.0184522 -0.19478
FixedParameters: 0 0 0

#Transform 122
Transform: AffineTransform_float_3_3
Parameters: 1 -0.000168953 -0.000574718 0.000171297 0.999986 0.00518663 0.000573443 -0.0051861 0.999987 0.0412544 0.0408444 -0.239722
FixedParameters: 0 0 0

#Transform 123
Transform: AffineTransform_float_3_3
Parameters: 1 -5.55202e-05 -0.000533364 5.78145e-05 0.999985 0.00551298 0.000533067 -0.00551325 0.999984 0.0417678 0.046465 -0.251754
FixedParameters: 0 0 0

#Transform 124
Transform: AffineTransform_float_3_3
Parameters: 1 -4.40494e-05 -0.000531728 4.65755e-05 0.999983 0.00578787 0.000531271 -0.00578813 0.999983 0.0403984 0.0108953 -0.225588
FixedParameters: 0 0 0

#Transform 125
Transform: AffineTransform_float_3_3
Parameters: 1 -8.96394e-05 -0.000584235 9.31607e-05 0.999984 0.00561093 0.000584219 -0.0056112 0.999984 0.0426904 0.040614 -0.261794
FixedParameters: 0 0 0

#Transform 126
Transform: AffineTransform_float_3_3
Parameters: 1 -2.39817e-05 -0.000664892 2.83413e-05 0.999982 0.00602275 0.000664515 -0.00602299 0.999981 0.043079 0.0414536 -0.263419
FixedParameters: 0 0 0

#Transform 127
Transform: AffineTransform_float_3_3
Parameters: 1 -5.32343e-05 -0.00061388 5.69707e-05 0.999981 0.00607373 0.000613052 -0.00607307 0.999981 0.0419671 0.0429849 -0.249876
FixedParameters: 0 0 0

#Transform 128
Transform: AffineTransform_float_3_3
Parameters: 1 -1.35503e-05 -0.00062184 1.70842e-05 0.999984 0.00575793 0.000621731 -0.00575816 0.999984 0.0411307 0.0219384 -0.233223
FixedParameters: 0 0 0

#Transform 129
Transform: AffineTransform_float_3_3
Parameters: 1 -5.37477e-05 -0.000641918 5.70453e-05 0.999985 0.00539898 0.00064168 -0.00539833 0.999985 0.0412007 0.0452955 -0.236092
FixedParameters: 0 0 0

#Transform 130
Transform: AffineTransform_float_3_3
Parameters: 1 -2.75489e-05 -0.000644264 3.13668e-05 0.999984 0.00577865 0.000643991 -0.0057789 0.999983 0.0406122 0.036369 -0.225742
FixedParameters: 0 0 0

#Transform 131
Transform: AffineTransform_float_3_3
Parameters: 1 5.11057e-05 -0.000580948 -4.75235e-05 0.999981 0.00625626 0.000581243 -0.00625642 0.999981 0.0333806 0.0254063 -0.219786
FixedParameters: 0 0 0

#Transform 132
Transform: AffineTransform_float_3_3
Parameters: 1 -0.000115696 -0.000654844 0.00011913 0.999989 0.00467383 0.000654024 -0.00467414 0.999989 0.0371711 0.0153263 -0.169254
FixedParameters: 0 0 0

#Transform 133
Transform: AffineTransform_float_3_3
Parameters: 1 -1.27697e-05 -0.000570805 1.60564e-05 0.999986 0.0052854 0.000570541 -0.00528557 0.999986 0.0348219 0.0693609 -0.216443
FixedParameters: 0 0 0

#Transform 134
Transform: AffineTransform_float_3_3
Parameters: 1 7.34798e-05 -0.000500492 -7.04797e-05 0.999983 0.00580067 0.000500826 -0.00580076 0.999983 0.0335924 0.0432669 -0.201868
FixedParameters: 0 0 0

#Transform 135
Transform: AffineTransform_float_3_3
Parameters: 1 0.000154518 -0.000592951 -0.000150877 0.999983 0.00593478 0.00059332 -0.00593481 0.999982 0.0253891 0.0507072 -0.20196
FixedParameters: 0 0 0

#Transform 136
Transform: AffineTransform_float_3_3
Parameters: 1 0.00019834 -0.000545415 -0.000194219 0.99998 0.00641952 0.000546914 -0.00641948 0.99998 0.0256447 0.0534752 -0.220614
FixedParameters: 0 0 0

#Transform 137
Transform: AffineTransform_float_3_3
Parameters: 1 0.000264597 -0.000577663 -0.000260732 0.99998 0.00631465 0.000579277 -0.00631456 0.99998 0.0239618 0.0501369 -0.237322
FixedParameters: 0 0 0

#Transform 138
Transform: AffineTransform_float_3_3
Parameters: 1 0.000196087 -0.000570541 -0.000192984 0.999984 0.0056577 0.000571559 -0.00565769 0.999984 0.0224502 0.0208006 -0.201583
FixedParameters: 0 0 0

#Transform 139
Transform: AffineTransform_float_3_3
Parameters: 1 0.000254377 -0.00059146 -0.000250999 0.999984 0.00568679 0.00059315 -0.0056867 0.999983 0.0265762 0.0347899 -0.246098
FixedParameters: 0 0 0

#Transform 140
Transform: AffineTransform_float_3_3
Parameters: 1 0.000252067 -0.000583112 -0.0002487 0.999984 0.00577622 0.000584692 -0.00577614 0.999983 0.0259828 0.0159574 -0.218877
FixedParameters: 0 0 0

#Transform 141
Transform: AffineTransform_float_3_3
Parameters: 0.999999 0.000265824 -0.000736996 -0.000261728 0.999982 0.00602128 0.000738486 -0.0060212 0.999981 0.0313872 0.03971 -0.231879
FixedParameters: 0 0 0

#Transform 142
Transform: AffineTransform_float_3_3
Parameters: 0.999999 0.000301973 -0.000756683 -0.00029662 0.999981 0.00616914 0.00075799 -0.00616895 0.99998 0.0274413 0.0450275 -0.261375
FixedParameters: 0 0 0

#Transform 143
Transform: AffineTransform_float_3_3
Parameters: 0.999999 0.000277539 -0.000737078 -0.000273148 0.999981 0.00624903 0.000738573 -0.00624894 0.99998 0.0305863 0.0733819 -0.291226
FixedParameters: 0 0 0

#Transform 144
Transform: AffineTransform_float_3_3
Parameters: 1 0.000266483 -0.00071156 -0.000261751 0.999977 0.00675712 0.000712794 -0.00675705 0.999977 0.0360862 0.078216 -0.300795
FixedParameters: 0 0 0

#Transform 145
Transform: AffineTransform_float_3_3
Parameters: 1 0.000286294 -0.000709323 -0.000281828 0.999974 0.0072078 0.000711261 -0.00720776 0.999974 0.0353282 0.0511547 -0.317158
FixedParameters: 0 0 0

#Transform 146
Transform: AffineTransform_float_3_3
Parameters: 0.999999 0.000352162 -0.000741018 -0.000346723 0.999971 0.00759311 0.000743779 -0.00759296 0.999971 0.0365581 0.0563284 -0.341807
FixedParameters: 0 0 0

#Transform 147
Transform: AffineTransform_float_3_3
Parameters: 0.999999 0.000402463 -0.000764974 -0.000396815 0.999968 0.00789226 0.000767665 -0.00789206 0.999968 0.0394893 0.0200647 -0.329504
FixedParameters: 0 0 0

#Transform 148
Transform: AffineTransform_float_3_3
Parameters: 0.999999 0.000238098 -0.00100417 -0.000230875 0.999971 0.00758006 0.00100544 -0.00758044 0.999971 0.0463941 0.0427173 -0.337137
FixedParameters: 0 0 0

#Transform 149
Transform: AffineTransform_float_3_3
Parameters: 1 0.000192408 -0.00109219 -0.000184435 0.999971 0.00770203 0.00109344 -0.00770217 0.999969 0.0464592 0.0432787 -0.331252
FixedParameters: 0 0 0

#Transform 150
Transform: AffineTransform_float_3_3
Parameters: 1 0.000252171 -0.000992192 -0.000244348 0.999966 0.00815902 0.000994859 -0.00815845 0.999967 0.0475117 0.0439396 -0.352654
FixedParameters: 0 0 0

#Transform 151
Transform: AffineTransform_float_3_3
Parameters: 0.999999 0.000250805 -0.000918164 -0.000243007 0.999965 0.00837455 0.000920111 -0.00837457 0.999964 0.0452993 0.0521095 -0.326793
FixedParameters: 0 0 0

#Transform 152
Transform: AffineTransform_float_3_3
Parameters: 0.999999 0.000226421 -0.000716284 -0.000219894 0.99996 0.00895344 0.000717686 -0.0089535 0.999959 0.0509428 0.0434714 -0.361349
FixedParameters: 0 0 0

#Transform 153
Transform: AffineTransform_float_3_3
Parameters: 0.999999 0.000183808 -0.000748756 -0.000176984 0.99996 0.0089248 0.000750763 -0.00892491 0.99996 0.0536938 0.0331935 -0.390393
FixedParameters: 0 0 0

#Transform 154
Transform: AffineTransform_float_3_3
Parameters: 0.999999 0.000235543 -0.000765067 -0.00022882 0.999959 0.00905455 0.000767116 -0.00905463 0.999958 0.0460191 0.0483363 -0.346216
FixedParameters: 0 0 0

#Transform 155
Transform: AffineTransform_float_3_3
Parameters: 1 0.000315332 -0.000663294 -0.000309647 0.999959 0.00909099 0.000666155 -0.00909002 0.999959 0.0446391 0.0656859 -0.379694
FixedParameters: 0 0 0

#Transform 156
Transform: AffineTransform_float_3_3
Parameters: 1 0.000326538 -0.000681239 -0.000321394 0.999961 0.00879594 0.000683662 -0.00879593 0.999961 0.0472046 0.075221 -0.414031
FixedParameters: 0 0 0

#Transform 157
Transform: AffineTransform_float_3_3
Parameters: 0.999999 0.000224897 -0.00073371 -0.000218662 0.999963 0.0085309 0.000735323 -0.00853002 0.999963 0.0491727 0.0448925 -0.394984
FixedParameters: 0 0 0

#Transform 158
Transform: AffineTransform_float_3_3
Parameters: 0.999999 0.000161551 -0.000723671 -0.000155237 0.999966 0.008234 0.000725276 -0.0082341 0.999966 0.0468174 0.0690216 -0.363055
FixedParameters: 0 0 0

#Transform 159
Transform: AffineTransform_float_3_3
Parameters: 1 0.000205362 -0.000624821 -0.000200707 0.999968 0.00803618 0.000625863 -0.00803531 0.999968 0.0417277 0.0232777 -0.326024
FixedParameters: 0 0 0

#Transform 160
Transform: AffineTransform_float_3_3
Parameters: 1 0.00023326 -0.000632626 -0.000228876 0.999965 0.00835849 0.000634545 -0.00835858 0.999965 0.0437844 0.049295 -0.360926
FixedParameters: 0 0 0

#Transform 161
Transform: AffineTransform_float_3_3
Parameters: 1 0.000287889 -0.000554103 -0.000283301 0.999964 0.00848409 0.000557118 -0.00848405 0.999964 0.0436352 0.0479482 -0.380831
FixedParameters: 0 0 0

#Transform 162
Transform: AffineTransform_float_3_3
Parameters: 1 0.000254186 -0.000634548 -0.000249379 0.999962 0.00871391 0.000636602 -0.00871397 0.999962 0.044763 0.0369653 -0.383237
FixedParameters: 0 0 0

#Transform 163
Transform: AffineTransform_float_3_3
Parameters: 1 0.000256852 -0.000637163 -0.000251214 0.999962 0.00869172 0.000638676 -0.00869173 0.999962 0.0443642 0.0342037 -0.36661
FixedParameters: 0 0 0

#Transform 164
Transform: AffineTransform_float_3_3
Parameters: 1 0.00025129 -0.000632342 -0.000245701 0.999962 0.00872018 0.000633773 -0.0087202 0.999962 0.0458481 0.0426635 -0.382157
FixedParameters: 0 0 0

#Transform 165
Transform: AffineTransform_float_3_3
Parameters: 1 0.000194809 -0.000599532 -0.000189403 0.999964 0.00855282 0.000600857 -0.00855288 0.999964 0.048292 0.0417263 -0.389828
FixedParameters: 0 0 0

#Transform 166
Transform: AffineTransform_float_3_3
Parameters: 1 0.000220615 -0.000631972 -0.000215678 0.999967 0.00812886 0.000633265 -0.00812891 0.999967 0.0437648 0.0548998 -0.372503
FixedParameters: 0 0 0

#Transform 167
Transform: AffineTransform_float_3_3
Parameters: 1 0.00026701 -0.000524019 -0.000262666 0.999968 0.00793002 0.000526372 -0.00792904 0.999969 0.0438253 0.0673184 -0.386677
FixedParameters: 0 0 0

#Transform 168
Transform: AffineTransform_float_3_3
Parameters: 1 0.000203103 -0.000628816 -0.000198496 0.999969 0.00787546 0.000629985 -0.00787553 0.999969 0.0461891 0.0630027 -0.391982
FixedParameters: 0 0 0

#Transform 169
Transform: AffineTransform_float_3_3
Parameters: 1 0.000208126 -0.000628288 -0.000203404 0.999968 0.00798939 0.000629452 -0.00798946 0.999968 0.048559 0.0627105 -0.39519
FixedParameters: 0 0 0

#Transform 170
Transform: AffineTransform_float_3_3
Parameters: 1 0.000207211 -0.000527554 -0.000202719 0.999968 0.00804411 0.000528874 -0.00804319 0.999968 0.0453041 0.0402116 -0.388085
FixedParameters: 0 0 0

#Transform 171
Transform: AffineTransform_float_3_3
Parameters: 1 0.000119394 -0.000587748 -0.000114586 0.999972 0.00740779 0.000588153 -0.00740694 0.999972 0.0411732 0.030368 -0.316647
FixedParameters: 0 0 0

#Transform 172
Transform: AffineTransform_float_3_3
Parameters: 1 0.000145514 -0.000493283 -0.000141685 0.999977 0.00687144 0.000493846 -0.00687147 0.999977 0.0404124 0.00361324 -0.299314
FixedParameters: 0 0 0

#Transform 173
Transform: AffineTransform_float_3_3
Parameters: 1 8.82339e-05 -0.000582827 -8.39215e-05 0.999976 0.00693334 0.000583179 -0.00693346 0.999976 0.0434541 0.0050231 -0.310281
FixedParameters: 0 0 0

#Transform 174
Transform: AffineTransform_float_3_3
Parameters: 1 0.000119591 -0.000587777 -0.000114779 0.999972 0.00741078 0.000588186 -0.00740994 0.999972 0.0439402 0.0163431 -0.319523
FixedParameters: 0 0 0

#Transform 175
Transform: AffineTransform_float_3_3
Parameters: 1 9.36796e-05 -0.000583712 -8.92793e-05 0.999976 0.00701616 0.000584024 -0.00701628 0.999975 0.0416498 0.00289891 -0.323437
FixedParameters: 0 0 0

#Transform 176
Transform: AffineTransform_float_3_3
Parameters: 1 0.000137098 -0.000491047 -0.000133413 0.999978 0.00673471 0.000491589 -0.00673475 0.999977 0.0421024 0.0330947 -0.356945
FixedParameters: 0 0 0

#Transform 177
Transform: AffineTransform_float_3_3
Parameters: 1 0.000133805 -0.000589977 -0.000129492 0.999971 0.0076258 0.000591063 -0.00762592 0.999971 0.049965 0.0663057 -0.419246
FixedParameters: 0 0 0

#Transform 178
Transform: AffineTransform_float_3_3
Parameters: 1 0.000157509 -0.000593696 -0.000152774 0.999968 0.00798603 0.000594863 -0.00798612 0.999968 0.0503562 0.0507431 -0.422517
FixedParameters: 0 0 0

#Transform 179
Transform: AffineTransform_float_3_3
Parameters: 1 0.000180296 -0.000597263 -0.000175151 0.999965 0.00833229 0.000598523 -0.00833236 0.999965 0.0516712 0.0619874 -0.444569
FixedParameters: 0 0 0

#Transform 180
Transform: AffineTransform_float_3_3
Parameters: 1 0.000184504 -0.000597883 -0.000179272 0.999964 0.00839614 0.000599236 -0.00839621 0.999964 0.0519531 0.0442844 -0.44578
FixedParameters: 0 0 0

#Transform 181
Transform: AffineTransform_float_3_3
Parameters: 1 0.00022587 -0.00053045 -0.000220447 0.999966 0.00832707 0.000532708 -0.00832703 0.999965 0.0532009 0.0488635 -0.468768
FixedParameters: 0 0 0

#Transform 182
Transform: AffineTransform_float_3_3
Parameters: 1 0.00023547 -0.000546507 -0.000230901 0.999963 0.00861082 0.000548562 -0.00861086 0.999963 0.053797 0.0473403 -0.477667
FixedParameters: 0 0 0

#Transform 183
Transform: AffineTransform_float_3_3
Parameters: 1 0.000192123 -0.00059907 -0.000186752 0.999963 0.0085119 0.000600464 -0.00851195 0.999963 0.0525714 0.0294425 -0.452899
FixedParameters: 0 0 0

#Transform 184
Transform: AffineTransform_float_3_3
Parameters: 1 0.000206702 -0.000601344 -0.000201067 0.999962 0.00873342 0.000602814 -0.00873347 0.999961 0.0540621 0.0384154 -0.477068
FixedParameters: 0 0 0

#Transform 185
Transform: AffineTransform_float_3_3
Parameters: 1 0.000180045 -0.000506581 -0.000176387 0.999964 0.00842485 0.000507785 -0.00842402 0.999964 0.0542091 0.0508174 -0.485878
FixedParameters: 0 0 0

#Transform 186
Transform: AffineTransform_float_3_3
Parameters: 1 0.000257529 -0.000527117 -0.000253185 0.999962 0.00873085 0.000529485 -0.00873087 0.999962 0.0559973 0.0541395 -0.513536
FixedParameters: 0 0 0

#Transform 187
Transform: AffineTransform_float_3_3
Parameters: 1 0.000226666 -0.000604464 -0.000220671 0.999959 0.00903678 0.000606026 -0.0090368 0.999959 0.0574599 0.049071 -0.530529
FixedParameters: 0 0 0

#Transform 188
Transform: AffineTransform_float_3_3
Parameters: 1 0.000153163 -0.000558943 -0.000148134 0.999961 0.00889967 0.000559274 -0.00889979 0.99996 0.0581252 0.0516246 -0.543334
FixedParameters: 0 0 0

#Transform 189
Transform: AffineTransform_float_3_3
Parameters: 1 1.18642e-05 -0.000633265 -6.99534e-06 0.999969 0.00781411 0.000633644 -0.00781344 0.999969 0.0602739 0.0433671 -0.474307
FixedParameters: 0 0 0
