#Insight Transform File V1.0
#Transform 0
Transform: AffineTransform_float_3_3
Parameters: 1 -0.00017804 -0.00023394 0.000177949 1 -0.00019532 0.00023401 0.000195237 1 0.00766019 0.0244364 0.0994513
FixedParameters: 0 0 0

#Transform 1
Transform: AffineTransform_float_3_3
Parameters: 1 -0.000315882 2.7775e-05 0.000315913 1 -0.00055836 -2.74222e-05 0.000558377 1 0.012687 0.0261125 0.0510147
FixedParameters: 0 0 0

#Transform 2
Transform: AffineTransform_float_3_3
Parameters: 1 -0.000287016 0.000190022 0.000287129 1 -0.000294927 -0.000189853 0.000295036 1 0.0196765 0.0516515 0.0232292
FixedParameters: 0 0 0

#Transform 3
Transform: AffineTransform_float_3_3
Parameters: 1 -0.000350317 0.000214964 0.000350682 0.999999 -0.000851731 -0.000214367 0.000851881 0.999999 0.0234708 0.0330153 0.0184495
FixedParameters: 0 0 0

#Transform 4
Transform: AffineTransform_float_3_3
Parameters: 1 -0.000312092 0.00021342 0.000312146 1 -0.00012467 -0.000213342 0.000124804 1 0.0140502 0.0109835 0.0490772
FixedParameters: 0 0 0

#Transform 5
Transform: AffineTransform_float_3_3
Parameters: 1 -0.000444827 0.000164951 0.00044469 1 0.000417644 -0.000165322 -0.000417498 1 0.00653449 0.050098 0.0328045
FixedParameters: 0 0 0

#Transform 6
Transform: AffineTransform_float_3_3
Parameters: 1 -0.000495334 8.59127e-05 0.000495187 0.999999 0.000853025 -8.67576e-05 -0.00085294 0.999999 0.0032692 0.0502845 0.0318531
FixedParameters: 0 0 0

#Transform 7
Transform: AffineTransform_float_3_3
Parameters: 0.999999 2.7959e-05 0.000818571 -2.80699e-05 1 0.000923062 -0.000818464 -0.000923359 1 0.00718657 0.0392584 -0.00265648
FixedParameters: 0 0 0

#Transform 8
Transform: AffineTransform_float_3_3
Parameters: 0.999999 0.000412116 0.000867697 -0.000412148 0.999999 3.6269e-05 -0.000867724 -3.73271e-05 1 0.00439535 0.0216518 -0.0313944
FixedParameters: 0 0 0

#Transform 9
Transform: AffineTransform_float_3_3
Parameters: 1 -5.07279e-05 0.000349821 5.05445e-05 0.999999 0.000307955 -0.00034991 -0.000308263 1 0.000516012 0.0274856 0.0589972
FixedParameters: 0 0 0

#Transform 10
Transform: AffineTransform_float_3_3
Parameters: 0.999999 0.000511581 0.000597188 -0.00051167 1 7.47829e-05 -0.000597112 -7.53939e-05 1 -0.00440681 -0.050527 0.0118319
FixedParameters: 0 0 0

#Transform 11
Transform: AffineTransform_float_3_3
Parameters: 1 0.000382392 3.82644e-05 -0.000382363 1 -0.000376316 -3.85522e-05 0.000376287 1 -0.00705729 0.0211419 0.0796322
FixedParameters: 0 0 0

#Transform 12
Transform: AffineTransform_float_3_3
Parameters: 1 -6.9608e-06 -0.000312554 6.84815e-06 1 -0.0001802 0.000312557 0.000180196 1 -0.000224245 0.0798665 0.0284089
FixedParameters: 0 0 0

#Transform 13
Transform: AffineTransform_float_3_3
Parameters: 1 -0.0001636 -0.000206171 0.000163491 1 -0.000264113 0.000206257 0.000264045 1 0.00248524 0.0662821 0.052287
FixedParameters: 0 0 0

#Transform 14
Transform: AffineTransform_float_3_3
Parameters: 1 -9.36592e-05 6.1223e-05 9.37718e-05 0.999999 -0.000921261 -6.10504e-05 0.000921272 0.999999 -0.00608924 0.0171901 0.0466649
FixedParameters: 0 0 0

#Transform 15
Transform: AffineTransform_float_3_3
Parameters: 1 -2.92084e-05 0.000102307 2.92929e-05 1 -0.000412926 -0.000102283 0.000412932 1 0.00380588 0.0810413 0.0123714
FixedParameters: 0 0 0

#Transform 16
Transform: AffineTransform_float_3_3
Parameters: 1 -6.17577e-05 0.000155432 6.18652e-05 1 -0.000346102 -0.000155389 0.000346121 1 -0.00486917 -0.0151647 0.0816296
FixedParameters: 0 0 0

#Transform 17
Transform: AffineTransform_float_3_3
Parameters: 1 -2.85109e-05 4.65151e-05 2.85893e-05 0.999999 -0.000842488 -4.6467e-05 0.00084249 0.999999 -0.0121203 0.0207013 0.0286815
FixedParameters: 0 0 0

#Transform 18
Transform: AffineTransform_float_3_3
Parameters: 1 0.000256351 -0.00026422 -0.000256405 1 -0.000102591 0.000264167 0.000102727 1 -0.00936004 0.0157404 0.0576577
FixedParameters: 0 0 0

#Transform 19
Transform: AffineTransform_float_3_3
Parameters: 1 -6.63434e-05 3.39012e-05 6.63556e-05 1 -0.000179718 -3.38774e-05 0.000179722 1 0.00187263 -0.0158673 0.0608404
FixedParameters: 0 0 0

#Transform 20
Transform: AffineTransform_float_3_3
Parameters: 1 -0.000146449 0.000453544 0.000146485 1 -0.00066815 -0.00045416 0.000668237 0.999999 0.00347036 0.0134422 0.0116416
FixedParameters: 0 0 0

#Transform 21
Transform: AffineTransform_float_3_3
Parameters: 1 9.53793e-05 0.000123266 -9.54102e-05 1 0.000125337 -0.000123242 -0.00012536 1 -0.0149721 0.00756919 0.044996
FixedParameters: 0 0 0

#Transform 22
Transform: AffineTransform_float_3_3
Parameters: 1 0.000215356 0.000331849 -0.000215199 1 -0.000236137 -0.000331951 0.000235994 1 -0.00760708 0.000376282 0.0462165
FixedParameters: 0 0 0

#Transform 23
Transform: AffineTransform_float_3_3
Parameters: 1 -3.67783e-06 0.000280167 4.13708e-06 0.999999 -0.000819608 -0.000280161 0.00081961 0.999999 0.00445714 0.0371603 0.00618884
FixedParameters: 0 0 0

#Transform 24
Transform: AffineTransform_float_3_3
Parameters: 1 -3.32462e-05 0.000172991 3.35777e-05 1 -0.00101823 -0.000173053 0.00101824 1 0.00728721 0.0223419 0.00140897
FixedParameters: 0 0 0

#Transform 25
Transform: AffineTransform_float_3_3
Parameters: 1 -0.000134965 1.78479e-05 0.000134419 1 -0.000683552 -1.84758e-05 0.000683511 0.999999 0.00707312 0.0452695 0.0520595
FixedParameters: 0 0 0

#Transform 26
Transform: AffineTransform_float_3_3
Parameters: 1 -0.00011475 -0.000133799 0.000114673 1 -0.000289574 0.000133866 0.000289543 1 0.002233 0.00993978 0.0649071
FixedParameters: 0 0 0

#Transform 27
Transform: AffineTransform_float_3_3
Parameters: 1 0.000134567 8.51611e-05 -0.000134536 1 -0.000181274 -8.52099e-05 0.000181251 1 -0.00428206 0.0512344 0.0224213
FixedParameters: 0 0 0

#Transform 28
Transform: AffineTransform_float_3_3
Parameters: 1 -6.18494e-05 0.000114852 6.20677e-05 0.999999 -0.000950831 -0.000114734 0.000950846 0.999999 0.00647143 0.0489192 0.0202552
FixedParameters: 0 0 0

#Transform 29
Transform: AffineTransform_float_3_3
Parameters: 1 -0.000320264 -8.30677e-05 0.000320964 0.999999 -0.000710548 8.29545e-05 0.000710542 0.999999 0.0125794 0.0649268 0.0529242
FixedParameters: 0 0 0

#Transform 30
Transform: AffineTransform_float_3_3
Parameters: 1 -1.66915e-05 2.27301e-05 1.67119e-05 1 -0.000449654 -2.27151e-05 0.000449654 1 -0.0059046 -0.00578731 0.0763118
FixedParameters: 0 0 0

#Transform 31
Transform: AffineTransform_float_3_3
Parameters: 1 -3.80513e-05 0.000199848 3.81901e-05 1 -0.000347185 -0.000199822 0.0003472 1 -0.00751979 0.0360598 0.0477397
FixedParameters: 0 0 0

#Transform 32
Transform: AffineTransform_float_3_3
Parameters: 1 -5.75243e-05 0.000129002 5.77329e-05 0.999999 -0.000808657 -0.000128909 0.000808672 0.999999 0.0120579 0.041126 -0.00624531
FixedParameters: 0 0 0

#Transform 33
Transform: AffineTransform_float_3_3
Parameters: 1 -0.000221942 0.000334425 0.000222054 1 -0.000168362 -0.00033435 0.000168511 1 0.00378459 0.0554924 0.000776003
FixedParameters: 0 0 0

#Transform 34
Transform: AffineTransform_float_3_3
Parameters: 1 -0.000143494 0.000102627 0.000143515 1 -0.000102801 -0.000102598 0.000102831 1 -0.00452392 0.0590256 0.0413098
FixedParameters: 0 0 0

#Transform 35
Transform: AffineTransform_float_3_3
Parameters: 1 -0.000108216 0.000240295 0.000107112 1 -0.000592799 -0.00024041 0.000592758 1 0.00198358 0.0422716 -0.00243296
FixedParameters: 0 0 0

#Transform 36
Transform: AffineTransform_float_3_3
Parameters: 1 8.47817e-06 0.000474998 -8.21959e-06 1 -0.000272191 -0.000475002 0.000272183 1 0.00503181 0.0545756 -0.0644176
FixedParameters: 0 0 0

#Transform 37
Transform: AffineTransform_float_3_3
Parameters: 1 6.85988e-06 0.000616197 -7.25381e-06 1 0.00031965 -0.000616193 -0.000319658 1 0.00247366 0.0347676 -0.0538499
FixedParameters: 0 0 0

#Transform 38
Transform: AffineTransform_float_3_3
Parameters: 1 6.95791e-05 0.000467406 -6.94482e-05 0.999999 0.000734936 -0.000467873 -0.000734954 0.999999 -0.000150334 0.0232946 -0.0417942
FixedParameters: 0 0 0

#Transform 39
Transform: AffineTransform_float_3_3
Parameters: 1 0.000202165 0.000524764 -0.000201487 1 0.000133543 -0.000525279 -0.000133708 1 0.00430642 -0.0030653 -0.0596833
FixedParameters: 0 0 0

#Transform 40
Transform: AffineTransform_float_3_3
Parameters: 1 0.000288232 0.000398626 -0.000288333 1 0.000126552 -0.000398553 -0.000126782 1 0.000501188 0.0200578 -0.048549
FixedParameters: 0 0 0

#Transform 41
Transform: AffineTransform_float_3_3
Parameters: 1 0.000294643 0.000450365 -0.000294383 1 -0.000288233 -0.000450535 0.000287968 1 0.00199277 0.0566152 -0.0806152
FixedParameters: 0 0 0

#Transform 42
Transform: AffineTransform_float_3_3
Parameters: 1 -0.000385379 -0.000222337 0.000384912 1 -0.00100252 0.000222979 0.00100235 1 -0.00683189 0.0052082 -0.0148959
FixedParameters: 0 0 0

#Transform 43
Transform: AffineTransform_float_3_3
Parameters: 1 -0.00033186 7.1577e-05 0.000331976 0.999999 -0.000813401 -7.1037e-05 0.000813449 0.999999 0.00121715 0.0824613 -0.00125971
FixedParameters: 0 0 0

#Transform 44
Transform: AffineTransform_float_3_3
Parameters: 1 -8.50239e-05 0.000267075 8.52988e-05 1 -0.000514773 -0.000266988 0.000514818 1 -0.0104532 0.044512 -0.00241295
FixedParameters: 0 0 0

#Transform 45
Transform: AffineTransform_float_3_3
Parameters: 1 0.000281349 1.30142e-05 -0.000281336 1 -0.000463182 -1.32748e-05 0.000463175 1 -0.0115768 0.0370245 0.0362229
FixedParameters: 0 0 0

#Transform 46
Transform: AffineTransform_float_3_3
Parameters: 1 -0.000314782 -0.000151139 0.000314253 0.999998 -0.0016758 0.000152063 0.0016757 0.999998 -0.0084729 0.0376147 -0.0610347
FixedParameters: 0 0 0

#Transform 47
Transform: AffineTransform_float_3_3
Parameters: 1 -0.000399311 -0.000179416 0.0003997 1 -0.00113639 0.000179625 0.00113629 1 -0.00127375 0.0199934 0.0134993
FixedParameters: 0 0 0

#Transform 48
Transform: AffineTransform_float_3_3
Parameters: 1 -0.000281054 9.41443e-05 0.000281241 1 -0.00110711 -9.36516e-05 0.00110716 1 -0.00204675 0.0268756 0.00960653
FixedParameters: 0 0 0

#Transform 49
Transform: AffineTransform_float_3_3
Parameters: 1 -3.40173e-05 0.000471447 3.40225e-05 0.999999 -0.000945474 -0.000470911 0.000946395 1 -0.00259756 0.0323825 -0.00284755
FixedParameters: 0 0 0

#Transform 50
Transform: AffineTransform_float_3_3
Parameters: 1 -9.36833e-05 0.00040046 9.36e-05 1 -0.000608038 -0.000401158 0.000608068 0.999999 0.00863446 0.0539034 -0.094687
FixedParameters: 0 0 0

#Transform 51
Transform: AffineTransform_float_3_3
Parameters: 1 -0.000105387 0.000499685 0.000105519 1 -0.000972022 -0.000499041 0.000972079 1 -0.00138707 -0.035974 -0.00845957
FixedParameters: 0 0 0

#Transform 52
Transform: AffineTransform_float_3_3
Parameters: 1 -2.30099e-05 0.0004346 2.24802e-05 1 -0.00101223 -0.000434927 0.00101216 1 0.00288911 0.0471445 -0.0460397
FixedParameters: 0 0 0

#Transform 53
Transform: AffineTransform_float_3_3
Parameters: 1 1.26165e-05 0.000496844 -1.25766e-05 1 -0.000614004 -0.000497671 0.000613946 0.999999 -0.00609522 -0.0545756 -0.0111837
FixedParameters: 0 0 0

#Transform 54
Transform: AffineTransform_float_3_3
Parameters: 1 9.77849e-06 0.000252229 -9.46756e-06 1 -0.000616341 -0.000252241 0.000616336 1 0.00287572 0.0609979 -0.0793137
FixedParameters: 0 0 0

#Transform 55
Transform: AffineTransform_float_3_3
Parameters: 1 -0.000492891 -9.38719e-05 0.000493512 1 -0.00094396 9.41043e-05 0.000943913 1 -0.00338443 0.0122343 -0.0194714
FixedParameters: 0 0 0

#Transform 56
Transform: AffineTransform_float_3_3
Parameters: 1 -0.000137458 0.000361606 0.000137488 1 -4.13275e-05 -0.000361595 4.1427e-05 1 0.00777418 0.0465847 -0.0802285
FixedParameters: 0 0 0

#Transform 57
Transform: AffineTransform_float_3_3
Parameters: 1 -0.000573207 -0.00020218 0.000573369 1 0.000401962 0.000201719 -0.000402194 1 5.52018e-05 0.0323893 -0.0334627
FixedParameters: 0 0 0

#Transform 58
Transform: AffineTransform_float_3_3
Parameters: 0.999999 -0.000771953 -0.00029271 0.000772005 0.999999 8.91578e-05 0.000292572 -8.96096e-05 1 0.00586897 0.06132 -0.0332777
FixedParameters: 0 0 0

#Transform 59
Transform: AffineTransform_float_3_3
Parameters: 1 -0.000534198 0.000203429 0.000534036 1 0.000398855 -0.000203855 -0.000398637 1 0.0051099 -0.0175802 -0.042426
FixedParameters: 0 0 0

#Transform 60
Transform: AffineTransform_float_3_3
Parameters: 1 -0.000332021 0.000120902 0.000331942 1 0.00032461 -0.000121117 -0.00032453 1 0.0148836 0.00873717 -0.0447606
FixedParameters: 0 0 0

#Transform 61
Transform: AffineTransform_float_3_3
Parameters: 1 5.14174e-05 0.000491804 -5.25647e-05 1 0.0011452 -0.000491815 -0.00114526 0.999999 0.0087265 -0.0189543 0.012598
FixedParameters: 0 0 0

#Transform 62
Transform: AffineTransform_float_3_3
Parameters: 1 -0.000206586 0.000304055 0.000206134 0.999999 0.000743276 -0.000304362 -0.00074315 0.999999 0.0167014 -0.0358005 -0.013751
FixedParameters: 0 0 0

#Transform 63
Transform: AffineTransform_float_3_3
Parameters: 1 -0.00016839 0.000158946 0.000168114 1 0.00101638 -0.000159321 -0.00101726 0.999999 0.0174544 0.014664 -0.0253238
FixedParameters: 0 0 0

#Transform 64
Transform: AffineTransform_float_3_3
Parameters: 1 3.2704e-06 0.000434448 -3.1674e-06 0.999999 0.000913188 -0.000435102 -0.000914424 1 0.00762038 -0.0281227 0.0131971
FixedParameters: 0 0 0

#Transform 65
Transform: AffineTransform_float_3_3
Parameters: 0.999999 -0.000633445 -0.000369434 0.000633649 1 0.000275749 0.000369085 -0.000276217 1 0.0142942 0.0273013 -0.0456924
FixedParameters: 0 0 0

#Transform 66
Transform: AffineTransform_float_3_3
Parameters: 1 -0.000250905 0.000222827 0.000250557 0.999999 0.000780392 -0.000223219 -0.00078028 0.999999 0.0179524 0.0108391 -0.0358804
FixedParameters: 0 0 0

#Transform 67
Transform: AffineTransform_float_3_3
Parameters: 1 0.000122719 0.000451962 -0.000122524 1 0.000689196 -0.000452362 -0.00068926 0.999999 -0.00208375 0.00586183 0.00996811
FixedParameters: 0 0 0

#Transform 68
Transform: AffineTransform_float_3_3
Parameters: 1 -0.000125688 0.000314124 0.000125656 0.999999 -0.000856391 -0.00031472 0.000856425 0.999999 0.0057656 -0.0249715 -0.0317823
FixedParameters: 0 0 0

#Transform 69
Transform: AffineTransform_float_3_3
Parameters: 1 0.000147598 0.000604303 -0.000147633 1 2.86614e-05 -0.000604294 -2.88398e-05 1 0.00657619 0.0306685 -0.0314048
FixedParameters: 0 0 0

#Transform 70
Transform: AffineTransform_float_3_3
Parameters: 1 -0.000349368 -0.000169148 0.000349386 1 5.30309e-05 0.000169111 -5.31491e-05 1 -0.00201818 -0.0113659 0.0476566
FixedParameters: 0 0 0

#Transform 71
Transform: AffineTransform_float_3_3
Parameters: 1 -0.000484353 -0.000368341 0.000484301 1 -6.96482e-05 0.000368408 6.92914e-05 1 0.00577551 -0.013149 0.0205091
FixedParameters: 0 0 0

#Transform 72
Transform: AffineTransform_float_3_3
Parameters: 1 -0.000508208 -0.000119823 0.000508276 1 0.000285388 0.000119533 -0.000285509 1 0.00102933 0.0228659 -0.00552834
FixedParameters: 0 0 0

#Transform 73
Transform: AffineTransform_float_3_3
Parameters: 1 -0.000556521 -1.85866e-05 0.000556497 1 0.00022818 1.83902e-05 -0.000227857 0.999999 0.0062179 -0.0041419 -0.0420119
FixedParameters: 0 0 0

#Transform 74
Transform: AffineTransform_float_3_3
Parameters: 0.999999 -0.000754621 -4.16277e-05 0.000754596 1 8.04886e-05 4.15639e-05 -8.02085e-05 1 0.00159325 0.0169742 0.0319056
FixedParameters: 0 0 0

#Transform 75
Transform: AffineTransform_float_3_3
Parameters: 1 -0.00051458 4.09564e-05 0.000515446 0.999999 -0.000591299 -4.09161e-05 0.000591389 1 0.0120166 0.016938 0.0147883
FixedParameters: 0 0 0

#Transform 76
Transform: AffineTransform_float_3_3
Parameters: 1 -0.000675202 5.3473e-05 0.000674697 0.999999 -0.000615845 -5.34537e-05 0.000615872 1 0.018989 0.0175071 0.00921619
FixedParameters: 0 0 0

#Transform 77
Transform: AffineTransform_float_3_3
Parameters: 0.999999 -0.000804577 0.000172639 0.000804622 0.999999 -0.000129986 -0.00017243 0.000130264 1 0.00626885 0.0379013 0.0100558
FixedParameters: 0 0 0

#Transform 78
Transform: AffineTransform_float_3_3
Parameters: 0.999999 -0.000846998 0.000197315 0.000847021 0.999999 -5.97882e-05 -0.000197213 6.01224e-05 1 0.015932 0.0490924 0.0025109
FixedParameters: 0 0 0

#Transform 79
Transform: AffineTransform_float_3_3
Parameters: 0.999999 -0.00100721 -7.22412e-05 0.00100719 0.999999 9.66018e-05 7.21042e-05 -9.64043e-05 1 0.0183164 0.0281139 0.0265321
FixedParameters: 0 0 0

#Transform 80
Transform: AffineTransform_float_3_3
Parameters: 1 -0.000680014 0.000122392 0.00068001 1 1.46425e-05 -0.000122412 -1.44761e-05 1 0.0093591 0.00771313 0.0395557
FixedParameters: 0 0 0

#Transform 81
Transform: AffineTransform_float_3_3
Parameters: 0.999999 -0.000706095 0.000211147 0.000706029 1 8.01416e-05 -0.000211202 -7.95005e-05 0.999999 0.00374115 0.0353194 0.00798301
FixedParameters: 0 0 0

#Transform 82
Transform: AffineTransform_float_3_3
Parameters: 0.999999 -0.000833743 0.000110154 0.000833691 1 8.73557e-05 -0.000110242 -8.68291e-05 1 0.0107144 -0.00717357 -0.0270934
FixedParameters: 0 0 0

#Transform 83
Transform: AffineTransform_float_3_3
Parameters: 1 -0.000584196 0.000300301 0.000584152 1 7.34791e-05 -0.000300387 -7.31282e-05 1 0.00682556 0.0277127 0.0248898
FixedParameters: 0 0 0

#Transform 84
Transform: AffineTransform_float_3_3
Parameters: 0.999999 -0.000746482 0.000214921 0.000746355 0.999999 0.000294616 -0.00021536 -0.000294295 1 0.00324551 0.00341204 -0.00482636
FixedParameters: 0 0 0

#Transform 85
Transform: AffineTransform_float_3_3
Parameters: 0.999999 -0.000687041 0.000150822 0.000686539 0.999999 0.000736637 -0.000150395 -0.000736089 0.999999 0.0197441 -0.0166338 -0.04078
FixedParameters: 0 0 0

#Transform 86
Transform: AffineTransform_float_3_3
Parameters: 0.999999 -0.000627296 -0.000433098 0.000627686 1 0.000851039 0.000433371 -0.000850305 0.999999 0.00507733 -0.0222069 0.00900871
FixedParameters: 0 0 0

#Transform 87
Transform: AffineTransform_float_3_3
Parameters: 0.999999 -0.000759361 -0.00038221 0.000759447 0.999999 -0.00086725 0.000382862 0.000867653 1 -0.00317102 0.0436225 -0.019664
FixedParameters: 0 0 0

#Transform 88
Transform: AffineTransform_float_3_3
Parameters: 1 -0.000350943 0.000134926 0.000350944 1 -3.71736e-06 -0.000134923 3.81206e-06 1 0.00368229 -0.0221926 0.0486714
FixedParameters: 0 0 0

#Transform 89
Transform: AffineTransform_float_3_3
Parameters: 0.999999 -0.000672841 0.000193499 0.000671796 1 0.000704941 -0.000193912 -0.000705666 1 0.00427051 0.00218418 -0.0228005
FixedParameters: 0 0 0

#Transform 90
Transform: AffineTransform_float_3_3
Parameters: 1 -3.24756e-05 0.000603747 3.21901e-05 1 0.000896389 -0.000604503 -0.000896304 1 0.0077544 0.0155819 0.00209189
FixedParameters: 0 0 0

#Transform 91
Transform: AffineTransform_float_3_3
Parameters: 1 -0.000137375 0.000673084 0.000136316 0.999999 0.000786719 -0.000673299 -0.000786535 0.999999 0.0073215 -0.0071992 -0.00871109
FixedParameters: 0 0 0

#Transform 92
Transform: AffineTransform_float_3_3
Parameters: 0.999999 -0.000721906 -0.000320733 0.000721493 1 -0.000594231 0.000321648 0.000594111 0.999999 -0.000219466 -0.00114281 0.00398101
FixedParameters: 0 0 0

#Transform 93
Transform: AffineTransform_float_3_3
Parameters: 1 -0.000336439 0.000149739 0.000336383 1 0.000187912 -0.000149865 -0.000187811 1 0.0157123 0.0295582 -0.0544185
FixedParameters: 0 0 0

#Transform 94
Transform: AffineTransform_float_3_3
Parameters: 1 -0.000681437 -0.000158815 0.000681494 1 0.000178975 0.000158571 -0.000179192 1 0.00840011 0.0202408 -0.0536462
FixedParameters: 0 0 0

#Transform 95
Transform: AffineTransform_float_3_3
Parameters: 1 -0.000403427 0.000171955 0.000403278 1 0.00043205 -0.000172303 -0.000431911 1 0.0115701 0.000938086 -0.0374091
FixedParameters: 0 0 0

#Transform 96
Transform: AffineTransform_float_3_3
Parameters: 0.999999 -0.000687286 0.000288213 0.000686032 0.999999 0.000756508 -0.000288683 -0.000756159 0.999999 0.00488117 -0.0117993 -0.0257139
FixedParameters: 0 0 0

#Transform 97
Transform: AffineTransform_float_3_3
Parameters: 1 -0.000508167 0.000301263 0.000508635 1 0.000118323 -0.000300513 -0.000117628 0.999999 0.0146982 0.0134717 -0.0749896
FixedParameters: 0 0 0

#Transform 98
Transform: AffineTransform_float_3_3
Parameters: 1 -0.000580879 0.000250896 0.000580249 0.999999 0.000763195 -0.000250401 -0.000762906 0.999999 0.015524 -0.00656444 -0.0471378
FixedParameters: 0 0 0

#Transform 99
Transform: AffineTransform_float_3_3
Parameters: 1 -0.000597365 0.000239428 0.00059694 0.999999 0.000982171 -0.000240634 -0.000982822 0.999999 0.0145013 -0.00624002 -0.0321941
FixedParameters: 0 0 0

#Transform 100
Transform: AffineTransform_float_3_3
Parameters: 1 -0.000399368 0.000388018 0.000398625 0.999999 0.00101691 -0.000388863 -0.00101754 0.999999 0.0139632 -0.0130115 -0.0313592
FixedParameters: 0 0 0

#Transform 101
Transform: AffineTransform_float_3_3
Parameters: 1 -0.000375043 0.000260808 0.000374977 0.999999 0.00117981 -0.00026101 -0.00117957 1 0.0130046 -0.00579651 -0.0114244
FixedParameters: 0 0 0

#Transform 102
Transform: AffineTransform_float_3_3
Parameters: 0.999999 -0.00073665 -0.000149819 0.000736446 0.999999 -0.000678218 0.000150817 0.000677997 1 0.0126258 -0.0158739 0.0196564
FixedParameters: 0 0 0

#Transform 103
Transform: AffineTransform_float_3_3
Parameters: 1 -0.000492839 -1.11254e-05 0.000492826 0.999999 -0.000564279 1.16816e-05 0.000564268 1 0.00623247 0.0264655 0.101829
FixedParameters: 0 0 0

#Transform 104
Transform: AffineTransform_float_3_3
Parameters: 1 -0.000389036 4.1579e-05 0.000389888 1 -0.000402055 -4.18346e-05 0.000402135 1 0.00735076 0.0390396 0.0788442
FixedParameters: 0 0 0

#Transform 105
Transform: AffineTransform_float_3_3
Parameters: 1 -0.000362201 -2.18102e-05 0.000362159 1 -0.000212458 2.20216e-05 0.000212785 0.999999 0.00695945 0.0221118 0.0907229
FixedParameters: 0 0 0

#Transform 106
Transform: AffineTransform_float_3_3
Parameters: 1 -0.000248433 6.51721e-05 0.000248441 1 -5.82645e-05 -6.51432e-05 5.82969e-05 1 0.00743994 0.000462583 0.0820893
FixedParameters: 0 0 0

#Transform 107
Transform: AffineTransform_float_3_3
Parameters: 1 -0.000326221 0.000132269 0.000326241 1 -7.55137e-05 -0.00013222 7.56e-05 1 0.00609023 -0.0370699 0.105503
FixedParameters: 0 0 0

#Transform 108
Transform: AffineTransform_float_3_3
Parameters: 1 -0.000470248 0.000107619 0.000470299 1 -0.000237743 -0.000107395 0.000237844 1 0.0182376 0.00669083 0.0679264
FixedParameters: 0 0 0

#Transform 109
Transform: AffineTransform_float_3_3
Parameters: 1 -0.000508352 1.80406e-05 0.000508353 1 -3.37949e-05 -1.80063e-05 3.38132e-05 1 0.0145956 0.00949703 0.0622896
FixedParameters: 0 0 0

#Transform 110
Transform: AffineTransform_float_3_3
Parameters: 1 -0.000416578 0.000176717 0.000416458 1 0.00033976 -0.000177 -0.000339612 1 0.0114521 -0.00454092 0.0765518
FixedParameters: 0 0 0

#Transform 111
Transform: AffineTransform_float_3_3
Parameters: 1 -0.000548772 0.000308347 0.000548598 1 0.000281701 -0.000308656 -0.000281362 1 0.0130159 0.00375155 0.0684209
FixedParameters: 0 0 0

#Transform 112
Transform: AffineTransform_float_3_3
Parameters: 0.999999 -0.000769241 0.000480406 0.000768934 0.999999 0.000319118 -0.000480896 -0.000318379 1 0.015847 0.0264654 0.0526617
FixedParameters: 0 0 0

#Transform 113
Transform: AffineTransform_float_3_3
Parameters: 1 -0.000909806 0.00046584 0.000909555 1 0.000341752 -0.000466365 -0.000341841 1 0.02831 0.0430827 0.0626658
FixedParameters: 0 0 0

#Transform 114
Transform: AffineTransform_float_3_3
Parameters: 0.999999 -0.000694223 0.000530351 0.000694157 1 6.22026e-05 -0.000530436 -6.14662e-05 1 0.0262658 -0.00669654 0.0968984
FixedParameters: 0 0 0

#Transform 115
Transform: AffineTransform_float_3_3
Parameters: 1 -0.000795702 0.000671255 0.000795289 1 -6.7341e-05 -0.000671863 6.74272e-05 1 0.0288389 0.041761 0.043188
FixedParameters: 0 0 0

#Transform 116
Transform: AffineTransform_float_3_3
Parameters: 1 -0.000790872 0.000670411 0.00079093 1 7.52972e-06 -0.000670325 -7.40572e-06 1 0.0281856 0.0137136 0.0581898
FixedParameters: 0 0 0

#Transform 117
Transform: AffineTransform_float_3_3
Parameters: 0.999999 -0.000615894 0.000708764 0.000616312 1 -0.00029473 -0.0007084 0.000295604 0.999999 0.0261114 -0.0406974 0.0956127
FixedParameters: 0 0 0

#Transform 118
Transform: AffineTransform_float_3_3
Parameters: 1 -0.000660539 0.000849075 0.000660471 1 8.00938e-05 -0.000849084 -7.99086e-05 1 0.0284237 0.0648082 0.0354326
FixedParameters: 0 0 0

#Transform 119
Transform: AffineTransform_float_3_3
Parameters: 1 -0.000628233 0.000802211 0.000627295 0.999999 0.000982404 -0.000802535 -0.000982287 0.999999 0.0171676 0.0429002 0.0421559
FixedParameters: 0 0 0

#Transform 120
Transform: AffineTransform_float_3_3
Parameters: 1 -0.000597861 0.000849344 0.000596891 0.999999 0.000946843 -0.000849566 -0.000946719 0.999999 0.0221119 0.0163054 0.0582244
FixedParameters: 0 0 0

#Transform 121
Transform: AffineTransform_float_3_3
Parameters: 1 -0.000737857 0.000661233 0.000736828 0.999999 0.000828698 -0.000662358 -0.000828658 0.999999 0.0157316 0.0272445 0.0507483
FixedParameters: 0 0 0

#Transform 122
Transform: AffineTransform_float_3_3
Parameters: 0.999999 -0.000699991 0.000616712 0.000699626 0.999999 0.000296041 -0.000617126 -0.000295178 1 0.0197571 0.0288823 0.0509303
FixedParameters: 0 0 0

#Transform 123
Transform: AffineTransform_float_3_3
Parameters: 0.999999 -0.00056264 0.000762734 0.000563063 1 0.000664027 -0.000763271 -0.000664013 0.999999 0.0162471 0.0275086 0.0446632
FixedParameters: 0 0 0

#Transform 124
Transform: AffineTransform_float_3_3
Parameters: 0.999999 -0.000512209 0.000670042 0.000511204 0.999999 0.00116017 -0.000670546 -0.00115944 0.999999 0.0174588 0.02861 0.0370318
FixedParameters: 0 0 0

#Transform 125
Transform: AffineTransform_float_3_3
Parameters: 0.999999 -0.00057712 0.000542089 0.000576495 1 0.000619378 -0.000542837 -0.00061969 1 0.0110376 0.0265352 0.0649264
FixedParameters: 0 0 0

#Transform 126
Transform: AffineTransform_float_3_3
Parameters: 0.999999 -0.000522158 0.00049941 0.000521668 0.999999 0.000491497 -0.000499923 -0.000490976 1 0.0114588 0.027046 0.0597022
FixedParameters: 0 0 0

#Transform 127
Transform: AffineTransform_float_3_3
Parameters: 0.999999 -0.000626373 0.000573423 0.000625762 0.999999 0.000532233 -0.000574089 -0.000531515 0.999999 0.0125908 0.0340529 0.037872
FixedParameters: 0 0 0

#Transform 128
Transform: AffineTransform_float_3_3
Parameters: 0.999999 -0.000479801 0.000785741 0.00047914 1 0.000420679 -0.000786144 -0.000419925 0.999999 0.0124719 0.0187173 0.0307191
FixedParameters: 0 0 0

#Transform 129
Transform: AffineTransform_float_3_3
Parameters: 0.999999 -0.000435471 0.000603212 0.000434806 1 0.000551062 -0.000603691 -0.000550537 0.999999 0.00638566 0.0421044 0.0367081
FixedParameters: 0 0 0

#Transform 130
Transform: AffineTransform_float_3_3
Parameters: 1 -0.000348995 0.000385577 0.000348462 0.999999 0.000690347 -0.000386059 -0.000690078 0.999999 -0.00288481 0.00945679 0.07167
FixedParameters: 0 0 0

#Transform 131
Transform: AffineTransform_float_3_3
Parameters: 1 -0.000444363 0.000458953 0.00044359 1 0.000892353 -0.000459779 -0.000892883 0.999999 0.0015896 0.0476494 0.0411045
FixedParameters: 0 0 0

#Transform 132
Transform: AffineTransform_float_3_3
Parameters: 1 -0.00037966 0.000390673 0.00037949 1 0.000217392 -0.000390838 -0.000217095 1 0.00777691 0.0488234 0.0655282
FixedParameters: 0 0 0

#Transform 133
Transform: AffineTransform_float_3_3
Parameters: 1 -0.000300328 0.000335153 0.000300186 1 0.000211592 -0.00033528 -0.00021139 1 -0.00169104 -0.0110649 0.103173
FixedParameters: 0 0 0

#Transform 134
Transform: AffineTransform_float_3_3
Parameters: 1 -0.000289891 0.000519401 0.00028967 1 0.000212882 -0.000519524 -0.00021258 1 0.00331039 0.0739586 0.0435555
FixedParameters: 0 0 0

#Transform 135
Transform: AffineTransform_float_3_3
Parameters: 1 -0.00037966 0.000390673 0.00037949 1 0.000217392 -0.000390838 -0.000217095 1 0.00790994 0.0181488 0.077584
FixedParameters: 0 0 0

#Transform 136
Transform: AffineTransform_float_3_3
Parameters: 0.999999 -0.000399492 0.000599857 0.000398999 0.999999 0.000437751 -0.000600264 -0.000437615 1 0.00785513 0.0407833 0.0313448
FixedParameters: 0 0 0

#Transform 137
Transform: AffineTransform_float_3_3
Parameters: 0.999999 -0.000121348 0.000705552 0.0001209 0.999999 0.000744283 -0.000704978 -0.000744409 0.999999 0.00669275 0.0267897 0.0448946
FixedParameters: 0 0 0

#Transform 138
Transform: AffineTransform_float_3_3
Parameters: 1 -0.000202976 0.000613841 0.000202393 0.999999 0.000501127 -0.000614102 -0.000501221 1 0.00516298 0.0337716 0.035669
FixedParameters: 0 0 0

#Transform 139
Transform: AffineTransform_float_3_3
Parameters: 0.999999 -0.00012413 0.000716995 0.000123277 1 0.000594901 -0.000717142 -0.000594723 0.999999 0.00485425 0.0271451 0.0355068
FixedParameters: 0 0 0

#Transform 140
Transform: AffineTransform_float_3_3
Parameters: 1 -9.07805e-05 0.000716986 9.0059e-05 1 0.00105875 -0.000717876 -0.00105857 0.999999 -0.00130563 0.0298475 0.0216554
FixedParameters: 0 0 0

#Transform 141
Transform: AffineTransform_float_3_3
Parameters: 1 -0.000353782 0.000386371 0.000353306 0.999999 0.00061651 -0.000386807 -0.000616237 0.999999 -0.00624116 0.0301879 0.0452655
FixedParameters: 0 0 0

#Transform 142
Transform: AffineTransform_float_3_3
Parameters: 1 -0.000344547 0.000384815 0.000343995 0.999999 0.000758525 -0.000385395 -0.000758603 1 -0.0062726 0.0147606 0.048313
FixedParameters: 0 0 0

#Transform 143
Transform: AffineTransform_float_3_3
Parameters: 1 -0.000226663 0.000545539 0.000225798 1 0.000834877 -0.00054595 -0.000835568 0.999999 0.0104865 0.0381104 0.0120345
FixedParameters: 0 0 0

#Transform 144
Transform: AffineTransform_float_3_3
Parameters: 1 1.95699e-05 0.000612436 -1.98538e-05 0.999999 0.00134906 -0.000612269 -0.00134899 0.999999 0.0156233 0.0244054 0.00951018
FixedParameters: 0 0 0

#Transform 145
Transform: AffineTransform_float_3_3
Parameters: 1 -0.000295945 0.000376766 0.000294786 0.999999 0.00150854 -0.000377787 -0.00150832 0.999999 0.0184718 0.0276565 -0.0210778
FixedParameters: 0 0 0

#Transform 146
Transform: AffineTransform_float_3_3
Parameters: 1 -0.000162361 0.00058341 0.000161569 0.999999 0.0013607 -0.00058455 -0.00136046 0.999999 0.0142773 0.0189175 -0.00748525
FixedParameters: 0 0 0

#Transform 147
Transform: AffineTransform_float_3_3
Parameters: 1 -0.00030507 0.000378264 0.000304013 0.999999 0.00136785 -0.000379227 -0.00136762 0.999999 0.00276031 0.0311932 0.00961604
FixedParameters: 0 0 0

#Transform 148
Transform: AffineTransform_float_3_3
Parameters: 1 7.83389e-05 0.000545417 -7.86161e-05 0.999999 0.00150886 -0.000545067 -0.00150885 0.999998 0.000666931 0.0247713 0.00174584
FixedParameters: 0 0 0

#Transform 149
Transform: AffineTransform_float_3_3
Parameters: 1 -0.000147098 0.000267976 0.000146349 0.999999 0.00135633 -0.000268504 -0.00135625 0.999999 -0.00310468 0.0340286 0.0255502
FixedParameters: 0 0 0

#Transform 150
Transform: AffineTransform_float_3_3
Parameters: 1 -0.000338405 0.000242909 0.000338606 0.999999 0.000762319 -0.000242613 -0.000762109 0.999999 -0.0103538 0.0215365 0.057226
FixedParameters: 0 0 0

#Transform 151
Transform: AffineTransform_float_3_3
Parameters: 1 -0.000431572 9.95385e-05 0.000431532 1 0.000203607 -9.97142e-05 -0.000203521 1 0.0054778 0.0639102 0.091261
FixedParameters: 0 0 0

#Transform 152
Transform: AffineTransform_float_3_3
Parameters: 1 -3.26448e-05 0.000153232 3.25383e-05 1 0.000347477 -0.000153255 -0.000347468 1 -0.00180817 0.0200405 0.088418
FixedParameters: 0 0 0

#Transform 153
Transform: AffineTransform_float_3_3
Parameters: 1 -0.000224049 8.97953e-05 0.000223938 1 0.000612866 -9.00699e-05 -0.000612825 1 -0.0151284 0.0338142 0.0762814
FixedParameters: 0 0 0

#Transform 154
Transform: AffineTransform_float_3_3
Parameters: 1 -0.000309663 0.000202088 0.000309356 0.999999 0.000759963 -0.000202558 -0.000759838 0.999999 -0.0121811 0.0334164 0.0451135
FixedParameters: 0 0 0

#Transform 155
Transform: AffineTransform_float_3_3
Parameters: 1 -0.000166387 0.000158032 0.000166149 0.999999 0.000750124 -0.000158281 -0.000750072 0.999999 -0.0151248 0.0428612 0.0446857
FixedParameters: 0 0 0

#Transform 156
Transform: AffineTransform_float_3_3
Parameters: 1 -0.000212927 0.000122889 0.000212647 1 0.00105345 -0.000123467 -0.0010534 1 -0.00653436 0.0374285 0.0305517
FixedParameters: 0 0 0

#Transform 157
Transform: AffineTransform_float_3_3
Parameters: 1 2.17611e-05 0.000144476 -2.2124e-05 1 0.00118365 -0.000144554 -0.00118366 1 -0.0143354 0.0335906 0.0241262
FixedParameters: 0 0 0

#Transform 158
Transform: AffineTransform_float_3_3
Parameters: 1 0.000100539 9.31099e-05 -0.000100799 0.999999 0.0012822 -9.29817e-05 -0.00128222 0.999999 -0.0142442 0.0305995 0.0282912
FixedParameters: 0 0 0

#Transform 159
Transform: AffineTransform_float_3_3
Parameters: 1 0.000253941 0.000400156 -0.000254708 0.999998 0.00192873 -0.000400004 -0.00192889 0.999998 -0.00848193 0.0290119 -0.00102483
FixedParameters: 0 0 0

#Transform 160
Transform: AffineTransform_float_3_3
Parameters: 1 0.000202802 0.000343544 -0.000203287 0.999998 0.00176763 -0.000343622 -0.00176679 0.999998 -0.00313631 0.0145261 0.0220135
FixedParameters: 0 0 0

#Transform 161
Transform: AffineTransform_float_3_3
Parameters: 1 0.000138987 0.000289885 -0.00013982 0.999999 0.00140095 -0.000289624 -0.00140103 0.999999 -0.0216282 0.0250082 0.0192989
FixedParameters: 0 0 0

#Transform 162
Transform: AffineTransform_float_3_3
Parameters: 1 0.00010773 9.37498e-05 -0.000108021 0.999999 0.00144308 -9.35683e-05 -0.0014431 0.999999 -0.0163871 0.0222941 0.0100123
FixedParameters: 0 0 0

#Transform 163
Transform: AffineTransform_float_3_3
Parameters: 1 0.000271694 0.000370272 -0.000272081 0.999998 0.00159956 -0.000370101 -0.00159972 0.999998 -0.00600696 0.0242651 0.00327973
FixedParameters: 0 0 0

#Transform 164
Transform: AffineTransform_float_3_3
Parameters: 1 0.000125409 7.90156e-05 -0.000125647 0.999999 0.00137363 -7.88006e-05 -0.00137365 0.999999 -0.0188993 0.0208587 0.0257738
FixedParameters: 0 0 0

#Transform 165
Transform: AffineTransform_float_3_3
Parameters: 1 5.72907e-05 0.000195321 -5.72022e-05 1 0.00118389 -0.000194503 -0.00118387 1 -0.0215764 0.0324893 0.0230232
FixedParameters: 0 0 0

#Transform 166
Transform: AffineTransform_float_3_3
Parameters: 1 0.000248693 0.000294731 -0.000248651 0.999999 0.00128263 -0.000294792 -0.00128273 0.999999 -0.0107004 0.0388735 -0.00596608
FixedParameters: 0 0 0

#Transform 167
Transform: AffineTransform_float_3_3
Parameters: 1 0.00014225 6.88426e-05 -0.000142466 0.999999 0.00141752 -6.85688e-05 -0.00141754 0.999999 -0.0178208 0.0148838 0.0334315
FixedParameters: 0 0 0

#Transform 168
Transform: AffineTransform_float_3_3
Parameters: 1 0.000135807 0.000335972 -0.000136419 0.999999 0.000910574 -0.000335724 -0.000910665 0.999999 -0.0136182 0.0557027 -0.0240008
FixedParameters: 0 0 0

#Transform 169
Transform: AffineTransform_float_3_3
Parameters: 1 0.00036053 0.000347107 -0.000360595 0.999999 0.00124175 -0.000346911 -0.00124195 0.999999 -0.0132366 0.044475 -0.00704991
FixedParameters: 0 0 0

#Transform 170
Transform: AffineTransform_float_3_3
Parameters: 1 0.000103014 0.000225442 -0.000103723 0.999999 0.00152591 -0.000225257 -0.00152596 0.999999 -0.0175949 0.0254563 0.0134645
FixedParameters: 0 0 0

#Transform 171
Transform: AffineTransform_float_3_3
Parameters: 1 0.000425319 0.00047991 -0.000425911 0.999999 0.00144827 -0.000479375 -0.00144863 0.999999 -0.0129666 0.0163688 -0.00984478
FixedParameters: 0 0 0

#Transform 172
Transform: AffineTransform_float_3_3
Parameters: 1 0.000209305 1.04527e-05 -0.000209102 1 0.00108386 -1.151e-05 -0.00108386 1 -0.02267 0.0302606 0.047268
FixedParameters: 0 0 0

#Transform 173
Transform: AffineTransform_float_3_3
Parameters: 1 8.93056e-05 0.000105943 -8.96283e-05 0.999999 0.00142537 -0.000105818 -0.00142539 0.999999 -0.0156556 0.0233811 0.0447348
FixedParameters: 0 0 0

#Transform 174
Transform: AffineTransform_float_3_3
Parameters: 1 0.000317632 7.17416e-05 -0.000318419 0.999999 0.00136497 -7.18153e-05 -0.00136507 0.999999 -0.00321539 0.0165777 0.0619632
FixedParameters: 0 0 0

#Transform 175
Transform: AffineTransform_float_3_3
Parameters: 1 0.000606221 0.000246059 -0.000606713 0.999999 0.00146012 -0.000245798 -0.00146042 0.999999 -0.00190739 0.0139595 0.0297173
FixedParameters: 0 0 0

#Transform 176
Transform: AffineTransform_float_3_3
Parameters: 1 0.000421325 -0.000129583 -0.00042158 0.999999 0.00129607 0.000129734 -0.00129601 0.999999 -0.00316959 0.0234134 0.0695424
FixedParameters: 0 0 0

#Transform 177
Transform: AffineTransform_float_3_3
Parameters: 1 0.000358954 -9.72252e-05 -0.000359286 1 0.000982298 9.70861e-05 -0.000983211 0.999999 -0.0051806 0.0369781 0.0961815
FixedParameters: 0 0 0

#Transform 178
Transform: AffineTransform_float_3_3
Parameters: 1 0.000430636 -0.000145282 -0.000430141 1 0.00103647 0.00014472 -0.001036 0.999999 -0.00378519 0.0278552 0.0779229
FixedParameters: 0 0 0

#Transform 179
Transform: AffineTransform_float_3_3
Parameters: 1 0.000368697 -9.87713e-05 -0.000369065 1 0.00113244 9.86648e-05 -0.00113242 1 -0.00364695 0.0321279 0.0735734
FixedParameters: 0 0 0

#Transform 180
Transform: AffineTransform_float_3_3
Parameters: 1 0.000385646 -0.00010136 -0.000385956 0.999999 0.00139188 0.000101492 -0.00139185 0.999999 -0.00144302 0.0548302 0.0363144
FixedParameters: 0 0 0

#Transform 181
Transform: AffineTransform_float_3_3
Parameters: 1 0.000457187 -0.000147098 -0.000457335 0.999999 0.00150502 0.000147533 -0.00150494 0.999999 -0.00491645 0.036375 0.0582623
FixedParameters: 0 0 0

#Transform 182
Transform: AffineTransform_float_3_3
Parameters: 1 0.000391644 -0.000102274 -0.000391932 0.999999 0.00148368 0.000102495 -0.00148365 0.999999 -0.00284589 0.0339271 0.0610429
FixedParameters: 0 0 0

#Transform 183
Transform: AffineTransform_float_3_3
Parameters: 1 0.000655562 0.000127225 -0.000655198 0.999999 0.00158472 -0.000125789 -0.0015845 0.999998 -0.0109454 0.0169236 0.0270199
FixedParameters: 0 0 0

#Transform 184
Transform: AffineTransform_float_3_3
Parameters: 1 0.000575739 0.000154692 -0.000575451 0.999999 0.00155012 -0.000153549 -0.00154991 0.999998 -0.00417138 0.0219786 0.0150971
FixedParameters: 0 0 0

#Transform 185
Transform: AffineTransform_float_3_3
Parameters: 1 0.000412433 -5.2809e-05 -0.000412316 0.999999 0.00129344 5.37459e-05 -0.0012934 0.999999 -0.00326663 0.023345 0.0671025
FixedParameters: 0 0 0

#Transform 186
Transform: AffineTransform_float_3_3
Parameters: 1 0.00042721 -1.96697e-05 -0.000427183 0.999999 0.00117756 2.05459e-05 -0.00117754 1 -0.0048664 0.0152552 0.0909595
FixedParameters: 0 0 0

#Transform 187
Transform: AffineTransform_float_3_3
Parameters: 1 0.000480946 -6.20565e-05 -0.000480877 0.999999 0.000555292 6.25905e-05 -0.000555232 1 -0.00430246 0.0185189 0.0840865
FixedParameters: 0 0 0

#Transform 188
Transform: AffineTransform_float_3_3
Parameters: 1 0.000349283 -9.57281e-05 -0.000349694 0.999999 0.000835086 9.54997e-05 -0.000835065 0.999999 -0.00745184 0.0502155 0.129073
FixedParameters: 0 0 0

#Transform 189
Transform: AffineTransform_float_3_3
Parameters: 1 0.000638051 -0.000185005 -0.000637897 0.999999 0.000417579 0.000185537 -0.000417342 1 -0.0201249 0.0441109 0.103939
FixedParameters: 0 0 0
