#Insight Transform File V1.0
#Transform 0
Transform: AffineTransform_float_3_3
Parameters: 1 -0.000476222 8.28196e-05 0.000475992 0.999999 -0.00130652 -8.25299e-05 0.00130658 0.999999 -0.0187235 0.0141584 -0.0431256
FixedParameters: 0 0 0

#Transform 1
Transform: AffineTransform_float_3_3
Parameters: 1 -0.000547745 0.000196797 0.000547818 0.999999 -0.00131897 -0.000196307 0.00131917 0.999999 -0.0230735 0.00525686 -0.0336331
FixedParameters: 0 0 0

#Transform 2
Transform: AffineTransform_float_3_3
Parameters: 1 -0.000527574 0.000186446 0.000527637 0.999999 -0.00136762 -0.000185957 0.0013678 0.999999 -0.0230316 0.0131626 -0.0257498
FixedParameters: 0 0 0

#Transform 3
Transform: AffineTransform_float_3_3
Parameters: 1 -0.00046053 0.000112628 0.000460824 0.999999 -0.00134385 -0.000111448 0.00134395 0.999999 -0.0210202 0.0150398 -0.0202114
FixedParameters: 0 0 0

#Transform 4
Transform: AffineTransform_float_3_3
Parameters: 1 -1.03637e-05 4.53069e-05 1.04527e-05 1 -0.00106398 -4.53422e-05 0.00106398 1 -0.0264608 0.0319542 -0.0565235
FixedParameters: 0 0 0

#Transform 5
Transform: AffineTransform_float_3_3
Parameters: 1 -0.000241095 0.000152288 0.000241458 0.999999 -0.00121597 -0.000151759 0.00121604 0.999999 -0.0204393 0.0321016 -0.0433317
FixedParameters: 0 0 0

#Transform 6
Transform: AffineTransform_float_3_3
Parameters: 1 2.96116e-05 0.000139465 -2.92659e-05 0.999999 -0.00126586 -0.000139597 0.00126585 0.999999 -0.0261606 0.0312571 -0.0335923
FixedParameters: 0 0 0

#Transform 7
Transform: AffineTransform_float_3_3
Parameters: 1 -3.78598e-05 -4.6058e-06 3.78415e-05 1 -0.00116342 4.6364e-06 0.00116342 1 -0.0160166 0.035205 -0.0356689
FixedParameters: 0 0 0

#Transform 8
Transform: AffineTransform_float_3_3
Parameters: 1 0.000156723 -2.41638e-05 -0.000156738 1 -0.000314725 2.40652e-05 0.000314732 1 -0.0239917 0.00714157 -0.0624933
FixedParameters: 0 0 0

#Transform 9
Transform: AffineTransform_float_3_3
Parameters: 1 0.000667428 -4.25227e-05 -0.000667441 1 -0.000142378 4.23326e-05 0.000142435 1 -0.00423517 0.00202826 -0.0573044
FixedParameters: 0 0 0

#Transform 10
Transform: AffineTransform_float_3_3
Parameters: 1 0.000581314 0.000275425 -0.000581115 1 -0.000360987 -0.000275844 0.000360667 1 -0.00661168 0.0164188 -0.0616501
FixedParameters: 0 0 0

#Transform 11
Transform: AffineTransform_float_3_3
Parameters: 1 0.000578062 -7.1689e-07 -0.000578062 1 -0.000311751 3.56456e-07 0.000311752 1 -0.00188071 0.0156921 -0.0611219
FixedParameters: 0 0 0

#Transform 12
Transform: AffineTransform_float_3_3
Parameters: 1 0.00060337 0.000317492 -0.000602734 1 -0.000311462 -0.00031697 0.000311095 1 -0.0163623 0.0184255 -0.0742214
FixedParameters: 0 0 0

#Transform 13
Transform: AffineTransform_float_3_3
Parameters: 1 0.000475201 5.04027e-05 -0.000475178 1 -0.000231593 -5.06228e-05 0.000231545 1 -0.0033258 0.0142661 -0.0564438
FixedParameters: 0 0 0

#Transform 14
Transform: AffineTransform_float_3_3
Parameters: 1 4.92376e-05 0.000260778 -4.92338e-05 1 -7.45358e-06 -0.000260779 7.4279e-06 1 -0.0214529 0.0158245 -0.0579144
FixedParameters: 0 0 0

#Transform 15
Transform: AffineTransform_float_3_3
Parameters: 1 0.000118669 0.00022793 -0.000118712 1 9.44551e-05 -0.000227907 -9.45092e-05 1 -0.0203772 0.0109227 -0.0575173
FixedParameters: 0 0 0

#Transform 16
Transform: AffineTransform_float_3_3
Parameters: 1 0.000485648 4.92121e-05 -0.000485661 1 0.000132254 -4.90836e-05 -0.000132302 1 -0.000775974 0.00728605 -0.0450133
FixedParameters: 0 0 0

#Transform 17
Transform: AffineTransform_float_3_3
Parameters: 0.999999 0.000531731 0.000587213 -0.000532342 0.999999 0.000520812 -0.000586658 -0.000521436 0.999999 -0.0195177 0.0123064 -0.0278129
FixedParameters: 0 0 0

#Transform 18
Transform: AffineTransform_float_3_3
Parameters: 1 -8.3431e-05 0.000326637 8.33653e-05 1 0.000100692 -0.000326654 -0.000100637 1 -0.0257441 0.0449278 0.01042
FixedParameters: 0 0 0

#Transform 19
Transform: AffineTransform_float_3_3
Parameters: 0.999999 0.000501652 0.000539348 -0.000501165 1 -0.000451852 -0.000539801 0.000451311 1 -0.0126102 0.0435292 -0.00608972
FixedParameters: 0 0 0

#Transform 20
Transform: AffineTransform_float_3_3
Parameters: 1 0.000323162 0.000150886 -0.000322918 0.999999 -0.000807108 -0.000151407 0.00080701 0.999999 0.000417468 0.0252769 0.0152194
FixedParameters: 0 0 0

#Transform 21
Transform: AffineTransform_float_3_3
Parameters: 0.999999 -7.94487e-05 0.000858325 8.02108e-05 1 -0.00097184 -0.000857789 0.000971953 0.999999 -0.0232457 0.0192835 -0.0220845
FixedParameters: 0 0 0

#Transform 22
Transform: AffineTransform_float_3_3
Parameters: 1 -0.000186689 0.000663099 0.000186854 0.999999 -0.000802371 -0.00066236 0.000802594 0.999999 -0.0251061 0.0104674 -0.0536467
FixedParameters: 0 0 0

#Transform 23
Transform: AffineTransform_float_3_3
Parameters: 0.999999 6.81559e-05 -0.00098175 -6.57066e-05 0.999996 0.00285761 0.00098232 -0.00285757 0.999995 0.0306728 -0.0414166 -0.0072779
FixedParameters: 0 0 0

#Transform 24
Transform: AffineTransform_float_3_3
Parameters: 1 0.000199425 -0.000629952 -0.000198762 0.999998 0.00159269 0.00063007 -0.00159248 0.999998 0.0140096 -0.0287858 -0.0228432
FixedParameters: 0 0 0

#Transform 25
Transform: AffineTransform_float_3_3
Parameters: 1 4.45525e-05 -0.000575159 -4.30229e-05 0.999999 0.00133617 0.000575218 -0.00133612 0.999999 0.0187833 -0.023327 -0.038608
FixedParameters: 0 0 0

#Transform 26
Transform: AffineTransform_float_3_3
Parameters: 0.999999 0.000131509 -0.000755041 -0.000130349 0.999999 0.00136706 0.00075578 -0.00136689 0.999999 0.018939 -0.0231351 -0.019348
FixedParameters: 0 0 0

#Transform 27
Transform: AffineTransform_float_3_3
Parameters: 1 0.000112756 -0.000446075 -0.00011301 0.999999 0.00122163 0.000445834 -0.00122157 0.999999 0.0155925 -0.0131089 -0.0225561
FixedParameters: 0 0 0

#Transform 28
Transform: AffineTransform_float_3_3
Parameters: 1 0.000201358 -0.00060164 -0.000201245 0.999999 0.00121157 0.000601611 -0.00121137 0.999999 0.0105984 -0.00870117 -0.0260397
FixedParameters: 0 0 0

#Transform 29
Transform: AffineTransform_float_3_3
Parameters: 1 0.000323041 -0.00035454 -0.000322598 0.999999 0.00125502 0.000354396 -0.00125481 0.999999 0.0142618 -0.0123511 -0.0183908
FixedParameters: 0 0 0

#Transform 30
Transform: AffineTransform_float_3_3
Parameters: 1 0.000299675 -0.00041928 -0.000298847 0.999999 0.00151958 0.000419235 -0.00151935 0.999998 0.0158181 -0.0205736 -0.0236496
FixedParameters: 0 0 0

#Transform 31
Transform: AffineTransform_float_3_3
Parameters: 0.999999 0.000176052 -0.000682376 -0.000174714 0.999998 0.0016616 0.00068329 -0.00166059 0.999999 0.0181453 -0.0215814 -0.0350633
FixedParameters: 0 0 0

#Transform 32
Transform: AffineTransform_float_3_3
Parameters: 1 0.000175531 -0.000684216 -0.00017461 0.999998 0.0016736 0.000684237 -0.00167261 0.999999 0.0241771 -0.019507 -0.028978
FixedParameters: 0 0 0

#Transform 33
Transform: AffineTransform_float_3_3
Parameters: 1 0.00011471 -0.000447196 -0.00011414 0.999998 0.00162495 0.000447928 -0.00162548 0.999999 0.0156174 -0.0159209 -0.0230941
FixedParameters: 0 0 0

#Transform 34
Transform: AffineTransform_float_3_3
Parameters: 1 -0.000211329 -0.000580348 0.000211477 0.999998 0.00170286 0.000580398 -0.00170237 0.999999 0.017696 -0.0297894 -0.0377032
FixedParameters: 0 0 0

#Transform 35
Transform: AffineTransform_float_3_3
Parameters: 1 -0.000256405 -0.000577932 0.000257517 0.999999 0.0017528 0.000577355 -0.00175312 0.999999 0.0291075 -0.0239635 -0.023677
FixedParameters: 0 0 0

#Transform 36
Transform: AffineTransform_float_3_3
Parameters: 1 -0.000290572 -0.000566409 0.000291557 0.999998 0.00169117 0.000565756 -0.00169074 0.999999 0.0197098 -0.0246622 -0.0284257
FixedParameters: 0 0 0

#Transform 37
Transform: AffineTransform_float_3_3
Parameters: 1 -0.000270354 -0.000623616 0.000271585 0.999998 0.00173339 0.000623008 -0.00173297 0.999998 0.0224412 -0.0233524 -0.0236782
FixedParameters: 0 0 0

#Transform 38
Transform: AffineTransform_float_3_3
Parameters: 1 -0.000216266 -0.000590541 0.000217305 0.999998 0.00166797 0.000590149 -0.00166747 0.999999 0.0267051 -0.0235775 -0.0264894
FixedParameters: 0 0 0

#Transform 39
Transform: AffineTransform_float_3_3
Parameters: 1 -5.05534e-05 -0.000631488 5.18302e-05 0.999999 0.00173379 0.000631634 -0.00173388 0.999999 0.0190706 -0.0154197 -0.0199109
FixedParameters: 0 0 0

#Transform 40
Transform: AffineTransform_float_3_3
Parameters: 1 -3.38688e-05 -0.000641962 3.50335e-05 0.999998 0.00161222 0.000642232 -0.00161229 0.999998 0.02253 -0.0144278 -0.0265076
FixedParameters: 0 0 0

#Transform 41
Transform: AffineTransform_float_3_3
Parameters: 1 -3.58876e-05 -0.000675845 3.72499e-05 0.999999 0.00168319 0.000676045 -0.00168326 0.999999 0.0201253 -0.020782 -0.0183112
FixedParameters: 0 0 0

#Transform 42
Transform: AffineTransform_float_3_3
Parameters: 1 0.000104338 -0.000658612 -0.00010377 0.999999 0.0014522 0.000658398 -0.0014521 0.999998 0.0197371 -0.0299563 0.00488288
FixedParameters: 0 0 0

#Transform 43
Transform: AffineTransform_float_3_3
Parameters: 0.999999 0.000111863 -0.000825063 -0.00010976 0.999999 0.00182757 0.000825792 -0.00182741 0.999998 0.0235115 -0.0225619 0.0113032
FixedParameters: 0 0 0

#Transform 44
Transform: AffineTransform_float_3_3
Parameters: 0.999999 0.0002269 -0.000826194 -0.000226232 0.999998 0.00175247 0.000826833 -0.00175278 0.999999 0.0246477 -0.0103258 -0.00934498
FixedParameters: 0 0 0

#Transform 45
Transform: AffineTransform_float_3_3
Parameters: 0.999999 0.00015993 -0.000725187 -0.000158635 0.999998 0.00181075 0.00072517 -0.00181118 0.999999 0.0214038 -0.0186058 0.00914038
FixedParameters: 0 0 0

#Transform 46
Transform: AffineTransform_float_3_3
Parameters: 1 0.000191534 -0.000663294 -0.000189978 0.999999 0.00185992 0.000664327 -0.00185969 0.999998 0.0195887 -0.0111985 0.0257445
FixedParameters: 0 0 0

#Transform 47
Transform: AffineTransform_float_3_3
Parameters: 0.999999 0.000118396 -0.000812522 -0.000116316 0.999999 0.00184144 0.000813278 -0.00184127 0.999998 0.023151 -0.0314885 0.0153736
FixedParameters: 0 0 0

#Transform 48
Transform: AffineTransform_float_3_3
Parameters: 0.999999 0.000142511 -0.000766882 -0.000140925 0.999998 0.00190213 0.000766827 -0.00190257 0.999998 0.0198278 -0.0365335 0.00772182
FixedParameters: 0 0 0

#Transform 49
Transform: AffineTransform_float_3_3
Parameters: 0.999999 6.21122e-05 -0.000916163 -6.04496e-05 0.999998 0.00165493 0.0009158 -0.00165407 0.999998 0.021451 -0.0268229 0.016473
FixedParameters: 0 0 0

#Transform 50
Transform: AffineTransform_float_3_3
Parameters: 0.999999 5.22035e-05 -0.000930203 -5.06568e-05 0.999998 0.0015563 0.000929777 -0.00155607 0.999999 0.0259387 -0.0183336 0.00410857
FixedParameters: 0 0 0

#Transform 51
Transform: AffineTransform_float_3_3
Parameters: 0.999999 4.77932e-05 -0.000936296 -4.58691e-05 0.999999 0.00151081 0.000936819 -0.00151074 0.999998 0.0201534 -0.0142631 -0.00761758
FixedParameters: 0 0 0

#Transform 52
Transform: AffineTransform_float_3_3
Parameters: 0.999999 6.13132e-05 -0.00090365 -6.00636e-05 0.999999 0.0014355 0.000903308 -0.00143544 0.999998 0.0252797 -0.0120195 0.00612591
FixedParameters: 0 0 0

#Transform 53
Transform: AffineTransform_float_3_3
Parameters: 0.999999 7.84087e-05 -0.000869538 -7.72297e-05 0.999999 0.00145116 0.000869247 -0.00145106 0.999998 0.0249164 -0.016406 -0.00579174
FixedParameters: 0 0 0

#Transform 54
Transform: AffineTransform_float_3_3
Parameters: 0.999999 7.93634e-05 -0.000862994 -7.83063e-05 0.999999 0.00137932 0.000862675 -0.00137984 0.999999 0.0247998 -0.0113438 -0.00710021
FixedParameters: 0 0 0

#Transform 55
Transform: AffineTransform_float_3_3
Parameters: 1 0.000157993 -0.000702079 -0.000157366 0.999999 0.0013887 0.000701981 -0.00138913 0.999999 0.0214697 -0.0133674 -0.0107743
FixedParameters: 0 0 0

#Transform 56
Transform: AffineTransform_float_3_3
Parameters: 1 -0.000231764 -0.000646827 0.00023268 0.999999 0.00140768 0.000646553 -0.00140801 0.999999 0.0282328 -0.0107407 -0.00771272
FixedParameters: 0 0 0

#Transform 57
Transform: AffineTransform_float_3_3
Parameters: 0.999999 0.00011061 -0.000800119 -0.000109274 0.999999 0.0014005 0.000800808 -0.00140035 0.999998 0.01871 -0.0162691 -0.00545178
FixedParameters: 0 0 0

#Transform 58
Transform: AffineTransform_float_3_3
Parameters: 0.999999 0.00013136 -0.000749309 -0.000130797 0.999999 0.00127304 0.000749127 -0.00127288 0.999999 0.0219618 -0.0100692 0.00680921
FixedParameters: 0 0 0

#Transform 59
Transform: AffineTransform_float_3_3
Parameters: 0.999999 7.56926e-05 -0.000866346 -7.47585e-05 0.999999 0.00131519 0.000866028 -0.0013151 0.999999 0.0243305 -0.0231288 0.0125989
FixedParameters: 0 0 0

#Transform 60
Transform: AffineTransform_float_3_3
Parameters: 0.999999 5.35758e-05 -0.000903659 -5.23112e-05 0.999999 0.00118882 0.000904146 -0.00118936 0.999999 0.0252562 -0.0209388 0.00980903
FixedParameters: 0 0 0

#Transform 61
Transform: AffineTransform_float_3_3
Parameters: 0.999999 2.99439e-05 -0.000952211 -2.85629e-05 0.999999 0.0011893 0.000952641 -0.00118988 0.999999 0.0270773 -0.0121231 -0.0169742
FixedParameters: 0 0 0

#Transform 62
Transform: AffineTransform_float_3_3
Parameters: 1 0.000229025 -0.00111088 -0.000227845 1 0.00113298 0.00111094 -0.00113251 0.999998 0.0228479 -0.0365528 -0.0373603
FixedParameters: 0 0 0

#Transform 63
Transform: AffineTransform_float_3_3
Parameters: 0.999998 0.000124954 -0.00167672 -0.000121803 0.999997 0.00200194 0.00167659 -0.00200207 0.999997 0.0458127 -0.0362759 0.00855826
FixedParameters: 0 0 0

#Transform 64
Transform: AffineTransform_float_3_3
Parameters: 1 -0.000449194 -0.000276559 0.000449529 0.999999 0.000605012 0.000276015 -0.000605261 1 0.0181928 0.0108032 -0.144933
FixedParameters: 0 0 0

#Transform 65
Transform: AffineTransform_float_3_3
Parameters: 0.999999 -0.00108811 -0.00100354 0.00109041 0.999997 0.00228721 0.00100067 -0.00228883 0.999996 0.0487178 -0.0208183 -0.0451809
FixedParameters: 0 0 0

#Transform 66
Transform: AffineTransform_float_3_3
Parameters: 0.999998 -0.000830775 -0.00167497 0.000837588 0.999991 0.00407872 0.00167212 -0.00408012 0.99999 0.0932578 -0.16462 -0.222499
FixedParameters: 0 0 0

#Transform 67
Transform: AffineTransform_float_3_3
Parameters: 0.999998 -0.000897383 -0.00162747 0.000902682 0.999994 0.00317237 0.00162501 -0.00317385 0.999994 0.0816426 -0.0710789 -0.113452
FixedParameters: 0 0 0

#Transform 68
Transform: AffineTransform_float_3_3
Parameters: 0.999998 -0.00112328 -0.00128936 0.00112641 0.999997 0.00212352 0.00128666 -0.00212428 0.999997 0.0652111 -0.0164715 -0.106084
FixedParameters: 0 0 0

#Transform 69
Transform: AffineTransform_float_3_3
Parameters: 0.999999 -0.00132007 -0.00125441 0.00132362 0.999996 0.00252727 0.00125114 -0.00252846 0.999996 0.0573169 -0.00680989 -0.0370139
FixedParameters: 0 0 0

#Transform 70
Transform: AffineTransform_float_3_3
Parameters: 0.999998 -0.00128617 -0.00145587 0.00129213 0.999993 0.00363041 0.00145062 -0.00363287 0.999992 0.0705168 -0.0531203 -0.0674425
FixedParameters: 0 0 0

#Transform 71
Transform: AffineTransform_float_3_3
Parameters: 0.999998 -0.00155682 -0.00107679 0.00155998 0.999996 0.00234026 0.00107252 -0.00234225 0.999997 0.0630034 -0.00835186 -0.0918141
FixedParameters: 0 0 0

#Transform 72
Transform: AffineTransform_float_3_3
Parameters: 0.999999 -0.00163508 -0.000440332 0.00163557 0.999997 0.00163113 0.000437687 -0.00163197 0.999999 0.0534589 -0.00210286 -0.11787
FixedParameters: 0 0 0

#Transform 73
Transform: AffineTransform_float_3_3
Parameters: 0.999999 -0.00163518 -0.000437578 0.00163592 0.999997 0.0019357 0.000433948 -0.0019367 0.999998 0.0531684 -0.00191567 -0.10901
FixedParameters: 0 0 0

#Transform 74
Transform: AffineTransform_float_3_3
Parameters: 0.999998 -0.00152923 -0.00049136 0.00152991 0.999998 0.0016827 0.000488866 -0.00168299 0.999998 0.0501016 -0.0116976 -0.114236
FixedParameters: 0 0 0

#Transform 75
Transform: AffineTransform_float_3_3
Parameters: 0.999998 -0.00151978 -0.000362988 0.00151999 0.999996 0.00225653 0.000360039 -0.00225704 0.999997 0.0508102 -0.020054 -0.119796
FixedParameters: 0 0 0

#Transform 76
Transform: AffineTransform_float_3_3
Parameters: 0.999998 -0.00156937 -0.000291931 0.00156967 0.999996 0.00216429 0.000287712 -0.0021646 0.999998 0.0492313 -0.0223342 -0.124703
FixedParameters: 0 0 0

#Transform 77
Transform: AffineTransform_float_3_3
Parameters: 0.999999 -0.00151724 -0.00025659 0.0015178 0.999997 0.00210898 0.000253662 -0.00210914 0.999998 0.0494785 -0.0118857 -0.121698
FixedParameters: 0 0 0

#Transform 78
Transform: AffineTransform_float_3_3
Parameters: 0.999998 -0.00153445 -0.000270734 0.00153512 0.999996 0.00220443 0.00026744 -0.00220465 0.999998 0.0574285 -0.0150101 -0.128597
FixedParameters: 0 0 0

#Transform 79
Transform: AffineTransform_float_3_3
Parameters: 0.999999 -0.00132802 -0.000130281 0.00132817 0.999996 0.00263945 0.000126686 -0.00263917 0.999997 0.0454795 -0.0225013 -0.126102
FixedParameters: 0 0 0

#Transform 80
Transform: AffineTransform_float_3_3
Parameters: 0.999999 -0.00141635 -0.000254682 0.00141764 0.999995 0.00270438 0.00025133 -0.00270447 0.999996 0.04471 -0.0191665 -0.110044
FixedParameters: 0 0 0

#Transform 81
Transform: AffineTransform_float_3_3
Parameters: 0.999999 -0.00130539 -0.000381192 0.00130608 0.999995 0.00277458 0.0003778 -0.00277498 0.999996 0.0479004 -0.0318361 -0.0948907
FixedParameters: 0 0 0

#Transform 82
Transform: AffineTransform_float_3_3
Parameters: 0.999999 -0.00123128 -0.000269399 0.00123167 0.999997 0.00252293 0.000265703 -0.00252299 0.999997 0.0392214 -0.018945 -0.0759566
FixedParameters: 0 0 0

#Transform 83
Transform: AffineTransform_float_3_3
Parameters: 0.999999 -0.00124109 -0.000232371 0.00124176 0.999996 0.00252301 0.00022957 -0.00252376 0.999996 0.0441613 -0.0063132 -0.0820813
FixedParameters: 0 0 0

#Transform 84
Transform: AffineTransform_float_3_3
Parameters: 0.999999 -0.00137279 -0.000110978 0.0013728 0.999996 0.00236671 0.000107953 -0.00236639 0.999997 0.0412584 -0.00894726 -0.101019
FixedParameters: 0 0 0

#Transform 85
Transform: AffineTransform_float_3_3
Parameters: 0.999999 -0.00126126 -0.000353369 0.00126262 0.999996 0.00268845 0.000349999 -0.00268873 0.999996 0.0473065 -0.0145416 -0.0966218
FixedParameters: 0 0 0

#Transform 86
Transform: AffineTransform_float_3_3
Parameters: 0.999999 -0.0012298 -0.00045547 0.00123113 0.999995 0.00303419 0.000451799 -0.00303471 0.999995 0.0500277 -0.0253883 -0.102758
FixedParameters: 0 0 0

#Transform 87
Transform: AffineTransform_float_3_3
Parameters: 0.999999 -0.00121337 -0.000472258 0.00121412 0.999994 0.00328372 0.000468463 -0.0032843 0.999995 0.0505376 -0.0358536 -0.101675
FixedParameters: 0 0 0

#Transform 88
Transform: AffineTransform_float_3_3
Parameters: 0.999999 -0.00125577 -0.000381211 0.00125678 0.999994 0.00321937 0.00037686 -0.00321973 0.999995 0.0480511 -0.0381257 -0.0997706
FixedParameters: 0 0 0

#Transform 89
Transform: AffineTransform_float_3_3
Parameters: 0.999999 -0.00130264 -0.00034904 0.00130332 0.999994 0.00303678 0.000344922 -0.00303709 0.999995 0.0471561 -0.0299309 -0.100868
FixedParameters: 0 0 0

#Transform 90
Transform: AffineTransform_float_3_3
Parameters: 0.999999 -0.00122702 -0.000245679 0.00122797 0.999995 0.00303516 0.000241585 -0.00303514 0.999995 0.0452113 -0.0268277 -0.106536
FixedParameters: 0 0 0

#Transform 91
Transform: AffineTransform_float_3_3
Parameters: 1 -0.00113657 -0.000219518 0.00113648 0.999995 0.00303287 0.0002164 -0.00303339 0.999996 0.0448662 -0.0379884 -0.0975777
FixedParameters: 0 0 0

#Transform 92
Transform: AffineTransform_float_3_3
Parameters: 1 -0.00109223 -0.000352932 0.0010928 0.999995 0.00282369 0.000350616 -0.00282386 0.999996 0.0460912 -0.0230614 -0.10658
FixedParameters: 0 0 0

#Transform 93
Transform: AffineTransform_float_3_3
Parameters: 1 -0.00111228 -0.000329978 0.00111301 0.999997 0.00257427 0.000326768 -0.00257441 0.999997 0.0478402 -0.0151983 -0.106591
FixedParameters: 0 0 0

#Transform 94
Transform: AffineTransform_float_3_3
Parameters: 1 -0.00113743 -0.000357175 0.00113843 0.999995 0.00275994 0.000353412 -0.00276015 0.999996 0.0480914 -0.0260998 -0.0985423
FixedParameters: 0 0 0

#Transform 95
Transform: AffineTransform_float_3_3
Parameters: 1 -0.000938246 -0.000316945 0.000939106 0.999995 0.00288752 0.000314042 -0.00288751 0.999995 0.0478671 -0.0316876 -0.0913516
FixedParameters: 0 0 0

#Transform 96
Transform: AffineTransform_float_3_3
Parameters: 1 -0.000871938 -0.000350375 0.000872919 0.999996 0.00275262 0.000348069 -0.00275324 0.999996 0.0440934 -0.017611 -0.0970177
FixedParameters: 0 0 0

#Transform 97
Transform: AffineTransform_float_3_3
Parameters: 1 -0.000932838 -0.000318978 0.000932868 0.999996 0.00294896 0.000316424 -0.00294977 0.999995 0.0440322 -0.0296646 -0.090793
FixedParameters: 0 0 0

#Transform 98
Transform: AffineTransform_float_3_3
Parameters: 0.999999 -0.0009161 -0.000239452 0.000916935 0.999995 0.00281942 0.000237621 -0.00281986 0.999996 0.0405611 -0.0207922 -0.0889529
FixedParameters: 0 0 0

#Transform 99
Transform: AffineTransform_float_3_3
Parameters: 1 -0.000823857 -0.000457276 0.000825592 0.999995 0.00296125 0.00045484 -0.00296123 0.999996 0.0429416 -0.0104886 -0.0824562
FixedParameters: 0 0 0

#Transform 100
Transform: AffineTransform_float_3_3
Parameters: 1 -0.000595786 -0.00064546 0.000599173 0.999991 0.00409747 0.000643221 -0.00409749 0.999992 0.0477769 -0.0615918 -0.0673395
FixedParameters: 0 0 0

#Transform 101
Transform: AffineTransform_float_3_3
Parameters: 0.999999 -0.000733698 -0.000411602 0.000735488 0.999994 0.00335668 0.000408995 -0.0033573 0.999995 0.0434269 -0.0460469 -0.109574
FixedParameters: 0 0 0

#Transform 102
Transform: AffineTransform_float_3_3
Parameters: 0.999999 -0.000759394 -0.000339564 0.00076058 0.999995 0.00319746 0.000337107 -0.00319738 0.999994 0.0427752 -0.0462215 -0.113795
FixedParameters: 0 0 0

#Transform 103
Transform: AffineTransform_float_3_3
Parameters: 0.999999 -0.000799347 -0.000248779 0.000800317 0.999995 0.00300013 0.000247259 -0.00300053 0.999996 0.0383298 -0.047313 -0.10354
FixedParameters: 0 0 0

#Transform 104
Transform: AffineTransform_float_3_3
Parameters: 0.999999 -0.000764584 -0.000334908 0.000766463 0.999995 0.00295995 0.00033235 -0.00295905 0.999996 0.0434275 -0.0385829 -0.0882709
FixedParameters: 0 0 0

#Transform 105
Transform: AffineTransform_float_3_3
Parameters: 0.999999 -0.000789632 -0.000388107 0.000790963 0.999996 0.00298302 0.000385796 -0.00298303 0.999996 0.046621 -0.0335011 -0.0884833
FixedParameters: 0 0 0

#Transform 106
Transform: AffineTransform_float_3_3
Parameters: 0.999999 -0.000793159 -0.000387547 0.000794421 0.999995 0.00286126 0.000385444 -0.00286189 0.999996 0.0433578 -0.0247013 -0.0908831
FixedParameters: 0 0 0

#Transform 107
Transform: AffineTransform_float_3_3
Parameters: 0.999999 -0.000763587 -0.000335062 0.000764609 0.999996 0.00299352 0.000332891 -0.00299343 0.999996 0.0437574 -0.029118 -0.0911708
FixedParameters: 0 0 0

#Transform 108
Transform: AffineTransform_float_3_3
Parameters: 0.999999 -0.000764282 -0.000340754 0.000765383 0.999995 0.00305954 0.000338477 -0.00305946 0.999995 0.0415404 -0.0353788 -0.083517
FixedParameters: 0 0 0

#Transform 109
Transform: AffineTransform_float_3_3
Parameters: 0.999999 -0.000706902 -0.000238383 0.000708383 0.999995 0.00330849 0.000235608 -0.00330821 0.999995 0.0400134 -0.0400937 -0.0913938
FixedParameters: 0 0 0

#Transform 110
Transform: AffineTransform_float_3_3
Parameters: 0.999999 -0.000719711 -0.000262505 0.000721361 0.999994 0.00327192 0.000259735 -0.00327229 0.999994 0.0417075 -0.0459091 -0.0902064
FixedParameters: 0 0 0

#Transform 111
Transform: AffineTransform_float_3_3
Parameters: 0.999999 -0.000752511 -0.000316455 0.000753919 0.999995 0.00305933 0.000312914 -0.00305919 0.999995 0.0422084 -0.0381977 -0.0879147
FixedParameters: 0 0 0

#Transform 112
Transform: AffineTransform_float_3_3
Parameters: 0.999999 -0.000752105 -0.000324254 0.000753211 0.999994 0.00319252 0.000321831 -0.00319302 0.999995 0.0395513 -0.0395014 -0.08948
FixedParameters: 0 0 0

#Transform 113
Transform: AffineTransform_float_3_3
Parameters: 0.999999 -0.000730278 -0.000270559 0.000731846 0.999996 0.00305891 0.000268052 -0.00305868 0.999995 0.0421133 -0.0430795 -0.0856245
FixedParameters: 0 0 0

#Transform 114
Transform: AffineTransform_float_3_3
Parameters: 0.999999 -0.000729023 -0.000417678 0.000729617 0.999996 0.00296213 0.000416199 -0.00296217 0.999996 0.0419608 -0.0317816 -0.0891334
FixedParameters: 0 0 0

#Transform 115
Transform: AffineTransform_float_3_3
Parameters: 0.999999 -0.00080124 -0.000386305 0.000803164 0.999996 0.00258479 0.000384169 -0.00258462 0.999997 0.0413873 -0.0200415 -0.108564
FixedParameters: 0 0 0

#Transform 116
Transform: AffineTransform_float_3_3
Parameters: 0.999999 -0.000645058 -0.00026519 0.000646441 0.999996 0.00271255 0.000263689 -0.00271288 0.999997 0.039207 -0.0222732 -0.106588
FixedParameters: 0 0 0

#Transform 117
Transform: AffineTransform_float_3_3
Parameters: 0.999999 -0.000710848 -0.000224222 0.000712134 0.999996 0.00296031 0.000222003 -0.00296141 0.999995 0.0380132 -0.0482473 -0.108344
FixedParameters: 0 0 0

#Transform 118
Transform: AffineTransform_float_3_3
Parameters: 0.999999 -0.000790881 -0.000387887 0.000792185 0.999995 0.00294003 0.000385693 -0.00294005 0.999995 0.0409799 -0.0295733 -0.0929997
FixedParameters: 0 0 0

#Transform 119
Transform: AffineTransform_float_3_3
Parameters: 0.999999 -0.000746147 -0.000303896 0.000747924 0.999995 0.00306822 0.000301277 -0.00306805 0.999995 0.0389107 -0.0378612 -0.0827337
FixedParameters: 0 0 0

#Transform 120
Transform: AffineTransform_float_3_3
Parameters: 0.999999 -0.000725079 -0.000259764 0.000726601 0.999995 0.003057 0.00025727 -0.00305737 0.999996 0.0418674 -0.0313866 -0.0698258
FixedParameters: 0 0 0

#Transform 121
Transform: AffineTransform_float_3_3
Parameters: 0.999999 -0.000719296 -0.000423633 0.000720741 0.999995 0.00283199 0.000421995 -0.00283262 0.999996 0.0419416 -0.0284036 -0.0830478
FixedParameters: 0 0 0

#Transform 122
Transform: AffineTransform_float_3_3
Parameters: 1 -0.000610149 -0.000187973 0.000609884 0.999995 0.00302398 0.00018577 -0.00302424 0.999996 0.0368849 -0.034518 -0.0842975
FixedParameters: 0 0 0

#Transform 123
Transform: AffineTransform_float_3_3
Parameters: 1 -0.000561836 -0.000205445 0.00056259 0.999995 0.00306257 0.000203049 -0.00306281 0.999996 0.0341272 -0.0385421 -0.0831597
FixedParameters: 0 0 0

#Transform 124
Transform: AffineTransform_float_3_3
Parameters: 1 -0.000537727 -0.000267608 0.000537999 0.999995 0.00312662 0.00026573 -0.00312694 0.999995 0.0392231 -0.0346846 -0.0901344
FixedParameters: 0 0 0

#Transform 125
Transform: AffineTransform_float_3_3
Parameters: 1 -0.000467175 -0.000395754 0.000468288 0.999995 0.0031741 0.000394271 -0.0031745 0.999995 0.0426693 -0.0381289 -0.0931171
FixedParameters: 0 0 0

#Transform 126
Transform: AffineTransform_float_3_3
Parameters: 1 -0.000528517 -0.000311857 0.000529955 0.999995 0.00314801 0.000309593 -0.00314773 0.999995 0.0404983 -0.0371131 -0.0965199
FixedParameters: 0 0 0

#Transform 127
Transform: AffineTransform_float_3_3
Parameters: 1 -0.000567589 -0.000265261 0.000567771 0.999996 0.00302424 0.000263334 -0.00302396 0.999995 0.0389536 -0.0333012 -0.0855915
FixedParameters: 0 0 0

#Transform 128
Transform: AffineTransform_float_3_3
Parameters: 0.999999 -0.000606575 -0.000336896 0.000607838 0.999995 0.00331438 0.000335197 -0.00331481 0.999995 0.0405372 -0.034339 -0.0892616
FixedParameters: 0 0 0

#Transform 129
Transform: AffineTransform_float_3_3
Parameters: 0.999999 -0.000557569 -0.000400236 0.000558669 0.999995 0.00312562 0.000398233 -0.0031261 0.999995 0.0425429 -0.0400707 -0.0974966
FixedParameters: 0 0 0

#Transform 130
Transform: AffineTransform_float_3_3
Parameters: 0.999999 -0.000554765 -0.000461921 0.000555816 0.999997 0.00264308 0.000460529 -0.00264362 0.999997 0.0446006 -0.0263971 -0.115076
FixedParameters: 0 0 0

#Transform 131
Transform: AffineTransform_float_3_3
Parameters: 0.999999 -0.000574427 -0.000351641 0.000575465 0.999996 0.00282819 0.00035083 -0.00282861 0.999996 0.0415882 -0.0246706 -0.104351
FixedParameters: 0 0 0

#Transform 132
Transform: AffineTransform_float_3_3
Parameters: 1 -0.000531563 -0.000403741 0.000532349 0.999996 0.00269569 0.000402416 -0.00269615 0.999997 0.0429174 -0.0218128 -0.103526
FixedParameters: 0 0 0

#Transform 133
Transform: AffineTransform_float_3_3
Parameters: 1 -0.000530462 -0.000419208 0.000531362 0.999996 0.00275842 0.000417843 -0.00275829 0.999996 0.0428953 -0.0155871 -0.0883233
FixedParameters: 0 0 0

#Transform 134
Transform: AffineTransform_float_3_3
Parameters: 1 -0.000559879 -0.000381147 0.000561358 0.999996 0.00257755 0.000379419 -0.00257799 0.999996 0.0386618 -0.0120565 -0.0895238
FixedParameters: 0 0 0

#Transform 135
Transform: AffineTransform_float_3_3
Parameters: 0.999999 -0.000601939 -0.00034849 0.000602275 0.999997 0.00246782 0.000347119 -0.00246827 0.999997 0.0373876 -0.014618 -0.0844265
FixedParameters: 0 0 0

#Transform 136
Transform: AffineTransform_float_3_3
Parameters: 0.999999 -0.000576937 -0.000414025 0.000577664 0.999996 0.00257827 0.0004126 -0.00257799 0.999997 0.0377245 -0.02252 -0.0827141
FixedParameters: 0 0 0

#Transform 137
Transform: AffineTransform_float_3_3
Parameters: 1 -0.00039411 -0.000487946 0.000396061 0.999997 0.00249538 0.000487137 -0.00249577 0.999997 0.0450145 -0.0247523 -0.081044
FixedParameters: 0 0 0

#Transform 138
Transform: AffineTransform_float_3_3
Parameters: 1 -0.000397543 -0.00049998 0.000398269 0.999996 0.00257282 0.000498588 -0.00257248 0.999997 0.0421896 -0.0252895 -0.0780831
FixedParameters: 0 0 0

#Transform 139
Transform: AffineTransform_float_3_3
Parameters: 1 -0.000295296 -0.000285602 0.00029625 0.999997 0.0025144 0.000285278 -0.00251458 0.999997 0.0348837 -0.00975098 -0.0858532
FixedParameters: 0 0 0

#Transform 140
Transform: AffineTransform_float_3_3
Parameters: 1 -0.000298345 -0.000161094 0.000299487 0.999998 0.0022589 0.000160468 -0.00225898 0.999998 0.0336827 -0.00570987 -0.0875936
FixedParameters: 0 0 0

#Transform 141
Transform: AffineTransform_float_3_3
Parameters: 1 -0.000379152 -0.000208493 0.000380471 0.999997 0.00215297 0.000207639 -0.00215311 0.999997 0.0260585 0.00173734 -0.0860214
FixedParameters: 0 0 0

#Transform 142
Transform: AffineTransform_float_3_3
Parameters: 1 -0.000426698 -0.000176525 0.000427053 0.999997 0.00237853 0.000175657 -0.00237869 0.999997 0.032171 -0.00820581 -0.0766389
FixedParameters: 0 0 0

#Transform 143
Transform: AffineTransform_float_3_3
Parameters: 0.999999 -0.00058314 -0.000381004 0.000583697 0.999996 0.00257859 0.000379547 -0.00257828 0.999997 0.0416659 -0.00979066 -0.0678653
FixedParameters: 0 0 0

#Transform 144
Transform: AffineTransform_float_3_3
Parameters: 1 -0.000485227 -6.99565e-05 0.000485941 0.999998 0.00230145 6.84666e-05 -0.00230089 0.999997 0.0352206 -0.0208001 -0.0698475
FixedParameters: 0 0 0

#Transform 145
Transform: AffineTransform_float_3_3
Parameters: 1 -0.00054419 -4.18089e-05 0.000545231 0.999998 0.00225345 4.09756e-05 -0.00225346 0.999998 0.0313035 -0.026661 -0.0685709
FixedParameters: 0 0 0

#Transform 146
Transform: AffineTransform_float_3_3
Parameters: 1 -0.000480709 -0.00014651 0.000480934 0.999997 0.00242622 0.000145339 -0.00242637 0.999997 0.0359127 -0.0188193 -0.0831913
FixedParameters: 0 0 0

#Transform 147
Transform: AffineTransform_float_3_3
Parameters: 1 -0.0004146 -0.000104407 0.000415491 0.999998 0.00228447 0.000103235 -0.00228454 0.999998 0.0341858 -0.00958329 -0.083025
FixedParameters: 0 0 0

#Transform 148
Transform: AffineTransform_float_3_3
Parameters: 1 -0.000513837 -0.000122247 0.000513879 0.999997 0.00212514 0.000121283 -0.00212528 0.999998 0.033145 -0.0165101 -0.0769126
FixedParameters: 0 0 0

#Transform 149
Transform: AffineTransform_float_3_3
Parameters: 1 -0.000460694 -0.000327922 0.000461186 0.999997 0.00214776 0.000326265 -0.00214809 0.999997 0.0351468 -0.00915086 -0.0803008
FixedParameters: 0 0 0

#Transform 150
Transform: AffineTransform_float_3_3
Parameters: 1 -0.00043372 -9.64066e-05 0.000433659 0.999997 0.00215197 9.57603e-05 -0.00215206 0.999997 0.033104 -0.00860987 -0.0814296
FixedParameters: 0 0 0

#Transform 151
Transform: AffineTransform_float_3_3
Parameters: 1 -0.000413766 -0.000106042 0.000413748 0.999997 0.00215736 0.000105477 -0.00215745 0.999997 0.0327692 -0.0093962 -0.0754497
FixedParameters: 0 0 0

#Transform 152
Transform: AffineTransform_float_3_3
Parameters: 1 -0.000525208 -0.000395682 0.00052642 0.999997 0.00213332 0.000394659 -0.00213374 0.999997 0.0375323 -0.00487493 -0.0670997
FixedParameters: 0 0 0

#Transform 153
Transform: AffineTransform_float_3_3
Parameters: 0.999999 -0.000540495 -0.000442126 0.000540942 0.999998 0.00208231 0.000441553 -0.00208221 0.999997 0.0400033 -0.00944872 -0.0785395
FixedParameters: 0 0 0

#Transform 154
Transform: AffineTransform_float_3_3
Parameters: 1 -0.000469637 -0.000182892 0.000469928 0.999997 0.00209761 0.000182141 -0.00209779 0.999998 0.0349252 -0.00714585 -0.0809494
FixedParameters: 0 0 0

#Transform 155
Transform: AffineTransform_float_3_3
Parameters: 1 -0.000525665 -0.000330839 0.000526535 0.999998 0.00203556 0.000329917 -0.00203592 0.999998 0.0368018 -0.00480101 -0.0714582
FixedParameters: 0 0 0

#Transform 156
Transform: AffineTransform_float_3_3
Parameters: 1 -0.000412863 -0.000106788 0.000412841 0.999997 0.00212631 0.000106253 -0.00212641 0.999998 0.0323682 -0.00908719 -0.062142
FixedParameters: 0 0 0

#Transform 157
Transform: AffineTransform_float_3_3
Parameters: 1 -0.000417511 -0.000103964 0.000418387 0.999997 0.00218351 0.000102921 -0.00218358 0.999997 0.0340052 -0.00333228 -0.0620441
FixedParameters: 0 0 0

#Transform 158
Transform: AffineTransform_float_3_3
Parameters: 1 -0.000420622 -0.000101998 0.00042147 0.999998 0.00223244 0.000100863 -0.00223189 0.999998 0.0351273 -0.00449965 -0.0622194
FixedParameters: 0 0 0

#Transform 159
Transform: AffineTransform_float_3_3
Parameters: 1 -0.000438401 -0.000156082 0.000438607 0.999997 0.00218287 0.000155388 -0.00218301 0.999997 0.0372378 -0.00320444 -0.061706
FixedParameters: 0 0 0

#Transform 160
Transform: AffineTransform_float_3_3
Parameters: 1 -0.000404283 -0.000484566 0.000405399 0.999998 0.00211831 0.000483195 -0.00211811 0.999997 0.043836 -0.00182314 -0.0603273
FixedParameters: 0 0 0

#Transform 161
Transform: AffineTransform_float_3_3
Parameters: 1 -0.000377007 -0.000434621 0.000377991 0.999997 0.00221437 0.000433223 -0.00221394 0.999998 0.0415455 -0.00421112 -0.0609199
FixedParameters: 0 0 0

#Transform 162
Transform: AffineTransform_float_3_3
Parameters: 1 -0.000399499 -0.000481422 0.000400694 0.999998 0.00222224 0.00047993 -0.00222203 0.999997 0.0381785 -0.00844412 -0.069249
FixedParameters: 0 0 0

#Transform 163
Transform: AffineTransform_float_3_3
Parameters: 1 -0.000257348 -0.000182363 0.000258544 0.999997 0.00212058 0.000182051 -0.00212066 0.999997 0.0236375 -0.000565221 -0.0579839
FixedParameters: 0 0 0

#Transform 164
Transform: AffineTransform_float_3_3
Parameters: 1 -0.000468859 -0.000414117 0.000469416 0.999999 0.0018033 0.000412769 -0.00180309 0.999998 0.0397846 0.0247545 -0.0947331
FixedParameters: 0 0 0

#Transform 165
Transform: AffineTransform_float_3_3
Parameters: 1 -0.000326384 -0.000150935 0.000326487 0.999998 0.00191157 0.000150907 -0.00191168 0.999998 0.0237488 0.00446823 -0.0880679
FixedParameters: 0 0 0

#Transform 166
Transform: AffineTransform_float_3_3
Parameters: 1 -0.000513294 -0.000395925 0.000513977 0.999998 0.00201992 0.000394173 -0.00202035 0.999998 0.0390343 -0.00543727 -0.0614419
FixedParameters: 0 0 0

#Transform 167
Transform: AffineTransform_float_3_3
Parameters: 1 -0.000535055 -0.000289239 0.000535459 0.999997 0.00229911 0.000287043 -0.00229944 0.999998 0.0374251 -0.0106667 -0.0527156
FixedParameters: 0 0 0

#Transform 168
Transform: AffineTransform_float_3_3
Parameters: 1 -0.00056405 -0.00018638 0.000564297 0.999998 0.00194123 0.00018541 -0.00194145 0.999998 0.0369888 -0.00188703 -0.0540413
FixedParameters: 0 0 0

#Transform 169
Transform: AffineTransform_float_3_3
Parameters: 0.999999 -0.000674289 -0.000355647 0.000675239 0.999998 0.00200767 0.000354158 -0.00200815 0.999998 0.0372989 -0.000416276 -0.0382492
FixedParameters: 0 0 0

#Transform 170
Transform: AffineTransform_float_3_3
Parameters: 0.999999 -0.000791417 -0.000261673 0.00079187 0.999998 0.00181714 0.000260036 -0.00181695 0.999998 0.0364411 0.00517217 -0.036265
FixedParameters: 0 0 0

#Transform 171
Transform: AffineTransform_float_3_3
Parameters: 1 -0.000649575 4.53687e-06 0.000649062 0.999999 0.00175023 -5.5687e-06 -0.00174962 0.999999 0.0298531 0.0103771 -0.0142717
FixedParameters: 0 0 0

#Transform 172
Transform: AffineTransform_float_3_3
Parameters: 1 -0.000638686 -5.74761e-05 0.000639332 0.999998 0.00174547 5.60762e-05 -0.00174631 0.999998 0.033687 0.00629793 -0.0216938
FixedParameters: 0 0 0

#Transform 173
Transform: AffineTransform_float_3_3
Parameters: 0.999999 -0.000704074 -0.000121811 0.00070399 0.999998 0.00157936 0.000120864 -0.00157954 0.999999 0.0358008 -0.000204279 -0.0278683
FixedParameters: 0 0 0

#Transform 174
Transform: AffineTransform_float_3_3
Parameters: 0.999999 -0.000748871 5.12242e-05 0.000749138 0.999998 0.00158144 -5.27536e-05 -0.00158134 0.999999 0.031345 0.0153159 -0.0268872
FixedParameters: 0 0 0

#Transform 175
Transform: AffineTransform_float_3_3
Parameters: 0.999999 -0.0011273 0.000763104 0.00112598 0.999999 0.00116022 -0.000764829 -0.00115927 0.999999 0.0128379 0.0248809 -0.031071
FixedParameters: 0 0 0

#Transform 176
Transform: AffineTransform_float_3_3
Parameters: 1 -0.00106355 0.000202322 0.00106297 0.999998 0.00136812 -0.000202998 -0.00136768 0.999999 0.026297 0.0239932 -0.0213981
FixedParameters: 0 0 0

#Transform 177
Transform: AffineTransform_float_3_3
Parameters: 1 -0.000873395 0.000112561 0.000873912 0.999998 0.00166196 -0.00011368 -0.00166252 0.999998 0.0295434 0.00487461 -0.0309521
FixedParameters: 0 0 0

#Transform 178
Transform: AffineTransform_float_3_3
Parameters: 0.999999 -0.000833843 9.4445e-05 0.000833467 0.999998 0.00178716 -9.53073e-05 -0.00178699 0.999999 0.0301498 0.0010234 -0.0325631
FixedParameters: 0 0 0

#Transform 179
Transform: AffineTransform_float_3_3
Parameters: 0.999999 -0.00083353 0.000155628 0.000833828 0.999998 0.00180646 -0.000156961 -0.00180617 0.999999 0.0283577 0.00357133 -0.0232572
FixedParameters: 0 0 0

#Transform 180
Transform: AffineTransform_float_3_3
Parameters: 0.999999 -0.000810503 8.19277e-05 0.000810219 0.999998 0.00165898 -8.24503e-05 -0.00165963 0.999998 0.0306471 0.00967368 -0.0353039
FixedParameters: 0 0 0

#Transform 181
Transform: AffineTransform_float_3_3
Parameters: 0.999999 -0.000871915 0.000111708 0.000871533 0.999998 0.00165088 -0.00011242 -0.00165147 0.999999 0.0292404 0.0138466 -0.0210909
FixedParameters: 0 0 0

#Transform 182
Transform: AffineTransform_float_3_3
Parameters: 0.999999 -0.000884255 0.000116617 0.000883884 0.999999 0.00153421 -0.000117164 -0.00153479 0.999999 0.0290616 0.0192423 -0.021861
FixedParameters: 0 0 0

#Transform 183
Transform: AffineTransform_float_3_3
Parameters: 0.999999 -0.000952236 -0.000207607 0.000952341 0.999998 0.00138198 0.000206252 -0.00138238 0.999999 0.0356844 0.0257772 0.00392698
FixedParameters: 0 0 0

#Transform 184
Transform: AffineTransform_float_3_3
Parameters: 0.999999 -0.00095349 -0.00022282 0.000953657 0.999998 0.00147279 0.000221309 -0.00147261 0.999998 0.036007 0.0224769 0.00331316
FixedParameters: 0 0 0

#Transform 185
Transform: AffineTransform_float_3_3
Parameters: 1 -0.00102897 0.000104774 0.00102954 0.999998 0.00153836 -0.000106155 -0.0015389 0.999999 0.0289747 0.0152781 -0.0309655
FixedParameters: 0 0 0

#Transform 186
Transform: AffineTransform_float_3_3
Parameters: 0.999999 -0.00083932 9.47518e-05 0.000839 0.999998 0.00153321 -9.51501e-05 -0.00153304 0.999999 0.0292809 0.0155835 -0.00410224
FixedParameters: 0 0 0

#Transform 187
Transform: AffineTransform_float_3_3
Parameters: 0.999999 -0.000850771 0.000101282 0.000851324 0.999998 0.00163524 -0.000102337 -0.00163583 0.999999 0.0359079 0.00473049 -0.0325298
FixedParameters: 0 0 0

#Transform 188
Transform: AffineTransform_float_3_3
Parameters: 0.999999 -0.00082054 0.00029153 0.000820213 0.999997 0.00203379 -0.000293187 -0.00203328 0.999998 0.0352043 -0.00206131 -0.0266137
FixedParameters: 0 0 0

#Transform 189
Transform: AffineTransform_float_3_3
Parameters: 0.999999 -0.000872311 0.000442367 0.000871579 0.999998 0.00179889 -0.000443824 -0.00179808 0.999999 0.0313257 -0.00709289 -0.045097
FixedParameters: 0 0 0
