#Insight Transform File V1.0
#Transform 0
Transform: AffineTransform_float_3_3
Parameters: 1 0.000290713 -0.000914815 -0.000296871 0.999975 -0.00694723 0.000911684 0.00694735 0.999975 0.000708003 0.0768028 0.264652
FixedParameters: 0 0 0

#Transform 1
Transform: AffineTransform_float_3_3
Parameters: 0.999999 0.000206782 -0.00136339 -0.000213664 0.999989 -0.0047936 0.00136212 0.00479374 0.999988 0.044735 0.0126859 0.0626179
FixedParameters: 0 0 0

#Transform 2
Transform: AffineTransform_float_3_3
Parameters: 1 -0.000680439 2.71077e-05 0.000680479 1 -0.000830256 -2.59656e-05 0.000830118 0.999999 0.0104588 0.0323234 0.088494
FixedParameters: 0 0 0

#Transform 3
Transform: AffineTransform_float_3_3
Parameters: 1 -0.000415367 0.000231147 0.000415341 1 5.49268e-05 -0.000231193 -5.47348e-05 1 -0.0122243 -0.0093155 0.0899349
FixedParameters: 0 0 0

#Transform 4
Transform: AffineTransform_float_3_3
Parameters: 1 -0.000467305 0.000350913 0.000467118 1 0.000267024 -0.000351162 -0.000266696 1 -0.0150516 -0.00242977 0.0747499
FixedParameters: 0 0 0

#Transform 5
Transform: AffineTransform_float_3_3
Parameters: 1 -0.000229912 0.000433592 0.000229936 1 -2.76761e-05 -0.000433579 2.78755e-05 1 -0.0155544 -0.0139671 0.0653073
FixedParameters: 0 0 0

#Transform 6
Transform: AffineTransform_float_3_3
Parameters: 1 -1.0187e-05 0.000544341 1.10742e-05 0.999999 -0.000814989 -0.000544323 0.000815001 0.999999 -0.0215155 -0.00583067 0.0530877
FixedParameters: 0 0 0

#Transform 7
Transform: AffineTransform_float_3_3
Parameters: 1 -0.000271986 0.00010718 0.000272082 1 -0.000447937 -0.000106937 0.000447995 1 -0.0133652 -0.0109926 0.0622694
FixedParameters: 0 0 0

#Transform 8
Transform: AffineTransform_float_3_3
Parameters: 1 -0.000593865 -4.29691e-05 0.000594197 0.999999 -0.00138769 4.32251e-05 0.00138765 0.999999 -0.00489571 0.0126697 0.0475915
FixedParameters: 0 0 0

#Transform 9
Transform: AffineTransform_float_3_3
Parameters: 1 -0.000400983 0.000132371 0.000400895 0.999999 -0.0013525 -0.000132241 0.00135259 0.999999 -0.0141875 0.0178385 0.0432422
FixedParameters: 0 0 0

#Transform 10
Transform: AffineTransform_float_3_3
Parameters: 1 -0.000354043 2.20095e-05 0.000353654 0.999999 -0.00129129 -2.20501e-05 0.00129129 0.999999 -0.00527081 0.0171113 0.0453381
FixedParameters: 0 0 0

#Transform 11
Transform: AffineTransform_float_3_3
Parameters: 1 -0.000421044 -1.68187e-05 0.000421889 0.999999 -0.0013295 1.74436e-05 0.00132951 0.999999 -0.00418821 0.0334205 0.0250211
FixedParameters: 0 0 0

#Transform 12
Transform: AffineTransform_float_3_3
Parameters: 1 -0.000269366 4.89094e-05 0.00026949 0.999999 -0.00135763 -4.82353e-05 0.00135766 0.999999 -0.00508056 0.0337053 0.0254283
FixedParameters: 0 0 0

#Transform 13
Transform: AffineTransform_float_3_3
Parameters: 1 -0.000386988 0.000218496 0.000387496 0.999999 -0.00118246 -0.000217637 0.00118263 1 -0.00976327 0.0298963 0.0239784
FixedParameters: 0 0 0

#Transform 14
Transform: AffineTransform_float_3_3
Parameters: 0.999999 -0.000209622 0.000710188 0.000210896 1 -0.000888325 -0.000709892 0.000888009 1 -0.020793 0.0260365 0.0146557
FixedParameters: 0 0 0

#Transform 15
Transform: AffineTransform_float_3_3
Parameters: 1 -0.000502433 0.000330657 0.000501797 1 -0.00107163 -0.000330097 0.00107192 1 -0.0176983 0.0258431 0.0194062
FixedParameters: 0 0 0

#Transform 16
Transform: AffineTransform_float_3_3
Parameters: 1 -0.000332267 0.00021841 0.000332677 1 -0.000957955 -0.00021783 0.0009581 1 -0.0151981 0.025627 0.0257237
FixedParameters: 0 0 0

#Transform 17
Transform: AffineTransform_float_3_3
Parameters: 1 -0.000432798 0.000257778 0.000432862 1 -0.000942277 -0.000257867 0.000941695 0.999999 -0.0112741 0.0245881 0.0328904
FixedParameters: 0 0 0

#Transform 18
Transform: AffineTransform_float_3_3
Parameters: 1 3.89926e-05 0.000649695 -3.78323e-05 0.999999 -0.000895482 -0.000649834 0.000895606 1 -0.0181248 0.0220519 0.0132385
FixedParameters: 0 0 0

#Transform 19
Transform: AffineTransform_float_3_3
Parameters: 1 -0.000311235 0.000114783 0.000312366 1 -0.000942348 -0.000114641 0.000941656 0.999999 -0.00692432 0.0204055 0.0249792
FixedParameters: 0 0 0

#Transform 20
Transform: AffineTransform_float_3_3
Parameters: 1 -0.000299112 0.00013165 0.000299345 0.999999 -0.000888238 -0.000131119 0.000888317 0.999999 -0.0119449 0.0126493 0.0114063
FixedParameters: 0 0 0

#Transform 21
Transform: AffineTransform_float_3_3
Parameters: 1 8.44607e-05 0.000449289 -8.36776e-05 0.999999 -0.000897753 -0.00044949 0.000898466 1 -0.0130528 0.0156219 0.0168998
FixedParameters: 0 0 0

#Transform 22
Transform: AffineTransform_float_3_3
Parameters: 1 0.000468772 9.52404e-05 -0.00046816 0.999999 -0.000910529 -9.51965e-05 0.000910456 0.999999 -0.00614991 0.0197861 0.0155761
FixedParameters: 0 0 0

#Transform 23
Transform: AffineTransform_float_3_3
Parameters: 1 0.000572038 -0.000437376 -0.000572042 0.999999 0.000496366 0.000437046 -0.000495882 1 0.0118884 0.00501151 -0.0239269
FixedParameters: 0 0 0

#Transform 24
Transform: AffineTransform_float_3_3
Parameters: 1 0.00031369 -0.000393666 -0.000313051 0.999999 0.000811978 0.000394175 -0.000811731 0.999999 0.00952463 0.00199155 -0.0217249
FixedParameters: 0 0 0

#Transform 25
Transform: AffineTransform_float_3_3
Parameters: 1 0.000389295 -5.75174e-05 -0.000389169 1 0.000945619 5.82457e-05 -0.000946362 0.999999 0.00146077 -0.0074636 -0.0159528
FixedParameters: 0 0 0

#Transform 26
Transform: AffineTransform_float_3_3
Parameters: 1 0.000230559 -0.00057973 -0.000229761 0.999999 0.00105497 0.000579241 -0.00105534 1 0.0137169 0.00225193 -0.026874
FixedParameters: 0 0 0

#Transform 27
Transform: AffineTransform_float_3_3
Parameters: 1 0.000150541 -0.000621697 -0.000148948 0.999999 0.001287 0.000622025 -0.00128681 0.999999 0.0147859 -0.0106267 -0.041771
FixedParameters: 0 0 0

#Transform 28
Transform: AffineTransform_float_3_3
Parameters: 1 4.51514e-05 -0.000586073 -4.44352e-05 0.999999 0.00138311 0.000586578 -0.00138308 0.999999 0.0138015 -0.0235259 -0.0540912
FixedParameters: 0 0 0

#Transform 29
Transform: AffineTransform_float_3_3
Parameters: 1 1.31182e-05 -0.000492184 -1.28303e-05 0.999998 0.00163765 0.00049169 -0.00163829 0.999998 0.0114847 -0.0198419 -0.061416
FixedParameters: 0 0 0

#Transform 30
Transform: AffineTransform_float_3_3
Parameters: 1 -9.89654e-05 -0.000501029 9.97259e-05 0.999998 0.0016418 0.000501063 -0.00164254 0.999998 0.0214985 -0.01269 -0.0713983
FixedParameters: 0 0 0

#Transform 31
Transform: AffineTransform_float_3_3
Parameters: 1 0.000106715 -0.000299738 -0.00010572 0.999998 0.00163673 0.000300008 -0.00163728 0.999999 0.00767125 -0.0202878 -0.0761694
FixedParameters: 0 0 0

#Transform 32
Transform: AffineTransform_float_3_3
Parameters: 1 0.000144659 -0.000498395 -0.000143689 0.999999 0.00142165 0.00049785 -0.00142152 0.999999 0.0127617 -0.0238616 -0.0785359
FixedParameters: 0 0 0

#Transform 33
Transform: AffineTransform_float_3_3
Parameters: 1 8.59283e-05 -0.000471533 -8.59642e-05 0.999999 0.00136555 0.000471231 -0.00136612 0.999999 0.0144594 -0.00695256 -0.0798987
FixedParameters: 0 0 0

#Transform 34
Transform: AffineTransform_float_3_3
Parameters: 1 0.00029653 -0.000466758 -0.000295661 0.999999 0.00140946 0.000466638 -0.0014092 0.999999 0.0128755 -0.0188132 -0.083806
FixedParameters: 0 0 0

#Transform 35
Transform: AffineTransform_float_3_3
Parameters: 1 0.000298101 -0.000389947 -0.000298222 0.999999 0.000968667 0.000390943 -0.000969073 0.999999 0.0110717 -0.00512817 -0.0807839
FixedParameters: 0 0 0

#Transform 36
Transform: AffineTransform_float_3_3
Parameters: 1 0.000324274 -0.000401013 -0.000323817 1 0.00112678 0.000400789 -0.00112653 1 0.00516082 -0.00362666 -0.0759764
FixedParameters: 0 0 0

#Transform 37
Transform: AffineTransform_float_3_3
Parameters: 1 0.000428039 -0.00031332 -0.000427881 0.999999 0.00166495 0.000315118 -0.00166549 0.999998 5.26339e-05 -0.0120573 -0.0684466
FixedParameters: 0 0 0

#Transform 38
Transform: AffineTransform_float_3_3
Parameters: 1 0.000267013 -0.000236679 -0.000266304 0.999999 0.00151114 0.000237428 -0.00151102 0.999999 -0.00337951 -0.00735523 -0.0701876
FixedParameters: 0 0 0

#Transform 39
Transform: AffineTransform_float_3_3
Parameters: 1 0.000525493 -0.000359936 -0.000524694 0.999999 0.00173747 0.000360749 -0.0017371 0.999999 -0.000986487 -0.0179299 -0.0777556
FixedParameters: 0 0 0

#Transform 40
Transform: AffineTransform_float_3_3
Parameters: 1 0.000536267 -0.000238566 -0.000535897 0.999999 0.00172354 0.000239402 -0.0017233 0.999999 -0.0061436 -0.0205004 -0.0747066
FixedParameters: 0 0 0

#Transform 41
Transform: AffineTransform_float_3_3
Parameters: 1 0.000522508 -0.000361277 -0.000521883 0.999999 0.00148043 0.000361868 -0.00148007 0.999999 -0.00146159 -0.00615461 -0.0739885
FixedParameters: 0 0 0

#Transform 42
Transform: AffineTransform_float_3_3
Parameters: 1 0.000395793 -0.000547367 -0.000395361 0.999999 0.00160605 0.000548113 -0.00160645 0.999998 0.00501033 -0.0138308 -0.0625697
FixedParameters: 0 0 0

#Transform 43
Transform: AffineTransform_float_3_3
Parameters: 1 0.00049278 -0.000439885 -0.000491806 0.999998 0.00161308 0.000440519 -0.00161266 0.999998 -0.00195018 -0.0106701 -0.0587503
FixedParameters: 0 0 0

#Transform 44
Transform: AffineTransform_float_3_3
Parameters: 1 0.000294202 -0.000556932 -0.00029365 0.999999 0.00170932 0.000557363 -0.00170904 0.999999 0.00769551 -0.0143293 -0.0632954
FixedParameters: 0 0 0

#Transform 45
Transform: AffineTransform_float_3_3
Parameters: 1 0.000306853 -0.000635541 -0.000306309 0.999999 0.0014856 0.000635936 -0.00148525 0.999998 0.00830197 -0.0109123 -0.0666399
FixedParameters: 0 0 0

#Transform 46
Transform: AffineTransform_float_3_3
Parameters: 1 0.000160369 -0.000184336 -0.000159802 0.999999 0.00155639 0.000184777 -0.00155633 0.999999 -0.00135676 -0.0120984 -0.0684783
FixedParameters: 0 0 0

#Transform 47
Transform: AffineTransform_float_3_3
Parameters: 1 0.000184708 -0.000626137 -0.000183748 0.999999 0.00148908 0.000627067 -0.00148888 0.999998 0.016033 -0.00430042 -0.0752267
FixedParameters: 0 0 0

#Transform 48
Transform: AffineTransform_float_3_3
Parameters: 1 0.000345578 -0.000619914 -0.000345081 0.999999 0.00148456 0.000620423 -0.00148418 0.999998 0.0089477 -0.0142076 -0.074974
FixedParameters: 0 0 0

#Transform 49
Transform: AffineTransform_float_3_3
Parameters: 1 0.00035721 -0.000610689 -0.000356941 0.999999 0.0013202 0.000611115 -0.0013198 0.999999 0.00270257 -0.0123508 -0.0724583
FixedParameters: 0 0 0

#Transform 50
Transform: AffineTransform_float_3_3
Parameters: 0.999999 0.000238338 -0.000821456 -0.000236972 0.999999 0.00136904 0.000822467 -0.00136928 0.999999 0.00759505 0.000618869 -0.0677462
FixedParameters: 0 0 0

#Transform 51
Transform: AffineTransform_float_3_3
Parameters: 1 0.000133036 -0.000603998 -0.00013348 1 0.00037613 0.000604536 -0.000375993 1 0.00656541 0.0218385 -0.0896835
FixedParameters: 0 0 0

#Transform 52
Transform: AffineTransform_float_3_3
Parameters: 1 2.32312e-05 -0.000598301 -2.34087e-05 0.999999 0.000584526 0.000598746 -0.000585136 1 0.0149712 0.0113397 -0.083375
FixedParameters: 0 0 0

#Transform 53
Transform: AffineTransform_float_3_3
Parameters: 0.999999 -1.0725e-05 -0.000769469 1.1731e-05 0.999999 0.00124194 0.000769822 -0.00124198 0.999999 0.0183379 -0.0118286 -0.0654074
FixedParameters: 0 0 0

#Transform 54
Transform: AffineTransform_float_3_3
Parameters: 1 0.000254342 -0.000492664 -0.000253074 0.999999 0.00174771 0.000492539 -0.00174748 0.999999 0.0131986 -0.0242539 -0.0827331
FixedParameters: 0 0 0

#Transform 55
Transform: AffineTransform_float_3_3
Parameters: 1 0.000319782 -0.000605026 -0.000319317 0.999999 0.00149534 0.000605465 -0.001495 0.999998 0.00998579 -0.0202032 -0.0838081
FixedParameters: 0 0 0

#Transform 56
Transform: AffineTransform_float_3_3
Parameters: 0.999999 0.000180061 -0.000800712 -0.000178912 0.999999 0.00128251 0.000801553 -0.00128224 0.999999 0.0202673 -0.00403493 -0.0751767
FixedParameters: 0 0 0

#Transform 57
Transform: AffineTransform_float_3_3
Parameters: 0.999999 0.000305722 -0.000660985 -0.000305266 0.999999 0.00134568 0.000661271 -0.00134593 0.999999 0.0107775 0.000878913 -0.0738902
FixedParameters: 0 0 0

#Transform 58
Transform: AffineTransform_float_3_3
Parameters: 0.999999 0.000265435 -0.000807329 -0.000264674 0.999999 0.00101917 0.00080823 -0.00101939 1 0.0138831 0.00207665 -0.0858971
FixedParameters: 0 0 0

#Transform 59
Transform: AffineTransform_float_3_3
Parameters: 1 9.95538e-05 -0.000530472 -9.92359e-05 1 0.00115268 0.000531082 -0.0011526 0.999999 0.00626322 -0.000662885 -0.0875592
FixedParameters: 0 0 0

#Transform 60
Transform: AffineTransform_float_3_3
Parameters: 1 0.000242382 -0.000590108 -0.000241675 0.999999 0.00134772 0.000591121 -0.00134807 0.999999 0.0153472 -0.0169109 -0.0702547
FixedParameters: 0 0 0

#Transform 61
Transform: AffineTransform_float_3_3
Parameters: 1 0.000112057 -0.000525994 -0.000111914 0.999999 0.00141344 0.000525794 -0.00141336 0.999999 0.0135596 -0.00700754 -0.0886367
FixedParameters: 0 0 0

#Transform 62
Transform: AffineTransform_float_3_3
Parameters: 1 0.000166623 -0.00056792 -0.000165784 0.999999 0.00153482 0.000568811 -0.00153465 0.999998 0.00726968 -0.0134444 -0.0804594
FixedParameters: 0 0 0

#Transform 63
Transform: AffineTransform_float_3_3
Parameters: 0.999999 0.000323365 -0.000811836 -0.000322183 0.999998 0.00155557 0.000812324 -0.00155509 0.999998 0.0148214 -0.0133646 -0.0724593
FixedParameters: 0 0 0

#Transform 64
Transform: AffineTransform_float_3_3
Parameters: 0.999999 0.00020745 -0.000771173 -0.000206889 0.999999 0.00123581 0.000771169 -0.00123553 0.999999 0.0129799 -0.0105501 -0.0759658
FixedParameters: 0 0 0

#Transform 65
Transform: AffineTransform_float_3_3
Parameters: 0.999999 0.000218307 -0.000798348 -0.000216861 0.999999 0.00147253 0.000799369 -0.00147221 0.999998 0.0202072 0.000112018 -0.0698059
FixedParameters: 0 0 0

#Transform 66
Transform: AffineTransform_float_3_3
Parameters: 1 0.000279939 -0.000610592 -0.000278488 0.999999 0.0015535 0.000610505 -0.00155317 0.999998 0.0108145 -0.0117112 -0.0817974
FixedParameters: 0 0 0

#Transform 67
Transform: AffineTransform_float_3_3
Parameters: 0.999999 0.000335465 -0.0007446 -0.00033468 0.999999 0.0014294 0.000745042 -0.00142895 0.999998 0.0106638 -0.0128313 -0.0770769
FixedParameters: 0 0 0

#Transform 68
Transform: AffineTransform_float_3_3
Parameters: 1 0.000361234 -0.000605062 -0.000359858 0.999999 0.00150521 0.000605193 -0.00150479 0.999998 0.0103524 -0.0133861 -0.0769462
FixedParameters: 0 0 0

#Transform 69
Transform: AffineTransform_float_3_3
Parameters: 0.999999 0.000383113 -0.000642176 -0.000381861 0.999999 0.00132239 0.000642233 -0.00132191 0.999999 0.00768747 -0.0111379 -0.0807436
FixedParameters: 0 0 0

#Transform 70
Transform: AffineTransform_float_3_3
Parameters: 0.999999 0.000374253 -0.00071838 -0.000373297 0.999998 0.00158567 0.000719028 -0.00158578 0.999998 0.00931265 -0.0150264 -0.0791181
FixedParameters: 0 0 0

#Transform 71
Transform: AffineTransform_float_3_3
Parameters: 0.999999 0.000378189 -0.000710286 -0.000377259 0.999998 0.00158558 0.000710947 -0.0015857 0.999998 0.00855176 -0.0167256 -0.0793049
FixedParameters: 0 0 0

#Transform 72
Transform: AffineTransform_float_3_3
Parameters: 0.999999 0.00038606 -0.000694099 -0.000385181 0.999998 0.00158542 0.000694785 -0.00158553 0.999998 0.0070265 -0.0150109 -0.0782858
FixedParameters: 0 0 0

#Transform 73
Transform: AffineTransform_float_3_3
Parameters: 0.999999 0.00037469 -0.00071748 -0.000373738 0.999998 0.00158566 0.00071813 -0.00158577 0.999998 0.00486049 -0.00895429 -0.0673397
FixedParameters: 0 0 0

#Transform 74
Transform: AffineTransform_float_3_3
Parameters: 0.999999 0.000355888 -0.000756149 -0.000354812 0.999998 0.00158605 0.00075674 -0.00158617 0.999998 0.00846929 -0.00606763 -0.0620262
FixedParameters: 0 0 0

#Transform 75
Transform: AffineTransform_float_3_3
Parameters: 0.999999 0.000402655 -0.00066848 -0.000401707 0.999999 0.0017189 0.000669288 -0.0017184 0.999999 0.00901541 -0.0145369 -0.0741404
FixedParameters: 0 0 0

#Transform 76
Transform: AffineTransform_float_3_3
Parameters: 0.999999 0.000484392 -0.000812135 -0.000482701 0.999998 0.00187221 0.000813372 -0.00187146 0.999998 0.00748884 -0.0183999 -0.0711878
FixedParameters: 0 0 0

#Transform 77
Transform: AffineTransform_float_3_3
Parameters: 0.999999 0.000338834 -0.000791221 -0.000337646 0.999998 0.00158641 0.000791757 -0.00158653 0.999998 0.0102968 -0.00722479 -0.0597471
FixedParameters: 0 0 0

#Transform 78
Transform: AffineTransform_float_3_3
Parameters: 0.999999 0.000314347 -0.00084158 -0.000312999 0.999998 0.00158693 0.000842039 -0.00158705 0.999998 0.0115876 -0.0154863 -0.0586863
FixedParameters: 0 0 0

#Transform 79
Transform: AffineTransform_float_3_3
Parameters: 0.999999 0.000290297 -0.00089104 -0.000288791 0.999998 0.00158743 0.000891423 -0.00158757 0.999998 0.0187317 -0.012275 -0.0685582
FixedParameters: 0 0 0

#Transform 80
Transform: AffineTransform_float_3_3
Parameters: 0.999999 0.000264791 -0.000947001 -0.000263031 0.999999 0.00164278 0.000947295 -0.00164232 0.999998 0.0152945 -0.00902994 -0.0586145
FixedParameters: 0 0 0

#Transform 81
Transform: AffineTransform_float_3_3
Parameters: 1 0.000265317 -0.000946093 -0.000263527 0.999999 0.00164497 0.000946427 -0.00164512 0.999999 0.0170929 -0.0115417 -0.0696342
FixedParameters: 0 0 0

#Transform 82
Transform: AffineTransform_float_3_3
Parameters: 1 0.000167741 -0.00115232 -0.000166429 0.999999 0.00173276 0.00115193 -0.00173245 0.999998 0.0286414 -0.00750588 -0.0690599
FixedParameters: 0 0 0

#Transform 83
Transform: AffineTransform_float_3_3
Parameters: 1 0.000167612 -0.00115897 -0.00016561 0.999999 0.00183079 0.0011595 -0.00183047 0.999997 0.0248315 -0.0142545 -0.0640559
FixedParameters: 0 0 0

#Transform 84
Transform: AffineTransform_float_3_3
Parameters: 1 0.000234659 -0.00119244 -0.000232942 0.999999 0.00165094 0.00119311 -0.00165106 0.999998 0.0192562 -0.00942386 -0.069969
FixedParameters: 0 0 0

#Transform 85
Transform: AffineTransform_float_3_3
Parameters: 0.999999 0.000220607 -0.00124577 -0.000218741 0.999999 0.00164014 0.00124639 -0.00164027 0.999998 0.0245987 -0.0135225 -0.0674535
FixedParameters: 0 0 0

#Transform 86
Transform: AffineTransform_float_3_3
Parameters: 0.999999 0.000228025 -0.00121228 -0.000226181 0.999999 0.00167607 0.00121294 -0.00167619 0.999998 0.0186224 -0.0178972 -0.0586893
FixedParameters: 0 0 0

#Transform 87
Transform: AffineTransform_float_3_3
Parameters: 0.999999 0.000266477 -0.00147341 -0.000263475 0.999998 0.00177215 0.00147425 -0.00177205 0.999997 0.0312209 -0.0184971 -0.054459
FixedParameters: 0 0 0

#Transform 88
Transform: AffineTransform_float_3_3
Parameters: 0.999999 0.000234973 -0.0012482 -0.000232575 0.999998 0.00184983 0.00124896 -0.00184992 0.999997 0.0309122 -0.0198043 -0.054341
FixedParameters: 0 0 0

#Transform 89
Transform: AffineTransform_float_3_3
Parameters: 0.999999 0.000233644 -0.000835153 -0.000232595 0.999999 0.00143294 0.000835305 -0.00143259 0.999998 0.0147871 -0.00705645 -0.0490275
FixedParameters: 0 0 0

#Transform 90
Transform: AffineTransform_float_3_3
Parameters: 0.999999 0.000306429 -0.000867276 -0.000304773 0.999999 0.00173394 0.000867762 -0.00173345 0.999998 0.0131959 0.000784784 -0.0606073
FixedParameters: 0 0 0

#Transform 91
Transform: AffineTransform_float_3_3
Parameters: 1 0.000199955 -0.000542316 -0.000199546 0.999998 0.00159718 0.000542417 -0.00159761 0.999999 0.0135353 -0.00297058 -0.0582076
FixedParameters: 0 0 0

#Transform 92
Transform: AffineTransform_float_3_3
Parameters: 1 0.000286332 -0.000133398 -0.000285982 0.999999 0.00133587 0.000134105 -0.0013358 0.999999 -0.00451539 0.00711681 -0.0669472
FixedParameters: 0 0 0

#Transform 93
Transform: AffineTransform_float_3_3
Parameters: 1 0.000102508 -0.000298254 -0.000101633 0.999999 0.0014776 0.000298499 -0.00147754 0.999999 -0.00268089 -0.00478287 -0.060018
FixedParameters: 0 0 0

#Transform 94
Transform: AffineTransform_float_3_3
Parameters: 1 -5.96798e-05 -0.000312268 5.9795e-05 0.999998 0.0016342 0.000312453 -0.00163426 0.999998 0.00318078 -0.000768595 -0.0472962
FixedParameters: 0 0 0

#Transform 95
Transform: AffineTransform_float_3_3
Parameters: 1 0.00021272 -0.000476986 -0.000211516 0.999999 0.00173794 0.000476711 -0.00173775 0.999999 0.00592283 -0.0128733 -0.0530938
FixedParameters: 0 0 0

#Transform 96
Transform: AffineTransform_float_3_3
Parameters: 1 0.000234504 -0.000250234 -0.000234163 0.999998 0.00157304 0.000250017 -0.00157294 0.999998 -0.00719776 -0.000414677 -0.0756803
FixedParameters: 0 0 0

#Transform 97
Transform: AffineTransform_float_3_3
Parameters: 1 0.000261955 -0.000117306 -0.000261561 0.999999 0.0017378 0.000118101 -0.00173773 0.999999 -0.0116726 -0.0101234 -0.0841887
FixedParameters: 0 0 0

#Transform 98
Transform: AffineTransform_float_3_3
Parameters: 1 0.000215115 -9.39013e-05 -0.000214791 0.999999 0.00179824 9.45594e-05 -0.0017982 0.999999 -0.010076 -0.0159999 -0.0834098
FixedParameters: 0 0 0

#Transform 99
Transform: AffineTransform_float_3_3
Parameters: 1 0.000292892 -4.28538e-05 -0.000293183 0.999998 0.00189322 4.29514e-05 -0.00189321 0.999998 -0.0118829 -0.0222697 -0.0858605
FixedParameters: 0 0 0

#Transform 100
Transform: AffineTransform_float_3_3
Parameters: 1 0.000285231 -5.47755e-06 -0.000285223 0.999998 0.00192159 6.45878e-06 -0.00192158 0.999998 -0.00881456 -0.0172211 -0.0791339
FixedParameters: 0 0 0

#Transform 101
Transform: AffineTransform_float_3_3
Parameters: 1 0.000377172 -6.54856e-05 -0.000377397 0.999999 0.00173465 6.57825e-05 -0.00173462 0.999999 -0.00795025 -0.00857176 -0.0746909
FixedParameters: 0 0 0

#Transform 102
Transform: AffineTransform_float_3_3
Parameters: 1 0.000368928 -0.000169337 -0.000368353 0.999999 0.00173456 0.000170501 -0.00173443 0.999999 -0.0103623 -0.00473554 -0.0806803
FixedParameters: 0 0 0

#Transform 103
Transform: AffineTransform_float_3_3
Parameters: 1 0.000336566 -0.000153597 -0.000336046 0.999999 0.00173554 0.000154649 -0.00173543 0.999999 -0.00698628 -0.00484572 -0.0756667
FixedParameters: 0 0 0

#Transform 104
Transform: AffineTransform_float_3_3
Parameters: 1 0.000235151 -0.000306672 -0.000233972 0.999998 0.00194399 0.000307469 -0.00194385 0.999998 -0.00438124 -0.0133819 -0.065675
FixedParameters: 0 0 0

#Transform 105
Transform: AffineTransform_float_3_3
Parameters: 1 0.00015409 -0.000439218 -0.0001537 0.999998 0.00198181 0.000439255 -0.00198171 0.999998 -0.000479231 -0.0126628 -0.0799933
FixedParameters: 0 0 0

#Transform 106
Transform: AffineTransform_float_3_3
Parameters: 1 0.00030741 -0.000328942 -0.000307513 0.999998 0.00189681 0.000329534 -0.00189664 0.999998 -0.00309498 -0.0102344 -0.0846734
FixedParameters: 0 0 0

#Transform 107
Transform: AffineTransform_float_3_3
Parameters: 1 0.000372894 -0.000497051 -0.000372418 0.999998 0.00183736 0.000497847 -0.00183703 0.999998 0.00099361 -0.0115066 -0.0887476
FixedParameters: 0 0 0

#Transform 108
Transform: AffineTransform_float_3_3
Parameters: 1 0.000407431 -0.000187117 -0.000406762 0.999999 0.00182144 0.000188485 -0.00182128 0.999999 -0.007584 -0.0153479 -0.0795226
FixedParameters: 0 0 0

#Transform 109
Transform: AffineTransform_float_3_3
Parameters: 1 0.000381934 -0.000318036 -0.000381221 0.999998 0.00183272 0.000318422 -0.00183249 0.999999 -0.00466309 -0.0040267 -0.0710828
FixedParameters: 0 0 0

#Transform 110
Transform: AffineTransform_float_3_3
Parameters: 1 0.000172847 -0.000428681 -0.00017137 0.999999 0.00173925 0.000429165 -0.0017391 0.999999 -0.00124598 -0.00970689 -0.0590957
FixedParameters: 0 0 0

#Transform 111
Transform: AffineTransform_float_3_3
Parameters: 1 0.00012965 -0.000634408 -0.000129396 0.999998 0.00195696 0.000634759 -0.00195748 0.999998 0.0093438 -0.0149859 -0.0592056
FixedParameters: 0 0 0

#Transform 112
Transform: AffineTransform_float_3_3
Parameters: 0.999999 0.000162733 -0.000770172 -0.000161175 0.999998 0.00188935 0.00077021 -0.00188915 0.999998 0.00988731 -0.013409 -0.0585683
FixedParameters: 0 0 0

#Transform 113
Transform: AffineTransform_float_3_3
Parameters: 0.999999 0.000202369 -0.000784626 -0.000200683 0.999998 0.0019224 0.000784807 -0.00192274 0.999998 0.00919646 -0.0171898 -0.0462718
FixedParameters: 0 0 0

#Transform 114
Transform: AffineTransform_float_3_3
Parameters: 1 0.000183957 -0.000647606 -0.000182772 0.999998 0.00194241 0.000647724 -0.00194283 0.999998 0.00712267 -0.0120994 -0.051608
FixedParameters: 0 0 0

#Transform 115
Transform: AffineTransform_float_3_3
Parameters: 1 0.000174415 -0.000549378 -0.000173612 0.999998 0.00196084 0.000549487 -0.00196069 0.999998 -0.00103659 -0.0117772 -0.055838
FixedParameters: 0 0 0

#Transform 116
Transform: AffineTransform_float_3_3
Parameters: 1 0.000193614 -0.000674375 -0.000192326 0.999998 0.00195686 0.000674557 -0.00195664 0.999998 0.00693791 -0.00369237 -0.0427258
FixedParameters: 0 0 0

#Transform 117
Transform: AffineTransform_float_3_3
Parameters: 0.999999 0.000211579 -0.000743735 -0.000210101 0.999998 0.00190209 0.000743963 -0.00190181 0.999998 0.00512425 0.00514338 -0.0387441
FixedParameters: 0 0 0

#Transform 118
Transform: AffineTransform_float_3_3
Parameters: 1 0.000209566 -0.000673904 -0.000208226 0.999998 0.00199743 0.000674164 -0.00199719 0.999998 0.00955893 -0.00551937 -0.0436641
FixedParameters: 0 0 0

#Transform 119
Transform: AffineTransform_float_3_3
Parameters: 1 0.000249156 -0.000537535 -0.000248476 0.999998 0.00188974 0.000537902 -0.00188951 0.999998 0.00188082 -0.0047781 -0.0517226
FixedParameters: 0 0 0

#Transform 120
Transform: AffineTransform_float_3_3
Parameters: 0.999999 0.000246073 -0.000696003 -0.000244919 0.999999 0.00180024 0.000696313 -0.00179994 0.999998 0.00918303 -0.0148655 -0.0467604
FixedParameters: 0 0 0

#Transform 121
Transform: AffineTransform_float_3_3
Parameters: 0.999999 0.000199238 -0.000705472 -0.000198048 0.999999 0.00180152 0.000705614 -0.00180128 0.999998 0.0092063 -0.00998302 -0.0458637
FixedParameters: 0 0 0

#Transform 122
Transform: AffineTransform_float_3_3
Parameters: 1 0.000296652 -0.000636607 -0.000294745 0.999998 0.00185407 0.000636691 -0.00185371 0.999998 0.0161949 -0.0105843 -0.0576303
FixedParameters: 0 0 0

#Transform 123
Transform: AffineTransform_float_3_3
Parameters: 0.999999 0.000292334 -0.000705232 -0.000291014 0.999998 0.00189395 0.000705763 -0.00189358 0.999998 0.0115488 -0.010705 -0.0587224
FixedParameters: 0 0 0

#Transform 124
Transform: AffineTransform_float_3_3
Parameters: 0.999999 0.000356864 -0.000776205 -0.000355217 0.999998 0.00193092 0.000777006 -0.00193041 0.999998 0.0115354 -0.00560182 -0.0574094
FixedParameters: 0 0 0

#Transform 125
Transform: AffineTransform_float_3_3
Parameters: 0.999999 0.000198118 -0.000796105 -0.000195931 0.999998 0.00221361 0.000796326 -0.00221395 0.999998 0.0158556 -0.0121094 -0.0583945
FixedParameters: 0 0 0

#Transform 126
Transform: AffineTransform_float_3_3
Parameters: 0.999999 0.000184725 -0.000814496 -0.000182875 0.999998 0.00196562 0.000814645 -0.00196536 0.999997 0.0130589 -0.0125303 -0.0542291
FixedParameters: 0 0 0

#Transform 127
Transform: AffineTransform_float_3_3
Parameters: 0.999999 -4.74758e-05 -0.000952427 4.95659e-05 0.999999 0.00180752 0.000951678 -0.00180765 0.999998 0.0221409 -0.0120856 -0.0506823
FixedParameters: 0 0 0

#Transform 128
Transform: AffineTransform_float_3_3
Parameters: 0.999999 0.000132452 -0.00082325 -0.000131417 0.999998 0.00199503 0.000823641 -0.00199488 0.999997 0.016804 -0.0150494 -0.0473965
FixedParameters: 0 0 0

#Transform 129
Transform: AffineTransform_float_3_3
Parameters: 1 8.43372e-05 -0.00106759 -8.228e-05 0.999998 0.0020135 0.00106784 -0.00201339 0.999997 0.0213881 -0.0114202 -0.0507336
FixedParameters: 0 0 0

#Transform 130
Transform: AffineTransform_float_3_3
Parameters: 1 0.00020258 -0.00108512 -0.000200894 0.999998 0.00180027 0.00108575 -0.00180051 0.999998 0.0211424 -0.00496499 -0.0541039
FixedParameters: 0 0 0

#Transform 131
Transform: AffineTransform_float_3_3
Parameters: 1 0.000199521 -0.00109142 -0.000198252 0.999998 0.00180032 0.00109114 -0.00180058 0.999998 0.0266675 -0.00685494 -0.0466934
FixedParameters: 0 0 0

#Transform 132
Transform: AffineTransform_float_3_3
Parameters: 0.999999 0.000251504 -0.00098441 -0.000249754 0.999999 0.00179908 0.000983841 -0.00179864 0.999998 0.0174735 -0.0035981 -0.0486444
FixedParameters: 0 0 0

#Transform 133
Transform: AffineTransform_float_3_3
Parameters: 1 0.000108738 -0.00108841 -0.000107034 0.999998 0.00180285 0.0010887 -0.0018033 0.999998 0.0258818 0.00244496 -0.0363056
FixedParameters: 0 0 0

#Transform 134
Transform: AffineTransform_float_3_3
Parameters: 1 6.7472e-05 -0.00109697 -6.45785e-05 0.999998 0.00193185 0.00109671 -0.00193175 0.999997 0.025752 -0.00709712 -0.0337033
FixedParameters: 0 0 0

#Transform 135
Transform: AffineTransform_float_3_3
Parameters: 0.999999 0.000253962 -0.000839227 -0.000252889 0.999998 0.00196677 0.000840068 -0.00196702 0.999998 0.014116 -0.0147503 -0.0471916
FixedParameters: 0 0 0

#Transform 136
Transform: AffineTransform_float_3_3
Parameters: 0.999999 0.000214625 -0.000834406 -0.000213737 0.999998 0.00187965 0.000835076 -0.00187936 0.999998 0.00474173 -0.00647917 -0.0347886
FixedParameters: 0 0 0

#Transform 137
Transform: AffineTransform_float_3_3
Parameters: 0.999999 0.000224936 -0.000843362 -0.000222847 0.999997 0.00202761 0.000843676 -0.00202789 0.999998 0.00603028 -0.00941181 -0.0513766
FixedParameters: 0 0 0

#Transform 138
Transform: AffineTransform_float_3_3
Parameters: 1 0.000249631 -0.00100985 -0.000247568 0.999997 0.00213277 0.00101076 -0.00213216 0.999998 0.0171533 -0.0110515 -0.0509512
FixedParameters: 0 0 0

#Transform 139
Transform: AffineTransform_float_3_3
Parameters: 1 0.000205051 -0.00109017 -0.000203006 0.999998 0.00195625 0.00109087 -0.00195648 0.999997 0.0175321 -0.0122534 -0.035836
FixedParameters: 0 0 0

#Transform 140
Transform: AffineTransform_float_3_3
Parameters: 0.999999 8.74708e-05 -0.000929949 -8.47916e-05 0.999998 0.00193091 0.000930605 -0.00193078 0.999997 0.0167769 -0.00287389 -0.025723
FixedParameters: 0 0 0

#Transform 141
Transform: AffineTransform_float_3_3
Parameters: 1 7.26503e-05 -0.00064478 -7.19679e-05 0.999998 0.00193234 0.000645821 -0.00193229 0.999998 0.0147269 0.00183219 -0.0346102
FixedParameters: 0 0 0

#Transform 142
Transform: AffineTransform_float_3_3
Parameters: 0.999999 1.93615e-05 -0.000745894 -1.81477e-05 0.999998 0.00201269 0.000746711 -0.00201333 0.999998 0.0170327 -0.00228846 -0.0385159
FixedParameters: 0 0 0

#Transform 143
Transform: AffineTransform_float_3_3
Parameters: 1 -1.58872e-05 -0.000962271 1.77098e-05 0.999997 0.0021143 0.000962052 -0.00211423 0.999998 0.0222114 -0.0093166 -0.0401922
FixedParameters: 0 0 0

#Transform 144
Transform: AffineTransform_float_3_3
Parameters: 0.999999 0.000152235 -0.000771305 -0.00015043 0.999997 0.0020329 0.000771326 -0.00203332 0.999998 0.0142404 -0.0138187 -0.0433616
FixedParameters: 0 0 0

#Transform 145
Transform: AffineTransform_float_3_3
Parameters: 1 7.29179e-05 -0.000643181 -7.11357e-05 0.999998 0.00209443 0.000643806 -0.00209436 0.999997 0.0151512 -0.0185313 -0.0512591
FixedParameters: 0 0 0

#Transform 146
Transform: AffineTransform_float_3_3
Parameters: 0.999999 0.000354036 -0.000781579 -0.000352379 0.999998 0.00192398 0.000782364 -0.00192347 0.999998 0.00837581 -0.0154351 -0.0503454
FixedParameters: 0 0 0

#Transform 147
Transform: AffineTransform_float_3_3
Parameters: 0.999999 0.000137213 -0.000900762 -0.000135089 0.999998 0.00192962 0.000900714 -0.00192942 0.999997 0.0126014 -0.0117305 -0.043649
FixedParameters: 0 0 0

#Transform 148
Transform: AffineTransform_float_3_3
Parameters: 0.999999 0.00024346 -0.00072782 -0.000242006 0.999998 0.00192726 0.000728181 -0.00192695 0.999998 0.00604782 -0.00467848 -0.047403
FixedParameters: 0 0 0

#Transform 149
Transform: AffineTransform_float_3_3
Parameters: 0.999999 0.000354036 -0.000781579 -0.000352379 0.999998 0.00192398 0.000782364 -0.00192347 0.999998 0.0106188 -0.0154274 -0.0502792
FixedParameters: 0 0 0

#Transform 150
Transform: AffineTransform_float_3_3
Parameters: 0.999999 0.000354036 -0.000781579 -0.000352379 0.999998 0.00192398 0.000782364 -0.00192347 0.999998 0.00381065 -0.0171768 -0.0539982
FixedParameters: 0 0 0

#Transform 151
Transform: AffineTransform_float_3_3
Parameters: 0.999999 0.000291112 -0.000911095 -0.000288955 0.999998 0.0019253 0.000911638 -0.00192481 0.999997 0.00999151 -0.0124554 -0.0442854
FixedParameters: 0 0 0

#Transform 152
Transform: AffineTransform_float_3_3
Parameters: 0.999999 0.000306843 -0.000878715 -0.000305251 0.999998 0.00192496 0.000878423 -0.00192448 0.999997 0.0107585 -0.00369892 -0.049336
FixedParameters: 0 0 0

#Transform 153
Transform: AffineTransform_float_3_3
Parameters: 0.999999 0.000326944 -0.000837343 -0.000325071 0.999998 0.00192455 0.000838024 -0.00192404 0.999998 0.0097114 -0.00473844 -0.058567
FixedParameters: 0 0 0

#Transform 154
Transform: AffineTransform_float_3_3
Parameters: 0.999999 0.000366675 -0.000783032 -0.000364349 0.999997 0.00235181 0.00078412 -0.00235128 0.999997 0.00626477 -0.0172499 -0.0413566
FixedParameters: 0 0 0

#Transform 155
Transform: AffineTransform_float_3_3
Parameters: 0.999999 0.000362894 -0.000782607 -0.00036077 0.999998 0.00222386 0.000783585 -0.00222333 0.999997 0.00360298 -0.0144 -0.0470884
FixedParameters: 0 0 0

#Transform 156
Transform: AffineTransform_float_3_3
Parameters: 0.999999 0.000363425 -0.000782667 -0.000361273 0.999998 0.00224185 0.00078366 -0.00224133 0.999997 0.00672886 -0.0191729 -0.0435328
FixedParameters: 0 0 0

#Transform 157
Transform: AffineTransform_float_3_3
Parameters: 0.999999 0.00033499 -0.000838286 -0.000332665 0.999998 0.00219644 0.000839121 -0.00219592 0.999997 0.00967499 -0.0191757 -0.045631
FixedParameters: 0 0 0

#Transform 158
Transform: AffineTransform_float_3_3
Parameters: 0.999999 0.000335263 -0.000839266 -0.000332894 0.999998 0.00222044 0.000840118 -0.00221992 0.999997 0.00734547 -0.0226219 -0.0515849
FixedParameters: 0 0 0

#Transform 159
Transform: AffineTransform_float_3_3
Parameters: 0.999999 0.000360442 -0.000782331 -0.00035845 0.999998 0.00214089 0.000783239 -0.00214037 0.999998 0.00595894 -0.0208011 -0.0514182
FixedParameters: 0 0 0

#Transform 160
Transform: AffineTransform_float_3_3
Parameters: 0.999999 0.000315244 -0.000878764 -0.000313624 0.999998 0.00219302 0.00087993 -0.00219315 0.999998 0.00587862 -0.021987 -0.0512834
FixedParameters: 0 0 0

#Transform 161
Transform: AffineTransform_float_3_3
Parameters: 1 0.000220561 -0.00107299 -0.000218124 0.999998 0.00218379 0.00107381 -0.00218339 0.999997 0.0237667 -0.013639 -0.0468916
FixedParameters: 0 0 0

#Transform 162
Transform: AffineTransform_float_3_3
Parameters: 0.999999 0.000265567 -0.000988913 -0.000263242 0.999998 0.00231589 0.000989944 -0.00231543 0.999997 0.0203572 -0.0120131 -0.0574326
FixedParameters: 0 0 0

#Transform 163
Transform: AffineTransform_float_3_3
Parameters: 1 0.000269119 -0.00111278 -0.000266611 0.999997 0.00232555 0.00111297 -0.00232565 0.999997 0.016826 -0.011078 -0.0480163
FixedParameters: 0 0 0

#Transform 164
Transform: AffineTransform_float_3_3
Parameters: 1 0.000252909 -0.00101782 -0.000250352 0.999997 0.00236016 0.00101887 -0.00235972 0.999996 0.0261555 -0.0172894 -0.0340379
FixedParameters: 0 0 0

#Transform 165
Transform: AffineTransform_float_3_3
Parameters: 1 0.000288715 -0.00112387 -0.000285801 0.999996 0.00248304 0.00112425 -0.00248309 0.999996 0.0156741 -0.0219668 -0.0377465
FixedParameters: 0 0 0

#Transform 166
Transform: AffineTransform_float_3_3
Parameters: 1 0.000279878 -0.00113189 -0.000276509 0.999997 0.00267916 0.00113229 -0.00267861 0.999996 0.0148172 -0.0295212 -0.0442019
FixedParameters: 0 0 0

#Transform 167
Transform: AffineTransform_float_3_3
Parameters: 0.999999 0.000482062 -0.00126606 -0.000478269 0.999996 0.00272734 0.00126667 -0.00272684 0.999995 0.0186245 -0.0190471 -0.0356903
FixedParameters: 0 0 0

#Transform 168
Transform: AffineTransform_float_3_3
Parameters: 1 0.000309996 -0.00105134 -0.000307118 0.999997 0.00264077 0.00105186 -0.00264082 0.999996 0.0186034 -0.0235855 -0.0271011
FixedParameters: 0 0 0

#Transform 169
Transform: AffineTransform_float_3_3
Parameters: 1 0.000339434 -0.00104109 -0.000335947 0.999996 0.00274705 0.00104274 -0.00274703 0.999996 0.0189403 -0.011632 -0.0247085
FixedParameters: 0 0 0

#Transform 170
Transform: AffineTransform_float_3_3
Parameters: 1 0.000339286 -0.00107836 -0.000336846 0.999996 0.00278691 0.00107958 -0.0027869 0.999995 0.0199679 -0.0115359 -0.0305131
FixedParameters: 0 0 0

#Transform 171
Transform: AffineTransform_float_3_3
Parameters: 0.999999 0.000138264 -0.00080816 -0.000137356 1 0.000561354 0.000808314 -0.000561131 0.999999 0.00402312 0.0131853 0.125902
FixedParameters: 0 0 0

#Transform 172
Transform: AffineTransform_float_3_3
Parameters: 1 -0.000230053 -0.000112481 0.000229904 1 -0.000660114 0.000112785 0.000660062 1 0.00156538 0.0045069 0.114756
FixedParameters: 0 0 0

#Transform 173
Transform: AffineTransform_float_3_3
Parameters: 1 -0.000267639 0.000427237 0.000266933 0.999999 0.000849951 -0.000427712 -0.000850337 0.999999 -0.0193329 0.0342893 0.0687777
FixedParameters: 0 0 0

#Transform 174
Transform: AffineTransform_float_3_3
Parameters: 1 -6.37634e-05 0.000376541 6.36303e-05 0.999998 0.0019321 -0.000376444 -0.00193201 0.999998 -0.0307776 -0.000998603 0.0609092
FixedParameters: 0 0 0

#Transform 175
Transform: AffineTransform_float_3_3
Parameters: 1 4.54761e-05 0.000521021 -4.66007e-05 0.999998 0.00234161 -0.000520519 -0.00234162 0.999997 -0.0308887 -0.0129812 0.0457128
FixedParameters: 0 0 0

#Transform 176
Transform: AffineTransform_float_3_3
Parameters: 1 2.79433e-05 0.000531937 -2.93741e-05 0.999996 0.00258126 -0.000531503 -0.00258125 0.999996 -0.0311894 -0.0237959 0.0469319
FixedParameters: 0 0 0

#Transform 177
Transform: AffineTransform_float_3_3
Parameters: 1 5.9201e-05 0.000596409 -6.07857e-05 0.999997 0.00243152 -0.000595831 -0.00243155 0.999997 -0.0277999 -0.0278999 0.0319494
FixedParameters: 0 0 0

#Transform 178
Transform: AffineTransform_float_3_3
Parameters: 0.999999 -4.5982e-05 0.000817491 4.36941e-05 0.999998 0.00220334 -0.000817402 -0.00220323 0.999997 -0.036695 -0.017594 0.0306637
FixedParameters: 0 0 0

#Transform 179
Transform: AffineTransform_float_3_3
Parameters: 1 -1.91509e-05 0.000552765 1.78349e-05 0.999997 0.00237963 -0.000552567 -0.00237957 0.999997 -0.0283795 -0.0204507 0.0222823
FixedParameters: 0 0 0

#Transform 180
Transform: AffineTransform_float_3_3
Parameters: 1 -1.1333e-05 0.00055142 9.77009e-06 0.999997 0.00262411 -0.000551197 -0.00262484 0.999996 -0.0296764 -0.0170695 0.00560747
FixedParameters: 0 0 0

#Transform 181
Transform: AffineTransform_float_3_3
Parameters: 1 2.84175e-05 0.000605227 -2.93492e-05 0.999996 0.00259754 -0.000605229 -0.00259751 0.999996 -0.0316054 -0.0190644 0.0103545
FixedParameters: 0 0 0

#Transform 182
Transform: AffineTransform_float_3_3
Parameters: 1 8.1398e-06 0.000540255 -9.45499e-06 0.999997 0.00245301 -0.000539946 -0.0024536 0.999997 -0.0239694 -0.00792458 0.0139463
FixedParameters: 0 0 0

#Transform 183
Transform: AffineTransform_float_3_3
Parameters: 1 8.58092e-05 0.000502031 -8.60052e-05 0.999997 0.00239941 -0.000501771 -0.00239943 0.999997 -0.0248632 0.000673645 0.0194648
FixedParameters: 0 0 0

#Transform 184
Transform: AffineTransform_float_3_3
Parameters: 1 -4.18233e-05 0.000223732 4.07305e-05 0.999997 0.00239004 -0.000224102 -0.00239002 0.999997 -0.0193063 -0.000458162 0.0212908
FixedParameters: 0 0 0

#Transform 185
Transform: AffineTransform_float_3_3
Parameters: 1 -0.000128954 -2.67033e-05 0.000129061 0.999997 0.00246264 2.58954e-05 -0.00246265 0.999997 -0.0117054 -0.0127625 0.0272249
FixedParameters: 0 0 0

#Transform 186
Transform: AffineTransform_float_3_3
Parameters: 1 -5.86381e-05 9.07092e-05 5.8602e-05 0.999997 0.00249809 -9.02775e-05 -0.00249806 0.999997 -0.0113695 -0.0137436 0.0267896
FixedParameters: 0 0 0

#Transform 187
Transform: AffineTransform_float_3_3
Parameters: 1 -7.13536e-05 0.000124265 7.11595e-05 0.999997 0.00245856 -0.00012389 -0.00245853 0.999997 -0.0175804 -0.00769555 0.0423141
FixedParameters: 0 0 0

#Transform 188
Transform: AffineTransform_float_3_3
Parameters: 1 -2.61575e-05 -3.92048e-05 2.63157e-05 0.999998 0.00231358 3.89109e-05 -0.00231358 0.999998 -0.0137882 -0.00269368 0.0452156
FixedParameters: 0 0 0

#Transform 189
Transform: AffineTransform_float_3_3
Parameters: 1 7.83245e-05 -1.01161e-05 -7.82988e-05 0.999997 0.00272286 1.03126e-05 -0.00272286 0.999997 -0.0134435 -0.0147978 0.0276313
FixedParameters: 0 0 0
