#Insight Transform File V1.0
#Transform 0
Transform: AffineTransform_float_3_3
Parameters: 1 4.20542e-05 0.000642386 -4.03035e-05 0.999995 -0.00313015 -0.000642952 0.00313003 0.999995 -0.00962359 -0.0489502 0.191378
FixedParameters: 0 0 0

#Transform 1
Transform: AffineTransform_float_3_3
Parameters: 1 5.36824e-05 0.000605113 -5.23637e-05 0.999996 -0.00261302 -0.000604735 0.00261369 0.999997 0.00165281 -0.0655368 0.179707
FixedParameters: 0 0 0

#Transform 2
Transform: AffineTransform_float_3_3
Parameters: 1 -0.000124729 0.000698618 0.000126982 0.999996 -0.0025872 -0.000698668 0.0025875 0.999997 -0.00195156 -0.0575311 0.187664
FixedParameters: 0 0 0

#Transform 3
Transform: AffineTransform_float_3_3
Parameters: 1 0.000126014 0.000517526 -0.000124703 0.999997 -0.00214864 -0.000517742 0.00214849 0.999997 -0.00366562 -0.060935 0.184883
FixedParameters: 0 0 0

#Transform 4
Transform: AffineTransform_float_3_3
Parameters: 1 0.000197937 0.000529186 -0.000196708 0.999998 -0.00202265 -0.000529661 0.00202242 0.999998 -0.00393143 -0.0727477 0.185384
FixedParameters: 0 0 0

#Transform 5
Transform: AffineTransform_float_3_3
Parameters: 1 5.32057e-05 0.000538247 -5.18678e-05 0.999998 -0.00209141 -0.000538144 0.00209133 0.999997 0.00352152 -0.0564452 0.170056
FixedParameters: 0 0 0

#Transform 6
Transform: AffineTransform_float_3_3
Parameters: 1 0.000181407 0.000489322 -0.000180439 0.999998 -0.00192127 -0.000489694 0.00192107 0.999998 -0.00473153 -0.043094 0.168831
FixedParameters: 0 0 0

#Transform 7
Transform: AffineTransform_float_3_3
Parameters: 1 0.000206727 0.000517601 -0.000206038 0.999999 -0.00153976 -0.000517856 0.00153952 0.999998 0.00168924 -0.0592499 0.167278
FixedParameters: 0 0 0

#Transform 8
Transform: AffineTransform_float_3_3
Parameters: 1 0.000156507 0.000408566 -0.000156243 0.999999 -0.00143164 -0.000408633 0.00143149 0.999999 -0.00582281 -0.0563166 0.164635
FixedParameters: 0 0 0

#Transform 9
Transform: AffineTransform_float_3_3
Parameters: 1 0.000189421 0.000294845 -0.000188478 0.999999 -0.000856735 -0.000294271 0.000856639 0.999999 -3.85255e-05 -0.0509306 0.172048
FixedParameters: 0 0 0

#Transform 10
Transform: AffineTransform_float_3_3
Parameters: 1 0.000153582 0.00036507 -0.000152982 0.999999 -0.000821438 -0.000365322 0.000821326 0.999999 -0.00130973 -0.0572107 0.167082
FixedParameters: 0 0 0

#Transform 11
Transform: AffineTransform_float_3_3
Parameters: 1 0.000213787 0.000488126 -0.000212983 0.999999 -0.000822753 -0.000488477 0.000822544 0.999999 -0.00381796 -0.058562 0.171749
FixedParameters: 0 0 0

#Transform 12
Transform: AffineTransform_float_3_3
Parameters: 1 0.000659167 0.000191058 -0.000659417 1 0.000600695 -0.000190246 -0.000600331 0.999999 0.00978449 -0.0656311 0.0847176
FixedParameters: 0 0 0

#Transform 13
Transform: AffineTransform_float_3_3
Parameters: 1 0.000190011 -0.000941768 -0.000188781 1 0.00112966 0.000942634 -0.00112933 0.999999 0.0288181 -0.040974 -0.00408459
FixedParameters: 0 0 0

#Transform 14
Transform: AffineTransform_float_3_3
Parameters: 1 0.00036585 0.000603498 -0.000366472 1 0.000514731 -0.000603121 -0.000515173 0.999999 -0.0100647 -0.041257 0.0293541
FixedParameters: 0 0 0

#Transform 15
Transform: AffineTransform_float_3_3
Parameters: 1 0.000287265 0.00042587 -0.000287238 1 -3.17968e-05 -0.000425889 3.15521e-05 1 -0.0067017 -0.0270297 0.0567801
FixedParameters: 0 0 0

#Transform 16
Transform: AffineTransform_float_3_3
Parameters: 0.999999 -4.35674e-05 0.000858272 4.41281e-05 1 -0.000326621 -0.000858243 0.000326696 0.999999 -0.0185781 -0.0176179 0.0350716
FixedParameters: 0 0 0

#Transform 17
Transform: AffineTransform_float_3_3
Parameters: 1 -0.000218702 0.000566401 0.0002187 1 1.53572e-06 -0.000566402 -1.28798e-06 1 -0.0213226 -0.0190499 0.0545542
FixedParameters: 0 0 0

#Transform 18
Transform: AffineTransform_float_3_3
Parameters: 1 0.000229795 0.000271501 -0.000229841 1 8.33837e-05 -0.000271463 -8.35085e-05 1 -0.00322912 -0.0268337 0.0606527
FixedParameters: 0 0 0

#Transform 19
Transform: AffineTransform_float_3_3
Parameters: 0.999999 0.000650182 0.000387374 -0.000650041 1 0.000967929 -0.000386611 -0.000968409 1 -0.00310244 -0.0218193 0.0195634
FixedParameters: 0 0 0

#Transform 20
Transform: AffineTransform_float_3_3
Parameters: 0.999999 0.000618833 0.000403369 -0.000618777 1 0.00103592 -0.000402583 -0.00103639 1 -0.000929849 -0.0263766 -0.00201918
FixedParameters: 0 0 0

#Transform 21
Transform: AffineTransform_float_3_3
Parameters: 1 0.000417079 0.000499845 -0.000417071 0.999999 0.000867446 -0.000499609 -0.00086705 1 -0.00676261 -0.0432291 0.0115498
FixedParameters: 0 0 0

#Transform 22
Transform: AffineTransform_float_3_3
Parameters: 1 0.000390326 0.000430411 -0.000390509 1 0.000212311 -0.000430246 -0.000212647 1 -0.00585331 -0.0229541 0.0411232
FixedParameters: 0 0 0

#Transform 23
Transform: AffineTransform_float_3_3
Parameters: 0.999999 0.000338065 -0.0008047 -0.0003365 0.999999 0.00123726 0.00080456 -0.00123735 0.999999 0.017596 -0.00154751 -0.00780132
FixedParameters: 0 0 0

#Transform 24
Transform: AffineTransform_float_3_3
Parameters: 0.999999 0.000348014 -0.000785561 -0.000346886 0.999999 0.00129387 0.000786841 -0.00129335 0.999999 0.0108761 -0.029333 -0.0016966
FixedParameters: 0 0 0

#Transform 25
Transform: AffineTransform_float_3_3
Parameters: 0.999999 0.000356479 -0.000684916 -0.000355583 0.999999 0.00131398 0.000686233 -0.00131351 0.999999 0.0048761 -0.0252446 -0.0144238
FixedParameters: 0 0 0

#Transform 26
Transform: AffineTransform_float_3_3
Parameters: 1 0.000282866 -0.000520801 -0.000281466 0.999999 0.00135065 0.000521506 -0.00135035 0.999999 0.00321176 -0.0171441 -0.00409651
FixedParameters: 0 0 0

#Transform 27
Transform: AffineTransform_float_3_3
Parameters: 1 1.01747e-05 0.000240749 -9.90094e-06 1 -0.000568627 -0.000240761 0.000568622 1 -0.0102626 -0.0442246 0.173948
FixedParameters: 0 0 0

#Transform 28
Transform: AffineTransform_float_3_3
Parameters: 0.999999 -0.000283589 0.00150275 0.000284461 1 -0.000727907 -0.00150281 0.000728105 0.999999 -0.031199 -0.00196583 0.229765
FixedParameters: 0 0 0

#Transform 29
Transform: AffineTransform_float_3_3
Parameters: 1 -0.000347318 0.00105343 0.000347877 1 -0.000681799 -0.00105253 0.000681892 1 -0.0195399 -0.0317183 0.212698
FixedParameters: 0 0 0

#Transform 30
Transform: AffineTransform_float_3_3
Parameters: 0.999999 -0.000101467 0.000858389 0.00010248 1 -0.00059001 -0.000858269 0.000590185 0.999999 -0.0134705 -0.0444156 0.21306
FixedParameters: 0 0 0

#Transform 31
Transform: AffineTransform_float_3_3
Parameters: 1 -6.01641e-05 0.000566021 6.06422e-05 1 -0.000422284 -0.00056597 0.000422353 1 -0.00598166 -0.0421028 0.21391
FixedParameters: 0 0 0

#Transform 32
Transform: AffineTransform_float_3_3
Parameters: 0.999999 -0.000136246 0.000716571 0.000135997 0.999999 -0.000439307 -0.000716034 0.000438863 1 -0.0101159 -0.0446612 0.215341
FixedParameters: 0 0 0

#Transform 33
Transform: AffineTransform_float_3_3
Parameters: 1 -0.000129609 0.000524894 0.000129088 1 -0.00035941 -0.000524363 0.000359521 1 -0.00506772 -0.0380585 0.2071
FixedParameters: 0 0 0

#Transform 34
Transform: AffineTransform_float_3_3
Parameters: 1 -4.92238e-05 0.000357179 4.95112e-05 1 -0.000402393 -0.000357139 0.000402428 1 -0.00781372 -0.0359272 0.210322
FixedParameters: 0 0 0

#Transform 35
Transform: AffineTransform_float_3_3
Parameters: 1 -0.000147653 0.000368368 0.000147552 1 0.000137737 -0.000368409 -0.000137628 1 -0.00160841 -0.0247944 0.213832
FixedParameters: 0 0 0

#Transform 36
Transform: AffineTransform_float_3_3
Parameters: 1 -3.14645e-05 0.000403298 3.159e-05 1 -0.000155634 -0.000403288 0.000155659 1 -0.00125006 -0.0305755 0.193418
FixedParameters: 0 0 0

#Transform 37
Transform: AffineTransform_float_3_3
Parameters: 1 -3.23509e-05 0.000432129 3.2436e-05 1 -9.84757e-05 -0.000432122 9.85037e-05 1 -0.00167633 -0.0370116 0.182747
FixedParameters: 0 0 0

#Transform 38
Transform: AffineTransform_float_3_3
Parameters: 1 -1.5995e-05 0.000276174 1.60466e-05 1 -9.35387e-05 -0.000276171 9.35476e-05 1 -0.000219511 -0.037163 0.183224
FixedParameters: 0 0 0

#Transform 39
Transform: AffineTransform_float_3_3
Parameters: 1 -0.000192074 0.000313119 0.000192347 1 -0.000436424 -0.000312951 0.000436544 1 -0.00141157 -0.0379537 0.170434
FixedParameters: 0 0 0

#Transform 40
Transform: AffineTransform_float_3_3
Parameters: 1 -2.91716e-06 0.000356411 3.15361e-06 1 -0.000331715 -0.000356409 0.000331717 1 -0.00271518 -0.047751 0.172946
FixedParameters: 0 0 0

#Transform 41
Transform: AffineTransform_float_3_3
Parameters: 1 0.00014042 0.000431716 -0.000140282 1 -0.000159544 -0.00043176 0.000159422 1 -0.00477205 -0.0392679 0.176346
FixedParameters: 0 0 0

#Transform 42
Transform: AffineTransform_float_3_3
Parameters: 1 0.000171725 0.000450195 -0.000171615 1 -0.000122376 -0.000450237 0.000122221 1 -0.00798993 -0.0492308 0.173193
FixedParameters: 0 0 0

#Transform 43
Transform: AffineTransform_float_3_3
Parameters: 1 0.000256695 0.000482901 -0.000256647 1 -4.97129e-05 -0.000482927 4.9465e-05 1 -0.00709396 -0.0429038 0.183691
FixedParameters: 0 0 0

#Transform 44
Transform: AffineTransform_float_3_3
Parameters: 1 0.000269349 0.00036061 -0.000269288 1 -8.55233e-05 -0.000360656 8.53291e-05 1 -0.00562969 -0.0411103 0.177927
FixedParameters: 0 0 0

#Transform 45
Transform: AffineTransform_float_3_3
Parameters: 1 0.000250931 0.000185122 -0.000250987 1 0.000152497 -0.000185045 -0.00015259 1 0.00287936 -0.0249663 0.17177
FixedParameters: 0 0 0

#Transform 46
Transform: AffineTransform_float_3_3
Parameters: 1 0.000213794 0.000243673 -0.000213886 1 0.000187793 -0.000243592 -0.000187897 1 -0.000928069 -0.0409177 0.172216
FixedParameters: 0 0 0

#Transform 47
Transform: AffineTransform_float_3_3
Parameters: 1 0.000295563 0.000277748 -0.000295637 1 0.000132517 -0.00027767 -0.000132681 1 0.000764553 -0.0404896 0.166823
FixedParameters: 0 0 0

#Transform 48
Transform: AffineTransform_float_3_3
Parameters: 1 0.000298154 0.000282193 -0.000298237 1 0.000146463 -0.000282106 -0.000146631 1 -0.00152302 -0.0422405 0.1673
FixedParameters: 0 0 0

#Transform 49
Transform: AffineTransform_float_3_3
Parameters: 1 0.000245878 0.000175265 -0.000245929 1 0.000144605 -0.000175194 -0.000144692 1 -0.00214463 -0.0393069 0.174832
FixedParameters: 0 0 0

#Transform 50
Transform: AffineTransform_float_3_3
Parameters: 1 0.000276756 0.000236244 -0.000276842 1 0.000180939 -0.000236144 -0.000181069 1 -0.00455039 -0.0458813 0.174349
FixedParameters: 0 0 0

#Transform 51
Transform: AffineTransform_float_3_3
Parameters: 1 0.000456088 0.000179209 -0.000456168 1 0.00022157 -0.000179007 -0.000221733 1 0.00158545 -0.0311006 0.167822
FixedParameters: 0 0 0

#Transform 52
Transform: AffineTransform_float_3_3
Parameters: 1 0.000289982 0.000259388 -0.000290109 1 0.000244662 -0.000259246 -0.000244812 1 -0.00426959 -0.034442 0.184532
FixedParameters: 0 0 0

#Transform 53
Transform: AffineTransform_float_3_3
Parameters: 1 0.000258253 0.000182324 -0.000257515 1 0.00043942 -0.000182536 -0.00043949 1 -0.0026876 -0.0391455 0.182578
FixedParameters: 0 0 0

#Transform 54
Transform: AffineTransform_float_3_3
Parameters: 1 0.000270746 0.000209367 -0.000270022 1 0.000416143 -0.00020958 -0.000416232 1 -0.00330805 -0.0512016 0.174314
FixedParameters: 0 0 0

#Transform 55
Transform: AffineTransform_float_3_3
Parameters: 1 0.000283728 0.000239206 -0.000283004 1 0.000363848 -0.000239438 -0.00036396 1 -0.00381468 -0.0430091 0.171149
FixedParameters: 0 0 0

#Transform 56
Transform: AffineTransform_float_3_3
Parameters: 1 0.000248386 0.000145438 -0.000247694 0.999999 0.000707688 -0.000145525 -0.000707736 0.999999 -0.00276082 -0.0546839 0.171149
FixedParameters: 0 0 0

#Transform 57
Transform: AffineTransform_float_3_3
Parameters: 1 0.000297959 0.000250811 -0.000297386 0.999999 0.000647592 -0.000250863 -0.000647717 1 -0.00283877 -0.0387947 0.170125
FixedParameters: 0 0 0

#Transform 58
Transform: AffineTransform_float_3_3
Parameters: 1 0.000227441 0.000105139 -0.000226683 1 0.000665134 -0.000105275 -0.000665158 1 -0.00124693 -0.0370448 0.174544
FixedParameters: 0 0 0

#Transform 59
Transform: AffineTransform_float_3_3
Parameters: 1 0.000171973 -0.000155478 -0.000171785 1 0.000605756 0.000155686 -0.000605703 1 0.00845996 -0.0333524 0.17994
FixedParameters: 0 0 0

#Transform 60
Transform: AffineTransform_float_3_3
Parameters: 1 0.000239822 -0.00016347 -0.000239571 0.999999 0.000767857 0.000163838 -0.000767778 0.999999 0.0098861 -0.0352231 0.184134
FixedParameters: 0 0 0

#Transform 61
Transform: AffineTransform_float_3_3
Parameters: 1 0.000345701 7.9026e-05 -0.000345844 0.999999 0.000910709 -7.83962e-05 -0.000910764 0.999999 0.000445382 -0.0412057 0.178461
FixedParameters: 0 0 0

#Transform 62
Transform: AffineTransform_float_3_3
Parameters: 1 0.000273983 0.000112395 -0.000274154 0.999999 0.000761831 -0.000111978 -0.000761892 0.999999 0.000227566 -0.0304581 0.180846
FixedParameters: 0 0 0

#Transform 63
Transform: AffineTransform_float_3_3
Parameters: 1 0.000486452 7.61177e-05 -0.00048665 1 0.00112254 -7.50628e-05 -0.001122 0.999999 0.00630236 -0.0465027 0.178573
FixedParameters: 0 0 0

#Transform 64
Transform: AffineTransform_float_3_3
Parameters: 1 0.000579899 -2.67885e-05 -0.000580237 0.999999 0.00167254 2.77667e-05 -0.00167331 0.999998 0.00887542 -0.0369194 0.157605
FixedParameters: 0 0 0

#Transform 65
Transform: AffineTransform_float_3_3
Parameters: 1 0.000575868 -2.09325e-05 -0.000575357 0.999998 0.00203405 2.18439e-05 -0.0020334 0.999997 0.00326727 -0.0518744 0.161591
FixedParameters: 0 0 0

#Transform 66
Transform: AffineTransform_float_3_3
Parameters: 1 0.00069868 7.69367e-05 -0.000698511 0.999998 0.00179891 -7.58735e-05 -0.00179901 0.999999 0.00433161 -0.0456558 0.147985
FixedParameters: 0 0 0

#Transform 67
Transform: AffineTransform_float_3_3
Parameters: 1 0.000634242 -5.24125e-05 -0.000633612 0.999999 0.00174835 5.31788e-05 -0.00174828 0.999999 0.00953761 -0.0581635 0.166779
FixedParameters: 0 0 0

#Transform 68
Transform: AffineTransform_float_3_3
Parameters: 1 0.000634242 -5.24125e-05 -0.000633612 0.999999 0.00174835 5.31788e-05 -0.00174828 0.999999 0.000373366 -0.0462976 0.168058
FixedParameters: 0 0 0

#Transform 69
Transform: AffineTransform_float_3_3
Parameters: 1 0.000545747 -9.4991e-05 -0.000545867 0.999999 0.00175073 9.58901e-05 -0.00175064 0.999999 0.00910622 -0.0470187 0.166483
FixedParameters: 0 0 0

#Transform 70
Transform: AffineTransform_float_3_3
Parameters: 1 0.000574912 -2.35554e-05 -0.000575281 0.999999 0.00175012 2.45564e-05 -0.00175011 0.999999 0.00671623 -0.0491182 0.162242
FixedParameters: 0 0 0

#Transform 71
Transform: AffineTransform_float_3_3
Parameters: 1 0.000544192 -0.000237677 -0.000543812 0.999999 0.00175033 0.00023857 -0.00175008 0.999999 0.0127854 -0.0501301 0.160681
FixedParameters: 0 0 0

#Transform 72
Transform: AffineTransform_float_3_3
Parameters: 1 0.000549747 -0.000230706 -0.000549359 0.999998 0.00182122 0.000231696 -0.00182098 0.999999 0.0141919 -0.0526284 0.158833
FixedParameters: 0 0 0

#Transform 73
Transform: AffineTransform_float_3_3
Parameters: 1 0.000546572 -0.000226544 -0.000546268 0.999998 0.00165125 0.000227394 -0.00165102 0.999998 0.0116195 -0.0441237 0.168142
FixedParameters: 0 0 0

#Transform 74
Transform: AffineTransform_float_3_3
Parameters: 0.999999 0.000702347 -0.00024743 -0.00070199 0.999999 0.00158332 0.000248692 -0.00158378 0.999999 0.011896 -0.0301646 0.1689
FixedParameters: 0 0 0

#Transform 75
Transform: AffineTransform_float_3_3
Parameters: 0.999999 0.000655451 -0.000362224 -0.000655854 0.999998 0.0019128 0.000363262 -0.00191239 0.999998 0.0143912 -0.0376935 0.163478
FixedParameters: 0 0 0

#Transform 76
Transform: AffineTransform_float_3_3
Parameters: 0.999999 0.000695856 -0.000369106 -0.000694569 0.999997 0.00236087 0.000371319 -0.00236037 0.999997 0.0151505 -0.0452182 0.162901
FixedParameters: 0 0 0

#Transform 77
Transform: AffineTransform_float_3_3
Parameters: 0.999999 0.000722762 -0.000326525 -0.000721781 0.999998 0.00216375 0.000328631 -0.00216408 0.999997 0.0177755 -0.0444357 0.165781
FixedParameters: 0 0 0

#Transform 78
Transform: AffineTransform_float_3_3
Parameters: 0.999999 0.000680493 -0.000388278 -0.000679246 0.999998 0.00216277 0.000390199 -0.00216304 0.999997 0.0164601 -0.0501789 0.176578
FixedParameters: 0 0 0

#Transform 79
Transform: AffineTransform_float_3_3
Parameters: 0.999999 0.000717632 -0.000447109 -0.000716298 0.999996 0.00249306 0.000448717 -0.00249245 0.999997 0.0194667 -0.0560141 0.166197
FixedParameters: 0 0 0

#Transform 80
Transform: AffineTransform_float_3_3
Parameters: 0.999999 0.000808551 -0.00044906 -0.000807457 0.999997 0.00218796 0.000450678 -0.00218805 0.999997 0.0171951 -0.0412945 0.164023
FixedParameters: 0 0 0

#Transform 81
Transform: AffineTransform_float_3_3
Parameters: 0.999999 0.0006828 -0.000494015 -0.000681372 0.999997 0.00235385 0.00049526 -0.0023532 0.999997 0.019104 -0.0501934 0.152872
FixedParameters: 0 0 0

#Transform 82
Transform: AffineTransform_float_3_3
Parameters: 0.999999 0.000674668 -0.000405131 -0.000673543 0.999996 0.0024944 0.000406528 -0.00249389 0.999997 0.0158554 -0.0587584 0.146401
FixedParameters: 0 0 0

#Transform 83
Transform: AffineTransform_float_3_3
Parameters: 0.999999 0.000800748 -0.00044498 -0.000799495 0.999997 0.00241368 0.000446876 -0.002413 0.999997 0.0173396 -0.0577637 0.140857
FixedParameters: 0 0 0

#Transform 84
Transform: AffineTransform_float_3_3
Parameters: 0.999999 0.000844562 -0.000595434 -0.000842476 0.999997 0.00248865 0.000597657 -0.00248847 0.999997 0.0254442 -0.0540175 0.144696
FixedParameters: 0 0 0

#Transform 85
Transform: AffineTransform_float_3_3
Parameters: 0.999999 0.000832341 -0.000620624 -0.000830129 0.999997 0.00248892 0.000622787 -0.00248871 0.999997 0.024728 -0.0489344 0.131467
FixedParameters: 0 0 0

#Transform 86
Transform: AffineTransform_float_3_3
Parameters: 1 0.0008148 -0.000652801 -0.000812959 0.999996 0.00242768 0.000653946 -0.00242666 0.999997 0.0243309 -0.0550997 0.146355
FixedParameters: 0 0 0

#Transform 87
Transform: AffineTransform_float_3_3
Parameters: 1 0.000780418 -0.000736166 -0.000778787 0.999996 0.00262447 0.000737832 -0.00262339 0.999997 0.0251137 -0.0500945 0.140751
FixedParameters: 0 0 0

#Transform 88
Transform: AffineTransform_float_3_3
Parameters: 1 0.00084425 -0.000613294 -0.000842197 0.999996 0.00276111 0.000615086 -0.00276012 0.999996 0.0230302 -0.0626085 0.151278
FixedParameters: 0 0 0

#Transform 89
Transform: AffineTransform_float_3_3
Parameters: 1 0.000900085 -0.000649879 -0.000897758 0.999996 0.00280306 0.000652047 -0.00280273 0.999996 0.0222216 -0.065124 0.148763
FixedParameters: 0 0 0

#Transform 90
Transform: AffineTransform_float_3_3
Parameters: 0.999999 0.000914475 -0.000626799 -0.000912515 0.999996 0.00261723 0.000628639 -0.00261674 0.999997 0.0216814 -0.0621727 0.146289
FixedParameters: 0 0 0

#Transform 91
Transform: AffineTransform_float_3_3
Parameters: 1 0.000846742 -0.000599408 -0.000844491 0.999996 0.00262303 0.000601877 -0.00262205 0.999997 0.0214318 -0.0620113 0.14621
FixedParameters: 0 0 0

#Transform 92
Transform: AffineTransform_float_3_3
Parameters: 1 0.000794373 -0.000698867 -0.000792661 0.999997 0.00248974 0.000701339 -0.00248948 0.999996 0.0225184 -0.0513867 0.16191
FixedParameters: 0 0 0

#Transform 93
Transform: AffineTransform_float_3_3
Parameters: 1 0.000854211 -0.000753175 -0.000852049 0.999996 0.00290408 0.000755696 -0.00290365 0.999995 0.0243301 -0.0540145 0.142762
FixedParameters: 0 0 0

#Transform 94
Transform: AffineTransform_float_3_3
Parameters: 1 0.000844317 -0.000775443 -0.000841949 0.999995 0.00296972 0.000777967 -0.00296848 0.999996 0.0262525 -0.0537397 0.145718
FixedParameters: 0 0 0

#Transform 95
Transform: AffineTransform_float_3_3
Parameters: 1 0.000829235 -0.000818096 -0.000826587 0.999995 0.00297062 0.000820581 -0.00297013 0.999995 0.0238685 -0.0643286 0.152026
FixedParameters: 0 0 0

#Transform 96
Transform: AffineTransform_float_3_3
Parameters: 0.999999 0.00078465 -0.001017 -0.000781604 0.999995 0.00302888 0.00101968 -0.003028 0.999995 0.0316637 -0.0633969 0.159451
FixedParameters: 0 0 0

#Transform 97
Transform: AffineTransform_float_3_3
Parameters: 0.999999 0.000807542 -0.00100302 -0.000804472 0.999994 0.00308231 0.00100593 -0.0030814 0.999995 0.0316446 -0.0547564 0.151286
FixedParameters: 0 0 0

#Transform 98
Transform: AffineTransform_float_3_3
Parameters: 0.999999 0.00103874 -0.000986017 -0.00103628 0.999994 0.00328181 0.000988929 -0.00327989 0.999994 0.0330341 -0.0601484 0.149871
FixedParameters: 0 0 0

#Transform 99
Transform: AffineTransform_float_3_3
Parameters: 0.999999 0.00109231 -0.000894787 -0.00108912 0.999993 0.00351229 0.000898105 -0.00351123 0.999993 0.0269887 -0.0633701 0.146951
FixedParameters: 0 0 0

#Transform 100
Transform: AffineTransform_float_3_3
Parameters: 1 0.000811767 -0.000877942 -0.00080889 0.999993 0.0034137 0.000881352 -0.00341298 0.999994 0.0295131 -0.0598883 0.147586
FixedParameters: 0 0 0

#Transform 101
Transform: AffineTransform_float_3_3
Parameters: 1 0.000939466 -0.000817939 -0.000935977 0.999993 0.00376388 0.000821495 -0.00376322 0.999992 0.0248774 -0.0719899 0.146896
FixedParameters: 0 0 0

#Transform 102
Transform: AffineTransform_float_3_3
Parameters: 0.999999 0.000941061 -0.00098981 -0.000937369 0.999993 0.0036663 0.000993631 -0.00366534 0.999993 0.0293689 -0.0797886 0.157176
FixedParameters: 0 0 0

#Transform 103
Transform: AffineTransform_float_3_3
Parameters: 0.999999 0.000819374 -0.00120571 -0.000814634 0.999993 0.00382751 0.00120929 -0.00382568 0.999992 0.0233181 -0.0720746 0.172107
FixedParameters: 0 0 0

#Transform 104
Transform: AffineTransform_float_3_3
Parameters: 0.999998 0.000770584 -0.00185795 -0.000764578 0.999994 0.00341211 0.00186057 -0.00341068 0.999993 0.0392511 -0.0782687 0.184637
FixedParameters: 0 0 0

#Transform 105
Transform: AffineTransform_float_3_3
Parameters: 0.999998 0.000978818 -0.00211541 -0.000971978 0.999993 0.00349862 0.00211919 -0.00349736 0.999992 0.0468336 -0.0699994 0.183016
FixedParameters: 0 0 0

#Transform 106
Transform: AffineTransform_float_3_3
Parameters: 0.999997 0.00103905 -0.00228551 -0.00103018 0.999992 0.00378409 0.00228928 -0.00378145 0.999991 0.0515549 -0.0647335 0.172555
FixedParameters: 0 0 0

#Transform 107
Transform: AffineTransform_float_3_3
Parameters: 0.999998 0.000865504 -0.00219618 -0.000857333 0.999993 0.00367889 0.00219941 -0.00367719 0.999991 0.0486443 -0.0638609 0.167844
FixedParameters: 0 0 0

#Transform 108
Transform: AffineTransform_float_3_3
Parameters: 0.999997 0.00104858 -0.00226099 -0.0010402 0.999993 0.00371147 0.00226474 -0.00370963 0.99999 0.0509924 -0.059964 0.171384
FixedParameters: 0 0 0

#Transform 109
Transform: AffineTransform_float_3_3
Parameters: 0.999997 0.00104393 -0.0022803 -0.00103477 0.999992 0.003857 0.00228426 -0.00385436 0.99999 0.0515263 -0.0581428 0.168125
FixedParameters: 0 0 0

#Transform 110
Transform: AffineTransform_float_3_3
Parameters: 0.999996 0.000983935 -0.00241207 -0.000974552 0.999992 0.00397226 0.00241527 -0.00396968 0.999989 0.05484 -0.0588788 0.155999
FixedParameters: 0 0 0

#Transform 111
Transform: AffineTransform_float_3_3
Parameters: 0.999996 0.000876165 -0.00265037 -0.000864134 0.999991 0.00420054 0.00265444 -0.00419807 0.999987 0.060114 -0.0577701 0.163464
FixedParameters: 0 0 0

#Transform 112
Transform: AffineTransform_float_3_3
Parameters: 0.999996 0.000857502 -0.00266936 -0.000846848 0.999992 0.00391142 0.00267283 -0.00390884 0.999989 0.0507647 -0.064197 0.153057
FixedParameters: 0 0 0

#Transform 113
Transform: AffineTransform_float_3_3
Parameters: 0.999996 0.000963013 -0.00247032 -0.000952952 0.999991 0.00419393 0.00247414 -0.00419198 0.999989 0.0544108 -0.0692107 0.156301
FixedParameters: 0 0 0

#Transform 114
Transform: AffineTransform_float_3_3
Parameters: 0.999995 0.000897987 -0.00281565 -0.000886355 0.99999 0.0043519 0.00281916 -0.00435034 0.999987 0.0602335 -0.0780135 0.141253
FixedParameters: 0 0 0

#Transform 115
Transform: AffineTransform_float_3_3
Parameters: 0.999995 0.000845506 -0.00309232 -0.000832376 0.99999 0.00435625 0.00309583 -0.00435297 0.999986 0.0634028 -0.0809853 0.134995
FixedParameters: 0 0 0

#Transform 116
Transform: AffineTransform_float_3_3
Parameters: 0.999995 0.000946437 -0.0028913 -0.000933886 0.999991 0.00416819 0.00289542 -0.00416555 0.999987 0.062745 -0.0759569 0.139912
FixedParameters: 0 0 0

#Transform 117
Transform: AffineTransform_float_3_3
Parameters: 0.999996 0.0011495 -0.00285191 -0.0011368 0.99999 0.0043243 0.00285716 -0.0043212 0.999987 0.0537623 -0.0746647 0.155139
FixedParameters: 0 0 0

#Transform 118
Transform: AffineTransform_float_3_3
Parameters: 0.999995 0.00115729 -0.00276632 -0.00114508 0.999989 0.00445316 0.002771 -0.00444962 0.999986 0.0517406 -0.0760061 0.145136
FixedParameters: 0 0 0

#Transform 119
Transform: AffineTransform_float_3_3
Parameters: 0.999995 0.00108323 -0.00295758 -0.00106991 0.99999 0.00450279 0.00296213 -0.0044999 0.999986 0.0556001 -0.0813436 0.136916
FixedParameters: 0 0 0

#Transform 120
Transform: AffineTransform_float_3_3
Parameters: 0.999995 0.00111013 -0.00303674 -0.00109625 0.999988 0.00462493 0.00304223 -0.00462172 0.999984 0.0589375 -0.0756632 0.130628
FixedParameters: 0 0 0

#Transform 121
Transform: AffineTransform_float_3_3
Parameters: 0.999995 0.00109445 -0.0030531 -0.00108034 0.99999 0.00449025 0.00305772 -0.00448709 0.999985 0.0600627 -0.0728425 0.138534
FixedParameters: 0 0 0

#Transform 122
Transform: AffineTransform_float_3_3
Parameters: 0.999994 0.00121747 -0.00329974 -0.00120227 0.999989 0.00452306 0.00330506 -0.00451841 0.999985 0.0653688 -0.0801423 0.142263
FixedParameters: 0 0 0

#Transform 123
Transform: AffineTransform_float_3_3
Parameters: 0.999993 0.0011898 -0.00336392 -0.00117333 0.999989 0.00462226 0.00336921 -0.00461844 0.999984 0.064821 -0.0775937 0.13236
FixedParameters: 0 0 0

#Transform 124
Transform: AffineTransform_float_3_3
Parameters: 0.999994 0.00120177 -0.00334898 -0.00118584 0.999988 0.00476542 0.00335421 -0.0047608 0.999983 0.0654107 -0.073244 0.128909
FixedParameters: 0 0 0

#Transform 125
Transform: AffineTransform_float_3_3
Parameters: 0.999994 0.0010757 -0.0031623 -0.00105961 0.999986 0.0051457 0.00316838 -0.0051425 0.999981 0.0565753 -0.0813048 0.123798
FixedParameters: 0 0 0

#Transform 126
Transform: AffineTransform_float_3_3
Parameters: 0.999995 0.00090217 -0.00313143 -0.000885709 0.999986 0.00519065 0.00313665 -0.00518781 0.999982 0.0577845 -0.0831273 0.136182
FixedParameters: 0 0 0

#Transform 127
Transform: AffineTransform_float_3_3
Parameters: 0.999994 0.00104585 -0.00310198 -0.00102987 0.999984 0.00544431 0.00310778 -0.0054413 0.999981 0.0548486 -0.0874941 0.12451
FixedParameters: 0 0 0

#Transform 128
Transform: AffineTransform_float_3_3
Parameters: 0.999994 0.00127537 -0.00326499 -0.00125642 0.999983 0.00575978 0.00327222 -0.00575576 0.999978 0.060112 -0.0978649 0.119987
FixedParameters: 0 0 0

#Transform 129
Transform: AffineTransform_float_3_3
Parameters: 0.999994 0.00123658 -0.00334238 -0.00121705 0.999983 0.00571357 0.00334904 -0.00570961 0.999978 0.062178 -0.101824 0.109934
FixedParameters: 0 0 0

#Transform 130
Transform: AffineTransform_float_3_3
Parameters: 0.999994 0.00112612 -0.00331679 -0.00110727 0.999983 0.00572782 0.00332357 -0.00572388 0.999978 0.0642093 -0.0967888 0.119833
FixedParameters: 0 0 0

#Transform 131
Transform: AffineTransform_float_3_3
Parameters: 0.999993 0.00108199 -0.00340639 -0.00106322 0.999984 0.00556564 0.00341238 -0.00556179 0.999978 0.0661333 -0.0857433 0.122067
FixedParameters: 0 0 0

#Transform 132
Transform: AffineTransform_float_3_3
Parameters: 0.999994 0.00110047 -0.00348178 -0.00108051 0.999983 0.00574304 0.0034888 -0.00573894 0.999977 0.0682709 -0.0845256 0.108149
FixedParameters: 0 0 0

#Transform 133
Transform: AffineTransform_float_3_3
Parameters: 0.999993 0.00113672 -0.00354584 -0.00111573 0.999983 0.00565795 0.00355263 -0.00565343 0.999977 0.0665474 -0.0846603 0.119988
FixedParameters: 0 0 0

#Transform 134
Transform: AffineTransform_float_3_3
Parameters: 0.999994 0.00107005 -0.00353616 -0.00104941 0.999983 0.0058147 0.00354201 -0.00581071 0.999977 0.0658478 -0.0800341 0.120558
FixedParameters: 0 0 0

#Transform 135
Transform: AffineTransform_float_3_3
Parameters: 0.999993 0.00109352 -0.00366221 -0.00107112 0.999981 0.00603846 0.00366823 -0.0060339 0.999975 0.0692484 -0.0885534 0.114085
FixedParameters: 0 0 0

#Transform 136
Transform: AffineTransform_float_3_3
Parameters: 0.999993 0.00136066 -0.00359564 -0.00133934 0.999981 0.00593247 0.00360331 -0.00592691 0.999976 0.0687808 -0.0830419 0.121887
FixedParameters: 0 0 0

#Transform 137
Transform: AffineTransform_float_3_3
Parameters: 0.999991 0.00149627 -0.00393544 -0.00147066 0.999979 0.00647231 0.00394472 -0.0064663 0.999972 0.0690413 -0.0741016 0.119433
FixedParameters: 0 0 0

#Transform 138
Transform: AffineTransform_float_3_3
Parameters: 0.999992 0.0014014 -0.00365234 -0.00137711 0.999976 0.00673443 0.00366191 -0.00672994 0.999971 0.0661779 -0.083555 0.127188
FixedParameters: 0 0 0

#Transform 139
Transform: AffineTransform_float_3_3
Parameters: 0.999994 0.000946779 -0.00340351 -0.000923327 0.999977 0.0067896 0.00340932 -0.00678681 0.999971 0.0589323 -0.0997044 0.104191
FixedParameters: 0 0 0

#Transform 140
Transform: AffineTransform_float_3_3
Parameters: 0.999994 0.000877444 -0.00342788 -0.00085501 0.999978 0.00652717 0.00343331 -0.00652479 0.999973 0.0558845 -0.0797061 0.0584598
FixedParameters: 0 0 0

#Transform 141
Transform: AffineTransform_float_3_3
Parameters: 0.999993 0.000894372 -0.0035321 -0.000870015 0.999977 0.00673793 0.00353844 -0.00673449 0.999971 0.0579014 -0.0850777 0.0436268
FixedParameters: 0 0 0

#Transform 142
Transform: AffineTransform_float_3_3
Parameters: 0.999991 0.000974707 -0.00400061 -0.000945681 0.999973 0.00719715 0.0040069 -0.00719365 0.999966 0.0649442 -0.0860391 0.0327923
FixedParameters: 0 0 0

#Transform 143
Transform: AffineTransform_float_3_3
Parameters: 0.999991 0.000992671 -0.00412237 -0.000961613 0.999972 0.00745188 0.00413017 -0.00744726 0.999964 0.0687765 -0.0983249 0.0249911
FixedParameters: 0 0 0

#Transform 144
Transform: AffineTransform_float_3_3
Parameters: 0.999991 0.000973195 -0.00419958 -0.00094156 0.99997 0.00770422 0.00420653 -0.0076997 0.999961 0.0708743 -0.0993309 0.0201611
FixedParameters: 0 0 0

#Transform 145
Transform: AffineTransform_float_3_3
Parameters: 0.99999 0.0010151 -0.00430901 -0.000982352 0.99997 0.0077367 0.00431707 -0.00773304 0.999961 0.0718926 -0.0950536 0.0096021
FixedParameters: 0 0 0

#Transform 146
Transform: AffineTransform_float_3_3
Parameters: 0.999991 0.00105046 -0.00428293 -0.00101683 0.999968 0.00788597 0.00429184 -0.00788207 0.999959 0.0728642 -0.0915967 0.0151202
FixedParameters: 0 0 0

#Transform 147
Transform: AffineTransform_float_3_3
Parameters: 0.99999 0.00115296 -0.00435403 -0.00111773 0.999966 0.00814878 0.00436362 -0.00814311 0.999957 0.0734825 -0.0868273 0.0126348
FixedParameters: 0 0 0

#Transform 148
Transform: AffineTransform_float_3_3
Parameters: 0.99999 0.00124087 -0.00434396 -0.00120534 0.999966 0.00814626 0.00435369 -0.00814063 0.999957 0.0720824 -0.0946 0.0038744
FixedParameters: 0 0 0

#Transform 149
Transform: AffineTransform_float_3_3
Parameters: 0.999989 0.00120707 -0.0045074 -0.00117067 0.999966 0.00814725 0.00451738 -0.0081414 0.999956 0.0775274 -0.101959 0.0167543
FixedParameters: 0 0 0

#Transform 150
Transform: AffineTransform_float_3_3
Parameters: 0.99999 0.00110278 -0.00440299 -0.00106732 0.999967 0.00807864 0.00441164 -0.00807471 0.999958 0.0720534 -0.100689 0.0247475
FixedParameters: 0 0 0

#Transform 151
Transform: AffineTransform_float_3_3
Parameters: 0.99999 0.00114871 -0.00432236 -0.00111274 0.999965 0.00829403 0.00433214 -0.00828847 0.999956 0.0695461 -0.0973249 0.0306336
FixedParameters: 0 0 0

#Transform 152
Transform: AffineTransform_float_3_3
Parameters: 0.999994 0.000485947 -0.00346476 -0.000460786 0.999974 0.00719184 0.00346765 -0.00718998 0.999968 0.0558956 -0.068252 0.0882777
FixedParameters: 0 0 0

#Transform 153
Transform: AffineTransform_float_3_3
Parameters: 0.999992 0.000622201 -0.0040265 -0.000587627 0.999963 0.00863559 0.00403182 -0.00863367 0.999954 0.0731178 -0.112526 0.0867009
FixedParameters: 0 0 0

#Transform 154
Transform: AffineTransform_float_3_3
Parameters: 0.999993 0.000650641 -0.00374022 -0.000620151 0.999966 0.00815579 0.00374569 -0.00815246 0.99996 0.06092 -0.0969318 0.0630129
FixedParameters: 0 0 0

#Transform 155
Transform: AffineTransform_float_3_3
Parameters: 0.999993 0.000603645 -0.0035884 -0.000574953 0.999967 0.00812684 0.00359267 -0.00812418 0.99996 0.0615105 -0.0932297 0.057194
FixedParameters: 0 0 0

#Transform 156
Transform: AffineTransform_float_3_3
Parameters: 0.999992 0.000608306 -0.00385585 -0.000576988 0.999967 0.00801563 0.0038605 -0.0080131 0.999961 0.0704186 -0.0980393 0.0488186
FixedParameters: 0 0 0

#Transform 157
Transform: AffineTransform_float_3_3
Parameters: 0.999993 0.00054512 -0.00369383 -0.000516048 0.99997 0.00782387 0.00369878 -0.00782149 0.999962 0.0656669 -0.094011 0.0513215
FixedParameters: 0 0 0

#Transform 158
Transform: AffineTransform_float_3_3
Parameters: 0.999992 0.000553025 -0.00395687 -0.000521741 0.99997 0.00774858 0.00396141 -0.00774634 0.999962 0.0694003 -0.0878215 0.0504127
FixedParameters: 0 0 0

#Transform 159
Transform: AffineTransform_float_3_3
Parameters: 0.999992 0.000591695 -0.00397773 -0.000559408 0.999968 0.00800365 0.00398259 -0.00800113 0.99996 0.0679825 -0.0954616 0.0322795
FixedParameters: 0 0 0

#Transform 160
Transform: AffineTransform_float_3_3
Parameters: 0.999993 0.000676908 -0.00389239 -0.000645004 0.999967 0.00806844 0.00389736 -0.00806613 0.99996 0.0658834 -0.0743718 0.0344086
FixedParameters: 0 0 0

#Transform 161
Transform: AffineTransform_float_3_3
Parameters: 0.999992 0.000753097 -0.00397212 -0.000718024 0.999963 0.00859192 0.00397876 -0.00858819 0.999955 0.0622124 -0.0826798 0.0408423
FixedParameters: 0 0 0

#Transform 162
Transform: AffineTransform_float_3_3
Parameters: 0.999992 0.000664078 -0.00397485 -0.000629234 0.999961 0.00878177 0.00398102 -0.00877959 0.999953 0.0620965 -0.0834455 0.0355348
FixedParameters: 0 0 0

#Transform 163
Transform: AffineTransform_float_3_3
Parameters: 0.999992 0.00061093 -0.0038633 -0.000577345 0.999963 0.00858678 0.00386835 -0.00858429 0.999956 0.0649914 -0.0906329 0.028222
FixedParameters: 0 0 0

#Transform 164
Transform: AffineTransform_float_3_3
Parameters: 0.999992 0.000502997 -0.00384782 -0.00046917 0.999962 0.00871638 0.00385244 -0.00871413 0.999955 0.0662368 -0.0901322 0.0320503
FixedParameters: 0 0 0

#Transform 165
Transform: AffineTransform_float_3_3
Parameters: 0.999992 0.00051633 -0.00394601 -0.000482017 0.999961 0.0087269 0.00395044 -0.00872512 0.999954 0.0652751 -0.0943041 0.0339843
FixedParameters: 0 0 0

#Transform 166
Transform: AffineTransform_float_3_3
Parameters: 0.999992 0.000505473 -0.00401895 -0.000471137 0.999962 0.00868291 0.00402359 -0.00868116 0.999954 0.0687787 -0.0938376 0.0190923
FixedParameters: 0 0 0

#Transform 167
Transform: AffineTransform_float_3_3
Parameters: 0.999992 0.000533098 -0.00403252 -0.000497612 0.999961 0.00874022 0.00403635 -0.00873823 0.999953 0.0669829 -0.0889486 0.00836809
FixedParameters: 0 0 0

#Transform 168
Transform: AffineTransform_float_3_3
Parameters: 0.999992 0.000538657 -0.00402518 -0.000502566 0.999961 0.00883215 0.00402914 -0.00883013 0.999953 0.066664 -0.103125 0.0159945
FixedParameters: 0 0 0

#Transform 169
Transform: AffineTransform_float_3_3
Parameters: 0.999992 0.000562494 -0.00395899 -0.000527571 0.999961 0.00883176 0.00396338 -0.00882961 0.999953 0.0695665 -0.0978844 0.0278136
FixedParameters: 0 0 0

#Transform 170
Transform: AffineTransform_float_3_3
Parameters: 0.999992 0.000568396 -0.00413871 -0.000531537 0.999959 0.00895267 0.00414323 -0.00895018 0.999952 0.073733 -0.094261 0.033266
FixedParameters: 0 0 0

#Transform 171
Transform: AffineTransform_float_3_3
Parameters: 0.999991 0.000602415 -0.00421189 -0.000565248 0.999961 0.00883017 0.00421692 -0.00882809 0.999953 0.0733542 -0.0907468 0.0308368
FixedParameters: 0 0 0

#Transform 172
Transform: AffineTransform_float_3_3
Parameters: 0.999992 0.000528267 -0.00405198 -0.000494594 0.999965 0.00841814 0.00405643 -0.00841614 0.999957 0.0690019 -0.0894337 0.0163203
FixedParameters: 0 0 0

#Transform 173
Transform: AffineTransform_float_3_3
Parameters: 0.999993 0.000582955 -0.00388809 -0.000550449 0.999965 0.00827807 0.00389212 -0.00827512 0.999958 0.0622732 -0.0789856 0.0298296
FixedParameters: 0 0 0

#Transform 174
Transform: AffineTransform_float_3_3
Parameters: 0.999992 0.000466206 -0.0038679 -0.000433407 0.999963 0.00853713 0.00387184 -0.00853515 0.999956 0.0663445 -0.0865118 0.0426016
FixedParameters: 0 0 0

#Transform 175
Transform: AffineTransform_float_3_3
Parameters: 0.999992 0.000515081 -0.00401933 -0.000482495 0.999967 0.00812926 0.00402259 -0.00812673 0.999958 0.0705385 -0.0857404 0.0157942
FixedParameters: 0 0 0

#Transform 176
Transform: AffineTransform_float_3_3
Parameters: 0.999992 0.000595343 -0.00399292 -0.000563031 0.999965 0.00825758 0.003998 -0.00825508 0.999958 0.064776 -0.0843791 0.00175048
FixedParameters: 0 0 0

#Transform 177
Transform: AffineTransform_float_3_3
Parameters: 0.999992 0.00058691 -0.00399598 -0.000554115 0.999965 0.00831282 0.00400092 -0.00831039 0.999958 0.0685909 -0.089027 0.0119729
FixedParameters: 0 0 0

#Transform 178
Transform: AffineTransform_float_3_3
Parameters: 0.999991 0.000576759 -0.0040543 -0.000542995 0.999965 0.0083129 0.00405906 -0.00831048 0.999957 0.0688268 -0.0937454 0.0163358
FixedParameters: 0 0 0

#Transform 179
Transform: AffineTransform_float_3_3
Parameters: 0.999992 0.000544279 -0.0039979 -0.000510839 0.999964 0.0083899 0.0040022 -0.00838781 0.999957 0.064323 -0.100233 0.0223531
FixedParameters: 0 0 0

#Transform 180
Transform: AffineTransform_float_3_3
Parameters: 0.999992 0.000612586 -0.00403676 -0.000578914 0.999965 0.00833707 0.00404215 -0.00833439 0.999957 0.0675149 -0.0920936 0.0214609
FixedParameters: 0 0 0

#Transform 181
Transform: AffineTransform_float_3_3
Parameters: 0.999992 0.000597832 -0.00404349 -0.000563641 0.999965 0.00838845 0.00404863 -0.00838588 0.999957 0.0691609 -0.089743 0.0288839
FixedParameters: 0 0 0

#Transform 182
Transform: AffineTransform_float_3_3
Parameters: 0.999992 0.000580612 -0.00414907 -0.000546509 0.999965 0.00832448 0.00415351 -0.00832197 0.999956 0.0755145 -0.0853203 0.026003
FixedParameters: 0 0 0

#Transform 183
Transform: AffineTransform_float_3_3
Parameters: 0.999992 0.000607384 -0.00416244 -0.000572789 0.999966 0.00819195 0.00416765 -0.00818977 0.999958 0.0749392 -0.0803137 0.0241833
FixedParameters: 0 0 0

#Transform 184
Transform: AffineTransform_float_3_3
Parameters: 0.999991 0.000607973 -0.00413477 -0.000574143 0.999966 0.00821182 0.00413909 -0.00820907 0.999957 0.0717861 -0.0826295 0.0202712
FixedParameters: 0 0 0

#Transform 185
Transform: AffineTransform_float_3_3
Parameters: 0.999991 0.000549459 -0.00418238 -0.000515269 0.999967 0.00810766 0.00418657 -0.00810516 0.999959 0.0798915 -0.0798874 0.0209212
FixedParameters: 0 0 0

#Transform 186
Transform: AffineTransform_float_3_3
Parameters: 0.999991 0.00053588 -0.00409197 -0.000501922 0.999965 0.00826035 0.00409598 -0.00825806 0.999958 0.0736492 -0.0837538 0.0196137
FixedParameters: 0 0 0

#Transform 187
Transform: AffineTransform_float_3_3
Parameters: 0.999992 0.000501168 -0.00403026 -0.00046802 0.999966 0.0082308 0.00403465 -0.00822901 0.999958 0.0689071 -0.0879019 0.0257333
FixedParameters: 0 0 0

#Transform 188
Transform: AffineTransform_float_3_3
Parameters: 0.999992 0.000486147 -0.00405354 -0.00045225 0.999965 0.00827952 0.00405767 -0.00827704 0.999958 0.0705288 -0.0952481 0.0165425
FixedParameters: 0 0 0

#Transform 189
Transform: AffineTransform_float_3_3
Parameters: 0.999991 0.000670845 -0.00414018 -0.000637432 0.999967 0.00814742 0.00414543 -0.00814476 0.999959 0.0751296 -0.095114 0.018358
FixedParameters: 0 0 0
