#Insight Transform File V1.0
#Transform 0
Transform: AffineTransform_float_3_3
Parameters: 0.999999 0.00075356 0.00098156 -0.000753288 1 -0.000147386 -0.000981774 0.000146695 1 -0.0404624 0.040886 -0.0844942
FixedParameters: 0 0 0

#Transform 1
Transform: AffineTransform_float_3_3
Parameters: 0.999999 0.000674231 0.0013906 -0.000673755 1 -0.000177779 -0.00139083 0.000176693 0.999999 -0.0511011 0.0461434 -0.0921758
FixedParameters: 0 0 0

#Transform 2
Transform: AffineTransform_float_3_3
Parameters: 0.999999 0.000600237 0.00120458 -0.00060033 1 0.000404113 -0.00120453 -0.000404746 0.999999 -0.0466462 0.0419321 -0.100609
FixedParameters: 0 0 0

#Transform 3
Transform: AffineTransform_float_3_3
Parameters: 0.999999 0.000377057 0.00120304 -0.000377185 1 0.000601882 -0.00120212 -0.00060196 0.999999 -0.0477764 0.0372766 -0.102656
FixedParameters: 0 0 0

#Transform 4
Transform: AffineTransform_float_3_3
Parameters: 0.999999 0.000503275 0.001483 -0.00050405 0.999999 0.000706043 -0.00148182 -0.000706708 0.999998 -0.0571647 0.047936 -0.0976304
FixedParameters: 0 0 0

#Transform 5
Transform: AffineTransform_float_3_3
Parameters: 0.999999 0.000573163 0.00111183 -0.000574548 1 0.00102648 -0.00111109 -0.00102773 0.999999 -0.0475184 0.0436542 -0.100792
FixedParameters: 0 0 0

#Transform 6
Transform: AffineTransform_float_3_3
Parameters: 1 0.000520897 0.00100392 -0.0005221 0.999999 0.00103809 -0.00100327 -0.00103832 0.999999 -0.0447468 0.0389902 -0.0945827
FixedParameters: 0 0 0

#Transform 7
Transform: AffineTransform_float_3_3
Parameters: 0.999999 0.000512576 0.000672028 -0.000513222 0.999999 0.00114392 -0.00067135 -0.00114459 0.999999 -0.0364754 0.0380058 -0.0924911
FixedParameters: 0 0 0

#Transform 8
Transform: AffineTransform_float_3_3
Parameters: 1 0.000467531 0.000523079 -0.000468099 0.999999 0.00139486 -0.00052227 -0.00139533 0.999999 -0.0339585 0.0404153 -0.0924598
FixedParameters: 0 0 0

#Transform 9
Transform: AffineTransform_float_3_3
Parameters: 1 0.000593546 0.000400565 -0.000594228 0.999999 0.00139059 -0.000400286 -0.00139044 0.999998 -0.0323651 0.0441683 -0.0756048
FixedParameters: 0 0 0

#Transform 10
Transform: AffineTransform_float_3_3
Parameters: 1 0.00062799 0.00025281 -0.000628709 0.999999 0.00141232 -0.000251092 -0.00141263 0.999999 -0.029542 0.0333883 -0.0909304
FixedParameters: 0 0 0

#Transform 11
Transform: AffineTransform_float_3_3
Parameters: 1 0.000466824 0.000332165 -0.00046693 0.999999 0.00150231 -0.000331258 -0.0015026 0.999999 -0.0345458 0.0421429 -0.118114
FixedParameters: 0 0 0

#Transform 12
Transform: AffineTransform_float_3_3
Parameters: 1 0.00066518 0.000239295 -0.000666117 0.999995 0.00286981 -0.000237039 -0.00287012 0.999996 -0.0362981 -0.0035889 -0.18147
FixedParameters: 0 0 0

#Transform 13
Transform: AffineTransform_float_3_3
Parameters: 0.999998 0.000737199 -0.00151033 -0.000731828 0.999994 0.00325482 0.00151253 -0.00325335 0.999993 -0.0027247 -0.0612093 -0.0254022
FixedParameters: 0 0 0

#Transform 14
Transform: AffineTransform_float_3_3
Parameters: 0.999999 0.000421582 -0.000618316 -0.00042154 1 3.48372e-05 0.000618346 -3.43159e-05 1 0.00214444 -0.0124638 0.138098
FixedParameters: 0 0 0

#Transform 15
Transform: AffineTransform_float_3_3
Parameters: 1 3.41498e-05 -0.000341184 -3.41666e-05 0.999998 0.00195755 0.000340745 -0.00195757 0.999998 -3.4416e-05 -0.0357612 0.0470423
FixedParameters: 0 0 0

#Transform 16
Transform: AffineTransform_float_3_3
Parameters: 1 -0.000202561 2.41424e-05 0.000202884 0.999998 0.00208581 -2.4206e-05 -0.00208578 0.999998 -0.024359 -0.029202 0.0362784
FixedParameters: 0 0 0

#Transform 17
Transform: AffineTransform_float_3_3
Parameters: 0.999999 -0.000139235 0.000885772 0.000137222 1 0.00113189 -0.000886143 -0.00113165 0.999999 -0.0265976 -0.0262369 0.0301351
FixedParameters: 0 0 0

#Transform 18
Transform: AffineTransform_float_3_3
Parameters: 0.999999 -0.000167392 0.000897823 0.000166557 1 0.000960735 -0.000898639 -0.000960411 0.999999 -0.021371 0.00193436 0.010306
FixedParameters: 0 0 0

#Transform 19
Transform: AffineTransform_float_3_3
Parameters: 0.999999 -0.000259043 0.000921763 0.000259912 0.999999 -0.00120037 -0.000921656 0.00120081 0.999999 -0.0212127 0.0173661 0.0115393
FixedParameters: 0 0 0

#Transform 20
Transform: AffineTransform_float_3_3
Parameters: 1 -0.000140813 0.000681844 0.000139443 1 0.0010143 -0.000682206 -0.00101472 1 -0.0187909 -0.000799937 -0.00815836
FixedParameters: 0 0 0

#Transform 21
Transform: AffineTransform_float_3_3
Parameters: 1 -5.88156e-06 0.000660806 5.55924e-06 0.999999 0.000920633 -0.000661325 -0.000920428 1 -0.0170162 0.0172804 -0.00169575
FixedParameters: 0 0 0

#Transform 22
Transform: AffineTransform_float_3_3
Parameters: 0.999999 -0.000161245 -0.000911331 0.000161312 1 3.7088e-05 0.000911319 -3.73819e-05 0.999999 0.00903743 0.0364407 0.00484939
FixedParameters: 0 0 0

#Transform 23
Transform: AffineTransform_float_3_3
Parameters: 1 0.000275307 -0.000606832 -0.00027537 1 -5.20459e-05 0.000606803 5.23801e-05 1 0.00692964 0.0462079 0.0167996
FixedParameters: 0 0 0

#Transform 24
Transform: AffineTransform_float_3_3
Parameters: 1 -3.10801e-05 0.000703475 3.19491e-05 1 -0.000617693 -0.000703436 0.000617737 0.999999 -0.0114423 0.0432408 -0.000147216
FixedParameters: 0 0 0

#Transform 25
Transform: AffineTransform_float_3_3
Parameters: 1 -0.000265986 0.000534944 0.000266839 0.999999 -0.000797528 -0.000534519 0.000797813 0.999999 -0.00360776 0.0383274 0.0120678
FixedParameters: 0 0 0

#Transform 26
Transform: AffineTransform_float_3_3
Parameters: 1 0.000266302 0.000337764 -0.000266599 0.999999 -0.00092449 -0.000337868 0.000925074 1 0.00582041 0.0470169 0.00390893
FixedParameters: 0 0 0

#Transform 27
Transform: AffineTransform_float_3_3
Parameters: 1 -0.000287675 -0.000364124 0.000287819 1 -0.00102462 0.000364218 0.00102443 1 0.00246546 0.0368403 0.0123547
FixedParameters: 0 0 0

#Transform 28
Transform: AffineTransform_float_3_3
Parameters: 1 0.000381931 4.11869e-05 -0.000381858 0.999999 -0.000881209 -4.18599e-05 0.000881177 0.999999 0.0131065 0.0361378 -0.00381875
FixedParameters: 0 0 0

#Transform 29
Transform: AffineTransform_float_3_3
Parameters: 1 0.000474437 0.000231655 -0.00047404 0.999999 -0.00090586 -0.000232564 0.000906428 1 -0.00804855 0.0406498 -0.00691563
FixedParameters: 0 0 0

#Transform 30
Transform: AffineTransform_float_3_3
Parameters: 1 0.000210019 9.12876e-05 -0.000210003 1 -8.87517e-05 -9.13249e-05 8.87133e-05 1 -0.00990203 0.0335985 -0.102654
FixedParameters: 0 0 0

#Transform 31
Transform: AffineTransform_float_3_3
Parameters: 0.999999 -0.000481867 -0.000536424 0.00048311 0.999998 0.00161767 0.000536092 -0.00161741 0.999999 0.00635956 0.0134991 -0.0351983
FixedParameters: 0 0 0

#Transform 32
Transform: AffineTransform_float_3_3
Parameters: 1 -5.39601e-05 -0.00100263 5.55971e-05 0.999999 0.00149576 0.00100195 -0.00149513 0.999999 0.00602639 0.0231518 -0.0410035
FixedParameters: 0 0 0

#Transform 33
Transform: AffineTransform_float_3_3
Parameters: 0.999999 -6.96774e-05 -0.000982489 6.96673e-05 1 0.000687915 0.000981885 -0.000687304 0.999999 0.00215696 0.0553022 -0.0747724
FixedParameters: 0 0 0

#Transform 34
Transform: AffineTransform_float_3_3
Parameters: 1 -3.74071e-05 -0.000606888 3.75672e-05 1 0.000131835 0.000606878 -0.00013188 1 0.000463151 0.0539278 -0.115736
FixedParameters: 0 0 0

#Transform 35
Transform: AffineTransform_float_3_3
Parameters: 1 1.29944e-05 -0.000445218 -1.32172e-05 1 -0.000250145 0.000445212 0.000250157 1 -0.0100286 0.0640716 -0.0983862
FixedParameters: 0 0 0

#Transform 36
Transform: AffineTransform_float_3_3
Parameters: 1 6.65256e-05 -0.000659046 -6.65287e-05 1 -2.341e-06 0.000659046 2.42869e-06 1 -0.00448866 0.0500546 -0.0938768
FixedParameters: 0 0 0

#Transform 37
Transform: AffineTransform_float_3_3
Parameters: 0.999999 -0.000145538 -0.00083367 0.000145543 1 2.93801e-06 0.000833669 -3.18067e-06 0.999999 0.00531588 0.0612795 -0.0977802
FixedParameters: 0 0 0

#Transform 38
Transform: AffineTransform_float_3_3
Parameters: 0.999999 -0.000199038 -0.000945534 0.000199046 1 3.99025e-06 0.000945532 -4.36665e-06 0.999999 0.00743529 0.0621159 -0.0989208
FixedParameters: 0 0 0

#Transform 39
Transform: AffineTransform_float_3_3
Parameters: 0.999999 -0.000144519 -0.000925681 0.000144674 1 8.35872e-05 0.000925656 -8.38549e-05 0.999999 0.00841041 0.0651039 -0.096846
FixedParameters: 0 0 0

#Transform 40
Transform: AffineTransform_float_3_3
Parameters: 0.999999 -0.000291633 -0.000939249 0.000291646 1 6.59128e-06 0.000939245 -7.13913e-06 0.999999 0.00836322 0.0748716 -0.0887684
FixedParameters: 0 0 0

#Transform 41
Transform: AffineTransform_float_3_3
Parameters: 0.999999 -0.00028357 -0.000952136 0.000283777 1 0.000108361 0.000952074 -0.000108901 0.999999 0.00715093 0.0690342 -0.0962672
FixedParameters: 0 0 0

#Transform 42
Transform: AffineTransform_float_3_3
Parameters: 0.999999 -0.000241935 -0.00095293 0.000242436 1 0.000275669 0.000952747 -0.000275342 1 0.0158024 0.0614764 -0.103321
FixedParameters: 0 0 0

#Transform 43
Transform: AffineTransform_float_3_3
Parameters: 1 -5.18444e-05 -0.00105124 5.17413e-05 1 0.000376225 0.00105163 -0.000376185 1 0.012606 0.0560797 -0.108193
FixedParameters: 0 0 0

#Transform 44
Transform: AffineTransform_float_3_3
Parameters: 1 1.5477e-06 -0.00115137 -9.9475e-07 1 0.000828371 0.00115092 -0.000827619 0.999999 0.007237 0.0479156 -0.0870436
FixedParameters: 0 0 0

#Transform 45
Transform: AffineTransform_float_3_3
Parameters: 0.999999 8.92219e-05 -0.00128868 -8.84327e-05 1 0.000825056 0.00128836 -0.000824868 0.999999 0.0113686 0.0482649 -0.0927995
FixedParameters: 0 0 0

#Transform 46
Transform: AffineTransform_float_3_3
Parameters: 0.999999 0.000113793 -0.00124281 -0.00011308 1 0.000824547 0.00124253 -0.000824305 0.999999 0.0130625 0.0512598 -0.0957402
FixedParameters: 0 0 0

#Transform 47
Transform: AffineTransform_float_3_3
Parameters: 0.999999 -3.87757e-05 -0.00131289 3.93884e-05 0.999999 0.000741028 0.00131236 -0.000740997 0.999999 0.0154311 0.0583146 -0.0771722
FixedParameters: 0 0 0

#Transform 48
Transform: AffineTransform_float_3_3
Parameters: 1 -0.000111529 -0.00104872 0.000112323 1 0.000386725 0.00104864 -0.000386171 1 0.00963465 0.0579675 -0.104545
FixedParameters: 0 0 0

#Transform 49
Transform: AffineTransform_float_3_3
Parameters: 0.999999 1.78895e-05 -0.00126242 -1.8075e-05 1 0.000454531 0.00126197 -0.000454352 0.999999 0.0148986 0.0476023 -0.108859
FixedParameters: 0 0 0

#Transform 50
Transform: AffineTransform_float_3_3
Parameters: 1 0.00012629 -0.00105671 -0.000126333 0.999999 0.000390884 0.00105728 -0.000391255 0.999999 0.00994938 0.0448434 -0.114207
FixedParameters: 0 0 0

#Transform 51
Transform: AffineTransform_float_3_3
Parameters: 1 5.02417e-05 -0.00112958 -4.95614e-05 1 0.00030891 0.00112962 -0.000308009 0.999999 0.00770298 0.057637 -0.107548
FixedParameters: 0 0 0

#Transform 52
Transform: AffineTransform_float_3_3
Parameters: 0.999999 0.000127955 -0.0012621 -0.0001272 1 0.000306283 0.00126219 -0.000305173 0.999999 0.0112534 0.0543796 -0.100794
FixedParameters: 0 0 0

#Transform 53
Transform: AffineTransform_float_3_3
Parameters: 0.999998 0.000145028 -0.00162897 -0.000141282 0.999998 0.00197439 0.00162849 -0.00197383 0.999997 0.0307988 0.0197322 -0.0502298
FixedParameters: 0 0 0

#Transform 54
Transform: AffineTransform_float_3_3
Parameters: 0.999999 0.00023706 -0.00140676 -0.000235608 1 0.000983849 0.00140675 -0.000983839 0.999998 0.0146761 0.0341212 -0.0760797
FixedParameters: 0 0 0

#Transform 55
Transform: AffineTransform_float_3_3
Parameters: 0.999999 0.00024688 -0.00141491 -0.000246262 1 0.000683415 0.00141477 -0.000683372 0.999999 0.0152838 0.0436515 -0.0861061
FixedParameters: 0 0 0

#Transform 56
Transform: AffineTransform_float_3_3
Parameters: 0.999999 3.8968e-05 -0.00148347 -3.80444e-05 1 0.000310104 0.00148348 -0.000309816 0.999999 0.0209038 0.0474988 -0.0872741
FixedParameters: 0 0 0

#Transform 57
Transform: AffineTransform_float_3_3
Parameters: 0.999998 0.000430602 -0.00162746 -0.000424567 0.999993 0.00364452 0.00162964 -0.00364374 0.999993 0.0397638 0.00496298 -0.105609
FixedParameters: 0 0 0

#Transform 58
Transform: AffineTransform_float_3_3
Parameters: 1 0.000434967 -0.00104605 -0.000431667 0.999995 0.00306851 0.00104664 -0.00306831 0.999995 0.00339688 0.0138859 -0.153277
FixedParameters: 0 0 0

#Transform 59
Transform: AffineTransform_float_3_3
Parameters: 0.999999 0.00035275 -0.00121833 -0.000350029 0.999997 0.00258198 0.00121947 -0.00258185 0.999996 0.0128154 0.0313262 -0.161865
FixedParameters: 0 0 0

#Transform 60
Transform: AffineTransform_float_3_3
Parameters: 1 0.000282176 -0.00114708 -0.000279774 0.999998 0.00221003 0.00114727 -0.00221008 0.999997 0.010701 0.0466686 -0.162306
FixedParameters: 0 0 0

#Transform 61
Transform: AffineTransform_float_3_3
Parameters: 0.999999 0.000400705 -0.00126216 -0.000397563 0.999998 0.00213516 0.00126373 -0.00213422 0.999997 0.0109614 0.0544725 -0.170602
FixedParameters: 0 0 0

#Transform 62
Transform: AffineTransform_float_3_3
Parameters: 0.999999 0.000233668 -0.00139504 -0.000231068 0.999998 0.00188536 0.00139492 -0.0018854 0.999997 0.016949 0.0687532 -0.172388
FixedParameters: 0 0 0

#Transform 63
Transform: AffineTransform_float_3_3
Parameters: 1 0.000260446 -0.00116194 -0.000258433 0.999998 0.00182141 0.00116278 -0.00182149 0.999998 0.00898533 0.0697174 -0.180606
FixedParameters: 0 0 0

#Transform 64
Transform: AffineTransform_float_3_3
Parameters: 0.999999 0.000191217 -0.0012233 -0.000188845 0.999998 0.00187713 0.00122391 -0.00187734 0.999997 0.0127171 0.0716043 -0.183677
FixedParameters: 0 0 0

#Transform 65
Transform: AffineTransform_float_3_3
Parameters: 1 0.000230719 -0.00118803 -0.000227825 0.999998 0.00177514 0.00118831 -0.00177525 0.999998 0.0122268 0.0670821 -0.188293
FixedParameters: 0 0 0

#Transform 66
Transform: AffineTransform_float_3_3
Parameters: 1 0.000282393 -0.00111436 -0.000280244 0.999998 0.00196003 0.00111536 -0.00196008 0.999997 0.0106856 0.0621245 -0.189757
FixedParameters: 0 0 0

#Transform 67
Transform: AffineTransform_float_3_3
Parameters: 0.999999 9.14471e-05 -0.00132565 -8.90782e-05 0.999999 0.00191471 0.00132497 -0.00191377 0.999997 0.0178822 0.0472528 -0.187967
FixedParameters: 0 0 0

#Transform 68
Transform: AffineTransform_float_3_3
Parameters: 0.999999 0.000116867 -0.00125117 -0.000114555 0.999999 0.00181986 0.00125152 -0.00181963 0.999997 0.0129953 0.0676012 -0.179239
FixedParameters: 0 0 0

#Transform 69
Transform: AffineTransform_float_3_3
Parameters: 1 0.000125901 -0.00119265 -0.000122756 0.999994 0.00320597 0.00119311 -0.00320563 0.999994 0.00974336 0.00692994 -0.124565
FixedParameters: 0 0 0

#Transform 70
Transform: AffineTransform_float_3_3
Parameters: 0.999999 0.000176187 -0.000795667 -0.000174462 0.999997 0.00250213 0.000796352 -0.00250192 0.999996 0.00141761 0.0525747 -0.173496
FixedParameters: 0 0 0

#Transform 71
Transform: AffineTransform_float_3_3
Parameters: 0.999999 0.000186679 -0.000953703 -0.000184452 0.999997 0.00233941 0.000954358 -0.00233973 0.999997 0.00808276 0.0522618 -0.186272
FixedParameters: 0 0 0

#Transform 72
Transform: AffineTransform_float_3_3
Parameters: 1 5.58119e-05 -0.00109733 -5.43751e-05 0.999998 0.00209659 0.00109788 -0.00209577 0.999997 0.0117754 0.0558836 -0.196223
FixedParameters: 0 0 0

#Transform 73
Transform: AffineTransform_float_3_3
Parameters: 0.999999 -2.07666e-05 -0.00126876 2.30336e-05 0.999997 0.00213228 0.00126896 -0.00213225 0.999997 0.0150061 0.0614926 -0.183399
FixedParameters: 0 0 0

#Transform 74
Transform: AffineTransform_float_3_3
Parameters: 1 7.63063e-05 -0.00112931 -7.37356e-05 0.999997 0.00231982 0.0011286 -0.00232035 0.999997 0.00959456 0.0593692 -0.182901
FixedParameters: 0 0 0

#Transform 75
Transform: AffineTransform_float_3_3
Parameters: 1 0.00016286 -0.00114765 -0.000159695 0.999997 0.00234939 0.00114825 -0.0023497 0.999997 0.0137431 0.0525597 -0.184233
FixedParameters: 0 0 0

#Transform 76
Transform: AffineTransform_float_3_3
Parameters: 1 0.000155299 -0.00113803 -0.000152099 0.999997 0.00238465 0.00113861 -0.00238498 0.999996 0.0150374 0.0508798 -0.196424
FixedParameters: 0 0 0

#Transform 77
Transform: AffineTransform_float_3_3
Parameters: 1 0.00013156 -0.00115694 -0.000128378 0.999997 0.00234703 0.00115741 -0.00234679 0.999996 0.0146101 0.0575275 -0.189097
FixedParameters: 0 0 0

#Transform 78
Transform: AffineTransform_float_3_3
Parameters: 0.999999 0.000243549 -0.00139256 -0.000240043 0.999997 0.00254137 0.00139311 -0.00254142 0.999996 0.0204642 0.0514516 -0.188916
FixedParameters: 0 0 0

#Transform 79
Transform: AffineTransform_float_3_3
Parameters: 0.999999 0.000305325 -0.00142265 -0.000301696 0.999997 0.00253058 0.00142351 -0.00253043 0.999996 0.0186909 0.0446598 -0.195579
FixedParameters: 0 0 0

#Transform 80
Transform: AffineTransform_float_3_3
Parameters: 1 6.48204e-05 -0.00122061 -6.23413e-05 0.999998 0.0023046 0.0012212 -0.00230453 0.999996 0.0132479 0.0597612 -0.224505
FixedParameters: 0 0 0

#Transform 81
Transform: AffineTransform_float_3_3
Parameters: 0.999999 0.000210927 -0.00128978 -0.00020682 0.999997 0.00246502 0.0012906 -0.00246437 0.999996 0.0122412 0.0668613 -0.20243
FixedParameters: 0 0 0

#Transform 82
Transform: AffineTransform_float_3_3
Parameters: 0.999999 0.000305261 -0.00133293 -0.000301639 0.999996 0.00269795 0.00133389 -0.00269786 0.999995 0.0161751 0.0495202 -0.209847
FixedParameters: 0 0 0

#Transform 83
Transform: AffineTransform_float_3_3
Parameters: 0.999999 0.000183992 -0.0013601 -0.000179795 0.999996 0.00286566 0.00136042 -0.00286509 0.999995 0.0180862 0.0498194 -0.217851
FixedParameters: 0 0 0

#Transform 84
Transform: AffineTransform_float_3_3
Parameters: 1 0.00022229 -0.00101882 -0.000219168 0.999997 0.00263914 0.0010198 -0.00263875 0.999996 0.00988954 0.063151 -0.224576
FixedParameters: 0 0 0

#Transform 85
Transform: AffineTransform_float_3_3
Parameters: 1 5.82091e-05 -0.00115503 -5.53249e-05 0.999998 0.00221319 0.00115513 -0.00221374 0.999997 0.0126028 0.075425 -0.226454
FixedParameters: 0 0 0

#Transform 86
Transform: AffineTransform_float_3_3
Parameters: 0.999999 0.000144408 -0.000917902 -0.000142621 0.999997 0.00221185 0.000918352 -0.00221087 0.999997 0.0076396 0.0777153 -0.249324
FixedParameters: 0 0 0

#Transform 87
Transform: AffineTransform_float_3_3
Parameters: 0.999999 -4.15561e-05 -0.00125548 4.5401e-05 0.999997 0.00242906 0.00125506 -0.00242906 0.999997 0.0154047 0.0805565 -0.259631
FixedParameters: 0 0 0

#Transform 88
Transform: AffineTransform_float_3_3
Parameters: 0.999999 0.000109902 -0.00132984 -0.000106328 0.999997 0.00234719 0.00132929 -0.0023476 0.999996 0.0173094 0.0425284 -0.225362
FixedParameters: 0 0 0

#Transform 89
Transform: AffineTransform_float_3_3
Parameters: 0.999999 -1.11023e-05 -0.00156502 1.38214e-05 0.999998 0.00230977 0.00156475 -0.00230915 0.999996 0.0229565 0.0588133 -0.235334
FixedParameters: 0 0 0

#Transform 90
Transform: AffineTransform_float_3_3
Parameters: 0.999999 7.61403e-05 -0.00131494 -7.38887e-05 0.999998 0.00221208 0.00131465 -0.00221261 0.999997 0.0173832 0.0568881 -0.24399
FixedParameters: 0 0 0

#Transform 91
Transform: AffineTransform_float_3_3
Parameters: 0.999999 0.000226696 -0.00103632 -0.000223886 0.999997 0.00265995 0.00103637 -0.00265956 0.999996 0.0127254 0.0559513 -0.304258
FixedParameters: 0 0 0

#Transform 92
Transform: AffineTransform_float_3_3
Parameters: 0.999999 0.000179776 -0.0013609 -0.000176276 0.999997 0.00260606 0.00136118 -0.00260568 0.999995 0.0202587 0.0531082 -0.287199
FixedParameters: 0 0 0

#Transform 93
Transform: AffineTransform_float_3_3
Parameters: 0.999999 6.89475e-05 -0.00131144 -6.58136e-05 0.999998 0.00221232 0.00131069 -0.00221284 0.999997 0.0181832 0.0599652 -0.27655
FixedParameters: 0 0 0

#Transform 94
Transform: AffineTransform_float_3_3
Parameters: 0.999999 8.90788e-05 -0.00132535 -8.64368e-05 0.999998 0.00183455 0.00132557 -0.001835 0.999997 0.0188392 0.0805448 -0.280904
FixedParameters: 0 0 0

#Transform 95
Transform: AffineTransform_float_3_3
Parameters: 0.999999 0.000129444 -0.00151871 -0.000125857 0.999998 0.0022099 0.00151955 -0.00221022 0.999996 0.0239956 0.0685131 -0.286932
FixedParameters: 0 0 0

#Transform 96
Transform: AffineTransform_float_3_3
Parameters: 0.999999 7.20462e-05 -0.00154563 -6.85747e-05 0.999998 0.00228479 0.00154528 -0.0022845 0.999997 0.0245716 0.0697355 -0.294221
FixedParameters: 0 0 0

#Transform 97
Transform: AffineTransform_float_3_3
Parameters: 0.999999 1.38558e-05 -0.00141105 -1.03724e-05 0.999997 0.00235091 0.00141134 -0.00235079 0.999997 0.0209688 0.0690433 -0.294856
FixedParameters: 0 0 0

#Transform 98
Transform: AffineTransform_float_3_3
Parameters: 0.999998 0.000111676 -0.00166239 -0.000106812 0.999997 0.00241036 0.00166315 -0.00240991 0.999996 0.0203193 0.0767095 -0.298857
FixedParameters: 0 0 0

#Transform 99
Transform: AffineTransform_float_3_3
Parameters: 0.999999 6.04705e-05 -0.00154634 -5.71965e-05 0.999998 0.00221167 0.00154599 -0.00221221 0.999996 0.0246257 0.0645659 -0.295421
FixedParameters: 0 0 0

#Transform 100
Transform: AffineTransform_float_3_3
Parameters: 0.999998 -5.23807e-05 -0.00166775 5.63459e-05 0.999998 0.00226571 0.00166684 -0.00226582 0.999996 0.0270356 0.0797402 -0.297818
FixedParameters: 0 0 0

#Transform 101
Transform: AffineTransform_float_3_3
Parameters: 0.999998 -1.44982e-05 -0.00200244 1.92619e-05 0.999997 0.00230844 0.00200219 -0.00230846 0.999995 0.0311459 0.0712354 -0.289342
FixedParameters: 0 0 0

#Transform 102
Transform: AffineTransform_float_3_3
Parameters: 0.999998 -8.21664e-06 -0.00206989 1.32651e-05 0.999997 0.00251529 0.00207003 -0.00251593 0.999995 0.037393 0.0726599 -0.29547
FixedParameters: 0 0 0

#Transform 103
Transform: AffineTransform_float_3_3
Parameters: 0.999998 2.40633e-05 -0.00206491 -1.87411e-05 0.999997 0.00237479 0.00206477 -0.00237449 0.999995 0.0307054 0.062891 -0.301786
FixedParameters: 0 0 0

#Transform 104
Transform: AffineTransform_float_3_3
Parameters: 0.999998 3.83807e-05 -0.00202277 -3.31614e-05 0.999998 0.00228895 0.00202366 -0.00228874 0.999995 0.0306027 0.0652259 -0.300923
FixedParameters: 0 0 0

#Transform 105
Transform: AffineTransform_float_3_3
Parameters: 0.999998 6.33639e-05 -0.00210805 -5.94026e-05 0.999997 0.00221009 0.00210857 -0.00221043 0.999995 0.0339845 0.0671751 -0.297412
FixedParameters: 0 0 0

#Transform 106
Transform: AffineTransform_float_3_3
Parameters: 0.999998 9.2469e-05 -0.00191027 -8.82702e-05 0.999998 0.00227189 0.00191051 -0.0022715 0.999995 0.0278995 0.0779459 -0.29302
FixedParameters: 0 0 0

#Transform 107
Transform: AffineTransform_float_3_3
Parameters: 0.999998 7.88795e-05 -0.00190436 -7.45019e-05 0.999998 0.00221026 0.00190543 -0.00220991 0.999996 0.0277455 0.0823107 -0.297985
FixedParameters: 0 0 0

#Transform 108
Transform: AffineTransform_float_3_3
Parameters: 0.999998 4.48115e-05 -0.00188713 -4.02537e-05 0.999997 0.00227246 0.00188803 -0.00227285 0.999996 0.0209504 0.0679978 -0.298626
FixedParameters: 0 0 0

#Transform 109
Transform: AffineTransform_float_3_3
Parameters: 0.999998 7.22008e-05 -0.001897 -6.77808e-05 0.999997 0.0025788 0.00189755 -0.00257912 0.999995 0.0215515 0.0615217 -0.296144
FixedParameters: 0 0 0

#Transform 110
Transform: AffineTransform_float_3_3
Parameters: 0.999998 0.000102351 -0.00191079 -9.75989e-05 0.999997 0.00265278 0.00191153 -0.00265237 0.999995 0.0299959 0.0545021 -0.294117
FixedParameters: 0 0 0

#Transform 111
Transform: AffineTransform_float_3_3
Parameters: 0.999997 0.000155729 -0.00213173 -0.000150916 0.999996 0.00270074 0.00213229 -0.00270072 0.999994 0.0334958 0.0604487 -0.30133
FixedParameters: 0 0 0

#Transform 112
Transform: AffineTransform_float_3_3
Parameters: 0.999998 7.72175e-05 -0.00211996 -7.1817e-05 0.999997 0.00253884 0.00212053 -0.00253911 0.999995 0.0278997 0.0645144 -0.288042
FixedParameters: 0 0 0

#Transform 113
Transform: AffineTransform_float_3_3
Parameters: 0.999998 5.56279e-05 -0.00232442 -5.0261e-05 0.999997 0.00249963 0.00232537 -0.0025 0.999994 0.032922 0.0674088 -0.288372
FixedParameters: 0 0 0

#Transform 114
Transform: AffineTransform_float_3_3
Parameters: 0.999999 0.000139119 -0.00186878 -0.000134488 0.999997 0.00243786 0.00186928 -0.0024373 0.999995 0.0347379 0.0579273 -0.344022
FixedParameters: 0 0 0

#Transform 115
Transform: AffineTransform_float_3_3
Parameters: 0.999995 9.21953e-05 -0.00299013 -8.11385e-05 0.999993 0.00364249 0.00299115 -0.00364316 0.999989 0.0522717 0.0612039 -0.327807
FixedParameters: 0 0 0

#Transform 116
Transform: AffineTransform_float_3_3
Parameters: 0.999996 0.000101511 -0.00275229 -9.19261e-05 0.999994 0.00337021 0.00275254 -0.00336942 0.999991 0.0461525 0.0810221 -0.347082
FixedParameters: 0 0 0

#Transform 117
Transform: AffineTransform_float_3_3
Parameters: 0.999997 -0.00026221 -0.00241842 0.000267318 0.999998 0.00217172 0.00241755 -0.00217219 0.999994 0.0405004 0.0911813 -0.325748
FixedParameters: 0 0 0

#Transform 118
Transform: AffineTransform_float_3_3
Parameters: 0.999997 -0.000375326 -0.00217877 0.00038081 0.999998 0.00219172 0.00217779 -0.00219252 0.999995 0.0393302 0.086238 -0.336287
FixedParameters: 0 0 0

#Transform 119
Transform: AffineTransform_float_3_3
Parameters: 0.999997 -0.000443125 -0.00220624 0.000447233 0.999997 0.00215975 0.00220454 -0.00216012 0.999995 0.0396254 0.0879231 -0.334805
FixedParameters: 0 0 0

#Transform 120
Transform: AffineTransform_float_3_3
Parameters: 0.999997 -0.000517555 -0.00246563 0.000522415 0.999998 0.00217224 0.00246499 -0.002174 0.999994 0.0455976 0.0909117 -0.327438
FixedParameters: 0 0 0

#Transform 121
Transform: AffineTransform_float_3_3
Parameters: 0.999997 -0.000473331 -0.00248582 0.000479305 0.999998 0.00229246 0.00248386 -0.00229323 0.999994 0.04651 0.0990125 -0.336279
FixedParameters: 0 0 0

#Transform 122
Transform: AffineTransform_float_3_3
Parameters: 0.999997 -0.000412585 -0.00251671 0.000418073 0.999998 0.00216227 0.00251519 -0.00216356 0.999994 0.0460756 0.096009 -0.350117
FixedParameters: 0 0 0

#Transform 123
Transform: AffineTransform_float_3_3
Parameters: 0.999996 -0.000478363 -0.00254639 0.000484704 0.999998 0.00222331 0.00254537 -0.00222415 0.999994 0.0485409 0.100875 -0.351488
FixedParameters: 0 0 0

#Transform 124
Transform: AffineTransform_float_3_3
Parameters: 0.999997 -0.000487327 -0.00248108 0.00049281 0.999997 0.00210295 0.00248018 -0.00210439 0.999995 0.0437847 0.0966049 -0.339085
FixedParameters: 0 0 0

#Transform 125
Transform: AffineTransform_float_3_3
Parameters: 0.999997 -0.000470026 -0.00248657 0.000475489 0.999997 0.00236938 0.002485 -0.00237016 0.999994 0.0469956 0.0936369 -0.34952
FixedParameters: 0 0 0

#Transform 126
Transform: AffineTransform_float_3_3
Parameters: 0.999996 -0.000505196 -0.00254893 0.000511039 0.999997 0.00212254 0.00254789 -0.00212335 0.999995 0.0484401 0.0888025 -0.349556
FixedParameters: 0 0 0

#Transform 127
Transform: AffineTransform_float_3_3
Parameters: 0.999996 -0.00048923 -0.00277043 0.00049564 0.999997 0.00229185 0.00276888 -0.00229362 0.999993 0.0539756 0.0849437 -0.34452
FixedParameters: 0 0 0

#Transform 128
Transform: AffineTransform_float_3_3
Parameters: 0.999997 -0.000438963 -0.00250368 0.000443596 0.999998 0.00218201 0.00250247 -0.00218343 0.999994 0.0473446 0.091085 -0.337846
FixedParameters: 0 0 0

#Transform 129
Transform: AffineTransform_float_3_3
Parameters: 0.999997 -0.000429275 -0.00250722 0.000434444 0.999998 0.00229119 0.0025059 -0.00229178 0.999994 0.0416516 0.0868261 -0.34334
FixedParameters: 0 0 0

#Transform 130
Transform: AffineTransform_float_3_3
Parameters: 0.999997 -0.000546102 -0.00263255 0.00055162 0.999997 0.00241295 0.00263105 -0.0024149 0.999993 0.0502857 0.0942135 -0.346874
FixedParameters: 0 0 0

#Transform 131
Transform: AffineTransform_float_3_3
Parameters: 0.999996 -0.000568588 -0.00267519 0.000574094 0.999998 0.00229412 0.00267463 -0.00229561 0.999993 0.0512773 0.0932338 -0.346579
FixedParameters: 0 0 0

#Transform 132
Transform: AffineTransform_float_3_3
Parameters: 0.999996 -0.000531792 -0.00253302 0.000537534 0.999998 0.00229378 0.00253213 -0.0022949 0.999994 0.0481108 0.099561 -0.356896
FixedParameters: 0 0 0

#Transform 133
Transform: AffineTransform_float_3_3
Parameters: 0.999996 -0.000621637 -0.00276908 0.000629234 0.999997 0.00243658 0.0027676 -0.00243767 0.999993 0.0501636 0.0949921 -0.349606
FixedParameters: 0 0 0

#Transform 134
Transform: AffineTransform_float_3_3
Parameters: 0.999996 -0.000597595 -0.00275785 0.000603916 0.999998 0.00229492 0.00275577 -0.00229588 0.999994 0.0532596 0.100599 -0.354324
FixedParameters: 0 0 0

#Transform 135
Transform: AffineTransform_float_3_3
Parameters: 0.999996 -0.000603502 -0.00280525 0.000610502 0.999997 0.0023731 0.00280303 -0.00237476 0.999994 0.0521272 0.0984716 -0.355036
FixedParameters: 0 0 0

#Transform 136
Transform: AffineTransform_float_3_3
Parameters: 0.999996 -0.00063691 -0.00282158 0.00064324 0.999998 0.00224465 0.00281938 -0.0022459 0.999994 0.0547969 0.100276 -0.357429
FixedParameters: 0 0 0

#Transform 137
Transform: AffineTransform_float_3_3
Parameters: 0.999996 -0.000622827 -0.0027864 0.000628895 0.999998 0.00222103 0.00278434 -0.00222294 0.999993 0.0541174 0.0993959 -0.360337
FixedParameters: 0 0 0

#Transform 138
Transform: AffineTransform_float_3_3
Parameters: 0.999995 -0.000620524 -0.0028601 0.000626442 0.999997 0.00229525 0.00285833 -0.00229709 0.999994 0.0554698 0.0936532 -0.345498
FixedParameters: 0 0 0

#Transform 139
Transform: AffineTransform_float_3_3
Parameters: 0.999996 -0.000613161 -0.00295991 0.000619216 0.999997 0.00223579 0.00295828 -0.00223833 0.999994 0.0558515 0.0833642 -0.34765
FixedParameters: 0 0 0

#Transform 140
Transform: AffineTransform_float_3_3
Parameters: 0.999996 -0.0005876 -0.00299928 0.000594991 0.999998 0.00220979 0.00299828 -0.00221158 0.999993 0.0594007 0.0913538 -0.348349
FixedParameters: 0 0 0

#Transform 141
Transform: AffineTransform_float_3_3
Parameters: 0.999997 -0.000512347 -0.00247075 0.00051784 0.999998 0.00193641 0.0024695 -0.00193731 0.999995 0.0464621 0.1035 -0.351227
FixedParameters: 0 0 0

#Transform 142
Transform: AffineTransform_float_3_3
Parameters: 0.999994 -0.000408575 -0.00327689 0.000399454 0.999996 -0.00268485 0.00327804 0.00268375 0.99999 0.0741306 0.0965451 -0.023932
FixedParameters: 0 0 0

#Transform 143
Transform: AffineTransform_float_3_3
Parameters: 0.999998 -0.000955104 -0.00207307 0.00094938 0.999996 -0.00266224 0.00207536 0.0026608 0.999994 0.0315511 0.132238 -0.0260995
FixedParameters: 0 0 0

#Transform 144
Transform: AffineTransform_float_3_3
Parameters: 0.999998 -0.00107597 -0.00170972 0.00107183 0.999997 -0.00224649 0.00171264 0.00224449 0.999997 0.0122689 0.0917413 -0.0694703
FixedParameters: 0 0 0

#Transform 145
Transform: AffineTransform_float_3_3
Parameters: 0.999997 -0.000971087 -0.00218113 0.000965251 0.999997 -0.00245024 0.00218443 0.00244852 0.999995 0.0268896 0.0966529 -0.0790142
FixedParameters: 0 0 0

#Transform 146
Transform: AffineTransform_float_3_3
Parameters: 0.999997 -0.000953395 -0.00230376 0.000946799 0.999996 -0.00258535 0.0023059 0.00258348 0.999993 0.0329558 0.106745 -0.0907471
FixedParameters: 0 0 0

#Transform 147
Transform: AffineTransform_float_3_3
Parameters: 0.999997 -0.0008071 -0.00237568 0.000801481 0.999996 -0.00258732 0.00237751 0.00258543 0.999993 0.0318161 0.111018 -0.10387
FixedParameters: 0 0 0

#Transform 148
Transform: AffineTransform_float_3_3
Parameters: 0.999997 -0.000808428 -0.00237303 0.000802817 0.999997 -0.00239921 0.00237499 0.00239729 0.999994 0.0357525 0.112855 -0.101618
FixedParameters: 0 0 0

#Transform 149
Transform: AffineTransform_float_3_3
Parameters: 0.999997 -0.000820851 -0.00251689 0.000815277 0.999997 -0.00225648 0.00251874 0.00225427 0.999994 0.039498 0.109239 -0.106395
FixedParameters: 0 0 0

#Transform 150
Transform: AffineTransform_float_3_3
Parameters: 0.999997 -0.00076463 -0.00254401 0.000759189 0.999997 -0.00221086 0.00254551 0.00220828 0.999995 0.0406563 0.104021 -0.114256
FixedParameters: 0 0 0

#Transform 151
Transform: AffineTransform_float_3_3
Parameters: 0.999997 -0.00075686 -0.0023951 0.000751694 0.999997 -0.00209854 0.00239686 0.00209682 0.999995 0.0324223 0.112443 -0.130638
FixedParameters: 0 0 0

#Transform 152
Transform: AffineTransform_float_3_3
Parameters: 0.999996 -0.000325655 -0.00259443 0.000322659 1 -0.00100507 0.00259503 0.00100459 0.999996 0.0265659 0.0845123 -0.171042
FixedParameters: 0 0 0

#Transform 153
Transform: AffineTransform_float_3_3
Parameters: 0.999996 -0.000662607 -0.00276715 0.000661464 0.999999 -0.00052741 0.00276696 0.000525719 0.999996 0.0323959 0.10877 -0.209096
FixedParameters: 0 0 0

#Transform 154
Transform: AffineTransform_float_3_3
Parameters: 0.999993 -0.00097545 -0.0035607 0.000975012 0.999999 -5.60595e-05 0.00356087 5.26159e-05 0.999993 0.0566112 0.140476 -0.295469
FixedParameters: 0 0 0

#Transform 155
Transform: AffineTransform_float_3_3
Parameters: 0.999995 -0.00095904 -0.00281182 0.000958495 0.999999 -0.000249999 0.00281187 0.000247171 0.999996 0.0409212 0.12295 -0.222447
FixedParameters: 0 0 0

#Transform 156
Transform: AffineTransform_float_3_3
Parameters: 0.999995 -0.00129773 -0.002641 0.00129821 0.999999 0.000270664 0.00264076 -0.00027439 0.999996 0.0396573 0.0941909 -0.223143
FixedParameters: 0 0 0

#Transform 157
Transform: AffineTransform_float_3_3
Parameters: 0.999996 -0.00124415 -0.00276297 0.00124463 0.999999 0.000258238 0.00276279 -0.000261811 0.999997 0.050279 0.110193 -0.2267
FixedParameters: 0 0 0

#Transform 158
Transform: AffineTransform_float_3_3
Parameters: 0.999994 -0.00159955 -0.00312749 0.00160101 0.999999 0.000536651 0.00312671 -0.000541363 0.999994 0.0516289 0.10819 -0.217862
FixedParameters: 0 0 0

#Transform 159
Transform: AffineTransform_float_3_3
Parameters: 0.999993 -0.00153925 -0.00320991 0.00154105 0.999999 0.000578279 0.003209 -0.000582695 0.999995 0.0566533 0.115138 -0.230631
FixedParameters: 0 0 0

#Transform 160
Transform: AffineTransform_float_3_3
Parameters: 0.999993 -0.00153299 -0.00322119 0.00153454 0.999999 0.000531642 0.00322048 -0.00053684 0.999994 0.0551158 0.130058 -0.270414
FixedParameters: 0 0 0

#Transform 161
Transform: AffineTransform_float_3_3
Parameters: 0.999994 -0.00151186 -0.00307838 0.00151323 0.999999 0.000382801 0.0030777 -0.000387406 0.999995 0.0502901 0.132169 -0.263965
FixedParameters: 0 0 0

#Transform 162
Transform: AffineTransform_float_3_3
Parameters: 0.999994 -0.00146982 -0.00315593 0.00147039 0.999999 0.000246249 0.00315569 -0.000250821 0.999995 0.0459398 0.134129 -0.265897
FixedParameters: 0 0 0

#Transform 163
Transform: AffineTransform_float_3_3
Parameters: 0.999994 -0.0013526 -0.00316955 0.00135354 0.999999 0.000157351 0.00316915 -0.000161811 0.999995 0.0550744 0.132893 -0.260179
FixedParameters: 0 0 0

#Transform 164
Transform: AffineTransform_float_3_3
Parameters: 0.999994 -0.00138658 -0.0031931 0.00138748 0.999999 0.000151096 0.0031927 -0.000155837 0.999995 0.0549425 0.120334 -0.25379
FixedParameters: 0 0 0

#Transform 165
Transform: AffineTransform_float_3_3
Parameters: 0.999994 -0.00128819 -0.00314192 0.00128784 0.999999 -4.52596e-05 0.00314206 4.12817e-05 0.999995 0.0500857 0.119389 -0.269082
FixedParameters: 0 0 0

#Transform 166
Transform: AffineTransform_float_3_3
Parameters: 0.999995 -0.00122512 -0.00298832 0.00122523 0.999999 2.75319e-05 0.00298827 -3.15267e-05 0.999996 0.0493286 0.115689 -0.275145
FixedParameters: 0 0 0

#Transform 167
Transform: AffineTransform_float_3_3
Parameters: 0.999995 -0.00132865 -0.00306024 0.00132806 0.999999 -8.30207e-05 0.0030605 7.96207e-05 0.999995 0.0518393 0.120131 -0.274893
FixedParameters: 0 0 0

#Transform 168
Transform: AffineTransform_float_3_3
Parameters: 0.999995 -0.000868457 -0.00285061 0.000868538 1 0.000255663 0.00284972 -0.000258115 0.999995 0.0622363 0.116894 -0.351078
FixedParameters: 0 0 0

#Transform 169
Transform: AffineTransform_float_3_3
Parameters: 0.999998 -0.000899674 -0.00203537 0.000900166 0.999999 0.000573809 0.00203524 -0.000575155 0.999998 0.0323402 0.119611 -0.333854
FixedParameters: 0 0 0

#Transform 170
Transform: AffineTransform_float_3_3
Parameters: 0.999998 -0.00103567 -0.00132808 0.00103541 1 -8.44188e-05 0.00132828 8.30711e-05 0.999999 0.0169278 0.0960966 -0.279522
FixedParameters: 0 0 0

#Transform 171
Transform: AffineTransform_float_3_3
Parameters: 0.999999 -0.000957706 -0.000990443 0.000956773 0.999999 -0.000924522 0.000991773 0.000922648 0.999999 0.0102467 0.111992 -0.318633
FixedParameters: 0 0 0

#Transform 172
Transform: AffineTransform_float_3_3
Parameters: 0.999999 -0.000952894 -0.00110072 0.000952159 0.999999 -0.00113886 0.00110196 0.00113759 0.999999 0.013935 0.13058 -0.350216
FixedParameters: 0 0 0

#Transform 173
Transform: AffineTransform_float_3_3
Parameters: 0.999998 -0.00107097 -0.00125225 0.00106914 0.999999 -0.00125358 0.00125313 0.00125234 0.999998 0.0106464 0.140633 -0.347073
FixedParameters: 0 0 0

#Transform 174
Transform: AffineTransform_float_3_3
Parameters: 0.999998 -0.00108601 -0.00122171 0.00108393 0.999998 -0.00138908 0.00122292 0.00138787 0.999998 0.0163747 0.152616 -0.356056
FixedParameters: 0 0 0

#Transform 175
Transform: AffineTransform_float_3_3
Parameters: 0.999998 -0.00107943 -0.0013196 0.00107751 0.999999 -0.00138973 0.00132169 0.00138833 0.999998 0.018821 0.155904 -0.352602
FixedParameters: 0 0 0

#Transform 176
Transform: AffineTransform_float_3_3
Parameters: 0.999998 -0.00111208 -0.00130166 0.00111075 0.999999 -0.00119146 0.00130338 0.0011894 0.999999 0.0180525 0.157778 -0.353126
FixedParameters: 0 0 0

#Transform 177
Transform: AffineTransform_float_3_3
Parameters: 0.999998 -0.000962262 -0.00127296 0.000960882 0.999999 -0.00122965 0.00127442 0.00122865 0.999998 0.0107469 0.153769 -0.362512
FixedParameters: 0 0 0

#Transform 178
Transform: AffineTransform_float_3_3
Parameters: 0.999998 -0.000981024 -0.00128153 0.000980501 1 -0.000888017 0.00128237 0.000886954 0.999999 0.0102145 0.140984 -0.349111
FixedParameters: 0 0 0

#Transform 179
Transform: AffineTransform_float_3_3
Parameters: 0.999999 -0.00128215 -0.00136467 0.00127278 0.999976 -0.0067983 0.00137281 0.00679723 0.999976 0.0138777 0.285475 -0.0495116
FixedParameters: 0 0 0

#Transform 180
Transform: AffineTransform_float_3_3
Parameters: 0.999996 -0.00208164 -0.00197067 0.00206018 0.999935 -0.0111886 0.00199318 0.0111846 0.999935 0.0997382 -0.0372528 0.639051
FixedParameters: 0 0 0

#Transform 181
Transform: AffineTransform_float_3_3
Parameters: 0.999988 -0.00143148 -0.00469056 0.0013521 0.999857 -0.0168951 0.00471449 0.0168884 0.999846 0.177985 -0.0662538 0.83254
FixedParameters: 0 0 0

#Transform 182
Transform: AffineTransform_float_3_3
Parameters: 0.999992 -0.00214475 -0.00351118 0.00208123 0.999834 -0.018154 0.0035496 0.0181463 0.999829 0.128824 -0.0457797 0.946886
FixedParameters: 0 0 0

#Transform 183
Transform: AffineTransform_float_3_3
Parameters: 0.999987 -0.00285623 -0.00411902 0.00277688 0.999813 -0.0191357 0.00417237 0.0191245 0.999809 0.15358 -0.0278575 0.979375
FixedParameters: 0 0 0

#Transform 184
Transform: AffineTransform_float_3_3
Parameters: 0.999981 -0.00312641 -0.00520867 0.00302645 0.99981 -0.0192443 0.00526832 0.0192282 0.999801 0.184205 -0.0116735 0.937129
FixedParameters: 0 0 0

#Transform 185
Transform: AffineTransform_float_3_3
Parameters: 0.999982 -0.00284121 -0.00520287 0.00273742 0.999799 -0.0198452 0.00525857 0.0198303 0.999789 0.182538 -0.00462458 0.921244
FixedParameters: 0 0 0

#Transform 186
Transform: AffineTransform_float_3_3
Parameters: 0.999986 -0.00248454 -0.00463568 0.00238784 0.999782 -0.0207281 0.00468641 0.0207162 0.999774 0.171209 0.0268959 0.891802
FixedParameters: 0 0 0

#Transform 187
Transform: AffineTransform_float_3_3
Parameters: 0.999987 -0.00240512 -0.00451902 0.00231418 0.999795 -0.020103 0.00456562 0.0200923 0.999788 0.166241 0.0358739 0.883548
FixedParameters: 0 0 0

#Transform 188
Transform: AffineTransform_float_3_3
Parameters: 0.999992 -0.002246 -0.00343395 0.00220207 0.999918 -0.0126556 0.00346198 0.012647 0.999914 0.149417 0.0541883 0.689992
FixedParameters: 0 0 0

#Transform 189
Transform: AffineTransform_float_3_3
Parameters: 0.999996 -0.00160564 -0.00236815 0.00161058 0.999996 0.00210976 0.00236482 -0.00211373 0.999995 0.07501 -0.117942 0.533524
FixedParameters: 0 0 0
