#Insight Transform File V1.0
#Transform 0
Transform: AffineTransform_float_3_3
Parameters: 0.999999 -0.000803779 0.00113903 0.000804941 0.999999 -0.000884884 -0.00113942 0.00088607 0.999999 -0.018387 -0.0108711 0.0640921
FixedParameters: 0 0 0

#Transform 1
Transform: AffineTransform_float_3_3
Parameters: 0.999999 -0.000745407 0.00125948 0.000746371 0.999999 -0.000905105 -0.0012586 0.000906328 0.999999 -0.0206226 -0.000400838 0.0646696
FixedParameters: 0 0 0

#Transform 2
Transform: AffineTransform_float_3_3
Parameters: 0.999999 -0.000793428 0.00115092 0.000795115 1 -0.000732246 -0.00114975 0.000734074 0.999999 -0.0193062 0.000215851 0.0617166
FixedParameters: 0 0 0

#Transform 3
Transform: AffineTransform_float_3_3
Parameters: 0.999999 -0.000791047 0.00115054 0.000792582 0.999999 -0.000647486 -0.00114949 0.000647905 0.999999 -0.0183689 -0.00391612 0.0498242
FixedParameters: 0 0 0

#Transform 4
Transform: AffineTransform_float_3_3
Parameters: 0.999999 -0.000792316 0.00115075 0.000793957 0.999999 -0.000693465 -0.00114962 0.000693887 0.999999 -0.0230739 -0.000645307 0.0371218
FixedParameters: 0 0 0

#Transform 5
Transform: AffineTransform_float_3_3
Parameters: 0.999999 -0.000862944 0.00100125 0.000864208 0.999999 -0.000609013 -0.00100017 0.000609339 0.999999 -0.0146877 0.00508202 0.052855
FixedParameters: 0 0 0

#Transform 6
Transform: AffineTransform_float_3_3
Parameters: 0.999999 -0.000792715 0.00115079 0.000794363 0.999999 -0.000707065 -0.00114969 0.000708276 1 -0.0154016 0.00493917 0.0480423
FixedParameters: 0 0 0

#Transform 7
Transform: AffineTransform_float_3_3
Parameters: 0.999999 -0.000797954 0.00115167 0.000799581 1 -0.000896184 -0.00115113 0.000898008 0.999999 -0.0206406 0.0128266 0.0413145
FixedParameters: 0 0 0

#Transform 8
Transform: AffineTransform_float_3_3
Parameters: 0.999999 -0.000723676 0.00111375 0.000725643 0.999999 -0.00107045 -0.00111311 0.00107143 0.999999 -0.0181446 0.00865598 0.0393115
FixedParameters: 0 0 0

#Transform 9
Transform: AffineTransform_float_3_3
Parameters: 0.999999 -0.000636605 0.00123246 0.000637654 0.999999 -0.000959509 -0.00123172 0.000960425 0.999999 -0.023327 0.0110485 0.0356186
FixedParameters: 0 0 0

#Transform 10
Transform: AffineTransform_float_3_3
Parameters: 0.999999 -0.000718131 0.00111373 0.000719851 1 -0.00077168 -0.00111262 0.000773281 0.999999 -0.020209 -0.00132867 0.0389172
FixedParameters: 0 0 0

#Transform 11
Transform: AffineTransform_float_3_3
Parameters: 0.999999 -0.000664443 0.001088 0.000665148 0.999999 -0.000716602 -0.00108658 0.000716621 0.999999 -0.0183877 -0.00158457 0.0380954
FixedParameters: 0 0 0

#Transform 12
Transform: AffineTransform_float_3_3
Parameters: 0.999999 -0.000415296 0.000774412 0.000415824 0.999999 -0.000623096 -0.000774791 0.000623724 0.999999 -0.0205985 -0.005624 0.0470488
FixedParameters: 0 0 0

#Transform 13
Transform: AffineTransform_float_3_3
Parameters: 1 -0.000378875 0.000257975 0.000379016 1 -0.000273156 -0.000257768 0.000273351 1 -0.0077384 -0.00098717 0.0574149
FixedParameters: 0 0 0

#Transform 14
Transform: AffineTransform_float_3_3
Parameters: 0.999999 -0.000164467 0.000728075 0.000165614 0.999999 -0.000787736 -0.000727815 0.000787976 0.999999 -0.017704 -0.0030244 0.0354724
FixedParameters: 0 0 0

#Transform 15
Transform: AffineTransform_float_3_3
Parameters: 0.999999 -0.000112648 0.000882964 0.000111409 1 0.000688314 -0.000883167 -0.000687328 1 -0.0210453 0.00386552 0.00913001
FixedParameters: 0 0 0

#Transform 16
Transform: AffineTransform_float_3_3
Parameters: 1 -0.000327185 0.000548937 0.000327093 1 8.3678e-05 -0.000548992 -8.33188e-05 1 -0.0147787 0.0125328 0.0499571
FixedParameters: 0 0 0

#Transform 17
Transform: AffineTransform_float_3_3
Parameters: 1 -6.43246e-05 0.00107136 6.52552e-05 0.999999 -0.000861031 -0.00107081 0.000861934 0.999999 -0.0248188 0.0346098 -0.00282421
FixedParameters: 0 0 0

#Transform 18
Transform: AffineTransform_float_3_3
Parameters: 0.999999 5.75854e-05 0.000801309 -5.62161e-05 0.999999 -0.000856449 -0.000801476 0.000856532 1 -0.0220307 0.0356497 0.00125287
FixedParameters: 0 0 0

#Transform 19
Transform: AffineTransform_float_3_3
Parameters: 0.999999 0.000339404 0.000658024 -0.00033872 1 -0.000519721 -0.000658376 0.000519274 0.999999 -0.0205684 -0.0119086 0.0218098
FixedParameters: 0 0 0

#Transform 20
Transform: AffineTransform_float_3_3
Parameters: 1 0.000318946 0.00060721 -0.000318494 1 -0.000372235 -0.000607447 0.000371848 0.999999 -0.0116247 0.0313221 0.00673745
FixedParameters: 0 0 0

#Transform 21
Transform: AffineTransform_float_3_3
Parameters: 1 0.00030302 0.000596785 -0.000302143 0.999999 -0.000734949 -0.00059723 0.000734588 0.999999 -0.0115909 0.0133804 0.0168986
FixedParameters: 0 0 0

#Transform 22
Transform: AffineTransform_float_3_3
Parameters: 0.999999 -6.28943e-05 0.000722088 6.3665e-05 1 -0.000533651 -0.000722021 0.000533743 0.999999 -0.016587 0.0269377 0.0122945
FixedParameters: 0 0 0

#Transform 23
Transform: AffineTransform_float_3_3
Parameters: 0.999999 -0.000304757 -0.000745254 0.000305959 0.999999 0.000823498 0.000744701 -0.000823164 1 0.00994446 0.00317919 -0.00613418
FixedParameters: 0 0 0

#Transform 24
Transform: AffineTransform_float_3_3
Parameters: 0.999999 -0.000266625 -0.000688136 0.000267302 1 0.00115038 0.000687902 -0.00115077 0.999999 0.0186472 0.00606557 -0.0232166
FixedParameters: 0 0 0

#Transform 25
Transform: AffineTransform_float_3_3
Parameters: 1 -0.000155076 -0.000461732 0.000156168 1 0.00119117 0.000461304 -0.00119132 0.999999 0.00117604 0.0143452 -0.0400392
FixedParameters: 0 0 0

#Transform 26
Transform: AffineTransform_float_3_3
Parameters: 1 -0.000104743 -0.000488176 0.000104839 1 0.00100473 0.000488326 -0.00100548 1 0.00249209 0.00956851 -0.0282635
FixedParameters: 0 0 0

#Transform 27
Transform: AffineTransform_float_3_3
Parameters: 1 0.000165856 -0.000619986 -0.000165061 1 0.00100144 0.000619362 -0.00100125 1 0.0059635 -0.00667037 -0.0309619
FixedParameters: 0 0 0

#Transform 28
Transform: AffineTransform_float_3_3
Parameters: 1 4.02744e-05 -0.000704874 -3.99373e-05 1 0.000550457 0.000704021 -0.000550416 0.999999 0.005056 0.0159108 -0.0493259
FixedParameters: 0 0 0

#Transform 29
Transform: AffineTransform_float_3_3
Parameters: 1 -6.71841e-05 -0.000668946 6.7526e-05 1 0.00025549 0.000668911 -0.00025558 0.999999 0.0040977 0.0142156 -0.0604958
FixedParameters: 0 0 0

#Transform 30
Transform: AffineTransform_float_3_3
Parameters: 1 0.000121329 -0.000173399 -0.00012124 1 0.000255992 0.000173461 -0.000255949 1 -0.0130362 0.0127685 -0.0642486
FixedParameters: 0 0 0

#Transform 31
Transform: AffineTransform_float_3_3
Parameters: 0.999999 3.04505e-05 -0.00073829 -2.99755e-05 1 0.000934766 0.000738728 -0.000934746 1 0.00583128 -0.0108049 -0.0463885
FixedParameters: 0 0 0

#Transform 32
Transform: AffineTransform_float_3_3
Parameters: 1 6.37188e-05 -0.000687535 -6.29907e-05 0.999999 0.000851582 0.000686676 -0.000851338 1 0.00482825 0.00118007 -0.0510341
FixedParameters: 0 0 0

#Transform 33
Transform: AffineTransform_float_3_3
Parameters: 1 0.000342353 -0.000427708 -0.00034191 0.999999 0.00101532 0.000427428 -0.00101566 1 -0.000228754 -0.003957 -0.0527262
FixedParameters: 0 0 0

#Transform 34
Transform: AffineTransform_float_3_3
Parameters: 1 0.000277881 -0.000557942 -0.000276791 1 0.000983503 0.00055843 -0.000983193 1 0.00572073 0.00941585 -0.0580368
FixedParameters: 0 0 0

#Transform 35
Transform: AffineTransform_float_3_3
Parameters: 1 0.000350003 -0.000428583 -0.000349353 0.999999 0.00127802 0.000428522 -0.00127774 0.999999 -0.000274807 0.00484661 -0.0526654
FixedParameters: 0 0 0

#Transform 36
Transform: AffineTransform_float_3_3
Parameters: 1 0.000220652 -0.000671919 -0.000219866 0.999999 0.000930074 0.000671382 -0.000929006 0.999999 0.00519263 0.0101512 -0.0508632
FixedParameters: 0 0 0

#Transform 37
Transform: AffineTransform_float_3_3
Parameters: 1 0.00028679 -0.000536152 -0.000285778 1 0.000927908 0.000536675 -0.000928389 0.999999 0.00264706 0.0111761 -0.0675103
FixedParameters: 0 0 0

#Transform 38
Transform: AffineTransform_float_3_3
Parameters: 0.999999 0.000197819 -0.000734835 -0.000197429 1 0.00118018 0.000734785 -0.00117993 0.999999 0.00674137 -0.0016687 -0.0545117
FixedParameters: 0 0 0

#Transform 39
Transform: AffineTransform_float_3_3
Parameters: 0.999999 0.000152218 -0.000829292 -0.000151124 0.999999 0.00119234 0.000830014 -0.00119272 0.999999 0.00863378 -0.00409966 -0.0447254
FixedParameters: 0 0 0

#Transform 40
Transform: AffineTransform_float_3_3
Parameters: 0.999999 0.000153813 -0.000841847 -0.000152735 0.999999 0.00143915 0.000841772 -0.00143893 0.999998 0.0090124 -0.00389153 -0.0492917
FixedParameters: 0 0 0

#Transform 41
Transform: AffineTransform_float_3_3
Parameters: 0.999999 0.00015312 -0.000836062 -0.000152225 0.999999 0.00132633 0.000835931 -0.00132673 0.999999 0.00912012 0.00543174 -0.0581476
FixedParameters: 0 0 0

#Transform 42
Transform: AffineTransform_float_3_3
Parameters: 1 0.000160686 -0.00100412 -0.00015981 0.999998 0.001551 0.00100452 -0.00155056 0.999999 0.0109096 -0.0039156 -0.0543604
FixedParameters: 0 0 0

#Transform 43
Transform: AffineTransform_float_3_3
Parameters: 1 0.000114967 -0.00110965 -0.000112396 0.999999 0.00176442 0.00110953 -0.00176421 0.999998 0.0158145 -0.0129423 -0.0564381
FixedParameters: 0 0 0

#Transform 44
Transform: AffineTransform_float_3_3
Parameters: 0.999999 0.000211177 -0.00091629 -0.000209299 0.999999 0.00176243 0.000916457 -0.00176209 0.999998 0.0117128 -0.00799805 -0.0704894
FixedParameters: 0 0 0

#Transform 45
Transform: AffineTransform_float_3_3
Parameters: 1 0.000318611 -0.00109083 -0.000316558 0.999999 0.00175884 0.00109053 -0.0017582 0.999998 0.0167307 -0.00743279 -0.0683061
FixedParameters: 0 0 0

#Transform 46
Transform: AffineTransform_float_3_3
Parameters: 0.999999 0.000111794 -0.00131404 -0.000108838 0.999998 0.00164311 0.00131389 -0.00164207 0.999997 0.0210976 -0.00186838 -0.0631289
FixedParameters: 0 0 0

#Transform 47
Transform: AffineTransform_float_3_3
Parameters: 0.999999 0.000401317 -0.00119846 -0.000399253 0.999999 0.00159631 0.00119831 -0.00159603 0.999998 0.0199467 -0.00237873 -0.0699566
FixedParameters: 0 0 0

#Transform 48
Transform: AffineTransform_float_3_3
Parameters: 0.999999 0.000370937 -0.00129013 -0.00036851 0.999999 0.00162386 0.0012899 -0.00162358 0.999998 0.0169754 0.0107817 -0.0706295
FixedParameters: 0 0 0

#Transform 49
Transform: AffineTransform_float_3_3
Parameters: 0.999999 0.000359548 -0.00140474 -0.000357658 0.999999 0.00161976 0.0014049 -0.00161945 0.999998 0.0197349 -0.00054301 -0.0658871
FixedParameters: 0 0 0

#Transform 50
Transform: AffineTransform_float_3_3
Parameters: 0.999999 0.000275228 -0.00143734 -0.000273286 0.999999 0.00160095 0.00143722 -0.00160085 0.999998 0.0277882 0.0019415 -0.0642137
FixedParameters: 0 0 0

#Transform 51
Transform: AffineTransform_float_3_3
Parameters: 0.999999 0.000347315 -0.0011987 -0.000345925 0.999999 0.00151156 0.00119973 -0.00151079 0.999997 0.0143458 0.00836077 -0.0786245
FixedParameters: 0 0 0

#Transform 52
Transform: AffineTransform_float_3_3
Parameters: 1 0.000241444 -0.00116618 -0.000238803 0.999999 0.0017087 0.00116648 -0.00170818 0.999998 0.0139858 0.00724479 -0.077652
FixedParameters: 0 0 0

#Transform 53
Transform: AffineTransform_float_3_3
Parameters: 0.999999 0.000314109 -0.00133104 -0.000311213 0.999999 0.00175815 0.00133073 -0.00175737 0.999997 0.0176709 -0.00869098 -0.0703097
FixedParameters: 0 0 0

#Transform 54
Transform: AffineTransform_float_3_3
Parameters: 0.999999 0.000159744 -0.0012782 -0.000157481 0.999999 0.00176256 0.00127868 -0.00176222 0.999997 0.020525 -0.00521117 -0.0639944
FixedParameters: 0 0 0

#Transform 55
Transform: AffineTransform_float_3_3
Parameters: 0.999999 0.000329912 -0.00126423 -0.000327709 0.999999 0.00175793 0.00126531 -0.00175716 0.999997 0.0160762 -0.00350176 -0.0730069
FixedParameters: 0 0 0

#Transform 56
Transform: AffineTransform_float_3_3
Parameters: 0.999999 0.000153724 -0.00129974 -0.000151824 0.999999 0.00176263 0.0012993 -0.00176232 0.999997 0.0207251 0.00287973 -0.054235
FixedParameters: 0 0 0

#Transform 57
Transform: AffineTransform_float_3_3
Parameters: 0.999999 0.00027218 -0.00144126 -0.000269347 0.999998 0.00191455 0.00144125 -0.00191368 0.999997 0.0249322 -0.0114031 -0.0573393
FixedParameters: 0 0 0

#Transform 58
Transform: AffineTransform_float_3_3
Parameters: 0.999999 0.000285296 -0.00178361 -0.000282093 0.999998 0.00189418 0.00178411 -0.00189372 0.999997 0.0309243 -0.00878929 -0.0626784
FixedParameters: 0 0 0

#Transform 59
Transform: AffineTransform_float_3_3
Parameters: 0.999998 0.000105456 -0.00200078 -0.000101398 0.999998 0.00190226 0.0020006 -0.00190239 0.999996 0.038311 -0.00841404 -0.0620395
FixedParameters: 0 0 0

#Transform 60
Transform: AffineTransform_float_3_3
Parameters: 0.999998 0.000216435 -0.00208345 -0.000213215 0.999999 0.00162587 0.00208358 -0.00162552 0.999997 0.0408074 0.00123322 -0.0540324
FixedParameters: 0 0 0

#Transform 61
Transform: AffineTransform_float_3_3
Parameters: 0.999998 0.000239133 -0.0020948 -0.000233989 0.999998 0.00208325 0.00209518 -0.00208219 0.999995 0.0414045 -0.0133395 -0.0626185
FixedParameters: 0 0 0

#Transform 62
Transform: AffineTransform_float_3_3
Parameters: 0.999997 0.000293323 -0.0021647 -0.000288873 0.999998 0.00215976 0.00216487 -0.00215908 0.999995 0.0412539 -0.014082 -0.0746324
FixedParameters: 0 0 0

#Transform 63
Transform: AffineTransform_float_3_3
Parameters: 0.999997 0.000262493 -0.00216281 -0.0002571 0.999997 0.00227765 0.00216381 -0.0022771 0.999995 0.0381896 -0.0112057 -0.0874421
FixedParameters: 0 0 0

#Transform 64
Transform: AffineTransform_float_3_3
Parameters: 0.999997 0.000351804 -0.00213736 -0.000346657 0.999996 0.00255665 0.00213842 -0.00255638 0.999995 0.0365976 -0.0140719 -0.0962881
FixedParameters: 0 0 0

#Transform 65
Transform: AffineTransform_float_3_3
Parameters: 0.999997 0.000504554 -0.00216371 -0.00049973 0.999996 0.00255249 0.00216465 -0.00255156 0.999995 0.0456113 -0.00699891 -0.102701
FixedParameters: 0 0 0

#Transform 66
Transform: AffineTransform_float_3_3
Parameters: 0.999998 0.000466396 -0.0022476 -0.00046036 0.999996 0.00263209 0.00224939 -0.00263061 0.999994 0.0373767 -0.00514477 -0.095698
FixedParameters: 0 0 0

#Transform 67
Transform: AffineTransform_float_3_3
Parameters: 0.999997 0.0002922 -0.00266726 -0.000282803 0.999994 0.00352121 0.00266797 -0.00352022 0.99999 0.048517 -0.0276036 -0.117813
FixedParameters: 0 0 0

#Transform 68
Transform: AffineTransform_float_3_3
Parameters: 0.999996 0.000354475 -0.00253857 -0.000345997 0.999994 0.00352001 0.00253967 -0.00351877 0.999991 0.0425903 -0.0219359 -0.122878
FixedParameters: 0 0 0

#Transform 69
Transform: AffineTransform_float_3_3
Parameters: 0.999997 0.000380619 -0.00248454 -0.000372499 0.999993 0.0035191 0.00248587 -0.00351856 0.99999 0.0414874 -0.0135514 -0.113691
FixedParameters: 0 0 0

#Transform 70
Transform: AffineTransform_float_3_3
Parameters: 0.999997 0.000395321 -0.00265609 -0.000386016 0.999994 0.00351855 0.00265753 -0.00351702 0.99999 0.0459874 -0.0152039 -0.127384
FixedParameters: 0 0 0

#Transform 71
Transform: AffineTransform_float_3_3
Parameters: 0.999997 0.000522599 -0.00264551 -0.000513368 0.999994 0.00351487 0.00264783 -0.00351346 0.999991 0.0433622 -0.00835104 -0.139729
FixedParameters: 0 0 0

#Transform 72
Transform: AffineTransform_float_3_3
Parameters: 0.999996 0.000443424 -0.00257275 -0.000433821 0.999994 0.00351759 0.00257403 -0.00351585 0.999991 0.0415849 -0.00657938 -0.137058
FixedParameters: 0 0 0

#Transform 73
Transform: AffineTransform_float_3_3
Parameters: 0.999997 0.000198972 -0.0021387 -0.000189821 0.999992 0.00402716 0.00213925 -0.00402701 0.99999 0.0318628 -0.00615004 -0.186726
FixedParameters: 0 0 0

#Transform 74
Transform: AffineTransform_float_3_3
Parameters: 0.999999 2.89025e-05 -0.00154283 -2.05296e-05 0.999984 0.00550332 0.00154304 -0.00550331 0.999984 0.0305265 0.000613706 -0.285403
FixedParameters: 0 0 0

#Transform 75
Transform: AffineTransform_float_3_3
Parameters: 0.999999 -0.000270143 0.000685096 0.00026702 0.999991 0.00417627 -0.000686939 -0.00417583 0.999991 -0.0436364 0.0269449 -0.260498
FixedParameters: 0 0 0

#Transform 76
Transform: AffineTransform_float_3_3
Parameters: 1 -0.000235568 0.000308533 0.000234695 0.999992 0.00417378 -0.000309657 -0.00417358 0.999992 -0.025952 0.0364518 -0.268352
FixedParameters: 0 0 0

#Transform 77
Transform: AffineTransform_float_3_3
Parameters: 1 -0.000490975 -0.000225854 0.000491715 0.999992 0.00380176 0.000224386 -0.003802 0.999993 -0.00676115 0.0278476 -0.264614
FixedParameters: 0 0 0

#Transform 78
Transform: AffineTransform_float_3_3
Parameters: 1 -0.000493971 -0.000391152 0.000495327 0.999993 0.00356285 0.000389077 -0.00356265 0.999993 0.00266904 0.0471595 -0.269244
FixedParameters: 0 0 0

#Transform 79
Transform: AffineTransform_float_3_3
Parameters: 0.999999 -2.98015e-05 -0.000928409 3.35336e-05 0.999993 0.00372592 0.000928188 -0.00372607 0.999992 0.015419 0.0369137 -0.27594
FixedParameters: 0 0 0

#Transform 80
Transform: AffineTransform_float_3_3
Parameters: 0.999999 -0.000112136 -0.00131855 0.000118071 0.999989 0.00465767 0.00131767 -0.00465798 0.999989 0.0237955 0.0171229 -0.278037
FixedParameters: 0 0 0

#Transform 81
Transform: AffineTransform_float_3_3
Parameters: 0.999999 -0.000200584 -0.00137833 0.000207808 0.999986 0.00525912 0.00137664 -0.00525971 0.999986 0.0217805 0.0039719 -0.28011
FixedParameters: 0 0 0

#Transform 82
Transform: AffineTransform_float_3_3
Parameters: 0.999999 -9.02289e-05 -0.00127163 9.56481e-05 0.99999 0.00463504 0.00127098 -0.00463467 0.999989 0.0158589 0.0339652 -0.285869
FixedParameters: 0 0 0

#Transform 83
Transform: AffineTransform_float_3_3
Parameters: 0.999999 -7.73899e-05 -0.00144037 8.34001e-05 0.99999 0.00428409 0.00143998 -0.00428433 0.99999 0.0154029 0.0314612 -0.289924
FixedParameters: 0 0 0

#Transform 84
Transform: AffineTransform_float_3_3
Parameters: 0.999999 -7.23231e-05 -0.00137726 7.80067e-05 0.999993 0.00387145 0.00137757 -0.0038718 0.999991 0.0185482 0.0442616 -0.299448
FixedParameters: 0 0 0

#Transform 85
Transform: AffineTransform_float_3_3
Parameters: 1 7.10547e-05 -0.00107476 -6.73085e-05 0.999994 0.00363753 0.00107577 -0.00363749 0.999993 0.00198642 0.0462661 -0.306451
FixedParameters: 0 0 0

#Transform 86
Transform: AffineTransform_float_3_3
Parameters: 1 0.000117007 -0.00100779 -0.000113628 0.999995 0.00325674 0.00100868 -0.00325581 0.999994 0.000858086 0.0509903 -0.314558
FixedParameters: 0 0 0

#Transform 87
Transform: AffineTransform_float_3_3
Parameters: 1 6.83607e-05 -0.00119692 -6.45072e-05 0.999994 0.00331541 0.00119794 -0.00331457 0.999993 0.0155031 0.0473587 -0.318664
FixedParameters: 0 0 0

#Transform 88
Transform: AffineTransform_float_3_3
Parameters: 0.999999 0.000107559 -0.00125591 -0.000103742 0.999995 0.00331371 0.00125629 -0.00331358 0.999993 0.00702852 0.041502 -0.31341
FixedParameters: 0 0 0

#Transform 89
Transform: AffineTransform_float_3_3
Parameters: 1 8.09019e-05 -0.00118585 -7.74998e-05 0.999995 0.00315603 0.00118693 -0.00315517 0.999994 0.00529583 0.0473311 -0.31829
FixedParameters: 0 0 0

#Transform 90
Transform: AffineTransform_float_3_3
Parameters: 0.999999 0.000197222 -0.00140122 -0.000191721 0.999995 0.00324293 0.0014017 -0.00324311 0.999994 0.0112032 0.0489139 -0.317354
FixedParameters: 0 0 0

#Transform 91
Transform: AffineTransform_float_3_3
Parameters: 0.999999 0.000236073 -0.00148373 -0.000230734 0.999995 0.00330959 0.00148493 -0.00330964 0.999993 0.0135018 0.0465737 -0.318479
FixedParameters: 0 0 0

#Transform 92
Transform: AffineTransform_float_3_3
Parameters: 0.999999 0.000202399 -0.00157275 -0.000197452 0.999994 0.00343161 0.00157327 -0.00343098 0.999993 0.0154726 0.0445716 -0.316803
FixedParameters: 0 0 0

#Transform 93
Transform: AffineTransform_float_3_3
Parameters: 0.999998 0.000247696 -0.00191782 -0.000240454 0.999993 0.00364047 0.00191915 -0.00364017 0.999992 0.0247409 0.0354572 -0.324302
FixedParameters: 0 0 0

#Transform 94
Transform: AffineTransform_float_3_3
Parameters: 0.999998 0.000259688 -0.00194036 -0.000252829 0.999992 0.00373009 0.00194227 -0.00372975 0.999991 0.0210858 0.0377393 -0.326106
FixedParameters: 0 0 0

#Transform 95
Transform: AffineTransform_float_3_3
Parameters: 0.999998 0.000274347 -0.0018898 -0.000268109 0.999994 0.00342675 0.00189128 -0.00342636 0.999992 0.018736 0.0425435 -0.328458
FixedParameters: 0 0 0

#Transform 96
Transform: AffineTransform_float_3_3
Parameters: 0.999998 0.000191319 -0.00201658 -0.000185107 0.999995 0.00320544 0.0020174 -0.00320531 0.999993 0.0192717 0.0441387 -0.326666
FixedParameters: 0 0 0

#Transform 97
Transform: AffineTransform_float_3_3
Parameters: 0.999998 0.00023763 -0.00199893 -0.000231141 0.999995 0.00330811 0.00200012 -0.0033072 0.999992 0.0157694 0.0431483 -0.323913
FixedParameters: 0 0 0

#Transform 98
Transform: AffineTransform_float_3_3
Parameters: 0.999998 6.11271e-05 -0.00200574 -5.44588e-05 0.999996 0.00300671 0.00200625 -0.00300645 0.999993 0.0265873 0.0418321 -0.341495
FixedParameters: 0 0 0

#Transform 99
Transform: AffineTransform_float_3_3
Parameters: 0.999998 0.000201066 -0.0020134 -0.000195225 0.999995 0.00311614 0.00201431 -0.00311598 0.999993 0.0201816 0.0497161 -0.347761
FixedParameters: 0 0 0

#Transform 100
Transform: AffineTransform_float_3_3
Parameters: 0.999997 0.00022248 -0.00212689 -0.000215363 0.999995 0.00303917 0.00212746 -0.00303884 0.999993 0.0250374 0.0492402 -0.329117
FixedParameters: 0 0 0

#Transform 101
Transform: AffineTransform_float_3_3
Parameters: 0.999997 0.000174027 -0.00215658 -0.000167142 0.999995 0.00315339 0.00215728 -0.00315328 0.999993 0.0260099 0.0449998 -0.334969
FixedParameters: 0 0 0

#Transform 102
Transform: AffineTransform_float_3_3
Parameters: 0.999998 0.000163147 -0.00228757 -0.000156151 0.999995 0.00299473 0.00228819 -0.00299446 0.999994 0.0276447 0.0429788 -0.338041
FixedParameters: 0 0 0

#Transform 103
Transform: AffineTransform_float_3_3
Parameters: 0.999997 0.000164931 -0.00239432 -0.000157891 0.999996 0.00296709 0.00239407 -0.00296617 0.999993 0.0267246 0.058669 -0.337183
FixedParameters: 0 0 0

#Transform 104
Transform: AffineTransform_float_3_3
Parameters: 0.999997 1.49326e-05 -0.0023684 -8.5408e-06 0.999996 0.00295912 0.00236859 -0.00295893 0.999993 0.0279293 0.0664162 -0.329792
FixedParameters: 0 0 0

#Transform 105
Transform: AffineTransform_float_3_3
Parameters: 0.999996 5.433e-06 -0.00285919 5.89354e-06 0.999993 0.00393915 0.00285864 -0.00393974 0.999988 0.0470777 0.0458283 -0.324702
FixedParameters: 0 0 0

#Transform 106
Transform: AffineTransform_float_3_3
Parameters: 0.999995 0.000190645 -0.00292199 -0.000181707 0.999996 0.0029091 0.00292229 -0.00290773 0.999992 0.0334884 0.0509607 -0.34082
FixedParameters: 0 0 0

#Transform 107
Transform: AffineTransform_float_3_3
Parameters: 0.999995 0.000290918 -0.00291204 -0.000283906 0.999996 0.00250315 0.00291368 -0.00250258 0.999992 0.0327542 0.0599735 -0.34022
FixedParameters: 0 0 0

#Transform 108
Transform: AffineTransform_float_3_3
Parameters: 0.999995 0.000150851 -0.00297635 -0.000142623 0.999997 0.00250697 0.00297679 -0.00250638 0.999993 0.0335649 0.053785 -0.342344
FixedParameters: 0 0 0

#Transform 109
Transform: AffineTransform_float_3_3
Parameters: 0.999996 0.000208924 -0.00286902 -0.000201087 0.999997 0.00268551 0.00287026 -0.00268544 0.999993 0.0375782 0.0524804 -0.342815
FixedParameters: 0 0 0

#Transform 110
Transform: AffineTransform_float_3_3
Parameters: 0.999996 0.000266926 -0.002737 -0.00026035 0.999997 0.00250419 0.0027372 -0.00250323 0.999993 0.0282949 0.0612937 -0.347481
FixedParameters: 0 0 0

#Transform 111
Transform: AffineTransform_float_3_3
Parameters: 0.999995 -7.24457e-05 -0.00300517 8.28622e-05 0.999994 0.00352482 0.00300504 -0.00352507 0.999989 0.0422365 0.0430079 -0.456738
FixedParameters: 0 0 0

#Transform 112
Transform: AffineTransform_float_3_3
Parameters: 0.999996 2.10118e-05 -0.00289803 -1.08137e-05 0.999994 0.00353882 0.00289722 -0.00353851 0.99999 0.032743 0.0645428 -0.47968
FixedParameters: 0 0 0

#Transform 113
Transform: AffineTransform_float_3_3
Parameters: 0.999998 7.81072e-05 -0.00202066 -7.18944e-05 0.999994 0.00320384 0.00202077 -0.00320338 0.999993 0.0255469 0.0862556 -0.460537
FixedParameters: 0 0 0

#Transform 114
Transform: AffineTransform_float_3_3
Parameters: 0.999999 -8.27597e-05 -0.00179153 8.77728e-05 0.999995 0.00290971 0.0017912 -0.00290921 0.999994 0.0126332 0.0687017 -0.428807
FixedParameters: 0 0 0

#Transform 115
Transform: AffineTransform_float_3_3
Parameters: 0.999998 -0.000146681 -0.00223292 0.000152476 0.999997 0.00240271 0.00223336 -0.00240316 0.999995 0.0139388 0.0743676 -0.439465
FixedParameters: 0 0 0

#Transform 116
Transform: AffineTransform_float_3_3
Parameters: 0.999998 -8.6929e-05 -0.0023157 9.25062e-05 0.999997 0.00236478 0.00231553 -0.002365 0.999994 0.0155129 0.0724011 -0.42311
FixedParameters: 0 0 0

#Transform 117
Transform: AffineTransform_float_3_3
Parameters: 0.999996 -0.00011167 -0.00259153 0.000117777 0.999997 0.0024706 0.00259068 -0.00247165 0.999994 0.0284556 0.0708594 -0.416442
FixedParameters: 0 0 0

#Transform 118
Transform: AffineTransform_float_3_3
Parameters: 0.999994 -0.000240355 -0.00323924 0.00024905 0.999996 0.00286632 0.00323794 -0.00286688 0.999991 0.0346503 0.0700337 -0.424253
FixedParameters: 0 0 0

#Transform 119
Transform: AffineTransform_float_3_3
Parameters: 0.999993 -0.000358482 -0.00374676 0.000371085 0.999995 0.00341807 0.00374471 -0.00341969 0.999987 0.0516709 0.0648106 -0.408298
FixedParameters: 0 0 0

#Transform 120
Transform: AffineTransform_float_3_3
Parameters: 0.999992 -0.000289665 -0.00393653 0.000302216 0.999995 0.00324509 0.0039351 -0.00324613 0.999987 0.0535001 0.0592382 -0.397871
FixedParameters: 0 0 0

#Transform 121
Transform: AffineTransform_float_3_3
Parameters: 0.999993 -0.000270598 -0.0038788 0.000282123 0.999995 0.00298775 0.00387815 -0.00298856 0.999988 0.0496393 0.072431 -0.391454
FixedParameters: 0 0 0

#Transform 122
Transform: AffineTransform_float_3_3
Parameters: 0.999993 -0.000280049 -0.00387763 0.000290241 0.999997 0.00269747 0.00387671 -0.00269912 0.999989 0.0523291 0.0693428 -0.377799
FixedParameters: 0 0 0

#Transform 123
Transform: AffineTransform_float_3_3
Parameters: 0.999993 -0.000277797 -0.0038779 0.000288525 0.999996 0.00276645 0.00387695 -0.00276808 0.999988 0.055457 0.064879 -0.372949
FixedParameters: 0 0 0

#Transform 124
Transform: AffineTransform_float_3_3
Parameters: 0.999992 -0.000359443 -0.00403283 0.000369485 0.999997 0.00258054 0.00403152 -0.00258134 0.999989 0.0566157 0.0671986 -0.390546
FixedParameters: 0 0 0

#Transform 125
Transform: AffineTransform_float_3_3
Parameters: 0.999992 -0.000350266 -0.00401391 0.000360233 0.999996 0.00258 0.0040127 -0.0025815 0.999988 0.0527012 0.0708011 -0.391124
FixedParameters: 0 0 0

#Transform 126
Transform: AffineTransform_float_3_3
Parameters: 0.999991 -0.000377341 -0.00408978 0.000389073 0.999996 0.00285907 0.00408852 -0.0028607 0.999988 0.0543536 0.0648156 -0.390249
FixedParameters: 0 0 0

#Transform 127
Transform: AffineTransform_float_3_3
Parameters: 0.999991 -0.000340364 -0.0043563 0.000354828 0.999994 0.00325663 0.00435496 -0.00325743 0.999985 0.0639393 0.0575299 -0.403023
FixedParameters: 0 0 0

#Transform 128
Transform: AffineTransform_float_3_3
Parameters: 0.999991 -0.000256718 -0.00439357 0.00027156 0.999994 0.00352513 0.00439254 -0.00352608 0.999984 0.0634178 0.0592967 -0.412876
FixedParameters: 0 0 0

#Transform 129
Transform: AffineTransform_float_3_3
Parameters: 0.999992 -0.000315535 -0.00399247 0.000328732 0.999994 0.00328053 0.00399085 -0.00328181 0.999986 0.0514592 0.0705327 -0.370304
FixedParameters: 0 0 0

#Transform 130
Transform: AffineTransform_float_3_3
Parameters: 0.999991 -0.000280318 -0.00408792 0.000294371 0.999994 0.00341652 0.00408681 -0.00341822 0.999986 0.0561786 0.0742174 -0.371573
FixedParameters: 0 0 0

#Transform 131
Transform: AffineTransform_float_3_3
Parameters: 0.999995 -0.000648115 -0.00289315 0.000657714 0.999993 0.00353414 0.00289123 -0.00353568 0.999989 0.0547434 0.0646405 -0.378868
FixedParameters: 0 0 0

#Transform 132
Transform: AffineTransform_float_3_3
Parameters: 0.999998 -0.00104012 -0.00198922 0.0010456 0.999996 0.00264549 0.00198709 -0.00264679 0.999994 0.0349691 0.0759651 -0.351306
FixedParameters: 0 0 0

#Transform 133
Transform: AffineTransform_float_3_3
Parameters: 0.999998 -0.000844873 -0.0018412 0.000848896 0.999996 0.00257749 0.00183933 -0.00257856 0.999994 0.0364948 0.0832788 -0.365645
FixedParameters: 0 0 0

#Transform 134
Transform: AffineTransform_float_3_3
Parameters: 0.999998 -0.00072935 -0.001462 0.000732465 0.999998 0.00231559 0.00146022 -0.00231642 0.999996 0.0244182 0.0762535 -0.379181
FixedParameters: 0 0 0

#Transform 135
Transform: AffineTransform_float_3_3
Parameters: 0.999999 -0.000682747 -0.00132127 0.00068552 0.999998 0.00208986 0.00131964 -0.00209033 0.999996 0.0189372 0.0882381 -0.403132
FixedParameters: 0 0 0

#Transform 136
Transform: AffineTransform_float_3_3
Parameters: 0.999999 -0.000609003 -0.00132074 0.000611708 0.999998 0.00205701 0.00131944 -0.00205791 0.999997 0.0203609 0.0920226 -0.396461
FixedParameters: 0 0 0

#Transform 137
Transform: AffineTransform_float_3_3
Parameters: 0.999999 -0.000639958 -0.00121411 0.000642853 0.999997 0.00231945 0.00121229 -0.00232029 0.999997 0.0188162 0.0870106 -0.400304
FixedParameters: 0 0 0

#Transform 138
Transform: AffineTransform_float_3_3
Parameters: 0.999999 -0.000610445 -0.00133884 0.00061293 0.999998 0.00228506 0.00133763 -0.002286 0.999997 0.0198819 0.0832033 -0.411071
FixedParameters: 0 0 0

#Transform 139
Transform: AffineTransform_float_3_3
Parameters: 0.999999 -0.000617423 -0.00133781 0.000620189 0.999998 0.00205317 0.00133648 -0.00205411 0.999997 0.019709 0.084216 -0.412591
FixedParameters: 0 0 0

#Transform 140
Transform: AffineTransform_float_3_3
Parameters: 0.999999 -0.000620342 -0.00133739 0.000622847 0.999998 0.00195621 0.00133617 -0.00195715 0.999997 0.0138465 0.107813 -0.446494
FixedParameters: 0 0 0

#Transform 141
Transform: AffineTransform_float_3_3
Parameters: 1 -0.000109078 -0.000995304 0.000111966 0.999996 0.00259479 0.000994546 -0.00259428 0.999996 0.00430944 0.0968495 -0.477775
FixedParameters: 0 0 0

#Transform 142
Transform: AffineTransform_float_3_3
Parameters: 1 -0.000114861 -0.00110333 0.000117232 0.999998 0.00210232 0.00110271 -0.00210185 0.999997 0.00371794 0.0916876 -0.468637
FixedParameters: 0 0 0

#Transform 143
Transform: AffineTransform_float_3_3
Parameters: 0.999999 -0.00013744 -0.00125156 0.000139348 0.999998 0.00166517 0.00125103 -0.0016648 0.999997 0.00459569 0.0957525 -0.460536
FixedParameters: 0 0 0

#Transform 144
Transform: AffineTransform_float_3_3
Parameters: 0.999999 -4.62543e-05 -0.00129357 4.80816e-05 0.999998 0.00157166 0.00129333 -0.00157167 0.999998 0.00599644 0.10029 -0.462427
FixedParameters: 0 0 0

#Transform 145
Transform: AffineTransform_float_3_3
Parameters: 0.999999 -0.000144682 -0.00125032 0.000145317 0.999999 0.00113894 0.00124995 -0.00113998 0.999999 0.00469289 0.102628 -0.495408
FixedParameters: 0 0 0

#Transform 146
Transform: AffineTransform_float_3_3
Parameters: 0.999999 -0.000129282 -0.00125714 0.000130092 0.999999 0.00120252 0.00125678 -0.00120352 0.999998 0.00189126 0.111279 -0.469622
FixedParameters: 0 0 0

#Transform 147
Transform: AffineTransform_float_3_3
Parameters: 0.999999 -4.77223e-05 -0.00129338 4.94031e-05 0.999999 0.00152349 0.00129316 -0.00152289 0.999998 0.00652798 0.0996669 -0.45157
FixedParameters: 0 0 0

#Transform 148
Transform: AffineTransform_float_3_3
Parameters: 0.999999 -0.000108613 -0.0012672 0.000109445 0.999999 0.00120191 0.0012669 -0.00120287 0.999998 0.00670329 0.104246 -0.454621
FixedParameters: 0 0 0

#Transform 149
Transform: AffineTransform_float_3_3
Parameters: 0.999999 -5.91315e-05 -0.00129193 5.987e-05 0.999999 0.00114243 0.00129176 -0.00114326 0.999998 0.00173384 0.107368 -0.462413
FixedParameters: 0 0 0

#Transform 150
Transform: AffineTransform_float_3_3
Parameters: 0.999999 -5.99985e-05 -0.00129181 6.06425e-05 1 0.00111425 0.00129166 -0.00111447 0.999998 0.00552679 0.106731 -0.438433
FixedParameters: 0 0 0

#Transform 151
Transform: AffineTransform_float_3_3
Parameters: 0.999999 -0.000113141 -0.00126662 0.000113571 1 0.00105178 0.00126636 -0.00105213 0.999998 0.00542509 0.107922 -0.428554
FixedParameters: 0 0 0

#Transform 152
Transform: AffineTransform_float_3_3
Parameters: 0.999999 -8.71467e-05 -0.00135329 8.81839e-05 0.999999 0.00120099 0.00135304 -0.00120191 0.999998 0.0082477 0.115045 -0.473997
FixedParameters: 0 0 0

#Transform 153
Transform: AffineTransform_float_3_3
Parameters: 0.999999 -0.000282269 -0.00121468 0.000285728 0.999997 0.00217655 0.00121421 -0.0021765 0.999997 0.00589791 0.0934688 -0.450698
FixedParameters: 0 0 0

#Transform 154
Transform: AffineTransform_float_3_3
Parameters: 0.999999 -0.000184492 -0.00125558 0.000186385 0.999998 0.00164564 0.00125488 -0.00164599 0.999998 0.00755643 0.101279 -0.461866
FixedParameters: 0 0 0

#Transform 155
Transform: AffineTransform_float_3_3
Parameters: 0.999999 -0.000130904 -0.00146423 0.000133102 0.999999 0.00152211 0.00146375 -0.00152178 0.999997 0.00603855 0.107731 -0.495
FixedParameters: 0 0 0

#Transform 156
Transform: AffineTransform_float_3_3
Parameters: 0.999998 -0.00050955 -0.00195495 0.00051241 0.999999 0.00143071 0.00195476 -0.00143121 0.999997 0.0163432 0.0731564 -0.327541
FixedParameters: 0 0 0

#Transform 157
Transform: AffineTransform_float_3_3
Parameters: 0.999998 -0.000177683 -0.00228338 0.000178726 0.999999 0.000517527 0.00228277 -0.000518032 0.999997 0.0105232 0.0969356 -0.373168
FixedParameters: 0 0 0

#Transform 158
Transform: AffineTransform_float_3_3
Parameters: 0.999998 -0.00037415 -0.00187704 0.000374081 1 0.000224078 0.00187731 -0.000224544 0.999998 0.0104451 0.0996202 -0.384425
FixedParameters: 0 0 0

#Transform 159
Transform: AffineTransform_float_3_3
Parameters: 0.999998 -0.000389611 -0.00205428 0.000390415 1 0.000523891 0.00205341 -0.000524571 0.999998 0.0147823 0.100467 -0.389494
FixedParameters: 0 0 0

#Transform 160
Transform: AffineTransform_float_3_3
Parameters: 0.999997 -0.000392869 -0.0021151 0.000393659 0.999999 0.000717795 0.00211451 -0.000718561 0.999997 0.0165263 0.0953462 -0.398457
FixedParameters: 0 0 0

#Transform 161
Transform: AffineTransform_float_3_3
Parameters: 0.999998 -0.00042193 -0.00199512 0.000423115 1 0.000525012 0.00199511 -0.00052576 0.999998 0.0136957 0.098981 -0.40454
FixedParameters: 0 0 0

#Transform 162
Transform: AffineTransform_float_3_3
Parameters: 0.999998 -0.00039575 -0.00196512 0.000397391 0.999999 0.000877578 0.0019653 -0.000878223 0.999997 0.0137262 0.0926816 -0.427553
FixedParameters: 0 0 0

#Transform 163
Transform: AffineTransform_float_3_3
Parameters: 0.999996 -0.000217591 -0.0027629 0.000220677 0.999999 0.000960467 0.00276242 -0.000961221 0.999996 0.0176729 0.108971 -0.499428
FixedParameters: 0 0 0

#Transform 164
Transform: AffineTransform_float_3_3
Parameters: 0.999998 -0.000116094 -0.0019997 0.000117272 0.999999 0.000517001 0.002 -0.000517144 0.999998 0.00717924 0.110446 -0.518679
FixedParameters: 0 0 0

#Transform 165
Transform: AffineTransform_float_3_3
Parameters: 0.999999 -0.000201015 -0.00174921 0.000200665 1 -0.000103593 0.00174929 0.000103064 0.999998 0.00542788 0.120553 -0.528021
FixedParameters: 0 0 0

#Transform 166
Transform: AffineTransform_float_3_3
Parameters: 0.999998 -0.000231691 -0.00172127 0.000231491 1 -0.000440381 0.00172187 0.000440586 0.999999 -0.000324553 0.119227 -0.517412
FixedParameters: 0 0 0

#Transform 167
Transform: AffineTransform_float_3_3
Parameters: 0.999999 -0.000151958 -0.0017964 0.00015035 0.999999 -0.00069396 0.00179617 0.000694403 0.999998 0.00204444 0.126142 -0.515235
FixedParameters: 0 0 0

#Transform 168
Transform: AffineTransform_float_3_3
Parameters: 0.999999 -0.000178689 -0.00176319 0.000177001 1 -0.000989617 0.00176265 0.000989212 0.999998 0.000842474 0.139078 -0.507212
FixedParameters: 0 0 0

#Transform 169
Transform: AffineTransform_float_3_3
Parameters: 0.999999 -0.000363097 -0.00147514 0.000349924 0.999959 -0.00905484 0.00147801 0.00905435 0.999958 0.052863 0.0949065 0.229337
FixedParameters: 0 0 0

#Transform 170
Transform: AffineTransform_float_3_3
Parameters: 0.999999 -0.000455103 -0.000892494 0.000449011 0.99997 -0.00777453 0.000896038 0.00777472 0.999969 0.0343216 0.0627774 0.170125
FixedParameters: 0 0 0

#Transform 171
Transform: AffineTransform_float_3_3
Parameters: 0.999999 -0.000445266 -0.000776667 0.000438882 0.999964 -0.00851064 0.000780799 0.00851094 0.999964 0.0286504 0.0590472 0.175845
FixedParameters: 0 0 0

#Transform 172
Transform: AffineTransform_float_3_3
Parameters: 0.999999 -0.00046309 -0.000672538 0.000457036 0.999958 -0.00923541 0.000676394 0.00923497 0.999957 0.0259809 0.0698195 0.174275
FixedParameters: 0 0 0

#Transform 173
Transform: AffineTransform_float_3_3
Parameters: 0.999999 -0.000398361 -0.000641857 0.000392449 0.999958 -0.00919369 0.000645829 0.00919414 0.999958 0.0242482 0.0662458 0.168132
FixedParameters: 0 0 0

#Transform 174
Transform: AffineTransform_float_3_3
Parameters: 0.999999 -0.000404898 -0.00064027 0.000399104 0.999958 -0.00914287 0.000644372 0.00914252 0.999958 0.0243006 0.0577311 0.170754
FixedParameters: 0 0 0

#Transform 175
Transform: AffineTransform_float_3_3
Parameters: 1 -0.000370102 -0.000546546 0.000365521 0.999958 -0.00920649 0.000549114 0.00920623 0.999958 0.0219309 0.0690221 0.159651
FixedParameters: 0 0 0

#Transform 176
Transform: AffineTransform_float_3_3
Parameters: 0.999999 -0.000423206 -0.000671846 0.000417051 0.99996 -0.00897403 0.000676203 0.00897442 0.99996 0.026016 0.0737547 0.150451
FixedParameters: 0 0 0

#Transform 177
Transform: AffineTransform_float_3_3
Parameters: 0.999999 -0.000414569 -0.000677239 0.000409246 0.999959 -0.00897007 0.000680987 0.00896988 0.99996 0.0246192 0.0747811 0.143721
FixedParameters: 0 0 0

#Transform 178
Transform: AffineTransform_float_3_3
Parameters: 0.999999 -0.000412472 -0.000680071 0.000406575 0.999959 -0.00903577 0.000682944 0.00903539 0.999959 0.0264218 0.0914343 0.134719
FixedParameters: 0 0 0

#Transform 179
Transform: AffineTransform_float_3_3
Parameters: 0.999999 -0.000491467 -0.000876785 0.000483286 0.999958 -0.00906183 0.000881479 0.00906136 0.999959 0.0319755 0.0888283 0.132975
FixedParameters: 0 0 0

#Transform 180
Transform: AffineTransform_float_3_3
Parameters: 0.999999 -0.000479275 -0.000882342 0.000471106 0.999959 -0.00901357 0.000886819 0.00901233 0.999959 0.0302831 0.0840645 0.120753
FixedParameters: 0 0 0

#Transform 181
Transform: AffineTransform_float_3_3
Parameters: 0.999999 -0.000479278 -0.000876584 0.000472187 0.999964 -0.00846949 0.000880861 0.00846887 0.999963 0.0298181 0.0704408 0.117688
FixedParameters: 0 0 0

#Transform 182
Transform: AffineTransform_float_3_3
Parameters: 0.999999 -0.000500024 -0.000865676 0.000492784 0.999964 -0.00841426 0.000869339 0.00841377 0.999965 0.0317405 0.0717962 0.122913
FixedParameters: 0 0 0

#Transform 183
Transform: AffineTransform_float_3_3
Parameters: 1 -0.000524699 -0.000977139 0.000516279 0.999965 -0.008285 0.000982085 0.00828438 0.999966 0.0353528 0.0756071 0.112633
FixedParameters: 0 0 0

#Transform 184
Transform: AffineTransform_float_3_3
Parameters: 1 -0.000565458 -0.00107038 0.00055716 0.999967 -0.00813939 0.00107414 0.00813922 0.999966 0.0349321 0.0808476 0.104971
FixedParameters: 0 0 0

#Transform 185
Transform: AffineTransform_float_3_3
Parameters: 0.999999 -0.000497465 -0.00132627 0.000487397 0.999971 -0.00758594 0.00133037 0.00758509 0.999971 0.0388797 0.0789094 0.112428
FixedParameters: 0 0 0

#Transform 186
Transform: AffineTransform_float_3_3
Parameters: 0.999999 -0.000469378 -0.0012421 0.000459858 0.99997 -0.00770341 0.00124493 0.00770269 0.99997 0.0372942 0.0702833 0.110661
FixedParameters: 0 0 0

#Transform 187
Transform: AffineTransform_float_3_3
Parameters: 0.999999 -0.000486096 -0.00126207 0.000476586 0.99997 -0.00773923 0.00126612 0.00773908 0.999969 0.0385995 0.082633 0.103008
FixedParameters: 0 0 0

#Transform 188
Transform: AffineTransform_float_3_3
Parameters: 1 -0.000431119 -0.00115008 0.000421708 0.999969 -0.00786934 0.00115287 0.00786939 0.999968 0.0363971 0.0716982 0.110973
FixedParameters: 0 0 0

#Transform 189
Transform: AffineTransform_float_3_3
Parameters: 1 -0.000149125 -0.00117579 0.000140435 0.999971 -0.00759828 0.00117734 0.0075976 0.99997 0.0408347 0.0739482 0.0464132
FixedParameters: 0 0 0
