#Insight Transform File V1.0
#Transform 0
Transform: AffineTransform_float_3_3
Parameters: 1 -0.000409267 -0.000166416 0.0004093 1 9.95291e-05 0.000166334 -9.96652e-05 1 0.00900155 -0.0328028 0.116759
FixedParameters: 0 0 0

#Transform 1
Transform: AffineTransform_float_3_3
Parameters: 1 -0.000526839 -0.00022283 0.000526258 0.999999 0.000634304 0.000222659 -0.000634574 1 0.015176 -0.132794 -0.0314198
FixedParameters: 0 0 0

#Transform 2
Transform: AffineTransform_float_3_3
Parameters: 0.999999 -0.000426868 -0.000762442 0.000426623 1 -0.00072462 0.000762557 0.000724869 1 -0.00112579 0.0760317 -0.0752108
FixedParameters: 0 0 0

#Transform 3
Transform: AffineTransform_float_3_3
Parameters: 1 -6.99018e-06 -3.8288e-05 6.97112e-06 1 -0.000248818 3.82915e-05 0.000248817 1 -0.0177162 0.0224076 -0.054036
FixedParameters: 0 0 0

#Transform 4
Transform: AffineTransform_float_3_3
Parameters: 1 0.000249472 -0.000557168 -0.000249689 0.999999 -0.000180737 0.000557043 0.000180514 1 -0.00151178 -0.0519491 -0.00647766
FixedParameters: 0 0 0

#Transform 5
Transform: AffineTransform_float_3_3
Parameters: 0.999999 -0.000487951 -0.000514417 0.000487931 1 -1.99384e-05 0.000514436 1.94364e-05 1 0.00703759 -0.0924755 -0.00827226
FixedParameters: 0 0 0

#Transform 6
Transform: AffineTransform_float_3_3
Parameters: 1 0.00026104 -0.000466961 -0.000261227 0.999999 -0.000183876 0.00046683 0.000183618 1 -0.00395644 -0.0589926 -0.0116239
FixedParameters: 0 0 0

#Transform 7
Transform: AffineTransform_float_3_3
Parameters: 1 0.00023161 -0.000479988 -0.000231801 0.999999 -0.000182808 0.000479868 0.000182529 1 -0.00184959 -0.0805685 -0.0358228
FixedParameters: 0 0 0

#Transform 8
Transform: AffineTransform_float_3_3
Parameters: 1 0.000127541 -0.000628041 -0.00012755 1 -6.90821e-06 0.00062804 7.06842e-06 1 -0.00278182 -0.0630637 -0.0109624
FixedParameters: 0 0 0

#Transform 9
Transform: AffineTransform_float_3_3
Parameters: 1 0.000430892 -0.000528201 -0.000430542 0.999999 -0.00100428 0.000527623 0.00100426 1 -0.00253175 0.0143078 -0.000732365
FixedParameters: 0 0 0

#Transform 10
Transform: AffineTransform_float_3_3
Parameters: 1 0.000199166 -0.000698516 -0.000199212 1 -0.000651718 0.000697759 0.000652031 0.999999 -0.000286794 -0.0539648 -0.0149039
FixedParameters: 0 0 0

#Transform 11
Transform: AffineTransform_float_3_3
Parameters: 1 0.000365865 -0.000311335 -0.00036628 0.999999 -0.000667808 0.000310846 0.000668036 0.999999 -0.00886695 0.0407828 -0.0309203
FixedParameters: 0 0 0

#Transform 12
Transform: AffineTransform_float_3_3
Parameters: 0.999999 0.00034934 -0.000767665 -0.000349753 1 -0.000268514 0.000767477 0.000269051 0.999999 0.00269566 -0.0477089 0.00863371
FixedParameters: 0 0 0

#Transform 13
Transform: AffineTransform_float_3_3
Parameters: 1 0.000179577 -0.000139134 -0.00017972 1 -0.000512017 0.00013895 0.000512067 1 -0.0232808 0.0489752 -0.0491111
FixedParameters: 0 0 0

#Transform 14
Transform: AffineTransform_float_3_3
Parameters: 1 0.000402331 -0.000256511 -0.000402377 1 -8.9932e-05 0.000256438 9.01384e-05 1 -0.013156 -0.027668 0.0429073
FixedParameters: 0 0 0

#Transform 15
Transform: AffineTransform_float_3_3
Parameters: 1 0.000179716 -0.000141449 -0.000179766 1 -0.00017669 0.000141386 0.000176741 1 -0.0139259 0.0239225 -0.0486606
FixedParameters: 0 0 0

#Transform 16
Transform: AffineTransform_float_3_3
Parameters: 1 0.000437549 -0.000326605 -0.000438374 0.999999 0.000823213 0.000326957 -0.000822945 0.999999 -0.00662214 -0.0224815 0.00833061
FixedParameters: 0 0 0

#Transform 17
Transform: AffineTransform_float_3_3
Parameters: 1 8.98869e-05 -0.000130199 -8.96921e-05 0.999999 0.000747676 0.000130334 -0.000747653 0.999999 0.00539422 -0.0559714 0.0408422
FixedParameters: 0 0 0

#Transform 18
Transform: AffineTransform_float_3_3
Parameters: 1 0.000319115 -3.696e-05 -0.000318971 1 0.0010788 3.76032e-05 -0.00107878 1 -0.0100599 -0.0212649 -0.0217918
FixedParameters: 0 0 0

#Transform 19
Transform: AffineTransform_float_3_3
Parameters: 1 -0.000265504 5.71376e-05 0.000265462 1 0.000366479 -5.73322e-05 -0.000366449 1 -0.00243478 -0.0291283 0.062822
FixedParameters: 0 0 0

#Transform 20
Transform: AffineTransform_float_3_3
Parameters: 1 0.000180019 2.88845e-05 -0.000180044 1 0.00043134 -2.87292e-05 -0.00043135 1 -0.0182292 0.00298242 -0.0172229
FixedParameters: 0 0 0

#Transform 21
Transform: AffineTransform_float_3_3
Parameters: 1 -0.0002199 -0.000214024 0.000220033 1 0.000310939 0.000213887 -0.000311033 1 0.00647604 -0.0287678 0.0804181
FixedParameters: 0 0 0

#Transform 22
Transform: AffineTransform_float_3_3
Parameters: 1 0.00046156 0.000373961 -0.000461867 1 0.00040986 -0.000373583 -0.000410205 1 -0.01302 0.0550632 -0.0196527
FixedParameters: 0 0 0

#Transform 23
Transform: AffineTransform_float_3_3
Parameters: 1 0.000430957 -0.000181551 -0.000430757 1 0.000552519 0.000182027 -0.000552362 1 0.0123668 -0.0158422 0.0542316
FixedParameters: 0 0 0

#Transform 24
Transform: AffineTransform_float_3_3
Parameters: 1 -0.000269373 0.000200795 0.000269007 0.999999 0.000900883 -0.000201286 -0.00089991 1 0.00755286 0.00639075 -0.00768741
FixedParameters: 0 0 0

#Transform 25
Transform: AffineTransform_float_3_3
Parameters: 1 0.000204811 0.000233277 -0.000204357 0.999999 0.000879618 -0.000233414 -0.000879679 0.999999 -0.0141009 0.0277362 0.0185801
FixedParameters: 0 0 0

#Transform 26
Transform: AffineTransform_float_3_3
Parameters: 1 4.32581e-06 0.000149184 -3.6499e-06 1 0.000629669 -0.000149677 -0.000629635 1 0.00615776 -0.0489665 0.0289468
FixedParameters: 0 0 0

#Transform 27
Transform: AffineTransform_float_3_3
Parameters: 1 0.000269833 0.000285038 -0.000269384 1 0.000756138 -0.000285092 -0.000755755 0.999999 -0.0117918 0.03485 0.00376102
FixedParameters: 0 0 0

#Transform 28
Transform: AffineTransform_float_3_3
Parameters: 1 1.33174e-05 0.000128196 -1.35669e-05 0.999999 0.00097337 -0.00012817 -0.000973373 0.999999 0.0055941 -0.0401899 0.0430672
FixedParameters: 0 0 0

#Transform 29
Transform: AffineTransform_float_3_3
Parameters: 1 0.000260991 0.000267097 -0.000260661 1 0.00111844 -0.000267056 -0.00111854 1 -0.0154575 0.0151368 -0.00159857
FixedParameters: 0 0 0

#Transform 30
Transform: AffineTransform_float_3_3
Parameters: 1 0.00023097 -6.11056e-05 -0.000231349 0.999999 0.00098147 6.06936e-05 -0.000981426 0.999999 0.0131444 -0.0193781 0.0598277
FixedParameters: 0 0 0

#Transform 31
Transform: AffineTransform_float_3_3
Parameters: 1 0.000327406 -0.000117924 -0.000327618 1 0.000950098 0.000117636 -0.000950003 1 0.00704973 0.0193389 0.0147167
FixedParameters: 0 0 0

#Transform 32
Transform: AffineTransform_float_3_3
Parameters: 1 0.000382363 -2.29674e-05 -0.000382247 1 0.00104247 2.37262e-05 -0.00104331 0.999999 -0.0031673 0.0110569 0.0600321
FixedParameters: 0 0 0

#Transform 33
Transform: AffineTransform_float_3_3
Parameters: 1 0.000118997 1.84182e-05 -0.000118982 0.999999 0.00132073 -1.8149e-05 -0.00132073 0.999999 0.0147122 -0.00719931 0.0168043
FixedParameters: 0 0 0

#Transform 34
Transform: AffineTransform_float_3_3
Parameters: 1 0.000288068 0.000311768 -0.000288066 0.999999 0.00148367 -0.000311456 -0.00148381 0.999999 -0.0156467 0.0257393 0.0353303
FixedParameters: 0 0 0

#Transform 35
Transform: AffineTransform_float_3_3
Parameters: 1 0.000427355 5.40601e-05 -0.000426544 1 0.00122532 -5.3521e-05 -0.00122483 0.999999 -0.00114379 0.0017821 0.0724957
FixedParameters: 0 0 0

#Transform 36
Transform: AffineTransform_float_3_3
Parameters: 1 8.2119e-05 0.0002581 -8.26888e-05 0.999999 0.00122687 -0.000257943 -0.00122691 0.999999 0.00942957 -0.00428716 0.0523206
FixedParameters: 0 0 0

#Transform 37
Transform: AffineTransform_float_3_3
Parameters: 1 0.000477595 4.03589e-05 -0.000478112 0.999999 0.00104928 -4.02601e-05 -0.00105016 0.999999 0.00332342 0.0352555 0.0713568
FixedParameters: 0 0 0

#Transform 38
Transform: AffineTransform_float_3_3
Parameters: 1 0.000203422 0.000168603 -0.000202857 0.999999 0.000886719 -0.000168741 -0.000886752 0.999999 0.00629613 -0.0208563 0.0882905
FixedParameters: 0 0 0

#Transform 39
Transform: AffineTransform_float_3_3
Parameters: 1 0.000449205 9.21228e-05 -0.000448502 0.999999 0.00122185 -9.15684e-05 -0.00122189 0.999999 -0.000589804 0.0320481 0.0515368
FixedParameters: 0 0 0

#Transform 40
Transform: AffineTransform_float_3_3
Parameters: 1 0.000181605 0.000125603 -0.000181074 0.999998 0.00157911 -0.000125572 -0.00157912 0.999998 0.00963532 -0.0404417 0.0736612
FixedParameters: 0 0 0

#Transform 41
Transform: AffineTransform_float_3_3
Parameters: 1 0.000537284 8.38508e-05 -0.000537447 0.999999 0.00136621 -8.24276e-05 -0.0013663 0.999999 0.000331742 0.0504781 0.0889004
FixedParameters: 0 0 0

#Transform 42
Transform: AffineTransform_float_3_3
Parameters: 1 0.000629841 3.29623e-05 -0.000630377 0.999998 0.00154289 -3.19289e-05 -0.00154291 0.999999 0.00527474 0.0155116 0.0471369
FixedParameters: 0 0 0

#Transform 43
Transform: AffineTransform_float_3_3
Parameters: 1 0.000285885 0.000111888 -0.00028619 0.999998 0.00165523 -0.000110987 -0.00165529 0.999998 -0.00421035 0.011998 0.0995197
FixedParameters: 0 0 0

#Transform 44
Transform: AffineTransform_float_3_3
Parameters: 1 0.000509639 7.70826e-05 -0.000510281 0.999999 0.00175935 -7.62443e-05 -0.00175941 0.999999 0.00329119 0.0107721 0.0428768
FixedParameters: 0 0 0

#Transform 45
Transform: AffineTransform_float_3_3
Parameters: 1 0.000226032 0.000202835 -0.000225756 0.999998 0.00160566 -0.000202652 -0.00160571 0.999998 -0.00669057 0.0145673 0.107543
FixedParameters: 0 0 0

#Transform 46
Transform: AffineTransform_float_3_3
Parameters: 1 0.000304673 0.00020173 -0.000305261 0.999999 0.0018148 -0.000200678 -0.00181442 0.999998 -0.00485347 0.0135114 0.0672713
FixedParameters: 0 0 0

#Transform 47
Transform: AffineTransform_float_3_3
Parameters: 1 0.000460576 -1.12982e-05 -0.000460482 0.999999 0.00132498 1.24735e-05 -0.00132497 0.999999 0.00247319 0.0329209 0.132498
FixedParameters: 0 0 0

#Transform 48
Transform: AffineTransform_float_3_3
Parameters: 1 0.000303728 9.01849e-05 -0.000304425 0.999999 0.00145135 -9.02132e-05 -0.00145139 0.999999 -0.00330072 0.033117 0.109716
FixedParameters: 0 0 0

#Transform 49
Transform: AffineTransform_float_3_3
Parameters: 1 0.000213454 0.000179474 -0.000213109 0.999999 0.00179884 -0.000179294 -0.00179888 0.999999 0.00651936 -0.0117579 0.140026
FixedParameters: 0 0 0

#Transform 50
Transform: AffineTransform_float_3_3
Parameters: 1 0.000289077 0.000310583 -0.00028927 0.999998 0.00190801 -0.000310067 -0.00190815 0.999998 -0.00673707 0.0702168 0.133455
FixedParameters: 0 0 0

#Transform 51
Transform: AffineTransform_float_3_3
Parameters: 1 0.000263023 0.000264432 -0.000263596 0.999998 0.00201215 -0.000264826 -0.00201223 0.999998 0.0118842 -0.00175661 0.0793192
FixedParameters: 0 0 0

#Transform 52
Transform: AffineTransform_float_3_3
Parameters: 1 0.000286254 0.000115188 -0.000286548 0.999999 0.00183625 -0.000114226 -0.00183632 0.999999 0.00773864 0.0202021 0.140227
FixedParameters: 0 0 0

#Transform 53
Transform: AffineTransform_float_3_3
Parameters: 1 0.000358673 0.000273511 -0.000359358 0.999997 0.00215078 -0.00027342 -0.00215092 0.999997 -0.00434029 0.0611976 0.0827085
FixedParameters: 0 0 0

#Transform 54
Transform: AffineTransform_float_3_3
Parameters: 1 0.000383286 7.25374e-05 -0.000383032 0.999999 0.00166287 -7.27097e-05 -0.00166373 0.999998 0.0051664 0.0254971 0.139765
FixedParameters: 0 0 0

#Transform 55
Transform: AffineTransform_float_3_3
Parameters: 1 0.000400362 0.000209844 -0.000401491 0.999999 0.00180459 -0.000209353 -0.00180474 0.999999 0.00260246 0.0385674 0.103317
FixedParameters: 0 0 0

#Transform 56
Transform: AffineTransform_float_3_3
Parameters: 1 0.000287455 0.000185711 -0.000288611 0.999997 0.00211217 -0.00018545 -0.00211225 0.999997 0.000461179 0.0312271 0.133583
FixedParameters: 0 0 0

#Transform 57
Transform: AffineTransform_float_3_3
Parameters: 1 0.000566737 0.000257257 -0.000567271 0.999998 0.00202922 -0.000256374 -0.00202895 0.999997 0.00201068 0.0203914 0.103755
FixedParameters: 0 0 0

#Transform 58
Transform: AffineTransform_float_3_3
Parameters: 1 0.000347808 0.000287082 -0.00034785 0.999999 0.00180034 -0.000286417 -0.0018005 0.999999 -0.00801832 0.014766 0.158402
FixedParameters: 0 0 0

#Transform 59
Transform: AffineTransform_float_3_3
Parameters: 1 9.45565e-05 0.000144967 -9.49394e-05 0.999999 0.00154042 -0.00014472 -0.00154045 0.999999 0.00236337 0.0183415 0.148954
FixedParameters: 0 0 0

#Transform 60
Transform: AffineTransform_float_3_3
Parameters: 1 0.000417019 0.000331551 -0.000417203 0.999999 0.00177331 -0.000330659 -0.00177355 0.999999 0.00519661 0.0541916 0.147689
FixedParameters: 0 0 0

#Transform 61
Transform: AffineTransform_float_3_3
Parameters: 1 0.000329409 0.000381804 -0.000329772 0.999999 0.0017737 -0.000381223 -0.00177391 0.999999 0.00686522 0.0141667 0.167508
FixedParameters: 0 0 0

#Transform 62
Transform: AffineTransform_float_3_3
Parameters: 1 0.000177139 0.000461262 -0.000177685 0.999998 0.00159752 -0.000461237 -0.00159765 0.999998 0.00836828 0.0691359 0.143199
FixedParameters: 0 0 0

#Transform 63
Transform: AffineTransform_float_3_3
Parameters: 1 0.000130768 0.000495744 -0.000131538 0.999999 0.00177463 -0.000495867 -0.00177472 0.999999 0.00437608 0.0695742 0.172125
FixedParameters: 0 0 0

#Transform 64
Transform: AffineTransform_float_3_3
Parameters: 1 3.31834e-05 0.000535168 -3.4621e-05 0.999999 0.00140232 -0.000535118 -0.00140236 0.999999 0.00904467 0.0441079 0.165769
FixedParameters: 0 0 0

#Transform 65
Transform: AffineTransform_float_3_3
Parameters: 1 6.54433e-05 0.000350863 -6.56515e-05 0.999998 0.00161762 -0.000351193 -0.00161763 0.999998 0.0062675 0.0682415 0.172992
FixedParameters: 0 0 0

#Transform 66
Transform: AffineTransform_float_3_3
Parameters: 1 6.17029e-05 0.000525592 -6.24108e-05 0.999999 0.0015551 -0.000525942 -0.00155513 0.999998 0.00555907 0.0466594 0.205701
FixedParameters: 0 0 0

#Transform 67
Transform: AffineTransform_float_3_3
Parameters: 1 4.2354e-05 0.000532656 -4.38505e-05 0.999999 0.00146424 -0.000532575 -0.00146428 0.999999 0.00605099 0.0408385 0.181988
FixedParameters: 0 0 0

#Transform 68
Transform: AffineTransform_float_3_3
Parameters: 1 9.91078e-05 0.000504349 -9.97543e-05 0.999999 0.00155992 -0.000504581 -0.00155998 0.999998 0.00215613 0.0566274 0.228888
FixedParameters: 0 0 0

#Transform 69
Transform: AffineTransform_float_3_3
Parameters: 1 -0.000308084 0.000205537 0.000308053 0.999999 0.0014436 -0.000205606 -0.00144349 0.999999 0.0146525 -0.00759104 0.198084
FixedParameters: 0 0 0

#Transform 70
Transform: AffineTransform_float_3_3
Parameters: 1 -9.84646e-05 0.000185557 9.7882e-05 0.999998 0.0019088 -0.000186022 -0.00190876 0.999998 0.0142965 0.0943123 0.179108
FixedParameters: 0 0 0

#Transform 71
Transform: AffineTransform_float_3_3
Parameters: 1 0.0001543 7.25196e-05 -0.000154444 0.999998 0.00231097 -7.19415e-05 -0.00231098 0.999998 0.00132819 0.0792425 0.199958
FixedParameters: 0 0 0

#Transform 72
Transform: AffineTransform_float_3_3
Parameters: 1 2.06123e-05 0.000302575 -2.10693e-05 0.999997 0.00249484 -0.000303104 -0.00249481 0.999997 -0.0068114 0.0562805 0.198283
FixedParameters: 0 0 0

#Transform 73
Transform: AffineTransform_float_3_3
Parameters: 1 0.000218278 0.00018379 -0.000218094 0.999997 0.00236903 -0.000183389 -0.00236907 0.999997 0.00739785 0.055317 0.195534
FixedParameters: 0 0 0

#Transform 74
Transform: AffineTransform_float_3_3
Parameters: 1 4.95175e-05 0.000277874 -4.97492e-05 0.999998 0.00231183 -0.000278278 -0.00231181 0.999998 0.00449499 0.0149366 0.214244
FixedParameters: 0 0 0

#Transform 75
Transform: AffineTransform_float_3_3
Parameters: 1 -9.29882e-05 0.00034009 9.23393e-05 0.999998 0.00187477 -0.000339662 -0.00187472 0.999998 0.00361151 0.0522113 0.185148
FixedParameters: 0 0 0

#Transform 76
Transform: AffineTransform_float_3_3
Parameters: 1 -0.000112584 0.000260999 0.000111681 0.999998 0.00197078 -0.000261532 -0.00197072 0.999998 0.0104115 0.0217155 0.20687
FixedParameters: 0 0 0

#Transform 77
Transform: AffineTransform_float_3_3
Parameters: 1 -0.000318568 0.000259472 0.000318305 0.999999 0.00171792 -0.000259784 -0.00171863 0.999998 0.0120839 0.0587775 0.178747
FixedParameters: 0 0 0

#Transform 78
Transform: AffineTransform_float_3_3
Parameters: 1 -0.000176263 0.000396518 0.000175246 0.999998 0.00207104 -0.00039647 -0.00207091 0.999998 0.00196424 0.0734197 0.205222
FixedParameters: 0 0 0

#Transform 79
Transform: AffineTransform_float_3_3
Parameters: 1 -0.000123765 0.000351711 0.000123168 0.999999 0.00173901 -0.000351365 -0.00173893 0.999999 0.00350557 0.0762819 0.197351
FixedParameters: 0 0 0

#Transform 80
Transform: AffineTransform_float_3_3
Parameters: 1 -9.61662e-05 0.000252588 9.58773e-05 0.999999 0.00181157 -0.000252161 -0.00181153 0.999999 0.00745735 0.0439088 0.22884
FixedParameters: 0 0 0

#Transform 81
Transform: AffineTransform_float_3_3
Parameters: 1 -0.000171286 0.000294477 0.000170845 0.999999 0.00181096 -0.000294321 -0.00181087 0.999999 0.00379904 0.0538647 0.177792
FixedParameters: 0 0 0

#Transform 82
Transform: AffineTransform_float_3_3
Parameters: 1 -9.79365e-05 0.000347228 9.80927e-05 0.999998 0.00191971 -0.000347326 -0.00191962 0.999998 0.00326421 0.0585089 0.1997
FixedParameters: 0 0 0

#Transform 83
Transform: AffineTransform_float_3_3
Parameters: 1 -0.000199835 0.000397603 0.000199037 0.999999 0.00179034 -0.000397542 -0.0017902 0.999999 0.00469143 0.0606546 0.180541
FixedParameters: 0 0 0

#Transform 84
Transform: AffineTransform_float_3_3
Parameters: 1 -0.000123461 0.000357343 0.00012275 0.999998 0.00186992 -0.000357028 -0.00186985 0.999998 0.00331093 0.0632143 0.185855
FixedParameters: 0 0 0

#Transform 85
Transform: AffineTransform_float_3_3
Parameters: 1 -2.54496e-05 0.000309156 2.44207e-05 0.999999 0.00186819 -0.000309339 -0.00186817 0.999998 -0.000400805 0.0415069 0.213994
FixedParameters: 0 0 0

#Transform 86
Transform: AffineTransform_float_3_3
Parameters: 1 -2.91078e-05 0.000297634 2.90595e-05 0.999999 0.00174357 -0.000298323 -0.00174351 0.999999 0.00527341 0.0648612 0.189442
FixedParameters: 0 0 0

#Transform 87
Transform: AffineTransform_float_3_3
Parameters: 1 3.94301e-05 0.000275687 -4.04793e-05 0.999997 0.00213297 -0.000275607 -0.00213299 0.999997 -0.0021497 0.060251 0.235167
FixedParameters: 0 0 0

#Transform 88
Transform: AffineTransform_float_3_3
Parameters: 1 9.82158e-05 0.000302012 -9.93617e-05 0.999998 0.00210777 -0.000301686 -0.00210783 0.999997 0.00634179 0.0780468 0.225712
FixedParameters: 0 0 0

#Transform 89
Transform: AffineTransform_float_3_3
Parameters: 1 -3.27359e-05 0.000586917 3.22109e-05 0.999999 0.00171647 -0.00058675 -0.00171641 0.999999 -0.00146099 0.0255509 0.193743
FixedParameters: 0 0 0

#Transform 90
Transform: AffineTransform_float_3_3
Parameters: 1 -1.40484e-05 0.000301758 1.29495e-05 0.999998 0.00203028 -0.000301903 -0.00203027 0.999998 0.00463018 0.0606967 0.222217
FixedParameters: 0 0 0

#Transform 91
Transform: AffineTransform_float_3_3
Parameters: 1 -1.12534e-06 0.000285497 2.06123e-07 0.999999 0.00183136 -0.00028559 -0.00183135 0.999999 0.00571725 0.0646238 0.194749
FixedParameters: 0 0 0

#Transform 92
Transform: AffineTransform_float_3_3
Parameters: 1 5.02919e-05 0.000344385 -5.16869e-05 0.999997 0.00220959 -0.00034425 -0.00220963 0.999997 -0.00202105 0.0785579 0.20068
FixedParameters: 0 0 0

#Transform 93
Transform: AffineTransform_float_3_3
Parameters: 1 -1.16129e-06 0.000292066 1.01781e-07 0.999998 0.0020303 -0.000292159 -0.00203029 0.999998 0.0047975 0.0459239 0.206752
FixedParameters: 0 0 0

#Transform 94
Transform: AffineTransform_float_3_3
Parameters: 1 0.000217675 0.000182927 -0.000217477 0.999997 0.00234205 -0.00018254 -0.00234209 0.999997 0.000440141 0.0841263 0.205404
FixedParameters: 0 0 0

#Transform 95
Transform: AffineTransform_float_3_3
Parameters: 1 8.76373e-05 0.00024904 -8.77203e-05 0.999997 0.00215475 -0.00024925 -0.00215476 0.999997 0.00249307 0.0376409 0.219847
FixedParameters: 0 0 0

#Transform 96
Transform: AffineTransform_float_3_3
Parameters: 1 9.45304e-05 0.000308845 -9.57072e-05 0.999998 0.00221372 -0.000308559 -0.00221378 0.999998 0.00663939 0.0736914 0.199352
FixedParameters: 0 0 0

#Transform 97
Transform: AffineTransform_float_3_3
Parameters: 1 0.000122487 0.000320377 -0.000123311 0.999997 0.00236584 -0.000319065 -0.00236593 0.999997 0.00564692 0.0587229 0.230295
FixedParameters: 0 0 0

#Transform 98
Transform: AffineTransform_float_3_3
Parameters: 1 0.000120643 0.000526587 -0.000122051 0.999997 0.0023373 -0.000526653 -0.00233739 0.999997 -0.000954677 0.062538 0.208479
FixedParameters: 0 0 0

#Transform 99
Transform: AffineTransform_float_3_3
Parameters: 1 0.000120448 0.00036309 -0.000121113 0.999997 0.00236653 -0.000363152 -0.00236658 0.999997 0.00411995 0.0438756 0.23611
FixedParameters: 0 0 0

#Transform 100
Transform: AffineTransform_float_3_3
Parameters: 1 0.000134591 0.000499515 -0.00013637 0.999998 0.0019085 -0.000499088 -0.00190863 0.999998 0.00190048 0.0443349 0.226348
FixedParameters: 0 0 0

#Transform 101
Transform: AffineTransform_float_3_3
Parameters: 1 0.000137378 0.000358229 -0.000138403 0.999997 0.00239732 -0.000356838 -0.00239743 0.999997 0.0061717 0.0839519 0.219873
FixedParameters: 0 0 0

#Transform 102
Transform: AffineTransform_float_3_3
Parameters: 1 0.000166329 0.00038915 -0.000167084 0.999998 0.00232462 -0.000389008 -0.00232471 0.999997 0.00464041 0.0565178 0.233574
FixedParameters: 0 0 0

#Transform 103
Transform: AffineTransform_float_3_3
Parameters: 1 0.000202723 0.000478855 -0.000203891 0.999998 0.00232092 -0.000478544 -0.00232107 0.999997 0.00459281 0.0788767 0.211001
FixedParameters: 0 0 0

#Transform 104
Transform: AffineTransform_float_3_3
Parameters: 1 0.00022772 0.000476483 -0.000229135 0.999996 0.00258905 -0.00047594 -0.00258837 0.999997 0.00428201 0.0791492 0.241176
FixedParameters: 0 0 0

#Transform 105
Transform: AffineTransform_float_3_3
Parameters: 1 0.000297228 0.000321209 -0.000297733 0.999997 0.00242988 -0.000320396 -0.00243003 0.999997 0.00776549 0.0643227 0.221631
FixedParameters: 0 0 0

#Transform 106
Transform: AffineTransform_float_3_3
Parameters: 1 0.000352641 0.000415346 -0.000353 0.999996 0.00281991 -0.000414531 -0.00282012 0.999996 0.0020737 0.0875087 0.215586
FixedParameters: 0 0 0

#Transform 107
Transform: AffineTransform_float_3_3
Parameters: 1 0.000352483 0.000415122 -0.000352819 0.999996 0.00281266 -0.000414279 -0.00281238 0.999995 0.00627426 0.0600126 0.236256
FixedParameters: 0 0 0

#Transform 108
Transform: AffineTransform_float_3_3
Parameters: 1 0.000356174 0.000420479 -0.000356699 0.999995 0.00298021 -0.000419537 -0.00297957 0.999996 0.00433857 0.0500871 0.18871
FixedParameters: 0 0 0

#Transform 109
Transform: AffineTransform_float_3_3
Parameters: 1 0.000368619 0.000438457 -0.000369611 0.999993 0.00354034 -0.000437109 -0.00354059 0.999993 0.00624772 0.0409169 0.210082
FixedParameters: 0 0 0

#Transform 110
Transform: AffineTransform_float_3_3
Parameters: 0.999999 0.000574188 0.000603324 -0.000577056 0.999992 0.00376946 -0.000601161 -0.00377006 0.999992 0.00386012 0.106721 0.163537
FixedParameters: 0 0 0

#Transform 111
Transform: AffineTransform_float_3_3
Parameters: 0.999999 0.000572338 0.000596624 -0.00057454 0.999993 0.00367366 -0.000593721 -0.00367427 0.999993 0.00310246 0.0782555 0.1855
FixedParameters: 0 0 0

#Transform 112
Transform: AffineTransform_float_3_3
Parameters: 0.999999 0.000639969 0.000585188 -0.000642429 0.999993 0.00348331 -0.000582852 -0.00348397 0.999993 0.0028996 0.0658794 0.201734
FixedParameters: 0 0 0

#Transform 113
Transform: AffineTransform_float_3_3
Parameters: 0.999999 0.000632592 0.00055668 -0.000633878 0.999994 0.00339611 -0.000554972 -0.00339619 0.999994 0.00320291 0.0582783 0.209635
FixedParameters: 0 0 0

#Transform 114
Transform: AffineTransform_float_3_3
Parameters: 0.999999 0.000577159 0.000619137 -0.00057936 0.999995 0.00302932 -0.000617719 -0.00302994 0.999995 0.00877311 0.0206013 0.20131
FixedParameters: 0 0 0

#Transform 115
Transform: AffineTransform_float_3_3
Parameters: 1 0.000520352 0.000534309 -0.000522324 0.999994 0.003293 -0.000532969 -0.0032926 0.999995 0.00579844 0.0536684 0.235295
FixedParameters: 0 0 0

#Transform 116
Transform: AffineTransform_float_3_3
Parameters: 0.999999 0.000802218 0.00039529 -0.000803672 0.999995 0.00319327 -0.000393079 -0.00319329 0.999994 0.0131135 0.0713765 0.180437
FixedParameters: 0 0 0

#Transform 117
Transform: AffineTransform_float_3_3
Parameters: 0.999999 0.000786375 0.000621135 -0.000788857 0.999994 0.00324702 -0.000618113 -0.00324703 0.999995 0.00849941 0.0918126 0.2232
FixedParameters: 0 0 0

#Transform 118
Transform: AffineTransform_float_3_3
Parameters: 1 0.000484367 0.000458491 -0.000486302 0.999996 0.00278844 -0.000457328 -0.00278883 0.999996 0.0147564 0.0704767 0.220127
FixedParameters: 0 0 0

#Transform 119
Transform: AffineTransform_float_3_3
Parameters: 0.999999 0.000606588 0.000544357 -0.000608582 0.999994 0.00325366 -0.000542496 -0.00325337 0.999995 0.00563652 0.101916 0.199534
FixedParameters: 0 0 0

#Transform 120
Transform: AffineTransform_float_3_3
Parameters: 0.999999 0.000709078 0.00037646 -0.000709805 0.999995 0.00302715 -0.00037425 -0.00302759 0.999996 0.011158 0.0618337 0.222234
FixedParameters: 0 0 0

#Transform 121
Transform: AffineTransform_float_3_3
Parameters: 0.999999 0.000612913 0.000545348 -0.00061491 0.999994 0.00325305 -0.00054344 -0.00325362 0.999994 0.00390023 0.0840588 0.197888
FixedParameters: 0 0 0

#Transform 122
Transform: AffineTransform_float_3_3
Parameters: 1 0.000473156 0.000358369 -0.00047382 0.999995 0.00308617 -0.000357532 -0.00308642 0.999995 0.0129646 0.0335958 0.234574
FixedParameters: 0 0 0

#Transform 123
Transform: AffineTransform_float_3_3
Parameters: 0.999999 0.000839536 0.000415799 -0.000841122 0.999995 0.00325205 -0.00041333 -0.00325263 0.999995 0.0129985 0.0760541 0.192735
FixedParameters: 0 0 0

#Transform 124
Transform: AffineTransform_float_3_3
Parameters: 0.999999 0.000679488 0.00048918 -0.000680764 0.999996 0.00282501 -0.000487378 -0.00282558 0.999996 0.000495931 0.0671121 0.285854
FixedParameters: 0 0 0

#Transform 125
Transform: AffineTransform_float_3_3
Parameters: 0.999999 0.000784671 0.000647052 -0.00078641 0.999996 0.00244416 -0.000645208 -0.00244509 0.999997 0.01039 0.0376418 0.2396
FixedParameters: 0 0 0

#Transform 126
Transform: AffineTransform_float_3_3
Parameters: 0.999999 0.000833985 0.00041006 -0.000834647 0.999996 0.00262188 -0.000407725 -0.00262247 0.999997 0.006107 0.0897405 0.24626
FixedParameters: 0 0 0

#Transform 127
Transform: AffineTransform_float_3_3
Parameters: 0.999999 0.00086705 0.000468224 -0.000868016 0.999996 0.00256736 -0.000465737 -0.00256672 0.999996 0.00272358 0.0772407 0.250553
FixedParameters: 0 0 0

#Transform 128
Transform: AffineTransform_float_3_3
Parameters: 1 0.000994525 0.000691512 -0.000995693 0.999997 0.00246306 -0.000689029 -0.00246295 0.999997 0.00847552 0.0453563 0.231065
FixedParameters: 0 0 0

#Transform 129
Transform: AffineTransform_float_3_3
Parameters: 1 0.000559185 0.000436102 -0.000561009 0.999996 0.00280646 -0.000434502 -0.00280689 0.999996 0.00917186 0.0488434 0.278899
FixedParameters: 0 0 0

#Transform 130
Transform: AffineTransform_float_3_3
Parameters: 0.999999 0.000767782 0.000571166 -0.000769472 0.999996 0.00279704 -0.000568872 -0.00279733 0.999995 0.00374474 0.0946266 0.196784
FixedParameters: 0 0 0

#Transform 131
Transform: AffineTransform_float_3_3
Parameters: 0.999999 0.000896494 0.000517384 -0.000897971 0.999996 0.00293019 -0.000514212 -0.00293102 0.999996 0.00524916 0.0958323 0.238834
FixedParameters: 0 0 0

#Transform 132
Transform: AffineTransform_float_3_3
Parameters: 0.999999 0.000865629 0.000464716 -0.000866673 0.999996 0.00272645 -0.000462033 -0.00272716 0.999996 0.0138909 0.0825865 0.213739
FixedParameters: 0 0 0

#Transform 133
Transform: AffineTransform_float_3_3
Parameters: 0.999999 0.000750045 0.000534114 -0.000751546 0.999996 0.00279891 -0.000531952 -0.00279962 0.999996 0.00221248 0.0713999 0.258507
FixedParameters: 0 0 0

#Transform 134
Transform: AffineTransform_float_3_3
Parameters: 0.999999 0.000785765 0.000580447 -0.000787506 0.999996 0.00279633 -0.000578053 -0.00279664 0.999995 0.0085623 0.0657213 0.218296
FixedParameters: 0 0 0

#Transform 135
Transform: AffineTransform_float_3_3
Parameters: 1 0.000953262 0.000615397 -0.000955304 0.999994 0.00316429 -0.000612769 -0.00316446 0.999995 0.00357347 0.0847824 0.249954
FixedParameters: 0 0 0

#Transform 136
Transform: AffineTransform_float_3_3
Parameters: 0.999999 0.00069224 0.000571463 -0.000694064 0.999995 0.00289454 -0.000569498 -0.00289437 0.999996 0.00725697 0.0421716 0.229057
FixedParameters: 0 0 0

#Transform 137
Transform: AffineTransform_float_3_3
Parameters: 0.999999 0.000910379 0.000541407 -0.000911682 0.999995 0.00297412 -0.000539437 -0.00297496 0.999996 0.00432813 0.0858167 0.251963
FixedParameters: 0 0 0

#Transform 138
Transform: AffineTransform_float_3_3
Parameters: 0.999999 0.000866464 0.000465956 -0.000867534 0.999996 0.00276417 -0.000463169 -0.00276438 0.999996 0.0156202 0.0580308 0.228373
FixedParameters: 0 0 0

#Transform 139
Transform: AffineTransform_float_3_3
Parameters: 1 0.000938528 0.0005901 -0.000940293 0.999995 0.00308071 -0.00058768 -0.00308117 0.999995 0.00401943 0.0944269 0.257817
FixedParameters: 0 0 0

#Transform 140
Transform: AffineTransform_float_3_3
Parameters: 0.999999 0.000868076 0.000468336 -0.000869243 0.999995 0.00283736 -0.000465447 -0.00283808 0.999996 0.00520098 0.0708978 0.230769
FixedParameters: 0 0 0

#Transform 141
Transform: AffineTransform_float_3_3
Parameters: 0.999999 0.000871942 0.000473989 -0.000873242 0.999995 0.00301123 -0.00047082 -0.00301196 0.999996 0.0130588 0.0775206 0.265118
FixedParameters: 0 0 0

#Transform 142
Transform: AffineTransform_float_3_3
Parameters: 0.999999 0.000832278 0.000605692 -0.000833571 0.999995 0.00307667 -0.000603115 -0.00307704 0.999995 0.00336227 0.110416 0.243465
FixedParameters: 0 0 0

#Transform 143
Transform: AffineTransform_float_3_3
Parameters: 0.999999 0.000789371 0.000329789 -0.000789786 0.999995 0.0029848 -0.000327161 -0.00298522 0.999996 0.00993198 0.0484636 0.247038
FixedParameters: 0 0 0

#Transform 144
Transform: AffineTransform_float_3_3
Parameters: 0.999999 0.000882519 0.000492052 -0.000883982 0.999995 0.0030852 -0.000488653 -0.00308547 0.999995 0.00583114 0.103618 0.240971
FixedParameters: 0 0 0

#Transform 145
Transform: AffineTransform_float_3_3
Parameters: 0.999999 0.000817491 0.000379899 -0.000818662 0.999995 0.0028424 -0.000378155 -0.00284291 0.999996 0.01131 0.0535941 0.255142
FixedParameters: 0 0 0

#Transform 146
Transform: AffineTransform_float_3_3
Parameters: 1 0.000998639 0.000694964 -0.00100063 0.999994 0.00312618 -0.000691251 -0.00312744 0.999995 0.00338748 0.0956298 0.230593
FixedParameters: 0 0 0

#Transform 147
Transform: AffineTransform_float_3_3
Parameters: 0.999999 0.000839372 0.000416582 -0.000840875 0.999995 0.00308865 -0.000414309 -0.00308873 0.999995 0.00980783 0.0399047 0.257094
FixedParameters: 0 0 0

#Transform 148
Transform: AffineTransform_float_3_3
Parameters: 0.999999 0.000936748 0.000586221 -0.000938587 0.999994 0.00320266 -0.000583671 -0.00320274 0.999995 0.00452961 0.0996834 0.241902
FixedParameters: 0 0 0

#Transform 149
Transform: AffineTransform_float_3_3
Parameters: 0.999999 0.000849803 0.000434144 -0.000851026 0.999994 0.00320118 -0.000430786 -0.00320182 0.999995 0.00487716 0.0607936 0.25687
FixedParameters: 0 0 0

#Transform 150
Transform: AffineTransform_float_3_3
Parameters: 0.999999 0.00089264 0.00050996 -0.000894695 0.999995 0.00304859 -0.000507462 -0.00304939 0.999995 0.00483939 0.0780787 0.236292
FixedParameters: 0 0 0

#Transform 151
Transform: AffineTransform_float_3_3
Parameters: 0.999999 0.000794844 0.000337829 -0.000795455 0.999994 0.00323135 -0.000334741 -0.00323129 0.999994 0.0061323 0.0677433 0.265168
FixedParameters: 0 0 0

#Transform 152
Transform: AffineTransform_float_3_3
Parameters: 1 0.00095637 0.000621936 -0.000958205 0.999995 0.00296542 -0.000619661 -0.00296647 0.999996 0.00382496 0.0944309 0.246004
FixedParameters: 0 0 0

#Transform 153
Transform: AffineTransform_float_3_3
Parameters: 0.999999 0.000904944 0.000530986 -0.000905852 0.999994 0.00313372 -0.000527894 -0.00313455 0.999995 0.00173104 0.099737 0.271961
FixedParameters: 0 0 0

#Transform 154
Transform: AffineTransform_float_3_3
Parameters: 0.999999 0.000868889 0.000469544 -0.00087008 0.999995 0.00287408 -0.000466552 -0.0028743 0.999995 0.00922447 0.0593253 0.244206
FixedParameters: 0 0 0

#Transform 155
Transform: AffineTransform_float_3_3
Parameters: 0.999999 0.000874695 0.000478068 -0.000876138 0.999994 0.00313613 -0.000474662 -0.00313687 0.999995 0.00091333 0.098192 0.278242
FixedParameters: 0 0 0

#Transform 156
Transform: AffineTransform_float_3_3
Parameters: 0.999999 0.000951326 0.000495256 -0.000952512 0.999994 0.00313381 -0.000492738 -0.0031346 0.999995 0.00615698 0.0913306 0.238291
FixedParameters: 0 0 0

#Transform 157
Transform: AffineTransform_float_3_3
Parameters: 1 0.00102214 0.000549311 -0.00102391 0.999994 0.00336259 -0.000545879 -0.00336356 0.999994 -0.000157593 0.0869885 0.28308
FixedParameters: 0 0 0

#Transform 158
Transform: AffineTransform_float_3_3
Parameters: 0.999999 0.000873261 0.000475948 -0.000874612 0.999995 0.00307093 -0.000472631 -0.00307116 0.999995 0.00469984 0.0706841 0.253662
FixedParameters: 0 0 0

#Transform 159
Transform: AffineTransform_float_3_3
Parameters: 0.999999 0.00100105 0.000498082 -0.00100243 0.999994 0.00339053 -0.000494748 -0.00339087 0.999994 0.000462625 0.100821 0.268396
FixedParameters: 0 0 0

#Transform 160
Transform: AffineTransform_float_3_3
Parameters: 0.999999 0.000880642 0.000319912 -0.000881508 0.999995 0.00302781 -0.000317493 -0.00302776 0.999995 0.00584173 0.0537849 0.263846
FixedParameters: 0 0 0

#Transform 161
Transform: AffineTransform_float_3_3
Parameters: 1 0.000995811 0.000525515 -0.000997405 0.999994 0.00334496 -0.000522297 -0.00334586 0.999994 -0.0021427 0.112105 0.264229
FixedParameters: 0 0 0

#Transform 162
Transform: AffineTransform_float_3_3
Parameters: 0.999999 0.000873132 0.000475751 -0.000874493 0.999995 0.00306518 -0.00047248 -0.00306592 0.999995 0.00315408 0.0791241 0.264856
FixedParameters: 0 0 0

#Transform 163
Transform: AffineTransform_float_3_3
Parameters: 0.999999 0.0011927 0.000511269 -0.00119332 0.999994 0.00335067 -0.000507185 -0.00335121 0.999994 0.00164539 0.114344 0.276203
FixedParameters: 0 0 0

#Transform 164
Transform: AffineTransform_float_3_3
Parameters: 1 0.0010177 0.000548454 -0.00101929 0.999995 0.00321136 -0.000545326 -0.00321182 0.999995 0.00266435 0.0670569 0.284101
FixedParameters: 0 0 0

#Transform 165
Transform: AffineTransform_float_3_3
Parameters: 0.999999 0.00115069 0.000622638 -0.00115306 0.999993 0.00344771 -0.000618151 -0.00344813 0.999994 0.00436665 0.101366 0.263916
FixedParameters: 0 0 0

#Transform 166
Transform: AffineTransform_float_3_3
Parameters: 1 0.00109597 0.000646654 -0.0010983 0.999994 0.00328763 -0.000642888 -0.0032889 0.999995 0.00164989 0.0779547 0.300844
FixedParameters: 0 0 0

#Transform 167
Transform: AffineTransform_float_3_3
Parameters: 0.999999 0.00114126 0.000628295 -0.0011428 0.999993 0.00345352 -0.000624325 -0.0034534 0.999994 -0.00132254 0.111201 0.291671
FixedParameters: 0 0 0

#Transform 168
Transform: AffineTransform_float_3_3
Parameters: 0.999999 0.000924491 0.000517029 -0.000925275 0.999994 0.0030977 -0.000513881 -0.00309852 0.999995 0.00170947 0.0360196 0.254569
FixedParameters: 0 0 0

#Transform 169
Transform: AffineTransform_float_3_3
Parameters: 0.999999 0.000919657 0.000386531 -0.000921371 0.999989 0.0045572 -0.000382726 -0.00455773 0.99999 0.0223983 0.0234233 0.200773
FixedParameters: 0 0 0

#Transform 170
Transform: AffineTransform_float_3_3
Parameters: 0.999999 0.00117263 0.000722701 -0.00117495 0.99999 0.00432796 -0.000717129 -0.00432892 0.99999 0.0075996 0.154745 0.137389
FixedParameters: 0 0 0

#Transform 171
Transform: AffineTransform_float_3_3
Parameters: 0.999998 0.00175958 0.00114257 -0.00176392 0.999989 0.00430046 -0.00113516 -0.00430225 0.99999 -0.0162285 0.102914 0.229068
FixedParameters: 0 0 0

#Transform 172
Transform: AffineTransform_float_3_3
Parameters: 0.999998 0.00158403 0.000836193 -0.00158695 0.999991 0.00397735 -0.000830351 -0.00397921 0.999992 -0.0121753 0.105875 0.252828
FixedParameters: 0 0 0

#Transform 173
Transform: AffineTransform_float_3_3
Parameters: 0.999999 0.00162991 0.00105138 -0.00163396 0.999991 0.00409039 -0.00104523 -0.00409162 0.999991 -0.00667016 0.0770296 0.254892
FixedParameters: 0 0 0

#Transform 174
Transform: AffineTransform_float_3_3
Parameters: 0.999999 0.00166569 0.000979668 -0.00166842 0.99999 0.00392607 -0.000972896 -0.00392766 0.999992 -0.00600937 0.0543528 0.265999
FixedParameters: 0 0 0

#Transform 175
Transform: AffineTransform_float_3_3
Parameters: 0.999999 0.00158683 0.00103619 -0.00159046 0.999991 0.00369883 -0.00103022 -0.00370048 0.999992 -0.00342427 0.0262782 0.258866
FixedParameters: 0 0 0

#Transform 176
Transform: AffineTransform_float_3_3
Parameters: 0.999998 0.00142388 0.00102622 -0.00142766 0.999992 0.00386713 -0.00102106 -0.00386841 0.999992 0.00673782 0.0239499 0.309371
FixedParameters: 0 0 0

#Transform 177
Transform: AffineTransform_float_3_3
Parameters: 0.999998 0.00171039 0.00105753 -0.00171436 0.99999 0.00401948 -0.00105099 -0.0040214 0.999992 -0.000548765 0.112666 0.265053
FixedParameters: 0 0 0

#Transform 178
Transform: AffineTransform_float_3_3
Parameters: 0.999998 0.00143283 0.000889497 -0.00143696 0.999989 0.00449351 -0.000883463 -0.00449526 0.999989 -0.000867597 0.0811967 0.296516
FixedParameters: 0 0 0

#Transform 179
Transform: AffineTransform_float_3_3
Parameters: 0.999998 0.00161629 0.000889729 -0.00161976 0.999988 0.00461852 -0.000882114 -0.0046192 0.999989 9.46019e-05 0.158976 0.275486
FixedParameters: 0 0 0

#Transform 180
Transform: AffineTransform_float_3_3
Parameters: 0.999998 0.00148259 0.000905176 -0.00148738 0.99999 0.00427163 -0.000898807 -0.00427356 0.99999 -0.00330515 0.113305 0.263822
FixedParameters: 0 0 0

#Transform 181
Transform: AffineTransform_float_3_3
Parameters: 0.999998 0.00164342 0.000937094 -0.00164733 0.999988 0.00465691 -0.000929137 -0.00465865 0.999988 -0.00551671 0.135186 0.272372
FixedParameters: 0 0 0

#Transform 182
Transform: AffineTransform_float_3_3
Parameters: 0.999999 0.00163803 0.000928937 -0.00164161 0.999989 0.00441154 -0.000921708 -0.00441238 0.999989 -0.00298056 0.0989191 0.284308
FixedParameters: 0 0 0

#Transform 183
Transform: AffineTransform_float_3_3
Parameters: 0.999998 0.00171754 0.00096577 -0.00172202 0.999987 0.00477198 -0.00095672 -0.0047736 0.999988 -0.00549115 0.111469 0.296186
FixedParameters: 0 0 0

#Transform 184
Transform: AffineTransform_float_3_3
Parameters: 0.999998 0.00186344 0.0010844 -0.00186783 0.999989 0.00432298 -0.00107687 -0.00432476 0.99999 -0.0160511 0.101454 0.302904
FixedParameters: 0 0 0

#Transform 185
Transform: AffineTransform_float_3_3
Parameters: 0.999999 0.00162693 0.000911875 -0.00163043 0.999991 0.00389994 -0.000905824 -0.00390075 0.999992 -0.00577323 0.044231 0.328553
FixedParameters: 0 0 0

#Transform 186
Transform: AffineTransform_float_3_3
Parameters: 0.999998 0.0018912 0.00097827 -0.00189522 0.99999 0.00416232 -0.000970606 -0.00416467 0.999991 -0.0108167 0.121418 0.311006
FixedParameters: 0 0 0

#Transform 187
Transform: AffineTransform_float_3_3
Parameters: 0.999997 0.00199811 0.0010002 -0.00200231 0.999989 0.00416107 -0.000991649 -0.00416371 0.999991 -0.00323882 0.109282 0.292395
FixedParameters: 0 0 0

#Transform 188
Transform: AffineTransform_float_3_3
Parameters: 0.999999 0.00164094 0.000898582 -0.00164413 0.999991 0.00378379 -0.000892831 -0.00378594 0.999992 -0.000442541 0.0648536 0.299933
FixedParameters: 0 0 0

#Transform 189
Transform: AffineTransform_float_3_3
Parameters: 0.999998 0.00171922 0.000988952 -0.00172314 0.999989 0.00431756 -0.000981329 -0.00431876 0.99999 -0.00707595 0.129877 0.296149
FixedParameters: 0 0 0
