#Insight Transform File V1.0
#Transform 0
Transform: AffineTransform_float_3_3
Parameters: 1 -0.00047385 -1.22546e-06 0.000473851 0.999999 0.000748303 5.16297e-07 -0.000748304 0.999999 0.0156615 -0.125415 0.0676812
FixedParameters: 0 0 0

#Transform 1
Transform: AffineTransform_float_3_3
Parameters: 1 -0.000253425 0.000146894 0.000253419 1 2.21269e-05 -0.000146905 -2.20525e-05 1 0.0169676 -0.108712 -0.00942661
FixedParameters: 0 0 0

#Transform 2
Transform: AffineTransform_float_3_3
Parameters: 1 -0.000378183 0.000249627 0.000377823 0.999999 0.000721265 -0.000250173 -0.000721076 0.999999 0.0125757 -0.121895 0.0402553
FixedParameters: 0 0 0

#Transform 3
Transform: AffineTransform_float_3_3
Parameters: 1 -0.000308913 -6.89993e-05 0.000309042 0.999999 0.000940851 6.84179e-05 -0.000940893 0.999999 0.0201957 -0.0880276 0.0245483
FixedParameters: 0 0 0

#Transform 4
Transform: AffineTransform_float_3_3
Parameters: 1 -0.00030133 9.11902e-05 0.000301264 1 0.000357215 -9.14054e-05 -0.00035716 1 0.0121857 -0.13451 0.00384756
FixedParameters: 0 0 0

#Transform 5
Transform: AffineTransform_float_3_3
Parameters: 1 -0.000317576 0.000199202 0.000317429 1 0.000369203 -0.000199436 -0.000369077 1 0.00833709 -0.109684 0.00335295
FixedParameters: 0 0 0

#Transform 6
Transform: AffineTransform_float_3_3
Parameters: 1 -0.000329236 0.000110325 0.000329023 0.999999 0.00094812 -0.000110955 -0.000947182 1 0.0163517 -0.108827 0.0232139
FixedParameters: 0 0 0

#Transform 7
Transform: AffineTransform_float_3_3
Parameters: 1 -0.000285609 0.00020118 0.000285275 0.999999 0.000828754 -0.000201653 -0.000828639 0.999999 0.0127134 -0.131875 0.000318436
FixedParameters: 0 0 0

#Transform 8
Transform: AffineTransform_float_3_3
Parameters: 1 -0.000210589 0.000146958 0.000210419 1 0.000578566 -0.000147202 -0.000578504 1 0.00837142 -0.152613 0.0614365
FixedParameters: 0 0 0

#Transform 9
Transform: AffineTransform_float_3_3
Parameters: 1 -0.000150861 0.000131321 0.000150599 0.999999 0.000999017 -0.000131622 -0.000998977 0.999999 0.0192721 -0.0533247 0.0374659
FixedParameters: 0 0 0

#Transform 10
Transform: AffineTransform_float_3_3
Parameters: 1 9.18335e-05 0.000588628 -9.24912e-05 1 0.000558637 -0.000588525 -0.000558745 0.999999 -0.0170918 -0.0698349 0.0728589
FixedParameters: 0 0 0

#Transform 11
Transform: AffineTransform_float_3_3
Parameters: 1 -0.000359148 -0.000166907 0.000359976 0.999999 0.000997537 0.000167049 -0.000996808 1 0.00200893 -0.100918 0.0618188
FixedParameters: 0 0 0

#Transform 12
Transform: AffineTransform_float_3_3
Parameters: 1 -0.000324746 -0.000261882 0.000325534 1 0.000551979 0.000262389 -0.000552166 1 0.0120475 -0.113333 0.0402828
FixedParameters: 0 0 0

#Transform 13
Transform: AffineTransform_float_3_3
Parameters: 1 -2.62581e-05 -0.000295886 2.68281e-05 0.999999 0.000970133 0.000295828 -0.000969284 1 0.00874251 -0.0739971 0.0351092
FixedParameters: 0 0 0

#Transform 14
Transform: AffineTransform_float_3_3
Parameters: 1 -2.6222e-05 4.725e-05 2.6154e-05 0.999999 0.00071964 -4.72877e-05 -0.000719638 0.999999 0.00227634 -0.104564 0.040583
FixedParameters: 0 0 0

#Transform 15
Transform: AffineTransform_float_3_3
Parameters: 1 -0.000238246 -0.000112799 0.000238407 0.999999 0.000713468 0.000112459 -0.000713522 0.999999 0.00973346 -0.125839 0.0800752
FixedParameters: 0 0 0

#Transform 16
Transform: AffineTransform_float_3_3
Parameters: 1 0.000256826 8.41303e-05 -0.000256947 0.999999 0.000717056 -8.37618e-05 -0.000717099 0.999999 0.0109515 -0.082657 0.0774766
FixedParameters: 0 0 0

#Transform 17
Transform: AffineTransform_float_3_3
Parameters: 1 -0.000106531 0.000350124 0.00010643 0.999999 0.000834233 -0.000349472 -0.000834676 1 -0.00465125 -0.128351 0.0788056
FixedParameters: 0 0 0

#Transform 18
Transform: AffineTransform_float_3_3
Parameters: 1 -0.000113638 0.000102944 0.000113464 0.999999 0.00084195 -0.000103136 -0.000841927 0.999999 0.00715095 -0.106569 0.0228318
FixedParameters: 0 0 0

#Transform 19
Transform: AffineTransform_float_3_3
Parameters: 1 -0.000234916 8.08533e-05 0.000235222 0.999998 0.00158196 -8.07764e-05 -0.00158194 0.999999 0.00719454 -0.134968 0.0670925
FixedParameters: 0 0 0

#Transform 20
Transform: AffineTransform_float_3_3
Parameters: 1 -0.000319631 -0.000255765 0.000320083 0.999999 0.000884912 0.000255199 -0.000885075 0.999999 0.0139936 -0.0311923 -0.00617605
FixedParameters: 0 0 0

#Transform 21
Transform: AffineTransform_float_3_3
Parameters: 1 -0.000304821 -0.000222716 0.000304823 1 3.88106e-06 0.000222714 -4.01684e-06 1 0.0126167 -0.091216 0.00784693
FixedParameters: 0 0 0

#Transform 22
Transform: AffineTransform_float_3_3
Parameters: 1 -0.000211744 -6.15192e-05 0.00021175 1 5.57637e-05 6.14956e-05 -5.57898e-05 1 0.0100601 -0.0924728 -0.0094582
FixedParameters: 0 0 0

#Transform 23
Transform: AffineTransform_float_3_3
Parameters: 1 -0.0001353 -6.55651e-05 0.000135316 1 0.000123219 6.55317e-05 -0.000123237 1 0.00675956 -0.0950267 0.0197893
FixedParameters: 0 0 0

#Transform 24
Transform: AffineTransform_float_3_3
Parameters: 1 0.000244244 0.000284855 -0.000244324 1 0.000140491 -0.000284786 -0.00014063 1 -0.0189476 -0.0827292 0.0188813
FixedParameters: 0 0 0

#Transform 25
Transform: AffineTransform_float_3_3
Parameters: 1 0.000310979 0.000133481 -0.000311121 1 0.000530106 -0.000133152 -0.000530189 1 -0.00617724 -0.0866763 0.0628125
FixedParameters: 0 0 0

#Transform 26
Transform: AffineTransform_float_3_3
Parameters: 1 0.000183085 -1.90708e-05 -0.000183083 1 4.55047e-05 1.90874e-05 -4.54977e-05 1 -0.00578003 -0.0818949 0.0984868
FixedParameters: 0 0 0

#Transform 27
Transform: AffineTransform_float_3_3
Parameters: 1 -8.18183e-05 -0.000114432 8.18308e-05 1 5.45069e-05 0.000114423 -5.45256e-05 1 0.00304482 -0.0863131 0.102104
FixedParameters: 0 0 0

#Transform 28
Transform: AffineTransform_float_3_3
Parameters: 1 -0.000251079 -0.000127572 0.000251022 1 -0.000224484 0.000127685 0.00022442 1 0.00966499 -0.11803 0.102762
FixedParameters: 0 0 0

#Transform 29
Transform: AffineTransform_float_3_3
Parameters: 1 -0.00025359 -0.000135105 0.000253636 1 0.000170106 0.000135018 -0.000170174 1 0.0103383 -0.0436997 0.084977
FixedParameters: 0 0 0

#Transform 30
Transform: AffineTransform_float_3_3
Parameters: 1 -0.000294497 -0.000204366 0.000294494 1 -4.72131e-05 0.00020443 4.75943e-05 1 0.0128346 -0.0935059 0.0851827
FixedParameters: 0 0 0

#Transform 31
Transform: AffineTransform_float_3_3
Parameters: 1 -9.24801e-05 -0.000110361 9.25332e-05 1 0.000240759 0.000110317 -0.000240779 1 0.0154704 -0.0328385 0.087375
FixedParameters: 0 0 0

#Transform 32
Transform: AffineTransform_float_3_3
Parameters: 1 -0.00017186 7.76108e-06 0.000171859 1 5.26792e-05 -7.77918e-06 -5.26765e-05 1 0.0115265 -0.0723149 0.0729226
FixedParameters: 0 0 0

#Transform 33
Transform: AffineTransform_float_3_3
Parameters: 1 -0.000178437 0.000118332 0.000178354 1 0.000350567 -0.000118457 -0.000350525 1 -0.00743266 -0.0253857 0.0873142
FixedParameters: 0 0 0

#Transform 34
Transform: AffineTransform_float_3_3
Parameters: 1 -0.000215233 -6.75813e-05 0.000215241 1 5.60334e-05 6.75571e-05 -5.60625e-05 1 0.0105135 -0.0563669 0.0746514
FixedParameters: 0 0 0

#Transform 35
Transform: AffineTransform_float_3_3
Parameters: 1 -0.000337532 0.000217497 0.000337304 1 0.000523198 -0.00021785 -0.000523052 1 -0.00676982 -0.0547234 0.0936113
FixedParameters: 0 0 0

#Transform 36
Transform: AffineTransform_float_3_3
Parameters: 1 -0.000129856 8.01792e-05 0.000129836 1 0.000121496 -8.02108e-05 -0.000121475 1 0.00312739 -0.0812882 0.0905906
FixedParameters: 0 0 0

#Transform 37
Transform: AffineTransform_float_3_3
Parameters: 1 8.32509e-05 -2.89531e-05 -8.32264e-05 1 0.00042336 2.90235e-05 -0.000423356 1 -0.00245046 -0.0703189 0.128865
FixedParameters: 0 0 0

#Transform 38
Transform: AffineTransform_float_3_3
Parameters: 1 0.000203421 -7.98075e-05 -0.000203288 0.999999 0.000829582 8.01449e-05 -0.00082955 0.999999 -0.00985701 -0.085143 0.14222
FixedParameters: 0 0 0

#Transform 39
Transform: AffineTransform_float_3_3
Parameters: 1 -1.69933e-05 3.61841e-05 1.69505e-05 1 0.000590685 -3.62042e-05 -0.000590683 1 -0.000172114 -0.105813 0.143798
FixedParameters: 0 0 0

#Transform 40
Transform: AffineTransform_float_3_3
Parameters: 1 -5.66576e-05 0.00020203 5.71788e-05 0.999999 0.000847546 -0.000202624 -0.000847488 0.999999 -0.00845599 -0.0413928 0.110734
FixedParameters: 0 0 0

#Transform 41
Transform: AffineTransform_float_3_3
Parameters: 1 -0.000114694 0.00010146 0.000114532 0.999999 0.000794986 -0.000101642 -0.000794963 0.999999 -0.00856896 -0.0594618 0.137306
FixedParameters: 0 0 0

#Transform 42
Transform: AffineTransform_float_3_3
Parameters: 1 -8.35377e-05 0.00015771 8.38741e-05 1 0.000516303 -0.000156931 -0.000516293 1 -0.00856038 -0.0537195 0.114867
FixedParameters: 0 0 0

#Transform 43
Transform: AffineTransform_float_3_3
Parameters: 1 -5.12988e-05 0.000211232 5.17973e-05 0.999999 0.000864145 -0.000211819 -0.000864088 0.999999 -0.0120743 -0.0249629 0.122438
FixedParameters: 0 0 0

#Transform 44
Transform: AffineTransform_float_3_3
Parameters: 1 -0.000119437 9.47955e-05 0.000119326 1 0.000584146 -9.49349e-05 -0.000584123 1 -0.00821796 -0.0567681 0.125641
FixedParameters: 0 0 0

#Transform 45
Transform: AffineTransform_float_3_3
Parameters: 1 0.000239734 2.30778e-05 -0.000239775 0.999999 0.000886522 -2.26527e-05 -0.000886533 0.999999 -0.0160364 -0.0329066 0.119056
FixedParameters: 0 0 0

#Transform 46
Transform: AffineTransform_float_3_3
Parameters: 1 3.18978e-05 -8.40333e-05 -3.26483e-05 1 0.000673437 8.45741e-05 -0.000673467 1 -0.00516448 -0.100159 0.138543
FixedParameters: 0 0 0

#Transform 47
Transform: AffineTransform_float_3_3
Parameters: 1 0.000186249 -6.61645e-05 -0.000186128 0.999999 0.000913598 6.65047e-05 -0.000913573 0.999999 -0.00141284 -0.0324177 0.131168
FixedParameters: 0 0 0

#Transform 48
Transform: AffineTransform_float_3_3
Parameters: 1 0.000146118 -4.87509e-05 -0.000146041 0.999999 0.00078785 4.89811e-05 -0.000787836 0.999999 -0.00288823 -0.0645944 0.117776
FixedParameters: 0 0 0

#Transform 49
Transform: AffineTransform_float_3_3
Parameters: 1 0.00017779 -6.26044e-05 -0.000177679 0.999999 0.000884652 6.29189e-05 -0.00088463 0.999999 -0.00314447 -0.0615481 0.156564
FixedParameters: 0 0 0

#Transform 50
Transform: AffineTransform_float_3_3
Parameters: 1 0.000286051 -0.000121679 -0.000285751 1 0.000953728 0.000122186 -0.000954522 0.999999 -0.000323507 -0.0506986 0.144758
FixedParameters: 0 0 0

#Transform 51
Transform: AffineTransform_float_3_3
Parameters: 1 0.000290813 -0.000114962 -0.000290481 1 0.001164 0.000115594 -0.00116393 1 -0.0116516 -0.0438503 0.141337
FixedParameters: 0 0 0

#Transform 52
Transform: AffineTransform_float_3_3
Parameters: 1 0.000282227 -0.000127001 -0.000282027 0.999999 0.000787287 0.000127445 -0.000787215 0.999999 -0.00880712 -0.0683413 0.130228
FixedParameters: 0 0 0

#Transform 53
Transform: AffineTransform_float_3_3
Parameters: 1 0.000229344 -8.9719e-05 -0.000229175 0.999999 0.0009404 9.01502e-05 -0.000940359 0.999999 -0.0113793 -0.0501721 0.144349
FixedParameters: 0 0 0

#Transform 54
Transform: AffineTransform_float_3_3
Parameters: 1 0.000379832 4.13385e-05 -0.000379845 1 0.00097741 -4.06342e-05 -0.000978305 0.999999 -0.0188347 -0.0558583 0.134929
FixedParameters: 0 0 0

#Transform 55
Transform: AffineTransform_float_3_3
Parameters: 1 0.000226817 -8.98401e-05 -0.000226654 0.999999 0.000905434 9.02507e-05 -0.000905394 0.999999 -0.0101034 -0.0697704 0.158927
FixedParameters: 0 0 0

#Transform 56
Transform: AffineTransform_float_3_3
Parameters: 1 0.000284088 -0.000124378 -0.000283872 0.999999 0.000869224 0.000124872 -0.000869153 0.999999 -0.0110976 -0.0426601 0.129931
FixedParameters: 0 0 0

#Transform 57
Transform: AffineTransform_float_3_3
Parameters: 1 0.000401352 -0.000181078 -0.000400888 1 0.0011056 0.00018192 -0.00110545 1 -0.0144631 -0.0369188 0.144291
FixedParameters: 0 0 0

#Transform 58
Transform: AffineTransform_float_3_3
Parameters: 1 0.000245259 -0.000190781 -0.000244985 0.999999 0.000719102 0.000191133 -0.000719008 0.999999 -0.00929646 -0.0720514 0.146337
FixedParameters: 0 0 0

#Transform 59
Transform: AffineTransform_float_3_3
Parameters: 1 0.000559912 -4.10816e-05 -0.000560259 0.999999 0.00103403 4.1336e-05 -0.00103483 0.999999 -0.016678 -0.0285956 0.128006
FixedParameters: 0 0 0

#Transform 60
Transform: AffineTransform_float_3_3
Parameters: 1 0.000286913 -0.000120463 -0.000286607 1 0.000991699 0.000120993 -0.000992493 0.999999 -0.0208472 -0.0649668 0.154299
FixedParameters: 0 0 0

#Transform 61
Transform: AffineTransform_float_3_3
Parameters: 1 0.000579999 -0.000278486 -0.000579754 0.999999 0.00121982 0.000278989 -0.00121948 0.999999 -0.0136271 -0.0380754 0.133306
FixedParameters: 0 0 0

#Transform 62
Transform: AffineTransform_float_3_3
Parameters: 1 0.000458263 -0.000216126 -0.000458243 1 0.0010534 0.00021618 -0.00105318 1 -0.0181638 -0.0835683 0.160331
FixedParameters: 0 0 0

#Transform 63
Transform: AffineTransform_float_3_3
Parameters: 1 0.000699818 -4.92394e-05 -0.000700111 0.999998 0.00142988 5.03301e-05 -0.0014298 0.999999 -0.0330342 -0.050331 0.125214
FixedParameters: 0 0 0

#Transform 64
Transform: AffineTransform_float_3_3
Parameters: 0.999999 0.00077332 -0.000230602 -0.000773344 0.999999 0.00088226 0.000231063 -0.00088275 0.999999 -0.0310667 -0.0794153 0.161286
FixedParameters: 0 0 0

#Transform 65
Transform: AffineTransform_float_3_3
Parameters: 0.999999 0.000934851 -0.000485367 -0.000934168 0.999999 0.00115161 0.000486607 -0.00115069 0.999999 -0.0330269 -0.0514707 0.125262
FixedParameters: 0 0 0

#Transform 66
Transform: AffineTransform_float_3_3
Parameters: 1 0.00084117 -0.000438455 -0.000840786 0.999999 0.0010006 0.000439279 -0.00100071 0.999999 -0.0267269 -0.0720588 0.173656
FixedParameters: 0 0 0

#Transform 67
Transform: AffineTransform_float_3_3
Parameters: 1 0.000926884 -0.000484502 -0.000926345 0.999999 0.0010707 0.000485619 -0.00106978 1 -0.0400335 -0.0314696 0.139786
FixedParameters: 0 0 0

#Transform 68
Transform: AffineTransform_float_3_3
Parameters: 1 0.000956548 -0.000380155 -0.000956266 0.999999 0.000998894 0.000381241 -0.000998513 0.999999 -0.0365571 -0.0535695 0.147426
FixedParameters: 0 0 0

#Transform 69
Transform: AffineTransform_float_3_3
Parameters: 0.999999 0.00083167 -0.000451948 -0.000831571 1 0.000586923 0.00045202 -0.000587019 1 -0.0349299 -0.0352407 0.122322
FixedParameters: 0 0 0

#Transform 70
Transform: AffineTransform_float_3_3
Parameters: 1 0.000840663 -0.000439171 -0.000840298 0.999999 0.000978618 0.000439957 -0.000978728 0.999999 -0.032887 -0.0650264 0.172651
FixedParameters: 0 0 0

#Transform 71
Transform: AffineTransform_float_3_3
Parameters: 0.999999 0.000975125 -0.000371098 -0.000974703 0.999999 0.00115299 0.000372435 -0.00115225 1 -0.0377252 -0.036715 0.143107
FixedParameters: 0 0 0

#Transform 72
Transform: AffineTransform_float_3_3
Parameters: 0.999999 0.000922441 -0.00046503 -0.000921469 0.999999 0.00143902 0.000466734 -0.00143901 0.999999 -0.0379656 -0.0693225 0.165152
FixedParameters: 0 0 0

#Transform 73
Transform: AffineTransform_float_3_3
Parameters: 0.999999 0.00089477 -0.000345163 -0.000894519 0.999999 0.000988365 0.000346027 -0.000988594 0.999999 -0.0400035 -0.0694491 0.161858
FixedParameters: 0 0 0

#Transform 74
Transform: AffineTransform_float_3_3
Parameters: 1 0.0011209 -0.000286548 -0.00112009 0.999998 0.00152385 0.000287696 -0.001524 0.999999 -0.0408112 -0.0710902 0.20821
FixedParameters: 0 0 0

#Transform 75
Transform: AffineTransform_float_3_3
Parameters: 0.999999 0.0012233 -0.000184296 -0.00122345 0.999999 0.000910454 0.0001857 -0.000910349 0.999999 -0.0445245 0.0146903 0.166326
FixedParameters: 0 0 0

#Transform 76
Transform: AffineTransform_float_3_3
Parameters: 0.999999 0.0012677 -0.000396742 -0.0012674 0.999998 0.00101223 0.000398441 -0.0010112 1 -0.0497273 -0.0182487 0.186499
FixedParameters: 0 0 0

#Transform 77
Transform: AffineTransform_float_3_3
Parameters: 0.999999 0.000889729 -0.00121172 -0.000884571 0.999991 0.00419747 0.00121503 -0.00419668 0.999991 -0.0472765 -0.110665 -0.0882985
FixedParameters: 0 0 0

#Transform 78
Transform: AffineTransform_float_3_3
Parameters: 0.999999 0.000544443 -0.000687508 -0.000541599 0.999991 0.00404923 0.000689906 -0.004049 0.999992 -0.0369115 -0.0615443 -0.0375881
FixedParameters: 0 0 0

#Transform 79
Transform: AffineTransform_float_3_3
Parameters: 0.999999 0.000322927 -0.000828124 -0.000320017 0.999994 0.00321893 0.000829195 -0.00321893 0.999994 -0.0440989 -0.0184297 0.0112837
FixedParameters: 0 0 0

#Transform 80
Transform: AffineTransform_float_3_3
Parameters: 0.999999 0.000600925 -0.000737195 -0.000599531 0.999998 0.00207539 0.000738323 -0.00207537 0.999997 -0.061214 -0.0478178 0.0383648
FixedParameters: 0 0 0

#Transform 81
Transform: AffineTransform_float_3_3
Parameters: 1 0.000761065 -0.000852256 -0.000759193 0.999997 0.00212093 0.000854127 -0.002121 0.999997 -0.0701011 -0.0658805 0.0477612
FixedParameters: 0 0 0

#Transform 82
Transform: AffineTransform_float_3_3
Parameters: 0.999999 0.00079405 -0.000925056 -0.00079195 0.999997 0.00207754 0.000926998 -0.00207744 0.999997 -0.0736562 -0.0744705 0.061327
FixedParameters: 0 0 0

#Transform 83
Transform: AffineTransform_float_3_3
Parameters: 0.999999 0.000735727 -0.00101835 -0.000734183 0.999998 0.00203053 0.00102052 -0.00202993 0.999997 -0.0708781 -0.0804418 0.0681779
FixedParameters: 0 0 0

#Transform 84
Transform: AffineTransform_float_3_3
Parameters: 0.999999 0.000807734 -0.000968537 -0.000806196 0.999998 0.00172981 0.000970013 -0.00172875 0.999998 -0.0727825 -0.0774369 0.0960648
FixedParameters: 0 0 0

#Transform 85
Transform: AffineTransform_float_3_3
Parameters: 0.999999 0.00079844 -0.00128616 -0.000796454 0.999999 0.00128156 0.00128777 -0.00128089 0.999998 -0.0689391 -0.10579 0.0618542
FixedParameters: 0 0 0

#Transform 86
Transform: AffineTransform_float_3_3
Parameters: 0.999998 0.000706132 -0.00143156 -0.000703554 0.999999 0.0013583 0.00143303 -0.00135766 0.999998 -0.0651313 -0.105809 0.102633
FixedParameters: 0 0 0

#Transform 87
Transform: AffineTransform_float_3_3
Parameters: 0.999999 0.000985131 -0.00152779 -0.000983598 0.999999 0.00112059 0.0015287 -0.00111946 0.999998 -0.079548 -0.0108211 0.0534952
FixedParameters: 0 0 0

#Transform 88
Transform: AffineTransform_float_3_3
Parameters: 0.999998 0.000914544 -0.00136976 -0.000913413 0.999999 0.000916951 0.00137103 -0.000914966 0.999999 -0.0802283 -0.061929 0.0833174
FixedParameters: 0 0 0

#Transform 89
Transform: AffineTransform_float_3_3
Parameters: 0.999998 0.00102715 -0.0013742 -0.0010252 1 0.00087226 0.00137505 -0.000870787 0.999999 -0.0862185 -0.00384867 0.0953738
FixedParameters: 0 0 0

#Transform 90
Transform: AffineTransform_float_3_3
Parameters: 0.999998 0.00124265 -0.00140872 -0.0012413 0.999999 0.000659219 0.00140946 -0.000657934 0.999998 -0.0848117 -0.0298827 0.124271
FixedParameters: 0 0 0

#Transform 91
Transform: AffineTransform_float_3_3
Parameters: 0.999998 0.00126031 -0.00156713 -0.00125873 0.999999 0.000944717 0.00156911 -0.000942152 0.999998 -0.0848149 -0.0604718 0.114935
FixedParameters: 0 0 0

#Transform 92
Transform: AffineTransform_float_3_3
Parameters: 0.999997 0.00121467 -0.00175349 -0.00121329 0.999999 0.000792932 0.00175498 -0.00079056 0.999998 -0.0884655 -0.104204 0.123201
FixedParameters: 0 0 0

#Transform 93
Transform: AffineTransform_float_3_3
Parameters: 0.999997 0.00135324 -0.00168507 -0.00135156 0.999999 0.00079955 0.00168546 -0.000796326 0.999998 -0.0926898 -0.0545703 0.135339
FixedParameters: 0 0 0

#Transform 94
Transform: AffineTransform_float_3_3
Parameters: 0.999997 0.00153924 -0.00187911 -0.00153735 0.999998 0.00100709 0.00188091 -0.00100404 0.999998 -0.0918878 -0.0513058 0.111367
FixedParameters: 0 0 0

#Transform 95
Transform: AffineTransform_float_3_3
Parameters: 0.999998 0.00141781 -0.00155421 -0.00141759 0.999998 0.00051744 0.00155525 -0.000515784 0.999999 -0.087916 -0.0712677 0.132048
FixedParameters: 0 0 0

#Transform 96
Transform: AffineTransform_float_3_3
Parameters: 0.999997 0.00153766 -0.00188013 -0.00153646 0.999999 0.000819997 0.00188135 -0.000816951 0.999998 -0.0865051 -0.0385787 0.12979
FixedParameters: 0 0 0

#Transform 97
Transform: AffineTransform_float_3_3
Parameters: 0.999997 0.00142466 -0.00194417 -0.00142258 0.999999 0.00102163 0.00194578 -0.00101882 0.999998 -0.0910103 -0.0582609 0.120861
FixedParameters: 0 0 0

#Transform 98
Transform: AffineTransform_float_3_3
Parameters: 0.999997 0.00154647 -0.00197559 -0.00154289 0.999998 0.00149455 0.001978 -0.00149116 0.999997 -0.101111 -0.0271823 0.137869
FixedParameters: 0 0 0

#Transform 99
Transform: AffineTransform_float_3_3
Parameters: 0.999997 0.00157003 -0.00217328 -0.00156652 0.999997 0.00167402 0.00217596 -0.00167044 0.999996 -0.111574 -0.0468503 0.106429
FixedParameters: 0 0 0

#Transform 100
Transform: AffineTransform_float_3_3
Parameters: 0.999996 0.00196849 -0.00231977 -0.00196446 0.999997 0.00177305 0.00232328 -0.00176887 0.999996 -0.111771 -0.0156055 0.112683
FixedParameters: 0 0 0

#Transform 101
Transform: AffineTransform_float_3_3
Parameters: 0.999996 0.00175657 -0.00228321 -0.00175313 0.999998 0.00156437 0.00228609 -0.00156046 0.999996 -0.110556 -0.0471067 0.114969
FixedParameters: 0 0 0

#Transform 102
Transform: AffineTransform_float_3_3
Parameters: 0.999995 0.00198741 -0.00237968 -0.00198197 0.999996 0.00202533 0.00238424 -0.00201997 0.999995 -0.115607 -0.0304533 0.0992594
FixedParameters: 0 0 0

#Transform 103
Transform: AffineTransform_float_3_3
Parameters: 0.999996 0.00186769 -0.00209608 -0.00186287 0.999996 0.00225116 0.00210013 -0.0022469 0.999995 -0.105277 -0.0792547 0.119179
FixedParameters: 0 0 0

#Transform 104
Transform: AffineTransform_float_3_3
Parameters: 0.999996 0.00185186 -0.00212743 -0.00184605 0.999995 0.00263685 0.00213328 -0.00263257 0.999994 -0.111923 -0.0307997 0.0996381
FixedParameters: 0 0 0

#Transform 105
Transform: AffineTransform_float_3_3
Parameters: 0.999996 0.00193916 -0.00210372 -0.00193399 0.999995 0.00263426 0.00210916 -0.00262968 0.999994 -0.118809 -0.0408168 0.0960451
FixedParameters: 0 0 0

#Transform 106
Transform: AffineTransform_float_3_3
Parameters: 0.999996 0.00184469 -0.00214065 -0.00183901 0.999994 0.00270874 0.00214583 -0.00270493 0.999994 -0.121 -0.0763201 0.119193
FixedParameters: 0 0 0

#Transform 107
Transform: AffineTransform_float_3_3
Parameters: 0.999996 0.0020554 -0.00203967 -0.0020501 0.999994 0.00285672 0.00204569 -0.00285327 0.999994 -0.117722 -0.0403122 0.109537
FixedParameters: 0 0 0

#Transform 108
Transform: AffineTransform_float_3_3
Parameters: 0.999996 0.00200816 -0.0019942 -0.0020028 0.999994 0.00273649 0.00199901 -0.00273252 0.999994 -0.110061 -0.0583419 0.119217
FixedParameters: 0 0 0

#Transform 109
Transform: AffineTransform_float_3_3
Parameters: 0.999996 0.00196522 -0.00193014 -0.00195977 0.999994 0.00271796 0.00193555 -0.00271393 0.999994 -0.111352 -0.0562009 0.118028
FixedParameters: 0 0 0

#Transform 110
Transform: AffineTransform_float_3_3
Parameters: 0.999997 0.00160074 -0.00174458 -0.0015943 0.999994 0.00325617 0.00174963 -0.00325327 0.999994 -0.103306 -0.0828503 0.131115
FixedParameters: 0 0 0

#Transform 111
Transform: AffineTransform_float_3_3
Parameters: 0.999996 0.00193818 -0.00198072 -0.00193236 0.999993 0.00307375 0.0019869 -0.00307014 0.999994 -0.110911 -0.0255468 0.0814218
FixedParameters: 0 0 0

#Transform 112
Transform: AffineTransform_float_3_3
Parameters: 0.999996 0.0018493 -0.00213482 -0.00184313 0.999994 0.00293463 0.00213995 -0.00293081 0.999994 -0.103765 -0.0894202 0.106634
FixedParameters: 0 0 0

#Transform 113
Transform: AffineTransform_float_3_3
Parameters: 0.999996 0.00187938 -0.00208403 -0.0018727 0.999993 0.00312747 0.00209005 -0.00312371 0.999993 -0.104121 -0.00534369 0.0955688
FixedParameters: 0 0 0

#Transform 114
Transform: AffineTransform_float_3_3
Parameters: 0.999996 0.00213972 -0.00215717 -0.00213374 0.999994 0.00297507 0.00216331 -0.00297075 0.999994 -0.108469 -0.016341 0.08093
FixedParameters: 0 0 0

#Transform 115
Transform: AffineTransform_float_3_3
Parameters: 0.999994 0.00228365 -0.0023137 -0.00227605 0.999992 0.00332475 0.00232051 -0.00331907 0.999992 -0.112779 -0.0283996 0.105469
FixedParameters: 0 0 0

#Transform 116
Transform: AffineTransform_float_3_3
Parameters: 0.999995 0.00220354 -0.00228057 -0.00219566 0.999992 0.00332525 0.00228771 -0.00332011 0.999992 -0.118643 -0.0391227 0.111676
FixedParameters: 0 0 0

#Transform 117
Transform: AffineTransform_float_3_3
Parameters: 0.999995 0.00222473 -0.00241897 -0.0022162 0.999991 0.00355069 0.00242689 -0.00354486 0.999991 -0.116369 -0.0506254 0.137786
FixedParameters: 0 0 0

#Transform 118
Transform: AffineTransform_float_3_3
Parameters: 0.999995 0.00206343 -0.00234162 -0.00205599 0.999993 0.00305092 0.00234762 -0.00304618 0.999992 -0.121473 -0.0608837 0.152434
FixedParameters: 0 0 0

#Transform 119
Transform: AffineTransform_float_3_3
Parameters: 0.999994 0.00224753 -0.00237524 -0.00223985 0.999993 0.00314999 0.0023819 -0.00314509 0.999992 -0.120063 -0.0567102 0.148797
FixedParameters: 0 0 0

#Transform 120
Transform: AffineTransform_float_3_3
Parameters: 0.999995 0.00212702 -0.00225425 -0.00212018 0.999992 0.00322724 0.00226187 -0.00322174 0.999992 -0.117486 -0.0907302 0.154312
FixedParameters: 0 0 0

#Transform 121
Transform: AffineTransform_float_3_3
Parameters: 0.999995 0.00235463 -0.00219049 -0.00234735 0.999991 0.00342177 0.00219819 -0.0034172 0.999992 -0.118005 -0.0329353 0.113773
FixedParameters: 0 0 0

#Transform 122
Transform: AffineTransform_float_3_3
Parameters: 0.999995 0.00186567 -0.00222873 -0.00185856 0.999993 0.00331275 0.00223494 -0.00330853 0.999992 -0.107768 -0.0519519 0.1363
FixedParameters: 0 0 0

#Transform 123
Transform: AffineTransform_float_3_3
Parameters: 0.999995 0.00209587 -0.00202165 -0.00208874 0.999991 0.00354829 0.00202896 -0.00354385 0.999992 -0.111451 -0.0124567 0.0990913
FixedParameters: 0 0 0

#Transform 124
Transform: AffineTransform_float_3_3
Parameters: 0.999995 0.00219632 -0.00218763 -0.00218836 0.99999 0.00387769 0.00219583 -0.00387298 0.99999 -0.107943 -0.0151739 0.130394
FixedParameters: 0 0 0

#Transform 125
Transform: AffineTransform_float_3_3
Parameters: 0.999995 0.00221241 -0.00220188 -0.00220479 0.999991 0.00367668 0.00221022 -0.00367185 0.999991 -0.113612 -0.0294716 0.114628
FixedParameters: 0 0 0

#Transform 126
Transform: AffineTransform_float_3_3
Parameters: 0.999995 0.00223004 -0.0022796 -0.0022215 0.99999 0.00385136 0.00228791 -0.00384659 0.999991 -0.116017 -0.0303127 0.130472
FixedParameters: 0 0 0

#Transform 127
Transform: AffineTransform_float_3_3
Parameters: 0.999996 0.00225276 -0.00201699 -0.00224529 0.99999 0.00375841 0.00202554 -0.0037537 0.99999 -0.109998 -0.0521054 0.129353
FixedParameters: 0 0 0

#Transform 128
Transform: AffineTransform_float_3_3
Parameters: 0.999995 0.00226478 -0.00214371 -0.00225646 0.99999 0.00402125 0.00215309 -0.0040168 0.999989 -0.111462 -0.0140009 0.12533
FixedParameters: 0 0 0

#Transform 129
Transform: AffineTransform_float_3_3
Parameters: 0.999996 0.00202976 -0.00202594 -0.00202188 0.99999 0.00392209 0.00203475 -0.00391794 0.99999 -0.107146 -0.0583039 0.150034
FixedParameters: 0 0 0

#Transform 130
Transform: AffineTransform_float_3_3
Parameters: 0.999995 0.00206615 -0.00209587 -0.0020584 0.999991 0.00376114 0.00210431 -0.00375742 0.999991 -0.104623 -0.0347191 0.139851
FixedParameters: 0 0 0

#Transform 131
Transform: AffineTransform_float_3_3
Parameters: 0.999995 0.00200324 -0.00212029 -0.00199495 0.999991 0.00365661 0.00212738 -0.00365215 0.999991 -0.106921 -0.0636304 0.17856
FixedParameters: 0 0 0

#Transform 132
Transform: AffineTransform_float_3_3
Parameters: 0.999995 0.00218785 -0.00229524 -0.00217958 0.999991 0.00367234 0.00230338 -0.00366722 0.99999 -0.106944 0.000515992 0.120458
FixedParameters: 0 0 0

#Transform 133
Transform: AffineTransform_float_3_3
Parameters: 0.999995 0.00201807 -0.00213068 -0.00200966 0.999991 0.00366441 0.00213794 -0.00365935 0.99999 -0.111019 -0.0344768 0.146937
FixedParameters: 0 0 0

#Transform 134
Transform: AffineTransform_float_3_3
Parameters: 0.999995 0.00225756 -0.00228057 -0.00224926 0.999992 0.00351132 0.002288 -0.0035059 0.999992 -0.115096 0.00736652 0.144128
FixedParameters: 0 0 0

#Transform 135
Transform: AffineTransform_float_3_3
Parameters: 0.999995 0.00230183 -0.00211736 -0.00229468 0.999992 0.00340453 0.00212556 -0.00339918 0.999992 -0.113721 -0.0321572 0.136731
FixedParameters: 0 0 0

#Transform 136
Transform: AffineTransform_float_3_3
Parameters: 0.999995 0.00240481 -0.00226206 -0.0023963 0.99999 0.00386957 0.00227184 -0.00386445 0.99999 -0.113654 -0.0425983 0.159995
FixedParameters: 0 0 0

#Transform 137
Transform: AffineTransform_float_3_3
Parameters: 0.999994 0.00223858 -0.00237116 -0.00223007 0.999991 0.00360709 0.00237935 -0.0036019 0.999991 -0.120577 0.0014516 0.129606
FixedParameters: 0 0 0

#Transform 138
Transform: AffineTransform_float_3_3
Parameters: 0.999995 0.00219227 -0.00227604 -0.00218347 0.99999 0.0037411 0.00228314 -0.00373513 0.999991 -0.118786 -0.0264452 0.169055
FixedParameters: 0 0 0

#Transform 139
Transform: AffineTransform_float_3_3
Parameters: 0.999995 0.00234562 -0.00236274 -0.0023379 0.999991 0.00356736 0.00237073 -0.00356118 0.999991 -0.114649 -0.0289218 0.158812
FixedParameters: 0 0 0

#Transform 140
Transform: AffineTransform_float_3_3
Parameters: 0.999994 0.00238995 -0.00242162 -0.00238107 0.99999 0.00370717 0.00243054 -0.00370136 0.99999 -0.120649 -0.0212698 0.168709
FixedParameters: 0 0 0

#Transform 141
Transform: AffineTransform_float_3_3
Parameters: 0.999995 0.00220468 -0.0023317 -0.00219662 0.999991 0.00340227 0.00233829 -0.00339738 0.999992 -0.123798 -0.0504164 0.17507
FixedParameters: 0 0 0

#Transform 142
Transform: AffineTransform_float_3_3
Parameters: 0.999994 0.0024287 -0.00221858 -0.00242133 0.99999 0.00369244 0.00222769 -0.00368742 0.999991 -0.126156 -0.0167847 0.167719
FixedParameters: 0 0 0

#Transform 143
Transform: AffineTransform_float_3_3
Parameters: 0.999994 0.0022382 -0.00234389 -0.00222935 0.999992 0.00342636 0.00235168 -0.00342164 0.999991 -0.123215 -0.0462587 0.164494
FixedParameters: 0 0 0

#Transform 144
Transform: AffineTransform_float_3_3
Parameters: 0.999994 0.00259497 -0.00235343 -0.00258683 0.99999 0.00374831 0.00236319 -0.0037427 0.99999 -0.119877 -0.0040615 0.1503
FixedParameters: 0 0 0

#Transform 145
Transform: AffineTransform_float_3_3
Parameters: 0.999995 0.00236677 -0.00232564 -0.00235936 0.999991 0.00355966 0.00233374 -0.00355355 0.999991 -0.120874 -0.0240755 0.169582
FixedParameters: 0 0 0

#Transform 146
Transform: AffineTransform_float_3_3
Parameters: 0.999995 0.00243623 -0.00220501 -0.00242918 0.99999 0.00365679 0.00221404 -0.00365181 0.999991 -0.116329 -0.0110612 0.148797
FixedParameters: 0 0 0

#Transform 147
Transform: AffineTransform_float_3_3
Parameters: 0.999995 0.00236636 -0.00232951 -0.00235779 0.99999 0.00387964 0.00233817 -0.00387437 0.99999 -0.118192 0.000326119 0.17207
FixedParameters: 0 0 0

#Transform 148
Transform: AffineTransform_float_3_3
Parameters: 0.999995 0.00236936 -0.00232196 -0.00236152 0.999991 0.00364212 0.00233043 -0.00363689 0.999991 -0.118069 -0.0243394 0.158528
FixedParameters: 0 0 0

#Transform 149
Transform: AffineTransform_float_3_3
Parameters: 0.999995 0.00248066 -0.0022458 -0.0024711 0.999988 0.00405264 0.0022557 -0.00404721 0.999989 -0.124195 -0.0172565 0.170064
FixedParameters: 0 0 0

#Transform 150
Transform: AffineTransform_float_3_3
Parameters: 0.999995 0.00242258 -0.00222973 -0.00241444 0.99999 0.003747 0.00223996 -0.00374197 0.99999 -0.117833 -0.044293 0.176657
FixedParameters: 0 0 0

#Transform 151
Transform: AffineTransform_float_3_3
Parameters: 0.999995 0.00240246 -0.00226577 -0.00239413 0.99999 0.00383689 0.00227544 -0.0038304 0.99999 -0.121457 -0.0127865 0.154143
FixedParameters: 0 0 0

#Transform 152
Transform: AffineTransform_float_3_3
Parameters: 0.999994 0.00218879 -0.00239126 -0.00217886 0.999989 0.00396307 0.00239973 -0.00395801 0.999989 -0.117657 -0.0332107 0.189442
FixedParameters: 0 0 0

#Transform 153
Transform: AffineTransform_float_3_3
Parameters: 0.999995 0.00165668 -0.00268916 -0.001646 0.99999 0.00405843 0.00269604 -0.0040547 0.999988 -0.102787 -0.0447677 0.171552
FixedParameters: 0 0 0

#Transform 154
Transform: AffineTransform_float_3_3
Parameters: 0.999997 0.00146832 -0.00204164 -0.00146142 0.999992 0.00375956 0.00204701 -0.00375547 0.999991 -0.110286 -0.0908593 0.0465885
FixedParameters: 0 0 0

#Transform 155
Transform: AffineTransform_float_3_3
Parameters: 0.999997 0.00175607 -0.00195825 -0.00174721 0.999989 0.00429117 0.00196615 -0.0042875 0.999989 -0.108591 -0.0378966 0.109536
FixedParameters: 0 0 0

#Transform 156
Transform: AffineTransform_float_3_3
Parameters: 0.999996 0.00189175 -0.0020521 -0.00188356 0.999991 0.00394457 0.00205995 -0.00394037 0.99999 -0.107967 0.0320491 0.0748605
FixedParameters: 0 0 0

#Transform 157
Transform: AffineTransform_float_3_3
Parameters: 0.999995 0.0019389 -0.00217065 -0.00193006 0.99999 0.00388379 0.0021786 -0.00387945 0.99999 -0.111285 -0.00937712 0.110276
FixedParameters: 0 0 0

#Transform 158
Transform: AffineTransform_float_3_3
Parameters: 0.999995 0.0019944 -0.00235102 -0.00198593 0.999991 0.00381066 0.00235878 -0.00380538 0.99999 -0.11809 -0.025908 0.128921
FixedParameters: 0 0 0

#Transform 159
Transform: AffineTransform_float_3_3
Parameters: 0.999996 0.00169719 -0.00223135 -0.00168954 0.999993 0.00331727 0.00223733 -0.00331381 0.999992 -0.117066 -0.0590826 0.165884
FixedParameters: 0 0 0

#Transform 160
Transform: AffineTransform_float_3_3
Parameters: 0.999995 0.00186297 -0.00244164 -0.00185453 0.999992 0.00357616 0.00244844 -0.00357118 0.99999 -0.115226 -0.028146 0.162505
FixedParameters: 0 0 0

#Transform 161
Transform: AffineTransform_float_3_3
Parameters: 0.999996 0.00161184 -0.00225338 -0.00160514 0.999994 0.00308853 0.00225811 -0.00308538 0.999992 -0.113114 -0.05882 0.184587
FixedParameters: 0 0 0

#Transform 162
Transform: AffineTransform_float_3_3
Parameters: 0.999996 0.0020783 -0.00220099 -0.00207108 0.999992 0.00349265 0.00220849 -0.00348758 0.999992 -0.112191 -0.0162573 0.173199
FixedParameters: 0 0 0

#Transform 163
Transform: AffineTransform_float_3_3
Parameters: 0.999996 0.00163446 -0.00197151 -0.00162871 0.999995 0.00281423 0.00197676 -0.00281139 0.999994 -0.113561 -0.0534392 0.193733
FixedParameters: 0 0 0

#Transform 164
Transform: AffineTransform_float_3_3
Parameters: 0.999996 0.00186558 -0.00206914 -0.00185975 0.999994 0.00283902 0.00207491 -0.00283539 0.999994 -0.10567 0.00419815 0.175932
FixedParameters: 0 0 0

#Transform 165
Transform: AffineTransform_float_3_3
Parameters: 0.999996 0.00186051 -0.00203524 -0.00185508 0.999994 0.00278794 0.0020408 -0.00278445 0.999994 -0.104498 -0.0161786 0.168976
FixedParameters: 0 0 0

#Transform 166
Transform: AffineTransform_float_3_3
Parameters: 0.999997 0.00169394 -0.00182705 -0.0016891 0.999995 0.00278515 0.00183254 -0.00278256 0.999994 -0.100496 -0.0540556 0.199961
FixedParameters: 0 0 0

#Transform 167
Transform: AffineTransform_float_3_3
Parameters: 0.999996 0.00172271 -0.00192045 -0.00171755 0.999994 0.00286474 0.0019255 -0.00286171 0.999994 -0.0989575 0.0137434 0.173427
FixedParameters: 0 0 0

#Transform 168
Transform: AffineTransform_float_3_3
Parameters: 0.999997 0.00178702 -0.00194204 -0.00178079 0.999995 0.00277209 0.00194754 -0.00276872 0.999994 -0.103808 -0.0116471 0.190876
FixedParameters: 0 0 0

#Transform 169
Transform: AffineTransform_float_3_3
Parameters: 0.999997 0.00156232 -0.00182367 -0.00155774 0.999996 0.00238588 0.00182763 -0.00238291 0.999995 -0.0959768 -0.0693498 0.244202
FixedParameters: 0 0 0

#Transform 170
Transform: AffineTransform_float_3_3
Parameters: 0.999999 0.000874956 -0.00153943 -0.000869688 0.999994 0.00328417 0.00154211 -0.00328201 0.999993 -0.0623124 -0.0350301 0.363378
FixedParameters: 0 0 0

#Transform 171
Transform: AffineTransform_float_3_3
Parameters: 0.999999 0.000821861 -0.00129502 -0.000817183 0.999993 0.00362661 0.00129782 -0.003625 0.999993 -0.065205 0.0579845 0.162825
FixedParameters: 0 0 0

#Transform 172
Transform: AffineTransform_float_3_3
Parameters: 0.999999 0.000926556 -0.00149713 -0.000921693 0.999994 0.00324168 0.00150006 -0.00323943 0.999994 -0.0840273 0.00798562 0.158926
FixedParameters: 0 0 0

#Transform 173
Transform: AffineTransform_float_3_3
Parameters: 0.999998 0.000885103 -0.0016366 -0.000879882 0.999995 0.00307878 0.00163895 -0.00307778 0.999994 -0.0869468 -0.0324807 0.194359
FixedParameters: 0 0 0

#Transform 174
Transform: AffineTransform_float_3_3
Parameters: 0.999998 0.000884377 -0.00185495 -0.000878105 0.999994 0.00323346 0.00185805 -0.00323125 0.999993 -0.0884853 -0.0714994 0.316478
FixedParameters: 0 0 0

#Transform 175
Transform: AffineTransform_float_3_3
Parameters: 0.999997 0.00105688 -0.00227025 -0.00104902 0.999992 0.00358282 0.00227436 -0.003581 0.999991 -0.0854479 -0.0180299 0.489614
FixedParameters: 0 0 0

#Transform 176
Transform: AffineTransform_float_3_3
Parameters: 0.999998 0.000924989 -0.00208619 -0.000918568 0.999995 0.00304883 0.00208837 -0.00304739 0.999993 -0.0857465 0.0568276 0.326907
FixedParameters: 0 0 0

#Transform 177
Transform: AffineTransform_float_3_3
Parameters: 0.999997 0.000941654 -0.00215262 -0.000935291 0.999995 0.00294157 0.0021547 -0.00293994 0.999993 -0.0904693 0.0496568 0.21947
FixedParameters: 0 0 0

#Transform 178
Transform: AffineTransform_float_3_3
Parameters: 0.999997 0.00098356 -0.0021277 -0.000977705 0.999995 0.00275519 0.00213056 -0.00275258 0.999994 -0.0917219 0.00726756 0.210826
FixedParameters: 0 0 0

#Transform 179
Transform: AffineTransform_float_3_3
Parameters: 0.999998 0.000825051 -0.00208059 -0.000819798 0.999996 0.00275989 0.00208396 -0.00275807 0.999994 -0.0931043 -0.0148024 0.225397
FixedParameters: 0 0 0

#Transform 180
Transform: AffineTransform_float_3_3
Parameters: 0.999998 0.00115996 -0.00200236 -0.00115602 0.999997 0.00212254 0.00200516 -0.00212031 0.999996 -0.0935647 -0.0229837 0.231199
FixedParameters: 0 0 0

#Transform 181
Transform: AffineTransform_float_3_3
Parameters: 0.999997 0.000884904 -0.00196686 -0.000879801 0.999996 0.00264444 0.00196982 -0.00264341 0.999995 -0.096118 -0.0387381 0.238893
FixedParameters: 0 0 0

#Transform 182
Transform: AffineTransform_float_3_3
Parameters: 0.999998 0.000736542 -0.00212801 -0.000730883 0.999996 0.0027092 0.00212944 -0.00270764 0.999994 -0.0900548 -0.0545726 0.22791
FixedParameters: 0 0 0

#Transform 183
Transform: AffineTransform_float_3_3
Parameters: 0.999997 0.000723908 -0.00230603 -0.000715995 0.999994 0.00333472 0.0023092 -0.00333303 0.999992 -0.0863739 -0.0502283 0.30857
FixedParameters: 0 0 0

#Transform 184
Transform: AffineTransform_float_3_3
Parameters: 0.999998 0.000871734 -0.00214639 -0.000865212 0.999995 0.00298358 0.00214816 -0.00298176 0.999993 -0.0914899 0.0446831 0.256989
FixedParameters: 0 0 0

#Transform 185
Transform: AffineTransform_float_3_3
Parameters: 0.999998 0.000672872 -0.00218408 -0.000666435 0.999995 0.00300054 0.00218601 -0.00299921 0.999993 -0.0930494 0.0319729 0.246733
FixedParameters: 0 0 0

#Transform 186
Transform: AffineTransform_float_3_3
Parameters: 0.999998 0.000740506 -0.00205439 -0.000734898 0.999996 0.00287761 0.0020575 -0.00287569 0.999993 -0.0917459 0.0118761 0.235974
FixedParameters: 0 0 0

#Transform 187
Transform: AffineTransform_float_3_3
Parameters: 0.999997 0.000780886 -0.00193338 -0.000775172 0.999995 0.00305056 0.0019369 -0.00304952 0.999993 -0.0926678 0.0193639 0.276769
FixedParameters: 0 0 0

#Transform 188
Transform: AffineTransform_float_3_3
Parameters: 0.999998 0.000723999 -0.0019089 -0.000718031 0.999995 0.00295255 0.00191144 -0.00295137 0.999994 -0.0844286 0.0210619 0.246682
FixedParameters: 0 0 0

#Transform 189
Transform: AffineTransform_float_3_3
Parameters: 0.999999 0.000628271 -0.00164818 -0.000623292 0.999995 0.00324281 0.00164968 -0.00324131 0.999993 -0.0867983 -0.0151434 0.267762
FixedParameters: 0 0 0
