#Insight Transform File V1.0
#Transform 0
Transform: AffineTransform_float_3_3
Parameters: 1 0.000313226 -8.43547e-05 -0.000313156 1 0.000412938 8.46133e-05 -0.000412885 1 -0.00493574 -0.0277266 0.00726035
FixedParameters: 0 0 0

#Transform 1
Transform: AffineTransform_float_3_3
Parameters: 1 -0.000281748 -0.000138208 0.000281668 1 -0.00028951 0.000138371 0.000289432 1 0.00356923 -0.0379825 -0.0147626
FixedParameters: 0 0 0

#Transform 2
Transform: AffineTransform_float_3_3
Parameters: 1 0.00023453 0.000357683 -0.000234469 1 -8.57825e-05 -0.000357723 8.56148e-05 1 -0.00162165 0.0381809 -0.0706026
FixedParameters: 0 0 0

#Transform 3
Transform: AffineTransform_float_3_3
Parameters: 1 0.000299686 0.000467091 -0.000299278 1 0.000487676 -0.000467296 -0.00048792 1 -0.00652512 -0.0286067 0.0015516
FixedParameters: 0 0 0

#Transform 4
Transform: AffineTransform_float_3_3
Parameters: 1 0.000136404 0.000425743 -0.000136331 1 -8.5695e-05 -0.000425767 8.55789e-05 1 -0.00523527 0.0738222 0.0439812
FixedParameters: 0 0 0

#Transform 5
Transform: AffineTransform_float_3_3
Parameters: 1 1.29019e-05 0.000229855 -1.33478e-05 0.999999 0.000970152 -0.000229829 -0.000970158 0.999999 0.0126908 -0.0378207 0.0108553
FixedParameters: 0 0 0

#Transform 6
Transform: AffineTransform_float_3_3
Parameters: 1 0.000257902 0.000391741 -0.000257746 0.999999 0.00089879 -0.000391781 -0.000898092 1 -0.0118637 0.0436712 -0.0226545
FixedParameters: 0 0 0

#Transform 7
Transform: AffineTransform_float_3_3
Parameters: 1 -0.000362563 0.000154695 0.000362514 1 0.000161469 -0.000154812 -0.000161356 1 0.00544986 -0.0649228 -0.0291613
FixedParameters: 0 0 0

#Transform 8
Transform: AffineTransform_float_3_3
Parameters: 0.999999 -4.98261e-05 0.000739876 4.86339e-05 0.999999 0.0014318 -0.00074056 -0.00143169 0.999998 -0.00765976 0.0334442 -0.0319356
FixedParameters: 0 0 0

#Transform 9
Transform: AffineTransform_float_3_3
Parameters: 1 0.000236921 0.000474942 -0.000237231 0.999999 0.00130249 -0.000474867 -0.00130268 0.999999 -0.0030177 0.0486524 -0.0221242
FixedParameters: 0 0 0

#Transform 10
Transform: AffineTransform_float_3_3
Parameters: 1 -0.000209123 0.000475262 0.000209302 0.999999 0.00131277 -0.000475488 -0.00131255 0.999999 0.0039191 -0.00884996 -0.0325883
FixedParameters: 0 0 0

#Transform 11
Transform: AffineTransform_float_3_3
Parameters: 1 0.000187162 0.000263312 -0.000187108 0.999998 0.00165965 -0.000263233 -0.00165972 0.999998 0.00867171 0.00543489 -0.0043569
FixedParameters: 0 0 0

#Transform 12
Transform: AffineTransform_float_3_3
Parameters: 1 -8.30636e-05 0.00041219 8.2372e-05 0.999999 0.001522 -0.000411621 -0.00152194 0.999999 0.0103035 -0.0278106 -0.0109027
FixedParameters: 0 0 0

#Transform 13
Transform: AffineTransform_float_3_3
Parameters: 1 -0.000180306 0.000375877 0.000180143 0.999999 0.00144833 -0.000376942 -0.00144816 0.999999 0.00728138 -0.00314732 -0.0362677
FixedParameters: 0 0 0

#Transform 14
Transform: AffineTransform_float_3_3
Parameters: 1 7.84751e-05 0.000428401 -7.9724e-05 0.999999 0.00153177 -0.000428204 -0.00153183 0.999998 0.00640951 -0.0182567 0.00718885
FixedParameters: 0 0 0

#Transform 15
Transform: AffineTransform_float_3_3
Parameters: 1 0.000341309 0.000533759 -0.000341851 0.999999 0.00137725 -0.00053336 -0.00137758 0.999999 -0.00222411 0.0376247 -0.00504039
FixedParameters: 0 0 0

#Transform 16
Transform: AffineTransform_float_3_3
Parameters: 1 -8.77146e-05 0.000405548 8.72132e-05 0.999999 0.00131216 -0.000404957 -0.0013121 0.999999 0.00765012 -0.0202168 -0.0222291
FixedParameters: 0 0 0

#Transform 17
Transform: AffineTransform_float_3_3
Parameters: 1 3.0239e-05 0.00035001 -3.12854e-05 0.999998 0.00158541 -0.000349957 -0.00158543 0.999998 0.000276973 -0.0131604 0.0234295
FixedParameters: 0 0 0

#Transform 18
Transform: AffineTransform_float_3_3
Parameters: 1 0.000114397 0.000377938 -0.000115552 0.999998 0.00161261 -0.000377613 -0.00161269 0.999998 -0.005625 0.0542507 -0.00957026
FixedParameters: 0 0 0

#Transform 19
Transform: AffineTransform_float_3_3
Parameters: 1 -0.000222671 0.000402185 0.000222032 0.999999 0.0014935 -0.000402029 -0.00149333 0.999999 0.00374336 -0.00470253 -0.0222769
FixedParameters: 0 0 0

#Transform 20
Transform: AffineTransform_float_3_3
Parameters: 1 0.000203123 0.000544032 -0.000203974 0.999999 0.00169236 -0.000543931 -0.00169254 0.999999 0.00153703 -0.015211 0.0232206
FixedParameters: 0 0 0

#Transform 21
Transform: AffineTransform_float_3_3
Parameters: 1 0.000221516 0.000324104 -0.000221577 0.999999 0.00152483 -0.000323971 -0.00152493 0.999999 -0.00242973 0.0629904 -0.0119764
FixedParameters: 0 0 0

#Transform 22
Transform: AffineTransform_float_3_3
Parameters: 1 -0.000152888 0.000343387 0.000152465 0.999999 0.00143471 -0.000343004 -0.00143462 0.999999 0.00813885 -0.00626229 0.00295144
FixedParameters: 0 0 0

#Transform 23
Transform: AffineTransform_float_3_3
Parameters: 1 0.000185334 0.000260696 -0.000185229 0.999998 0.00157772 -0.000260653 -0.00157778 0.999998 0.0126898 0.00323563 -0.00056416
FixedParameters: 0 0 0

#Transform 24
Transform: AffineTransform_float_3_3
Parameters: 1 7.40067e-05 0.00031527 -7.48066e-05 0.999999 0.00136935 -0.000315111 -0.00136939 0.999999 0.00898073 -0.0122803 0.0463194
FixedParameters: 0 0 0

#Transform 25
Transform: AffineTransform_float_3_3
Parameters: 1 -2.18078e-05 0.000367703 2.09062e-05 0.999999 0.00131183 -0.000367804 -0.00131182 0.999999 0.00761351 -0.00408367 0.0312283
FixedParameters: 0 0 0

#Transform 26
Transform: AffineTransform_float_3_3
Parameters: 1 0.000218609 0.000319624 -0.000218602 0.999999 0.00143897 -0.000319538 -0.00143907 0.999999 0.0116453 0.0193581 0.0316671
FixedParameters: 0 0 0

#Transform 27
Transform: AffineTransform_float_3_3
Parameters: 1 -3.7597e-06 0.000260549 4.50119e-06 0.999999 0.00131485 -0.000260236 -0.00131483 0.999999 0.00892726 -0.0237554 0.0427744
FixedParameters: 0 0 0

#Transform 28
Transform: AffineTransform_float_3_3
Parameters: 1 0.000237109 0.000351983 -0.000237181 0.999999 0.0014195 -0.000351852 -0.00141963 0.999999 0.0121769 0.0458428 0.0269874
FixedParameters: 0 0 0

#Transform 29
Transform: AffineTransform_float_3_3
Parameters: 1 -0.000160009 0.000314948 0.000159671 0.999999 0.00142977 -0.000314584 -0.00142968 0.999999 0.0175304 -0.0120747 0.01116
FixedParameters: 0 0 0

#Transform 30
Transform: AffineTransform_float_3_3
Parameters: 1 -0.000306456 0.00043491 0.000305454 0.999999 0.00122418 -0.000435704 -0.00122392 0.999999 -0.0015955 0.0423011 0.0256223
FixedParameters: 0 0 0

#Transform 31
Transform: AffineTransform_float_3_3
Parameters: 1 -0.000364374 0.000540171 0.000364049 0.999999 0.000762887 -0.000539861 -0.00076251 0.999999 0.000163565 0.00138362 0.0684191
FixedParameters: 0 0 0

#Transform 32
Transform: AffineTransform_float_3_3
Parameters: 1 -0.000264871 0.000356734 0.000264061 0.999999 0.00122268 -0.000357425 -0.00122249 0.999999 0.00714049 0.039857 0.0146963
FixedParameters: 0 0 0

#Transform 33
Transform: AffineTransform_float_3_3
Parameters: 1 -0.000165257 0.000529581 0.000164432 0.999999 0.00131002 -0.000529192 -0.00130986 0.999999 -0.00217596 0.0425581 0.0537667
FixedParameters: 0 0 0

#Transform 34
Transform: AffineTransform_float_3_3
Parameters: 1 -0.000212172 0.000451913 0.000211498 0.999999 0.000745123 -0.000452228 -0.000744932 0.999999 0.00274146 -0.0179427 0.0665955
FixedParameters: 0 0 0

#Transform 35
Transform: AffineTransform_float_3_3
Parameters: 1 -0.000202234 0.000466002 0.000201685 1 0.0011928 -0.000465663 -0.00119262 0.999999 -0.00969195 0.0580642 0.0676385
FixedParameters: 0 0 0

#Transform 36
Transform: AffineTransform_float_3_3
Parameters: 1 8.8458e-05 0.000375307 -8.9579e-05 0.999998 0.00155649 -0.00037511 -0.00155706 0.999999 0.00915845 0.0201832 0.044843
FixedParameters: 0 0 0

#Transform 37
Transform: AffineTransform_float_3_3
Parameters: 1 -7.07399e-05 0.000389855 6.98844e-05 1 0.00117815 -0.000390065 -0.0011781 0.999999 0.0132474 -0.0300589 0.0738491
FixedParameters: 0 0 0

#Transform 38
Transform: AffineTransform_float_3_3
Parameters: 1 -0.000199296 0.000470193 0.000198612 0.999999 0.00132569 -0.0004699 -0.00132552 0.999999 0.00456821 0.0336499 0.0573741
FixedParameters: 0 0 0

#Transform 39
Transform: AffineTransform_float_3_3
Parameters: 1 -6.49016e-05 0.000392981 6.3924e-05 0.999999 0.00132403 -0.000393196 -0.00132398 0.999999 0.015825 -0.013665 0.0685479
FixedParameters: 0 0 0

#Transform 40
Transform: AffineTransform_float_3_3
Parameters: 1 2.82165e-05 0.000428197 -2.95945e-05 0.999998 0.00168304 -0.000428144 -0.00168307 0.999998 0.00500036 0.0259467 0.0348515
FixedParameters: 0 0 0

#Transform 41
Transform: AffineTransform_float_3_3
Parameters: 1 -6.76356e-05 0.00028757 6.82813e-05 0.999999 0.00135749 -0.000287432 -0.00135743 0.999999 0.010529 -0.00914431 0.0910783
FixedParameters: 0 0 0

#Transform 42
Transform: AffineTransform_float_3_3
Parameters: 1 -0.000192716 0.000479587 0.000191721 0.999998 0.00162347 -0.00047939 -0.0016233 0.999998 0.00464692 0.0271788 0.0445108
FixedParameters: 0 0 0

#Transform 43
Transform: AffineTransform_float_3_3
Parameters: 1 -0.000197904 0.000472179 0.000197156 0.999999 0.00138865 -0.000471907 -0.00138847 0.999999 0.00404069 0.0394128 0.0896396
FixedParameters: 0 0 0

#Transform 44
Transform: AffineTransform_float_3_3
Parameters: 1 -0.000236192 0.000403545 0.000234913 0.999998 0.00166188 -0.000404373 -0.00166169 0.999998 0.00837063 0.0175267 0.0207838
FixedParameters: 0 0 0

#Transform 45
Transform: AffineTransform_float_3_3
Parameters: 1 -0.000155485 0.000543367 0.000154183 0.999999 0.00177471 -0.000543141 -0.00177455 0.999999 0.00369342 0.0372445 0.0671662
FixedParameters: 0 0 0

#Transform 46
Transform: AffineTransform_float_3_3
Parameters: 1 -0.000229248 0.000416772 0.000228058 0.999999 0.00150318 -0.000417504 -0.00150299 0.999999 0.0123314 0.0140942 0.0700969
FixedParameters: 0 0 0

#Transform 47
Transform: AffineTransform_float_3_3
Parameters: 1 -0.000115004 0.0006139 0.000114306 0.999999 0.00178157 -0.00061403 -0.00178141 0.999998 0.00305936 0.0384131 0.0557213
FixedParameters: 0 0 0

#Transform 48
Transform: AffineTransform_float_3_3
Parameters: 1 -0.000143487 0.000447445 0.000142676 0.999999 0.00153528 -0.000447063 -0.00153517 0.999998 0.0217219 -0.00624818 0.082811
FixedParameters: 0 0 0

#Transform 49
Transform: AffineTransform_float_3_3
Parameters: 1 -0.000190806 0.000482243 0.000189767 0.999999 0.00170865 -0.000482153 -0.00170898 0.999999 0.0112791 0.011767 0.0549721
FixedParameters: 0 0 0

#Transform 50
Transform: AffineTransform_float_3_3
Parameters: 1 -0.000137846 0.000572837 0.000135719 0.999998 0.0019655 -0.000573465 -0.00196534 0.999998 0.00883422 0.0117744 0.0557894
FixedParameters: 0 0 0

#Transform 51
Transform: AffineTransform_float_3_3
Parameters: 1 -0.000194062 0.000477664 0.000193132 0.999999 0.00156251 -0.000477448 -0.00156234 0.999998 0.0120214 0.000815264 0.0930264
FixedParameters: 0 0 0

#Transform 52
Transform: AffineTransform_float_3_3
Parameters: 1 -0.00027279 0.000497219 0.000272359 1 0.000982533 -0.00049697 -0.000982778 1 0.0316869 0.0303019 0.0648663
FixedParameters: 0 0 0

#Transform 53
Transform: AffineTransform_float_3_3
Parameters: 0.999999 -0.000205846 0.000729517 0.000204838 1 0.00107649 -0.000729138 -0.00107621 0.999999 0.0200238 0.0254651 0.0952439
FixedParameters: 0 0 0

#Transform 54
Transform: AffineTransform_float_3_3
Parameters: 0.999999 -0.000561601 0.000564663 0.000562162 0.999999 0.000710665 -0.000565093 -0.000710012 0.999999 0.0308901 0.00496543 0.092208
FixedParameters: 0 0 0

#Transform 55
Transform: AffineTransform_float_3_3
Parameters: 0.999999 -0.000449236 0.00092876 0.00044797 1 0.000984865 -0.000928822 -0.000984047 0.999999 0.0224705 0.0604404 0.0781351
FixedParameters: 0 0 0

#Transform 56
Transform: AffineTransform_float_3_3
Parameters: 1 -0.000396583 0.000945715 0.000395058 0.999999 0.0010614 -0.000945725 -0.00106117 0.999999 0.0213922 0.00950866 0.0684526
FixedParameters: 0 0 0

#Transform 57
Transform: AffineTransform_float_3_3
Parameters: 1 -0.000333646 0.00103993 0.000331485 0.999999 0.00127112 -0.00103994 -0.00127094 0.999999 0.0209657 0.0398555 0.0843235
FixedParameters: 0 0 0

#Transform 58
Transform: AffineTransform_float_3_3
Parameters: 1 -0.000413159 0.00103629 0.000411964 0.999999 0.00122609 -0.00103697 -0.00122572 0.999999 0.0197589 0.0262896 0.0820079
FixedParameters: 0 0 0

#Transform 59
Transform: AffineTransform_float_3_3
Parameters: 1 -0.000372454 0.00110693 0.000371018 0.999999 0.0012647 -0.00110751 -0.00126386 0.999998 0.02274 -0.00383557 0.0914419
FixedParameters: 0 0 0

#Transform 60
Transform: AffineTransform_float_3_3
Parameters: 1 -0.000348994 0.0011486 0.000347752 0.999999 0.00112699 -0.00114905 -0.00112667 0.999999 0.0227434 0.0190864 0.0538491
FixedParameters: 0 0 0

#Transform 61
Transform: AffineTransform_float_3_3
Parameters: 1 -0.000306929 0.00106579 0.000305375 0.999999 0.00136851 -0.00106626 -0.00136784 0.999998 0.0197813 0.0205101 0.0995028
FixedParameters: 0 0 0

#Transform 62
Transform: AffineTransform_float_3_3
Parameters: 1 -0.000463041 0.000950921 0.000462497 0.999999 0.000993772 -0.000951507 -0.000993374 1 0.0229149 0.00870562 0.073553
FixedParameters: 0 0 0

#Transform 63
Transform: AffineTransform_float_3_3
Parameters: 1 -0.000403404 0.00105319 0.00040214 0.999999 0.00123934 -0.00105386 -0.00123898 0.999999 0.0197698 0.0371406 0.086862
FixedParameters: 0 0 0

#Transform 64
Transform: AffineTransform_float_3_3
Parameters: 0.999999 -0.00031111 0.000851094 0.000310615 1 0.00112818 -0.000851472 -0.00112763 0.999999 0.0272528 0.00774422 0.104245
FixedParameters: 0 0 0

#Transform 65
Transform: AffineTransform_float_3_3
Parameters: 1 -0.000397648 0.00106343 0.000396447 0.999999 0.00120561 -0.00106402 -0.00120475 0.999998 0.019983 0.0416747 0.0759859
FixedParameters: 0 0 0

#Transform 66
Transform: AffineTransform_float_3_3
Parameters: 1 -0.000461296 0.000952418 0.000460305 0.999999 0.00123561 -0.000953188 -0.00123471 0.999999 0.0199752 0.0238186 0.118361
FixedParameters: 0 0 0

#Transform 67
Transform: AffineTransform_float_3_3
Parameters: 1 -0.000426121 0.00101502 0.000425401 0.999999 0.00101792 -0.00101555 -0.00101753 0.999999 0.0203286 0.0383692 0.0828047
FixedParameters: 0 0 0

#Transform 68
Transform: AffineTransform_float_3_3
Parameters: 0.999999 -0.000314291 0.000843714 0.000313857 1 0.00110247 -0.000844083 -0.00110192 0.999999 0.0262462 -0.00296231 0.119558
FixedParameters: 0 0 0

#Transform 69
Transform: AffineTransform_float_3_3
Parameters: 1 -0.00042687 0.00101293 0.000425914 0.999999 0.00114484 -0.00101353 -0.00114396 0.999999 0.0206911 0.0505603 0.0859062
FixedParameters: 0 0 0

#Transform 70
Transform: AffineTransform_float_3_3
Parameters: 0.999999 -0.000473159 0.000931953 0.000472346 0.999999 0.00119275 -0.000932793 -0.00119235 0.999999 0.0194928 0.00114006 0.117023
FixedParameters: 0 0 0

#Transform 71
Transform: AffineTransform_float_3_3
Parameters: 1 -0.000368514 0.0011138 0.000367048 0.999999 0.00126264 -0.0011144 -0.0012623 0.999999 0.0187514 0.0465361 0.111022
FixedParameters: 0 0 0

#Transform 72
Transform: AffineTransform_float_3_3
Parameters: 0.999999 -0.000534808 0.00082672 0.000534785 1 0.000878568 -0.00082733 -0.000878528 0.999999 0.0263761 -0.00632436 0.113925
FixedParameters: 0 0 0

#Transform 73
Transform: AffineTransform_float_3_3
Parameters: 1 -0.000322875 0.00100396 0.000321518 0.999999 0.00135482 -0.00100446 -0.00135416 0.999998 0.0213431 0.0479117 0.11222
FixedParameters: 0 0 0

#Transform 74
Transform: AffineTransform_float_3_3
Parameters: 0.999999 -0.000535535 0.00082476 0.00053534 1 0.000983154 -0.000825489 -0.00098225 0.999999 0.0250729 -0.00344074 0.111537
FixedParameters: 0 0 0

#Transform 75
Transform: AffineTransform_float_3_3
Parameters: 1 -0.000401587 0.0010574 0.000400672 0.999999 0.00106905 -0.00105793 -0.00106868 0.999999 0.0193863 0.0446436 0.110205
FixedParameters: 0 0 0

#Transform 76
Transform: AffineTransform_float_3_3
Parameters: 0.999999 -0.000749738 0.00106616 0.000747652 0.999998 0.00190317 -0.00106789 -0.00190294 0.999998 0.0321282 0.041493 0.131921
FixedParameters: 0 0 0

#Transform 77
Transform: AffineTransform_float_3_3
Parameters: 0.999999 -0.000680873 0.000566922 0.000680492 0.999999 0.0016496 -0.000568883 -0.00164967 0.999998 0.0257429 0.0265166 0.0930294
FixedParameters: 0 0 0

#Transform 78
Transform: AffineTransform_float_3_3
Parameters: 0.999999 -0.000680082 0.000189202 0.000679558 0.999997 0.00207002 -0.000189877 -0.00206983 0.999998 0.027192 -0.0477465 0.0286472
FixedParameters: 0 0 0

#Transform 79
Transform: AffineTransform_float_3_3
Parameters: 1 -0.000344926 0.000601232 0.000343232 0.999999 0.00146002 -0.000602282 -0.00145961 0.999999 0.00787599 0.133767 0.0116503
FixedParameters: 0 0 0

#Transform 80
Transform: AffineTransform_float_3_3
Parameters: 1 -0.000510658 0.000353534 0.000510078 0.999998 0.00161472 -0.000354362 -0.00161437 0.999998 -0.00250348 0.0778234 0.088377
FixedParameters: 0 0 0

#Transform 81
Transform: AffineTransform_float_3_3
Parameters: 0.999999 -0.000500241 0.000535891 0.000498761 0.999998 0.00196304 -0.000537077 -0.00196252 0.999998 4.28408e-05 0.0178272 0.0641088
FixedParameters: 0 0 0

#Transform 82
Transform: AffineTransform_float_3_3
Parameters: 1 -0.000321311 -6.45658e-05 0.000322027 0.999999 0.00119219 6.46194e-05 -0.00119225 1 0.0070706 -0.0286242 0.119239
FixedParameters: 0 0 0

#Transform 83
Transform: AffineTransform_float_3_3
Parameters: 1 -0.000450327 0.000528221 0.000449366 0.999999 0.00144174 -0.000528697 -0.00144128 0.999999 -0.00143724 0.0935865 0.0525768
FixedParameters: 0 0 0

#Transform 84
Transform: AffineTransform_float_3_3
Parameters: 1 -6.23959e-05 0.0004722 6.12847e-05 0.999999 0.00124341 -0.000472399 -0.00124335 0.999999 -0.00307872 0.0415749 0.159552
FixedParameters: 0 0 0

#Transform 85
Transform: AffineTransform_float_3_3
Parameters: 1 -0.000212502 0.00016418 0.000212636 0.999999 0.00130562 -0.000163914 -0.00130557 0.999999 0.00980133 0.000936708 0.154004
FixedParameters: 0 0 0

#Transform 86
Transform: AffineTransform_float_3_3
Parameters: 1 -0.00040843 -0.000145631 0.000407964 1 0.00115063 0.000145144 -0.00115078 1 0.014901 0.0209388 0.13338
FixedParameters: 0 0 0

#Transform 87
Transform: AffineTransform_float_3_3
Parameters: 1 -0.00044558 0.000154401 0.000445343 1 0.000980541 -0.000155313 -0.000981267 0.999999 0.00414035 0.0431845 0.112962
FixedParameters: 0 0 0

#Transform 88
Transform: AffineTransform_float_3_3
Parameters: 1 -0.000279852 -5.90095e-05 0.000279969 0.999999 0.000995924 5.84519e-05 -0.000995957 0.999999 0.0165774 0.0236257 0.12227
FixedParameters: 0 0 0

#Transform 89
Transform: AffineTransform_float_3_3
Parameters: 1 -0.000549734 -0.000190735 0.00054999 0.999999 0.000670862 0.000189997 -0.000671072 1 0.0188905 0.0143453 0.103129
FixedParameters: 0 0 0

#Transform 90
Transform: AffineTransform_float_3_3
Parameters: 1 -0.000454518 -0.000113431 0.000454357 0.999999 0.000915922 0.000113955 -0.000915212 1 0.0158423 0.0251942 0.119951
FixedParameters: 0 0 0

#Transform 91
Transform: AffineTransform_float_3_3
Parameters: 1 -0.000660395 0.00014663 0.000659838 1 0.000884585 -0.000146474 -0.000885307 0.999999 0.00223173 0.0352682 0.0811576
FixedParameters: 0 0 0

#Transform 92
Transform: AffineTransform_float_3_3
Parameters: 1 -0.000635215 -7.41913e-05 0.000634994 0.999999 0.000864041 7.44926e-05 -0.000863686 0.999999 0.0158155 0.0264033 0.108159
FixedParameters: 0 0 0

#Transform 93
Transform: AffineTransform_float_3_3
Parameters: 0.999999 -0.000866544 -0.000308868 0.000866462 0.999999 0.00116595 0.000307299 -0.00116651 1 0.0135688 -0.0268947 0.0293119
FixedParameters: 0 0 0

#Transform 94
Transform: AffineTransform_float_3_3
Parameters: 1 -0.000422242 -0.000308251 0.000422154 1 0.00115603 0.000307726 -0.00115632 1 0.0246014 0.0989017 0.108572
FixedParameters: 0 0 0

#Transform 95
Transform: AffineTransform_float_3_3
Parameters: 1 -0.000429939 -0.000318707 0.000429599 0.999999 0.000821275 0.000318498 -0.000821585 0.999999 0.0182177 0.0960686 0.0914619
FixedParameters: 0 0 0

#Transform 96
Transform: AffineTransform_float_3_3
Parameters: 1 -0.000285522 -0.000394013 0.000285437 0.999999 0.00099399 0.000393936 -0.000993386 1 0.0255922 0.0353305 0.106723
FixedParameters: 0 0 0

#Transform 97
Transform: AffineTransform_float_3_3
Parameters: 1 0.000385873 -0.000256218 -0.000385435 0.999999 0.000855159 0.000256878 -0.000854961 0.999999 0.00216443 0.0237474 0.115922
FixedParameters: 0 0 0

#Transform 98
Transform: AffineTransform_float_3_3
Parameters: 1 0.000185578 -0.000140173 -0.000185448 1 0.00046563 0.000140345 -0.000465578 1 0.000714278 -0.0175169 0.126292
FixedParameters: 0 0 0

#Transform 99
Transform: AffineTransform_float_3_3
Parameters: 1 0.000317629 -0.000142385 -0.000317953 1 0.000615841 0.00014191 -0.000615735 1 -0.000726518 0.0229864 0.111914
FixedParameters: 0 0 0

#Transform 100
Transform: AffineTransform_float_3_3
Parameters: 1 -0.000125268 -0.000206347 0.000125416 1 0.000357615 0.000206257 -0.000357666 1 0.00878151 -0.0022396 0.137872
FixedParameters: 0 0 0

#Transform 101
Transform: AffineTransform_float_3_3
Parameters: 1 -0.000142865 -0.000437761 0.000143421 1 0.000635521 0.000437579 -0.000635647 0.999999 0.0161116 0.0339283 0.130915
FixedParameters: 0 0 0

#Transform 102
Transform: AffineTransform_float_3_3
Parameters: 1 -0.000493924 -0.000335941 0.000494183 1 0.00038493 0.000335561 -0.000385262 1 0.00874196 -0.00884953 0.114572
FixedParameters: 0 0 0

#Transform 103
Transform: AffineTransform_float_3_3
Parameters: 1 0.000254131 -0.000430403 -0.000253911 1 0.000255201 0.000430533 -0.000254982 1 0.00648901 0.0941984 0.0992045
FixedParameters: 0 0 0

#Transform 104
Transform: AffineTransform_float_3_3
Parameters: 1 0.000361663 -0.000239176 -0.00036144 1 0.000464851 0.000239512 -0.000464678 1 0.00224356 0.0447495 0.110482
FixedParameters: 0 0 0

#Transform 105
Transform: AffineTransform_float_3_3
Parameters: 1 -6.34888e-05 -0.000314671 6.36484e-05 1 0.000253579 0.000314639 -0.000253619 1 0.0119073 0.012659 0.127225
FixedParameters: 0 0 0

#Transform 106
Transform: AffineTransform_float_3_3
Parameters: 1 0.000356329 -0.000402101 -0.000356692 1 0.000623296 0.000403043 -0.000623044 0.999999 0.00663604 0.0777255 0.100074
FixedParameters: 0 0 0

#Transform 107
Transform: AffineTransform_float_3_3
Parameters: 1 -0.000256559 -8.36115e-05 0.000255754 1 0.000354673 8.39271e-05 -0.000354751 1 0.00708522 0.010928 0.12546
FixedParameters: 0 0 0

#Transform 108
Transform: AffineTransform_float_3_3
Parameters: 1 -0.00016032 -0.000332713 0.000160662 1 0.000514503 0.000332548 -0.00051461 1 0.0143995 0.0284591 0.0974819
FixedParameters: 0 0 0

#Transform 109
Transform: AffineTransform_float_3_3
Parameters: 1 -5.09821e-05 -0.00027619 5.10732e-05 1 0.000165015 0.000276174 -0.000165043 1 0.0115418 -0.0191147 0.14989
FixedParameters: 0 0 0

#Transform 110
Transform: AffineTransform_float_3_3
Parameters: 1 0.000347352 -0.00032819 -0.000347218 1 0.00020382 0.000328331 -0.000203592 1 0.00562923 0.109395 0.113615
FixedParameters: 0 0 0

#Transform 111
Transform: AffineTransform_float_3_3
Parameters: 1 0.000199157 -0.000208697 -0.000198969 1 0.000450499 0.000208876 -0.000450416 1 0.00465912 0.0304306 0.11847
FixedParameters: 0 0 0

#Transform 112
Transform: AffineTransform_float_3_3
Parameters: 1 -3.14445e-05 -0.000212958 3.1663e-05 1 0.000512842 0.000212926 -0.000512855 1 0.0101745 0.0228812 0.152974
FixedParameters: 0 0 0

#Transform 113
Transform: AffineTransform_float_3_3
Parameters: 1 -0.00032483 -2.07624e-05 0.000324859 0.999999 0.000729538 2.02884e-05 -0.000729551 0.999999 0.0018044 0.0345833 0.13622
FixedParameters: 0 0 0

#Transform 114
Transform: AffineTransform_float_3_3
Parameters: 1 -1.73904e-05 -0.00019081 1.76961e-05 0.999999 0.000801045 0.000190782 -0.000801052 0.999999 0.011529 0.0376047 0.160539
FixedParameters: 0 0 0

#Transform 115
Transform: AffineTransform_float_3_3
Parameters: 1 -2.24046e-05 -0.000198828 2.26879e-05 0.999999 0.000712344 0.000198795 -0.000712353 0.999999 0.0134502 0.0427237 0.16171
FixedParameters: 0 0 0

#Transform 116
Transform: AffineTransform_float_3_3
Parameters: 1 -0.000356109 -4.37882e-05 0.000356177 0.999999 0.000820466 4.31976e-05 -0.000819632 1 0.00444508 0.0227166 0.142857
FixedParameters: 0 0 0

#Transform 117
Transform: AffineTransform_float_3_3
Parameters: 1 -0.000120489 -0.000236061 0.000120654 1 0.000348439 0.000235977 -0.000348496 1 0.00752269 -0.00958756 0.175929
FixedParameters: 0 0 0

#Transform 118
Transform: AffineTransform_float_3_3
Parameters: 1 0.000216405 -0.000285597 -0.000216457 0.999999 0.000782812 0.00028507 -0.000782672 0.999999 0.00734019 0.080676 0.16273
FixedParameters: 0 0 0

#Transform 119
Transform: AffineTransform_float_3_3
Parameters: 1 -9.62588e-05 -0.000216498 9.65439e-05 1 0.000658514 0.000216371 -0.000658556 1 0.011658 0.0442505 0.137744
FixedParameters: 0 0 0

#Transform 120
Transform: AffineTransform_float_3_3
Parameters: 1 0.000321441 -0.000345713 -0.000321395 0.999999 0.0007884 0.000345354 -0.000788162 0.999999 0.00771357 0.072376 0.144782
FixedParameters: 0 0 0

#Transform 121
Transform: AffineTransform_float_3_3
Parameters: 1 0.00013165 -0.000243299 -0.000131339 1 0.000640257 0.000243467 -0.000640193 1 0.00377773 0.0308431 0.163568
FixedParameters: 0 0 0

#Transform 122
Transform: AffineTransform_float_3_3
Parameters: 1 0.000228498 -0.000290927 -0.000228521 0.999999 0.00081874 0.000290436 -0.000818591 0.999999 0.00536733 0.0654657 0.157602
FixedParameters: 0 0 0

#Transform 123
Transform: AffineTransform_float_3_3
Parameters: 1 -0.000118848 -0.000364864 0.00011922 1 0.000509592 0.000364743 -0.000509678 1 0.0119434 -0.000842782 0.171212
FixedParameters: 0 0 0

#Transform 124
Transform: AffineTransform_float_3_3
Parameters: 1 2.44553e-06 -0.000157126 -2.16093e-06 0.999999 0.000905612 0.00015713 -0.000905612 0.999999 0.0071301 0.0423578 0.160174
FixedParameters: 0 0 0

#Transform 125
Transform: AffineTransform_float_3_3
Parameters: 1 -6.94695e-06 -0.000170218 7.11476e-06 1 0.000492924 0.000170211 -0.000492927 1 0.00047958 0.0104845 0.206962
FixedParameters: 0 0 0

#Transform 126
Transform: AffineTransform_float_3_3
Parameters: 1 0.000129826 -8.19327e-05 -0.000129573 1 0.00115155 8.21862e-05 -0.00115153 1 -0.00378014 0.0450651 0.199084
FixedParameters: 0 0 0

#Transform 127
Transform: AffineTransform_float_3_3
Parameters: 1 8.47547e-06 -0.000148776 -8.06421e-06 1 0.00116942 0.00014875 -0.00116941 1 0.00111685 0.0254915 0.200486
FixedParameters: 0 0 0

#Transform 128
Transform: AffineTransform_float_3_3
Parameters: 1 0.000175648 -0.000252 -0.000175576 1 0.00100883 0.000251443 -0.00100872 1 -0.00193306 0.0374958 0.15121
FixedParameters: 0 0 0

#Transform 129
Transform: AffineTransform_float_3_3
Parameters: 1 0.000356886 -0.00099837 -0.000354847 0.999999 0.00167947 0.000999116 -0.00167928 0.999999 -0.00715426 -0.0808866 -0.0389027
FixedParameters: 0 0 0

#Transform 130
Transform: AffineTransform_float_3_3
Parameters: 0.999999 -0.000347759 -0.000630841 0.000349048 0.999998 0.0016603 0.00063013 -0.00165991 0.999999 0.0176537 0.103557 -0.0778535
FixedParameters: 0 0 0

#Transform 131
Transform: AffineTransform_float_3_3
Parameters: 1 0.000181186 -0.000331646 -0.000180373 1 0.00113035 0.000332009 -0.00113022 1 0.0037748 0.120134 -0.0551586
FixedParameters: 0 0 0

#Transform 132
Transform: AffineTransform_float_3_3
Parameters: 1 0.000261605 -0.000296024 -0.000261374 1 0.00112741 0.000295703 -0.00112723 1 0.000626384 0.0818668 -0.0131575
FixedParameters: 0 0 0

#Transform 133
Transform: AffineTransform_float_3_3
Parameters: 0.999999 0.000419972 -0.000664112 -0.00041938 1 0.00104763 0.000665443 -0.00104711 0.999999 0.0121373 0.0537526 0.0123424
FixedParameters: 0 0 0

#Transform 134
Transform: AffineTransform_float_3_3
Parameters: 0.999999 0.000360837 -0.000640481 -0.00036 0.999999 0.00127735 0.000641853 -0.00127692 0.999999 0.0031973 0.00202884 0.0324075
FixedParameters: 0 0 0

#Transform 135
Transform: AffineTransform_float_3_3
Parameters: 1 0.00032346 -0.00035144 -0.000323476 0.999999 0.00068746 0.000351019 -0.000687217 0.999999 -0.00383614 -0.0249387 0.0856065
FixedParameters: 0 0 0

#Transform 136
Transform: AffineTransform_float_3_3
Parameters: 1 -0.000764082 -0.000742983 0.000764172 0.999999 -0.00110255 0.000743673 0.00110148 0.999999 0.00709205 -0.0504256 0.0373848
FixedParameters: 0 0 0

#Transform 137
Transform: AffineTransform_float_3_3
Parameters: 0.999999 -0.000736003 -0.000320734 0.000736208 1 0.00029453 0.000320336 -0.000294501 0.999999 -0.00104247 -0.0317332 0.103
FixedParameters: 0 0 0

#Transform 138
Transform: AffineTransform_float_3_3
Parameters: 1 0.000105871 -0.000605862 -0.000105836 1 2.88906e-05 0.000605868 -2.87623e-05 1 -0.00346325 0.0922933 0.012128
FixedParameters: 0 0 0

#Transform 139
Transform: AffineTransform_float_3_3
Parameters: 0.999999 -0.000754154 -0.000409153 0.000753629 0.999999 -0.00118442 0.000409566 0.00118436 0.999999 0.00376569 0.0335841 0.0234362
FixedParameters: 0 0 0

#Transform 140
Transform: AffineTransform_float_3_3
Parameters: 1 0.000238936 -0.00044742 -0.000239096 0.999999 -0.000160993 0.000447307 0.000160705 1 -0.00246173 0.121255 0.0644478
FixedParameters: 0 0 0

#Transform 141
Transform: AffineTransform_float_3_3
Parameters: 1 2.95323e-05 -0.000202996 -2.9439e-05 1 0.000229946 0.00020301 -0.000229934 1 -0.0198929 0.0805242 0.0257628
FixedParameters: 0 0 0

#Transform 142
Transform: AffineTransform_float_3_3
Parameters: 0.999999 0.000498714 -0.000773303 -0.000498675 1 2.56366e-05 0.000773328 -2.48653e-05 0.999999 -0.00364084 0.0133837 0.0859727
FixedParameters: 0 0 0

#Transform 143
Transform: AffineTransform_float_3_3
Parameters: 0.999999 0.000211235 -0.000715941 -0.000211113 1 8.51281e-05 0.000715977 -8.48258e-05 0.999999 -0.00707392 0.108225 0.00213118
FixedParameters: 0 0 0

#Transform 144
Transform: AffineTransform_float_3_3
Parameters: 1 0.000327949 -0.000494105 -0.000327756 1 0.000194557 0.000494233 -0.000194233 1 -0.011362 0.0807173 0.0225538
FixedParameters: 0 0 0

#Transform 145
Transform: AffineTransform_float_3_3
Parameters: 0.999999 0.000636671 -0.000683361 -0.000636751 1 -5.83483e-05 0.000683286 5.92184e-05 1 -0.00805977 0.0192542 0.0748156
FixedParameters: 0 0 0

#Transform 146
Transform: AffineTransform_float_3_3
Parameters: 1 0.00046633 -0.000283984 -0.000466206 1 0.000218761 0.000284188 -0.000218496 1 -0.0184479 -0.00994079 0.0929877
FixedParameters: 0 0 0

#Transform 147
Transform: AffineTransform_float_3_3
Parameters: 1 0.000345006 -0.00105793 -0.000346881 0.999999 -0.00111453 0.00105799 0.00111475 0.999999 -0.00632978 -0.0643973 0.0496144
FixedParameters: 0 0 0

#Transform 148
Transform: AffineTransform_float_3_3
Parameters: 0.999999 0.000534474 -0.000619294 -0.000534421 0.999999 5.61666e-05 0.000619318 -5.60062e-05 1 -0.0115095 -0.00648579 0.0974927
FixedParameters: 0 0 0

#Transform 149
Transform: AffineTransform_float_3_3
Parameters: 0.999999 0.000297592 -0.00074066 -0.000298423 0.999999 -0.0015242 0.000740075 0.00152466 0.999998 -0.0205014 0.0725992 0.00349048
FixedParameters: 0 0 0

#Transform 150
Transform: AffineTransform_float_3_3
Parameters: 0.999999 3.14246e-05 -0.00131497 -3.24824e-05 1 -0.000914445 0.00131525 0.000914046 0.999999 -0.0108343 -0.000918848 -0.0785728
FixedParameters: 0 0 0

#Transform 151
Transform: AffineTransform_float_3_3
Parameters: 0.999999 0.000127081 -0.000916492 -0.000127487 1 -0.000999468 0.000916561 0.000999722 0.999999 -0.0158787 0.112999 -0.0501112
FixedParameters: 0 0 0

#Transform 152
Transform: AffineTransform_float_3_3
Parameters: 0.999999 0.000113816 -0.000914369 -0.000114441 1 -0.00112134 0.000914436 0.00112157 0.999999 -0.0176753 0.109339 -0.0269428
FixedParameters: 0 0 0

#Transform 153
Transform: AffineTransform_float_3_3
Parameters: 0.999999 0.000227855 -0.000938902 -0.000228273 0.999999 -0.000214106 0.000938769 0.000214032 1 -0.00605205 0.0885846 0.0150905
FixedParameters: 0 0 0

#Transform 154
Transform: AffineTransform_float_3_3
Parameters: 0.999999 0.000302814 -0.000874386 -0.000304361 0.999999 -0.00119655 0.000874445 0.00119657 0.999999 -0.0182774 0.0306688 -0.00517412
FixedParameters: 0 0 0

#Transform 155
Transform: AffineTransform_float_3_3
Parameters: 1 0.000324251 -0.0010425 -0.000325545 0.999999 -0.00126668 0.00104201 0.00126688 0.999999 -0.00573802 0.0221686 0.0174942
FixedParameters: 0 0 0

#Transform 156
Transform: AffineTransform_float_3_3
Parameters: 1 0.000477788 -0.000969015 -0.000479204 0.999999 -0.00146094 0.000967911 0.00146053 0.999999 -0.0183218 0.0420718 0.0360665
FixedParameters: 0 0 0

#Transform 157
Transform: AffineTransform_float_3_3
Parameters: 1 0.000424338 -0.00113954 -0.000426277 0.999998 -0.00144187 0.00113864 0.00144235 0.999998 -0.027262 -0.0645283 0.033018
FixedParameters: 0 0 0

#Transform 158
Transform: AffineTransform_float_3_3
Parameters: 0.999999 0.000637051 -0.00127312 -0.000638826 0.999999 -0.00144856 0.00127244 0.00144882 0.999998 -0.0169179 -0.0292935 0.0603467
FixedParameters: 0 0 0

#Transform 159
Transform: AffineTransform_float_3_3
Parameters: 1 0.000364695 -0.00111878 -0.00036559 1 -0.00100916 0.00111841 0.00100999 0.999999 -0.0235609 0.111305 -0.000849083
FixedParameters: 0 0 0

#Transform 160
Transform: AffineTransform_float_3_3
Parameters: 1 0.000386776 -0.00113154 -0.000387942 0.999999 -0.00133747 0.00113173 0.00133835 0.999998 -0.0225554 0.0773181 -0.00660349
FixedParameters: 0 0 0

#Transform 161
Transform: AffineTransform_float_3_3
Parameters: 1 0.000499804 -0.000949645 -0.000500537 0.999999 -0.00136578 0.000949512 0.00136673 0.999998 -0.027207 0.0581089 0.0195056
FixedParameters: 0 0 0

#Transform 162
Transform: AffineTransform_float_3_3
Parameters: 0.999999 0.000551394 -0.00112364 -0.000553203 0.999999 -0.00166153 0.00112299 0.00166277 0.999998 -0.0349463 0.0933093 0.0206004
FixedParameters: 0 0 0

#Transform 163
Transform: AffineTransform_float_3_3
Parameters: 0.999999 0.000802724 -0.00118704 -0.000804587 0.999998 -0.00159101 0.00118565 0.00159155 0.999998 -0.0414824 0.0632089 0.0401713
FixedParameters: 0 0 0

#Transform 164
Transform: AffineTransform_float_3_3
Parameters: 0.999999 0.000739024 -0.00138044 -0.000742277 0.999998 -0.00189462 0.00137875 0.0018953 0.999997 -0.0375818 -0.0157868 0.0256786
FixedParameters: 0 0 0

#Transform 165
Transform: AffineTransform_float_3_3
Parameters: 0.999998 0.000879121 -0.00153699 -0.000881418 0.999998 -0.00152977 0.00153632 0.00153196 0.999998 -0.0360898 0.016588 0.0510489
FixedParameters: 0 0 0

#Transform 166
Transform: AffineTransform_float_3_3
Parameters: 0.999999 0.000667041 -0.00141162 -0.000669983 0.999997 -0.00204393 0.00140947 0.00204399 0.999997 -0.0457637 0.042563 0.00146
FixedParameters: 0 0 0

#Transform 167
Transform: AffineTransform_float_3_3
Parameters: 0.999998 0.0010643 -0.00166203 -0.00106691 0.999998 -0.00176695 0.00165976 0.00176864 0.999997 -0.0436864 -0.00538413 0.0884132
FixedParameters: 0 0 0

#Transform 168
Transform: AffineTransform_float_3_3
Parameters: 0.999998 0.000838005 -0.00154617 -0.000840171 0.999999 -0.00131887 0.00154511 0.00132011 0.999998 -0.0457157 0.115764 0.0492457
FixedParameters: 0 0 0

#Transform 169
Transform: AffineTransform_float_3_3
Parameters: 0.999999 0.000798226 -0.001579 -0.000800332 0.999999 -0.00152469 0.00157727 0.00152675 0.999998 -0.0459291 0.107065 0.0539974
FixedParameters: 0 0 0

#Transform 170
Transform: AffineTransform_float_3_3
Parameters: 0.999998 0.000798622 -0.00147014 -0.000799331 0.999999 -0.000693332 0.00146933 0.000694697 0.999999 -0.0492101 0.085567 0.0832147
FixedParameters: 0 0 0

#Transform 171
Transform: AffineTransform_float_3_3
Parameters: 0.999999 0.00109025 -0.00142037 -0.0010904 1 -0.00052911 0.00141956 0.000529994 0.999999 -0.0382351 0.0442228 0.108131
FixedParameters: 0 0 0

#Transform 172
Transform: AffineTransform_float_3_3
Parameters: 0.999998 0.00109212 -0.00154903 -0.00109488 0.999999 -0.00120707 0.00154809 0.00120906 0.999998 -0.0445764 -0.0073368 0.0695704
FixedParameters: 0 0 0

#Transform 173
Transform: AffineTransform_float_3_3
Parameters: 0.999999 0.00113934 -0.00145054 -0.00113963 1 -0.000396061 0.00144911 0.000397169 0.999999 -0.0450596 -0.0253473 0.108913
FixedParameters: 0 0 0

#Transform 174
Transform: AffineTransform_float_3_3
Parameters: 0.999998 0.00097037 -0.00141944 -0.000970196 0.999999 6.62914e-05 0.00141954 -6.49033e-05 0.999999 -0.0380367 0.0638469 0.0826295
FixedParameters: 0 0 0

#Transform 175
Transform: AffineTransform_float_3_3
Parameters: 0.999998 0.00105139 -0.00121435 -0.00105194 0.999999 -0.000430783 0.00121431 0.000432456 0.999999 -0.0483541 -0.00449434 0.0918869
FixedParameters: 0 0 0

#Transform 176
Transform: AffineTransform_float_3_3
Parameters: 0.999998 0.000903136 -0.00134699 -0.000903224 1 -2.77223e-05 0.00134691 2.87888e-05 0.999999 -0.0450029 0.0704147 0.0929258
FixedParameters: 0 0 0

#Transform 177
Transform: AffineTransform_float_3_3
Parameters: 0.999998 0.000797033 -0.0014601 -0.000797579 0.999999 -0.000347794 0.00146035 0.000348238 0.999999 -0.0432831 0.0545829 0.0700499
FixedParameters: 0 0 0

#Transform 178
Transform: AffineTransform_float_3_3
Parameters: 0.999999 0.000989061 -0.00147005 -0.000989273 0.999999 -4.5543e-05 0.00146998 4.70832e-05 0.999999 -0.0409247 0.0718521 0.0556489
FixedParameters: 0 0 0

#Transform 179
Transform: AffineTransform_float_3_3
Parameters: 0.999999 0.0010089 -0.00143612 -0.00100895 0.999999 1.09745e-05 0.00143615 -9.44457e-06 0.999999 -0.0379737 0.0361514 0.068129
FixedParameters: 0 0 0

#Transform 180
Transform: AffineTransform_float_3_3
Parameters: 0.999999 0.000896064 -0.00163107 -0.000896437 1 -9.03683e-05 0.00163093 9.19239e-05 0.999998 -0.0435755 0.0797349 0.0265956
FixedParameters: 0 0 0

#Transform 181
Transform: AffineTransform_float_3_3
Parameters: 0.999997 0.00105988 -0.00185718 -0.00105846 0.999999 0.000893625 0.00185778 -0.000891561 0.999998 -0.0464737 0.0409726 0.0714262
FixedParameters: 0 0 0

#Transform 182
Transform: AffineTransform_float_3_3
Parameters: 0.999997 0.00137153 -0.00190469 -0.0013699 0.999999 0.000453409 0.00190591 -0.000450055 0.999998 -0.0517668 0.063167 0.0447136
FixedParameters: 0 0 0

#Transform 183
Transform: AffineTransform_float_3_3
Parameters: 0.999997 0.00147706 -0.0018919 -0.00147477 0.999998 0.00110388 0.00189386 -0.00110103 0.999998 -0.0705259 0.0596864 0.0378265
FixedParameters: 0 0 0

#Transform 184
Transform: AffineTransform_float_3_3
Parameters: 0.999996 0.00158377 -0.00229858 -0.00158237 0.999998 0.000734144 0.00229962 -0.000730104 0.999997 -0.0641987 0.0174313 0.0693624
FixedParameters: 0 0 0

#Transform 185
Transform: AffineTransform_float_3_3
Parameters: 0.999995 0.00185528 -0.00226286 -0.00185293 0.999997 0.00105127 0.00226456 -0.00104696 0.999997 -0.0604188 0.0378004 0.0281586
FixedParameters: 0 0 0

#Transform 186
Transform: AffineTransform_float_3_3
Parameters: 0.999997 0.00169758 -0.00208498 -0.00169502 0.999998 0.0011874 0.00208685 -0.00118391 0.999997 -0.0664226 0.0270807 0.0654839
FixedParameters: 0 0 0

#Transform 187
Transform: AffineTransform_float_3_3
Parameters: 0.999996 0.00173069 -0.0021545 -0.00172858 0.999998 0.00104818 0.00215593 -0.00104481 0.999997 -0.0683982 0.0359039 0.0291791
FixedParameters: 0 0 0

#Transform 188
Transform: AffineTransform_float_3_3
Parameters: 0.999996 0.00178146 -0.00210575 -0.00177877 0.999998 0.00120539 0.00210788 -0.00120148 0.999997 -0.0674307 0.0366563 0.057869
FixedParameters: 0 0 0

#Transform 189
Transform: AffineTransform_float_3_3
Parameters: 0.999996 0.00152517 -0.00233775 -0.00152304 0.999998 0.000876755 0.00233914 -0.000872866 0.999997 -0.066444 0.00976793 0.0407251
FixedParameters: 0 0 0
