#Insight Transform File V1.0
#Transform 0
Transform: AffineTransform_float_3_3
Parameters: 1 0.000140771 -0.000285547 -0.000140699 1 0.000126003 0.000285582 -0.000125923 1 0.00180284 -0.0623403 0.118143
FixedParameters: 0 0 0

#Transform 1
Transform: AffineTransform_float_3_3
Parameters: 1 0.00025663 -0.000213788 -0.000256621 1 2.10449e-05 0.000213799 -2.09352e-05 1 -0.00134797 -0.0526903 0.0984766
FixedParameters: 0 0 0

#Transform 2
Transform: AffineTransform_float_3_3
Parameters: 1 0.000344662 -0.000211457 -0.000344752 1 -0.00021118 0.000211311 0.000211326 1 0.00331943 -0.050793 0.102231
FixedParameters: 0 0 0

#Transform 3
Transform: AffineTransform_float_3_3
Parameters: 1 0.000307689 -0.000272418 -0.00030803 1 -0.000625722 0.000272032 0.00062589 1 0.000202593 -0.0792264 0.0558726
FixedParameters: 0 0 0

#Transform 4
Transform: AffineTransform_float_3_3
Parameters: 1 2.13839e-05 -2.41095e-05 -2.14277e-05 0.999999 -0.000908407 2.40706e-05 0.000908409 0.999999 -0.00198938 -0.114359 0.0761689
FixedParameters: 0 0 0

#Transform 5
Transform: AffineTransform_float_3_3
Parameters: 1 0.000479401 -0.00017188 -0.000479382 1 5.57369e-05 0.000171934 -5.55721e-05 1 -0.000104333 -0.00444021 0.0627626
FixedParameters: 0 0 0

#Transform 6
Transform: AffineTransform_float_3_3
Parameters: 1 0.000412771 -9.39556e-05 -0.000412792 1 -0.000116403 9.38595e-05 0.000116481 1 0.00377149 -0.0721324 -0.00239491
FixedParameters: 0 0 0

#Transform 7
Transform: AffineTransform_float_3_3
Parameters: 1 0.000326075 -0.000246692 -0.000325987 1 0.000177665 0.000246808 -0.000177504 1 0.00491793 -0.0396419 0.0708071
FixedParameters: 0 0 0

#Transform 8
Transform: AffineTransform_float_3_3
Parameters: 1 -0.00019524 3.54246e-05 0.000195256 1 -0.000224872 -3.53368e-05 0.000224886 1 0.0162361 -0.0984505 -0.0037811
FixedParameters: 0 0 0

#Transform 9
Transform: AffineTransform_float_3_3
Parameters: 1 -0.000225564 0.000312662 0.000225356 0.999999 0.00123219 -0.000312397 -0.00123206 0.999999 -0.0063676 -0.0379233 0.0033151
FixedParameters: 0 0 0

#Transform 10
Transform: AffineTransform_float_3_3
Parameters: 1 -0.000545929 0.000375187 0.000545352 0.999998 0.00151578 -0.00037602 -0.00151538 0.999999 0.00231781 -0.0356588 -0.00617865
FixedParameters: 0 0 0

#Transform 11
Transform: AffineTransform_float_3_3
Parameters: 1 -0.000518513 0.000298387 0.000518168 0.999998 0.00151754 -0.00029914 -0.00151725 0.999999 -0.00222658 -0.0211161 0.0186719
FixedParameters: 0 0 0

#Transform 12
Transform: AffineTransform_float_3_3
Parameters: 1 -0.000390754 0.000206738 0.000390361 1 0.00110218 -0.000207644 -0.00110202 1 0.00768193 -0.0729851 0.00437125
FixedParameters: 0 0 0

#Transform 13
Transform: AffineTransform_float_3_3
Parameters: 1 -0.000102421 2.83541e-05 0.000102374 0.999999 0.000815033 -2.8521e-05 -0.000815027 0.999999 0.00977914 -0.0691097 0.0644991
FixedParameters: 0 0 0

#Transform 14
Transform: AffineTransform_float_3_3
Parameters: 0.999999 0.000590583 0.000697871 -0.000591293 0.999999 0.000508515 -0.00069727 -0.000509339 0.999999 -0.00944861 -0.00465654 0.0317332
FixedParameters: 0 0 0

#Transform 15
Transform: AffineTransform_float_3_3
Parameters: 1 0.000464449 -0.000130528 -0.000464405 1 0.000166829 0.000130683 -0.000166708 1 0.00410049 -0.0305218 0.0723812
FixedParameters: 0 0 0

#Transform 16
Transform: AffineTransform_float_3_3
Parameters: 1 0.000227543 0.000647565 -0.000227953 1 0.000316429 -0.00064742 -0.000316724 0.999999 -0.012308 -0.0765412 0.0263611
FixedParameters: 0 0 0

#Transform 17
Transform: AffineTransform_float_3_3
Parameters: 1 0.000110356 0.000442861 -0.000110781 1 0.000479785 -0.000442754 -0.000479883 1 -0.0178525 -0.0472309 0.0797929
FixedParameters: 0 0 0

#Transform 18
Transform: AffineTransform_float_3_3
Parameters: 1 -0.000430892 4.88022e-06 0.000430905 1 0.000296558 -5.10013e-06 -0.000296052 0.999999 -0.00577445 -0.0734767 0.0624245
FixedParameters: 0 0 0

#Transform 19
Transform: AffineTransform_float_3_3
Parameters: 1 -0.000215398 -0.000121467 0.000215457 1 0.000243874 0.000121362 -0.000243927 1 0.0172739 -0.0216457 0.066806
FixedParameters: 0 0 0

#Transform 20
Transform: AffineTransform_float_3_3
Parameters: 1 -0.000222033 -0.000130656 0.000222021 1 -4.79071e-05 0.000130677 4.78491e-05 1 0.00902404 0.0101329 -0.0499762
FixedParameters: 0 0 0

#Transform 21
Transform: AffineTransform_float_3_3
Parameters: 1 -0.000135023 -0.000171574 0.000135077 1 0.000157584 0.000171532 -0.00015763 1 0.0119732 -0.0462575 0.0663777
FixedParameters: 0 0 0

#Transform 22
Transform: AffineTransform_float_3_3
Parameters: 1 0.000551439 -0.000374461 -0.000551018 0.999999 -0.000591836 0.000373311 0.000592283 0.999999 0.00235016 -0.03586 0.0325619
FixedParameters: 0 0 0

#Transform 23
Transform: AffineTransform_float_3_3
Parameters: 1 0.000452077 -0.000181745 -0.000451829 0.999999 -0.000687899 0.000181989 0.000688047 1 -0.00310586 -0.0535624 0.0536702
FixedParameters: 0 0 0

#Transform 24
Transform: AffineTransform_float_3_3
Parameters: 1 0.00029378 -0.00029955 -0.000294327 1 -0.00101985 0.000298905 0.00102003 1 0.000181389 -0.069625 0.0241778
FixedParameters: 0 0 0

#Transform 25
Transform: AffineTransform_float_3_3
Parameters: 1 0.000191969 0.000276803 -0.000191518 0.999999 -0.000814779 -0.000277115 0.000814673 0.999999 -0.0213102 -0.072877 0.068033
FixedParameters: 0 0 0

#Transform 26
Transform: AffineTransform_float_3_3
Parameters: 1 0.000356894 0.000265296 -0.000356386 1 -0.000933095 -0.000265933 0.000934272 0.999999 -0.0219576 -0.040423 0.0303772
FixedParameters: 0 0 0

#Transform 27
Transform: AffineTransform_float_3_3
Parameters: 1 -0.000125648 -0.000179298 0.000125343 0.999999 -0.000850145 0.000179511 0.0008501 0.999999 0.00431589 -0.07858 0.0620716
FixedParameters: 0 0 0

#Transform 28
Transform: AffineTransform_float_3_3
Parameters: 1 0.000313809 0.000192596 -0.000313272 0.999999 -0.00122719 -0.000193411 0.00122707 0.999999 -0.0169413 -0.0494645 0.0382264
FixedParameters: 0 0 0

#Transform 29
Transform: AffineTransform_float_3_3
Parameters: 1 0.000317476 5.83196e-05 -0.000317646 1 -0.00113392 -5.77218e-05 0.00113383 1 -0.0159546 -0.0540067 0.0561164
FixedParameters: 0 0 0

#Transform 30
Transform: AffineTransform_float_3_3
Parameters: 1 0.000157539 -7.38528e-05 -0.000157675 0.999999 -0.00178357 7.32002e-05 0.0017836 0.999999 -0.0109475 -0.061718 0.0431369
FixedParameters: 0 0 0

#Transform 31
Transform: AffineTransform_float_3_3
Parameters: 1 0.000326821 9.7558e-05 -0.000326328 0.999998 -0.00186193 -9.88644e-05 0.00186187 0.999999 -0.0124742 0.013495 0.0315296
FixedParameters: 0 0 0

#Transform 32
Transform: AffineTransform_float_3_3
Parameters: 1 -0.000286023 -0.000396889 0.000285365 0.999998 -0.00207562 0.000397488 0.00207544 0.999998 0.0138464 -0.0773929 0.0644731
FixedParameters: 0 0 0

#Transform 33
Transform: AffineTransform_float_3_3
Parameters: 1 0.000250731 8.76002e-05 -0.000250282 0.999999 -0.00182786 -8.86063e-05 0.00182782 0.999999 -0.0206422 -0.00644712 0.154595
FixedParameters: 0 0 0

#Transform 34
Transform: AffineTransform_float_3_3
Parameters: 1 0.000242578 7.60892e-05 -0.000242116 0.999997 -0.00218858 -7.72403e-05 0.00218855 0.999997 -0.0120304 -0.0141352 0.0535892
FixedParameters: 0 0 0

#Transform 35
Transform: AffineTransform_float_3_3
Parameters: 1 0.000255099 9.3843e-05 -0.000254728 0.999998 -0.00163301 -9.47207e-05 0.00163296 0.999998 -0.0191676 -0.0196151 0.0520082
FixedParameters: 0 0 0

#Transform 36
Transform: AffineTransform_float_3_3
Parameters: 1 0.000216097 2.87054e-05 -0.000215855 0.999998 -0.0019633 -2.96438e-05 0.00196329 0.999998 -0.0139622 -0.0481295 0.0520135
FixedParameters: 0 0 0

#Transform 37
Transform: AffineTransform_float_3_3
Parameters: 1 0.000538113 -9.93938e-05 -0.000538724 0.999998 -0.00228699 9.81938e-05 0.00228755 0.999997 -0.00803374 0.00584776 0.0248246
FixedParameters: 0 0 0

#Transform 38
Transform: AffineTransform_float_3_3
Parameters: 1 0.000220817 0.000105666 -0.000220306 0.999999 -0.00181074 -0.000106555 0.0018107 0.999999 -0.0182808 -0.0490252 0.0853847
FixedParameters: 0 0 0

#Transform 39
Transform: AffineTransform_float_3_3
Parameters: 1 -0.000401888 -0.00043761 0.000400937 0.999998 -0.00228793 0.000438814 0.00228762 0.999998 0.0247171 -0.0385503 0.0272257
FixedParameters: 0 0 0

#Transform 40
Transform: AffineTransform_float_3_3
Parameters: 1 -0.000125379 -0.000215768 0.00012546 0.999998 -0.00225505 0.000215701 0.00225503 0.999998 0.0168457 0.0063153 0.0387707
FixedParameters: 0 0 0

#Transform 41
Transform: AffineTransform_float_3_3
Parameters: 1 -0.00049865 -0.000106732 0.00049831 0.999997 -0.00216501 0.0001088 0.00216491 0.999997 0.0220532 -0.00296317 0.034075
FixedParameters: 0 0 0

#Transform 42
Transform: AffineTransform_float_3_3
Parameters: 1 -0.000499118 -0.000107436 0.000498838 0.999998 -0.00218743 0.00010949 0.00218646 0.999997 0.0206154 0.00736492 0.0417767
FixedParameters: 0 0 0

#Transform 43
Transform: AffineTransform_float_3_3
Parameters: 1 -0.00041143 -0.000453895 0.000409887 0.999997 -0.00231024 0.000454294 0.00230992 0.999997 0.0225645 -0.0429242 -0.00348618
FixedParameters: 0 0 0

#Transform 44
Transform: AffineTransform_float_3_3
Parameters: 1 -0.000441731 -0.000131823 0.000441705 0.999998 -0.00196235 0.000132103 0.00196229 0.999998 0.0264662 0.0289331 0.00433147
FixedParameters: 0 0 0

#Transform 45
Transform: AffineTransform_float_3_3
Parameters: 1 -0.000533002 -0.000192945 0.000532716 0.999998 -0.00205471 0.000193717 0.00205506 0.999997 0.0229697 0.0360311 0.0139384
FixedParameters: 0 0 0

#Transform 46
Transform: AffineTransform_float_3_3
Parameters: 1 -0.00038258 -0.000168847 0.000382388 0.999998 -0.00202558 0.000168943 0.0020255 0.999998 0.0249686 0.0132095 0.0261932
FixedParameters: 0 0 0

#Transform 47
Transform: AffineTransform_float_3_3
Parameters: 0.999999 -0.000720761 -0.000183583 0.000720581 0.999998 -0.00186765 0.000184857 0.00186794 0.999998 0.0234735 -0.0141194 0.054871
FixedParameters: 0 0 0

#Transform 48
Transform: AffineTransform_float_3_3
Parameters: 0.999999 -0.000749457 -0.000140061 0.000749464 0.999999 -0.00178128 0.000141313 0.00178163 0.999998 0.0245203 -0.0759163 0.0637834
FixedParameters: 0 0 0

#Transform 49
Transform: AffineTransform_float_3_3
Parameters: 0.999999 -0.000918202 0.000151462 0.000917886 0.999998 -0.00178647 -0.000149967 0.00178729 0.999998 0.0137465 -0.000269103 0.034915
FixedParameters: 0 0 0

#Transform 50
Transform: AffineTransform_float_3_3
Parameters: 0.999999 -0.000735321 -0.000120812 0.000735485 1 -0.00115974 0.000121145 0.00116011 0.999999 0.0347553 -0.0656121 0.0706454
FixedParameters: 0 0 0

#Transform 51
Transform: AffineTransform_float_3_3
Parameters: 1 -0.000698487 -5.24368e-05 0.000698797 0.999999 -0.00172085 5.33879e-05 0.00172083 0.999999 0.0319882 0.0270822 0.0192549
FixedParameters: 0 0 0

#Transform 52
Transform: AffineTransform_float_3_3
Parameters: 0.999999 -0.000919594 5.05248e-05 0.000919596 0.999999 -1.97854e-05 -5.04883e-05 1.98783e-05 1 0.0288432 -0.0304237 0.0848965
FixedParameters: 0 0 0

#Transform 53
Transform: AffineTransform_float_3_3
Parameters: 0.999999 -0.000974494 0.000124299 0.000974386 0.999998 -0.00132777 -0.000122622 0.00132802 0.999999 0.0317019 0.0249442 0.0421877
FixedParameters: 0 0 0

#Transform 54
Transform: AffineTransform_float_3_3
Parameters: 0.999999 -0.000952347 0.0001244 0.000951734 0.999998 -0.00129726 -0.000123706 0.00129753 0.999999 0.0315964 0.0210089 0.0293538
FixedParameters: 0 0 0

#Transform 55
Transform: AffineTransform_float_3_3
Parameters: 0.999999 -0.00100344 5.99892e-05 0.0010036 0.999999 -0.000829194 -5.83644e-05 0.00082845 1 0.0389996 -0.0663121 0.0844502
FixedParameters: 0 0 0

#Transform 56
Transform: AffineTransform_float_3_3
Parameters: 0.999999 -0.00117892 0.000543981 0.00117894 0.999999 -1.93967e-05 -0.000543929 1.98143e-05 1 0.0228366 0.0400682 0.0529356
FixedParameters: 0 0 0

#Transform 57
Transform: AffineTransform_float_3_3
Parameters: 0.999999 -0.00126373 0.00042356 0.00126335 1 -0.000115098 -0.000424092 0.000115822 1 0.0208006 -0.00581816 0.0744636
FixedParameters: 0 0 0

#Transform 58
Transform: AffineTransform_float_3_3
Parameters: 1 -0.00117924 0.000333583 0.00117896 0.999999 -0.00106731 -0.000332797 0.00106813 1 0.0359474 -0.0438194 0.0511396
FixedParameters: 0 0 0

#Transform 59
Transform: AffineTransform_float_3_3
Parameters: 1 -0.00101577 0.000428451 0.00101579 1 -1.16238e-05 -0.000428421 1.16292e-05 1 0.0312494 -0.0337753 0.0893762
FixedParameters: 0 0 0

#Transform 60
Transform: AffineTransform_float_3_3
Parameters: 0.999999 -0.00121149 0.00039563 0.00121192 0.999999 -6.5146e-05 -0.000396829 6.52928e-05 1 0.0362208 -0.00149608 0.0704915
FixedParameters: 0 0 0

#Transform 61
Transform: AffineTransform_float_3_3
Parameters: 0.999999 -0.00131962 0.000394269 0.00131967 0.999999 -6.76282e-05 -0.000394083 6.78036e-05 1 0.0370001 -0.0537239 0.0854015
FixedParameters: 0 0 0

#Transform 62
Transform: AffineTransform_float_3_3
Parameters: 0.999999 -0.00120406 0.000595631 0.00120396 0.999999 9.26901e-05 -0.000595847 -9.21205e-05 1 0.0303364 0.012453 0.0643856
FixedParameters: 0 0 0

#Transform 63
Transform: AffineTransform_float_3_3
Parameters: 0.999999 -0.00120872 0.000401126 0.00120778 0.999999 9.87109e-05 -0.00040086 -9.86422e-05 1 0.0372384 -0.0359706 0.0909179
FixedParameters: 0 0 0

#Transform 64
Transform: AffineTransform_float_3_3
Parameters: 0.999999 -0.00132359 0.000473092 0.00132339 0.999999 0.000234034 -0.000473668 -0.000233145 1 0.0347284 -0.00422947 0.06268
FixedParameters: 0 0 0

#Transform 65
Transform: AffineTransform_float_3_3
Parameters: 0.999999 -0.00120317 0.000408747 0.00120202 0.999999 0.000348529 -0.000409081 -0.000348445 1 0.0363138 -0.0167629 0.0888153
FixedParameters: 0 0 0

#Transform 66
Transform: AffineTransform_float_3_3
Parameters: 0.999998 -0.00151636 0.000578271 0.00151625 0.999998 0.000100462 -0.000578568 -9.95732e-05 1 0.0316584 -0.0115707 0.0697206
FixedParameters: 0 0 0

#Transform 67
Transform: AffineTransform_float_3_3
Parameters: 0.999999 -0.00133437 0.000473482 0.00133428 0.999999 9.94249e-05 -0.00047374 -9.90259e-05 1 0.0341454 -0.00212453 0.0642835
FixedParameters: 0 0 0

#Transform 68
Transform: AffineTransform_float_3_3
Parameters: 0.999999 -0.00120872 0.000401126 0.00120778 0.999999 9.87109e-05 -0.00040086 -9.86422e-05 1 0.0354857 -0.0338268 0.0964919
FixedParameters: 0 0 0

#Transform 69
Transform: AffineTransform_float_3_3
Parameters: 0.999999 -0.00125291 0.000426576 0.00125283 0.999999 9.89728e-05 -0.000426817 -9.87686e-05 1 0.0332602 -0.0282179 0.079309
FixedParameters: 0 0 0

#Transform 70
Transform: AffineTransform_float_3_3
Parameters: 0.999999 -0.00132589 0.000478378 0.00132558 0.999999 0.00032624 -0.000479236 -0.000325836 1 0.0299755 0.00112812 0.0577142
FixedParameters: 0 0 0

#Transform 71
Transform: AffineTransform_float_3_3
Parameters: 0.999999 -0.00120872 0.000401126 0.00120778 0.999999 9.87109e-05 -0.00040086 -9.86422e-05 1 0.0310331 -0.0326054 0.099449
FixedParameters: 0 0 0

#Transform 72
Transform: AffineTransform_float_3_3
Parameters: 0.999999 -0.00143885 0.000539443 0.00143776 0.999999 0.000234666 -0.000539577 -0.000233513 0.999999 0.0306156 -0.00584462 0.0527321
FixedParameters: 0 0 0

#Transform 73
Transform: AffineTransform_float_3_3
Parameters: 0.999999 -0.00120113 0.000411552 0.00119991 0.999999 0.000440461 -0.000412106 -0.000440373 1 0.0292244 -0.0119019 0.0885199
FixedParameters: 0 0 0

#Transform 74
Transform: AffineTransform_float_3_3
Parameters: 0.999999 -0.0012077 0.000402528 0.00120672 0.999999 0.000144677 -0.000402373 -0.000144606 1 0.0296891 -0.0872137 -0.0130201
FixedParameters: 0 0 0

#Transform 75
Transform: AffineTransform_float_3_3
Parameters: 0.999999 -0.0015198 0.000119311 0.00151977 0.999999 0.00100478 -0.00012014 -0.00100485 1 0.0249912 0.0119035 0.00650525
FixedParameters: 0 0 0

#Transform 76
Transform: AffineTransform_float_3_3
Parameters: 0.999999 -0.00149864 0.000151111 0.00149902 0.999999 0.000444954 -0.000151537 -0.00044488 1 0.0161915 0.0110979 0.033323
FixedParameters: 0 0 0

#Transform 77
Transform: AffineTransform_float_3_3
Parameters: 0.999999 -0.00150325 5.43279e-05 0.00150324 0.999999 0.000280853 -5.51306e-05 -0.000281052 1 0.0302993 -0.024126 0.0596954
FixedParameters: 0 0 0

#Transform 78
Transform: AffineTransform_float_3_3
Parameters: 1 -0.00118446 -5.78129e-05 0.00118356 0.999999 0.000115347 5.81181e-05 -0.00011502 1 0.0295845 -0.0405998 0.115636
FixedParameters: 0 0 0

#Transform 79
Transform: AffineTransform_float_3_3
Parameters: 0.999999 -0.00126236 0.000201602 0.00126178 0.999999 0.000590129 -0.000201687 -0.000590035 0.999999 0.0204294 -0.0195086 0.0949061
FixedParameters: 0 0 0

#Transform 80
Transform: AffineTransform_float_3_3
Parameters: 0.999999 -0.0015572 4.94462e-05 0.00155679 0.999998 0.000652477 -5.00733e-05 -0.000652737 0.999999 0.0295272 -0.056297 0.0837586
FixedParameters: 0 0 0

#Transform 81
Transform: AffineTransform_float_3_3
Parameters: 0.999999 -0.00148514 0.000163875 0.00148498 0.999998 0.000519552 -0.000165413 -0.000519928 1 0.0198267 0.0154532 0.0541835
FixedParameters: 0 0 0

#Transform 82
Transform: AffineTransform_float_3_3
Parameters: 0.999999 -0.00141175 4.62852e-05 0.00141088 0.999999 0.000351055 -4.67371e-05 -0.000351323 1 0.0282427 -0.0422683 0.0909877
FixedParameters: 0 0 0

#Transform 83
Transform: AffineTransform_float_3_3
Parameters: 0.999999 -0.00155027 5.87296e-05 0.00155067 0.999998 0.00096071 -6.08064e-05 -0.00096004 1 0.0243571 0.0173663 0.0319548
FixedParameters: 0 0 0

#Transform 84
Transform: AffineTransform_float_3_3
Parameters: 0.999999 -0.00148828 1.23101e-05 0.00148791 0.999999 0.000710513 -1.30254e-05 -0.000710026 1 0.0335997 -0.0217248 0.0819545
FixedParameters: 0 0 0

#Transform 85
Transform: AffineTransform_float_3_3
Parameters: 0.999999 -0.00156337 0.000109828 0.00156377 0.999998 0.000551745 -0.000110646 -0.00055178 1 0.0319554 -0.00256003 0.0518916
FixedParameters: 0 0 0

#Transform 86
Transform: AffineTransform_float_3_3
Parameters: 0.999999 -0.00143382 6.27746e-07 0.00143345 0.999998 0.00116421 -2.60276e-06 -0.00116425 1 0.0305604 -0.0139534 0.0667376
FixedParameters: 0 0 0

#Transform 87
Transform: AffineTransform_float_3_3
Parameters: 0.999999 -0.00149496 1.16609e-05 0.0014946 0.999999 0.00060661 -1.2075e-05 -0.000606124 1 0.0370533 -0.028733 0.0754298
FixedParameters: 0 0 0

#Transform 88
Transform: AffineTransform_float_3_3
Parameters: 0.999999 -0.00143382 6.27746e-07 0.00143345 0.999998 0.00116421 -2.60276e-06 -0.00116425 1 0.0336287 -0.0128335 0.071674
FixedParameters: 0 0 0

#Transform 89
Transform: AffineTransform_float_3_3
Parameters: 0.999999 -0.00135174 -6.20393e-05 0.00135149 0.999999 0.000805753 6.12601e-05 -0.00080547 1 0.0393194 -0.0389719 0.0898947
FixedParameters: 0 0 0

#Transform 90
Transform: AffineTransform_float_3_3
Parameters: 0.999999 -0.00144463 -1.38684e-05 0.0014443 0.999999 0.000685301 1.32877e-05 -0.000684891 1 0.0337911 -0.0145167 0.0774537
FixedParameters: 0 0 0

#Transform 91
Transform: AffineTransform_float_3_3
Parameters: 0.999999 -0.00131941 -8.84409e-05 0.00131917 0.999999 0.000625698 8.81888e-05 -0.000625481 1 0.0365209 -0.0595961 0.109339
FixedParameters: 0 0 0

#Transform 92
Transform: AffineTransform_float_3_3
Parameters: 0.999999 -0.00149389 2.96955e-05 0.00149348 0.999998 0.00103835 -3.1398e-05 -0.00103781 1 0.0286714 -0.00289322 0.0543613
FixedParameters: 0 0 0

#Transform 93
Transform: AffineTransform_float_3_3
Parameters: 0.999999 -0.00172568 -0.000131486 0.00172551 0.999998 0.000903322 0.000129812 -0.000903324 1 0.0367096 -0.0319882 0.0942325
FixedParameters: 0 0 0

#Transform 94
Transform: AffineTransform_float_3_3
Parameters: 0.999998 -0.00162796 7.3218e-05 0.00162792 0.999997 0.00170855 -7.65605e-05 -0.00170787 0.999999 0.0292439 0.0233596 0.0255447
FixedParameters: 0 0 0

#Transform 95
Transform: AffineTransform_float_3_3
Parameters: 0.999998 -0.00156884 9.68677e-05 0.00156788 0.999997 0.00159841 -9.91638e-05 -0.0015977 0.999999 0.0263993 -0.0137301 0.0756187
FixedParameters: 0 0 0

#Transform 96
Transform: AffineTransform_float_3_3
Parameters: 0.999998 -0.00157095 -0.000133216 0.00157151 0.999998 0.00131778 0.000131299 -0.00131862 0.999999 0.0356393 0.00268313 0.0665177
FixedParameters: 0 0 0

#Transform 97
Transform: AffineTransform_float_3_3
Parameters: 0.999998 -0.00155727 -6.47116e-05 0.00155684 0.999997 0.00169709 6.21435e-05 -0.00169688 0.999999 0.0301094 -0.00480781 0.0804771
FixedParameters: 0 0 0

#Transform 98
Transform: AffineTransform_float_3_3
Parameters: 0.999999 -0.00149143 -0.000113165 0.00149148 0.999998 0.00152996 0.000109954 -0.00152984 0.999999 0.0330381 -0.0392008 0.0913761
FixedParameters: 0 0 0

#Transform 99
Transform: AffineTransform_float_3_3
Parameters: 0.999999 -0.00136117 -1.82326e-05 0.00136144 0.999998 0.00169128 1.58477e-05 -0.00169089 0.999999 0.0322882 -0.0209159 0.0773074
FixedParameters: 0 0 0

#Transform 100
Transform: AffineTransform_float_3_3
Parameters: 0.999999 -0.00147292 -6.05879e-05 0.00147243 0.999998 0.00128334 5.95301e-05 -0.00128398 0.999999 0.0327682 -0.0397626 0.117219
FixedParameters: 0 0 0

#Transform 101
Transform: AffineTransform_float_3_3
Parameters: 0.999999 -0.00137444 -0.000210154 0.00137375 0.999998 0.00126707 0.000208568 -0.00126723 0.999999 0.0421686 -0.0186089 0.0965504
FixedParameters: 0 0 0

#Transform 102
Transform: AffineTransform_float_3_3
Parameters: 0.999999 -0.00151548 -9.34024e-05 0.00151542 0.999999 0.00116021 9.12449e-05 -0.0011609 0.999999 0.0327209 -0.018605 0.134945
FixedParameters: 0 0 0

#Transform 103
Transform: AffineTransform_float_3_3
Parameters: 0.999998 -0.00161366 1.79127e-05 0.00161296 0.999997 0.00147127 -1.99375e-05 -0.00147168 0.999999 0.0330955 -0.044636 0.0156314
FixedParameters: 0 0 0

#Transform 104
Transform: AffineTransform_float_3_3
Parameters: 0.999999 -0.00165793 -7.21662e-05 0.00165797 0.999996 0.00179065 6.98563e-05 -0.0017905 0.999998 0.0306298 0.00349751 0.0516172
FixedParameters: 0 0 0

#Transform 105
Transform: AffineTransform_float_3_3
Parameters: 0.999999 -0.00170762 0.000194797 0.00170669 0.999997 0.00202524 -0.000198086 -0.00202455 0.999997 0.0287835 0.00767155 0.037067
FixedParameters: 0 0 0

#Transform 106
Transform: AffineTransform_float_3_3
Parameters: 0.999998 -0.00164701 7.43262e-05 0.0016466 0.999996 0.00212424 -7.77844e-05 -0.0021236 0.999998 0.0245782 -0.0126461 0.0701966
FixedParameters: 0 0 0

#Transform 107
Transform: AffineTransform_float_3_3
Parameters: 0.999999 -0.00176269 0.000228889 0.00176158 0.999996 0.00208476 -0.000232647 -0.00208442 0.999997 0.0245001 0.00258301 0.0491069
FixedParameters: 0 0 0

#Transform 108
Transform: AffineTransform_float_3_3
Parameters: 0.999999 -0.00173336 0.000126471 0.00173274 0.999997 0.00215897 -0.000130374 -0.0021585 0.999998 0.0325338 -0.0244107 0.0994636
FixedParameters: 0 0 0

#Transform 109
Transform: AffineTransform_float_3_3
Parameters: 0.999999 -0.00181333 0.000265551 0.00181253 0.999996 0.00226395 -0.000269349 -0.00226348 0.999998 0.0301262 -0.0206862 0.0715267
FixedParameters: 0 0 0

#Transform 110
Transform: AffineTransform_float_3_3
Parameters: 0.999999 -0.00174693 0.000223402 0.00174725 0.999997 0.00216741 -0.000227026 -0.00216658 0.999998 0.0306103 -0.0283314 0.10022
FixedParameters: 0 0 0

#Transform 111
Transform: AffineTransform_float_3_3
Parameters: 0.999999 -0.00183394 0.000254579 0.00183378 0.999997 0.00173014 -0.000257796 -0.00172914 0.999998 0.032788 -0.028883 0.126527
FixedParameters: 0 0 0

#Transform 112
Transform: AffineTransform_float_3_3
Parameters: 0.999999 -0.00183157 0.000272634 0.00183165 0.999996 0.00218512 -0.000276726 -0.00218458 0.999998 0.0264965 -0.00585949 0.103256
FixedParameters: 0 0 0

#Transform 113
Transform: AffineTransform_float_3_3
Parameters: 0.999998 -0.00229655 0.000141707 0.00229643 0.999996 0.00170755 -0.000145053 -0.00170776 0.999999 0.055308 -0.0385912 0.153207
FixedParameters: 0 0 0

#Transform 114
Transform: AffineTransform_float_3_3
Parameters: 0.999997 -0.00248102 7.77638e-05 0.0024807 0.999994 0.0024703 -8.41751e-05 -0.00246945 0.999997 0.0356938 0.0443365 0.187869
FixedParameters: 0 0 0

#Transform 115
Transform: AffineTransform_float_3_3
Parameters: 0.999998 -0.00226558 0.000187307 0.00226517 0.999994 0.00257854 -0.000192314 -0.00257774 0.999997 0.0265738 0.0532687 0.095069
FixedParameters: 0 0 0

#Transform 116
Transform: AffineTransform_float_3_3
Parameters: 0.999997 -0.00254514 -0.00019009 0.00254585 0.999992 0.00331314 0.000181701 -0.00331373 0.999995 0.0428828 -0.0323898 0.121256
FixedParameters: 0 0 0

#Transform 117
Transform: AffineTransform_float_3_3
Parameters: 0.999998 -0.00200027 3.24957e-06 0.00199987 0.999994 0.00271506 -9.21307e-06 -0.00271506 0.999996 0.0215964 0.0696495 0.213111
FixedParameters: 0 0 0

#Transform 118
Transform: AffineTransform_float_3_3
Parameters: 0.999998 -0.00182451 -0.000257395 0.00182552 0.999995 0.0027189 0.000252367 -0.00271986 0.999996 0.0228935 0.0270107 0.255674
FixedParameters: 0 0 0

#Transform 119
Transform: AffineTransform_float_3_3
Parameters: 0.999997 -0.0023905 -0.000225297 0.00239083 0.999994 0.00250015 0.000219683 -0.0025008 0.999997 0.0322775 -0.0154875 0.224852
FixedParameters: 0 0 0

#Transform 120
Transform: AffineTransform_float_3_3
Parameters: 0.999997 -0.00235172 -0.000302968 0.00235168 0.999995 0.00217133 0.000298274 -0.00217231 0.999997 0.0431751 0.0301668 0.186574
FixedParameters: 0 0 0

#Transform 121
Transform: AffineTransform_float_3_3
Parameters: 0.999998 -0.00193849 -0.000472478 0.00194081 0.99999 0.00421807 0.000464037 -0.00421868 0.999991 0.0216339 -0.0542533 0.0449309
FixedParameters: 0 0 0

#Transform 122
Transform: AffineTransform_float_3_3
Parameters: 0.999998 -0.00174352 -0.000765973 0.00174655 0.999991 0.00381152 0.000758914 -0.00381345 0.999992 0.0278121 -0.10292 0.021054
FixedParameters: 0 0 0

#Transform 123
Transform: AffineTransform_float_3_3
Parameters: 0.999998 -0.00222212 -0.000504137 0.00222384 0.999992 0.00354677 0.000496425 -0.00354779 0.999994 0.0325898 0.0284908 -0.0082155
FixedParameters: 0 0 0

#Transform 124
Transform: AffineTransform_float_3_3
Parameters: 0.999997 -0.00224672 -0.000498609 0.0022485 0.999992 0.00334702 0.000490303 -0.00334799 0.999994 0.0233493 -0.0133255 0.0221221
FixedParameters: 0 0 0

#Transform 125
Transform: AffineTransform_float_3_3
Parameters: 0.999997 -0.00204977 -0.000503431 0.0020517 0.999992 0.00341312 0.00049609 -0.00341442 0.999994 0.0317937 -0.0326503 0.0281984
FixedParameters: 0 0 0

#Transform 126
Transform: AffineTransform_float_3_3
Parameters: 0.999998 -0.00202862 -0.000621319 0.00203127 0.999992 0.00339115 0.000614253 -0.0033929 0.999994 0.0384926 -0.0372054 0.0181427
FixedParameters: 0 0 0

#Transform 127
Transform: AffineTransform_float_3_3
Parameters: 0.999997 -0.00224993 -0.000501124 0.00225077 0.999993 0.00324507 0.000493755 -0.00324609 0.999995 0.0280814 -0.0376294 0.0212445
FixedParameters: 0 0 0

#Transform 128
Transform: AffineTransform_float_3_3
Parameters: 0.999997 -0.002271 -0.000654833 0.00227364 0.999992 0.00325052 0.000646838 -0.00325136 0.999995 0.0288758 -0.0427178 0.0243167
FixedParameters: 0 0 0

#Transform 129
Transform: AffineTransform_float_3_3
Parameters: 0.999996 -0.00242938 -0.000617438 0.00243068 0.999992 0.0030583 0.000609854 -0.00306006 0.999995 0.0295169 -0.0545558 0.00812127
FixedParameters: 0 0 0

#Transform 130
Transform: AffineTransform_float_3_3
Parameters: 0.999996 -0.00267206 -0.000570486 0.00267351 0.999993 0.00271335 0.00056285 -0.00271549 0.999996 0.0181802 -0.0559739 0.0738461
FixedParameters: 0 0 0

#Transform 131
Transform: AffineTransform_float_3_3
Parameters: 0.999997 -0.00237771 -0.000457182 0.00237789 0.999994 0.00256069 0.000450973 -0.00256245 0.999996 0.0276749 0.0245375 0.00478238
FixedParameters: 0 0 0

#Transform 132
Transform: AffineTransform_float_3_3
Parameters: 0.999997 -0.00243255 -0.000434061 0.00243324 0.999994 0.00236654 0.000428058 -0.00236733 0.999997 0.0209814 -0.0273509 0.0382758
FixedParameters: 0 0 0

#Transform 133
Transform: AffineTransform_float_3_3
Parameters: 0.999997 -0.00246572 -0.000394673 0.00246636 0.999993 0.00284701 0.000387421 -0.00284855 0.999996 0.0237443 0.0376133 -0.00281842
FixedParameters: 0 0 0

#Transform 134
Transform: AffineTransform_float_3_3
Parameters: 0.999997 -0.00242282 -0.00042168 0.00242438 0.999993 0.00278901 0.00041453 -0.00278925 0.999995 0.0237449 -0.0212613 0.0212298
FixedParameters: 0 0 0

#Transform 135
Transform: AffineTransform_float_3_3
Parameters: 0.999997 -0.00229861 -0.000474955 0.00230004 0.999992 0.00320636 0.000466994 -0.00320727 0.999994 0.0243543 -0.00864497 0.005268
FixedParameters: 0 0 0

#Transform 136
Transform: AffineTransform_float_3_3
Parameters: 0.999997 -0.00242148 -0.000420026 0.00242314 0.999994 0.00284555 0.000412569 -0.00284664 0.999995 0.0269609 -0.0425566 0.0323736
FixedParameters: 0 0 0

#Transform 137
Transform: AffineTransform_float_3_3
Parameters: 0.999997 -0.00231496 -0.00047178 0.00231624 0.999993 0.00306153 0.000464385 -0.00306244 0.999995 0.0332132 -0.0433616 0.0454929
FixedParameters: 0 0 0

#Transform 138
Transform: AffineTransform_float_3_3
Parameters: 0.999997 -0.00232931 -0.000258826 0.00233004 0.999994 0.00283401 0.000251915 -0.00283478 0.999996 0.0225585 -0.0586283 0.0505139
FixedParameters: 0 0 0

#Transform 139
Transform: AffineTransform_float_3_3
Parameters: 0.999997 -0.00234905 -0.000291506 0.0023498 0.999994 0.00266772 0.000285305 -0.00266779 0.999997 0.0260965 -0.0424351 0.0400087
FixedParameters: 0 0 0

#Transform 140
Transform: AffineTransform_float_3_3
Parameters: 0.999998 -0.00226983 -0.000155916 0.00227049 0.999993 0.00293698 0.000149705 -0.00293777 0.999996 0.0293079 -0.0350504 0.0347883
FixedParameters: 0 0 0

#Transform 141
Transform: AffineTransform_float_3_3
Parameters: 0.999997 -0.00235919 -0.00030981 0.00236007 0.999993 0.00272453 0.000303287 -0.00272469 0.999996 0.0301543 -0.0604155 0.0583016
FixedParameters: 0 0 0

#Transform 142
Transform: AffineTransform_float_3_3
Parameters: 0.999997 -0.00243429 -8.69948e-05 0.00243456 0.999992 0.00294239 7.98302e-05 -0.00294239 0.999995 0.0325179 0.0121812 0.011634
FixedParameters: 0 0 0

#Transform 143
Transform: AffineTransform_float_3_3
Parameters: 0.999997 -0.00263438 -0.000297025 0.00263492 0.999992 0.00287493 0.000289577 -0.0028761 0.999996 0.0327684 -0.0492899 0.0331671
FixedParameters: 0 0 0

#Transform 144
Transform: AffineTransform_float_3_3
Parameters: 0.999997 -0.00262915 3.47462e-05 0.0026292 0.999992 0.00302285 -4.26083e-05 -0.00302312 0.999995 0.0287242 0.0474468 -0.00578717
FixedParameters: 0 0 0

#Transform 145
Transform: AffineTransform_float_3_3
Parameters: 0.999996 -0.00251224 -0.000147363 0.00251294 0.999993 0.00299551 0.00013943 -0.00299669 0.999995 0.0317796 -0.0167623 0.00301935
FixedParameters: 0 0 0

#Transform 146
Transform: AffineTransform_float_3_3
Parameters: 0.999996 -0.00251855 -9.30441e-05 0.00251921 0.999991 0.00348783 8.4773e-05 -0.00348794 0.999994 0.022294 0.0340488 0.0114522
FixedParameters: 0 0 0

#Transform 147
Transform: AffineTransform_float_3_3
Parameters: 0.999998 -0.00192722 -0.000385569 0.00192925 0.99999 0.00416545 0.000378257 -0.00416623 0.999992 0.0117516 -0.0981899 -0.00955288
FixedParameters: 0 0 0

#Transform 148
Transform: AffineTransform_float_3_3
Parameters: 0.999997 -0.0022653 -0.000477424 0.00226688 0.999991 0.00359497 0.000469188 -0.00359591 0.999994 0.0173036 -0.00758881 0.0201617
FixedParameters: 0 0 0

#Transform 149
Transform: AffineTransform_float_3_3
Parameters: 0.999996 -0.00260223 -0.000742156 0.00260442 0.999991 0.00338612 0.000733199 -0.00338743 0.999994 0.0220339 -0.00796722 0.0302264
FixedParameters: 0 0 0

#Transform 150
Transform: AffineTransform_float_3_3
Parameters: 0.999998 -0.00206929 -0.000715785 0.00207188 0.999992 0.00349464 0.000708548 -0.00349637 0.999993 0.0142883 -0.0315602 0.0399852
FixedParameters: 0 0 0

#Transform 151
Transform: AffineTransform_float_3_3
Parameters: 0.999997 -0.00224785 -0.00072084 0.00225023 0.999991 0.00357917 0.000713334 -0.00358036 0.999993 0.0256297 -0.0428333 0.0426491
FixedParameters: 0 0 0

#Transform 152
Transform: AffineTransform_float_3_3
Parameters: 0.999997 -0.00219133 -0.000899263 0.00219435 0.999992 0.00350315 0.000891624 -0.00350503 0.999994 0.0326332 -0.0419889 0.039236
FixedParameters: 0 0 0

#Transform 153
Transform: AffineTransform_float_3_3
Parameters: 0.999996 -0.00261115 -0.000755303 0.00261398 0.999992 0.00317314 0.000746902 -0.00317536 0.999995 0.0250355 -0.0666201 0.0304475
FixedParameters: 0 0 0

#Transform 154
Transform: AffineTransform_float_3_3
Parameters: 0.999996 -0.00245402 -0.000486873 0.00245636 0.99999 0.00373808 0.000477399 -0.00374012 0.999993 0.0173547 -0.0434108 0.0760494
FixedParameters: 0 0 0

#Transform 155
Transform: AffineTransform_float_3_3
Parameters: 0.999997 -0.00258728 -0.000420589 0.00258858 0.99999 0.00364318 0.000412099 -0.0036437 0.999993 0.0228247 0.0137275 -0.000816276
FixedParameters: 0 0 0

#Transform 156
Transform: AffineTransform_float_3_3
Parameters: 0.999996 -0.00260596 -0.000750584 0.00260851 0.99999 0.00354413 0.000740734 -0.00354635 0.999993 0.0261706 -0.0196353 0.0434258
FixedParameters: 0 0 0

#Transform 157
Transform: AffineTransform_float_3_3
Parameters: 0.999996 -0.00246733 -0.000508266 0.00246911 0.999991 0.00357105 0.00049873 -0.00357183 0.999993 0.0214278 0.0383708 0.00870383
FixedParameters: 0 0 0

#Transform 158
Transform: AffineTransform_float_3_3
Parameters: 0.999997 -0.00255489 -0.000659393 0.0025574 0.999991 0.00339326 0.000650227 -0.00339491 0.999994 0.0312609 -0.0163841 0.0161708
FixedParameters: 0 0 0

#Transform 159
Transform: AffineTransform_float_3_3
Parameters: 0.999997 -0.00245231 -0.000484228 0.00245467 0.99999 0.00376898 0.000474616 -0.00377101 0.999993 0.026509 -0.029589 0.0441654
FixedParameters: 0 0 0

#Transform 160
Transform: AffineTransform_float_3_3
Parameters: 0.999997 -0.00240116 -0.000582747 0.00240328 0.999991 0.00346696 0.000574191 -0.00346853 0.999994 0.0245138 -0.0268279 0.0010473
FixedParameters: 0 0 0

#Transform 161
Transform: AffineTransform_float_3_3
Parameters: 0.999997 -0.00249732 -0.00055744 0.00249902 0.999992 0.00328495 0.000549209 -0.00328601 0.999994 0.0266631 -0.0524996 0.0410428
FixedParameters: 0 0 0

#Transform 162
Transform: AffineTransform_float_3_3
Parameters: 0.999997 -0.0025001 -0.000559246 0.0025023 0.999992 0.00301514 0.000551856 -0.00301669 0.999995 0.0273082 -0.0496472 0.0155888
FixedParameters: 0 0 0

#Transform 163
Transform: AffineTransform_float_3_3
Parameters: 0.999997 -0.00237415 -0.000578862 0.00237615 0.999991 0.00337919 0.000570911 -0.00338072 0.999994 0.0206436 -0.0418361 0.035578
FixedParameters: 0 0 0

#Transform 164
Transform: AffineTransform_float_3_3
Parameters: 0.999996 -0.00246246 -0.000493671 0.00246436 0.999993 0.00303016 0.000486428 -0.00303084 0.999995 0.022935 -0.0408923 0.00698215
FixedParameters: 0 0 0

#Transform 165
Transform: AffineTransform_float_3_3
Parameters: 0.999996 -0.00248833 -0.000539125 0.00249052 0.999992 0.00305007 0.000531624 -0.003051 0.999995 0.0232084 -0.0220893 -0.00384837
FixedParameters: 0 0 0

#Transform 166
Transform: AffineTransform_float_3_3
Parameters: 0.999997 -0.00252175 -0.000596226 0.00252359 0.999993 0.00293839 0.000588264 -0.00293962 0.999995 0.0248186 -0.0434139 0.0216571
FixedParameters: 0 0 0

#Transform 167
Transform: AffineTransform_float_3_3
Parameters: 0.999997 -0.00243519 -0.000445038 0.0024367 0.999993 0.00294132 0.000438358 -0.00294224 0.999996 0.0282563 -0.004189 -0.0275606
FixedParameters: 0 0 0

#Transform 168
Transform: AffineTransform_float_3_3
Parameters: 0.999996 -0.00269346 -0.000569039 0.00269554 0.999992 0.00284031 0.000561462 -0.00284162 0.999996 0.0256354 -0.0324706 0.0226566
FixedParameters: 0 0 0

#Transform 169
Transform: AffineTransform_float_3_3
Parameters: 0.999997 -0.00249253 -0.000545833 0.00249463 0.999992 0.00299857 0.000538572 -0.00300004 0.999996 0.0273976 0.0193654 -0.00392536
FixedParameters: 0 0 0

#Transform 170
Transform: AffineTransform_float_3_3
Parameters: 0.999997 -0.00250757 -0.000569593 0.00250901 0.999993 0.00277918 0.00056256 -0.00278027 0.999995 0.0287159 -0.0219733 -0.0093993
FixedParameters: 0 0 0

#Transform 171
Transform: AffineTransform_float_3_3
Parameters: 0.999996 -0.00260837 -0.000744071 0.00261057 0.999993 0.00263338 0.000737235 -0.0026355 0.999996 0.0279859 -0.0670398 0.0455349
FixedParameters: 0 0 0

#Transform 172
Transform: AffineTransform_float_3_3
Parameters: 0.999997 -0.00245869 -0.00048817 0.00246013 0.999992 0.00312922 0.000479562 -0.00313035 0.999995 0.0248573 0.00719058 -0.00338896
FixedParameters: 0 0 0

#Transform 173
Transform: AffineTransform_float_3_3
Parameters: 0.999997 -0.00252622 -0.00060429 0.00252812 0.999992 0.00295998 0.000596156 -0.00296177 0.999996 0.027614 -0.0457703 0.026355
FixedParameters: 0 0 0

#Transform 174
Transform: AffineTransform_float_3_3
Parameters: 0.999997 -0.00245676 -0.000485533 0.00245881 0.999992 0.00318972 0.000477463 -0.00319172 0.999995 0.0280398 -0.0179614 -0.0135871
FixedParameters: 0 0 0

#Transform 175
Transform: AffineTransform_float_3_3
Parameters: 0.999997 -0.00255502 -0.000654154 0.00255718 0.999993 0.00291779 0.000646101 -0.00291937 0.999995 0.0274172 -0.0575578 0.0428303
FixedParameters: 0 0 0

#Transform 176
Transform: AffineTransform_float_3_3
Parameters: 0.999997 -0.00249493 -0.000554175 0.00249668 0.999991 0.00336711 0.000545513 -0.00336865 0.999994 0.0232012 -0.00183853 0.0138492
FixedParameters: 0 0 0

#Transform 177
Transform: AffineTransform_float_3_3
Parameters: 0.999997 -0.00230823 -0.000552714 0.00230915 0.999993 0.00306474 0.000545844 -0.00306607 0.999995 0.0112253 -0.0174486 0.0821928
FixedParameters: 0 0 0

#Transform 178
Transform: AffineTransform_float_3_3
Parameters: 0.999997 -0.0025381 -0.000625558 0.0025407 0.999992 0.00300466 0.000618027 -0.00300608 0.999995 0.0271208 -0.0593614 0.0419207
FixedParameters: 0 0 0

#Transform 179
Transform: AffineTransform_float_3_3
Parameters: 0.999997 -0.00244766 -0.00047133 0.00244978 0.999992 0.0033484 0.000462573 -0.00334895 0.999994 0.0222647 0.00690491 0.00535757
FixedParameters: 0 0 0

#Transform 180
Transform: AffineTransform_float_3_3
Parameters: 0.999995 -0.00283993 -0.00115204 0.0028432 0.999992 0.00291056 0.00114342 -0.00291403 0.999995 0.0295978 -0.0711248 -0.130589
FixedParameters: 0 0 0

#Transform 181
Transform: AffineTransform_float_3_3
Parameters: 0.999996 -0.0027118 -0.000567583 0.00271354 0.999991 0.00325368 0.000558149 -0.00325453 0.999994 0.0109007 -0.0427575 -0.114375
FixedParameters: 0 0 0

#Transform 182
Transform: AffineTransform_float_3_3
Parameters: 0.999997 -0.00266328 -0.000409545 0.00266464 0.999992 0.00301294 0.000401147 -0.00301473 0.999996 0.0100414 0.00694915 -0.0926473
FixedParameters: 0 0 0

#Transform 183
Transform: AffineTransform_float_3_3
Parameters: 0.999997 -0.00250204 -0.000564089 0.00250441 0.999991 0.00314642 0.00055603 -0.00314799 0.999995 0.0108267 -0.018854 -0.0559187
FixedParameters: 0 0 0

#Transform 184
Transform: AffineTransform_float_3_3
Parameters: 0.999997 -0.00252241 -0.000600983 0.00252434 0.999991 0.003252 0.000592716 -0.00325381 0.999995 0.00958586 -0.0366134 -0.0492195
FixedParameters: 0 0 0

#Transform 185
Transform: AffineTransform_float_3_3
Parameters: 0.999997 -0.00250025 -0.000679136 0.00250269 0.999991 0.0032568 0.000670987 -0.00325898 0.999995 0.0142198 -0.0445413 -0.0361057
FixedParameters: 0 0 0

#Transform 186
Transform: AffineTransform_float_3_3
Parameters: 0.999997 -0.00258313 -0.000705128 0.00258493 0.999991 0.00307623 0.000696552 -0.00307864 0.999995 0.0131055 -0.0579412 -0.0403732
FixedParameters: 0 0 0

#Transform 187
Transform: AffineTransform_float_3_3
Parameters: 0.999996 -0.00281118 -0.000595312 0.00281269 0.999993 0.00264282 0.000587352 -0.00264476 0.999996 0.00832489 -0.0953433 -0.00212708
FixedParameters: 0 0 0

#Transform 188
Transform: AffineTransform_float_3_3
Parameters: 0.999997 -0.00256288 -0.000400059 0.00256388 0.999992 0.00309549 0.000393207 -0.00309721 0.999995 0.015163 -0.0252311 -0.0466583
FixedParameters: 0 0 0

#Transform 189
Transform: AffineTransform_float_3_3
Parameters: 0.999996 -0.00290413 -0.000560541 0.00290581 0.999993 0.00231533 0.000553545 -0.00231679 0.999998 0.0287752 -0.0993312 -0.130649
FixedParameters: 0 0 0
