#Insight Transform File V1.0
#Transform 0
Transform: AffineTransform_float_3_3
Parameters: 1 -0.000168274 0.00106423 0.000167948 0.999999 -0.000511762 -0.00106435 0.000511699 0.999999 -0.027662 -0.0879817 0.149389
FixedParameters: 0 0 0

#Transform 1
Transform: AffineTransform_float_3_3
Parameters: 1 -0.000196667 0.00101943 0.000197292 0.999999 -0.000734543 -0.00101859 0.000735427 1 -0.0219509 -0.083936 0.139118
FixedParameters: 0 0 0

#Transform 2
Transform: AffineTransform_float_3_3
Parameters: 0.999999 -0.000216152 0.000988561 0.000216603 1 -0.000918484 -0.00098849 0.000918491 1 -0.0215291 -0.0764421 0.127424
FixedParameters: 0 0 0

#Transform 3
Transform: AffineTransform_float_3_3
Parameters: 0.999999 -0.000196007 0.000863503 0.00019639 0.999999 -0.000714077 -0.000862694 0.000713988 0.999999 -0.0276871 -0.0628414 0.137844
FixedParameters: 0 0 0

#Transform 4
Transform: AffineTransform_float_3_3
Parameters: 0.999999 -0.00021874 0.000791975 0.000218619 1 -0.000454286 -0.000791236 0.00045462 0.999999 -0.0273319 -0.0602845 0.130823
FixedParameters: 0 0 0

#Transform 5
Transform: AffineTransform_float_3_3
Parameters: 0.999999 -0.000231269 0.000939768 0.000231504 1 -0.000124971 -0.00093971 0.000125406 0.999999 -0.0310574 -0.0502671 0.125261
FixedParameters: 0 0 0

#Transform 6
Transform: AffineTransform_float_3_3
Parameters: 0.999999 -0.000176244 0.000850471 0.000176001 1 0.000142723 -0.000850522 -0.000142424 0.999999 -0.0241811 -0.0446165 0.111645
FixedParameters: 0 0 0

#Transform 7
Transform: AffineTransform_float_3_3
Parameters: 1 -2.33312e-05 0.000636242 2.35613e-05 1 -0.00018082 -0.000636234 0.00018085 1 -0.0243351 -0.0684295 0.118212
FixedParameters: 0 0 0

#Transform 8
Transform: AffineTransform_float_3_3
Parameters: 1 -4.54964e-05 0.000635515 4.55074e-05 1 -8.62558e-06 -0.000635515 8.68341e-06 1 -0.0228427 -0.0573032 0.107828
FixedParameters: 0 0 0

#Transform 9
Transform: AffineTransform_float_3_3
Parameters: 0.999999 -0.000170096 0.000705684 0.000170351 1 -0.000180564 -0.000705623 0.000180804 0.999999 -0.0228288 -0.069364 0.113859
FixedParameters: 0 0 0

#Transform 10
Transform: AffineTransform_float_3_3
Parameters: 0.999999 3.39649e-05 0.000805252 -3.39193e-05 1 -2.83652e-05 -0.000805254 2.83106e-05 0.999999 -0.0226934 -0.0757378 0.11612
FixedParameters: 0 0 0

#Transform 11
Transform: AffineTransform_float_3_3
Parameters: 0.999999 -2.04873e-05 0.000780017 2.03822e-05 1 6.73826e-05 -0.00078002 -6.73507e-05 0.999999 -0.0259642 -0.0724964 0.11643
FixedParameters: 0 0 0

#Transform 12
Transform: AffineTransform_float_3_3
Parameters: 0.999999 -2.55942e-05 0.000786867 2.54883e-05 1 6.73363e-05 -0.00078687 -6.72961e-05 0.999999 -0.0241877 -0.0716398 0.108986
FixedParameters: 0 0 0

#Transform 13
Transform: AffineTransform_float_3_3
Parameters: 0.999999 -5.02308e-05 0.000759338 5.02903e-05 1 -3.91392e-05 -0.000759334 3.92155e-05 0.999999 -0.0253409 -0.0815994 0.105642
FixedParameters: 0 0 0

#Transform 14
Transform: AffineTransform_float_3_3
Parameters: 1 0.000653527 0.00100816 -0.000652187 0.999999 -0.000676463 -0.00100903 0.000676056 0.999999 -0.0515239 -0.0728724 0.0781388
FixedParameters: 0 0 0

#Transform 15
Transform: AffineTransform_float_3_3
Parameters: 0.999999 0.000360254 0.000941254 -0.000360324 0.999999 3.16458e-05 -0.000941242 -3.2739e-05 1 -0.0389559 -0.0884788 0.0707653
FixedParameters: 0 0 0

#Transform 16
Transform: AffineTransform_float_3_3
Parameters: 1 -0.000197198 0.00116514 0.000198887 0.999999 -0.00108982 -0.00116418 0.00108986 0.999999 -0.0141146 0.0398953 -0.0361968
FixedParameters: 0 0 0

#Transform 17
Transform: AffineTransform_float_3_3
Parameters: 1 0.000406325 0.000139971 -0.000405846 0.999998 -0.00161481 -0.000141296 0.0016147 0.999998 -0.0219177 0.0857718 0.022133
FixedParameters: 0 0 0

#Transform 18
Transform: AffineTransform_float_3_3
Parameters: 1 0.000311381 5.5116e-05 -0.000311372 1 -8.58837e-05 -5.51695e-05 8.58494e-05 1 -0.0124999 0.0526927 0.0147429
FixedParameters: 0 0 0

#Transform 19
Transform: AffineTransform_float_3_3
Parameters: 1 0.00043313 2.53508e-05 -0.000433104 1 -0.000507397 -2.57903e-05 0.000507375 1 -0.000141195 0.0367938 -0.0140751
FixedParameters: 0 0 0

#Transform 20
Transform: AffineTransform_float_3_3
Parameters: 1 0.000410805 0.000159188 -0.000410696 1 -0.000339956 -0.000159468 0.000339825 1 -0.00144116 0.0249046 -0.0110227
FixedParameters: 0 0 0

#Transform 21
Transform: AffineTransform_float_3_3
Parameters: 1 -0.000138494 0.000353701 0.000138551 1 0.000683647 -0.000353049 -0.000683556 0.999999 0.00247976 -0.0263208 0.00515186
FixedParameters: 0 0 0

#Transform 22
Transform: AffineTransform_float_3_3
Parameters: 1 -6.82406e-05 0.000324694 6.76791e-05 0.999999 0.00086451 -0.000324811 -0.000864466 0.999999 0.00326831 -0.0399146 0.0105111
FixedParameters: 0 0 0

#Transform 23
Transform: AffineTransform_float_3_3
Parameters: 1 -0.000173506 0.000555025 0.000172548 0.999999 0.000862425 -0.000555323 -0.000862233 0.999999 -0.00184917 -0.0514973 0.0110197
FixedParameters: 0 0 0

#Transform 24
Transform: AffineTransform_float_3_3
Parameters: 1 -0.000111016 0.00032485 0.000110407 0.999999 0.000937826 -0.000325058 -0.000937754 0.999999 0.00285079 -0.048702 0.00921317
FixedParameters: 0 0 0

#Transform 25
Transform: AffineTransform_float_3_3
Parameters: 1 -0.000287368 0.000227855 0.000287393 1 -5.57984e-05 -0.000227823 5.59294e-05 1 0.00302274 -0.0996086 -0.0576202
FixedParameters: 0 0 0

#Transform 26
Transform: AffineTransform_float_3_3
Parameters: 1 -0.0002983 0.000610662 0.000298537 1 -0.000636465 -0.000611123 0.000636836 0.999999 -0.00230346 0.0365218 -0.0626902
FixedParameters: 0 0 0

#Transform 27
Transform: AffineTransform_float_3_3
Parameters: 1 -0.00027193 0.000228164 0.00027187 1 0.000131105 -0.000228235 -0.000130981 1 0.00543948 0.0795205 -0.0588975
FixedParameters: 0 0 0

#Transform 28
Transform: AffineTransform_float_3_3
Parameters: 1 -0.000167831 0.000337801 0.000167371 1 -0.000119028 -0.000338602 0.000119148 1 0.00373969 0.0541785 -0.0587389
FixedParameters: 0 0 0

#Transform 29
Transform: AffineTransform_float_3_3
Parameters: 1 -0.000249251 8.44466e-05 0.000249188 1 0.000371733 -8.46319e-05 -0.000371691 1 0.00754865 0.0318361 -0.033115
FixedParameters: 0 0 0

#Transform 30
Transform: AffineTransform_float_3_3
Parameters: 1 -0.000183306 5.25918e-05 0.000183231 0.999999 0.000714697 -5.28538e-05 -0.000714677 0.999999 0.00778096 -0.0191168 -0.00661402
FixedParameters: 0 0 0

#Transform 31
Transform: AffineTransform_float_3_3
Parameters: 1 -0.000162081 1.72473e-05 0.000162055 0.999999 0.000765991 -1.74956e-05 -0.000765985 0.999999 0.00795899 -0.0567769 0.00671756
FixedParameters: 0 0 0

#Transform 32
Transform: AffineTransform_float_3_3
Parameters: 1 -4.52642e-05 -7.08239e-05 4.53924e-05 0.999999 0.000905292 7.07418e-05 -0.000905299 0.999999 0.0103005 -0.0612695 0.00197923
FixedParameters: 0 0 0

#Transform 33
Transform: AffineTransform_float_3_3
Parameters: 1 -0.000181895 -2.55181e-06 0.000181899 0.999999 0.000740371 2.28247e-06 -0.000740372 0.999999 0.0138833 -0.0618594 -0.0015485
FixedParameters: 0 0 0

#Transform 34
Transform: AffineTransform_float_3_3
Parameters: 1 -0.000234822 1.53333e-05 0.000235334 0.999999 0.000986002 -1.49541e-05 -0.000985092 1 0.0137513 -0.0499029 -0.0107545
FixedParameters: 0 0 0

#Transform 35
Transform: AffineTransform_float_3_3
Parameters: 1 -0.000131603 -0.0003886 0.000132359 0.999999 0.000972294 0.000388345 -0.000971486 1 0.00888028 -0.0552397 0.0118962
FixedParameters: 0 0 0

#Transform 36
Transform: AffineTransform_float_3_3
Parameters: 1 0.000397623 -0.000219552 -0.000397795 0.999999 0.000839162 0.000219379 -0.000838981 0.999999 -0.00191683 -0.0326812 0.0420342
FixedParameters: 0 0 0

#Transform 37
Transform: AffineTransform_float_3_3
Parameters: 1 -9.21185e-05 -0.000327054 9.27602e-05 0.999999 0.000980269 0.000326875 -0.00097942 1 0.0151893 -0.015339 0.0229675
FixedParameters: 0 0 0

#Transform 38
Transform: AffineTransform_float_3_3
Parameters: 1 -0.000316191 -0.000243138 0.000316585 0.999999 0.000812253 0.000242624 -0.000812407 0.999999 0.0122855 -0.0114068 -0.00202986
FixedParameters: 0 0 0

#Transform 39
Transform: AffineTransform_float_3_3
Parameters: 1 -0.000315514 -0.0001198 0.000315729 0.999999 0.000894204 0.000119238 -0.000893369 1 0.0101546 -0.0143626 -0.0150884
FixedParameters: 0 0 0

#Transform 40
Transform: AffineTransform_float_3_3
Parameters: 1 0.000990543 0.000369282 -0.000990226 0.999998 -0.00192341 -0.000371171 0.00192306 0.999998 -0.0259875 0.0357768 -0.0745464
FixedParameters: 0 0 0

#Transform 41
Transform: AffineTransform_float_3_3
Parameters: 0.999999 0.000563889 0.000486916 -0.00056392 1 3.16995e-05 -0.00048688 -3.22486e-05 1 -0.0285063 -0.0602943 -0.0115825
FixedParameters: 0 0 0

#Transform 42
Transform: AffineTransform_float_3_3
Parameters: 1 0.000494624 0.000374166 -0.000494788 1 0.000218705 -0.000373949 -0.000219075 1 -0.0205328 -0.0602511 -0.0219915
FixedParameters: 0 0 0

#Transform 43
Transform: AffineTransform_float_3_3
Parameters: 1 0.000313867 9.25297e-05 -0.000313874 1 3.86311e-05 -9.25054e-05 -3.86892e-05 1 -0.00386999 -0.110511 -0.0283221
FixedParameters: 0 0 0

#Transform 44
Transform: AffineTransform_float_3_3
Parameters: 1 -0.000297218 0.000476576 0.000297411 0.999999 -0.000211495 -0.000476462 0.000211364 1 -0.0117865 -0.0110148 -0.0681254
FixedParameters: 0 0 0

#Transform 45
Transform: AffineTransform_float_3_3
Parameters: 1 0.000265996 0.000452591 -0.000266027 1 3.43566e-05 -0.000452572 -3.45974e-05 1 -0.0129855 0.0226985 -0.0805591
FixedParameters: 0 0 0

#Transform 46
Transform: AffineTransform_float_3_3
Parameters: 1 -9.56931e-05 0.000685145 9.56372e-05 1 3.44345e-05 -0.000685163 -3.47183e-05 1 -0.00756067 -0.00211568 -0.0982355
FixedParameters: 0 0 0

#Transform 47
Transform: AffineTransform_float_3_3
Parameters: 1 -0.000275904 0.000559093 0.000275498 1 0.000363096 -0.000559293 -0.000362788 1 -0.00661745 -0.0293403 -0.0964581
FixedParameters: 0 0 0

#Transform 48
Transform: AffineTransform_float_3_3
Parameters: 1 -0.000205014 0.00067735 0.000204788 1 0.000566128 -0.000676741 -0.000565857 0.999999 -0.00933311 -0.068653 -0.086238
FixedParameters: 0 0 0

#Transform 49
Transform: AffineTransform_float_3_3
Parameters: 1 -0.000273564 0.000570244 0.000273097 1 0.000409946 -0.000570468 -0.000409635 1 -0.00637022 -0.0427696 -0.108071
FixedParameters: 0 0 0

#Transform 50
Transform: AffineTransform_float_3_3
Parameters: 1 -0.000343766 0.000422026 0.000343999 1 0.000364282 -0.000421435 -0.000363999 1 -0.00443707 -0.0669134 -0.0779804
FixedParameters: 0 0 0

#Transform 51
Transform: AffineTransform_float_3_3
Parameters: 1 -0.00034637 0.000254136 0.000345951 0.999999 0.000822389 -0.000254706 -0.000822213 0.999999 -0.00183358 -0.0716191 -0.0519096
FixedParameters: 0 0 0

#Transform 52
Transform: AffineTransform_float_3_3
Parameters: 1 0.000138366 -0.000180366 -0.000139179 1 7.8327e-05 0.000180928 -7.82895e-05 1 0.0148597 -0.0165016 -0.0911541
FixedParameters: 0 0 0

#Transform 53
Transform: AffineTransform_float_3_3
Parameters: 1 0.000293383 6.42834e-05 -0.000293559 0.999999 0.00177132 -6.32715e-05 -0.00177136 0.999999 -0.0146513 0.0248815 -0.0640196
FixedParameters: 0 0 0

#Transform 54
Transform: AffineTransform_float_3_3
Parameters: 1 0.000349541 0.000151643 -0.000350006 0.999998 0.00162278 -0.000150522 -0.00162289 0.999998 -0.0101255 -0.0140448 -0.0468028
FixedParameters: 0 0 0

#Transform 55
Transform: AffineTransform_float_3_3
Parameters: 1 -0.000122642 0.000522554 0.000121229 0.999999 0.0013755 -0.000522903 -0.00137537 0.999999 -0.00402645 0.0275371 -0.100046
FixedParameters: 0 0 0

#Transform 56
Transform: AffineTransform_float_3_3
Parameters: 1 -0.000154211 0.000247609 0.000153465 0.999999 0.00155516 -0.000248101 -0.00155508 0.999999 0.000522295 0.0186872 -0.109445
FixedParameters: 0 0 0

#Transform 57
Transform: AffineTransform_float_3_3
Parameters: 1 -8.73847e-05 0.000135229 8.75033e-05 0.999998 0.00165709 -0.000134692 -0.00165708 0.999998 0.00403555 0.0104367 -0.106139
FixedParameters: 0 0 0

#Transform 58
Transform: AffineTransform_float_3_3
Parameters: 1 0.000183201 -0.000107773 -0.000183612 0.999999 0.00175128 0.000108929 -0.00175125 0.999999 -0.00284205 -0.015843 -0.0872081
FixedParameters: 0 0 0

#Transform 59
Transform: AffineTransform_float_3_3
Parameters: 1 0.000174497 -0.000121246 -0.000175396 0.999998 0.0018178 0.000121543 -0.00181818 0.999999 -0.00254179 -0.0390794 -0.0663767
FixedParameters: 0 0 0

#Transform 60
Transform: AffineTransform_float_3_3
Parameters: 1 0.000175171 -0.000120163 -0.000175518 0.999999 0.0018365 0.00012132 -0.00183647 0.999999 -0.0061895 -0.0473585 -0.0689337
FixedParameters: 0 0 0

#Transform 61
Transform: AffineTransform_float_3_3
Parameters: 1 -0.000162731 -1.92244e-05 0.00016285 0.999999 0.00182056 1.86039e-05 -0.00182056 0.999999 0.0110722 -0.0446786 -0.0680037
FixedParameters: 0 0 0

#Transform 62
Transform: AffineTransform_float_3_3
Parameters: 1 -5.13081e-06 7.66256e-05 4.90515e-06 0.999999 0.00179926 -7.66715e-05 -0.00179926 0.999999 0.00371132 -0.035285 -0.0594223
FixedParameters: 0 0 0

#Transform 63
Transform: AffineTransform_float_3_3
Parameters: 1 -0.000149788 0.000109873 0.00014948 0.999999 0.00151483 -0.00011034 -0.0015148 0.999999 0.00798833 0.00486946 -0.0803709
FixedParameters: 0 0 0

#Transform 64
Transform: AffineTransform_float_3_3
Parameters: 1 -8.50609e-05 4.60731e-05 8.49381e-05 0.999998 0.00160018 -4.63591e-05 -0.00160017 0.999998 0.00467163 0.00467858 -0.0817549
FixedParameters: 0 0 0

#Transform 65
Transform: AffineTransform_float_3_3
Parameters: 1 -0.00011096 0.000172389 0.000110448 0.999999 0.00155578 -0.000172748 -0.00155575 0.999999 0.00194457 0.00832095 -0.0768251
FixedParameters: 0 0 0

#Transform 66
Transform: AffineTransform_float_3_3
Parameters: 1 -0.000177232 0.000173106 0.000178054 0.999999 0.00175828 -0.000173458 -0.00175821 0.999999 0.00361889 0.0020117 -0.0636706
FixedParameters: 0 0 0

#Transform 67
Transform: AffineTransform_float_3_3
Parameters: 1 -0.000368192 0.000301137 0.000367794 0.999998 0.00160005 -0.000301487 -0.00159984 0.999998 0.0128318 0.0057602 -0.0623358
FixedParameters: 0 0 0

#Transform 68
Transform: AffineTransform_float_3_3
Parameters: 1 -0.000462818 0.000504532 0.000461409 0.999998 0.00198031 -0.000505549 -0.00197985 0.999998 0.0117687 -0.0177256 -0.0509056
FixedParameters: 0 0 0

#Transform 69
Transform: AffineTransform_float_3_3
Parameters: 1 -0.000346307 0.000398881 0.000345384 0.999998 0.00189673 -0.00039938 -0.00189646 0.999998 0.0153671 -0.0301966 -0.0444697
FixedParameters: 0 0 0

#Transform 70
Transform: AffineTransform_float_3_3
Parameters: 1 -0.000431565 0.000481026 0.000430245 0.999998 0.00198437 -0.000481923 -0.00198396 0.999998 0.0139551 -0.0387174 -0.0491983
FixedParameters: 0 0 0

#Transform 71
Transform: AffineTransform_float_3_3
Parameters: 1 0.000254609 0.00120367 -0.000255684 0.999999 0.00137043 -0.00120321 -0.00137012 0.999998 0.00246984 -0.0971509 0.0129178
FixedParameters: 0 0 0

#Transform 72
Transform: AffineTransform_float_3_3
Parameters: 0.999998 0.00054949 0.00196348 -0.000549711 1 0.000255707 -0.00196372 -0.000256448 0.999998 -0.0611712 -0.0858881 0.0349131
FixedParameters: 0 0 0

#Transform 73
Transform: AffineTransform_float_3_3
Parameters: 0.999999 -8.41852e-05 0.00176842 8.527e-05 1 -0.000318886 -0.00176837 0.000318356 0.999999 -0.0229515 -0.0408901 0.0183543
FixedParameters: 0 0 0

#Transform 74
Transform: AffineTransform_float_3_3
Parameters: 1 -0.000425322 0.000897461 0.000425687 0.999999 -0.00127875 -0.000897525 0.0012791 0.999999 0.0169661 0.0416629 -0.0513463
FixedParameters: 0 0 0

#Transform 75
Transform: AffineTransform_float_3_3
Parameters: 0.999999 -0.000809412 0.000590138 0.000810084 0.999999 -0.00100784 -0.000589362 0.00100789 0.999999 0.0322908 0.0311553 -0.0989214
FixedParameters: 0 0 0

#Transform 76
Transform: AffineTransform_float_3_3
Parameters: 0.999999 -0.00118249 0.00042383 0.00118239 0.999998 -0.00176104 -0.000422189 0.00176248 0.999998 0.042218 0.0493779 -0.133101
FixedParameters: 0 0 0

#Transform 77
Transform: AffineTransform_float_3_3
Parameters: 0.999999 -0.000928218 0.000365568 0.000928764 0.999999 -0.000715306 -0.000364256 0.000715074 1 0.0398509 0.0180804 -0.0884531
FixedParameters: 0 0 0

#Transform 78
Transform: AffineTransform_float_3_3
Parameters: 1 -0.000818259 0.000773044 0.000820779 0.999997 -0.00229958 -0.000770984 0.00230086 0.999997 0.00525566 -0.00161912 -0.109128
FixedParameters: 0 0 0

#Transform 79
Transform: AffineTransform_float_3_3
Parameters: 0.999999 -0.000236599 0.000731664 0.000239133 0.999996 -0.0029611 -0.000731468 0.00296054 0.999995 -0.0235659 -0.129792 0.128437
FixedParameters: 0 0 0

#Transform 80
Transform: AffineTransform_float_3_3
Parameters: 1 -1.96941e-05 0.000179326 2.05734e-05 0.999998 -0.00224234 -0.000179278 0.00224235 0.999998 -0.018472 -0.113946 0.103042
FixedParameters: 0 0 0

#Transform 81
Transform: AffineTransform_float_3_3
Parameters: 1 7.85262e-05 0.000332101 -7.72016e-05 0.999998 -0.00191793 -0.000332428 0.00191788 0.999998 -0.0257544 -0.087831 0.102142
FixedParameters: 0 0 0

#Transform 82
Transform: AffineTransform_float_3_3
Parameters: 0.999999 -0.000717149 -0.000204892 0.000716817 0.999998 -0.00160328 0.000205797 0.00160392 0.999999 0.0254781 -0.0700312 0.0702329
FixedParameters: 0 0 0

#Transform 83
Transform: AffineTransform_float_3_3
Parameters: 0.999999 -0.00087586 -0.000115341 0.000875798 0.999998 -0.00181002 0.000117114 0.00181025 0.999998 0.0334146 -0.0319588 0.0401263
FixedParameters: 0 0 0

#Transform 84
Transform: AffineTransform_float_3_3
Parameters: 0.999999 -0.000957936 -0.00014286 0.000957795 0.999998 -0.00170884 0.000144724 0.00170858 0.999999 0.0321363 -0.0442005 0.0302795
FixedParameters: 0 0 0

#Transform 85
Transform: AffineTransform_float_3_3
Parameters: 0.999999 -0.00101629 2.09805e-05 0.00101619 0.999997 -0.00200665 -1.91406e-05 0.00200713 0.999998 0.0362662 0.01413 0.000370166
FixedParameters: 0 0 0

#Transform 86
Transform: AffineTransform_float_3_3
Parameters: 0.999999 -0.000891992 1.09428e-05 0.000891837 0.999998 -0.00171108 -1.01411e-05 0.00171113 0.999999 0.0352274 0.00743098 -0.00415826
FixedParameters: 0 0 0

#Transform 87
Transform: AffineTransform_float_3_3
Parameters: 1 -0.001021 -0.000227672 0.00101996 0.999998 -0.00181544 0.00022914 0.001815 0.999999 0.0383751 -0.0185917 0.0126207
FixedParameters: 0 0 0

#Transform 88
Transform: AffineTransform_float_3_3
Parameters: 1 -0.000976079 -6.77572e-05 0.000976151 0.999998 -0.00183759 6.99489e-05 0.00183748 0.999999 0.036282 0.0146321 0.00317775
FixedParameters: 0 0 0

#Transform 89
Transform: AffineTransform_float_3_3
Parameters: 0.999999 -0.000850749 0.00110487 0.000851544 1 -0.000604507 -0.00110469 0.000605485 0.999999 0.0404018 -0.0343453 -0.129091
FixedParameters: 0 0 0

#Transform 90
Transform: AffineTransform_float_3_3
Parameters: 0.999999 -0.000454413 0.00171599 0.000457584 0.999998 -0.00173416 -0.00171503 0.00173488 0.999997 0.0138802 0.0551807 -0.156351
FixedParameters: 0 0 0

#Transform 91
Transform: AffineTransform_float_3_3
Parameters: 0.999999 -0.00087518 0.00106504 0.000876992 0.999999 -0.00135162 -0.00106438 0.00135217 0.999999 0.0310218 0.0370438 -0.186805
FixedParameters: 0 0 0

#Transform 92
Transform: AffineTransform_float_3_3
Parameters: 0.999999 -0.000928032 0.000983638 0.000929703 0.999999 -0.00112406 -0.000982389 0.0011259 0.999999 0.0275646 0.049714 -0.148903
FixedParameters: 0 0 0

#Transform 93
Transform: AffineTransform_float_3_3
Parameters: 0.999998 -0.00106112 0.00126417 0.0010619 0.999999 -0.000522339 -0.00126391 0.000523704 0.999999 0.0264812 0.0205763 -0.141479
FixedParameters: 0 0 0

#Transform 94
Transform: AffineTransform_float_3_3
Parameters: 0.999998 -0.00135048 0.00100786 0.00135183 0.999999 -0.00092687 -0.00100621 0.000927779 0.999999 0.0355096 0.0183108 -0.156706
FixedParameters: 0 0 0

#Transform 95
Transform: AffineTransform_float_3_3
Parameters: 0.999999 -0.00103656 0.000817126 0.00103685 1 -0.00018066 -0.000816752 0.000181444 1 0.0315472 -0.0124831 -0.121428
FixedParameters: 0 0 0

#Transform 96
Transform: AffineTransform_float_3_3
Parameters: 0.999999 -0.001035 0.000820037 0.00103542 1 7.232e-05 -0.000819346 -7.15395e-05 1 0.0325026 -0.000743301 -0.134835
FixedParameters: 0 0 0

#Transform 97
Transform: AffineTransform_float_3_3
Parameters: 0.999999 -0.0010371 0.000816114 0.00103753 1 -0.000268651 -0.000815557 0.000269434 1 0.0373296 -0.00167303 -0.143505
FixedParameters: 0 0 0

#Transform 98
Transform: AffineTransform_float_3_3
Parameters: 0.999999 -0.00103473 0.000820555 0.00103507 1 0.000117316 -0.000819957 -0.000116534 1 0.032192 0.00210352 -0.153016
FixedParameters: 0 0 0

#Transform 99
Transform: AffineTransform_float_3_3
Parameters: 0.999999 -0.00108189 0.000747149 0.00108175 1 9.85179e-05 -0.000747363 -9.78109e-05 1 0.0348274 0.00787535 -0.14301
FixedParameters: 0 0 0

#Transform 100
Transform: AffineTransform_float_3_3
Parameters: 0.999999 -0.00111692 0.000692695 0.00111676 0.999999 0.000118412 -0.000692961 -0.000117774 1 0.0343662 -0.00259639 -0.115059
FixedParameters: 0 0 0

#Transform 101
Transform: AffineTransform_float_3_3
Parameters: 1 -0.00100933 0.000665537 0.00100944 1 -8.51156e-05 -0.000665367 8.55491e-05 1 0.0357001 0.0395634 -0.159547
FixedParameters: 0 0 0

#Transform 102
Transform: AffineTransform_float_3_3
Parameters: 0.999999 -0.00108969 0.00073464 0.00108986 1 -0.000112296 -0.000734396 0.000112988 1 0.0357183 0.0163069 -0.163925
FixedParameters: 0 0 0

#Transform 103
Transform: AffineTransform_float_3_3
Parameters: 0.999999 -0.00117275 0.000816674 0.00117255 0.999999 0.000125429 -0.000816968 -0.000124424 1 0.036221 0.0077227 -0.143971
FixedParameters: 0 0 0

#Transform 104
Transform: AffineTransform_float_3_3
Parameters: 0.999999 -0.00108844 0.000737109 0.00108818 0.999999 0.00017669 -0.000737494 -0.000175995 1 0.0355718 -0.00321904 -0.141389
FixedParameters: 0 0 0

#Transform 105
Transform: AffineTransform_float_3_3
Parameters: 0.999999 -0.00108887 0.000736784 0.00108832 0.999999 0.000368713 -0.000737588 -0.000368018 1 0.0383392 -0.00391949 -0.142046
FixedParameters: 0 0 0

#Transform 106
Transform: AffineTransform_float_3_3
Parameters: 0.999999 -0.0011898 0.0007773 0.00118953 0.999999 0.000177013 -0.000777721 -0.000176073 1 0.0398885 0.0135688 -0.146185
FixedParameters: 0 0 0

#Transform 107
Transform: AffineTransform_float_3_3
Parameters: 0.999999 -0.00109006 0.000734585 0.00109034 0.999999 0.000176735 -0.00073413 -0.000176051 1 0.0398337 0.00194862 -0.155087
FixedParameters: 0 0 0

#Transform 108
Transform: AffineTransform_float_3_3
Parameters: 0.999999 -0.0010311 0.000827369 0.00103131 0.999999 0.000709265 -0.000828532 -0.000708461 0.999999 0.0327543 -0.104646 -0.0872806
FixedParameters: 0 0 0

#Transform 109
Transform: AffineTransform_float_3_3
Parameters: 0.999999 -0.00075943 0.00063569 0.000759938 1 -0.000380695 -0.000635127 0.000380751 1 0.0315806 0.0629814 -0.137594
FixedParameters: 0 0 0

#Transform 110
Transform: AffineTransform_float_3_3
Parameters: 0.999999 -0.000899745 0.000897698 0.000899818 1 0.00026038 -0.000897327 -0.000259682 0.999999 0.0252518 0.0249758 -0.0907461
FixedParameters: 0 0 0

#Transform 111
Transform: AffineTransform_float_3_3
Parameters: 0.999999 -0.00109621 0.000859892 0.00109656 0.999999 0.000105342 -0.000859283 -0.000104374 1 0.028004 0.00595976 -0.088578
FixedParameters: 0 0 0

#Transform 112
Transform: AffineTransform_float_3_3
Parameters: 0.999999 -0.00117696 0.000911805 0.00117731 0.999999 0.000105384 -0.000911212 -0.000104154 0.999999 0.02852 -0.00659835 -0.0749516
FixedParameters: 0 0 0

#Transform 113
Transform: AffineTransform_float_3_3
Parameters: 0.999998 -0.00104454 0.00120469 0.00104429 0.999999 0.000101262 -0.00120491 -0.00010007 0.999999 0.0290664 -0.0118335 -0.0754034
FixedParameters: 0 0 0

#Transform 114
Transform: AffineTransform_float_3_3
Parameters: 0.999999 -1.85307e-05 0.00185478 1.878e-05 1 0.000293524 -0.0018545 -0.000294279 0.999998 -0.00828803 -0.148754 0.155131
FixedParameters: 0 0 0

#Transform 115
Transform: AffineTransform_float_3_3
Parameters: 0.999998 -9.05486e-05 0.00197988 8.88287e-05 1 0.000773095 -0.00197973 -0.000772654 0.999998 -0.0206483 -0.0770417 0.0319179
FixedParameters: 0 0 0

#Transform 116
Transform: AffineTransform_float_3_3
Parameters: 0.999998 -0.000378552 0.00162299 0.000378763 1 9.64911e-05 -0.00162224 -9.60989e-05 0.999999 -0.00832119 -0.0727311 0.0325247
FixedParameters: 0 0 0

#Transform 117
Transform: AffineTransform_float_3_3
Parameters: 0.999999 -0.000613257 0.00130329 0.000612162 1 0.000416593 -0.00130381 -0.00041632 0.999999 0.012681 -0.0424796 0.0353775
FixedParameters: 0 0 0

#Transform 118
Transform: AffineTransform_float_3_3
Parameters: 0.999999 -0.000696329 0.00103609 0.000695318 0.999999 0.000744477 -0.00103629 -0.000744367 0.999999 0.0155736 -0.0190687 0.0440162
FixedParameters: 0 0 0

#Transform 119
Transform: AffineTransform_float_3_3
Parameters: 0.999999 -0.000715452 0.00072152 0.000714727 0.999999 0.000893073 -0.000721971 -0.000892957 0.999999 0.0063154 -0.0232586 0.0715125
FixedParameters: 0 0 0

#Transform 120
Transform: AffineTransform_float_3_3
Parameters: 1 -0.000907475 0.00070721 0.000906938 0.999999 0.0007607 -0.00070775 -0.000760333 0.999999 0.0282381 -0.0135183 0.0376423
FixedParameters: 0 0 0

#Transform 121
Transform: AffineTransform_float_3_3
Parameters: 0.999999 -0.00105563 0.000750266 0.00105512 0.999999 0.000699334 -0.000750902 -0.000698667 0.999999 0.0355756 -0.0103929 -0.00743883
FixedParameters: 0 0 0

#Transform 122
Transform: AffineTransform_float_3_3
Parameters: 0.999998 -0.000880322 0.00132227 0.000879286 0.999999 0.000388574 -0.00132297 -0.000387571 0.999999 0.01876 -0.0310727 -0.0409514
FixedParameters: 0 0 0

#Transform 123
Transform: AffineTransform_float_3_3
Parameters: 0.999998 -0.0011627 0.00148477 0.00116404 0.999999 -0.000642184 -0.00148414 0.000642995 0.999999 0.0140826 -0.0145937 -0.0169999
FixedParameters: 0 0 0

#Transform 124
Transform: AffineTransform_float_3_3
Parameters: 0.999998 -0.00141126 0.00130672 0.00141117 0.999999 -0.000178361 -0.00130707 0.000179822 0.999999 0.0206275 -0.0262296 -0.044901
FixedParameters: 0 0 0

#Transform 125
Transform: AffineTransform_float_3_3
Parameters: 0.999999 -0.00138683 0.00124295 0.00138735 0.999999 -0.00021185 -0.00124238 0.000213063 0.999999 0.0250191 -0.0111653 -0.0393287
FixedParameters: 0 0 0

#Transform 126
Transform: AffineTransform_float_3_3
Parameters: 0.999999 -0.00137289 0.00126458 0.00137293 0.999999 -0.000233212 -0.00126479 0.000234457 0.999999 0.0300242 -0.00951372 -0.0316524
FixedParameters: 0 0 0

#Transform 127
Transform: AffineTransform_float_3_3
Parameters: 0.999999 -0.00136523 0.00118983 0.00136554 1 -0.00013072 -0.00118948 0.000132149 0.999999 0.0269404 0.000482287 -0.0401139
FixedParameters: 0 0 0

#Transform 128
Transform: AffineTransform_float_3_3
Parameters: 0.999998 -0.00134853 0.0010549 0.00134888 0.999998 -0.000165601 -0.00105446 0.000167121 1 0.032751 -0.00533838 -0.0360097
FixedParameters: 0 0 0

#Transform 129
Transform: AffineTransform_float_3_3
Parameters: 0.999999 -0.0013104 0.00125961 0.00131091 0.999999 -0.000422685 -0.00125936 0.000423758 0.999999 0.0309283 0.00779965 -0.0391859
FixedParameters: 0 0 0

#Transform 130
Transform: AffineTransform_float_3_3
Parameters: 0.999999 -0.00129249 0.00123407 0.00129274 0.999999 -0.000325537 -0.00123409 0.0003265 0.999999 0.0253147 -0.0023516 -0.0451775
FixedParameters: 0 0 0

#Transform 131
Transform: AffineTransform_float_3_3
Parameters: 0.999998 -0.001222 0.00108071 0.00122264 0.999998 -0.000546941 -0.00108023 0.000548265 0.999999 0.0292289 4.86998e-05 -0.0322481
FixedParameters: 0 0 0

#Transform 132
Transform: AffineTransform_float_3_3
Parameters: 0.999998 -0.00121133 0.00112192 0.0012114 0.999999 -0.000277473 -0.0011221 0.000278873 0.999999 0.0202683 -0.0261955 -0.0365818
FixedParameters: 0 0 0

#Transform 133
Transform: AffineTransform_float_3_3
Parameters: 0.999998 -0.00130059 0.000987091 0.00130092 0.999999 -0.000172224 -0.000986655 0.000173466 1 0.0252206 -0.0100439 -0.0695432
FixedParameters: 0 0 0

#Transform 134
Transform: AffineTransform_float_3_3
Parameters: 0.999998 -0.00129648 0.0010302 0.00129708 0.999999 -0.000293043 -0.00102944 0.000294804 0.999999 0.0261474 -0.00936646 -0.0999407
FixedParameters: 0 0 0

#Transform 135
Transform: AffineTransform_float_3_3
Parameters: 0.999998 -0.00131154 0.000932876 0.00131154 0.999999 -0.000291834 -0.000932951 0.000293378 0.999999 0.0269784 -0.0107478 -0.105207
FixedParameters: 0 0 0

#Transform 136
Transform: AffineTransform_float_3_3
Parameters: 0.999998 -0.00134062 0.000956348 0.00134088 0.999999 -0.000133851 -0.000955988 0.000135505 0.999999 0.0293061 -0.0148866 -0.106664
FixedParameters: 0 0 0

#Transform 137
Transform: AffineTransform_float_3_3
Parameters: 0.999999 -0.00133752 0.000750646 0.00133752 0.999999 -1.56041e-06 -0.000750642 2.65858e-06 1 0.0345317 -0.0195213 -0.101671
FixedParameters: 0 0 0

#Transform 138
Transform: AffineTransform_float_3_3
Parameters: 0.999999 -0.00125694 0.000875961 0.00125694 0.999999 -3.59576e-06 -0.000875952 4.88797e-06 1 0.0328989 -0.0277687 -0.114535
FixedParameters: 0 0 0

#Transform 139
Transform: AffineTransform_float_3_3
Parameters: 0.999999 -0.00108494 0.00114209 0.00108568 0.999999 -0.000563748 -0.00114172 0.000564909 0.999999 0.02149 -2.33641e-05 -0.124001
FixedParameters: 0 0 0

#Transform 140
Transform: AffineTransform_float_3_3
Parameters: 0.999998 -0.000818171 0.00140809 0.000820035 0.999999 -0.0013391 -0.00140706 0.00134008 0.999998 0.0119288 0.0249016 -0.132259
FixedParameters: 0 0 0

#Transform 141
Transform: AffineTransform_float_3_3
Parameters: 0.999999 -0.00108013 0.00114861 0.00108124 0.999999 -0.000948352 -0.00114827 0.000948613 0.999999 0.0308707 0.0280477 -0.158394
FixedParameters: 0 0 0

#Transform 142
Transform: AffineTransform_float_3_3
Parameters: 0.999998 -0.00134327 0.000862178 0.00134429 0.999999 -0.000891295 -0.00086064 0.000891797 0.999999 0.0289662 0.033253 -0.152245
FixedParameters: 0 0 0

#Transform 143
Transform: AffineTransform_float_3_3
Parameters: 1 -0.000900869 0.000770701 0.000901808 0.999999 -0.00129528 -0.000770063 0.00129577 0.999999 0.0189955 0.0465359 -0.137546
FixedParameters: 0 0 0

#Transform 144
Transform: AffineTransform_float_3_3
Parameters: 0.999999 -0.00123987 0.000899877 0.0012413 0.999998 -0.00138512 -0.000898136 0.00138645 0.999999 0.0247813 0.0042465 -0.147147
FixedParameters: 0 0 0

#Transform 145
Transform: AffineTransform_float_3_3
Parameters: 0.999999 -0.0013112 0.000789634 0.00131199 0.999999 -0.0011733 -0.000788252 0.00117448 0.999999 0.0290637 -0.00623336 -0.153741
FixedParameters: 0 0 0

#Transform 146
Transform: AffineTransform_float_3_3
Parameters: 0.999999 -0.0012756 0.00084512 0.00127627 0.999999 -0.00102319 -0.000844205 0.00102445 1 0.0275421 -0.0191022 -0.158795
FixedParameters: 0 0 0

#Transform 147
Transform: AffineTransform_float_3_3
Parameters: 0.999999 -0.00126855 0.000856047 0.00126925 0.999999 -0.00102337 -0.000855145 0.00102465 1 0.0272458 -0.0254691 -0.168727
FixedParameters: 0 0 0

#Transform 148
Transform: AffineTransform_float_3_3
Parameters: 0.999999 -0.00118381 0.000839595 0.00118526 0.999999 -0.00117286 -0.000837672 0.00117394 0.999999 0.024511 -0.0181264 -0.16107
FixedParameters: 0 0 0

#Transform 149
Transform: AffineTransform_float_3_3
Parameters: 0.999999 -0.00129826 0.000809543 0.00129926 0.999998 -0.00127164 -0.000807936 0.00127284 0.999999 0.0284067 -0.00697222 -0.178603
FixedParameters: 0 0 0

#Transform 150
Transform: AffineTransform_float_3_3
Parameters: 0.999998 -0.00143577 0.000747114 0.00143657 0.999998 -0.00158565 -0.000745101 0.00158641 0.999998 0.0313684 0.0270959 -0.183375
FixedParameters: 0 0 0

#Transform 151
Transform: AffineTransform_float_3_3
Parameters: 0.999999 -0.00134179 0.000741428 0.00134266 0.999998 -0.00165002 -0.000739552 0.00165021 0.999998 0.0307439 0.0326398 -0.194046
FixedParameters: 0 0 0

#Transform 152
Transform: AffineTransform_float_3_3
Parameters: 0.999999 -0.0013538 0.000722961 0.00135447 0.999997 -0.00157326 -0.000721237 0.00157433 0.999998 0.0290821 0.0273593 -0.198684
FixedParameters: 0 0 0

#Transform 153
Transform: AffineTransform_float_3_3
Parameters: 0.999999 -0.00130449 0.000698152 0.00130542 0.999998 -0.00142635 -0.000696126 0.00142727 0.999999 0.0295961 0.0187938 -0.187954
FixedParameters: 0 0 0

#Transform 154
Transform: AffineTransform_float_3_3
Parameters: 0.999999 -0.00139767 0.000655548 0.0013981 0.999998 -0.00113714 -0.000654065 0.00113807 1 0.0337187 0.00796789 -0.184448
FixedParameters: 0 0 0

#Transform 155
Transform: AffineTransform_float_3_3
Parameters: 0.999998 -0.00145346 0.000666847 0.00145474 0.999999 -0.00111612 -0.000665825 0.00111759 0.999999 0.0341579 -0.00878639 -0.196661
FixedParameters: 0 0 0

#Transform 156
Transform: AffineTransform_float_3_3
Parameters: 0.999999 -0.00143635 0.000595511 0.00143669 0.999999 -0.00116947 -0.000593835 0.0011707 0.999999 0.0417178 -0.0105606 -0.167312
FixedParameters: 0 0 0

#Transform 157
Transform: AffineTransform_float_3_3
Parameters: 0.999998 -0.00130484 0.000966711 0.00130756 0.999996 -0.00249245 -0.000963605 0.00249409 0.999996 0.0234824 -0.0215098 -0.0761988
FixedParameters: 0 0 0

#Transform 158
Transform: AffineTransform_float_3_3
Parameters: 0.999999 -0.00111637 0.00109369 0.00111666 0.999999 -0.000383926 -0.00109368 0.000385051 0.999999 0.0120557 -0.0597614 -0.039677
FixedParameters: 0 0 0

#Transform 159
Transform: AffineTransform_float_3_3
Parameters: 0.999999 -0.00109825 0.00060179 0.00109826 0.999999 -0.000904786 -0.000601486 0.000905211 0.999999 0.0265542 0.0020173 -0.145313
FixedParameters: 0 0 0

#Transform 160
Transform: AffineTransform_float_3_3
Parameters: 0.999999 -0.0010506 0.000957902 0.00105155 1 -0.00104925 -0.000957393 0.00105037 0.999999 0.0355654 -0.000224911 -0.217745
FixedParameters: 0 0 0

#Transform 161
Transform: AffineTransform_float_3_3
Parameters: 0.999999 -0.00103711 0.00112053 0.00103914 0.999998 -0.00198531 -0.00111841 0.00198673 0.999997 0.0292645 0.0896153 -0.222666
FixedParameters: 0 0 0

#Transform 162
Transform: AffineTransform_float_3_3
Parameters: 0.999999 -0.000991474 0.00074173 0.00099269 0.999996 -0.00278238 -0.00073909 0.00278296 0.999996 0.0359949 0.0882285 -0.237093
FixedParameters: 0 0 0

#Transform 163
Transform: AffineTransform_float_3_3
Parameters: 1 -0.000656615 0.000862898 0.000658647 0.999995 -0.00303798 -0.000860399 0.00303911 0.999995 0.0245048 0.0547933 -0.189761
FixedParameters: 0 0 0

#Transform 164
Transform: AffineTransform_float_3_3
Parameters: 1 -0.000645288 0.000879471 0.000648088 0.999994 -0.003409 -0.000876585 0.00340972 0.999994 0.0299343 0.0250996 -0.118504
FixedParameters: 0 0 0

#Transform 165
Transform: AffineTransform_float_3_3
Parameters: 0.999999 -0.000920445 3.74874e-05 0.000920553 0.999994 -0.00312632 -3.40241e-05 0.00312641 0.999995 0.0409625 0.00937455 -0.0246643
FixedParameters: 0 0 0

#Transform 166
Transform: AffineTransform_float_3_3
Parameters: 1 -0.00101214 -0.000185032 0.00101172 0.999995 -0.00302339 0.000188343 0.00302347 0.999995 0.0558748 -0.0670239 -0.00171505
FixedParameters: 0 0 0

#Transform 167
Transform: AffineTransform_float_3_3
Parameters: 0.999999 -0.000677133 -0.000311812 0.000676334 0.999994 -0.00333891 0.000314325 0.00333852 0.999995 0.0415128 -0.0790567 -0.0219405
FixedParameters: 0 0 0

#Transform 168
Transform: AffineTransform_float_3_3
Parameters: 0.999999 -0.00093125 -0.000385844 0.000930386 0.999994 -0.00314033 0.000388316 0.00313966 0.999995 0.045803 -0.0405253 -0.0407292
FixedParameters: 0 0 0

#Transform 169
Transform: AffineTransform_float_3_3
Parameters: 0.999999 -0.000817882 -0.000529101 0.000816481 0.999994 -0.00332942 0.000531995 0.00332859 0.999995 0.0490557 -0.0134925 -0.0466721
FixedParameters: 0 0 0

#Transform 170
Transform: AffineTransform_float_3_3
Parameters: 0.999999 -0.000833447 -0.000553098 0.000832133 0.999995 -0.00308501 0.000555703 0.00308413 0.999995 0.0559017 -0.00186624 -0.0468195
FixedParameters: 0 0 0

#Transform 171
Transform: AffineTransform_float_3_3
Parameters: 1 -0.000647339 -0.000265923 0.000646758 0.999993 -0.00350366 0.000268451 0.00350335 0.999994 0.0435243 0.0194822 -0.144554
FixedParameters: 0 0 0

#Transform 172
Transform: AffineTransform_float_3_3
Parameters: 0.999999 -0.000752648 -0.000428183 0.000751472 0.999995 -0.00281498 0.000430439 0.00281437 0.999996 0.0383308 0.0166976 -0.0755148
FixedParameters: 0 0 0

#Transform 173
Transform: AffineTransform_float_3_3
Parameters: 1 -0.00104395 -0.000637202 0.00104173 0.999995 -0.00293851 0.000639998 0.00293856 0.999995 0.0501479 0.0113465 -0.0490693
FixedParameters: 0 0 0

#Transform 174
Transform: AffineTransform_float_3_3
Parameters: 1 -0.000907819 -0.000667972 0.000905884 0.999995 -0.00300119 0.000670896 0.00300002 0.999996 0.0603389 -0.0252798 -0.00800566
FixedParameters: 0 0 0

#Transform 175
Transform: AffineTransform_float_3_3
Parameters: 1 -0.00102348 -0.000550374 0.00102179 0.999996 -0.0029381 0.000553034 0.00293744 0.999996 0.0572589 -0.0262485 0.0251317
FixedParameters: 0 0 0

#Transform 176
Transform: AffineTransform_float_3_3
Parameters: 0.999999 -0.000916515 -0.000331688 0.000915342 0.999995 -0.00281503 0.000334025 0.00281446 0.999996 0.0489212 0.022593 -0.0139392
FixedParameters: 0 0 0

#Transform 177
Transform: AffineTransform_float_3_3
Parameters: 1 -0.00114662 -0.000155947 0.00114584 0.99999 -0.00433793 0.000160792 0.00433805 0.999991 0.0496761 0.0241768 0.0208113
FixedParameters: 0 0 0

#Transform 178
Transform: AffineTransform_float_3_3
Parameters: 1 -0.00112724 2.10426e-05 0.00112795 0.999991 -0.00403921 -1.70332e-05 0.00403841 0.999992 0.0509513 0.0110869 0.00224595
FixedParameters: 0 0 0

#Transform 179
Transform: AffineTransform_float_3_3
Parameters: 0.999999 -0.0013233 0.000150618 0.00132367 0.999991 -0.00403929 -0.000145326 0.00403883 0.999992 0.0531788 0.00986869 -0.00455744
FixedParameters: 0 0 0

#Transform 180
Transform: AffineTransform_float_3_3
Parameters: 0.999999 -0.00133746 0.000461356 0.00133981 0.999991 -0.00404267 -0.000456772 0.00404305 0.999992 0.0537302 -0.000621291 -0.0201464
FixedParameters: 0 0 0

#Transform 181
Transform: AffineTransform_float_3_3
Parameters: 0.999999 -0.00136959 0.000417663 0.00137101 0.999992 -0.00374392 -0.000412247 0.00374419 0.999993 0.057097 -0.0199293 0.00663347
FixedParameters: 0 0 0

#Transform 182
Transform: AffineTransform_float_3_3
Parameters: 0.999999 -0.00135332 0.000397363 0.00135413 0.999994 -0.00321777 -0.000393468 0.00321798 0.999995 0.0551526 0.000445617 -0.00419206
FixedParameters: 0 0 0

#Transform 183
Transform: AffineTransform_float_3_3
Parameters: 0.999999 -0.00141431 0.000169051 0.00141493 0.999995 -0.00296959 -0.000165137 0.00297053 0.999996 0.0568167 0.00715503 -0.0256303
FixedParameters: 0 0 0

#Transform 184
Transform: AffineTransform_float_3_3
Parameters: 0.999999 -0.00142601 0.000119724 0.00142632 0.999995 -0.0028754 -0.000116014 0.0028753 0.999996 0.0593524 0.0199719 -0.0198026
FixedParameters: 0 0 0

#Transform 185
Transform: AffineTransform_float_3_3
Parameters: 0.999999 -0.00138818 3.46136e-05 0.00138716 0.999995 -0.00286773 -3.06056e-05 0.00286737 0.999996 0.060368 0.0362829 -0.000822718
FixedParameters: 0 0 0

#Transform 186
Transform: AffineTransform_float_3_3
Parameters: 1 -0.00120938 -0.000220991 0.00120883 0.999995 -0.00275132 0.000224839 0.00275082 0.999996 0.0507497 0.0370631 0.0381429
FixedParameters: 0 0 0

#Transform 187
Transform: AffineTransform_float_3_3
Parameters: 1 -0.00114256 -0.000360715 0.00114208 0.999995 -0.00275218 0.000363656 0.00275141 0.999996 0.0534119 0.0176906 0.0502023
FixedParameters: 0 0 0

#Transform 188
Transform: AffineTransform_float_3_3
Parameters: 1 -0.00116703 -0.000358046 0.00116658 0.999995 -0.00275634 0.000361143 0.00275597 0.999996 0.0528028 0.0059407 0.0858155
FixedParameters: 0 0 0

#Transform 189
Transform: AffineTransform_float_3_3
Parameters: 0.999999 -0.00101608 -0.00028459 0.00101628 0.999998 -0.0017531 0.000286214 0.00175297 0.999998 0.0341 -0.0812845 0.139398
FixedParameters: 0 0 0
