#Insight Transform File V1.0
#Transform 0
Transform: AffineTransform_float_3_3
Parameters: 1 -0.000117998 -0.000180297 0.000118128 0.999997 0.00248431 0.000180209 -0.00248436 0.999997 0.00881177 -0.0263356 0.102604
FixedParameters: 0 0 0

#Transform 1
Transform: AffineTransform_float_3_3
Parameters: 1 0.000369912 -0.000280261 -0.00036892 0.999996 0.00259532 0.000281296 -0.00259511 0.999996 0.00843492 -0.0137519 0.103656
FixedParameters: 0 0 0

#Transform 2
Transform: AffineTransform_float_3_3
Parameters: 1 0.000381951 -8.31696e-05 -0.000381952 0.999997 0.00263024 8.42809e-05 -0.00263108 0.999996 -0.00464897 -0.0713949 0.124749
FixedParameters: 0 0 0

#Transform 3
Transform: AffineTransform_float_3_3
Parameters: 1 0.000441789 -0.000167228 -0.000441245 0.999995 0.00292941 0.000168918 -0.00292926 0.999995 0.00609106 -0.0609206 0.0552993
FixedParameters: 0 0 0

#Transform 4
Transform: AffineTransform_float_3_3
Parameters: 0.999999 0.000660507 -0.000291641 -0.000660028 0.999999 0.00165898 0.000292961 -0.0016595 0.999998 0.0145297 0.0745845 0.00361699
FixedParameters: 0 0 0

#Transform 5
Transform: AffineTransform_float_3_3
Parameters: 1 0.00109431 -0.000179614 -0.00109448 0.999999 0.00102766 0.000181032 -0.00102685 0.999999 0.0111719 0.0437925 -0.0408942
FixedParameters: 0 0 0

#Transform 6
Transform: AffineTransform_float_3_3
Parameters: 1 0.00113405 0.000196525 -0.00113417 0.999999 0.00023645 -0.000195974 -0.000236896 1 -0.0087298 0.0492261 -0.0426728
FixedParameters: 0 0 0

#Transform 7
Transform: AffineTransform_float_3_3
Parameters: 0.999999 0.00075115 1.95951e-05 -0.000751144 0.999999 -0.000153503 -1.98257e-05 0.000153474 1 0.0028656 0.0201701 -0.101525
FixedParameters: 0 0 0

#Transform 8
Transform: AffineTransform_float_3_3
Parameters: 0.999999 0.000991827 -0.000134854 -0.000991863 0.999999 -0.00013309 0.00013459 0.000133358 1 0.00350611 0.00870697 -0.0597651
FixedParameters: 0 0 0

#Transform 9
Transform: AffineTransform_float_3_3
Parameters: 1 0.00111403 0.000227538 -0.00111426 0.999998 0.00117928 -0.000226292 -0.00117977 1 -0.00633322 -0.0425238 -0.0176204
FixedParameters: 0 0 0

#Transform 10
Transform: AffineTransform_float_3_3
Parameters: 0.999999 0.000872502 3.84431e-05 -0.000872279 0.999998 0.00134357 -3.74944e-05 -0.00134362 0.999999 -0.00125892 -0.0385562 -0.033336
FixedParameters: 0 0 0

#Transform 11
Transform: AffineTransform_float_3_3
Parameters: 0.999999 0.000785046 8.56641e-05 -0.000784327 0.999999 0.000710482 -8.50896e-05 -0.000710604 0.999999 0.00550401 -0.0301141 0.0284932
FixedParameters: 0 0 0

#Transform 12
Transform: AffineTransform_float_3_3
Parameters: 1 0.0004057 -0.000228827 -0.000405701 1 -2.86005e-06 0.000228825 3.04572e-06 1 0.0101444 0.00682016 -0.111389
FixedParameters: 0 0 0

#Transform 13
Transform: AffineTransform_float_3_3
Parameters: 0.999999 0.000679704 -0.000408073 -0.000679521 0.999999 -0.00043738 0.000408319 0.000437928 1 0.010047 -0.0186075 -0.118618
FixedParameters: 0 0 0

#Transform 14
Transform: AffineTransform_float_3_3
Parameters: 1 0.000347653 -0.000320801 -0.000347772 1 -0.0010684 0.000320885 0.00106861 1 0.0114464 0.0269055 -0.076138
FixedParameters: 0 0 0

#Transform 15
Transform: AffineTransform_float_3_3
Parameters: 1 0.000660892 -0.000195768 -0.00066061 1 -0.000683378 0.000195717 0.000684045 0.999999 0.0102909 0.0356093 -0.0634109
FixedParameters: 0 0 0

#Transform 16
Transform: AffineTransform_float_3_3
Parameters: 0.999999 0.000714954 -0.000211554 -0.000714694 0.999999 -0.000683535 0.000211429 0.000684246 0.999999 0.000865265 0.0789969 -0.0189286
FixedParameters: 0 0 0

#Transform 17
Transform: AffineTransform_float_3_3
Parameters: 1 0.000619332 0.000102804 -0.000619282 1 -0.000243688 -0.000103105 0.000243561 1 -0.00283465 0.042061 -0.0428388
FixedParameters: 0 0 0

#Transform 18
Transform: AffineTransform_float_3_3
Parameters: 1 0.000623982 0.000111742 -0.000624079 0.999999 0.000435236 -0.000111198 -0.000435375 1 -0.00225993 0.017034 -0.0304411
FixedParameters: 0 0 0

#Transform 19
Transform: AffineTransform_float_3_3
Parameters: 1 0.000564038 -0.000160322 -0.000564077 1 -0.000120836 0.000160186 0.000121017 1 0.00466587 0.00418771 -0.0508155
FixedParameters: 0 0 0

#Transform 20
Transform: AffineTransform_float_3_3
Parameters: 1 0.000544081 0.00016314 -0.000544224 1 0.000439128 -0.000162662 -0.000439305 1 -0.00218999 -0.0257831 0.0138843
FixedParameters: 0 0 0

#Transform 21
Transform: AffineTransform_float_3_3
Parameters: 1 0.00030675 -0.000383231 -0.00030649 1 -0.000366247 0.000383847 0.000366475 1 0.00630796 -0.0133158 0.00222582
FixedParameters: 0 0 0

#Transform 22
Transform: AffineTransform_float_3_3
Parameters: 1 0.000273642 -0.000434984 -0.000273623 1 -0.000598391 0.000435497 0.000598622 0.999999 0.00737602 0.0107644 -0.0100352
FixedParameters: 0 0 0

#Transform 23
Transform: AffineTransform_float_3_3
Parameters: 1 0.000329389 -0.000191791 -0.000329166 0.999999 -0.000827908 0.000192087 0.000828028 0.999999 0.0100133 0.0105043 -0.0231477
FixedParameters: 0 0 0

#Transform 24
Transform: AffineTransform_float_3_3
Parameters: 1 0.000184358 -0.000326864 -0.000185055 1 -0.00110624 0.000326442 0.00110636 1 0.00908792 0.0281902 -0.0127806
FixedParameters: 0 0 0

#Transform 25
Transform: AffineTransform_float_3_3
Parameters: 1 0.000332001 -0.00034496 -0.000332117 1 -0.000986428 0.000345131 0.000985741 0.999999 0.00603382 0.023193 0.0113289
FixedParameters: 0 0 0

#Transform 26
Transform: AffineTransform_float_3_3
Parameters: 1 0.000254274 -0.00046553 -0.000255132 1 -0.00094837 0.000465032 0.000947698 0.999999 0.00804143 0.0372679 -0.0125697
FixedParameters: 0 0 0

#Transform 27
Transform: AffineTransform_float_3_3
Parameters: 1 0.000159658 -0.000383148 -0.000159687 0.999999 -0.00074332 0.000383751 0.000743436 0.999999 0.00596264 0.0367426 -0.00853063
FixedParameters: 0 0 0

#Transform 28
Transform: AffineTransform_float_3_3
Parameters: 1 6.77873e-05 -0.000357855 -6.70098e-05 1 -0.000844585 0.000358043 0.000845549 1 0.0048173 0.0368714 -0.0102018
FixedParameters: 0 0 0

#Transform 29
Transform: AffineTransform_float_3_3
Parameters: 1 7.8677e-05 -0.00040597 -7.95908e-05 1 -0.00115655 0.000405773 0.00115661 0.999999 0.00547667 0.0237341 0.00512675
FixedParameters: 0 0 0

#Transform 30
Transform: AffineTransform_float_3_3
Parameters: 1 0.000326654 -0.000180679 -0.000326834 1 -0.000497001 0.000180355 0.000497119 1 -0.00775887 -0.0253753 0.0424431
FixedParameters: 0 0 0

#Transform 31
Transform: AffineTransform_float_3_3
Parameters: 1 0.000344688 -6.02926e-05 -0.000344748 1 -0.000498674 5.99488e-05 0.000498716 1 7.74325e-05 -0.0345198 0.0392055
FixedParameters: 0 0 0

#Transform 32
Transform: AffineTransform_float_3_3
Parameters: 1 0.000479164 -0.000115225 -0.000478698 1 -0.000322865 0.000115757 0.000322969 1 0.00230152 -0.0207467 0.0272739
FixedParameters: 0 0 0

#Transform 33
Transform: AffineTransform_float_3_3
Parameters: 1 0.0004935 -9.28682e-05 -0.000493553 1 -0.000285254 9.25866e-05 0.000285345 1 0.00183021 -0.0337894 0.0284822
FixedParameters: 0 0 0

#Transform 34
Transform: AffineTransform_float_3_3
Parameters: 1 0.000370254 -1.1179e-05 -0.000370263 1 -0.000421477 1.08669e-05 0.000421485 1 0.00327108 -0.023358 0.022005
FixedParameters: 0 0 0

#Transform 35
Transform: AffineTransform_float_3_3
Parameters: 1 0.000212635 -0.000345466 -0.000213281 0.999999 -0.000922879 0.000345061 0.000922611 0.999999 0.00532107 0.0211098 0.00320725
FixedParameters: 0 0 0

#Transform 36
Transform: AffineTransform_float_3_3
Parameters: 1 0.000226111 -4.78358e-05 -0.000226184 1 -0.00102907 4.73565e-05 0.00102909 1 0.00591005 0.030142 -0.0118531
FixedParameters: 0 0 0

#Transform 37
Transform: AffineTransform_float_3_3
Parameters: 1 -0.000395985 0.000133415 0.000395693 0.999999 -0.000930959 -0.000133519 0.000931071 0.999999 0.0148521 0.0208104 -0.000820607
FixedParameters: 0 0 0

#Transform 38
Transform: AffineTransform_float_3_3
Parameters: 1 0.000323114 -2.14855e-05 -0.00032313 1 -0.00036501 2.12496e-05 0.000365024 1 0.00499331 -0.0260737 0.0185965
FixedParameters: 0 0 0

#Transform 39
Transform: AffineTransform_float_3_3
Parameters: 1 0.000437326 -0.000180572 -0.000437506 1 -0.000497753 0.000180137 0.000497911 1 0.00900429 0.0100172 -0.0152464
FixedParameters: 0 0 0

#Transform 40
Transform: AffineTransform_float_3_3
Parameters: 1 -0.000312255 0.000392967 0.000312304 0.999999 -0.000749709 -0.00039334 0.000749961 0.999999 0.0051676 0.0142959 0.00331317
FixedParameters: 0 0 0

#Transform 41
Transform: AffineTransform_float_3_3
Parameters: 1 0.000223527 0.000172425 -0.000223309 1 -0.000631822 -0.000172707 0.000631745 1 -0.00405329 0.015653 -0.00936167
FixedParameters: 0 0 0

#Transform 42
Transform: AffineTransform_float_3_3
Parameters: 1 0.000210626 0.000143736 -0.000210522 1 -0.000361336 -0.000143888 0.000361275 1 -0.00436649 -0.0423065 0.0050668
FixedParameters: 0 0 0

#Transform 43
Transform: AffineTransform_float_3_3
Parameters: 1 0.000234473 0.000105089 -0.000234403 1 -0.000333009 -0.000105246 0.000332959 1 -0.00339426 -0.0346337 0.00720826
FixedParameters: 0 0 0

#Transform 44
Transform: AffineTransform_float_3_3
Parameters: 1 -0.000312998 0.00032529 0.000312959 0.999999 -0.000770878 -0.000325648 0.000771089 0.999999 0.0069821 0.0226044 -0.00447064
FixedParameters: 0 0 0

#Transform 45
Transform: AffineTransform_float_3_3
Parameters: 1 -0.000434148 0.000189003 0.000433876 0.999999 -0.00071034 -0.000189227 0.000710511 0.999999 0.0146598 0.0245979 -0.00808567
FixedParameters: 0 0 0

#Transform 46
Transform: AffineTransform_float_3_3
Parameters: 1 -0.000425625 0.000450515 0.000425906 1 -0.000312527 -0.000450248 0.00031291 1 0.00738838 -0.00799412 -0.0152105
FixedParameters: 0 0 0

#Transform 47
Transform: AffineTransform_float_3_3
Parameters: 1 -0.000399712 0.000388416 0.000399708 0.999999 -0.000690004 -0.000388705 0.000690322 0.999999 0.00918757 0.0115507 -0.0159466
FixedParameters: 0 0 0

#Transform 48
Transform: AffineTransform_float_3_3
Parameters: 1 -0.000597129 0.000263309 0.00059734 0.999999 -0.000401028 -0.00026283 0.000401343 1 0.00842969 -0.037731 0.00429889
FixedParameters: 0 0 0

#Transform 49
Transform: AffineTransform_float_3_3
Parameters: 1 -0.000458554 0.00046539 0.00045852 0.999999 -0.000554196 -0.000465734 0.000554215 1 0.00505802 0.00984186 -0.0138282
FixedParameters: 0 0 0

#Transform 50
Transform: AffineTransform_float_3_3
Parameters: 0.999999 0.000748646 0.000301138 -0.000748234 0.999999 -0.00114134 -0.000301478 0.00114087 1 -0.00258613 -0.0113187 -0.0368767
FixedParameters: 0 0 0

#Transform 51
Transform: AffineTransform_float_3_3
Parameters: 0.999999 0.00114109 0.000906574 -0.00113954 0.999998 -0.00192541 -0.000908502 0.00192462 0.999998 -0.05828 -0.0313494 -0.0535742
FixedParameters: 0 0 0

#Transform 52
Transform: AffineTransform_float_3_3
Parameters: 1 0.000915945 0.000764527 -0.000915007 0.999998 -0.00188717 -0.000765521 0.00188614 0.999997 -0.0455233 0.0109818 -0.0290711
FixedParameters: 0 0 0

#Transform 53
Transform: AffineTransform_float_3_3
Parameters: 1 0.000441705 9.03045e-05 -0.000441266 0.999997 -0.00213047 -9.22134e-05 0.00213039 0.999997 -0.0106592 0.0252361 -1.14832e-05
FixedParameters: 0 0 0

#Transform 54
Transform: AffineTransform_float_3_3
Parameters: 1 0.000396295 3.68113e-05 -0.000396934 0.999998 -0.00203246 -3.79107e-05 0.00203242 0.999998 0.00229215 0.00569764 0.00465452
FixedParameters: 0 0 0

#Transform 55
Transform: AffineTransform_float_3_3
Parameters: 1 0.000499703 -8.74125e-05 -0.000499469 0.999998 -0.00225187 8.59731e-05 0.00225237 0.999997 -0.00465356 0.0221875 0.0242904
FixedParameters: 0 0 0

#Transform 56
Transform: AffineTransform_float_3_3
Parameters: 1 0.000937419 0.000270746 -0.000937584 0.999999 -0.00122661 -0.000272494 0.0012265 0.999999 -0.0282069 -0.0897181 0.0874088
FixedParameters: 0 0 0

#Transform 57
Transform: AffineTransform_float_3_3
Parameters: 0.999999 0.00146284 0.000894302 -0.00146064 0.999996 -0.00230982 -0.00089859 0.00230848 0.999997 -0.0613073 -0.0253745 0.0541735
FixedParameters: 0 0 0

#Transform 58
Transform: AffineTransform_float_3_3
Parameters: 0.999998 0.00140411 0.000739742 -0.00140301 0.999998 -0.00169158 -0.000741186 0.00168987 0.999998 -0.0589703 -0.0247272 0.0961702
FixedParameters: 0 0 0

#Transform 59
Transform: AffineTransform_float_3_3
Parameters: 0.999999 0.000797379 0.000374904 -0.000796334 0.999998 -0.00172374 -0.000376297 0.00172312 0.999999 -0.0285122 -0.0298357 0.0937821
FixedParameters: 0 0 0

#Transform 60
Transform: AffineTransform_float_3_3
Parameters: 1 0.000595541 0.000275557 -0.000595269 0.999998 -0.00192198 -0.000277333 0.00192164 0.999998 -0.0304555 -0.0112569 0.131021
FixedParameters: 0 0 0

#Transform 61
Transform: AffineTransform_float_3_3
Parameters: 1 0.000672408 8.59359e-05 -0.000672246 0.999998 -0.00223106 -8.75958e-05 0.00223093 0.999998 -0.0235009 0.0377637 0.131824
FixedParameters: 0 0 0

#Transform 62
Transform: AffineTransform_float_3_3
Parameters: 1 0.000586608 4.74988e-05 -0.000586658 0.999997 -0.00208493 -4.8591e-05 0.00208486 0.999998 -0.0160984 0.0538711 0.10778
FixedParameters: 0 0 0

#Transform 63
Transform: AffineTransform_float_3_3
Parameters: 1 0.000529198 -4.17105e-05 -0.000529606 0.999998 -0.00222538 4.06942e-05 0.00222541 0.999998 -0.00787892 0.053112 0.100475
FixedParameters: 0 0 0

#Transform 64
Transform: AffineTransform_float_3_3
Parameters: 1 0.00045311 -0.000424793 -0.000454383 0.999998 -0.00222633 0.00042357 0.0022258 0.999997 0.00631618 0.0334292 0.0930702
FixedParameters: 0 0 0

#Transform 65
Transform: AffineTransform_float_3_3
Parameters: 1 0.000493259 -9.44237e-05 -0.00049288 0.999999 -0.00085629 9.44203e-05 0.000856377 0.999999 -0.00858574 -0.0123049 0.147289
FixedParameters: 0 0 0

#Transform 66
Transform: AffineTransform_float_3_3
Parameters: 0.999999 0.000573563 -0.000430887 -0.000574033 0.999999 -0.0005454 0.000430261 0.000545895 1 0.0156126 0.00248507 0.104143
FixedParameters: 0 0 0

#Transform 67
Transform: AffineTransform_float_3_3
Parameters: 1 0.000407773 -0.000521875 -0.000408113 0.999999 -0.00169926 0.000520761 0.00169969 0.999999 0.0268203 0.0180103 0.0195497
FixedParameters: 0 0 0

#Transform 68
Transform: AffineTransform_float_3_3
Parameters: 0.999999 0.000593425 -0.000401595 -0.000594024 0.999999 -0.00145201 0.000400698 0.00145248 0.999999 0.0194314 0.0217733 0.0056555
FixedParameters: 0 0 0

#Transform 69
Transform: AffineTransform_float_3_3
Parameters: 1 0.000571591 -0.000309846 -0.000571872 0.999999 -0.00136806 0.000309109 0.00136841 0.999999 0.0223354 0.0224003 -0.0127874
FixedParameters: 0 0 0

#Transform 70
Transform: AffineTransform_float_3_3
Parameters: 1 0.000511074 -0.000385124 -0.000511513 0.999999 -0.00130467 0.000384617 0.00130506 0.999999 0.0242599 0.0182966 -0.0358819
FixedParameters: 0 0 0

#Transform 71
Transform: AffineTransform_float_3_3
Parameters: 1 0.000451431 -0.000160292 -0.000451831 0.999999 -0.0013312 0.000159075 0.00133135 0.999999 0.0189973 0.0399198 -0.0211481
FixedParameters: 0 0 0

#Transform 72
Transform: AffineTransform_float_3_3
Parameters: 0.999999 0.000625946 -0.000351181 -0.000626399 0.999998 -0.00145289 0.000350189 0.00145332 0.999999 0.0190932 0.0313984 -0.0251974
FixedParameters: 0 0 0

#Transform 73
Transform: AffineTransform_float_3_3
Parameters: 0.999999 0.000602708 -0.000573907 -0.000604068 0.999998 -0.00170029 0.000572667 0.00170007 0.999998 0.0229662 0.0343824 -0.0262721
FixedParameters: 0 0 0

#Transform 74
Transform: AffineTransform_float_3_3
Parameters: 0.999999 0.000573824 -0.000539224 -0.000574421 0.999999 -0.00160255 0.000539036 0.00160225 0.999998 0.0189103 0.0251831 -0.0384115
FixedParameters: 0 0 0

#Transform 75
Transform: AffineTransform_float_3_3
Parameters: 1 0.000528433 -0.000469139 -0.000529227 0.999999 -0.0014507 0.000468432 0.00145119 0.999999 0.0208102 0.0363781 -0.0483712
FixedParameters: 0 0 0

#Transform 76
Transform: AffineTransform_float_3_3
Parameters: 1 0.00010338 -0.000700284 -0.000104322 0.999999 -0.00169504 0.000700205 0.00169519 0.999999 0.0277185 0.0520311 -0.079327
FixedParameters: 0 0 0

#Transform 77
Transform: AffineTransform_float_3_3
Parameters: 0.999999 0.000394316 -0.000710348 -0.000395098 0.999998 -0.00154172 0.000709417 0.00154228 0.999998 0.0325664 0.0280258 -0.0664001
FixedParameters: 0 0 0

#Transform 78
Transform: AffineTransform_float_3_3
Parameters: 0.999999 0.000367853 -0.000653503 -0.000369178 0.999999 -0.00144728 0.000653263 0.00144776 0.999998 0.0392685 0.0363434 -0.0733472
FixedParameters: 0 0 0

#Transform 79
Transform: AffineTransform_float_3_3
Parameters: 1 -0.000155399 -0.000422589 0.000154831 0.999998 -0.00169685 0.000422561 0.00169674 0.999998 0.0308007 -0.0189507 -0.0893542
FixedParameters: 0 0 0

#Transform 80
Transform: AffineTransform_float_3_3
Parameters: 1 0.000366295 -0.00050274 -0.000366214 0.999999 0.00142909 0.000503472 -0.00142873 0.999999 0.00441061 -0.0335652 0.170245
FixedParameters: 0 0 0

#Transform 81
Transform: AffineTransform_float_3_3
Parameters: 0.999999 0.00136144 -0.000439536 -0.00135997 0.999996 0.00246048 0.000443125 -0.00246016 0.999997 -0.0435357 -0.0282036 0.352873
FixedParameters: 0 0 0

#Transform 82
Transform: AffineTransform_float_3_3
Parameters: 0.999998 0.00204315 0.000444634 -0.00204453 0.999996 0.00163892 -0.000441514 -0.00163986 0.999998 -0.0792969 0.0708416 0.287929
FixedParameters: 0 0 0

#Transform 83
Transform: AffineTransform_float_3_3
Parameters: 0.999999 0.00186414 3.43941e-05 -0.00186417 0.999998 0.000318992 -3.31692e-05 -0.000318288 1 -0.0563744 0.06851 0.246501
FixedParameters: 0 0 0

#Transform 84
Transform: AffineTransform_float_3_3
Parameters: 0.999999 0.00154797 0.000159593 -0.00154855 0.999999 0.00015225 -0.000159952 -0.000153233 1 -0.0476128 0.00598366 0.252193
FixedParameters: 0 0 0

#Transform 85
Transform: AffineTransform_float_3_3
Parameters: 0.999999 0.00125505 0.000102483 -0.00125504 0.999999 -0.000135453 -0.000102798 0.000135611 1 -0.0410248 -0.0126205 0.254764
FixedParameters: 0 0 0

#Transform 86
Transform: AffineTransform_float_3_3
Parameters: 1 0.00110327 0.000191875 -0.00110325 0.999999 -0.000130308 -0.000192148 0.000129884 1 -0.0386701 -0.0457659 0.253226
FixedParameters: 0 0 0

#Transform 87
Transform: AffineTransform_float_3_3
Parameters: 1 0.00102474 -6.46854e-05 -0.0010253 0.999999 5.17509e-05 6.39642e-05 -5.16124e-05 1 -0.0312408 -0.0619736 0.271413
FixedParameters: 0 0 0

#Transform 88
Transform: AffineTransform_float_3_3
Parameters: 1 0.000986287 2.46129e-05 -0.000987144 0.999999 -0.000192222 -2.44376e-05 0.000192161 1 -0.0326696 -0.0594421 0.278405
FixedParameters: 0 0 0

#Transform 89
Transform: AffineTransform_float_3_3
Parameters: 0.999999 0.00085038 2.16619e-05 -0.000850355 1 -0.000392543 -2.23183e-05 0.00039292 0.999999 -0.0324658 -0.0397302 0.271004
FixedParameters: 0 0 0

#Transform 90
Transform: AffineTransform_float_3_3
Parameters: 0.999999 0.000921649 -0.000166763 -0.000921754 0.999999 -0.000317203 0.000166178 0.00031751 1 -0.0276422 0.00359484 0.241512
FixedParameters: 0 0 0

#Transform 91
Transform: AffineTransform_float_3_3
Parameters: 0.999999 0.000850617 -0.000247812 -0.000850285 0.999999 -0.000421644 0.000247936 0.000422059 1 -0.0204625 0.0194548 0.255917
FixedParameters: 0 0 0

#Transform 92
Transform: AffineTransform_float_3_3
Parameters: 0.999999 0.000821853 -0.00024281 -0.000822101 0.999999 -0.000511531 0.000241969 0.00051193 1 -0.0165594 0.0416975 0.241435
FixedParameters: 0 0 0

#Transform 93
Transform: AffineTransform_float_3_3
Parameters: 0.999999 0.000702437 -0.000155008 -0.000702612 0.999999 -0.000565897 0.000154213 0.000566115 1 -0.0193018 0.0535989 0.234851
FixedParameters: 0 0 0

#Transform 94
Transform: AffineTransform_float_3_3
Parameters: 0.999999 0.000739469 -0.000215715 -0.000739712 0.999999 -0.000565343 0.000214878 0.000565662 1 -0.0187153 0.0376524 0.240599
FixedParameters: 0 0 0

#Transform 95
Transform: AffineTransform_float_3_3
Parameters: 0.999999 0.000745061 -0.000115017 -0.000745527 0.999999 -0.000719738 0.000115326 0.00071989 0.999999 -0.0196037 0.0332307 0.247717
FixedParameters: 0 0 0

#Transform 96
Transform: AffineTransform_float_3_3
Parameters: 1 0.000651133 -0.000129966 -0.00065078 1 -0.000815358 0.000129731 0.00081461 1 -0.0188663 0.0094536 0.248925
FixedParameters: 0 0 0

#Transform 97
Transform: AffineTransform_float_3_3
Parameters: 0.999999 0.000768526 -6.0541e-05 -0.000768068 0.999999 -0.000887092 6.00041e-05 0.000886268 1 -0.0236488 -0.00915759 0.251246
FixedParameters: 0 0 0

#Transform 98
Transform: AffineTransform_float_3_3
Parameters: 0.999999 0.000883353 0.000110693 -0.000883162 0.999999 -0.000746171 -0.000112026 0.000745064 1 -0.0332989 -0.0133697 0.2455
FixedParameters: 0 0 0

#Transform 99
Transform: AffineTransform_float_3_3
Parameters: 0.999999 0.000871088 0.00012171 -0.00087094 0.999999 -0.000571049 -0.000122694 0.000571251 0.999999 -0.0337594 -0.0229689 0.25478
FixedParameters: 0 0 0

#Transform 100
Transform: AffineTransform_float_3_3
Parameters: 0.999999 0.000821322 6.63132e-05 -0.000821223 0.999999 -0.000671968 -6.74056e-05 0.000672273 0.999999 -0.0331643 -0.0232375 0.256615
FixedParameters: 0 0 0

#Transform 101
Transform: AffineTransform_float_3_3
Parameters: 0.999999 0.000765885 -1.41802e-05 -0.000766735 0.999999 -0.000650511 1.37351e-05 0.000650934 0.999999 -0.0320238 -0.0230787 0.261245
FixedParameters: 0 0 0

#Transform 102
Transform: AffineTransform_float_3_3
Parameters: 0.999999 0.000739208 -3.1795e-05 -0.000739555 0.999999 -0.000733804 3.20916e-05 0.000733832 0.999999 -0.031525 -0.00154406 0.254963
FixedParameters: 0 0 0

#Transform 103
Transform: AffineTransform_float_3_3
Parameters: 0.999999 0.000719773 -1.3864e-05 -0.000720633 0.999999 -0.000696907 1.34008e-05 0.000696914 1 -0.031873 0.00179231 0.247763
FixedParameters: 0 0 0

#Transform 104
Transform: AffineTransform_float_3_3
Parameters: 0.999999 0.000824912 0.000151617 -0.000824732 0.999999 -0.00056112 -0.000152531 0.000561284 0.999999 -0.0339848 0.0203436 0.24854
FixedParameters: 0 0 0

#Transform 105
Transform: AffineTransform_float_3_3
Parameters: 0.999999 0.000789539 -1.99337e-05 -0.000789857 0.999999 -0.000652595 2.02959e-05 0.000653022 0.999999 -0.031115 0.00679113 0.234555
FixedParameters: 0 0 0

#Transform 106
Transform: AffineTransform_float_3_3
Parameters: 0.999999 0.000788974 -4.19849e-06 -0.00078982 0.999999 -0.000657512 3.70107e-06 0.000657506 1 -0.0314739 0.0129985 0.244234
FixedParameters: 0 0 0

#Transform 107
Transform: AffineTransform_float_3_3
Parameters: 0.999999 0.000755993 -0.000108969 -0.000755595 0.999999 -0.00065288 0.000108823 0.000653038 1 -0.0302143 -0.014734 0.253687
FixedParameters: 0 0 0

#Transform 108
Transform: AffineTransform_float_3_3
Parameters: 0.999999 0.000748348 -0.000381179 -0.000748769 1 -0.000585663 0.000380287 0.000585323 1 -0.0144238 -0.0218286 0.194199
FixedParameters: 0 0 0

#Transform 109
Transform: AffineTransform_float_3_3
Parameters: 1 0.00063463 -0.000194032 -0.000634889 0.999999 -0.000666933 0.000193185 0.000667179 1 -0.0152127 -0.00755109 0.194163
FixedParameters: 0 0 0

#Transform 110
Transform: AffineTransform_float_3_3
Parameters: 1 0.000540701 -8.95942e-05 -0.000540328 1 -0.00107571 8.92585e-05 0.0010758 1 -0.0175032 -0.0159094 0.191602
FixedParameters: 0 0 0

#Transform 111
Transform: AffineTransform_float_3_3
Parameters: 1 0.000652024 0.00011171 -0.000652515 0.999998 -0.00144818 -0.000113072 0.00144802 0.999999 -0.0242065 -0.0181352 0.200974
FixedParameters: 0 0 0

#Transform 112
Transform: AffineTransform_float_3_3
Parameters: 0.999999 0.000705702 0.000137937 -0.000705598 0.999999 -0.00137189 -0.000138505 0.00137168 0.999999 -0.0266933 -0.0269021 0.205814
FixedParameters: 0 0 0

#Transform 113
Transform: AffineTransform_float_3_3
Parameters: 0.999999 0.000752141 0.000184098 -0.0007519 0.999999 -0.00137513 -0.000184787 0.00137525 0.999999 -0.0259417 -0.0118733 0.199599
FixedParameters: 0 0 0

#Transform 114
Transform: AffineTransform_float_3_3
Parameters: 1 0.000526432 0.000330591 -0.000525531 0.999999 -0.00132212 -0.000331996 0.00132178 0.999999 -0.0218172 -0.00479266 0.174965
FixedParameters: 0 0 0

#Transform 115
Transform: AffineTransform_float_3_3
Parameters: 1 0.000560553 0.000312099 -0.000560669 0.999999 -0.00112012 -0.000312828 0.00111975 1 -0.0212751 -0.0147054 0.168027
FixedParameters: 0 0 0

#Transform 116
Transform: AffineTransform_float_3_3
Parameters: 1 0.000523717 0.000173895 -0.000523624 1 -0.00105903 -0.000173636 0.00105883 1 -0.0216393 -0.0180742 0.159603
FixedParameters: 0 0 0

#Transform 117
Transform: AffineTransform_float_3_3
Parameters: 1 0.000502397 0.000161064 -0.000502022 1 -0.00108171 -0.000162165 0.00108155 1 -0.0189257 -0.0200823 0.16306
FixedParameters: 0 0 0

#Transform 118
Transform: AffineTransform_float_3_3
Parameters: 1 0.000486758 0.000219648 -0.000486219 0.999999 -0.00116637 -0.000220797 0.00116616 1 -0.0236826 -0.0101239 0.169795
FixedParameters: 0 0 0

#Transform 119
Transform: AffineTransform_float_3_3
Parameters: 1 0.000545962 0.000316329 -0.000545879 0.999999 -0.0014181 -0.00031735 0.00141774 0.999999 -0.0254684 -0.013203 0.158615
FixedParameters: 0 0 0

#Transform 120
Transform: AffineTransform_float_3_3
Parameters: 1 0.000481161 0.000231418 -0.000480622 1 -0.00110748 -0.000232497 0.00110726 1 -0.020254 -0.0205131 0.149454
FixedParameters: 0 0 0

#Transform 121
Transform: AffineTransform_float_3_3
Parameters: 1 0.000343958 7.02802e-05 -0.000343779 1 -0.00109042 -7.1044e-05 0.00109037 1 -0.0127004 -0.00751603 0.140235
FixedParameters: 0 0 0

#Transform 122
Transform: AffineTransform_float_3_3
Parameters: 1 0.000536597 0.000328635 -0.000535876 1 -0.00105714 -0.000329782 0.00105679 1 -0.0213677 -0.00130643 0.136623
FixedParameters: 0 0 0

#Transform 123
Transform: AffineTransform_float_3_3
Parameters: 1 0.000445421 0.000161327 -0.000445054 1 -0.00105731 -0.000162282 0.00105716 1 -0.0133458 -0.00500539 0.130907
FixedParameters: 0 0 0

#Transform 124
Transform: AffineTransform_float_3_3
Parameters: 1 0.000479249 0.000164502 -0.000478968 0.999999 -0.000852567 -0.000165319 0.000852409 0.999999 -0.0108934 -0.0239166 0.126396
FixedParameters: 0 0 0

#Transform 125
Transform: AffineTransform_float_3_3
Parameters: 1 0.000269768 -1.40003e-05 -0.000269754 1 0.000489355 1.42643e-05 -0.000489347 1 -0.009776 -0.0323515 0.208218
FixedParameters: 0 0 0

#Transform 126
Transform: AffineTransform_float_3_3
Parameters: 0.999998 0.00196779 -5.29218e-05 -0.00196803 0.999989 0.00429259 6.08217e-05 -0.00429234 0.999991 -0.0432854 -0.037831 0.322068
FixedParameters: 0 0 0

#Transform 127
Transform: AffineTransform_float_3_3
Parameters: 0.999999 0.00166958 0.000519592 -0.00167083 0.999994 0.00297279 -0.000514364 -0.00297361 0.999995 -0.0532429 0.0752167 0.235704
FixedParameters: 0 0 0

#Transform 128
Transform: AffineTransform_float_3_3
Parameters: 0.999999 0.00127959 -7.81799e-05 -0.00127859 0.999996 0.00222045 8.10687e-05 -0.00222021 0.999998 -0.0160792 0.047141 0.215293
FixedParameters: 0 0 0

#Transform 129
Transform: AffineTransform_float_3_3
Parameters: 1 0.00120916 1.16165e-06 -0.00120934 0.999997 0.00227655 2.10466e-06 -0.00227611 0.999997 -0.0153555 0.0196099 0.226499
FixedParameters: 0 0 0

#Transform 130
Transform: AffineTransform_float_3_3
Parameters: 1 0.00108942 -1.62148e-05 -0.00108956 0.999998 0.00193757 1.82111e-05 -0.0019371 0.999998 -0.0158794 0.0201262 0.220338
FixedParameters: 0 0 0

#Transform 131
Transform: AffineTransform_float_3_3
Parameters: 1 0.000920973 -0.000278883 -0.00092081 0.999997 0.00213413 0.000281103 -0.00213451 0.999998 -0.00645856 -0.0113519 0.226536
FixedParameters: 0 0 0

#Transform 132
Transform: AffineTransform_float_3_3
Parameters: 1 0.00102973 -0.00010956 -0.00103037 0.999997 0.00188654 0.000111751 -0.00188629 0.999998 -0.0135536 -0.0150789 0.209904
FixedParameters: 0 0 0

#Transform 133
Transform: AffineTransform_float_3_3
Parameters: 0.999999 0.000942853 2.91859e-05 -0.000943152 0.999998 0.00188526 -2.78808e-05 -0.00188529 0.999998 -0.012064 -0.0186992 0.194921
FixedParameters: 0 0 0

#Transform 134
Transform: AffineTransform_float_3_3
Parameters: 0.999999 0.00089857 -0.000107165 -0.000899233 0.999998 0.00170738 0.000108525 -0.00170717 0.999999 -0.00983316 -0.0176589 0.181897
FixedParameters: 0 0 0

#Transform 135
Transform: AffineTransform_float_3_3
Parameters: 1 0.00102884 -0.00011204 -0.00102905 0.999998 0.00145553 0.000114194 -0.00145529 0.999999 0.00374936 0.00300983 0.147993
FixedParameters: 0 0 0

#Transform 136
Transform: AffineTransform_float_3_3
Parameters: 1 0.00102623 -0.000115332 -0.00102633 0.999998 0.00177163 0.000118113 -0.00177138 0.999999 0.00235543 0.0261111 0.12669
FixedParameters: 0 0 0

#Transform 137
Transform: AffineTransform_float_3_3
Parameters: 1 0.000939152 -0.000251178 -0.000939294 0.999998 0.00181506 0.000252891 -0.00181457 0.999999 0.0113855 0.0292079 0.120269
FixedParameters: 0 0 0

#Transform 138
Transform: AffineTransform_float_3_3
Parameters: 0.999998 0.00195856 0.000100368 -0.00195843 0.999998 0.000918 -9.81318e-05 -0.00091845 1 -0.0250405 -0.0097336 0.141277
FixedParameters: 0 0 0

#Transform 139
Transform: AffineTransform_float_3_3
Parameters: 0.999998 0.00199012 -8.35465e-05 -0.00198959 0.999998 -6.26749e-05 8.4173e-05 6.29217e-05 0.999999 -0.0406342 -0.0323181 0.201877
FixedParameters: 0 0 0

#Transform 140
Transform: AffineTransform_float_3_3
Parameters: 0.999998 0.00194194 0.000649926 -0.00194221 0.999998 0.000435549 -0.000649575 -0.000437223 0.999999 -0.0808861 -0.0865489 0.318464
FixedParameters: 0 0 0

#Transform 141
Transform: AffineTransform_float_3_3
Parameters: 0.999999 0.00169667 -0.000409648 -0.00169613 0.999998 0.00156902 0.000411902 -0.001569 0.999998 -0.0364281 -0.0323578 0.323259
FixedParameters: 0 0 0

#Transform 142
Transform: AffineTransform_float_3_3
Parameters: 0.999998 0.0015881 -0.000578781 -0.00158687 0.999997 0.00169743 0.000581075 -0.00169738 0.999998 -0.0273915 -0.0228093 0.30381
FixedParameters: 0 0 0

#Transform 143
Transform: AffineTransform_float_3_3
Parameters: 0.999999 0.00139767 -0.00049034 -0.00139669 0.999998 0.00174487 0.000492122 -0.00174437 0.999999 -0.0259369 0.00358884 0.284367
FixedParameters: 0 0 0

#Transform 144
Transform: AffineTransform_float_3_3
Parameters: 0.999999 0.00135686 -0.000369978 -0.00135613 0.999998 0.00195719 0.000372205 -0.00195665 0.999998 -0.02736 -0.00257429 0.281866
FixedParameters: 0 0 0

#Transform 145
Transform: AffineTransform_float_3_3
Parameters: 0.999999 0.00131558 -0.00045709 -0.00131551 0.999998 0.00179065 0.00045926 -0.00178991 0.999998 -0.0263444 -0.0161549 0.286701
FixedParameters: 0 0 0

#Transform 146
Transform: AffineTransform_float_3_3
Parameters: 0.999998 0.00155965 -0.000358799 -0.00155881 0.999998 0.000740557 0.000359735 -0.000739912 0.999999 -0.0335968 0.0283818 0.261636
FixedParameters: 0 0 0

#Transform 147
Transform: AffineTransform_float_3_3
Parameters: 0.999999 0.00144321 -0.000530243 -0.00144231 0.999999 0.00104676 0.000531036 -0.0010457 0.999999 -0.0157245 0.0277994 0.260481
FixedParameters: 0 0 0

#Transform 148
Transform: AffineTransform_float_3_3
Parameters: 0.999999 0.00119361 -0.000689401 -0.00119164 0.999999 0.00119286 0.000690849 -0.0011921 0.999999 -0.00746824 0.0357593 0.246988
FixedParameters: 0 0 0

#Transform 149
Transform: AffineTransform_float_3_3
Parameters: 0.999999 0.00117424 -0.000671487 -0.00117372 0.999999 0.00116872 0.000672532 -0.00116804 0.999999 -0.00719315 0.0375339 0.243067
FixedParameters: 0 0 0

#Transform 150
Transform: AffineTransform_float_3_3
Parameters: 0.999999 0.00101863 -0.00068969 -0.00101784 0.999999 0.00134097 0.000690723 -0.00134046 0.999999 -0.00712893 0.0135374 0.242527
FixedParameters: 0 0 0

#Transform 151
Transform: AffineTransform_float_3_3
Parameters: 0.999999 0.00106878 -0.000609815 -0.00106779 0.999999 0.00123156 0.000611589 -0.00123115 0.999999 -0.0079366 0.025084 0.234694
FixedParameters: 0 0 0

#Transform 152
Transform: AffineTransform_float_3_3
Parameters: 0.999999 0.00109253 -0.000583387 -0.00109185 0.999998 0.00149307 0.000584951 -0.00149269 0.999999 -0.0111007 0.0228662 0.218499
FixedParameters: 0 0 0

#Transform 153
Transform: AffineTransform_float_3_3
Parameters: 0.999999 0.0011932 -0.000826558 -0.00119172 0.999998 0.00153178 0.000828513 -0.0015307 0.999998 -0.00334008 0.00675924 0.22547
FixedParameters: 0 0 0

#Transform 154
Transform: AffineTransform_float_3_3
Parameters: 0.999999 0.00119569 -0.000698349 -0.00119503 0.999998 0.00161301 0.000699665 -0.00161223 0.999998 -0.00572661 0.00878238 0.239989
FixedParameters: 0 0 0

#Transform 155
Transform: AffineTransform_float_3_3
Parameters: 0.999999 0.00110885 -0.000880212 -0.00110706 0.999998 0.00161604 0.000882094 -0.00161498 0.999998 -0.00298398 0.00746695 0.244862
FixedParameters: 0 0 0

#Transform 156
Transform: AffineTransform_float_3_3
Parameters: 0.999999 0.00104448 -0.000760274 -0.00104325 0.999998 0.00150378 0.000761715 -0.00150309 0.999998 -0.0052431 0.0240098 0.226238
FixedParameters: 0 0 0

#Transform 157
Transform: AffineTransform_float_3_3
Parameters: 1 0.000940582 -0.000649867 -0.000939067 0.999998 0.00156095 0.000651944 -0.00156062 0.999998 -0.000187261 0.0298402 0.22124
FixedParameters: 0 0 0

#Transform 158
Transform: AffineTransform_float_3_3
Parameters: 1 0.00091845 -0.0005694 -0.000917668 0.999998 0.001613 0.000570664 -0.00161285 0.999998 -0.00314178 0.0168484 0.22384
FixedParameters: 0 0 0

#Transform 159
Transform: AffineTransform_float_3_3
Parameters: 1 0.00108845 -0.000568881 -0.00108667 0.999998 0.00175139 0.000570452 -0.00175013 0.999999 -0.00834216 0.0245155 0.207594
FixedParameters: 0 0 0

#Transform 160
Transform: AffineTransform_float_3_3
Parameters: 0.999999 0.00125196 -0.000611864 -0.00125069 0.999998 0.0018785 0.000614853 -0.00187786 0.999998 -0.0176148 0.0160556 0.207279
FixedParameters: 0 0 0

#Transform 161
Transform: AffineTransform_float_3_3
Parameters: 0.999999 0.00121308 -0.000575999 -0.00121239 0.999998 0.00195697 0.000578203 -0.00195604 0.999998 -0.0153346 0.0120439 0.215864
FixedParameters: 0 0 0

#Transform 162
Transform: AffineTransform_float_3_3
Parameters: 0.999999 0.00116198 -0.000596708 -0.00116083 0.999998 0.00182986 0.000599247 -0.00182936 0.999999 -0.013112 -0.00387548 0.204353
FixedParameters: 0 0 0

#Transform 163
Transform: AffineTransform_float_3_3
Parameters: 0.999999 0.0014039 -0.000626743 -0.00140223 0.999998 0.00190346 0.000629 -0.00190216 0.999998 -0.0154161 0.0039172 0.201849
FixedParameters: 0 0 0

#Transform 164
Transform: AffineTransform_float_3_3
Parameters: 0.999999 0.00126113 -0.000473213 -0.00126088 0.999997 0.00192253 0.000475509 -0.00192222 0.999998 -0.0163577 -0.000289934 0.206514
FixedParameters: 0 0 0

#Transform 165
Transform: AffineTransform_float_3_3
Parameters: 1 0.000989149 -0.000621837 -0.000988498 0.999998 0.00180674 0.000622872 -0.00180549 0.999998 -0.0107417 0.0153561 0.201847
FixedParameters: 0 0 0

#Transform 166
Transform: AffineTransform_float_3_3
Parameters: 1 0.000931259 -0.000613783 -0.00093081 0.999998 0.001908 0.000616179 -0.00190686 0.999998 -0.00802847 0.00929138 0.192746
FixedParameters: 0 0 0

#Transform 167
Transform: AffineTransform_float_3_3
Parameters: 0.999999 0.0010168 -0.000743575 -0.00101555 0.999998 0.00189677 0.000744877 -0.00189615 0.999998 -0.00802901 0.0176268 0.190553
FixedParameters: 0 0 0

#Transform 168
Transform: AffineTransform_float_3_3
Parameters: 1 0.000858048 -0.000634819 -0.000856173 0.999997 0.0022858 0.000637027 -0.0022847 0.999997 -0.00849083 0.00175086 0.207556
FixedParameters: 0 0 0

#Transform 169
Transform: AffineTransform_float_3_3
Parameters: 1 0.000939779 -0.00049083 -0.000939341 0.999998 0.00204586 0.000492122 -0.00204582 0.999998 -0.0105517 0.0216943 0.196414
FixedParameters: 0 0 0

#Transform 170
Transform: AffineTransform_float_3_3
Parameters: 1 0.00103178 -0.00059548 -0.00103026 0.999997 0.0021407 0.000598182 -0.00214036 0.999997 -0.0103235 0.021086 0.175765
FixedParameters: 0 0 0

#Transform 171
Transform: AffineTransform_float_3_3
Parameters: 0.999999 0.0011518 -0.000704464 -0.0011509 0.999997 0.00232645 0.000707795 -0.00232572 0.999997 -0.00744752 0.0138168 0.154983
FixedParameters: 0 0 0

#Transform 172
Transform: AffineTransform_float_3_3
Parameters: 1 0.00106379 -0.000530503 -0.00106301 0.999997 0.00220332 0.000532647 -0.00220267 0.999997 -0.0114961 0.007722 0.164664
FixedParameters: 0 0 0

#Transform 173
Transform: AffineTransform_float_3_3
Parameters: 0.999999 0.00114972 -0.000649716 -0.0011479 0.999996 0.00258175 0.000653081 -0.00258114 0.999996 -0.00872916 0.00375156 0.178568
FixedParameters: 0 0 0

#Transform 174
Transform: AffineTransform_float_3_3
Parameters: 1 0.00100725 -0.000471922 -0.00100572 0.999996 0.00238967 0.00047364 -0.00238868 0.999997 -0.0105775 -0.00494317 0.185482
FixedParameters: 0 0 0

#Transform 175
Transform: AffineTransform_float_3_3
Parameters: 1 0.00105263 -0.000387661 -0.00105082 0.999996 0.00254679 0.000390752 -0.00254686 0.999997 -0.0144769 -0.00780187 0.193752
FixedParameters: 0 0 0

#Transform 176
Transform: AffineTransform_float_3_3
Parameters: 1 0.00104235 -0.000241892 -0.00104174 0.999996 0.00269406 0.000244412 -0.0026931 0.999996 -0.0173782 -0.0164814 0.192337
FixedParameters: 0 0 0

#Transform 177
Transform: AffineTransform_float_3_3
Parameters: 1 0.00111077 -0.00029981 -0.00110974 0.999996 0.00282695 0.000302978 -0.00282674 0.999996 -0.015592 -0.00810504 0.182067
FixedParameters: 0 0 0

#Transform 178
Transform: AffineTransform_float_3_3
Parameters: 1 0.00110441 -0.00025759 -0.00110358 0.999996 0.00290142 0.000260887 -0.00290131 0.999995 -0.0166192 -0.0208156 0.184119
FixedParameters: 0 0 0

#Transform 179
Transform: AffineTransform_float_3_3
Parameters: 1 0.00110631 -0.000141515 -0.00110534 0.999996 0.00282482 0.000144112 -0.00282496 0.999996 -0.0166363 -0.0196127 0.187766
FixedParameters: 0 0 0

#Transform 180
Transform: AffineTransform_float_3_3
Parameters: 1 0.00110284 -0.00014739 -0.00110276 0.999996 0.00264165 0.000150111 -0.00264129 0.999997 -0.0152153 -0.0107687 0.185236
FixedParameters: 0 0 0

#Transform 181
Transform: AffineTransform_float_3_3
Parameters: 1 0.00112446 -0.000113755 -0.00112319 0.999996 0.00257429 0.000116746 -0.00257449 0.999996 -0.0141278 0.000127596 0.176375
FixedParameters: 0 0 0

#Transform 182
Transform: AffineTransform_float_3_3
Parameters: 1 0.00122955 5.10898e-05 -0.00122968 0.999995 0.00273577 -4.7997e-05 -0.00273544 0.999996 -0.0179474 0.00245605 0.169639
FixedParameters: 0 0 0

#Transform 183
Transform: AffineTransform_float_3_3
Parameters: 1 0.00123015 5.22675e-05 -0.00123027 0.999996 0.00282131 -4.89753e-05 -0.00282188 0.999996 -0.0209651 0.00104035 0.161264
FixedParameters: 0 0 0

#Transform 184
Transform: AffineTransform_float_3_3
Parameters: 1 0.00118104 8.30685e-05 -0.00118137 0.999995 0.00278997 -8.01234e-05 -0.00279012 0.999996 -0.0194037 -0.00449511 0.16442
FixedParameters: 0 0 0

#Transform 185
Transform: AffineTransform_float_3_3
Parameters: 1 0.00103529 7.2366e-05 -0.00103639 0.999995 0.00282284 -6.96122e-05 -0.00282254 0.999996 -0.022799 -0.00662302 0.173463
FixedParameters: 0 0 0

#Transform 186
Transform: AffineTransform_float_3_3
Parameters: 1 0.000999576 0.000204916 -0.00100014 0.999994 0.00311863 -0.000201499 -0.003119 0.999995 -0.0254151 -0.0112251 0.169321
FixedParameters: 0 0 0

#Transform 187
Transform: AffineTransform_float_3_3
Parameters: 1 0.00101635 0.000353943 -0.00101703 0.999994 0.00315921 -0.000350867 -0.00315946 0.999994 -0.0225551 -0.0258225 0.180416
FixedParameters: 0 0 0

#Transform 188
Transform: AffineTransform_float_3_3
Parameters: 1 0.00107389 0.000160048 -0.00107473 0.999994 0.00326273 -0.000156711 -0.00326303 0.999995 -0.0242787 -0.0187086 0.181746
FixedParameters: 0 0 0

#Transform 189
Transform: AffineTransform_float_3_3
Parameters: 0.999999 0.000922373 0.000320319 -0.000922861 0.999994 0.00323235 -0.000317716 -0.00323247 0.999994 -0.0274786 -0.0300516 0.196326
FixedParameters: 0 0 0
