#Insight Transform File V1.0
#Transform 0
Transform: AffineTransform_float_3_3
Parameters: 0.999999 0.000708576 -8.63777e-06 -0.000709032 0.999998 0.00180638 1.03296e-05 -0.00180636 0.999999 -0.0297742 -0.0796958 0.0532919
FixedParameters: 0 0 0

#Transform 1
Transform: AffineTransform_float_3_3
Parameters: 1 0.000567875 -0.000340265 -0.000567438 0.999999 0.00139866 0.000340998 -0.00139827 0.999999 -0.0229462 -0.0773228 -0.0317591
FixedParameters: 0 0 0

#Transform 2
Transform: AffineTransform_float_3_3
Parameters: 0.999999 0.000641099 -0.000308965 -0.000640565 0.999999 0.00165534 0.000310216 -0.00165585 0.999998 -0.0219465 -0.076276 0.0410535
FixedParameters: 0 0 0

#Transform 3
Transform: AffineTransform_float_3_3
Parameters: 1 0.000515313 -0.000395337 -0.000514748 0.999998 0.0020188 0.000395707 -0.00201837 0.999998 -0.0103836 -0.059118 0.0469684
FixedParameters: 0 0 0

#Transform 4
Transform: AffineTransform_float_3_3
Parameters: 1 0.000446262 -0.000255032 -0.000445827 0.999999 0.0018114 0.000255779 -0.00181117 0.999999 -0.013396 -0.0690067 0.0513298
FixedParameters: 0 0 0

#Transform 5
Transform: AffineTransform_float_3_3
Parameters: 1 0.000533912 -0.000310992 -0.000533268 0.999998 0.00182155 0.000312066 -0.00182121 0.999999 -0.00895059 -0.067766 0.0476296
FixedParameters: 0 0 0

#Transform 6
Transform: AffineTransform_float_3_3
Parameters: 1 0.000434869 -0.000242636 -0.000434338 0.999997 0.00210135 0.000243594 -0.00210113 0.999998 -0.0104038 -0.0611693 -0.00187943
FixedParameters: 0 0 0

#Transform 7
Transform: AffineTransform_float_3_3
Parameters: 1 0.000472036 -0.000266161 -0.000471398 0.999997 0.00211641 0.000267288 -0.00211615 0.999997 -0.00990693 -0.0773095 -0.0108226
FixedParameters: 0 0 0

#Transform 8
Transform: AffineTransform_float_3_3
Parameters: 1 0.000362991 -0.000195268 -0.00036263 0.999997 0.00217923 0.00019598 -0.00217908 0.999997 -0.0116397 -0.0686257 -0.0398479
FixedParameters: 0 0 0

#Transform 9
Transform: AffineTransform_float_3_3
Parameters: 1 0.000362707 -0.000195784 -0.000362358 0.999997 0.00213923 0.000196467 -0.00213908 0.999997 -0.0117514 -0.07451 -0.0352621
FixedParameters: 0 0 0

#Transform 10
Transform: AffineTransform_float_3_3
Parameters: 1 0.000363638 -0.000194125 -0.000363222 0.999998 0.00226822 0.000194891 -0.00226807 0.999998 -0.0118067 -0.080693 -0.0376935
FixedParameters: 0 0 0

#Transform 11
Transform: AffineTransform_float_3_3
Parameters: 1 0.000364656 -0.000192277 -0.000364193 0.999997 0.0024112 0.000193152 -0.00241106 0.999997 -0.0117834 -0.0781573 -0.0351302
FixedParameters: 0 0 0

#Transform 12
Transform: AffineTransform_float_3_3
Parameters: 1 0.000363674 -0.00019406 -0.000363255 0.999998 0.00227322 0.00019483 -0.00227307 0.999998 -0.0119982 -0.0901017 -0.0276267
FixedParameters: 0 0 0

#Transform 13
Transform: AffineTransform_float_3_3
Parameters: 1 0.000362593 -0.000195991 -0.000362249 0.999997 0.00212323 0.000196661 -0.00212308 0.999997 -0.0119481 -0.0816167 -0.0178501
FixedParameters: 0 0 0

#Transform 14
Transform: AffineTransform_float_3_3
Parameters: 1 0.000361331 -0.000198278 -0.000361049 0.999998 0.00194625 0.000198815 -0.0019461 0.999998 -0.0116458 -0.0676414 -0.0359796
FixedParameters: 0 0 0

#Transform 15
Transform: AffineTransform_float_3_3
Parameters: 1 0.000513224 -0.000303 -0.000512815 0.999998 0.00152455 0.00030371 -0.00152423 0.999999 -0.00863738 -0.0649512 -0.0383143
FixedParameters: 0 0 0

#Transform 16
Transform: AffineTransform_float_3_3
Parameters: 1 0.00057047 -0.000335615 -0.000569783 0.999998 0.00175317 0.000336744 -0.00175369 0.999998 -0.00741705 -0.0568131 -0.0579759
FixedParameters: 0 0 0

#Transform 17
Transform: AffineTransform_float_3_3
Parameters: 1 0.000478146 -0.000283946 -0.000477905 0.999999 0.00133051 0.000284363 -0.00133024 0.999999 -0.00978816 -0.109503 -0.0454369
FixedParameters: 0 0 0

#Transform 18
Transform: AffineTransform_float_3_3
Parameters: 1 0.000190087 -0.000101693 -0.000189819 1 0.0011891 0.000102131 -0.00118906 1 -0.00110049 -0.128365 0.0192749
FixedParameters: 0 0 0

#Transform 19
Transform: AffineTransform_float_3_3
Parameters: 1 0.000343263 -0.000230754 -0.000343527 1 -0.000572477 0.000230361 0.000572635 1 0.00521752 0.0832828 -0.0220862
FixedParameters: 0 0 0

#Transform 20
Transform: AffineTransform_float_3_3
Parameters: 1 0.000489874 -3.24135e-06 -0.000489877 0.999999 -0.000665438 2.58939e-06 0.000665441 1 -0.00338055 0.0150715 -0.017298
FixedParameters: 0 0 0

#Transform 21
Transform: AffineTransform_float_3_3
Parameters: 1 -0.000341797 0.000219037 0.000341817 1 -4.52987e-05 -0.000219006 4.54485e-05 1 0.00785898 -0.0629282 0.0033673
FixedParameters: 0 0 0

#Transform 22
Transform: AffineTransform_float_3_3
Parameters: 1 -0.000388016 0.000259195 0.00038771 1 0.000588606 -0.000259652 -0.000588404 1 0.0107459 -0.0803086 0.0194442
FixedParameters: 0 0 0

#Transform 23
Transform: AffineTransform_float_3_3
Parameters: 1 -0.000397791 0.000253861 0.000397851 1 -0.000117327 -0.000253768 0.000117529 1 0.0109065 -0.0803849 0.0243109
FixedParameters: 0 0 0

#Transform 24
Transform: AffineTransform_float_3_3
Parameters: 1 -0.000368663 0.000246767 0.000368372 1 0.000588617 -0.000247201 -0.000588435 1 0.0111073 -0.0901987 0.0346008
FixedParameters: 0 0 0

#Transform 25
Transform: AffineTransform_float_3_3
Parameters: 1 -0.000415058 -8.84429e-05 0.000415135 1 0.000439003 8.80784e-05 -0.000439076 1 0.013655 -0.0926579 0.0575898
FixedParameters: 0 0 0

#Transform 26
Transform: AffineTransform_float_3_3
Parameters: 1 -0.000371087 9.63795e-05 0.000371026 1 0.000313439 -9.66121e-05 -0.000313368 1 0.0131903 -0.0815372 0.0366656
FixedParameters: 0 0 0

#Transform 27
Transform: AffineTransform_float_3_3
Parameters: 1 -0.000641528 8.27674e-05 0.000640594 0.999999 0.000558525 -8.29427e-05 -0.000558431 1 0.0138094 -0.0574151 0.016552
FixedParameters: 0 0 0

#Transform 28
Transform: AffineTransform_float_3_3
Parameters: 1 -0.000545234 0.000354265 0.000545074 1 0.000225564 -0.000354511 -0.000225178 1 0.00832915 -0.0620028 -0.0243713
FixedParameters: 0 0 0

#Transform 29
Transform: AffineTransform_float_3_3
Parameters: 0.999999 -0.000951212 0.000469002 0.000951518 1 -0.0003003 -0.000468446 0.000300282 1 0.0075302 -0.0276614 -0.0122158
FixedParameters: 0 0 0

#Transform 30
Transform: AffineTransform_float_3_3
Parameters: 1 -0.000674465 3.14705e-05 0.000674559 0.999999 -0.00111379 -2.99818e-05 0.00111383 1 0.0208866 0.0661924 -0.0487678
FixedParameters: 0 0 0

#Transform 31
Transform: AffineTransform_float_3_3
Parameters: 1 -0.000638833 8.71094e-05 0.000638999 1 -0.000818125 -8.608e-05 0.000817326 1 0.0264576 0.0456225 -0.0311355
FixedParameters: 0 0 0

#Transform 32
Transform: AffineTransform_float_3_3
Parameters: 1 -0.000690675 7.08538e-06 0.000690681 0.999999 -0.000405317 -6.52548e-06 0.000405327 1 0.024324 0.0086523 -0.0571014
FixedParameters: 0 0 0

#Transform 33
Transform: AffineTransform_float_3_3
Parameters: 0.999999 -0.00075518 2.98951e-06 0.000756023 0.999999 -0.000357809 -2.98943e-06 0.000357826 1 0.0234114 -0.014604 -0.0708834
FixedParameters: 0 0 0

#Transform 34
Transform: AffineTransform_float_3_3
Parameters: 1 -0.000640383 -8.45496e-06 0.000640394 1 0.000113274 8.32167e-06 -0.00011287 1 0.0271796 -0.0713231 -0.0647644
FixedParameters: 0 0 0

#Transform 35
Transform: AffineTransform_float_3_3
Parameters: 0.999999 -0.000735911 -0.000340684 0.000736063 0.999999 -0.00104595 0.000341669 0.00104546 1 0.0323562 -0.0585488 -0.0303161
FixedParameters: 0 0 0

#Transform 36
Transform: AffineTransform_float_3_3
Parameters: 0.999999 -0.000810819 -0.00064332 0.000809883 0.999998 -0.00139894 0.000645032 0.00139791 0.999999 0.0444456 -0.0596555 0.00648635
FixedParameters: 0 0 0

#Transform 37
Transform: AffineTransform_float_3_3
Parameters: 0.999999 -0.000723753 -0.000480662 0.000723573 0.999999 -0.00140871 0.000480776 0.00140846 0.999998 0.0455902 -0.00947262 -0.0425631
FixedParameters: 0 0 0

#Transform 38
Transform: AffineTransform_float_3_3
Parameters: 0.999999 -0.000806782 -0.000424864 0.000806033 0.999999 -0.00127281 0.000425532 0.00127256 0.999999 0.0440577 -0.000972603 -0.0319918
FixedParameters: 0 0 0

#Transform 39
Transform: AffineTransform_float_3_3
Parameters: 0.999999 -0.000723399 -0.000474478 0.000723302 1 -0.00102275 0.000475414 0.00102249 0.999999 0.0358176 0.0114696 -0.0381759
FixedParameters: 0 0 0

#Transform 40
Transform: AffineTransform_float_3_3
Parameters: 0.999999 -0.00082931 -0.000406222 0.000828812 1 -0.00102286 0.000406534 0.00102262 0.999999 0.0399746 0.0106199 -0.0286691
FixedParameters: 0 0 0

#Transform 41
Transform: AffineTransform_float_3_3
Parameters: 1 -0.000920515 -0.000350238 0.000919979 0.999999 -0.00119364 0.000351053 0.00119301 0.999999 0.0323251 0.0254786 -0.0349315
FixedParameters: 0 0 0

#Transform 42
Transform: AffineTransform_float_3_3
Parameters: 0.999999 -0.000735563 -0.000334597 0.000735751 1 -0.00102432 0.000335561 0.00102425 0.999999 0.0386678 0.0155004 -0.039827
FixedParameters: 0 0 0

#Transform 43
Transform: AffineTransform_float_3_3
Parameters: 0.999999 -0.000920275 -0.000349885 0.000919786 0.999999 -0.00116264 0.000350628 0.00116201 1 0.0363563 0.0175558 -0.0429774
FixedParameters: 0 0 0

#Transform 44
Transform: AffineTransform_float_3_3
Parameters: 0.999999 -0.000919836 -0.000349188 0.00091939 0.999999 -0.00110264 0.00034982 0.00110202 1 0.0404209 0.004826 -0.0389052
FixedParameters: 0 0 0

#Transform 45
Transform: AffineTransform_float_3_3
Parameters: 1 -0.00091862 -0.00034723 0.000918279 1 -0.000934953 0.000347577 0.000934749 1 0.0422026 0.00071929 -0.0341806
FixedParameters: 0 0 0

#Transform 46
Transform: AffineTransform_float_3_3
Parameters: 0.999999 -0.000918285 -0.000346726 0.000917992 0.999999 -0.000890664 0.000346965 0.000890047 1 0.044556 -0.00100134 -0.0432171
FixedParameters: 0 0 0

#Transform 47
Transform: AffineTransform_float_3_3
Parameters: 1 -0.00120253 -0.000165695 0.00120166 0.999999 -0.00102314 0.000167326 0.00102316 0.999999 0.0370881 -0.00103023 -0.0181705
FixedParameters: 0 0 0

#Transform 48
Transform: AffineTransform_float_3_3
Parameters: 1 -0.00105182 -0.000264134 0.00105154 0.999999 -0.00110404 0.000265085 0.00110392 0.999999 0.0463681 -0.0117817 0.00166386
FixedParameters: 0 0 0

#Transform 49
Transform: AffineTransform_float_3_3
Parameters: 0.999999 -0.000917258 -0.000345069 0.000917051 0.999999 -0.000748514 0.000345074 0.000749225 1 0.0409185 -0.0338931 0.0612139
FixedParameters: 0 0 0

#Transform 50
Transform: AffineTransform_float_3_3
Parameters: 0.999999 -0.000821801 -0.00019683 0.000821567 1 -0.000654493 0.000197889 0.000653259 1 0.034982 -0.0335724 0.0796961
FixedParameters: 0 0 0

#Transform 51
Transform: AffineTransform_float_3_3
Parameters: 0.999999 -0.000874277 -9.17463e-05 0.000874996 0.999999 -0.000658902 9.23581e-05 0.000658754 1 0.0282565 -0.0166398 0.112606
FixedParameters: 0 0 0

#Transform 52
Transform: AffineTransform_float_3_3
Parameters: 1 -0.00101948 -6.95192e-06 0.00101894 1 -0.000683641 7.51388e-06 0.000683138 0.999999 0.032688 -0.0195552 0.0810272
FixedParameters: 0 0 0

#Transform 53
Transform: AffineTransform_float_3_3
Parameters: 1 -0.00110987 -6.77797e-05 0.00111011 0.999999 -0.000464999 6.74276e-05 0.000463958 1 0.0312982 -0.0123033 0.0809165
FixedParameters: 0 0 0

#Transform 54
Transform: AffineTransform_float_3_3
Parameters: 0.999999 -0.000888156 -0.000139296 0.000888245 0.999999 -0.000841729 0.000139393 0.000840591 1 0.0363588 -0.0301068 0.0879263
FixedParameters: 0 0 0

#Transform 55
Transform: AffineTransform_float_3_3
Parameters: 0.999999 -0.000865946 -8.43105e-05 0.000865311 0.999999 -0.000603343 8.45258e-05 0.000603619 0.999999 0.0357144 -0.0505847 0.0847859
FixedParameters: 0 0 0

#Transform 56
Transform: AffineTransform_float_3_3
Parameters: 0.999999 -0.000865998 -6.60359e-05 0.000865385 0.999999 -0.00072573 6.6435e-05 0.000724713 1 0.0376026 -0.0515906 0.0761837
FixedParameters: 0 0 0

#Transform 57
Transform: AffineTransform_float_3_3
Parameters: 1 -0.00106643 9.92351e-05 0.00106605 0.999999 -0.00076954 -9.84254e-05 0.000769262 0.999999 0.0306318 -0.0523834 0.0619907
FixedParameters: 0 0 0

#Transform 58
Transform: AffineTransform_float_3_3
Parameters: 0.999999 -0.00132427 0.000108397 0.0013244 0.999997 -0.0015996 -0.000106399 0.001599 0.999999 0.0320481 0.0154946 0.0181657
FixedParameters: 0 0 0

#Transform 59
Transform: AffineTransform_float_3_3
Parameters: 0.999999 -0.000870089 -0.000414657 0.000869056 0.999995 -0.00313669 0.00041675 0.00313643 0.999995 0.0438156 0.0839535 0.0343744
FixedParameters: 0 0 0

#Transform 60
Transform: AffineTransform_float_3_3
Parameters: 1 -0.000972422 -0.000431002 0.000971301 0.999995 -0.00308782 0.000433655 0.00308745 0.999995 0.0505143 0.0587902 -0.0017573
FixedParameters: 0 0 0

#Transform 61
Transform: AffineTransform_float_3_3
Parameters: 1 -0.00103643 -0.000312846 0.00103442 0.999993 -0.0034998 0.000316431 0.00349961 0.999993 0.0482606 0.0783476 -0.0302398
FixedParameters: 0 0 0

#Transform 62
Transform: AffineTransform_float_3_3
Parameters: 1 -0.00105392 -0.000383965 0.00105295 0.999994 -0.00329355 0.00038753 0.00329279 0.999995 0.0526899 0.0792481 -0.0243066
FixedParameters: 0 0 0

#Transform 63
Transform: AffineTransform_float_3_3
Parameters: 1 -0.00106408 -0.000441939 0.00106289 0.999995 -0.00308709 0.000445157 0.00308662 0.999995 0.0538318 0.0709796 -0.0328499
FixedParameters: 0 0 0

#Transform 64
Transform: AffineTransform_float_3_3
Parameters: 1 -0.0010397 -0.000409791 0.00103884 0.999995 -0.00292332 0.000412507 0.00292252 0.999996 0.0524967 0.0435316 0.0230887
FixedParameters: 0 0 0

#Transform 65
Transform: AffineTransform_float_3_3
Parameters: 0.999999 -0.000857981 -0.000421706 0.000856094 0.999995 -0.00308839 0.000424167 0.00308771 0.999995 0.0434359 0.0468062 0.0111881
FixedParameters: 0 0 0

#Transform 66
Transform: AffineTransform_float_3_3
Parameters: 0.999999 -0.000932012 -0.000368514 0.000930667 0.999995 -0.00276649 0.000370848 0.00276584 0.999996 0.0491901 0.0335414 0.0109409
FixedParameters: 0 0 0

#Transform 67
Transform: AffineTransform_float_3_3
Parameters: 1 -0.0011096 -0.000331863 0.0011084 0.999995 -0.00281703 0.000335317 0.00281675 0.999995 0.0513053 0.0295616 -0.00447738
FixedParameters: 0 0 0

#Transform 68
Transform: AffineTransform_float_3_3
Parameters: 1 -0.00113956 -0.000234582 0.00113892 0.999995 -0.00278765 0.000238128 0.00278715 0.999996 0.05399 0.0278855 0.00226376
FixedParameters: 0 0 0

#Transform 69
Transform: AffineTransform_float_3_3
Parameters: 1 -0.00109864 -0.000257805 0.00109798 0.999997 -0.00258593 0.000260691 0.00258582 0.999997 0.0460698 0.0284496 0.00570437
FixedParameters: 0 0 0

#Transform 70
Transform: AffineTransform_float_3_3
Parameters: 1 -0.0011337 -0.000234679 0.00113317 0.999996 -0.00255767 0.000237671 0.00255717 0.999997 0.0496297 0.0177391 0.0108084
FixedParameters: 0 0 0

#Transform 71
Transform: AffineTransform_float_3_3
Parameters: 1 -0.00111528 -0.000248571 0.00111461 0.999996 -0.00268064 0.000251743 0.00268012 0.999997 0.0487176 0.0507053 -0.00191256
FixedParameters: 0 0 0

#Transform 72
Transform: AffineTransform_float_3_3
Parameters: 1 -0.00114299 -0.000230649 0.00114242 0.999996 -0.00268066 0.000233969 0.00268017 0.999997 0.0484595 0.057011 0.0340204
FixedParameters: 0 0 0

#Transform 73
Transform: AffineTransform_float_3_3
Parameters: 1 -0.00115382 -0.000215952 0.00115267 0.999997 -0.00220072 0.000218777 0.00220024 0.999998 0.0485011 0.0622238 0.0268042
FixedParameters: 0 0 0

#Transform 74
Transform: AffineTransform_float_3_3
Parameters: 0.999999 -0.00134594 -0.000834233 0.00134286 0.999991 -0.00399948 0.000839134 0.00399865 0.999992 0.07229 0.0374344 0.0907546
FixedParameters: 0 0 0

#Transform 75
Transform: AffineTransform_float_3_3
Parameters: 0.999999 -0.00116938 -0.000735365 0.00116672 0.999995 -0.0028323 0.000738637 0.00283154 0.999996 0.0560489 -0.0211586 0.129909
FixedParameters: 0 0 0

#Transform 76
Transform: AffineTransform_float_3_3
Parameters: 0.999999 -0.00116481 -0.000498128 0.001163 0.999993 -0.00337353 0.000502607 0.00337242 0.999994 0.055895 0.0185335 0.0856858
FixedParameters: 0 0 0

#Transform 77
Transform: AffineTransform_float_3_3
Parameters: 1 -0.000957996 -0.000408948 0.00095629 0.999992 -0.00408227 0.000413358 0.00408195 0.999992 0.0531558 0.024475 0.0663189
FixedParameters: 0 0 0

#Transform 78
Transform: AffineTransform_float_3_3
Parameters: 0.999999 -0.000953344 -0.000401809 0.000951692 0.999992 -0.00411738 0.000406235 0.00411708 0.999991 0.0458127 0.0191514 0.0552891
FixedParameters: 0 0 0

#Transform 79
Transform: AffineTransform_float_3_3
Parameters: 0.999999 -0.000953844 -0.0004026 0.000951533 0.99999 -0.00425838 0.000406455 0.00425809 0.99999 0.0453288 0.0201017 0.0664713
FixedParameters: 0 0 0

#Transform 80
Transform: AffineTransform_float_3_3
Parameters: 1 -0.00100267 -0.0004778 0.00100124 0.999992 -0.00408717 0.000482046 0.00408669 0.999992 0.0464383 0.017144 0.0989884
FixedParameters: 0 0 0

#Transform 81
Transform: AffineTransform_float_3_3
Parameters: 1 -0.000993902 -0.000464236 0.000992178 0.999994 -0.00356634 0.000467942 0.00356589 0.999994 0.046894 0.0282342 0.120188
FixedParameters: 0 0 0

#Transform 82
Transform: AffineTransform_float_3_3
Parameters: 0.999999 -0.000914278 -0.000341258 0.000912784 0.999994 -0.00323852 0.000344344 0.00323884 0.999995 0.0390942 0.0325015 0.0814543
FixedParameters: 0 0 0

#Transform 83
Transform: AffineTransform_float_3_3
Parameters: 0.999999 -0.000892358 -0.000500567 0.000891381 0.999995 -0.00307953 0.000503539 0.0030791 0.999995 0.0421539 0.0232186 0.0785396
FixedParameters: 0 0 0

#Transform 84
Transform: AffineTransform_float_3_3
Parameters: 0.999999 -0.000938143 -0.00037801 0.000937211 0.999995 -0.00286135 0.000381398 0.00286067 0.999996 0.0495854 0.0126829 0.0913896
FixedParameters: 0 0 0

#Transform 85
Transform: AffineTransform_float_3_3
Parameters: 1 -0.00114672 -0.000293569 0.00114589 0.999994 -0.00311425 0.000296519 0.00311404 0.999995 0.0538329 0.0192107 0.0773846
FixedParameters: 0 0 0

#Transform 86
Transform: AffineTransform_float_3_3
Parameters: 0.999999 -0.00120103 -0.000333301 0.0011999 0.999993 -0.00317814 0.00033673 0.0031774 0.999995 0.0541495 0.0109075 0.062488
FixedParameters: 0 0 0

#Transform 87
Transform: AffineTransform_float_3_3
Parameters: 0.999999 -0.0012737 -0.000244976 0.00127235 0.999994 -0.00305565 0.000249095 0.00305507 0.999996 0.0520008 0.00322965 0.0634507
FixedParameters: 0 0 0

#Transform 88
Transform: AffineTransform_float_3_3
Parameters: 0.999999 -0.00123842 -0.000365296 0.00123699 0.999993 -0.00333955 0.000369347 0.0033387 0.999995 0.0543895 0.00601523 0.0718846
FixedParameters: 0 0 0

#Transform 89
Transform: AffineTransform_float_3_3
Parameters: 0.999999 -0.00121968 -0.000314293 0.00121775 0.999993 -0.00334026 0.000318759 0.00333953 0.999995 0.0537494 0.0119232 0.0655065
FixedParameters: 0 0 0

#Transform 90
Transform: AffineTransform_float_3_3
Parameters: 0.999999 -0.0012408 -0.000334021 0.00123895 0.999993 -0.00349174 0.000337638 0.0034923 0.999994 0.0541262 0.0230458 0.0471987
FixedParameters: 0 0 0

#Transform 91
Transform: AffineTransform_float_3_3
Parameters: 0.999999 -0.00123222 -0.000414583 0.00123046 0.999993 -0.00333904 0.000418591 0.00333807 0.999995 0.0584592 0.0225208 0.0492975
FixedParameters: 0 0 0

#Transform 92
Transform: AffineTransform_float_3_3
Parameters: 0.999999 -0.00123208 -0.00042728 0.00123051 0.999995 -0.00301216 0.000430508 0.00301157 0.999995 0.0559671 0.0207902 0.0546619
FixedParameters: 0 0 0

#Transform 93
Transform: AffineTransform_float_3_3
Parameters: 0.999999 -0.00126357 -0.000382081 0.00126232 0.999995 -0.00295045 0.000385344 0.00294996 0.999996 0.0548905 0.0198187 0.050424
FixedParameters: 0 0 0

#Transform 94
Transform: AffineTransform_float_3_3
Parameters: 0.999999 -0.00128825 -0.000401762 0.00128724 0.999994 -0.00316763 0.000406574 0.00316797 0.999995 0.0588236 0.0189016 0.0459878
FixedParameters: 0 0 0

#Transform 95
Transform: AffineTransform_float_3_3
Parameters: 0.999999 -0.00139125 -0.000290387 0.00139042 0.999993 -0.00313035 0.000294893 0.0031296 0.999995 0.0550979 0.0333739 0.0258987
FixedParameters: 0 0 0

#Transform 96
Transform: AffineTransform_float_3_3
Parameters: 0.999999 -0.00151421 -0.000263191 0.001513 0.999994 -0.00320613 0.000267853 0.00320581 0.999995 0.06123 0.0321363 0.031097
FixedParameters: 0 0 0

#Transform 97
Transform: AffineTransform_float_3_3
Parameters: 0.999999 -0.00141914 -0.000186284 0.00141837 0.999993 -0.00334064 0.000190719 0.00334058 0.999994 0.0600314 0.0265446 0.0343532
FixedParameters: 0 0 0

#Transform 98
Transform: AffineTransform_float_3_3
Parameters: 0.999999 -0.00154596 -0.000176078 0.00154531 0.999994 -0.00321688 0.000180978 0.00321681 0.999995 0.0583931 0.0215168 0.0266656
FixedParameters: 0 0 0

#Transform 99
Transform: AffineTransform_float_3_3
Parameters: 0.999999 -0.00150019 -0.000184498 0.00149957 0.999995 -0.00292707 0.000188248 0.00292699 0.999996 0.0535679 0.0175686 0.0444299
FixedParameters: 0 0 0

#Transform 100
Transform: AffineTransform_float_3_3
Parameters: 0.999998 -0.00161392 -0.000281091 0.00161358 0.999995 -0.00291753 0.000284948 0.00291752 0.999995 0.056363 0.00246116 0.0506351
FixedParameters: 0 0 0

#Transform 101
Transform: AffineTransform_float_3_3
Parameters: 0.999999 -0.0015792 -0.000168542 0.00157867 0.999995 -0.002968 0.000172897 0.00296836 0.999995 0.0628221 0.0170699 0.0561323
FixedParameters: 0 0 0

#Transform 102
Transform: AffineTransform_float_3_3
Parameters: 0.999999 -0.00145376 -0.000331656 0.00145182 0.999993 -0.00370383 0.000337345 0.00370334 0.999994 0.0587085 0.0268546 0.0431022
FixedParameters: 0 0 0

#Transform 103
Transform: AffineTransform_float_3_3
Parameters: 0.999999 -0.00145197 -5.30305e-05 0.00145209 0.999993 -0.00334189 5.76919e-05 0.00334221 0.999994 0.0538797 0.0376741 0.0297598
FixedParameters: 0 0 0

#Transform 104
Transform: AffineTransform_float_3_3
Parameters: 0.999999 -0.0015158 -5.4069e-05 0.00151508 0.999994 -0.00323243 5.93631e-05 0.00323273 0.999995 0.059527 0.0270101 0.0345377
FixedParameters: 0 0 0

#Transform 105
Transform: AffineTransform_float_3_3
Parameters: 0.999998 -0.00159718 4.28658e-05 0.00159655 0.999993 -0.00322338 -3.79177e-05 0.00322307 0.999994 0.0581148 0.0272808 0.0548875
FixedParameters: 0 0 0

#Transform 106
Transform: AffineTransform_float_3_3
Parameters: 0.999998 -0.00161876 -1.80435e-05 0.00161913 0.999994 -0.00313484 2.31594e-05 0.00313476 0.999995 0.0589249 0.0305806 0.0426846
FixedParameters: 0 0 0

#Transform 107
Transform: AffineTransform_float_3_3
Parameters: 0.999998 -0.0016907 -0.000138351 0.00169029 0.999993 -0.0032173 0.000144184 0.0032173 0.999995 0.0662199 0.0329869 0.032735
FixedParameters: 0 0 0

#Transform 108
Transform: AffineTransform_float_3_3
Parameters: 0.999998 -0.00170715 -6.07092e-05 0.00170722 0.999993 -0.00327703 6.68545e-05 0.00327729 0.999995 0.0644726 0.0236335 0.0371211
FixedParameters: 0 0 0

#Transform 109
Transform: AffineTransform_float_3_3
Parameters: 0.999998 -0.00176233 -3.18866e-05 0.00176208 0.999993 -0.00334042 3.7758e-05 0.00333988 0.999995 0.0635502 0.0281862 0.0353045
FixedParameters: 0 0 0

#Transform 110
Transform: AffineTransform_float_3_3
Parameters: 0.999998 -0.00174189 -2.607e-05 0.00174221 0.999993 -0.00334062 3.26486e-05 0.00334009 0.999995 0.0636411 0.0282611 0.0353264
FixedParameters: 0 0 0

#Transform 111
Transform: AffineTransform_float_3_3
Parameters: 0.999998 -0.00170769 -1.1884e-05 0.00170755 0.999993 -0.003147 1.67443e-05 0.00314653 0.999995 0.0582609 0.011234 0.0201346
FixedParameters: 0 0 0

#Transform 112
Transform: AffineTransform_float_3_3
Parameters: 0.999999 -0.00181459 0.000338243 0.00181521 0.999993 -0.00308501 -0.000333217 0.0030858 0.999995 0.0553259 -0.0665806 0.0660986
FixedParameters: 0 0 0

#Transform 113
Transform: AffineTransform_float_3_3
Parameters: 0.999998 -0.00162477 0.00025765 0.001626 0.999992 -0.00351455 -0.000252966 0.00351496 0.999993 0.053745 0.0795086 0.0107458
FixedParameters: 0 0 0

#Transform 114
Transform: AffineTransform_float_3_3
Parameters: 0.999998 -0.00161499 0.000269107 0.00161596 0.999993 -0.00344174 -0.000263346 0.00344217 0.999994 0.0440567 0.0598723 0.00888619
FixedParameters: 0 0 0

#Transform 115
Transform: AffineTransform_float_3_3
Parameters: 0.999998 -0.00160513 0.000477448 0.00160667 0.999993 -0.00342609 -0.000471262 0.00342717 0.999994 0.0398496 0.0445956 0.015893
FixedParameters: 0 0 0

#Transform 116
Transform: AffineTransform_float_3_3
Parameters: 0.999998 -0.00158402 0.000315043 0.00158533 0.999992 -0.00348947 -0.000309343 0.00349003 0.999994 0.0402868 0.0568897 0.0275677
FixedParameters: 0 0 0

#Transform 117
Transform: AffineTransform_float_3_3
Parameters: 0.999998 -0.00170394 0.000231181 0.00170404 0.999993 -0.00329968 -0.000226136 0.00330003 0.999995 0.0451492 0.0197329 0.0520225
FixedParameters: 0 0 0

#Transform 118
Transform: AffineTransform_float_3_3
Parameters: 0.999998 -0.00163766 0.000466048 0.00163891 0.999993 -0.0032097 -0.000460335 0.00321077 0.999994 0.0414865 -0.00557999 0.062442
FixedParameters: 0 0 0

#Transform 119
Transform: AffineTransform_float_3_3
Parameters: 0.999998 -0.00162073 0.000460982 0.00162187 0.999994 -0.00313477 -0.000455621 0.00313581 0.999995 0.0425359 -0.0318749 0.0778472
FixedParameters: 0 0 0

#Transform 120
Transform: AffineTransform_float_3_3
Parameters: 0.999998 -0.00164932 0.000354131 0.00165078 0.999993 -0.00330941 -0.000348568 0.00331013 0.999995 0.0445995 -0.0157899 0.0827764
FixedParameters: 0 0 0

#Transform 121
Transform: AffineTransform_float_3_3
Parameters: 0.999998 -0.00152283 0.000504154 0.00152424 0.999995 -0.00263009 -0.000500104 0.00262984 0.999996 0.0396919 -0.0465142 0.111077
FixedParameters: 0 0 0

#Transform 122
Transform: AffineTransform_float_3_3
Parameters: 0.999998 -0.00161323 0.000478428 0.00161411 0.999995 -0.00276299 -0.0004743 0.00276408 0.999996 0.0425457 0.00616313 0.0768399
FixedParameters: 0 0 0

#Transform 123
Transform: AffineTransform_float_3_3
Parameters: 0.999998 -0.00164252 0.00045125 0.00164443 0.999993 -0.0031352 -0.000446301 0.00313583 0.999995 0.0479761 0.0167924 0.0482106
FixedParameters: 0 0 0

#Transform 124
Transform: AffineTransform_float_3_3
Parameters: 0.999998 -0.00162071 0.000420394 0.0016226 0.999994 -0.00329634 -0.000415062 0.00329726 0.999995 0.0513749 0.0560686 0.0260533
FixedParameters: 0 0 0

#Transform 125
Transform: AffineTransform_float_3_3
Parameters: 0.999999 -0.00168859 0.00046457 0.00168942 0.999993 -0.00336133 -0.00045886 0.00336245 0.999994 0.0530221 0.0672704 0.0488524
FixedParameters: 0 0 0

#Transform 126
Transform: AffineTransform_float_3_3
Parameters: 0.999998 -0.00155458 0.000576167 0.0015563 0.999995 -0.00300652 -0.000571617 0.00300786 0.999995 0.0488869 0.0501917 0.0322655
FixedParameters: 0 0 0

#Transform 127
Transform: AffineTransform_float_3_3
Parameters: 0.999998 -0.00154311 0.000400795 0.00154417 0.999995 -0.00284866 -0.000395949 0.00284944 0.999996 0.0429365 0.0249272 0.0399951
FixedParameters: 0 0 0

#Transform 128
Transform: AffineTransform_float_3_3
Parameters: 0.999999 -0.00152886 0.000349075 0.00153057 0.999994 -0.00297891 -0.000344478 0.00297912 0.999996 0.0468844 0.0141961 0.0313798
FixedParameters: 0 0 0

#Transform 129
Transform: AffineTransform_float_3_3
Parameters: 0.999998 -0.00169248 0.000333611 0.00169366 0.999994 -0.00312685 -0.000328368 0.00312754 0.999995 0.0523814 0.00811873 0.0376526
FixedParameters: 0 0 0

#Transform 130
Transform: AffineTransform_float_3_3
Parameters: 0.999998 -0.00169781 0.000301463 0.00169878 0.999994 -0.00311746 -0.000296219 0.00311804 0.999995 0.055704 0.00262058 0.0409009
FixedParameters: 0 0 0

#Transform 131
Transform: AffineTransform_float_3_3
Parameters: 0.999998 -0.00171156 0.000267381 0.00171228 0.999994 -0.00304499 -0.0002623 0.00304546 0.999995 0.0562459 0.00126925 0.0403276
FixedParameters: 0 0 0

#Transform 132
Transform: AffineTransform_float_3_3
Parameters: 0.999998 -0.00164435 0.000266246 0.00164513 0.999993 -0.00315747 -0.000261204 0.00315791 0.999995 0.0592514 0.0173032 0.0322659
FixedParameters: 0 0 0

#Transform 133
Transform: AffineTransform_float_3_3
Parameters: 0.999998 -0.00164411 0.000189331 0.00164441 0.999993 -0.00319064 -0.000184184 0.00319082 0.999995 0.0583548 0.0171113 0.0327762
FixedParameters: 0 0 0

#Transform 134
Transform: AffineTransform_float_3_3
Parameters: 0.999998 -0.00172028 0.000147248 0.00172103 0.999995 -0.00277789 -0.000143549 0.00277839 0.999996 0.051612 -0.00135095 0.0415999
FixedParameters: 0 0 0

#Transform 135
Transform: AffineTransform_float_3_3
Parameters: 0.999998 -0.001614 0.000454027 0.00161542 0.99999 -0.00401482 -0.000446748 0.00401583 0.999991 0.0472835 0.0547181 0.0730516
FixedParameters: 0 0 0

#Transform 136
Transform: AffineTransform_float_3_3
Parameters: 0.999999 -0.00131317 0.000199212 0.00131399 0.99999 -0.00417076 -0.00019364 0.00417175 0.999991 0.0495032 0.0619809 0.0561839
FixedParameters: 0 0 0

#Transform 137
Transform: AffineTransform_float_3_3
Parameters: 0.999999 -0.00149901 0.000504311 0.00150188 0.99999 -0.00419024 -0.000497978 0.00419132 0.999991 0.0539079 0.0760935 0.0480744
FixedParameters: 0 0 0

#Transform 138
Transform: AffineTransform_float_3_3
Parameters: 0.999998 -0.00164719 0.00059192 0.00165027 0.99999 -0.00420408 -0.000585138 0.0042056 0.999991 0.0534211 0.0691991 0.0295157
FixedParameters: 0 0 0

#Transform 139
Transform: AffineTransform_float_3_3
Parameters: 0.999999 -0.00174939 0.000653118 0.00175288 0.99999 -0.00414796 -0.000645657 0.00414982 0.999991 0.0527629 0.056375 0.037631
FixedParameters: 0 0 0

#Transform 140
Transform: AffineTransform_float_3_3
Parameters: 0.999999 -0.00173249 0.000688513 0.00173607 0.999991 -0.00399692 -0.000681719 0.00399796 0.999992 0.0510554 0.0498893 0.0430229
FixedParameters: 0 0 0

#Transform 141
Transform: AffineTransform_float_3_3
Parameters: 0.999998 -0.00160213 0.000654699 0.00160464 0.999992 -0.00363407 -0.000648717 0.00363572 0.999993 0.0498495 0.0218078 0.0438874
FixedParameters: 0 0 0

#Transform 142
Transform: AffineTransform_float_3_3
Parameters: 0.999999 -0.0015467 0.000762362 0.00154991 0.999992 -0.00359538 -0.000756898 0.00359688 0.999994 0.0485974 0.0282767 0.0257723
FixedParameters: 0 0 0

#Transform 143
Transform: AffineTransform_float_3_3
Parameters: 0.999999 -0.00161238 0.000758721 0.00161442 0.999992 -0.00341782 -0.000752807 0.00341939 0.999994 0.0478731 0.0126416 0.0617064
FixedParameters: 0 0 0

#Transform 144
Transform: AffineTransform_float_3_3
Parameters: 0.999999 -0.00143931 0.000537076 0.00144081 0.999995 -0.00302067 -0.000533192 0.00302135 0.999996 0.0419541 -0.0179044 -0.0312434
FixedParameters: 0 0 0

#Transform 145
Transform: AffineTransform_float_3_3
Parameters: 0.999999 -0.00143391 0.000484228 0.00143552 0.999993 -0.00344345 -0.000479165 0.00344438 0.999994 0.0469496 0.0154262 -0.046624
FixedParameters: 0 0 0

#Transform 146
Transform: AffineTransform_float_3_3
Parameters: 0.999999 -0.00147423 0.000559772 0.00147598 0.999993 -0.00356345 -0.000554935 0.00356374 0.999993 0.0512753 0.0370878 -0.0682233
FixedParameters: 0 0 0

#Transform 147
Transform: AffineTransform_float_3_3
Parameters: 0.999999 -0.00154199 0.000298831 0.00154334 0.999992 -0.00370362 -0.000292777 0.0037041 0.999993 0.0581451 0.0484255 -0.0886049
FixedParameters: 0 0 0

#Transform 148
Transform: AffineTransform_float_3_3
Parameters: 0.999998 -0.00159626 0.000481815 0.0015988 0.999992 -0.00354537 -0.000475875 0.00354514 0.999994 0.0545069 0.0483415 -0.104314
FixedParameters: 0 0 0

#Transform 149
Transform: AffineTransform_float_3_3
Parameters: 0.999998 -0.00154576 0.000427325 0.00154741 0.999993 -0.003566 -0.000422508 0.00356688 0.999994 0.055789 0.0503142 -0.0963876
FixedParameters: 0 0 0

#Transform 150
Transform: AffineTransform_float_3_3
Parameters: 0.999998 -0.00156878 0.000555643 0.00157083 0.999993 -0.00339622 -0.000549798 0.0033975 0.999994 0.0531066 0.0297238 -0.0986492
FixedParameters: 0 0 0

#Transform 151
Transform: AffineTransform_float_3_3
Parameters: 0.999998 -0.00160004 0.000382429 0.00160081 0.999994 -0.00326708 -0.000376789 0.00326785 0.999995 0.0586159 0.0297184 -0.0855282
FixedParameters: 0 0 0

#Transform 152
Transform: AffineTransform_float_3_3
Parameters: 0.999998 -0.00161874 0.000473111 0.00162012 0.999994 -0.00327238 -0.000467332 0.00327255 0.999994 0.0562627 0.00278862 -0.0663226
FixedParameters: 0 0 0

#Transform 153
Transform: AffineTransform_float_3_3
Parameters: 0.999998 -0.00164833 0.000383193 0.00165005 0.999993 -0.00339374 -0.000377358 0.00339455 0.999994 0.0556008 0.0184556 -0.093864
FixedParameters: 0 0 0

#Transform 154
Transform: AffineTransform_float_3_3
Parameters: 0.999999 -0.00173924 0.000469153 0.00174062 0.999993 -0.00333699 -0.000462344 0.00333817 0.999994 0.0536974 0.0231083 -0.113927
FixedParameters: 0 0 0

#Transform 155
Transform: AffineTransform_float_3_3
Parameters: 0.999999 -0.00179852 0.000497165 0.00179991 0.999992 -0.00339386 -0.000491979 0.00339521 0.999994 0.0591706 0.0153366 -0.111609
FixedParameters: 0 0 0

#Transform 156
Transform: AffineTransform_float_3_3
Parameters: 0.999998 -0.00188582 0.000513281 0.00188776 0.999993 -0.00330836 -0.000506981 0.00330986 0.999995 0.0606021 0.0124871 -0.114793
FixedParameters: 0 0 0

#Transform 157
Transform: AffineTransform_float_3_3
Parameters: 0.999999 -0.00157147 3.2668e-05 0.00157121 0.999991 -0.0039628 -2.6972e-05 0.0039629 0.999992 0.0687307 0.00683924 -0.12641
FixedParameters: 0 0 0

#Transform 158
Transform: AffineTransform_float_3_3
Parameters: 0.999999 -0.00143953 0.000235931 0.00144014 0.999991 -0.00416972 -0.000230166 0.00416996 0.999991 0.0598606 0.0185263 -0.124953
FixedParameters: 0 0 0

#Transform 159
Transform: AffineTransform_float_3_3
Parameters: 0.999998 -0.00155872 0.000347969 0.00156031 0.99999 -0.00424008 -0.000340986 0.00424073 0.999991 0.064156 0.0312492 -0.144748
FixedParameters: 0 0 0

#Transform 160
Transform: AffineTransform_float_3_3
Parameters: 0.999998 -0.00167303 0.000386763 0.0016744 0.99999 -0.00421566 -0.000379734 0.00421653 0.999991 0.0592401 0.0438575 -0.118842
FixedParameters: 0 0 0

#Transform 161
Transform: AffineTransform_float_3_3
Parameters: 0.999998 -0.00157385 0.000477444 0.00157619 0.999992 -0.00389736 -0.000471395 0.00389843 0.999992 0.0545692 0.0334753 -0.117776
FixedParameters: 0 0 0

#Transform 162
Transform: AffineTransform_float_3_3
Parameters: 0.999998 -0.00161465 0.000537867 0.00161639 0.999992 -0.0037007 -0.000531582 0.00370199 0.999993 0.0551053 0.0228012 -0.0965336
FixedParameters: 0 0 0

#Transform 163
Transform: AffineTransform_float_3_3
Parameters: 0.999998 -0.00180825 0.00079777 0.0018121 0.99999 -0.00396221 -0.000791347 0.00396335 0.999992 0.0636788 0.0297648 -0.109468
FixedParameters: 0 0 0

#Transform 164
Transform: AffineTransform_float_3_3
Parameters: 0.999998 -0.00182257 0.00046667 0.00182508 0.999988 -0.00440543 -0.000459063 0.00440671 0.99999 0.0528443 0.0125541 -0.115187
FixedParameters: 0 0 0

#Transform 165
Transform: AffineTransform_float_3_3
Parameters: 0.999999 -0.00149288 0.000455892 0.00149515 0.999986 -0.00507054 -0.000448732 0.00507106 0.999987 0.0399795 0.0469695 -0.136011
FixedParameters: 0 0 0

#Transform 166
Transform: AffineTransform_float_3_3
Parameters: 0.999998 -0.00163222 0.000566344 0.00163555 0.999986 -0.00501999 -0.000557918 0.00502141 0.999987 0.0413915 0.0213736 -0.0721443
FixedParameters: 0 0 0

#Transform 167
Transform: AffineTransform_float_3_3
Parameters: 0.999998 -0.00162001 0.000613984 0.001623 0.999983 -0.00544835 -0.000604633 0.00544949 0.999985 0.0364674 0.0235834 -0.0414716
FixedParameters: 0 0 0

#Transform 168
Transform: AffineTransform_float_3_3
Parameters: 0.999999 -0.00134794 0.000375795 0.0013502 0.999984 -0.0053893 -0.000368416 0.00539038 0.999986 0.0386879 0.00602386 -0.0397125
FixedParameters: 0 0 0

#Transform 169
Transform: AffineTransform_float_3_3
Parameters: 0.999999 -0.00130107 0.000447392 0.00130446 0.999982 -0.00573147 -0.000439648 0.00573271 0.999984 0.0328512 0.0250233 0.0079244
FixedParameters: 0 0 0

#Transform 170
Transform: AffineTransform_float_3_3
Parameters: 0.999999 -0.00119405 0.000453049 0.00119664 0.999985 -0.00518574 -0.00044642 0.00518596 0.999986 0.0317767 0.0211941 -0.0367281
FixedParameters: 0 0 0

#Transform 171
Transform: AffineTransform_float_3_3
Parameters: 0.999999 -0.00134576 0.000379484 0.00134832 0.999986 -0.00505978 -0.000372163 0.00505995 0.999988 0.0381046 -0.0166273 0.00980489
FixedParameters: 0 0 0

#Transform 172
Transform: AffineTransform_float_3_3
Parameters: 0.999999 -0.00126409 0.000779378 0.00126675 0.999989 -0.00453385 -0.00077339 0.00453494 0.999989 0.0331122 0.115194 -0.0321914
FixedParameters: 0 0 0

#Transform 173
Transform: AffineTransform_float_3_3
Parameters: 0.999999 -0.00132022 0.000772918 0.00132392 0.999987 -0.00500238 -0.0007666 0.00500357 0.999988 0.0326062 0.106484 -0.0459413
FixedParameters: 0 0 0

#Transform 174
Transform: AffineTransform_float_3_3
Parameters: 0.999999 -0.00135975 0.000723084 0.00136383 0.999987 -0.00502752 -0.000716841 0.00502864 0.999987 0.0325841 0.0610219 -0.0209055
FixedParameters: 0 0 0

#Transform 175
Transform: AffineTransform_float_3_3
Parameters: 0.999999 -0.00133012 0.000607214 0.00133357 0.999987 -0.00502645 -0.000600434 0.00502721 0.999988 0.0342881 0.0169578 0.0124207
FixedParameters: 0 0 0

#Transform 176
Transform: AffineTransform_float_3_3
Parameters: 0.999999 -0.00122385 0.000566935 0.00122698 0.999986 -0.00509181 -0.000561066 0.00509234 0.999987 0.0275651 -0.00498754 0.0104101
FixedParameters: 0 0 0

#Transform 177
Transform: AffineTransform_float_3_3
Parameters: 0.999999 -0.00121492 0.000462925 0.00121725 0.999985 -0.00534701 -0.000456532 0.0053477 0.999985 0.0322343 -0.0172147 0.0187992
FixedParameters: 0 0 0

#Transform 178
Transform: AffineTransform_float_3_3
Parameters: 1 -0.00112985 0.000228354 0.00113128 0.999983 -0.005741 -0.000221713 0.00574109 0.999983 0.041891 -0.0367445 0.0450034
FixedParameters: 0 0 0

#Transform 179
Transform: AffineTransform_float_3_3
Parameters: 1 -0.00116035 0.000247455 0.00116201 0.999982 -0.00578826 -0.000240362 0.00578889 0.999983 0.0324266 -0.00408779 0.0495597
FixedParameters: 0 0 0

#Transform 180
Transform: AffineTransform_float_3_3
Parameters: 1 -0.00120284 0.000275693 0.00120481 0.999982 -0.00575227 -0.000268193 0.00575299 0.999984 0.0320939 0.0360039 0.0286547
FixedParameters: 0 0 0

#Transform 181
Transform: AffineTransform_float_3_3
Parameters: 1 -0.00117448 0.000256924 0.00117624 0.999982 -0.00577126 -0.000249707 0.00577193 0.999984 0.0325417 0.04303 0.0628144
FixedParameters: 0 0 0

#Transform 182
Transform: AffineTransform_float_3_3
Parameters: 0.999999 -0.00123878 0.000388319 0.0012407 0.999978 -0.00638379 -0.000380039 0.0063839 0.999979 0.0349304 0.105231 0.0859445
FixedParameters: 0 0 0

#Transform 183
Transform: AffineTransform_float_3_3
Parameters: 1 -0.00107094 0.000284194 0.00107206 0.999984 -0.00559432 -0.000278 0.00559498 0.999985 0.0320673 0.0802927 0.0832211
FixedParameters: 0 0 0

#Transform 184
Transform: AffineTransform_float_3_3
Parameters: 1 -0.00108033 0.000198278 0.00108187 0.999983 -0.00560326 -0.000191657 0.00560374 0.999985 0.0367714 0.0865096 0.0697236
FixedParameters: 0 0 0

#Transform 185
Transform: AffineTransform_float_3_3
Parameters: 1 -0.00100666 0.00043955 0.00100882 0.999983 -0.00572704 -0.000433278 0.00572706 0.999983 0.031207 0.0736023 0.0777059
FixedParameters: 0 0 0

#Transform 186
Transform: AffineTransform_float_3_3
Parameters: 1 -0.00114874 0.000241552 0.0011503 0.999984 -0.00568401 -0.000234824 0.00568414 0.999983 0.0399482 0.039334 0.0978231
FixedParameters: 0 0 0

#Transform 187
Transform: AffineTransform_float_3_3
Parameters: 1 -0.00111003 0.000326915 0.00111155 0.999984 -0.00548296 -0.000320531 0.00548283 0.999985 0.0314935 0.0362304 0.0851886
FixedParameters: 0 0 0

#Transform 188
Transform: AffineTransform_float_3_3
Parameters: 0.999999 -0.00121429 0.000351881 0.00121638 0.999984 -0.00547848 -0.000345743 0.00547849 0.999985 0.0386724 0.0142959 0.08626
FixedParameters: 0 0 0

#Transform 189
Transform: AffineTransform_float_3_3
Parameters: 0.999999 -0.00111008 0.000550543 0.00111265 0.999985 -0.00545352 -0.000544518 0.00545388 0.999985 0.0311797 0.00305589 0.0875936
FixedParameters: 0 0 0
